1.000000000000000000e+00,1.525164509192707477e-02,4.409556135098449681e-01,2.228745379258678938e-01,4.882930496333337013e-03,1.758122787311855451e-01,1.949056677574059204e-01,2.134272566621283340e-01,-4.523954782571026206e-02,1.376134146178537576e-01,1.411026505793559205e-01,2.198607716005973045e-01,7.083705223852759802e-02,3.695135237177201715e-01,-2.394982432807993278e-01,-3.527574486756206162e-02,5.658281812714797132e-01,3.002076995929131020e-01,5.923712409255984523e-01,2.950594882761972682e-01,1.629707185227799726e-01,-2.088206390589956996e-01,1.324858497159847603e-01,-1.124706635741566513e-01,-1.358864557174671583e-01,6.886369894130174238e-03,1.722703459354374689e-01,-7.492960919556544697e-02,4.145527501950468929e-01,8.409000151932867484e-02,1.983162248609765532e-01,8.252810626620073198e-02,6.198902860291354705e-03,4.870382817213128601e-02,4.767799263404088328e-01,-5.225115554230564535e-02,2.282745232570327354e-01,1.882132770662031385e-01,1.135930876855740894e-02,7.424866702878468554e-03,2.104904866483381931e-01,1.059094738773343758e-01,-6.301423506287581744e-02,8.089568409877678778e-02,2.393460107093881850e-01,2.037586522623266450e-01,-4.708409835185450865e-02,4.041057856135616966e-01,-1.361274745113914830e-01,-3.465894882251146364e-02,2.009664126518683758e-01,2.845645602837688637e-01,4.252920715732713131e-01,2.707320828968847737e-01,1.891130448311995060e-01,-1.886211850651744737e-01,2.926505873478171468e-02,-1.549583442893254503e-01,-1.106108884366518025e-01,1.000827491974403405e-01,1.116374899272083582e-01,-6.958764428618637032e-02,3.717994720491811234e-01,-1.285074560703461377e-01,2.713846187968400603e-01,1.113603850223677111e-01,8.766407903976274063e-02,-9.808199254120075761e-03
1.525164509192707477e-02,1.000000000000000000e+00,-1.015513642791595061e-01,1.800887812810664790e-01,4.625863825725298056e-02,3.870683908651154082e-02,-9.151336732598328028e-02,-8.054112384101208555e-02,2.814449249411726806e-02,-6.975627742661129338e-02,-1.874302350526949046e-02,2.018817487060007299e-01,-5.283827003168551500e-02,-7.460052792053724346e-02,4.158948327485105512e-02,7.093548876533391223e-02,7.696075907246029135e-02,-1.691787198572720918e-01,6.693711816998679405e-03,1.892865421023758321e-01,1.912126913833651909e-01,1.901913484493603090e-01,2.153187934217411503e-01,1.303297989009276348e-01,1.125383807559728888e-01,1.966843184287330182e-01,2.655188878343233694e-01,1.505615848650881106e-01,1.554967119241790485e-01,1.886919175897140422e-01,-3.284603620253517819e-02,-2.817473069718059997e-02,1.039047807353284808e-01,3.127491563214512826e-01,1.332948560228177093e-01,3.128404188019864307e-01,-1.144441823436440769e-01,1.843394491414152847e-01,-1.021886804410953968e-02,4.112546276360543734e-02,-8.555449532547904079e-02,-7.735989009941503236e-02,1.707526426398291858e-02,-1.149729929975207565e-01,-2.133269994586649981e-02,1.933505382361629665e-01,-8.598550898858718650e-02,-7.929984860173813765e-02,-5.423954782808077836e-03,1.193392264125567592e-01,2.084574765474726254e-01,-1.786030392200042005e-01,-5.655470990949660985e-03,1.843112103827613812e-01,1.769420118225426830e-01,1.948028576647330423e-01,2.024433553620485771e-01,9.492418055199000615e-02,3.822908239056401619e-02,1.322442818506308973e-02,2.341120258595082992e-01,1.241729537738617550e-01,1.541919620374000988e-01,2.160125062741501401e-01,-1.711300661101115561e-01,2.728243488350769533e-02,1.395219105165142748e-01,2.759084904233635727e-01
4.409556135098449681e-01,-1.015513642791595061e-01,1.000000000000000000e+00,6.604734755700586435e-02,-2.187393331875239419e-02,1.159605337781553641e-01,5.877230598076241819e-01,4.139876266788796721e-01,2.776369528222797853e-02,2.210589235392701746e-01,3.674219025012117057e-01,7.670054418137063623e-02,2.286342737715335582e-01,4.530090961090506574e-01,-1.786853862761584588e-01,-1.888680944608287782e-01,6.395812926052153458e-01,7.107453693162917308e-01,6.566845032467434340e-01,1.137733978874284207e-01,-6.535748648916112069e-02,-2.134154165458393704e-01,-1.199168216374244811e-01,-6.911319748956396003e-02,-1.298254555478899619e-01,3.359916125416633759e-01,3.712273640379043504e-01,-1.073959708802294938e-01,3.330973987162264699e-02,1.658153227221667025e-01,3.045448722295405752e-01,-2.959757130223451480e-02,-4.205200764130638535e-02,-1.831306939560814195e-01,1.754195501134020174e-01,-2.196014072457114497e-01,5.652626864119792982e-01,2.427799640273280851e-02,5.163123777046073684e-03,5.518021036088106152e-02,4.261890980109553362e-01,1.626614793645656254e-01,-8.514958014148987092e-03,2.224980687339140617e-01,3.383934374348700480e-01,2.861652951257525820e-02,4.014715666078581130e-02,3.751352051718219172e-01,-5.423857980142443580e-02,-1.687725060861900717e-01,3.525826865916553698e-02,5.307431940293432238e-01,3.877288809705597972e-01,1.149755943686425752e-01,-2.944098771149841927e-03,-3.060967770345919270e-01,-1.855162591799555671e-01,-1.416637021589459700e-01,-7.061788210902081309e-02,3.094683580573834858e-01,1.721985272899513308e-01,-1.159312851288703955e-01,6.599597004970967663e-03,-2.078222752818478236e-01,3.360482491946605310e-01,7.388041935382816394e-02,-3.103314961268304611e-02,-2.853637011262676881e-01
2.228745379258678938e-01,1.800887812810664790e-01,6.604734755700586435e-02,1.000000000000000000e+00,1.839678239906537144e-02,2.644544249085818421e-01,1.278148305104204741e-01,1.216082275199048893e-02,1.067638705847853420e-01,-8.380992465866326504e-04,-4.507078019285788717e-02,9.143215240766802143e-01,-1.962264436185423913e-02,1.070180544083003393e-01,-8.112822207396737373e-02,1.435785491698163274e-01,1.560916084717894614e-01,-8.732360249415571651e-02,9.725371857265578679e-02,8.934340238469428153e-01,4.279733185016157959e-01,2.213098744763171699e-01,3.159608041562367298e-01,2.592741528946616025e-01,4.482300929825126790e-02,1.834173237083771280e-01,2.220468627958060714e-01,4.620899249348744409e-01,8.339731023604762816e-02,2.060245267724329088e-01,1.124979450072082915e-01,-1.433095219582132020e-02,-1.656722819853067782e-02,2.890973181166415773e-01,4.894945610463608682e-02,1.856737367092159141e-01,-2.065440682200220257e-02,9.416254930566334558e-01,-7.945153888758951788e-02,2.544817400418124542e-01,4.685130273851743216e-02,-4.856545263874248453e-02,1.083080816512251021e-01,-1.350089698053498488e-01,2.720846179907250931e-02,9.041150243262651154e-01,-8.290825295835435593e-02,7.665543910597580335e-02,-1.919634961552616273e-02,2.661497962003269713e-01,1.412964687828072441e-01,-1.439798144337926522e-01,3.175793760695885815e-02,8.677567612755013871e-01,4.542072262609565536e-01,2.462034490181398694e-01,2.837417839183818957e-01,2.755410693178499404e-01,-7.111962452302130963e-03,1.208915341261919928e-02,2.000700980648115745e-01,4.240368822216320499e-01,1.114409476880562910e-01,1.930086300771200192e-01,2.255283653714046377e-02,-5.822502731212978594e-02,6.313507920883922042e-02,2.811705587903142733e-01
4.882930496333337013e-03,4.625863825725298056e-02,-2.187393331875239419e-02,1.839678239906537144e-02,1.000000000000000000e+00,6.436443976054558036e-02,-4.914757840267802019e-02,7.002191269206077540e-02,1.805538466163765510e-02,-4.394278245219360862e-02,-3.944735460165931656e-02,1.925925711674735669e-02,6.404976987389562199e-03,-2.338583299945451791e-02,7.150351007630474653e-02,2.776749700702939652e-02,1.985144852763892284e-02,-5.016117058753939706e-02,-2.426561743852220440e-02,-1.247179022023013790e-03,6.381594542216681432e-02,-2.432123407843313906e-02,9.077622727396701674e-02,-2.236650486534924598e-02,-6.406615208637971319e-04,3.716940657671311248e-03,4.128911711642221233e-02,8.241253640365287306e-03,5.719161172443849861e-02,7.585720171894487496e-02,-2.757597586325304106e-02,9.435708053148163243e-02,1.842645114406997117e-02,7.506347696982083872e-02,1.639146844093588087e-02,3.733977524183122038e-02,-4.939333389930558593e-02,1.796150824843054106e-02,4.632484551979022813e-02,2.715867556611451308e-02,-3.279757162035703416e-02,3.330132783516447786e-02,6.404731449106377400e-03,-3.298413565379040152e-02,-5.155602838273279365e-02,2.141145357016141504e-02,-7.460209898906459232e-04,-1.870331652431697286e-02,1.626142982083119901e-02,4.508139864748499093e-02,2.324504042900579770e-02,-5.644346835114032179e-02,-4.660606356078800250e-02,-2.631714243546248114e-03,5.730088292616066642e-02,2.331802804144564659e-02,6.062167255703699437e-02,-1.122183067933501741e-02,-2.362211748359946059e-02,-4.779907415611628352e-02,-1.365773112817089859e-02,1.657361546475097369e-02,4.600896982497292703e-02,6.355150591099670287e-02,-8.069972154605267733e-02,8.609895339910143830e-02,3.930578567950346325e-02,7.494574995894820457e-02
1.758122787311855451e-01,3.870683908651154082e-02,1.159605337781553641e-01,2.644544249085818421e-01,6.436443976054558036e-02,1.000000000000000000e+00,3.551529390032160949e-01,4.374535843427030946e-01,1.728488377763426898e-01,3.131432190318724218e-01,-7.588259033626054695e-02,2.900774448405805672e-01,1.483580683189335836e-01,2.238688685111250021e-01,1.948778992587276437e-01,2.182976532310385576e-01,2.074394535949332027e-02,4.127553084929982963e-02,-1.055187731157062291e-02,2.477557866027113309e-01,1.741090605463016527e-01,7.602585192980469697e-02,2.381445844970694614e-01,1.626432011255048160e-01,-1.782992042373025832e-02,-6.952101151859460537e-02,1.081004402515975682e-01,4.497395003157714233e-01,9.505486501445310765e-02,2.381929601750302217e-01,9.929416000323861013e-02,8.834120478956927758e-02,2.037928461321194054e-02,8.899474104557222875e-02,1.263999090642103085e-01,-2.933875061067216933e-02,6.365589090531538485e-02,2.445199044049790882e-01,5.014391238104051740e-02,6.192655997356786290e-01,1.528220159496637975e-01,4.283965697681133555e-01,1.725899919101202828e-01,3.035531261272284009e-01,-1.037270869374859877e-01,3.124950253077216633e-01,4.915052952728641428e-02,2.555853959340624315e-01,1.797158138471356414e-01,1.832633151829859697e-01,3.913098778663982868e-02,-1.142973986275166581e-01,5.021495147727313146e-02,2.563729996662264532e-01,1.938578893422519267e-01,6.542845338964078938e-02,2.742276570808069303e-01,2.162484197881514025e-01,-1.141304757264834241e-01,-1.405593717926650332e-01,5.083576838845842161e-02,4.660537956306362584e-01,9.298256088439395273e-02,2.569836716372715379e-01,1.918931800884104977e-02,5.330364341223280122e-02,1.161505706113425025e-02,6.922980115281704427e-02
1.949056677574059204e-01,-9.151336732598328028e-02,5.877230598076241819e-01,1.278148305104204741e-01,-4.914757840267802019e-02,3.551529390032160949e-01,1.000000000000000000e+00,4.029605720406353453e-01,5.214265849449633006e-01,1.888041893133022009e-01,3.905159422053416374e-01,1.409910607667056448e-01,5.099121039321430349e-01,5.748354519455344258e-01,1.418179089770298940e-01,-9.441493724339111715e-02,1.719698439567167447e-01,5.074127910536170294e-01,1.897649127258174417e-01,9.258934445065424013e-02,-9.446390557426669055e-02,1.807673948283000653e-01,-2.503705117513380651e-01,5.333996374502446569e-01,2.342181345666549952e-01,1.938934104042220608e-01,3.373632615174574911e-01,1.226100735642620676e-01,-1.148049288242174309e-01,1.056022324298756671e-01,5.598083829450858362e-01,-5.396417062988973640e-02,-6.867930664513260952e-02,-2.482737923784510969e-01,-3.120232786118875765e-02,-2.006946795124256722e-01,2.974421897447319107e-01,1.021586903880039726e-01,1.982829293485521144e-02,2.994174888511629273e-01,5.576124992550552939e-01,1.702274845608127973e-01,4.651035033518601258e-01,2.351665020590715249e-01,1.240076178606898810e-01,1.428687076174288972e-01,4.012591550489197356e-01,4.517283468546811065e-01,2.568498262579083091e-01,-6.576303939829467038e-02,-2.891844593642696748e-01,1.509284439831937996e-01,5.595076585705601596e-02,1.423098736145223253e-01,-4.353489606537838674e-02,5.332144164247126783e-02,-2.136463972695648028e-01,4.320677112899227734e-01,1.900766064158213864e-01,7.434600612223223048e-02,2.099601731702118168e-01,1.130229171048008907e-01,-1.268619404547185747e-01,-1.675867514428821259e-01,4.297263842387524790e-01,4.447425521006225652e-02,-4.718199938102491525e-02,-2.975461052330317657e-01
2.134272566621283340e-01,-8.054112384101208555e-02,4.139876266788796721e-01,1.216082275199048893e-02,7.002191269206077540e-02,4.374535843427030946e-01,4.029605720406353453e-01,1.000000000000000000e+00,1.254498178181017581e-02,1.632524041635361745e-01,-1.940313559534711466e-03,6.002297858608799525e-02,1.201364496762147710e-01,2.827322873701410555e-01,4.413883681328867326e-02,5.271958074925908733e-02,2.614787730576558777e-01,2.930008765484845568e-01,2.385865715797479136e-01,3.974109681551980799e-02,-1.599222376849013250e-02,-1.248089585287282394e-01,1.509202898487653766e-01,-7.816873236084741217e-02,-2.472948170802935774e-01,-7.954492157053782986e-02,9.095532817372940781e-02,3.618553622676130566e-01,1.930016972370359254e-02,3.980018530604742533e-01,1.029167800028319840e-01,1.076072732416819000e-01,-6.791837646116020977e-02,-2.569333513845285799e-02,5.007348853369141678e-02,-2.256073474731264961e-01,2.728747947443018185e-01,-1.327927730924028174e-02,1.119865031132797617e-01,3.305964418231803204e-01,1.772542389737127577e-01,4.780897260020016692e-01,4.019296944971914587e-02,2.099805008797284156e-01,-2.740200596872194999e-02,4.027494600148427695e-02,-5.783059968434878240e-02,2.283968556371456238e-01,9.516608797489045646e-02,2.642309252018071666e-02,3.292527287721759566e-02,7.947207723211546782e-02,1.267080264102371512e-01,4.634719294101882076e-02,3.410886494205932207e-02,-1.745467309563808744e-01,1.076679575113798498e-01,-4.425582292650624000e-02,-2.456154677961399080e-01,-8.553616745756979778e-02,-1.394916366834520471e-01,3.635492138995158329e-01,-2.504686596477620833e-02,2.355999316284890233e-01,5.278968230585252830e-02,8.324129411917474686e-02,-6.395355718509172782e-02,-6.856754582698391942e-02
-4.523954782571026206e-02,2.814449249411726806e-02,2.776369528222797853e-02,1.067638705847853420e-01,1.805538466163765510e-02,1.728488377763426898e-01,5.214265849449633006e-01,1.254498178181017581e-02,1.000000000000000000e+00,6.591762134936512973e-02,2.722260090833867330e-01,1.073681175675288701e-01,5.211490592179728321e-01,2.871386763600941028e-01,2.658816625393788380e-01,3.091541098124055836e-02,-1.959764006974776263e-01,8.764616889583602688e-02,-1.709317055172608624e-01,4.605155011158849898e-02,-5.291818296804896848e-02,3.787921207680660096e-01,-2.271853711457676173e-01,7.241752969337144075e-01,4.742658532539597016e-01,4.399213773694312518e-02,2.621425426198668029e-01,2.970604649740500591e-02,-1.044042591441089463e-01,-1.228005422637391403e-01,4.484697352360067502e-01,-5.928944150862926893e-02,-1.065910209163775917e-03,-1.657368405646114373e-01,-1.277196823969091455e-01,-2.137811349547501585e-02,-1.607472733013510513e-01,8.184725542054335778e-02,3.898250766407477651e-03,1.354206339292151617e-01,1.993437079545088142e-01,-1.069556539479124962e-01,6.097099762845855642e-01,1.014141570690170330e-01,-1.065671543873817489e-01,1.266967216685469244e-01,5.282986385828256637e-01,1.648599433424213223e-01,3.315966666240955374e-01,8.082265556053300215e-02,-4.237183565469774815e-01,-2.321459185767095201e-01,-2.896320027630169824e-01,8.955657217148252358e-02,-5.541608383551686889e-02,2.717520847047611987e-01,-1.741384899199950320e-01,5.765558111450413969e-01,3.541610398457084030e-01,-1.655002324290815174e-01,2.029252097552441958e-01,-3.434726452604828974e-03,-1.418410924603356049e-01,-1.908138408921519757e-01,2.335214048953735411e-01,-1.391713357937126964e-02,6.629609938550827183e-03,-1.879390392196230719e-01
1.376134146178537576e-01,-6.975627742661129338e-02,2.210589235392701746e-01,-8.380992465866326504e-04,-4.394278245219360862e-02,3.131432190318724218e-01,1.888041893133022009e-01,1.632524041635361745e-01,6.591762134936512973e-02,1.000000000000000000e+00,-4.434585435877286264e-02,-6.727915181879134954e-02,-1.012915448454581591e-01,-3.883487006969821992e-02,-1.410935947449531436e-01,4.299442706292718602e-02,7.759113890072440178e-02,9.222740659301119359e-02,1.316599843924632363e-01,2.984587527695041834e-02,9.175850095926828265e-02,1.046731241170554133e-01,9.104320722926893816e-02,-3.431567756919428475e-02,-7.794697466291536370e-02,1.992907331152024564e-01,-8.739907211571355805e-02,1.138799849644651641e-01,6.717079120464045094e-02,-4.426829308667428603e-02,-8.134034027765815744e-02,-2.022913389236337053e-02,4.655026446299642684e-02,-1.273533837517544232e-01,2.120308387732481314e-01,-1.830633930908057150e-02,2.597180798919866418e-01,-7.305685276759408056e-03,1.110449802221815871e-02,2.614836870199723218e-01,1.782469237221656622e-01,3.199237094151167748e-01,6.987975988821555628e-02,8.856705387971394172e-01,2.071000799912979529e-01,-2.616082022125957446e-02,-1.436405604914145762e-01,2.049263142611212341e-01,-3.775447178411834442e-02,5.373943376531035293e-02,1.675239095700127023e-01,2.212629670139012461e-01,2.246251984985991601e-01,1.038590588297109152e-01,1.085223312252799333e-01,4.597268914840987181e-02,1.081720141043427535e-01,2.671775700062848855e-02,-9.424953329361898668e-02,2.613963448089217656e-01,6.621366998031678885e-02,1.826668279532505379e-01,1.070257655922275952e-01,1.980987428331842937e-02,2.380664362824631668e-03,4.568082653760014572e-02,3.047307489972921404e-02,-4.969228272410096403e-02
1.411026505793559205e-01,-1.874302350526949046e-02,3.674219025012117057e-01,-4.507078019285788717e-02,-3.944735460165931656e-02,-7.588259033626054695e-02,3.905159422053416374e-01,-1.940313559534711466e-03,2.722260090833867330e-01,-4.434585435877286264e-02,1.000000000000000000e+00,-5.429188374321239352e-02,4.441281089389008674e-01,2.752401304985975239e-01,4.511167635647750362e-02,-2.133971519703666275e-01,3.137991233969871230e-01,5.018041998890155897e-01,3.688330904166619573e-01,-6.318224909467053119e-02,-1.954389771012136068e-01,8.549976652169606617e-02,-3.486662604570179846e-01,2.057009321820741643e-01,3.605804282893859125e-01,3.061631144561241524e-01,3.502929757160106461e-01,-3.188847092732736144e-01,1.459555277872499890e-02,-1.473004787386472392e-01,3.479275589994935136e-01,-1.180768037165914469e-01,4.655526476216498982e-02,-1.079967861649566291e-01,2.240661962242856617e-02,8.266723433538966138e-04,9.704945896488455237e-02,-8.355175130738334843e-02,-6.050540768032321853e-02,-1.085199183977853116e-01,1.484345825326569834e-01,-1.300626336873555444e-01,1.569090707425493114e-01,2.309159606525540073e-02,4.161151518235709501e-01,-6.848187566640802360e-02,3.065654609931324770e-01,1.285561094129499538e-01,4.479097659743210003e-02,-1.684831527214732394e-01,-1.389935736618126416e-01,3.397050093756905920e-01,1.627274541011241304e-01,-3.806803902148896829e-02,-1.727116612888059122e-01,-5.545103519224890004e-02,-3.287681687448827939e-01,2.258055014255464996e-02,3.069287107817827431e-01,1.317888498706089873e-01,2.355761781934927190e-01,-3.389863315319164849e-01,-1.539169111384583108e-02,-3.749057688225269636e-01,2.798321328956664411e-01,-1.069078148884673174e-01,1.104277515062688543e-02,-2.269574276359133669e-01
2.198607716005973045e-01,2.018817487060007299e-01,7.670054418137063623e-02,9.143215240766802143e-01,1.925925711674735669e-02,2.900774448405805672e-01,1.409910607667056448e-01,6.002297858608799525e-02,1.073681175675288701e-01,-6.727915181879134954e-02,-5.429188374321239352e-02,1.000000000000000000e+00,-1.845251380433802699e-02,1.313647042575861457e-01,-5.774281216469299288e-02,1.417704707579626189e-01,1.512300196105651473e-01,-7.124100645228911843e-02,8.168064749293127425e-02,8.866370673257634172e-01,4.175287333549501656e-01,2.106793705117669113e-01,3.330893249986492943e-01,2.603032848189580917e-01,3.994824226453247418e-02,1.550151414209061385e-01,2.632964775293942239e-01,5.010335933572190870e-01,1.091462494412937384e-01,2.519810407485204018e-01,1.102676946377936923e-01,-4.252242427925095360e-03,-1.399818058346073701e-02,2.966152789413342150e-01,6.085823598254547218e-02,1.736226313559898760e-01,-2.023826889602666976e-02,8.843388352937128216e-01,-5.939100016464135545e-02,2.718700464794236438e-01,4.505916177679598206e-02,-3.568180599358778543e-02,1.232716303737316638e-01,-2.100265316002206117e-01,-1.778140280478358176e-02,9.260838467370313687e-01,-8.848243927376021889e-02,5.801077902314290269e-02,1.385713443698382077e-03,2.521948136664394768e-01,1.188544029860909845e-01,-1.749718253476902352e-01,4.018697406352010962e-03,8.431817510320851472e-01,4.422022075336850544e-01,2.309652155901050219e-01,2.838479183947560935e-01,2.755511553800781277e-01,-1.065755339043532139e-02,-1.867731750888648387e-02,1.711714743216290746e-01,4.527568777134315936e-01,1.242410863231160900e-01,2.319183714003645036e-01,1.830342640893264233e-02,-6.788576579613476991e-02,7.412594629289689929e-02,2.813799227289505156e-01
7.083705223852759802e-02,-5.283827003168551500e-02,2.286342737715335582e-01,-1.962264436185423913e-02,6.404976987389562199e-03,1.483580683189335836e-01,5.099121039321430349e-01,1.201364496762147710e-01,5.211490592179728321e-01,-1.012915448454581591e-01,4.441281089389008674e-01,-1.845251380433802699e-02,1.000000000000000000e+00,4.565956739325578995e-01,2.738375369639133305e-01,-6.009857796651130873e-02,1.968590245687798154e-02,4.204000579044717134e-01,6.611753476833809318e-02,-4.198837381269362318e-02,-2.097709857584796334e-01,5.091866262205727196e-03,-3.440648574251337632e-01,4.112231588530902981e-01,3.820177359265574668e-01,-1.196153577753427122e-01,3.499262818966538680e-01,-2.172968396046769390e-01,-1.036804005537955153e-01,-1.840970764264510118e-01,6.159026485035264953e-01,5.415838207583732744e-02,-2.501103054841403994e-02,-2.207264453027430462e-01,-1.352239689892374697e-01,-1.990689036500452869e-01,-1.484230037419378145e-01,-6.392495587388201395e-02,3.782018425621199581e-02,3.447005479463852162e-02,6.165437834473631862e-02,-1.250091328320473150e-01,3.678298231291055043e-01,-2.876287718397656235e-02,-6.677761021572392597e-02,-1.807850739609973348e-02,6.338051150451344817e-01,1.745783858085452056e-01,2.766927866563166361e-01,-6.333447163342552366e-02,-4.569430497139371217e-01,-5.921939869342873752e-02,-1.839176770389621962e-01,-4.124336322854313397e-02,-1.894251469140607047e-01,-1.144802673694797629e-01,-2.942515160085647508e-01,1.836141475312888516e-01,2.581595479436920026e-01,-3.405880872072845067e-01,9.779458746743507902e-02,-2.472318666331293213e-01,-1.273780785315659636e-01,-3.563221148420126494e-01,3.102740920816293158e-01,4.971003681579218986e-02,-7.464518210849606372e-02,-2.994863184517355670e-01
3.695135237177201715e-01,-7.460052792053724346e-02,4.530090961090506574e-01,1.070180544083003393e-01,-2.338583299945451791e-02,2.238688685111250021e-01,5.748354519455344258e-01,2.827322873701410555e-01,2.871386763600941028e-01,-3.883487006969821992e-02,2.752401304985975239e-01,1.313647042575861457e-01,4.565956739325578995e-01,1.000000000000000000e+00,4.825693191320859499e-02,-2.853777701105867422e-03,2.906819996017451779e-01,5.613371747534027234e-01,3.150889466137755113e-01,1.572111318622962661e-01,-3.284951328752039323e-02,-7.441830414597343235e-02,-1.484942302470679265e-01,2.450309823599189085e-01,7.540117242665313191e-02,-1.085901085071631356e-01,3.804798643534456626e-01,-1.076383467349598111e-01,-5.418411836351216121e-02,1.128920437728055531e-01,5.745693301831008570e-01,1.087140707324938949e-01,-1.172524500507252515e-01,-1.395472846249060928e-01,-5.223382859951415658e-02,-2.331825611467216453e-01,3.975352765527873089e-02,7.697003962523012166e-02,-1.567745887233531338e-02,4.068477626652836077e-02,2.615301635392322521e-01,6.500441645170240181e-03,1.621953758037515680e-01,-6.026648745219330416e-02,-1.775812915873079510e-03,1.043911531265976772e-01,3.100623701953358902e-01,4.730192120692720548e-01,1.168704384316417849e-01,-3.286935440404180342e-02,-2.132406405041997188e-01,1.270014893147152768e-01,7.569319525820417116e-02,1.006038655737122728e-01,-4.462709455052641001e-03,-1.237627604769855338e-01,-1.421584170445112649e-01,7.780775691999676502e-02,4.448666459389127859e-02,-1.984730714197635859e-01,1.457930317389113106e-01,-9.078153046840770068e-02,-1.256188488944708637e-01,-1.988894128085436364e-01,3.007805424682311046e-01,1.043801551039336140e-01,-1.362214262168110479e-01,-1.804905359186448899e-01
-2.394982432807993278e-01,4.158948327485105512e-02,-1.786853862761584588e-01,-8.112822207396737373e-02,7.150351007630474653e-02,1.948778992587276437e-01,1.418179089770298940e-01,4.413883681328867326e-02,2.658816625393788380e-01,-1.410935947449531436e-01,4.511167635647750362e-02,-5.774281216469299288e-02,2.738375369639133305e-01,4.825693191320859499e-02,1.000000000000000000e+00,1.390644429041903996e-01,-2.731182502112654564e-01,-9.738422752911617131e-02,-2.778442417029937106e-01,-1.140610990246296030e-01,-1.040566006148523209e-01,1.192082830743874527e-01,-1.031404185926613898e-01,3.296233790051509849e-01,2.561043842995364694e-01,-7.844408974127750622e-02,6.625324578196853387e-02,1.021975983252051134e-01,-3.541887821895789434e-02,3.368522020709424636e-02,1.077906183857463701e-01,1.557809521696523584e-02,4.879538364952144130e-02,3.178492672963377508e-02,-1.585652524234891503e-01,-2.747546821251445771e-03,-1.349345952956445549e-01,-8.313918202388360934e-02,7.522083904025068934e-02,1.425994793947558958e-01,2.793869275214590914e-02,-1.053495413193787124e-02,2.544622079831482808e-01,-7.174159782402210472e-02,-1.577570740884951250e-01,-5.092933069034748239e-02,3.163260603500501200e-01,2.673102294691935468e-03,3.380261595497123794e-01,1.002443411243246624e-01,-2.039095786489178719e-01,-2.362077322083600828e-01,-1.887684500995796266e-01,-1.002849743659024462e-01,-1.355306128935702958e-01,1.398448875420150450e-01,-2.774381279738821413e-02,3.109317337309056017e-01,2.220688256182375975e-01,-1.718303509993955869e-01,2.206627507996850035e-02,6.546234263149200427e-02,-5.594430014871316220e-02,6.878959574504173169e-02,2.245245270027260501e-02,-2.099634855864678309e-02,1.745732292776197569e-02,-1.058950767024748746e-02
-3.527574486756206162e-02,7.093548876533391223e-02,-1.888680944608287782e-01,1.435785491698163274e-01,2.776749700702939652e-02,2.182976532310385576e-01,-9.441493724339111715e-02,5.271958074925908733e-02,3.091541098124055836e-02,4.299442706292718602e-02,-2.133971519703666275e-01,1.417704707579626189e-01,-6.009857796651130873e-02,-2.853777701105867422e-03,1.390644429041903996e-01,1.000000000000000000e+00,-1.330616160628025624e-01,-2.440451507369146011e-01,-1.514325371007153032e-01,1.652512690733952128e-01,3.910382593246444216e-01,1.513420428006700402e-01,4.303870461954662496e-01,1.138817483497827493e-01,-8.377728585665116315e-03,-7.460103529387923649e-02,6.289704540116604348e-02,2.727675565037121497e-01,7.741639372542891140e-02,2.644483957156247289e-01,-9.593105892576103688e-02,2.568551221042793958e-02,1.142736548600249424e-01,2.796014456635955714e-01,-4.720064771056931702e-02,1.130382083933840487e-01,-1.154932559523875885e-01,1.499630114767549482e-01,-6.876132735345226454e-02,1.505195966592193513e-01,-9.069683244678587719e-02,6.902073452081868010e-02,2.978254580237431684e-02,-1.273273743015521271e-02,-9.746068509998453977e-02,1.376988057285088995e-01,-1.203441211265358045e-02,5.129746255282283118e-02,1.308801432204342585e-01,6.826425718817269450e-01,8.707391546931755877e-02,-2.305738760932805054e-01,-6.035533705002803923e-02,1.554997835485506241e-01,2.658830144191224321e-01,2.683912842403453070e-01,4.143489124034417381e-01,1.502315208688712600e-01,-1.042072076194116431e-02,-9.613572891996470526e-02,9.827219874875492422e-02,3.026402888853162443e-01,6.547780240799007390e-02,3.699975094908339313e-01,-1.258886653009058110e-01,-1.191512185924324327e-02,8.452374829229705733e-02,3.077983820698982909e-01
5.658281812714797132e-01,7.696075907246029135e-02,6.395812926052153458e-01,1.560916084717894614e-01,1.985144852763892284e-02,2.074394535949332027e-02,1.719698439567167447e-01,2.614787730576558777e-01,-1.959764006974776263e-01,7.759113890072440178e-02,3.137991233969871230e-01,1.512300196105651473e-01,1.968590245687798154e-02,2.906819996017451779e-01,-2.731182502112654564e-01,-1.330616160628025624e-01,1.000000000000000000e+00,5.224053506235470934e-01,8.557737445286182076e-01,2.143288654915078140e-01,8.984058524623952935e-02,-2.186405370786679847e-01,1.719234096587488048e-01,-2.642574169211305835e-01,-2.656816078139155879e-01,2.969684448783841968e-01,4.230394569992478315e-01,-7.546632593289363811e-02,1.932990512027912555e-01,3.049258177103243983e-01,1.763607538085880944e-01,-1.736795681782082532e-02,-3.403834926708869391e-02,1.905076058896423008e-01,3.158511575498524349e-01,1.171439189321884893e-02,2.837240470328541986e-01,1.203351835257501223e-01,-3.845024960717694645e-02,-4.096079612414672139e-02,3.332562851994348013e-02,9.203165441241449585e-02,-2.920746093818273881e-01,6.689882372996240611e-02,3.282236369241611773e-01,1.065064661934475854e-01,-2.565952591668707594e-01,1.821846835819758703e-01,-2.103203525262922480e-01,-8.268356154348996401e-02,4.081592626161207882e-01,4.362483675818790707e-01,5.366095385700890841e-01,1.937718096877723284e-01,1.494676761682222632e-01,-2.948121910557577330e-01,5.614540053916277501e-02,-3.768730370010177633e-01,-2.614592834297534418e-01,1.588724665003673486e-01,1.651381368781907888e-01,-6.548578129453468122e-02,1.804035024691374167e-01,-1.350560020480476818e-02,6.702854731022965529e-02,2.739842689343516963e-02,2.200226812630732762e-02,6.575399935559367304e-02
3.002076995929131020e-01,-1.691787198572720918e-01,7.107453693162917308e-01,-8.732360249415571651e-02,-5.016117058753939706e-02,4.127553084929982963e-02,5.074127910536170294e-01,2.930008765484845568e-01,8.764616889583602688e-02,9.222740659301119359e-02,5.018041998890155897e-01,-7.124100645228911843e-02,4.204000579044717134e-01,5.613371747534027234e-01,-9.738422752911617131e-02,-2.440451507369146011e-01,5.224053506235470934e-01,1.000000000000000000e+00,5.923699875590254793e-01,-4.099800623667124860e-02,-1.651908667057891966e-01,-2.725685808879175775e-01,-2.397014384191629988e-01,-1.229452023261621563e-01,-8.265183383701318887e-02,7.633756464837994360e-02,3.637086917019650145e-01,-3.186451789783026900e-01,-6.482016169186537169e-02,-2.585381422407152102e-02,4.372429547222609902e-01,1.392521683447371476e-02,-1.054365852065199394e-01,-2.432588011612620560e-01,3.959517985476661284e-02,-3.068835325312704310e-01,2.074891852837633388e-01,-1.148217894676573231e-01,-3.359968547364448974e-03,-3.396955247480724221e-02,1.598371039503918289e-01,1.864919107532525544e-02,-5.070053698525628372e-02,1.501723533101713692e-01,2.363540883093915301e-01,-1.046588624332130818e-01,1.719908465254710861e-01,2.540222331116430143e-01,-3.192133439777020132e-02,-2.556686148111043666e-01,-1.313762251803680114e-01,5.204525192045842408e-01,2.466245410879508160e-01,-3.897994779691314055e-02,-9.030351282534425372e-02,-4.074823253139521206e-01,-2.705831228848576409e-01,-3.135540805204868331e-01,-1.011532727729076570e-01,-3.882321033688837519e-02,5.685565268532661448e-02,-2.992615341925962125e-01,-6.795221548487745400e-02,-3.694391169233298133e-01,2.457473878316301652e-01,6.766754957666606951e-02,-8.512503807814761347e-02,-3.484025268033788536e-01
5.923712409255984523e-01,6.693711816998679405e-03,6.566845032467434340e-01,9.725371857265578679e-02,-2.426561743852220440e-02,-1.055187731157062291e-02,1.897649127258174417e-01,2.385865715797479136e-01,-1.709317055172608624e-01,1.316599843924632363e-01,3.688330904166619573e-01,8.168064749293127425e-02,6.611753476833809318e-02,3.150889466137755113e-01,-2.778442417029937106e-01,-1.514325371007153032e-01,8.557737445286182076e-01,5.923699875590254793e-01,1.000000000000000000e+00,1.697573101219198299e-01,-1.842251874994937921e-02,-2.899741938805042163e-01,2.692265041252050670e-02,-2.953823005319652917e-01,-2.759512125145975880e-01,2.001329842720127594e-01,3.380934528473180656e-01,-1.751611641113168527e-01,1.679343403103161769e-01,1.849916900972836398e-01,2.052224582467892244e-01,-1.203127360840577920e-02,-4.891491872773923166e-02,7.075385408056492076e-02,3.030586588060988351e-01,-6.026719489734098933e-02,3.063830698228464655e-01,5.960935152899702466e-02,-6.258849970769046756e-02,-7.953992909438434289e-02,6.636638483030501967e-02,6.876730061650912496e-02,-2.835038421778147688e-01,1.367945403598014309e-01,4.199820597206909145e-01,5.185247371018963242e-02,-2.046503086577524388e-01,2.460050082591871412e-01,-2.068243612789669172e-01,-1.372523054854664637e-01,3.453472291767215041e-01,5.478816911490352881e-01,6.141479077831480948e-01,1.599625299307909920e-01,3.357040789858072721e-02,-3.606483204241743845e-01,-7.189341208279516338e-02,-4.081318354417611816e-01,-2.270088201340806078e-01,1.537328105626586672e-01,1.140495253720017338e-01,-1.461516612106871227e-01,1.529209974074614009e-01,-1.308941871730887885e-01,1.614989453246555018e-01,3.804356258072965485e-02,-1.080077682245070368e-03,-3.725914971733160219e-02
2.950594882761972682e-01,1.892865421023758321e-01,1.137733978874284207e-01,8.934340238469428153e-01,-1.247179022023013790e-03,2.477557866027113309e-01,9.258934445065424013e-02,3.974109681551980799e-02,4.605155011158849898e-02,2.984587527695041834e-02,-6.318224909467053119e-02,8.866370673257634172e-01,-4.198837381269362318e-02,1.572111318622962661e-01,-1.140610990246296030e-01,1.652512690733952128e-01,2.143288654915078140e-01,-4.099800623667124860e-02,1.697573101219198299e-01,1.000000000000000000e+00,4.619207513360579775e-01,1.512183334053304740e-01,3.593709278461003631e-01,1.709492561657973975e-01,1.302764466611233901e-03,1.289337680391629271e-01,2.331378910929320925e-01,4.263605249892868376e-01,1.264678938608556902e-01,2.333759074517430809e-01,9.222010442586894841e-02,-5.633523628377669866e-03,-4.667182628832782475e-03,3.038579213415977254e-01,8.707820458350215564e-02,1.667412709392463444e-01,2.952865899761648524e-02,8.639061885918292161e-01,-7.464142031146907275e-02,1.995388686639353870e-01,5.054514772756657504e-02,-3.306872727349732116e-02,5.466815206772428215e-02,-1.154760389036442736e-01,5.310074555531014290e-02,8.615290545044735904e-01,-1.152006822290768118e-01,1.125297235775082338e-01,-4.198175026613665956e-02,2.500179163923192394e-01,1.774431651649141517e-01,-7.299934185058448710e-02,1.130036442073143743e-01,8.976986109228456412e-01,4.793494859108680672e-01,1.919760672756082032e-01,3.128889282292954821e-01,1.980344601523823800e-01,-3.018624800396601734e-02,9.169391318171040556e-03,1.955100405390590157e-01,4.119756453263278551e-01,1.475668478796157701e-01,2.116727779494130823e-01,3.636814236197443567e-02,-3.662203700826897890e-02,7.422676152499886604e-02,3.026403054676075621e-01
1.629707185227799726e-01,1.912126913833651909e-01,-6.535748648916112069e-02,4.279733185016157959e-01,6.381594542216681432e-02,1.741090605463016527e-01,-9.446390557426669055e-02,-1.599222376849013250e-02,-5.291818296804896848e-02,9.175850095926828265e-02,-1.954389771012136068e-01,4.175287333549501656e-01,-2.097709857584796334e-01,-3.284951328752039323e-02,-1.040566006148523209e-01,3.910382593246444216e-01,8.984058524623952935e-02,-1.651908667057891966e-01,-1.842251874994937921e-02,4.619207513360579775e-01,1.000000000000000000e+00,1.707252039452179793e-01,7.365083072004436904e-01,3.581227725636618869e-02,-1.391487660996557074e-02,1.388854729538535615e-01,2.012545866493881674e-01,2.954037303580059337e-01,2.246921331467482963e-01,2.835457953612825488e-01,-8.892816277643515732e-02,2.164899816717818365e-02,1.127182017414090770e-01,5.200849081898092363e-01,1.445159382380112045e-01,2.688605658681365584e-01,-4.911490427364615524e-02,4.261897740028590675e-01,-3.685786811148272085e-02,1.495490413457645773e-01,-4.292411100279795722e-02,2.072833575657243368e-02,-3.181494689375036211e-02,3.966864713884500626e-03,-2.112608874015402260e-02,3.967044737447902869e-01,-1.987219394528807748e-01,-1.560259540846385077e-03,-1.190019959570150776e-01,4.569892445781122414e-01,2.457307807330660621e-01,-1.399834105808293871e-01,1.388979589558570968e-02,4.600464245272050112e-01,8.842275894286646398e-01,3.010053204909464153e-01,6.976924665717735285e-01,7.312458980416833287e-02,-7.703913443177558273e-02,6.038537338917025071e-02,2.301160398603295243e-01,3.174958351187043282e-01,2.782160224045481245e-01,3.703977909281481740e-01,-1.743975791510780915e-01,6.207440371170657584e-02,2.150218401054730943e-01,4.969686898551751719e-01
-2.088206390589956996e-01,1.901913484493603090e-01,-2.134154165458393704e-01,2.213098744763171699e-01,-2.432123407843313906e-02,7.602585192980469697e-02,1.807673948283000653e-01,-1.248089585287282394e-01,3.787921207680660096e-01,1.046731241170554133e-01,8.549976652169606617e-02,2.106793705117669113e-01,5.091866262205727196e-03,-7.441830414597343235e-02,1.192082830743874527e-01,1.513420428006700402e-01,-2.186405370786679847e-01,-2.725685808879175775e-01,-2.899741938805042163e-01,1.512183334053304740e-01,1.707252039452179793e-01,1.000000000000000000e+00,1.005941552240584846e-01,5.856525534700128821e-01,4.130609520498912945e-01,4.090216351239125969e-01,1.681266991861791460e-01,3.218659600074702531e-01,3.145116208344612974e-02,2.077101330807468726e-01,2.065816796651922388e-02,-1.682144934582520124e-01,9.563907200782416351e-02,1.979583955059832368e-01,1.100548814045122781e-02,3.514838532284007000e-01,-1.405443286213347298e-01,2.334685741734200959e-01,-4.588564578269551525e-02,1.543354768785142883e-01,8.563230175563196767e-02,-2.956230179834588162e-02,3.624931070334384553e-01,8.248115874526257274e-02,1.334941502122702003e-04,2.299697741044656463e-01,5.887317411395255606e-02,-3.194158839025114383e-02,9.633997998196536239e-02,2.662802434310906907e-01,7.567792574764871383e-02,-3.078940572570880163e-01,-1.670599890910156593e-01,2.267315979917919611e-01,1.244174520153909641e-01,6.427507443082919325e-01,1.845601091674044791e-01,5.465786485127763772e-01,3.138913407140433987e-01,1.197910648359545582e-01,3.268879654874725094e-01,2.619847590514941538e-01,4.562855779521746147e-02,2.548814772758391523e-01,-1.564036223704187711e-01,-1.323789726902111497e-01,1.303044665208981101e-01,2.396809145061687685e-01
1.324858497159847603e-01,2.153187934217411503e-01,-1.199168216374244811e-01,3.159608041562367298e-01,9.077622727396701674e-02,2.381445844970694614e-01,-2.503705117513380651e-01,1.509202898487653766e-01,-2.271853711457676173e-01,9.104320722926893816e-02,-3.486662604570179846e-01,3.330893249986492943e-01,-3.440648574251337632e-01,-1.484942302470679265e-01,-1.031404185926613898e-01,4.303870461954662496e-01,1.719234096587488048e-01,-2.397014384191629988e-01,2.692265041252050670e-02,3.593709278461003631e-01,7.365083072004436904e-01,1.005941552240584846e-01,1.000000000000000000e+00,-1.621222258811171602e-01,-2.213620233657133396e-01,7.968145822982401760e-02,1.323490956319366141e-01,4.612976727749583117e-01,3.311763010769325777e-01,5.301710645018886670e-01,-2.351710470534353059e-01,5.308340873680693350e-02,1.096198487839830094e-01,5.939966703979130402e-01,2.633404275077083634e-01,2.617418756668634661e-01,-4.783645684896414146e-02,3.248162420042041698e-01,-6.705979239877637652e-03,2.134834972014240939e-01,-1.696793292304194234e-01,1.934317616784784477e-01,-1.847677788329113169e-01,1.743338145182735804e-02,-8.772364766621301713e-02,3.016806973573866180e-01,-3.822086283186877931e-01,-7.687546705679916548e-02,-1.454856114385615073e-01,4.888153644196427394e-01,4.506033896110223091e-01,-1.734538058862207799e-01,8.183835435650989309e-02,3.518836206524236232e-01,7.024435726638184052e-01,2.185767636896781274e-01,8.250130315864833142e-01,-8.022153313609117764e-02,-2.695365216823880083e-01,-1.399413199234816538e-02,1.126033364318083929e-01,4.617975853806532971e-01,3.555472560945880933e-01,6.040010734396676906e-01,-3.144742095560728035e-01,4.910107697484886874e-02,2.238773724377232377e-01,5.861762971951511858e-01
