1.000000000000000000e+00 1.471066536344969311e-01 3.946422230782278273e-01 1.633869515169747988e-01 5.628505292368249369e-02 2.532049526596771849e-01 3.567811832969474684e-01 2.044954494934235201e-01 1.731513716659240365e-01 2.637502268486360268e-01 1.285724402583090786e-01 2.136478769084634299e-01 1.739143494377683868e-02 5.178777647117452920e-01 -2.352647632154786228e-02 2.572598786859556785e-01 5.088688311391375008e-01 2.794088627534168090e-01 4.165949800637702705e-01 1.667159682689500211e-01 3.058555673088689253e-01 2.663389662513613310e-01 3.940937458324743070e-01 2.822674313074629016e-01 -4.395431823316268451e-03 2.971324247419201980e-01 4.441443531018243740e-01 1.626862615968079351e-01 5.044165306341916732e-01 4.381746680308333253e-01 1.128015416524926623e-01 8.675546502622920320e-02 2.288879214089819536e-01 2.254613587335805858e-01 4.358324325193910220e-01 1.308449932280271177e-01 1.720366935443394807e-01 1.814856612029917826e-01 2.179619505857675887e-02 1.428425549769906655e-01 2.178242761800235627e-01 6.671265767176641492e-02 6.006551366974995088e-02 2.612320763550726177e-01 1.106761659190447777e-01 2.006951664287937032e-01 8.677582229325575547e-04 3.125104790651601627e-01 -4.807932286647868814e-02 2.374679724182731655e-01 2.679302488853519404e-01 1.124198733760805313e-01 2.218597878446994520e-01 1.884871613531888535e-01 3.031926650191995032e-01 1.888158028802116584e-01 3.002469412776432867e-01 2.217508013653135268e-01 3.904932497382999912e-02 1.551519859829605941e-01 3.421697050499280524e-01 1.494879792830876297e-01 3.782964173676098829e-01 3.118363642854779516e-01 9.643281816530781259e-02 2.565314182878534327e-03 2.135062113254218574e-01 1.785937606059807559e-01
1.471066536344969311e-01 1.000000000000000000e+00 6.823986503170417425e-03 3.805658807488804252e-01 1.111945842515740246e-01 3.220306376979726881e-01 2.250659353145474662e-02 2.692635087996972931e-01 -2.893440309226741336e-02 2.761933885618903517e-01 2.368657545425172095e-01 3.675755195048935886e-01 2.765352866645316363e-02 -2.136736659931996740e-02 2.378392388570076121e-02 2.422029010346204159e-01 3.357771697261084931e-01 -7.092078397906881326e-02 2.303985394296117484e-01 3.679500365504339010e-01 3.125276382827856247e-01 3.177191953954815462e-01 4.238717534443308121e-01 1.423724711189543468e-01 5.328803040855401713e-02 2.407707895972291123e-01 2.534450534033076963e-01 4.189269222203697018e-01 2.830784275411152850e-01 4.489640827036481263e-01 -8.522538994814227165e-02 8.645218715849087993e-03 2.649973044410424139e-01 3.919538711475937243e-01 2.334907103412482976e-01 4.571423555636676128e-01 7.573663313585481116e-02 3.583647110944446768e-01 5.328021717128837015e-02 2.631766492771655530e-01 4.356506861625169397e-02 2.338282425890577665e-01 3.514198383182147445e-02 2.356043058841275906e-01 1.745382988401167623e-01 3.380788356620672563e-01 -1.331640160208778512e-01 4.381639730540548561e-02 2.722430258578491941e-02 2.542094572656493634e-01 3.911746043826733743e-01 -5.655176727542894632e-02 3.597371225292705921e-01 3.086832007739871431e-01 2.212645199907890547e-01 3.433595368168336215e-01 4.168614735760942103e-01 1.158631240620819625e-01 1.253025238336933495e-02 1.896454942600565574e-01 2.524986960497023758e-01 4.183537639867099811e-01 2.527649791266527446e-01 4.876433559123709571e-01 -2.110148782736721296e-01 -4.218691835915913679e-02 2.431656593624509366e-01 3.663235119280601748e-01
3.946422230782278273e-01 6.823986503170417425e-03 1.000000000000000000e+00 1.175262863842546079e-01 4.247167635680332287e-02 2.714918487204001085e-01 8.087356559550843427e-01 2.960618734897063065e-01 5.133586617685027553e-01 2.734819462244644228e-01 1.399038754109138694e-01 2.602700941018339376e-01 1.124803147569682499e-01 7.333838660313568569e-01 1.293423386255494745e-01 8.055569165783177388e-02 3.967178828106665001e-01 5.249277005758339332e-01 3.112946570274444658e-01 1.640707420593200960e-01 1.025707098580802279e-01 3.656481360706336781e-01 1.994073982293830261e-01 6.007623124086513000e-01 1.669854141680023329e-01 6.064793794391646342e-01 6.815767843493721889e-01 2.284269106029123975e-01 2.435755649699296865e-01 3.795251569346812515e-01 1.500845995056228344e-01 7.935577398084722733e-02 7.889118591850369233e-02 4.536633656248832691e-02 2.483796209630884100e-01 3.289164580898309292e-02 6.380145745170258120e-01 1.307867652928351443e-01 7.171026426447602020e-02 1.948312980647549097e-01 6.585390540336163445e-01 2.549571458879480446e-01 3.550856331261081911e-01 2.762982961488680278e-01 1.886176458385153687e-01 2.319871711174923967e-01 1.334255898553032837e-01 6.157365197486310837e-01 9.704626196176611985e-02 2.398439845328316500e-02 8.757236550670689790e-02 3.758989301684705353e-01 4.182200025135985461e-02 3.079382405122652044e-01 1.603931141933191973e-01 2.689844871864087161e-01 5.710722901020957865e-02 5.321421227495350958e-01 1.741676921570380343e-01 4.563056529460439159e-01 5.761610072511453851e-01 2.055377886907683305e-01 2.121012882797606580e-01 1.884403189198180506e-01 1.858991807492468840e-01 4.731403072457029957e-02 1.450947093904572938e-01 -6.866630801741640394e-03
1.633869515169747988e-01 3.805658807488804252e-01 1.175262863842546079e-01 1.000000000000000000e+00 1.154859372368543247e-01 5.028012183080224906e-01 1.254367352111893374e-01 2.393199859302575228e-01 1.509584978872788030e-01 6.597094496592461610e-01 2.078770845158049441e-01 7.593720697882641035e-01 6.970821919718724058e-02 8.162067473589582067e-02 5.446624126113286390e-02 3.695135137865234731e-01 3.024372784956618210e-01 -1.726245335721163926e-02 1.404848806866328959e-01 8.426406720989574328e-01 4.698595780873434657e-01 4.117970677854776440e-01 5.474624350919420346e-01 3.417633408761290847e-01 7.913859820574739579e-02 2.721802868863361091e-01 2.986918419362235011e-01 5.825364932007927044e-01 3.675690562921980487e-01 4.016660000045438883e-01 -4.086882666064951125e-02 5.994528534817163135e-02 3.415656131127592920e-01 3.574361010858403409e-01 2.652678334309863661e-01 3.848993056161887361e-01 1.580025661889575828e-01 8.695475189555135209e-01 7.536802587685051402e-02 4.458828934869087934e-01 1.316356993999207303e-01 2.072828842892168733e-01 1.426283155884521259e-01 6.117658402787449212e-01 9.680901900593105736e-02 7.635123839805870727e-01 -1.008863662453993448e-01 1.236175805734477662e-01 8.021007387093244401e-02 3.792720273425391753e-01 2.606418603017839342e-01 -5.126184086991744659e-02 2.258860313690660149e-01 7.552788431376128431e-01 3.960534797424979381e-01 4.160685329670976706e-01 5.602682491514029417e-01 3.160676284491694688e-01 1.396391530353800065e-02 2.492601573919023816e-01 3.050069542144838164e-01 6.260070864479707620e-01 3.841426646608483431e-01 5.124734613564942975e-01 -1.356395458590397562e-01 -8.136312995677684110e-03 3.477401593283935277e-01 3.465984652637729146e-01
5.628505292368249369e-02 1.111945842515740246e-01 4.247167635680332287e-02 1.154859372368543247e-01 1.000000000000000000e+00 1.790954918965313170e-01 6.668188953438497490e-02 1.691929712748111991e-01 3.754316059846878745e-02 1.217598910226117825e-01 7.873382522664520988e-02 1.281992282259767635e-01 7.813692940997615799e-02 5.046233662446074353e-02 1.087472522714854617e-01 9.935350847995785828e-02 8.914380644722422198e-02 4.499449406005891910e-02 8.476243089521505458e-02 1.078840521170223304e-01 1.367603001514572647e-01 1.026492574460070584e-01 1.638569856789469092e-01 7.002989473943133092e-02 2.217544729957334620e-02 7.191429121419924686e-02 9.431042064333339248e-02 1.494347660846572223e-01 1.124601230499386595e-01 1.393768019264141622e-01 -1.609649491367511412e-02 9.021454918349566809e-02 9.207364636026774130e-02 1.211595289687177612e-01 3.934895914248984217e-02 1.005507734214104443e-01 6.804254995505643056e-02 1.130260418629097374e-01 6.494661946677444953e-02 1.629613940976711584e-01 6.425181356581131931e-02 1.421594839776956221e-01 4.960806492180708238e-02 1.147828706934466841e-01 3.948950964598854640e-02 1.189772661898747114e-01 1.223588196025703068e-02 5.881072085352648249e-02 4.954429170162408247e-02 8.946540484028056572e-02 9.502233350040524551e-02 4.781589938448731203e-02 8.268001991165056797e-02 1.035405100754723945e-01 1.158669289888052817e-01 1.071372372952878321e-01 1.530471972447740858e-01 8.423083704398065530e-02 -8.949848202077965303e-03 6.926973327074138764e-02 9.108831906951571356e-02 1.552476818532368963e-01 7.503803142946315063e-02 1.539276533610188513e-01 -3.685971371412912617e-02 4.441753796188848032e-03 1.005677560639703927e-01 1.131238656194626935e-01
2.532049526596771849e-01 3.220306376979726881e-01 2.714918487204001085e-01 5.028012183080224906e-01 1.790954918965313170e-01 1.000000000000000000e+00 3.424443273841610846e-01 4.442877576505477322e-01 2.486354783459950313e-01 6.196448165755017445e-01 1.679954784091600983e-01 5.897486277231475116e-01 2.005494962218116739e-01 2.463048404239472355e-01 2.366985520384432828e-01 3.075933010135969981e-01 3.473319021112588056e-01 1.501778786397274246e-01 2.709157325953914230e-01 5.189023742655828331e-01 3.898940505080878971e-01 4.139472727736488444e-01 5.125391008264658099e-01 3.992088444714770312e-01 9.240193271409119502e-02 2.551952452277185257e-01 3.597942780276446317e-01 5.531774171784713534e-01 3.751979542722622130e-01 4.371823267532473078e-01 1.192859723712216477e-02 1.488534108025581781e-01 2.690245901160942532e-01 3.334183906084127735e-01 2.484020712720310664e-01 2.549193652332640281e-01 2.479199563311774157e-01 4.948492148126594770e-01 1.149179242620403801e-01 6.264859284112866966e-01 2.943159442649320168e-01 3.979735044576454550e-01 2.310998010775589806e-01 5.598295371917549890e-01 1.693132423248720486e-01 5.556142711413571966e-01 2.666676045197419534e-02 2.505552047293148066e-01 1.824367622368225639e-01 2.976923660918067704e-01 2.924529674049294869e-01 6.416596546655328748e-02 2.619821799028994036e-01 5.321551566734814553e-01 3.276615438956824722e-01 3.716292230245524797e-01 4.577394669069538846e-01 3.972365768922132001e-01 4.211030533438936407e-02 1.902531779510800436e-01 3.297770130820494305e-01 5.547092754053563057e-01 3.182072209446799582e-01 4.570653193783615897e-01 -6.164365619597647616e-02 8.363987631609029472e-02 2.588685926314108210e-01 3.156862384443432923e-01
3.567811832969474684e-01 2.250659353145474662e-02 8.087356559550843427e-01 1.254367352111893374e-01 6.668188953438497490e-02 3.424443273841610846e-01 1.000000000000000000e+00 3.966199732240269782e-01 6.130090131638838979e-01 3.388340874190413077e-01 1.514414407988823874e-01 2.752563712607001833e-01 1.910146761819487282e-01 7.714248234669848214e-01 2.176414342687556791e-01 9.102012754153523955e-02 3.277733182916922061e-01 5.576249063650486892e-01 2.821133586532952320e-01 1.813043441175829218e-01 9.989219566033476216e-02 4.275752817015533447e-01 1.665455921396176708e-01 7.137603621761929862e-01 2.222230632100017089e-01 5.811388535807999745e-01 6.615221834333142592e-01 3.048416730152568310e-01 2.135836265505104414e-01 3.879833369167179358e-01 1.571480755569605037e-01 1.168676706945554061e-01 4.696406033187491835e-02 2.320000168120909048e-02 2.552376172393289733e-01 2.644967743981492883e-02 6.831168555391509134e-01 1.444858036314245753e-01 1.018295947823852909e-01 2.710957308766724916e-01 7.864953673901269315e-01 3.849148595222864344e-01 4.772492781326607147e-01 3.361543399797953802e-01 2.048694696935515203e-01 2.480924005154088730e-01 2.144881487729601022e-01 6.922875947312612244e-01 1.704176655083363690e-01 1.262463000624898177e-02 6.826977302660980351e-02 4.032403073725421283e-01 6.815876707970565385e-02 3.612311999039307109e-01 1.562896111821857614e-01 3.318424325431448274e-01 4.746124463112794123e-02 6.573350009517207049e-01 2.360216098571858434e-01 4.572587012883343460e-01 5.911333294713789765e-01 2.700338085408209299e-01 1.709792748610147184e-01 1.959476683822401200e-01 1.831853830545230877e-01 8.448640552863558029e-02 1.111294450659088967e-01 6.282990007061631244e-04
2.044954494934235201e-01 2.692635087996972931e-01 2.960618734897063065e-01 2.393199859302575228e-01 1.691929712748111991e-01 4.442877576505477322e-01 3.966199732240269782e-01 1.000000000000000000e+00 1.162235281755334138e-01 3.640136134851170713e-01 2.024548247353992469e-01 2.943281027328178978e-01 3.944817711051734621e-02 2.347484690807753460e-01 9.739303374993257822e-02 1.552188553659505088e-01 3.825268950577140892e-01 2.616973823829819579e-01 3.514848679774874585e-01 2.576812940818615782e-01 2.169646119897613024e-01 3.136942466871893154e-01 4.011714957758287792e-01 2.007148398475965823e-01 -1.479776651571022145e-02 5.051356256645256337e-01 2.770268358624569105e-01 6.001757738207176285e-01 2.099217903391157880e-01 6.019414200722172925e-01 -1.301610447313226449e-01 6.166352626117227453e-03 1.065146018664431260e-01 2.471901392484673887e-01 2.020765795087124950e-01 2.488395028586488922e-01 3.656986423882769288e-01 2.171815604616150197e-01 1.084925659220614125e-01 3.482802322788857707e-01 3.711518633382239196e-01 5.944423002696548330e-01 1.487487023500068950e-01 3.473392230443966278e-01 2.587915963829978128e-01 2.390581434177249665e-01 -1.163527339134438066e-01 2.353175305203801804e-01 2.907756875988296713e-02 9.314510835134863498e-02 3.796993331190369192e-01 2.681059552497094267e-01 3.016385512179548534e-01 3.212538959118520498e-01 1.470512607813472816e-01 2.823425920858123606e-01 2.734966282172924812e-01 1.765442251662338036e-01 -5.419485725444474211e-02 3.952442340374613949e-01 2.488071832561787600e-01 5.533289384295504432e-01 1.283787405208613730e-01 4.882392539062426762e-01 -2.469863671043460163e-01 -3.181095058659859365e-02 1.287872414704084867e-01 2.243652034766372982e-01
1.731513716659240365e-01 -2.893440309226741336e-02 5.133586617685027553e-01 1.509584978872788030e-01 3.754316059846878745e-02 2.486354783459950313e-01 6.130090131638838979e-01 1.162235281755334138e-01 1.000000000000000000e+00 2.545712395422140562e-01 8.802281207097334415e-02 2.205157106446212212e-01 3.080232123100770658e-01 5.042952982437924891e-01 2.440061263176983575e-01 1.721015626097138207e-01 4.865716066862503519e-02 2.713000371331234506e-01 1.792249475700291930e-02 1.735127748360103805e-01 1.586320433424402987e-01 3.548171306651621837e-01 1.133587328348780870e-01 6.817446678193946896e-01 2.803710346376805940e-01 2.594467275624962044e-01 4.806418809465956565e-01 1.163892434676173371e-01 1.894334356546366338e-01 4.603059416246817193e-02 1.895864844822533202e-01 1.527920019676257124e-01 7.397653768810229236e-02 -1.166222412763474880e-02 7.032811579844838734e-02 -3.467942076598888590e-02 3.990031398057484746e-01 1.807906606506695379e-01 9.293681916711524216e-02 2.512765187762677210e-01 5.010483822677572752e-01 1.948714573416592821e-01 4.987813703551667865e-01 2.463225907602986653e-01 5.944599080547846581e-02 2.302800570458173324e-01 3.195380074152985306e-01 4.580074332490567945e-01 2.190632580231661741e-01 1.117297338994919509e-01 -1.438878774703370722e-01 1.307133442368978993e-01 -1.078178435441775468e-01 2.754968188937188533e-01 2.315475643872793032e-01 2.781535537650324241e-01 9.134912334188605154e-02 6.095296538435883704e-01 2.678294328386748857e-01 1.861127455815562159e-01 4.170804999717416250e-01 1.164727511571562735e-01 1.810575522644166102e-01 5.356570373262283663e-03 2.355909313330639132e-01 1.365418673074693667e-01 1.079209469255608816e-01 -1.201842665631270082e-02
2.637502268486360268e-01 2.761933885618903517e-01 2.734819462244644228e-01 6.597094496592461610e-01 1.217598910226117825e-01 6.196448165755017445e-01 3.388340874190413077e-01 3.640136134851170713e-01 2.545712395422140562e-01 1.000000000000000000e+00 1.601536010908900243e-01 6.228763914769313015e-01 1.105745169543126405e-01 2.488162028344352572e-01 1.030890880130677228e-01 3.350923723025025502e-01 3.351689961976060950e-01 1.063592237359141657e-01 1.919843120643242584e-01 6.273666372486065290e-01 4.126803224376737744e-01 4.039806683162513457e-01 5.215464344572605659e-01 3.942323108448234636e-01 1.077684484591887731e-01 3.247882535543477056e-01 3.460940090509520561e-01 5.816574898352384615e-01 3.578850370124045388e-01 4.495124682219084344e-01 -1.833018959001070022e-02 7.722280108196395709e-02 2.495974370139330822e-01 2.806408335850493208e-01 3.178044747567038697e-01 2.692071871167683317e-01 3.129358373859946751e-01 6.696691929981994917e-01 8.078127479564642388e-02 5.299116543070692131e-01 3.267603729142476987e-01 3.332740745811777483e-01 2.192872964200349439e-01 9.066391696748705709e-01 1.607498882922004102e-01 5.914506436993475225e-01 -1.720259177692452790e-02 2.688478880815730054e-01 1.091039113351657402e-01 3.196893298010941020e-01 2.677442664371146308e-01 8.553710043314818878e-02 2.264706574828647678e-01 6.905556271482387043e-01 3.832070060187835470e-01 4.142828526619237728e-01 4.909414088283191591e-01 3.958433038021497152e-01 4.768907053112752398e-02 3.222802573417816174e-01 3.599189608420221287e-01 6.101589425062581284e-01 3.551654548074316131e-01 4.988572082853742207e-01 -5.794980565761337354e-02 5.889385437045704247e-02 2.796712727029862511e-01 2.941934702935896095e-01
1.285724402583090786e-01 2.368657545425172095e-01 1.399038754109138694e-01 2.078770845158049441e-01 7.873382522664520988e-02 1.679954784091600983e-01 1.514414407988823874e-01 2.024548247353992469e-01 8.802281207097334415e-02 1.601536010908900243e-01 1.000000000000000000e+00 2.079852628265537740e-01 8.431839160658549659e-02 1.510105782566943666e-01 3.890029897928350827e-02 5.024390336941744750e-02 2.752250612557809450e-01 1.720930671521941902e-01 3.082347755113943322e-01 1.891791756958245141e-01 7.756400518250070042e-02 2.234100831282426203e-01 1.766637073120839452e-01 1.862829590666590929e-01 8.454015251023697108e-02 2.875915703604496887e-01 2.292432317692478239e-01 2.286784325186973499e-01 1.437056968953777658e-01 2.963957305698265987e-01 -1.933318173442083107e-02 4.486307437949134391e-02 1.081513069085402179e-01 2.017807132234487877e-01 2.289495069437610941e-01 2.611579046161330853e-01 1.510816563363559240e-01 1.925398866041033719e-01 5.305717125957819247e-02 1.321767252391988501e-01 1.735419963672662491e-01 1.515727712708396235e-01 5.074814617439335485e-02 1.573270882504814172e-01 2.054482820679299215e-01 1.826090318781174726e-01 -5.015218085506457230e-02 1.810739112623017122e-01 2.046176191943668843e-02 5.354586469322156206e-02 2.854370133116704289e-01 1.160857840508135452e-01 2.882864022540500004e-01 2.210629423732382304e-01 3.974762073546440899e-02 2.158148097927806153e-01 1.440298485367578762e-01 1.451932231894446645e-01 7.515846907536760657e-02 2.271669697735849702e-01 2.251025271074939826e-01 2.282920051024570351e-01 1.121620363981318119e-01 2.822921847841548537e-01 -8.896791754375345251e-02 -3.119115691164849394e-02 1.092464654862276285e-01 1.736416492924402755e-01
2.136478769084634299e-01 3.675755195048935886e-01 2.602700941018339376e-01 7.593720697882641035e-01 1.281992282259767635e-01 5.897486277231475116e-01 2.752563712607001833e-01 2.943281027328178978e-01 2.205157106446212212e-01 6.228763914769313015e-01 2.079852628265537740e-01 1.000000000000000000e+00 1.097210761981790017e-01 2.009173118493860211e-01 1.503771979727602792e-01 3.502308995958092197e-01 3.520796555818084816e-01 9.312106842364099857e-02 2.135224044754364670e-01 8.167286586138707838e-01 4.631914728461909436e-01 4.345064826046867723e-01 5.460510662638363710e-01 4.100814427815530627e-01 8.976269527445945862e-02 3.011476114309187269e-01 3.956078234822897888e-01 5.443511872696422671e-01 4.078363999410676843e-01 4.533065540173758512e-01 -7.336060853340469617e-03 8.399842522647271714e-02 3.641879931185310615e-01 3.659034365978612868e-01 2.778857925808261298e-01 3.505848758136107524e-01 2.614653962763670014e-01 7.526967981958966325e-01 8.470605198659006407e-02 5.096148001511437986e-01 2.666070393320538190e-01 2.583507516112034108e-01 2.068003418327342413e-01 5.399536796478582312e-01 1.603667204558527071e-01 8.225546026980382619e-01 -6.025656001771523967e-02 2.348160504598238996e-01 1.328021347808168717e-01 3.431546361029328418e-01 2.885200713529273986e-01 5.806635385048534298e-02 2.521394564075873923e-01 7.656596818486494094e-01 3.984677401906911443e-01 4.256567167784724437e-01 5.187587081409064105e-01 3.922031902416328597e-01 3.673817570674436928e-02 2.701206517422953812e-01 3.879955616926101247e-01 5.731723833139803492e-01 3.765181605929493469e-01 5.040277012681363411e-01 -8.061099605104890542e-02 9.703863514272211693e-03 3.453686456577342856e-01 3.408306703001983129e-01
1.739143494377683868e-02 2.765352866645316363e-02 1.124803147569682499e-01 6.970821919718724058e-02 7.813692940997615799e-02 2.005494962218116739e-01 1.910146761819487282e-01 3.944817711051734621e-02 3.080232123100770658e-01 1.105745169543126405e-01 8.431839160658549659e-02 1.097210761981790017e-01 1.000000000000000000e+00 1.310770976442095226e-01 2.242589724496833192e-01 1.523890233472291744e-01 -7.204324895442536236e-02 2.917244698213584952e-02 -6.528461899469648055e-02 9.373439704455872878e-02 1.455942122089941004e-01 1.449387744816115764e-01 9.361079854681556012e-02 3.122185072137235728e-01 2.948541025295380869e-01 -5.657430966706870901e-02 1.896953106088614116e-01 6.671756406994568123e-02 1.237954846434716205e-01 -8.044994462482592257e-02 1.573719802224925191e-01 1.640843818736643367e-01 6.313676481183597144e-02 4.859832091804912324e-02 -2.619876464244727185e-02 -4.305156544410020103e-02 6.945014704612605116e-02 9.452945556908046165e-02 6.022201039797402122e-02 2.344002469075419093e-01 1.244213605446413962e-01 1.007612868434572539e-01 2.479846212747187084e-01 9.760327987458625176e-02 -9.227251263453143532e-03 1.115303985789532076e-01 2.963375630608560130e-01 1.250471399951619822e-01 1.881735248520391424e-01 1.345182654898484098e-01 -1.079071513385607972e-01 -5.899312521890607425e-02 -6.648008748242240085e-02 9.233396129416616971e-02 1.660727905250881653e-01 1.175906116634377191e-01 1.062601207779926282e-01 2.982499666628574686e-01 1.794026109855847428e-01 -9.428872115177786006e-02 1.109090504019952794e-01 6.165045428114246384e-02 1.034163230139290290e-01 -5.032039512768660822e-02 1.074394641630298936e-01 1.305130152480774575e-01 8.034897208255120660e-02 2.670575310940301317e-02
5.178777647117452920e-01 -2.136736659931996740e-02 7.333838660313568569e-01 8.162067473589582067e-02 5.046233662446074353e-02 2.463048404239472355e-01 7.714248234669848214e-01 2.347484690807753460e-01 5.042952982437924891e-01 2.488162028344352572e-01 1.510105782566943666e-01 2.009173118493860211e-01 1.310770976442095226e-01 1.000000000000000000e+00 9.643940522757865619e-02 1.025890727784570383e-01 3.778765311670330140e-01 5.642613651898172877e-01 3.471104444146090873e-01 1.155787754492957897e-01 1.359628750020628885e-01 3.477469518955421668e-01 1.627424040723950971e-01 5.565291350513612567e-01 1.754413936806775154e-01 4.537254471652830690e-01 6.574873508084281282e-01 8.689164774359521559e-02 3.113637799841893483e-01 3.234588259217372475e-01 2.214807895294299556e-01 1.620230037651853583e-01 1.015515271919085472e-01 4.132691856571574229e-02 2.962250477839125096e-01 -1.495405080059473805e-02 4.834541767815727642e-01 1.111216013469807085e-01 6.989720956922276796e-02 1.556148709994105706e-01 5.788172000547127105e-01 1.556308660639140196e-01 3.202638086639703063e-01 2.469021945937650564e-01 1.659031062356138286e-01 1.946227311658504655e-01 1.898117749655676145e-01 6.758380729908788354e-01 4.295396663958366001e-02 3.768790838848756763e-02 4.028665496785148459e-02 3.611449992441563284e-01 5.613843482425859982e-02 2.325672525737813578e-01 1.833121620385537442e-01 2.336585120374831126e-01 4.742731143954879991e-02 4.836898089768528197e-01 2.319454904454242572e-01 3.130035152591770231e-01 5.503610742111391119e-01 8.502461930148449976e-02 2.259222341877757390e-01 1.435994847254001838e-01 2.915695579096640455e-01 7.769438193491567946e-02 1.529314515217146120e-01 1.032005276281774270e-03
-2.352647632154786228e-02 2.378392388570076121e-02 1.293423386255494745e-01 5.446624126113286390e-02 1.087472522714854617e-01 2.366985520384432828e-01 2.176414342687556791e-01 9.739303374993257822e-02 2.440061263176983575e-01 1.030890880130677228e-01 3.890029897928350827e-02 1.503771979727602792e-01 2.242589724496833192e-01 9.643940522757865619e-02 1.000000000000000000e+00 8.268793550727500385e-02 -4.703475830314916145e-02 6.577089675757565035e-02 -3.019367814283289292e-02 8.689955943387904502e-02 8.007433683773278188e-02 1.058099792001894329e-01 4.718283653327160626e-02 2.756154932408008684e-01 1.795110325043762778e-01 -1.004403812651461468e-02 1.262005797575363741e-01 9.232409292744539475e-02 6.935549756595037196e-02 -2.826615421809458573e-02 4.132242808135602741e-02 9.851502126237132728e-02 3.883421751383257098e-02 1.195155399786183847e-02 1.476030077279428740e-02 -2.962443672684117544e-03 1.698619791451282390e-01 7.542608781027057563e-02 7.684164440727012102e-02 2.305983760446157771e-01 2.319947449683829876e-01 1.652222522969218343e-01 2.273166307124252494e-01 6.946629351528824103e-02 1.804214286699504927e-02 1.398579938732383288e-01 1.952985786708398841e-01 1.659278270008047729e-01 2.588105492917875949e-01 4.178115122498667761e-02 -5.115677326753380327e-02 3.738634336557920823e-02 1.178030591163230570e-02 1.148568755347055825e-01 9.293470541547740882e-02 1.309318199187382847e-01 5.148355772581449108e-02 3.023623557721831223e-01 1.023696392364861901e-01 7.153231819036825687e-03 1.323223797521995981e-01 8.584611255795578100e-02 3.944908544916297943e-02 3.411644163836871288e-03 3.377340697188486313e-02 8.301520251846435106e-02 3.883851338344108256e-02 1.249485100095161505e-02
2.572598786859556785e-01 2.422029010346204159e-01 8.055569165783177388e-02 3.695135137865234731e-01 9.935350847995785828e-02 3.075933010135969981e-01 9.102012754153523955e-02 1.552188553659505088e-01 1.721015626097138207e-01 3.350923723025025502e-01 5.024390336941744750e-02 3.502308995958092197e-01 1.523890233472291744e-01 1.025890727784570383e-01 8.268793550727500385e-02 1.000000000000000000e+00 1.860995640868086665e-01 -2.476002289813400078e-02 4.605379507856496857e-02 3.630223086731085291e-01 6.875666920926897241e-01 2.982389001070967494e-01 6.195482969152747987e-01 2.908120106584239362e-01 7.619173558822422976e-02 1.044236602304069311e-01 3.188688910242764019e-01 3.352189831479687188e-01 4.991640979912855824e-01 2.580768696761659986e-01 2.741152533813213249e-02 1.259667698737229058e-01 4.183260031155102698e-01 3.435026855444882621e-01 1.399548534777490527e-01 1.625495855720832106e-01 4.048558222635736947e-02 3.893703339619312143e-01 4.712563740607497720e-02 2.762527379242333825e-01 1.917257695185774907e-02 1.175593851980299143e-01 1.362448618521862886e-01 2.866721927078834109e-01 1.717879137215371638e-02 3.261157060505791572e-01 6.807295814479739915e-02 3.783561638160312657e-02 6.683449189756839048e-02 6.419092791824039246e-01 6.694832930001007321e-02 -7.915098090733685421e-02 2.980068832034906204e-02 2.464123727143647247e-01 6.770559907068776084e-01 2.855339711939166025e-01 6.315719889438891066e-01 2.446166382274357343e-01 3.245590617161407676e-02 4.491113085056815113e-02 2.668633113649884203e-01 3.432436148773319040e-01 4.119986918066544934e-01 3.084175472465466861e-01 -2.592126943712905196e-02 4.475552466346643943e-02 3.363836156551181511e-01 3.419469772738105151e-01
5.088688311391375008e-01 3.357771697261084931e-01 3.967178828106665001e-01 3.024372784956618210e-01 8.914380644722422198e-02 3.473319021112588056e-01 3.277733182916922061e-01 3.825268950577140892e-01 4.865716066862503519e-02 3.351689961976060950e-01 2.752250612557809450e-01 3.520796555818084816e-01 -7.204324895442536236e-02 3.778765311670330140e-01 -4.703475830314916145e-02 1.860995640868086665e-01 1.000000000000000000e+00 3.140762651504884206e-01 6.491721494991884445e-01 3.075142258443351873e-01 2.711322017372559956e-01 3.350696804115590455e-01 4.888325019605196387e-01 2.156595243615956892e-01 -3.800025511289734786e-02 5.222927913584153314e-01 4.890859546380303402e-01 4.116373348985648550e-01 3.907760662574119026e-01 6.871399402851025018e-01 -2.674586207010347383e-02 3.299342900217796387e-03 2.487609662117892251e-01 3.928251859254469069e-01 4.498216492143788381e-01 3.488223744656633873e-01 2.929353214792139171e-01 2.832729550756202808e-01 3.907067470504082402e-02 2.053545993718536022e-01 2.729757193785074532e-01 2.292045686446701480e-01 1.723576678108959884e-02 3.241234311652723132e-01 2.616111616651370930e-01 3.118792252635951279e-01 -1.779819294224937454e-01 2.940595846954942028e-01 -4.912555127877513139e-02 1.805160646864376883e-01 5.455429627938269688e-01 2.279038084380918816e-01 4.659146386620576230e-01 3.378256466904263622e-01 2.188008493409680510e-01 3.032299344419082110e-01 3.594247625426464920e-01 1.744265180222782097e-01 -4.087500878281076500e-02 3.654203613090740710e-01 4.333593721976692903e-01 3.899193673079652256e-01 3.130091376014495497e-01 5.743386892071038474e-01 -8.930316891360440268e-02 -7.508238673526526630e-02 2.458632490066740006e-01 3.175009100556523411e-01
2.794088627534168090e-01 -7.092078397906881326e-02 5.249277005758339332e-01 -1.726245335721163926e-02 4.499449406005891910e-02 1.501778786397274246e-01 5.576249063650486892e-01 2.616973823829819579e-01 2.713000371331234506e-01 1.063592237359141657e-01 1.720930671521941902e-01 9.312106842364099857e-02 2.917244698213584952e-02 5.642613651898172877e-01 6.577089675757565035e-02 -2.476002289813400078e-02 3.140762651504884206e-01 1.000000000000000000e+00 3.910293393822080743e-01 2.424295092522226261e-02 -1.599050994633258171e-02 1.800033378024046837e-01 4.982209660672809459e-02 2.621335813719860575e-01 2.479522502675561568e-02 4.125514141918781297e-01 4.126038468118831126e-01 5.439666111765479456e-02 9.647061200980695805e-02 2.575759752188455654e-01 9.865290144705907149e-02 7.288888510814038602e-02 1.759449033854706967e-02 1.660686817024546735e-02 1.980314326508101352e-01 -4.479145576649309901e-02 4.152180239565908537e-01 2.975066046384654966e-03 6.394738697184301768e-02 9.674177574798112356e-02 4.571669843519589604e-01 1.656414630885997552e-01 1.643613142345620171e-01 1.309402330430592398e-01 1.805512289155901118e-01 8.232087984321573293e-02 1.010250729436789063e-01 4.677799699470940320e-01 1.608142362307680290e-02 -1.069555369762262426e-01 9.473669669388420922e-02 4.880843106047761948e-01 1.204329735363692810e-01 1.471199336673174041e-01 3.610369980273282764e-02 7.549682136831559198e-02 -4.632549854996288741e-02 2.218076010465037384e-01 8.199824594106229492e-02 2.973417347623707463e-01 3.520197878799011804e-01 4.628893298438553627e-02 6.950174363832607727e-02 1.093805896318022219e-01 1.503175644729352889e-01 3.267621506941797288e-02 4.432411872818819987e-02 -2.113595773503750344e-02
4.165949800637702705e-01 2.303985394296117484e-01 3.112946570274444658e-01 1.404848806866328959e-01 8.476243089521505458e-02 2.709157325953914230e-01 2.821133586532952320e-01 3.514848679774874585e-01 1.792249475700291930e-02 1.919843120643242584e-01 3.082347755113943322e-01 2.135224044754364670e-01 -6.528461899469648055e-02 3.471104444146090873e-01 -3.019367814283289292e-02 4.605379507856496857e-02 6.491721494991884445e-01 3.910293393822080743e-01 1.000000000000000000e+00 1.700470415855986905e-01 1.005632013391614954e-01 2.380013920887560364e-01 2.980572104363732322e-01 1.295364634695054529e-01 -3.846050779075489007e-02 3.814826010739252315e-01 3.509635237430736021e-01 2.750025434771044552e-01 2.176801889081168839e-01 5.472574015932976099e-01 -1.515647852812849507e-02 3.314758843475303779e-02 1.422144179854078205e-01 2.747073187284198026e-01 3.714398576621207315e-01 2.576863726739062610e-01 2.304786948525470169e-01 1.275088769979094427e-01 6.712017933593808494e-02 1.569379095899601506e-01 2.633406794802665707e-01 1.913446931628656478e-01 -2.523273260126266543e-02 1.789232077598528203e-01 2.994051732068280236e-01 1.850355240499558795e-01 -1.070542117255367798e-01 3.025556489793986281e-01 -2.657192521470151669e-02 1.538795414863380548e-02 5.083918188411804540e-01 3.031075013396711260e-01 5.045233549053486088e-01 2.349623369175847798e-01 5.498353331455856086e-02 1.781642304577156499e-01 1.754858019097018662e-01 1.209898196995971009e-01 -2.660009598216201906e-02 2.687780303546022931e-01 3.349836587980901115e-01 2.564809299114219621e-01 1.455418524086865562e-01 4.243417360829638274e-01 -4.912840811159482901e-02 -4.178166454428167143e-02 1.316153648532870646e-01 2.069096486895122267e-01
1.667159682689500211e-01 3.679500365504339010e-01 1.640707420593200960e-01 8.426406720989574328e-01 1.078840521170223304e-01 5.189023742655828331e-01 1.813043441175829218e-01 2.576812940818615782e-01 1.735127748360103805e-01 6.273666372486065290e-01 1.891791756958245141e-01 8.167286586138707838e-01 9.373439704455872878e-02 1.155787754492957897e-01 8.689955943387904502e-02 3.630223086731085291e-01 3.075142258443351873e-01 2.424295092522226261e-02 1.700470415855986905e-01 1.000000000000000000e+00 4.785966282899453139e-01 4.097086799578728011e-01 5.442694962320731022e-01 3.512499232342393696e-01 8.933171731363394319e-02 2.364799586823419508e-01 3.325718883901780942e-01 5.480533286433793005e-01 3.370357920980390776e-01 3.906027914795681677e-01 -1.774479025884383165e-02 7.474107295584445088e-02 3.438311617456857872e-01 3.423916313311133330e-01 2.231952351910563570e-01 3.501358484340236221e-01 1.730082250749850892e-01 8.355618184697281015e-01 6.524773073548155444e-02 4.765709382431235763e-01 1.566774282273624974e-01 2.233831507077359835e-01 1.608808661051791822e-01 5.751317382144414125e-01 9.530000195874216429e-02 8.053267103204129196e-01 -7.770919533711741212e-02 1.504190377674390344e-01 1.148674253978819865e-01 3.649042765063063021e-01 2.495825165125720724e-01 -2.694819436518643835e-02 2.187660610586782683e-01 8.349912017738119197e-01 4.133591382506867085e-01 3.896573613146009363e-01 5.465758675835606928e-01 3.279716750283863669e-01 2.669185964837249986e-02 1.952246536514389841e-01 3.224949098741857201e-01 5.756746041590022900e-01 3.317432217153541973e-01 4.693049627833805193e-01 -1.064653569353330997e-01 -5.247210685668137267e-03 3.429261701607890789e-01 3.195950607194635307e-01
3.058555673088689253e-01 3.125276382827856247e-01 1.025707098580802279e-01 4.698595780873434657e-01 1.367603001514572647e-01 3.898940505080878971e-01 9.989219566033476216e-02 2.169646119897613024e-01 1.586320433424402987e-01 4.126803224376737744e-01 7.756400518250070042e-02 4.631914728461909436e-01 1.455942122089941004e-01 1.359628750020628885e-01 8.007433683773278188e-02 6.875666920926897241e-01 2.711322017372559956e-01 -1.599050994633258171e-02 1.005632013391614954e-01 4.785966282899453139e-01 1.000000000000000000e+00 3.312978575170074103e-01 8.112281688857682083e-01 2.715828747879593941e-01 6.171208845028265666e-02 1.275600896922217953e-01 3.809691900684066823e-01 4.296328697322640000e-01 6.195709762301220280e-01 3.781253841178472963e-01 1.582681929885794425e-02 1.372832567760836897e-01 5.144337525606401673e-01 4.749651021181640620e-01 1.804092364446787666e-01 2.186516547359956264e-01 4.726232218106403427e-02 4.981484759371133109e-01 6.871560360779713217e-02 3.490254214421927292e-01 1.216269435238469948e-02 1.626492030972644942e-01 1.077048518703983687e-01 3.517731169917311940e-01 1.459484406867262232e-02 4.282932666418560741e-01 4.109796770293092094e-02 5.073147212716738741e-02 5.137273657506446350e-02 6.900914705162191076e-01 1.249471802255375519e-01 -7.551255975644492746e-02 1.009719034737848881e-01 3.407923311780700626e-01 8.506332137501569912e-01 3.349238210198510202e-01 8.019809793027470324e-01 2.333136275002155868e-01 -6.290979125594228089e-03 4.809086705271792272e-02 3.159640492731122796e-01 4.290133612270151664e-01 4.888803964758962062e-01 4.489728499501530190e-01 -3.773614930751924279e-02 7.277452414264476421e-02 4.208137840223934445e-01 4.425975090926099753e-01
2.663389662513613310e-01 3.177191953954815462e-01 3.656481360706336781e-01 4.117970677854776440e-01 1.026492574460070584e-01 4.139472727736488444e-01 4.275752817015533447e-01 3.136942466871893154e-01 3.548171306651621837e-01 4.039806683162513457e-01 2.234100831282426203e-01 4.345064826046867723e-01 1.449387744816115764e-01 3.477469518955421668e-01 1.058099792001894329e-01 2.982389001070967494e-01 3.350696804115590455e-01 1.800033378024046837e-01 2.380013920887560364e-01 4.097086799578728011e-01 3.312978575170074103e-01 1.000000000000000000e+00 4.033160233832220332e-01 5.205219124348969828e-01 1.767037851627712985e-01 4.227847390483931989e-01 5.058653855352484019e-01 4.450003782712160794e-01 3.297408398938688201e-01 4.718999866584858704e-01 4.597386049033341110e-02 6.574275356139899773e-02 2.607233135197100649e-01 2.907761488639948322e-01 2.973617079508638628e-01 3.166644292309747089e-01 3.494088419358050146e-01 4.051438452234152887e-01 9.068559743483180224e-02 3.360002402228147722e-01 3.906246019457937924e-01 2.955744161910086598e-01 3.013028245073743894e-01 3.758329993307061301e-01 1.938096103521280145e-01 4.163286671086069979e-01 2.902034982643031044e-02 3.607984491351577949e-01 1.129090864001105754e-01 2.598783593359310640e-01 2.538202892099386543e-01 1.155624940420829777e-01 2.447374862424153141e-01 4.249849453880528705e-01 3.041882074640089306e-01 4.933105121823868067e-01 3.654314642655379086e-01 4.796462311336492368e-01 1.634256788501089186e-01 3.450760461577384031e-01 4.810917231952083206e-01 4.541235055393588738e-01 3.151188580598920930e-01 4.353652667607896265e-01 -4.592233516172643942e-02 2.384570658580805955e-02 2.577345306551133142e-01 2.594767522499016321e-01
3.940937458324743070e-01 4.238717534443308121e-01 1.994073982293830261e-01 5.474624350919420346e-01 1.638569856789469092e-01 5.125391008264658099e-01 1.665455921396176708e-01 4.011714957758287792e-01 1.133587328348780870e-01 5.215464344572605659e-01 1.766637073120839452e-01 5.460510662638363710e-01 9.361079854681556012e-02 1.627424040723950971e-01 4.718283653327160626e-02 6.195482969152747987e-01 4.888325019605196387e-01 4.982209660672809459e-02 2.980572104363732322e-01 5.442694962320731022e-01 8.112281688857682083e-01 4.033160233832220332e-01 1.000000000000000000e+00 2.725638745441486543e-01 1.309300609261145401e-02 3.200136869435271092e-01 4.463609412500597617e-01 6.093111230158813063e-01 6.287883058964491845e-01 6.026806178822754489e-01 -3.273824418911772810e-02 7.980093888324477081e-02 4.828371178850082157e-01 5.499965913913029691e-01 3.034503181488759083e-01 3.479018379346610068e-01 1.563502769596729070e-01 5.443103233179831246e-01 6.339701973296063553e-02 4.111580144135996706e-01 9.774767140412427002e-02 2.915292030220960062e-01 8.590045162595627559e-02 4.732428617806229698e-01 1.415337921933278731e-01 4.933669840191590161e-01 -7.242094901039020094e-02 1.035065448078518885e-01 1.554002255724980935e-02 6.207063030279282856e-01 3.489560385793373243e-01 8.798680452633838092e-03 2.623638280495692032e-01 4.509342062791225070e-01 7.192083054349412974e-01 3.981989524501296507e-01 8.207861700913311465e-01 2.353469370884574419e-01 -3.991966478605461777e-02 2.136841801413192354e-01 3.893587240525464566e-01 5.895826158549903884e-01 5.089391128326391511e-01 6.288105758919181332e-01 -1.472984145161968794e-01 2.046101915811295718e-02 4.051791935880272311e-01 4.898719182445137044e-01
