1.000000000000000000e+00,2.156342456506919747e-01,4.723574690296122314e-01,3.730106850543596364e-01,3.149352175814926907e-02,4.413336947576501079e-01,3.464484716367360329e-01,4.476406367096893990e-01,1.804848507169680150e-01,4.525079289466355514e-01,3.272214572799047039e-01,3.764854400855959238e-01,1.826212016585675724e-01,6.071025591611887151e-01,1.038960085672400169e-01,3.815682546239838602e-01,4.689250626518682297e-01,2.485213382010049432e-01,4.230823112607215442e-01,4.122073994033705890e-01,4.686296148076769530e-01,2.067434741890747385e-01,4.278989249797062744e-01,2.786508142741453975e-01,9.542524997176657364e-02,3.340120636785184338e-01,4.388634690896580093e-01,4.227994978044720131e-01,5.492298404091475739e-01,3.644436241153218847e-01,1.820006889034731234e-01,1.537210885246012015e-01,1.985941565817937460e-01,2.606885989985361363e-01,5.549084367182195443e-01,2.294340166215184385e-01,2.510251014660828117e-01,3.831584162328477428e-01,-3.853682865447211753e-02,3.676245739318672601e-01,2.498673928125141608e-01,3.956838873573345627e-01,2.376613705179257408e-01,4.768033127465906573e-01,2.859759009257021867e-01,4.249673989285966957e-01,1.800647000179901591e-01,4.170785164866817607e-01,5.537795809206930847e-02,3.151001054669819723e-01,2.292354603606606145e-01,2.255963329227357317e-01,4.428838691068335831e-01,4.311134686866333054e-01,4.734098619285930232e-01,2.395225457776323785e-01,4.036477934460941386e-01,2.764582539124130767e-01,1.388061671108336836e-01,1.970097317199926978e-01,3.612978031078655783e-01,3.938813103547361694e-01,4.586582375512138210e-01,2.525050229087702491e-01,1.934106530708059324e-01,1.026198048998226975e-01,2.086646617873360865e-01,2.900036385638989911e-01
2.156342456506919747e-01,1.000000000000000000e+00,1.180636591852210621e-01,2.835683976340638290e-01,4.755512233041046810e-02,2.068956236423609707e-01,9.026627441325912882e-02,1.881864452096062845e-01,7.080740580075993440e-02,2.184480488546272081e-01,2.119146322527751536e-01,2.613815918886680523e-01,8.702673899638917188e-02,1.239968893711639319e-01,5.065809669116522196e-02,2.778098536861824952e-01,2.323076583503310977e-01,-1.599145298975255050e-02,1.766598887611468827e-01,2.931960102414009062e-01,3.163723882595564918e-01,2.754564978725880797e-01,3.448322035932063767e-01,1.816781172518991405e-01,1.000214527653764118e-01,3.214623259538555433e-01,2.795369596957097968e-01,2.937428643987299859e-01,2.812650853798874806e-01,3.731639347334853030e-01,-6.528063496930400222e-02,-9.854169641760925080e-03,1.775300311803861275e-01,4.114338980128247059e-01,1.992046779685944236e-01,3.637606823041437121e-01,1.533203462238515820e-03,2.678514301179879542e-01,2.208404646396069579e-02,1.643196782219354113e-01,6.255799691434656140e-02,2.252202259732540290e-01,1.143126027444425485e-01,1.734653469792896974e-01,2.742180737623811648e-01,2.483241349019465471e-01,5.525394164611772269e-02,4.042957258489535133e-02,-1.990090098118423370e-02,3.105649725693186425e-01,2.925343086224022060e-01,-7.357352556782822961e-02,2.826181261964335056e-01,2.559170701343870258e-01,3.260850447703720900e-01,3.630798984674040164e-01,4.030911848487147009e-01,2.090836224224373319e-01,1.859872307906492994e-01,2.492626771002224850e-01,2.773854966878077644e-01,3.283823335734010751e-01,2.509600227081644208e-01,4.281132809459101130e-01,-1.851931283980175549e-02,3.510422561740188935e-02,1.904132574558145552e-01,3.963862053283704334e-01
4.723574690296122314e-01,1.180636591852210621e-01,1.000000000000000000e+00,2.766427951167120258e-01,3.047193934290114842e-02,3.708514136454586496e-01,7.444502229946607930e-01,6.974275650869098397e-01,3.639942867731740805e-01,2.968218959855934980e-01,5.345565835045071879e-01,2.728643039965316097e-01,3.084832799184945573e-01,7.284222657305009507e-01,3.409599845678306096e-01,3.246264222816012679e-01,5.463877829842480605e-01,5.933715356929822882e-01,4.608471644438329462e-01,2.959025549974474423e-01,3.856875152181469812e-01,3.066405503158593504e-01,4.465748145061388397e-01,3.878059586425174898e-01,1.456115501053144023e-01,7.071756389689990430e-01,5.964143060587323575e-01,3.537053956174671665e-01,3.505120205311482162e-01,5.209591488587648200e-01,3.586173717341866740e-01,2.018405474500540309e-01,1.567535000143941981e-01,2.112131324638285290e-01,1.623513311479311827e-01,1.120745452603902348e-01,5.880593748352502814e-01,2.729265964157050472e-01,-6.217622833496153772e-02,2.638470119699049543e-01,5.817636731813656814e-01,4.477503109687938077e-01,4.199457445024436519e-01,3.014456929262339657e-01,4.484690671149397234e-01,2.986856075993897242e-01,3.481325309798111722e-01,5.760565470370119234e-01,2.718373040864058843e-01,1.843086756113349323e-01,3.849268729003224032e-01,4.616626350030547110e-01,3.153282682922426416e-01,2.919227608662669504e-01,3.970125934752815056e-01,2.234465322364964368e-01,3.310856362680601461e-01,3.664134406944958289e-01,1.842864629619311856e-01,4.630337801820610943e-01,4.496108400384747350e-01,3.306475210489990268e-01,2.976375209699143043e-01,2.195177010405678086e-01,2.873829401146343332e-01,1.320928141957988244e-01,2.082732073522643723e-01,2.789572112811895543e-01
3.730106850543596364e-01,2.835683976340638290e-01,2.766427951167120258e-01,1.000000000000000000e+00,4.237262826746855671e-02,4.475143829249293437e-01,3.673127452152022965e-01,3.075060863973702041e-01,2.148075190056008277e-01,6.042024575591922186e-01,1.744945011055643314e-01,8.302832623063193251e-01,1.118140051295380549e-02,1.939293450001559893e-01,1.063799902534793285e-01,3.274108270942682197e-01,2.130664123666503595e-01,-7.159032020335773239e-02,7.765478372120133976e-02,8.709347554660975543e-01,3.966769635367188296e-01,3.702789903295551355e-01,3.639522065689551056e-01,3.853101838084204700e-01,3.569263209843352800e-03,3.943339310972348022e-01,2.261939676103869590e-01,6.584025774548492027e-01,2.744875983028354227e-01,4.487242026442824216e-01,-1.323535590347829985e-02,1.263272344055275768e-02,2.005159235574827670e-01,2.805323221402715173e-01,2.609948286740651491e-01,3.177923494063434884e-01,2.056684346569180866e-01,9.059791248032860178e-01,-3.290260720375776105e-02,3.858707564414181612e-01,3.280668377420393189e-01,3.770704117065132310e-01,3.777107596325429140e-01,4.999050119539986126e-01,2.509453866257529975e-01,8.385092744473364723e-01,8.754034320798202706e-02,1.986404873552851946e-01,5.970570753243147760e-02,2.930048743319180748e-01,3.223688319031463578e-01,-4.135722296700625189e-02,2.724013111972178325e-01,8.237513139794692130e-01,4.330153228872360982e-01,4.461329279348397181e-01,4.747966850717498799e-01,5.225504185710379002e-01,1.230688992853243152e-01,3.843967021426413777e-01,3.605383784574440198e-01,6.312069852955651816e-01,2.364843603953501461e-01,4.915959691711242474e-01,1.293645991199053047e-01,-2.451785102005386158e-02,2.006723674330880003e-01,3.563510464882425066e-01
3.149352175814926907e-02,4.755512233041046810e-02,3.047193934290114842e-02,4.237262826746855671e-02,1.000000000000000000e+00,1.608373489440706738e-01,4.292407057208014881e-02,9.842813822930054912e-02,7.052272094678206649e-02,3.490447471374943933e-02,8.565244483682922516e-02,4.719712173634231511e-02,7.182894033485373586e-02,6.269855019391251671e-02,9.458342375206181540e-02,3.456487010903681878e-02,6.301309653399189692e-02,5.435780194762170059e-02,6.073144113481404593e-02,5.146724679144036585e-02,3.904639967971176157e-02,2.602631760822585530e-02,5.489163472498632956e-02,3.650596116462728746e-02,6.811393393145942499e-02,4.925223373349474354e-02,6.685241646044876029e-02,3.597540021654171971e-02,-4.077787750931159520e-03,7.042023700186404722e-02,2.877865764446360664e-02,1.116149598604076615e-01,6.999210448701513945e-03,7.777645761469179075e-02,-2.607940627461051864e-03,6.152448258652366136e-02,6.576313797078012398e-03,4.801468025818251412e-02,5.864304051671176410e-02,1.024376274112867163e-01,1.703084917467828641e-02,9.366316640613592259e-02,5.194267066663543764e-02,2.679587192110680777e-02,8.195399136826578279e-02,5.896303991828133473e-02,6.352691198851523335e-02,3.690816207177555902e-02,4.781351290116035019e-02,1.203347927480982391e-02,5.225835993737851237e-02,4.063805155706497890e-02,2.452005368916988434e-02,6.126796788848301589e-02,6.112275146155552591e-02,4.723166925222031104e-02,7.561794105509131447e-02,3.053249404744410450e-02,4.380432952431192323e-02,2.275529724268881074e-02,6.230451865223667757e-02,4.184602031534927907e-02,-7.719803279044258094e-03,6.487279571175344484e-02,2.062066185248963290e-02,5.769817596482292033e-02,4.240629598320024701e-02,6.936271638025476305e-02
4.413336947576501079e-01,2.068956236423609707e-01,3.708514136454586496e-01,4.475143829249293437e-01,1.608373489440706738e-01,1.000000000000000000e+00,3.464376943157235766e-01,5.601628027931506715e-01,1.341647562052935561e-01,6.058211379404646602e-01,2.712009545978904534e-01,5.779228339669514325e-01,1.359598574003743898e-01,3.074997720022744074e-01,2.932045495589429285e-01,3.808709420156417003e-01,2.307676197849814204e-01,1.844532112084542319e-01,2.072890296582163561e-01,5.373608709295526475e-01,4.255151427082027316e-01,1.479409600672138558e-01,4.115185152196677576e-01,1.829638207216669199e-01,6.108316689513470371e-02,2.656404397606124124e-01,2.534574616031473604e-01,6.188781839342235580e-01,3.295160435342296412e-01,4.022004851671095449e-01,7.652488671109593243e-02,1.476203382782709239e-01,2.056759259883747804e-01,2.447360988718436658e-01,3.140178442210182497e-01,2.359355327721694706e-01,2.484058004371379746e-01,5.139460873919012851e-01,4.618675542633970260e-02,7.269704731326656066e-01,2.764246401221011062e-01,5.852192382350229760e-01,2.127348182617992134e-01,6.140625141742684923e-01,3.288952042200000148e-01,6.312283844178454562e-01,2.135787726458047431e-01,3.417173327226801782e-01,2.213079071507497719e-01,2.768518771304938064e-01,3.013049051460411354e-01,2.554667192983805513e-01,3.134197154228362536e-01,5.646419838787896106e-01,4.143305638143828795e-01,2.391192693537899927e-01,4.707096447458329891e-01,2.757154549507330743e-01,1.197403485992614841e-01,2.170474581836424610e-01,3.686810927275570582e-01,5.767814241851831891e-01,2.852386769686851564e-01,3.902685181074382892e-01,1.247500032314717566e-01,1.747568914363294423e-01,2.326611900554645118e-01,3.374710178200455712e-01
3.464484716367360329e-01,9.026627441325912882e-02,7.444502229946607930e-01,3.673127452152022965e-01,4.292407057208014881e-02,3.464376943157235766e-01,1.000000000000000000e+00,6.088470670336179058e-01,5.408811165357461093e-01,2.780804369629107375e-01,4.109527859055778776e-01,3.066848721945809042e-01,3.732880194816373121e-01,6.575153208504780356e-01,4.531571600617074203e-01,3.141952381593124399e-01,2.424228552489720023e-01,3.890872217436947555e-01,1.461058939735140338e-01,3.266742275469377565e-01,3.074100044355028150e-01,4.657383581781942006e-01,2.580861639912794270e-01,7.293502115762268145e-01,2.394314610282100853e-01,7.504940107695291518e-01,5.588375337876231308e-01,4.150680975470000811e-01,1.833768031599516679e-01,4.301136534619749430e-01,4.154052012050328813e-01,1.753767197619105211e-01,1.412661276530570442e-01,1.162662005349088118e-01,-1.064093694007426164e-02,1.142455663640405961e-01,5.849770521853090433e-01,3.545229756942480104e-01,-9.471587662485178583e-02,2.411804986145913154e-01,7.821068078309169058e-01,3.953992438435913748e-01,6.485951227600472713e-01,2.392362963337732185e-01,3.765822194776857201e-01,3.378395921784086986e-01,4.559208600622455254e-01,6.392717414355651995e-01,3.378666144773920244e-01,1.748254938451343776e-01,2.184913389508529591e-01,3.004896134505141703e-01,8.815928374299171477e-02,3.090092078198322101e-01,3.224276686318631180e-01,3.497012895431113044e-01,2.031309977509264397e-01,7.051391253715195706e-01,2.779784598640820392e-01,5.250816090149728055e-01,5.071269718462859677e-01,3.761523694664546391e-01,1.670050511198257481e-01,1.780186473801486646e-01,3.583035840332362554e-01,8.573302766864188129e-02,1.655378523121821266e-01,1.824587626732058210e-01
4.476406367096893990e-01,1.881864452096062845e-01,6.974275650869098397e-01,3.075060863973702041e-01,9.842813822930054912e-02,5.601628027931506715e-01,6.088470670336179058e-01,1.000000000000000000e+00,2.304763517897176761e-01,4.091932137556609228e-01,4.717952551380830695e-01,3.667480407718436974e-01,2.258054281486819581e-01,5.929986640347859606e-01,2.882469277866950286e-01,4.184089657689383790e-01,4.503265986784196762e-01,5.212135584286599066e-01,3.635307516131864869e-01,3.745222439600620623e-01,4.957938630898906518e-01,2.561306248975886990e-01,5.457727616807255266e-01,1.945114718727563030e-01,3.158234577311910818e-02,5.782791271746259287e-01,3.893786468751944674e-01,5.401883793227340025e-01,3.928901628642579857e-01,6.275758678564697934e-01,1.241644379590417513e-01,1.570901918356479576e-01,1.674551814347823298e-01,3.087397961026625559e-01,2.057916124474849506e-01,1.970157804641712307e-01,4.744448293129359118e-01,3.389404962300810453e-01,1.333185043937601746e-02,4.591238607473964728e-01,4.765966204048693311e-01,6.820850616088801610e-01,3.048847581484548930e-01,3.910159298587035925e-01,4.726719724237595233e-01,4.143765162744663666e-01,2.803650560395620772e-01,4.684677685295138283e-01,2.168227624090026395e-01,2.831055602912712632e-01,4.324461070238003746e-01,3.733939293157143013e-01,2.955654995431921117e-01,3.807122231936641565e-01,4.868547684306512857e-01,2.544681637953143394e-01,4.714454909956856676e-01,2.388925568941402122e-01,1.193923166847565831e-01,4.108578211284316661e-01,3.496109894972560528e-01,5.261938468753115661e-01,3.082048437639205996e-01,4.337368399958089205e-01,1.668232810135878430e-01,1.896201017349277429e-01,2.273494189303006952e-01,3.759470733527195407e-01
1.804848507169680150e-01,7.080740580075993440e-02,3.639942867731740805e-01,2.148075190056008277e-01,7.052272094678206649e-02,1.341647562052935561e-01,5.408811165357461093e-01,2.304763517897176761e-01,1.000000000000000000e+00,1.056653610961933720e-01,2.759162701831836539e-01,1.581043268181534511e-01,4.694514645454266888e-01,3.988781207676029283e-01,3.801764218704959952e-01,1.564834747394095171e-01,1.207184693629008293e-01,2.078213476994947295e-01,1.190903334173005479e-01,1.676990747351707889e-01,2.014753033975882623e-01,3.742415328671061525e-01,1.156741341515974825e-01,6.160330746507303168e-01,4.268888552049677210e-01,4.008857019102254893e-01,4.780748984601120855e-01,4.785701002862605136e-02,1.371194940638176263e-01,5.733934773723817213e-02,3.669426332115411915e-01,1.632903970909290736e-01,1.518188296927752146e-01,1.028505281851146008e-01,-1.573437436699828482e-02,1.029181342535161608e-01,1.924366051045160730e-01,1.575918199011041576e-01,-2.755140962713563488e-03,6.589997917811535322e-02,3.423648679136577777e-01,5.793369308853933003e-02,5.699536114710115342e-01,1.156758220708704044e-01,2.351409355659260236e-01,1.216089490657755040e-01,4.912039233067558297e-01,3.140496947322062860e-01,2.658843890165221158e-01,1.132456928502784121e-01,-3.922578904847967562e-02,1.190122430232301021e-01,-3.509002366118014332e-02,1.478341823559423673e-01,2.383916115702161276e-01,2.191369954428486477e-01,7.860693085416295411e-02,4.969857742002343204e-01,4.172746951859142572e-01,1.546070968957349301e-01,2.891206443409003457e-01,3.653401951584069746e-02,1.330746707412545360e-01,-8.085071808481773814e-02,1.590645542292663528e-01,1.407536490258543549e-01,1.351778983004656987e-01,1.435163343695447791e-01
4.525079289466355514e-01,2.184480488546272081e-01,2.968218959855934980e-01,6.042024575591922186e-01,3.490447471374943933e-02,6.058211379404646602e-01,2.780804369629107375e-01,4.091932137556609228e-01,1.056653610961933720e-01,1.000000000000000000e+00,2.026851029663405690e-01,5.724347278316724852e-01,5.568770550532416153e-02,3.089372328368682474e-01,4.997269039428856724e-02,3.997936161982719727e-01,1.946008629221830932e-01,1.003259795155698464e-01,1.994209483221725809e-01,6.312834738332305795e-01,5.211053484707076633e-01,2.301634458745888956e-01,4.189963717917697950e-01,1.619548511223237452e-01,9.264772915306522527e-03,2.562068570005023860e-01,2.339873310808867901e-01,6.272163636549222820e-01,4.151790951433964039e-01,3.707058920558620740e-01,4.053338704000127718e-02,9.415405640299256973e-02,2.253081847940626437e-01,2.349671606384874656e-01,3.712123191491216168e-01,2.613301972453951905e-01,1.877495786971790370e-01,6.686144364183497224e-01,-4.539430238718916710e-03,5.116918182561958073e-01,2.518637404601182794e-01,4.673818731194195331e-01,2.635406753323711326e-01,8.837250211849835280e-01,2.745449355245034861e-01,6.505812027467265946e-01,1.745488077154104534e-01,3.014122016914240199e-01,5.308283108468141859e-02,3.603842852264059204e-01,2.585295007210750007e-01,1.623823432875702022e-01,3.344737613025718370e-01,6.037982887732793458e-01,5.517426282738497889e-01,3.581957533169365937e-01,5.147501809491513702e-01,2.955752030275267672e-01,9.971619454839630858e-02,2.828613261803085144e-01,3.309154666121087995e-01,6.239518899041076594e-01,3.773106324662152677e-01,4.125344198335469947e-01,1.685500986519664623e-01,7.913850418848050738e-02,2.264483399027767685e-01,3.453429381869101977e-01
3.272214572799047039e-01,2.119146322527751536e-01,5.345565835045071879e-01,1.744945011055643314e-01,8.565244483682922516e-02,2.712009545978904534e-01,4.109527859055778776e-01,4.717952551380830695e-01,2.759162701831836539e-01,2.026851029663405690e-01,1.000000000000000000e+00,1.665568049986882737e-01,3.393947952459542838e-01,5.295925428626705456e-01,1.968793143951057534e-01,2.606709715890623280e-01,4.869984175239825963e-01,5.004356581445822405e-01,4.897306709173134265e-01,2.036034122531184265e-01,3.333640177417951378e-01,2.868452140924140914e-01,3.516789655254884961e-01,2.091158853610871615e-01,1.973503912637538660e-01,4.757984736598189213e-01,4.197755314109793412e-01,1.795753061964280584e-01,2.927143993004592271e-01,3.884303449570606914e-01,2.910497724902929573e-01,1.687501178021876547e-01,1.544503115450099884e-01,3.246892529768906077e-01,1.663338248139127895e-01,1.447372614817357128e-01,3.087268767729101082e-01,1.786583452202821776e-01,2.938337854505061394e-02,1.756186700570140091e-01,2.807132790299203817e-01,3.397162489558640530e-01,2.521224510885080594e-01,1.966530665010135515e-01,5.789914293594939920e-01,1.797273104953948375e-01,2.854139578986188974e-01,3.670088848506302681e-01,1.090576320830483614e-01,1.499287984607158841e-01,3.575862084177961475e-01,4.441076028464859826e-01,3.898628017110318811e-01,2.026220200104881519e-01,3.249808746571243856e-01,2.266459245382284882e-01,2.939867954400413042e-01,1.347922611759569955e-01,2.492022738122053604e-01,2.815693998413406618e-01,3.099665342663506240e-01,1.864497102045441779e-01,2.774031764915305120e-01,2.198142697312091831e-01,2.103788429137360971e-01,1.528519273125464872e-01,1.877553254982505526e-01,3.672054769369087479e-01
3.764854400855959238e-01,2.613815918886680523e-01,2.728643039965316097e-01,8.302832623063193251e-01,4.719712173634231511e-02,5.779228339669514325e-01,3.066848721945809042e-01,3.667480407718436974e-01,1.581043268181534511e-01,5.724347278316724852e-01,1.665568049986882737e-01,1.000000000000000000e+00,1.953494313463986082e-02,1.508987143719541790e-01,1.926696509320405537e-01,3.515115389504335774e-01,1.864056655491820869e-01,-3.667371678997601026e-02,5.882631074411931449e-02,8.892348595595603866e-01,4.196290825657036372e-01,2.082566340320606280e-01,4.363950628937252607e-01,2.680254864937417492e-01,-2.525634682478484355e-02,3.003083100675972839e-01,1.909980138048509857e-01,6.854328325012266632e-01,2.957068748779844158e-01,4.649996101897941880e-01,-4.618246816064178195e-02,1.278506585591179280e-02,2.396440187959502366e-01,2.754975041081013098e-01,3.142528321889385690e-01,2.650162694855260348e-01,2.330070353996601396e-01,8.210482909145325747e-01,1.050417996971038381e-02,5.402397284272447697e-01,2.978377694703294165e-01,4.894397680937416228e-01,2.840758963429751427e-01,4.908617204251503607e-01,2.536588361391761137e-01,8.846202089613286468e-01,1.045789952727600863e-01,2.055647988373684731e-01,1.788818043514297240e-01,2.956714841162298435e-01,3.549930173169967840e-01,5.562383049122514994e-02,2.917551597137013619e-01,8.705836882826575307e-01,3.973738916514052977e-01,3.062434178026285370e-01,5.148061648852156891e-01,4.218991830027578605e-01,7.060407915442327986e-02,3.133670097294062873e-01,3.546581083696708214e-01,6.488235736828845690e-01,2.728572103279415240e-01,4.957193150829986572e-01,8.269087336960444234e-02,3.397261500731812295e-02,2.378952131519763979e-01,3.499127161426384136e-01
1.826212016585675724e-01,8.702673899638917188e-02,3.084832799184945573e-01,1.118140051295380549e-02,7.182894033485373586e-02,1.359598574003743898e-01,3.732880194816373121e-01,2.258054281486819581e-01,4.694514645454266888e-01,5.568770550532416153e-02,3.393947952459542838e-01,1.953494313463986082e-02,1.000000000000000000e+00,4.133338697217731061e-01,3.184978710556288783e-01,1.431573339995426686e-01,1.025315741375756318e-01,2.996473555253063026e-01,2.264415750678213379e-01,4.780486067884811424e-02,2.359115637582849256e-01,1.754262818305233340e-01,1.688969250242269016e-01,3.761731299739475842e-01,5.338198517980550228e-01,2.433407675438182816e-01,5.231690860782787222e-01,-3.880899424859174385e-02,1.616078819298672198e-01,-7.390169125899731864e-03,4.562496012210602858e-01,2.210100259798095101e-01,1.193094394617908172e-01,1.057714310826760040e-01,4.047307006060024692e-02,7.692218649706859812e-02,5.870894247270707494e-02,-3.632228584983592749e-03,3.938154163984777800e-02,6.418205572797963665e-02,1.113402866430499016e-01,6.028551841115374621e-02,3.699559031934316344e-01,9.888353225889530418e-02,2.742237492221015205e-01,2.140112124113181542e-03,5.480355382463727443e-01,2.444356778156077104e-01,2.184756150835882316e-01,1.021470615944532756e-01,-1.115591290277055947e-01,2.034062010355054684e-01,-8.991853094501582946e-03,3.660239266224415283e-02,2.344269506580705931e-01,7.324557480147017574e-02,1.320534068997052390e-01,2.051638580195286332e-01,4.641167629200946831e-01,-7.410382399119792851e-02,2.543167143787117279e-01,-4.997792907827917908e-02,1.516217760237183465e-01,-1.678404032432432580e-01,1.057590371973141097e-01,1.890154256615318440e-01,1.483513912574298266e-01,1.142152481331328295e-01
6.071025591611887151e-01,1.239968893711639319e-01,7.284222657305009507e-01,1.939293450001559893e-01,6.269855019391251671e-02,3.074997720022744074e-01,6.575153208504780356e-01,5.929986640347859606e-01,3.988781207676029283e-01,3.089372328368682474e-01,5.295925428626705456e-01,1.508987143719541790e-01,4.133338697217731061e-01,1.000000000000000000e+00,2.359253616988526425e-01,3.116158865989638316e-01,4.890121135804857966e-01,5.952847222175884356e-01,5.589637434860119658e-01,2.122703444218707880e-01,4.183815749576945131e-01,3.395992709589077396e-01,3.521383039035126949e-01,4.196778412898556909e-01,2.579840168990740756e-01,5.451368099670641509e-01,6.726977252788111095e-01,2.253107933313104050e-01,3.751231097150549698e-01,3.917801865516107318e-01,5.404367248972158366e-01,2.967654705077570898e-01,1.288807528596253582e-01,1.992835918175005216e-01,2.648769769660662687e-01,1.203648624587448784e-01,4.267054752193966127e-01,2.124493787387919663e-01,-4.153838582643058081e-02,1.522945625112273882e-01,4.598752200167242621e-01,3.865219493851139165e-01,4.080751281411658105e-01,3.365341452638036523e-01,4.301656216719165760e-01,1.901697995648140571e-01,3.966007067760123905e-01,6.603417170254376467e-01,1.144514852936709542e-01,2.232626236212323922e-01,1.780207352247405450e-01,4.614656176640691831e-01,3.127160441092297072e-01,2.144569309205740515e-01,4.226362413609939250e-01,2.399542840203313376e-01,2.799753727224524869e-01,3.147114197158828452e-01,2.717902508327772471e-01,2.677742643569174796e-01,4.569387461300913889e-01,2.229045366645162063e-01,3.060899917834929429e-01,1.175436322472499934e-01,3.594363131423639057e-01,2.187484997175487278e-01,1.742948527898340039e-01,2.369138653766070801e-01
1.038960085672400169e-01,5.065809669116522196e-02,3.409599845678306096e-01,1.063799902534793285e-01,9.458342375206181540e-02,2.932045495589429285e-01,4.531571600617074203e-01,2.882469277866950286e-01,3.801764218704959952e-01,4.997269039428856724e-02,1.968793143951057534e-01,1.926696509320405537e-01,3.184978710556288783e-01,2.359253616988526425e-01,1.000000000000000000e+00,1.348306985371339195e-01,5.177335342468743912e-02,1.783472436320196475e-01,1.477925641430480504e-02,1.487709580605153514e-01,1.330668482277959641e-01,1.091017496403295928e-01,1.356029233668129552e-01,3.909532442022198850e-01,2.481384240144068887e-01,3.074616996481630005e-01,3.485623824995647269e-01,1.152349360765930059e-01,1.038983504686110670e-01,9.674587848198409890e-02,2.278620218174266521e-01,1.253641473886396851e-01,1.344397857389787454e-01,2.184932580402621644e-02,-3.051119704009586445e-02,2.132151310513757253e-02,2.883061650191605652e-01,9.747536390536376549e-02,1.003205325492783143e-02,2.390193297167247377e-01,3.601870448529470581e-01,1.791160471501550833e-01,3.748156931354244548e-01,8.357404140816997173e-02,2.388063120737502765e-01,1.649107490575466572e-01,3.987904753037016525e-01,3.080698825002459729e-01,3.911025787668421239e-01,3.376864655066403459e-02,7.353467148329383141e-02,2.282751061079663357e-01,2.864635140043822123e-02,1.599181245779059124e-01,1.277403320239843820e-01,5.917271513622384543e-02,7.937757645674127505e-02,3.569778650020166699e-01,2.521302047443074734e-01,1.742421873353265649e-01,3.013626914912441168e-01,8.003922925518570930e-02,1.042642389545981041e-01,-3.230704306690229677e-02,9.853778388592235316e-02,1.086470429954477651e-01,1.163319646373588978e-01,8.668337945029848390e-02
3.815682546239838602e-01,2.778098536861824952e-01,3.246264222816012679e-01,3.274108270942682197e-01,3.456487010903681878e-02,3.808709420156417003e-01,3.141952381593124399e-01,4.184089657689383790e-01,1.564834747394095171e-01,3.997936161982719727e-01,2.606709715890623280e-01,3.515115389504335774e-01,1.431573339995426686e-01,3.116158865989638316e-01,1.348306985371339195e-01,1.000000000000000000e+00,2.492262179850506243e-01,1.678544861057902904e-01,1.617980401984673577e-01,3.900820408626071156e-01,5.853629813002771964e-01,3.114493415870037696e-01,6.158132542979471991e-01,2.255506992554453249e-01,4.401350417050595848e-02,3.873572850051484884e-01,3.597815241176660073e-01,4.218607567924492208e-01,4.466272420825677103e-01,4.453650780167356937e-01,4.514225536480406809e-02,7.792201683175931093e-02,2.861159797750050804e-01,3.746312950615259263e-01,3.495187912483159742e-01,2.759148685955744029e-01,2.748210454386937340e-01,3.345847946951778784e-01,-7.874785248906361265e-03,3.580999967772235393e-01,3.025557783863808692e-01,4.427181583338376525e-01,2.647069028540269264e-01,3.872711426829027470e-01,3.716217846299240124e-01,3.773910111893056252e-01,2.218849246273881803e-01,3.218541316678294462e-01,1.191860825412221908e-01,5.462419938499778471e-01,3.388856791314741046e-01,1.762161363844970408e-01,3.273540707478332923e-01,3.701504120150382326e-01,5.266824772745350991e-01,3.336276117293093257e-01,6.147938549742004710e-01,2.914748160884109707e-01,1.747958380772383913e-01,3.466130798157739945e-01,4.307391373698342130e-01,4.494052862634582701e-01,4.401449276938487754e-01,4.267462233501302937e-01,1.151308968617233419e-01,8.140468228110445126e-02,2.953700852888735962e-01,4.164958469297225241e-01
4.689250626518682297e-01,2.323076583503310977e-01,5.463877829842480605e-01,2.130664123666503595e-01,6.301309653399189692e-02,2.307676197849814204e-01,2.424228552489720023e-01,4.503265986784196762e-01,1.207184693629008293e-01,1.946008629221830932e-01,4.869984175239825963e-01,1.864056655491820869e-01,1.025315741375756318e-01,4.890121135804857966e-01,5.177335342468743912e-02,2.492262179850506243e-01,1.000000000000000000e+00,4.840359578361972948e-01,6.593217712464575220e-01,2.202291791113621389e-01,2.936680148993182082e-01,2.013661822035623106e-01,4.315847087490334855e-01,6.587034746844092070e-02,2.517466194280813807e-02,4.363208193516990296e-01,3.726554914063200941e-01,1.894347877077505737e-01,4.041733065264388469e-01,4.382191070877111683e-01,5.544123445878401668e-02,1.133052546523087289e-01,1.494906597999602349e-01,3.448356968025473313e-01,3.049184470183260443e-01,2.065888319116117311e-01,2.883263886477783200e-01,1.815647606028501504e-01,-3.254459863742240056e-02,1.367955129878520304e-01,1.630729831540742025e-01,2.918421924960493685e-01,1.238362589642728051e-01,2.080707628634470840e-01,4.092472617496776266e-01,2.016682823330767926e-01,6.498460418066935584e-02,2.469124920293067627e-01,2.304019858516151084e-02,1.768102899646362136e-01,4.970142857093620137e-01,3.353986926627705589e-01,5.455793711080053621e-01,2.052591090568854637e-01,3.087807907032118493e-01,1.758922903185565767e-01,3.411753378295794836e-01,4.035949918112207574e-02,8.600714190573940932e-02,2.599114395943633027e-01,2.451244897141886536e-01,1.945423057369050079e-01,3.147994118357049231e-01,2.537977220132491829e-01,4.719655615847569152e-02,9.848323237333264646e-02,1.797094945854760539e-01,3.769358071409035227e-01
2.485213382010049432e-01,-1.599145298975255050e-02,5.933715356929822882e-01,-7.159032020335773239e-02,5.435780194762170059e-02,1.844532112084542319e-01,3.890872217436947555e-01,5.212135584286599066e-01,2.078213476994947295e-01,1.003259795155698464e-01,5.004356581445822405e-01,-3.667371678997601026e-02,2.996473555253063026e-01,5.952847222175884356e-01,1.783472436320196475e-01,1.678544861057902904e-01,4.840359578361972948e-01,1.000000000000000000e+00,5.546015176097782717e-01,-3.180861372871480325e-02,1.953498695917013084e-01,6.573353905751910808e-02,2.356967789375962463e-01,1.286195617108568980e-02,9.234787311703049340e-02,3.497504224465952660e-01,3.467564418867048470e-01,-3.624523655700389452e-02,2.215907850302204218e-01,2.273840864500184800e-01,2.957893127702378999e-01,1.977398524730975549e-01,8.037926937587375198e-02,1.179645430260940625e-01,9.333391388799069932e-02,-5.603234617430458836e-02,3.095287750272284200e-01,-5.583147161583633389e-02,2.204245964872677058e-02,6.953744105330303404e-02,2.102280123913727039e-01,2.643208214841684112e-01,1.394613205913660114e-01,1.774616162841212985e-01,3.791313295367627623e-01,-2.663765954023743221e-02,2.420165249602755919e-01,3.713195035246370512e-01,7.586556647438680301e-02,1.517485499317047445e-02,1.983693330849519709e-01,5.522309958717642742e-01,2.123754638280125340e-01,-1.684166422759238516e-02,2.017059633917734074e-01,-2.478743931481065810e-02,1.100899378029793763e-01,-9.577653006881386988e-02,5.607573540050517918e-02,9.371370190172187420e-02,1.131134224913316194e-01,-3.871758693945168139e-02,1.858745294179198482e-01,-3.258699538033923288e-02,1.771336522917575373e-01,1.820257331449156024e-01,8.235910255960558757e-02,1.540311029806582244e-01
4.230823112607215442e-01,1.766598887611468827e-01,4.608471644438329462e-01,7.765478372120133976e-02,6.073144113481404593e-02,2.072890296582163561e-01,1.461058939735140338e-01,3.635307516131864869e-01,1.190903334173005479e-01,1.994209483221725809e-01,4.897306709173134265e-01,5.882631074411931449e-02,2.264415750678213379e-01,5.589637434860119658e-01,1.477925641430480504e-02,1.617980401984673577e-01,6.593217712464575220e-01,5.546015176097782717e-01,1.000000000000000000e+00,1.012752586998503790e-01,2.300564165904727121e-01,1.331036866645625427e-01,2.687892603551007564e-01,1.431491135713663411e-02,1.282853965514789973e-01,2.339029717571216027e-01,4.403343937232671035e-01,6.491418718688443668e-02,3.096413057448383355e-01,2.634719253958454632e-01,2.459403341244837116e-01,1.953433983922256978e-01,7.063355994749433153e-02,2.554961341265836183e-01,2.597226381425786212e-01,1.163404265710483304e-01,1.298268040006393120e-01,8.466499217609445294e-02,7.398354585022062259e-03,1.090758924581243378e-01,1.793435134494133706e-02,2.224369163511761838e-01,6.059749916409052500e-02,2.599016754341431090e-01,3.851112142242911762e-01,8.731910906100597003e-02,1.420216328741312761e-01,2.721068869895956199e-01,-5.921685762936138714e-02,1.194090826444829112e-01,2.559983945744314648e-01,4.314403756162828452e-01,4.826915258985132184e-01,9.864813914506599668e-02,2.366668450228673615e-01,8.992551377744836816e-02,2.236060063188115843e-01,-8.158347705554981621e-02,1.487162843458434414e-01,2.338337005609217659e-02,2.228628290181914329e-01,7.361630267971981667e-02,2.210068612099461705e-01,8.437674453691866583e-02,1.024262073736690176e-01,1.684380606443911244e-01,1.058225808734908485e-01,2.662095822591314387e-01
4.122073994033705890e-01,2.931960102414009062e-01,2.959025549974474423e-01,8.709347554660975543e-01,5.146724679144036585e-02,5.373608709295526475e-01,3.266742275469377565e-01,3.745222439600620623e-01,1.676990747351707889e-01,6.312834738332305795e-01,2.036034122531184265e-01,8.892348595595603866e-01,4.780486067884811424e-02,2.122703444218707880e-01,1.487709580605153514e-01,3.900820408626071156e-01,2.202291791113621389e-01,-3.180861372871480325e-02,1.012752586998503790e-01,1.000000000000000000e+00,4.960670903990550551e-01,2.517259448171956238e-01,4.982895333035388674e-01,2.795939477085703229e-01,-1.464274847219241074e-02,3.354169795685071898e-01,2.482047174549496804e-01,6.963213891214691253e-01,3.290163153015129294e-01,4.950868833601325680e-01,-3.948048121733316144e-03,3.058241224935579275e-02,2.508113082654275239e-01,3.330076237721664723e-01,3.299802960671018859e-01,3.021492613895623291e-01,2.238717273699938615e-01,8.543443510720919454e-01,1.478402027374455321e-02,4.937434172448837422e-01,3.044385636179807730e-01,4.908424065265307723e-01,3.006142200996432812e-01,5.084501687346230092e-01,2.953907402678252470e-01,8.761498167900690914e-01,1.367299050657534987e-01,2.344685406078874657e-01,1.145182351179155344e-01,3.595482825294250562e-01,3.646227001574763871e-01,6.684185483229510005e-02,3.104670687606608803e-01,9.186152783010136380e-01,4.826510207918834339e-01,3.480828327394754340e-01,5.806862667220451524e-01,4.265601977938175415e-01,1.084889744922474114e-01,3.376449649681621534e-01,3.928219860803784380e-01,6.706019414260459000e-01,3.052952364388796247e-01,5.266765971120759282e-01,1.363988094034683241e-01,4.655013564033080170e-02,2.541930892897493743e-01,4.028922785037087895e-01
4.686296148076769530e-01,3.163723882595564918e-01,3.856875152181469812e-01,3.966769635367188296e-01,3.904639967971176157e-02,4.255151427082027316e-01,3.074100044355028150e-01,4.957938630898906518e-01,2.014753033975882623e-01,5.211053484707076633e-01,3.333640177417951378e-01,4.196290825657036372e-01,2.359115637582849256e-01,4.183815749576945131e-01,1.330668482277959641e-01,5.853629813002771964e-01,2.936680148993182082e-01,1.953498695917013084e-01,2.300564165904727121e-01,4.960670903990550551e-01,1.000000000000000000e+00,2.380032448819430491e-01,7.866640496336365640e-01,1.734037437288711014e-01,5.688079611149043924e-02,3.911249345365613861e-01,4.174467019769946274e-01,5.108266172322085685e-01,6.082372490702199208e-01,5.685851115768659758e-01,1.171450938134697417e-01,9.081898101933748302e-02,4.038248457978175776e-01,4.995428843159520071e-01,4.900602315209205972e-01,3.436252859743180732e-01,2.556670340466793423e-01,4.184894102184548714e-01,-9.450636795260177261e-03,3.735143666931937112e-01,2.568903800423820161e-01,5.390939168782920010e-01,2.620252331258820511e-01,4.856724425655684629e-01,4.337766990574546955e-01,4.389073923798310628e-01,2.928659131170274765e-01,3.544243378710771331e-01,9.049982786851613892e-02,5.264315042506072517e-01,3.442377073254530573e-01,2.406861396824130084e-01,3.874980795118248555e-01,4.922913180710668524e-01,8.465085311578685046e-01,3.108839559449018686e-01,7.747179093785626636e-01,2.317278372836744094e-01,1.813393752652461277e-01,3.042486135824909455e-01,4.626888425120831982e-01,5.481930235411847097e-01,6.199505418789788003e-01,5.327501203367911442e-01,1.793069084287618187e-01,1.116916161790661860e-01,3.860053516129926532e-01,5.631929727278144338e-01
2.067434741890747385e-01,2.754564978725880797e-01,3.066405503158593504e-01,3.702789903295551355e-01,2.602631760822585530e-02,1.479409600672138558e-01,4.657383581781942006e-01,2.561306248975886990e-01,3.742415328671061525e-01,2.301634458745888956e-01,2.868452140924140914e-01,2.082566340320606280e-01,1.754262818305233340e-01,3.395992709589077396e-01,1.091017496403295928e-01,3.114493415870037696e-01,2.013661822035623106e-01,6.573353905751910808e-02,1.331036866645625427e-01,2.517259448171956238e-01,2.380032448819430491e-01,1.000000000000000000e+00,1.821390490280575813e-01,5.402852406922967754e-01,2.177606242779617784e-01,5.389375404743023124e-01,3.766605415374980614e-01,2.434898847479701756e-01,2.200978066235107500e-01,3.494991659849258636e-01,1.576223762938985806e-01,1.455800217843482569e-01,1.413955747516560946e-01,2.955051731674721016e-01,8.246497817040786271e-02,2.804714341411829737e-01,2.014151155092459844e-01,3.454700883782875764e-01,-8.082224790555912752e-02,5.586345019461132905e-02,3.768257546148155446e-01,1.582809354132769242e-01,4.629099139776005067e-01,1.578109909535808930e-01,3.062916032770335861e-01,2.309097653578628673e-01,2.208960807886016509e-01,2.924799578954989654e-01,3.945207979556994426e-02,2.551311556013374227e-01,2.186575822226278498e-01,-4.327765890579403363e-02,1.729813580059844647e-01,2.308423174204649597e-01,2.827986624219063216e-01,5.555348465286099602e-01,2.272304183444505410e-01,5.270648471013511527e-01,3.188471665754582518e-01,4.363193834502686608e-01,3.641129330753193893e-01,2.475428487263837962e-01,2.165388152746018924e-01,3.207498621444481168e-01,1.585663004815231758e-01,4.535695091473974927e-02,1.941071468116685184e-01,3.297777435240840105e-01
4.278989249797062744e-01,3.448322035932063767e-01,4.465748145061388397e-01,3.639522065689551056e-01,5.489163472498632956e-02,4.115185152196677576e-01,2.580861639912794270e-01,5.457727616807255266e-01,1.156741341515974825e-01,4.189963717917697950e-01,3.516789655254884961e-01,4.363950628937252607e-01,1.688969250242269016e-01,3.521383039035126949e-01,1.356029233668129552e-01,6.158132542979471991e-01,4.315847087490334855e-01,2.356967789375962463e-01,2.687892603551007564e-01,4.982895333035388674e-01,7.866640496336365640e-01,1.821390490280575813e-01,1.000000000000000000e+00,5.992727297388657920e-02,-6.342458068024839704e-03,4.480678723879264469e-01,4.237484718806641126e-01,5.050907065652587846e-01,5.719869302187924331e-01,6.308903231894529284e-01,2.980753841378989272e-02,3.515227759515912598e-02,3.342435243082050866e-01,5.122710494385761537e-01,4.264174186973524461e-01,3.370945749282985848e-01,3.101653061414639256e-01,3.791953777367081391e-01,-6.579717383253055765e-05,3.987862600763211196e-01,2.323512817353037829e-01,5.505071834282301291e-01,1.795444164573742063e-01,3.956001004428253975e-01,4.534968055460858460e-01,4.466412998840663118e-01,1.949114120164265607e-01,2.711822873550046586e-01,1.285975705097804900e-01,5.332407942055154004e-01,5.103420266278285711e-01,2.537699980085907359e-01,4.627144696841080096e-01,4.800751804597556682e-01,7.063237405474492858e-01,2.644157177614682719e-01,8.370912472021819761e-01,1.262889179869055578e-01,1.364466683476243114e-01,3.564450108374469517e-01,4.560582818975872921e-01,5.312478033457995741e-01,5.538160323540790575e-01,5.542408647575721714e-01,9.120877648214228972e-02,9.673428683835430530e-02,3.572440227787949119e-01,5.522955883339722982e-01
