1.000000000000000000e+00 -6.163792001621129502e-02 5.144083785151283283e-01 1.196004373288824529e-01 1.695526267489538136e-02 2.299874854285454684e-01 5.027543129627434215e-01 2.669928155790420865e-01 2.746883026664443395e-01 2.679744056305594091e-01 2.162371909877572329e-01 2.246254976314878138e-01 2.268838996033019084e-01 6.576597579504153135e-01 9.044508021936090159e-02 2.029955013107777040e-01 3.362314872802382171e-01 3.133623966150588802e-01 4.181001675738016954e-01 1.952085894652793308e-01 2.228508512839635636e-01 1.274207922439371254e-01 1.382757968361389422e-01 3.440911628742805428e-01 1.764122681825232020e-01 1.060268444972696233e-01 4.581167024268462118e-01 9.140464135611500729e-02 3.901875636913327283e-01 1.984494948729594865e-01 9.371792883529789231e-02 2.422757209516405996e-01 1.350490287992741345e-01 5.131799227723726070e-02 4.650843949026863267e-01 -4.938753715598496324e-02 3.068331466051000267e-01 8.709271518184422134e-02 2.832052892607152608e-02 2.109607633895706491e-01 3.774272090353959497e-01 1.970366598098602651e-01 2.680798293270293953e-01 2.590386953351316301e-01 2.144878954036628649e-01 1.924406245675499005e-01 1.966421860232352714e-01 4.492843890651758154e-01 1.398699213568926347e-01 1.723320884594695956e-01 1.916689033447612628e-02 2.396683722578276110e-01 1.384605694671247056e-01 2.144913317250266294e-01 2.034761523650455151e-01 5.270799612319096439e-02 1.137992851363480995e-01 2.225474168182609569e-01 5.408023342589087651e-02 9.499731606204227241e-02 2.167138341355199227e-01 9.790486573014815785e-02 2.810066536154850469e-01 -1.822756877039412304e-02 7.574553478323714506e-02 1.467832095574227169e-01 1.718298527683117527e-01 2.597937553480671180e-02
-6.163792001621129502e-02 1.000000000000000000e+00 6.637976844519187514e-03 2.115807934558648906e-01 1.625001198109481473e-02 1.562776584377702505e-01 -2.337031145314118902e-02 1.460276150976506926e-01 3.678761439793359900e-02 1.816246861700108461e-01 1.059520759463332407e-01 1.862563217266701432e-01 -6.189698810712736254e-02 -3.206042858892670794e-02 2.310043283934579833e-02 4.238033405292956218e-02 2.239859494336855494e-01 -1.284657832401129296e-01 1.185452877574434821e-01 1.831304333791611005e-01 1.039638444276617391e-01 2.890247095525259602e-01 1.497476952743590217e-01 1.228611512373523618e-01 8.548407335379505645e-02 2.316957081413227593e-01 1.810425427719968283e-01 2.687392709335841290e-01 1.111505893236604259e-01 2.956897785199705253e-01 -4.835626398961963973e-02 3.609134679382126898e-02 1.978809424702705766e-01 2.944582948205251571e-01 1.414123545190793807e-01 3.684671983797589978e-01 8.984403563657593350e-02 1.659235734787950500e-01 5.615361814788459582e-02 1.269183989550735081e-01 8.863754659276541770e-02 2.271070358663284383e-01 7.029589778911804476e-02 1.839175574331054774e-01 1.381776231264852106e-01 1.738112208017281446e-01 -6.625531318995976637e-02 5.311406326083555063e-02 2.452039972799029480e-02 1.528722112992606796e-01 3.441206245521379881e-01 7.303345581886674931e-02 2.657858436290589932e-01 1.976641236818901526e-01 9.863310114034908038e-02 3.344390437046027564e-01 2.122129889584988827e-01 2.240577846010350649e-01 1.072845809994852212e-01 2.982731208377190635e-01 3.375005602820858597e-01 2.698407368839648712e-01 1.496570901498259221e-01 3.857713964784826310e-01 2.716430127932122768e-02 -9.943738734647204758e-03 1.961251506192536742e-01 2.700623918885801666e-01
5.144083785151283283e-01 6.637976844519187514e-03 1.000000000000000000e+00 -2.226494750292875441e-02 1.949728270730563540e-02 1.590954334465253250e-01 7.831066442172055497e-01 4.828180078626518323e-01 4.168218851354970611e-01 2.192896585962792189e-01 3.875287661626208857e-01 1.674675002828420745e-01 2.713823694111501816e-01 7.002562274883059601e-01 1.839851825501253313e-01 -4.135439961242092302e-03 4.428710356553750005e-01 3.485533083426353707e-01 4.617688679023138620e-01 4.033537526092199066e-01 -8.772599597201967414e-02 2.760853945284116318e-01 -7.111705707189262815e-02 4.966924621518526983e-01 2.394621194160415079e-01 4.362704945160536529e-01 6.303134172478637165e-01 1.483087671568567301e-01 6.126759188702221581e-02 3.995597309346790027e-01 1.448989101001323943e-01 1.189995140072388768e-01 1.111078584879844067e-01 -1.491244867987201808e-02 3.267602162292101431e-01 -4.574874863377444145e-02 6.539880853149451223e-01 -1.130051363567086964e-01 2.002149734413890408e-02 5.011632974785855399e-02 6.183166374872168802e-01 3.290048400848762933e-01 3.721099098250522097e-01 1.799363091017099070e-01 2.926232174062260438e-01 7.256062366170530631e-02 2.646182851535067715e-01 5.244989786531885079e-01 2.115005700017958679e-01 -5.917441966347049276e-02 1.143517463115146099e-01 3.858004935453573925e-01 2.275880627758786467e-01 3.883890112212690093e-01 -8.630991488786451948e-02 1.537669393556571062e-01 -1.008606386743907818e-01 3.056223626328996024e-01 1.212937190355818096e-01 2.879213931513573410e-01 3.731334256933470095e-01 9.894823804462495043e-02 5.330482384050451439e-02 1.396003121806178859e-02 2.482213763705478637e-01 8.651591979496577045e-02 1.283218723958816920e-01 -9.542685511187229408e-02
1.196004373288824529e-01 2.115807934558648906e-01 -2.226494750292875441e-02 1.000000000000000000e+00 4.938241159307701911e-02 4.124111456684440569e-01 8.477884797298754216e-02 1.208447112403107093e-01 1.891428724802250438e-01 3.227718686995000308e-01 7.263841710668091090e-02 7.128791537989759286e-01 6.970279362619226371e-02 3.510982537035092776e-03 1.374801835429850239e-01 3.677045277590633710e-01 8.044236860016241997e-02 -1.235781921676546852e-01 7.911222461870608125e-02 4.416069780684375723e-01 4.604565196245754555e-01 2.527052840583702831e-01 4.520932768944660451e-01 3.037699193646693496e-01 2.121322069467536375e-02 1.921844588553890676e-02 1.081191926582987378e-01 6.170858035171635780e-01 3.960600584823054660e-01 1.463709651507282272e-01 -7.179168367932295403e-02 9.272698456617683993e-02 3.581392158778913259e-01 4.234807781557867190e-01 2.153472370137264336e-01 2.304523197972868087e-01 3.098720726347238899e-02 8.792687450770956259e-01 3.224682995708311184e-02 4.426091165950039596e-01 1.048712693500089277e-01 2.183769429239819371e-01 2.614391781635650447e-01 4.275540422457626555e-01 3.589825569475252331e-02 7.596160051089415610e-01 9.127085670561520259e-02 8.457752690270162188e-02 1.935367838795276629e-01 4.771039914748232413e-01 2.602607189648205033e-01 -7.478459940711371101e-02 1.007921952519614112e-01 5.371814568913323429e-01 4.794529489033183545e-01 2.871563064993548076e-01 5.256746730241725896e-01 4.469884507486088232e-01 5.743166563167596134e-02 8.645417245302512710e-02 2.033192754797634727e-01 6.256380916897008593e-01 4.314934039022192414e-01 3.906819669476283563e-01 1.491350662163881159e-02 1.493371083632127720e-02 3.975074761815809987e-01 4.273369628345367599e-01
1.695526267489538136e-02 1.625001198109481473e-02 1.949728270730563540e-02 4.938241159307701911e-02 1.000000000000000000e+00 1.327032869343505728e-01 3.986153834940781016e-02 7.896296318411000215e-02 4.964422383775383280e-02 1.046929440943402401e-01 4.115507582760331851e-02 8.531608713780286513e-02 3.254914436059692939e-02 1.700248160719234139e-02 8.350311283859940259e-02 6.209626493252217577e-02 1.683028974157042140e-02 3.134237864084911396e-02 6.896300095905061843e-03 3.667193573978199533e-02 8.962237817888875357e-02 4.499511696912562864e-02 9.153581469458840769e-02 5.829797143882897714e-02 2.845176884316550844e-02 4.852969534654263950e-02 3.753437993614110874e-02 9.114545263318699075e-02 9.704925815865078631e-02 2.971831464167374454e-02 1.913933199023828274e-03 9.974764985614781310e-02 8.051891651742076883e-02 8.732078942156354384e-02 5.309266432144778280e-02 4.281026235522687740e-02 3.439433026998195420e-02 6.845870179814930734e-02 1.764571837872150328e-02 1.160853741223904778e-01 5.537029832981826827e-02 1.001619040720014842e-01 6.735875738779510680e-02 1.172376456572244707e-01 1.320201119431172430e-02 8.029295455618137844e-02 6.215541370476452415e-02 5.090112029210971945e-02 4.903264070683942266e-02 8.194348079909502536e-02 5.238357416892502894e-02 1.560640556031878123e-02 4.402265261337021812e-02 4.990873624354778132e-02 8.875066644463767973e-02 4.675677610237489318e-02 1.011649037337236656e-01 8.305971151823461629e-02 4.652555229676168247e-02 4.432174695775479428e-02 5.366807525226004183e-02 1.056198061705590219e-01 1.047691736652577588e-01 7.061702095195858397e-02 1.115710690406874171e-02 -5.291605292822479378e-03 5.361898918493777921e-02 8.955749702884686914e-02
2.299874854285454684e-01 1.562776584377702505e-01 1.590954334465253250e-01 4.124111456684440569e-01 1.327032869343505728e-01 1.000000000000000000e+00 2.691246417653413991e-01 4.473500369713434011e-01 1.893930147390249785e-01 6.493765438884340213e-01 1.895007974864116318e-01 5.911370965776794328e-01 1.475284685937960916e-01 1.855192411462315283e-01 2.558617855487683168e-01 3.642586110396357491e-01 2.102481145836406218e-01 6.027590674528792575e-02 1.771116100601566878e-01 3.161086252405289065e-01 4.281268811336840230e-01 2.193179016532254555e-01 4.395256694112955609e-01 3.011714995939293038e-01 5.191923717290396201e-02 1.243052702054910363e-01 2.193030572079325280e-01 6.045922926375403295e-01 4.564052091734902006e-01 3.050221918804108534e-01 5.118146392911148562e-03 2.104999812869724485e-01 3.120980313052316157e-01 3.584558874708274612e-01 3.433235837862133599e-01 1.880746053405091822e-01 1.671851602026146744e-01 4.582414105049087971e-01 5.712101608677517400e-02 7.099007393034397762e-01 2.450450832331587114e-01 4.170286787314541055e-01 2.484874055754907052e-01 6.579868133044254330e-01 9.698630993948807733e-02 5.805773102692723953e-01 1.522433880951304386e-01 2.384005625566169850e-01 2.940998630291686844e-01 4.154602139735522615e-01 2.588109969027503898e-01 6.025132529963207750e-02 1.843380366197164832e-01 3.533721810653137618e-01 4.249249379707484287e-01 1.755915851595930555e-01 4.675495458719192698e-01 3.847068667664437225e-01 7.633997469664857705e-02 1.503621761594129969e-01 2.115758833150120644e-01 5.967478886235603186e-01 4.622552276006904326e-01 3.738639928939987422e-01 6.453042490887597737e-02 6.055826345263031624e-02 3.360363136075344981e-01 3.524746967090688909e-01
5.027543129627434215e-01 -2.337031145314118902e-02 7.831066442172055497e-01 8.477884797298754216e-02 3.986153834940781016e-02 2.691246417653413991e-01 1.000000000000000000e+00 5.540599940463978301e-01 5.788449784232327922e-01 2.669279283084913801e-01 3.917488467636942584e-01 2.674723515031512400e-01 3.537927671082349290e-01 7.507269695244950247e-01 3.171280152012560527e-01 5.937416762320320979e-02 2.506208946251460845e-01 3.017788476983692680e-01 3.185801393935776549e-01 4.321354415194545995e-01 -1.899978351408493360e-02 3.686147753756333634e-01 -7.602009905514012233e-02 7.186314607329447046e-01 3.058109983345413396e-01 4.052858551012140653e-01 5.924016277037336131e-01 2.755771634397157777e-01 1.181144549548329148e-01 3.876709604898260775e-01 1.676425878625862897e-01 2.031232902483214586e-01 1.665658845342897210e-01 3.588287255436531376e-02 3.673471194064136247e-01 -3.756947813108771350e-02 6.964682572520124459e-01 -1.438396835480670183e-02 5.113624842512391744e-02 1.929342429611454746e-01 7.724503495511327866e-01 3.951012457551037471e-01 5.546979663969062724e-01 2.573796115285360009e-01 2.806057179772621923e-01 1.951538045624745532e-01 4.106439867893785234e-01 6.631207994627253965e-01 3.417497257027415913e-01 2.936733144671396095e-02 9.331608773906120702e-02 3.609001774278521868e-01 1.938870971345315053e-01 4.406534218743034526e-01 -1.076389192649045146e-02 2.547320182930205013e-01 -5.223087872635050199e-02 5.557921086472511485e-01 2.075666831660784029e-01 3.179955987287023667e-01 4.252707820252167314e-01 1.983144960597887363e-01 1.441549060809701466e-01 4.325420725840649350e-02 3.193177189895105572e-01 1.399487828758141372e-01 1.799329911466642784e-01 -3.161538020020966677e-02
2.669928155790420865e-01 1.460276150976506926e-01 4.828180078626518323e-01 1.208447112403107093e-01 7.896296318411000215e-02 4.473500369713434011e-01 5.540599940463978301e-01 1.000000000000000000e+00 2.489515663883571650e-01 3.410958212468984674e-01 4.006201556602160263e-01 2.890562577734349659e-01 1.461670102367103596e-01 4.475361750544033512e-01 2.489651113491123113e-01 1.386893749146073662e-01 3.915109632409057294e-01 2.361123309494743694e-01 3.604557903541676933e-01 3.622613943027130357e-01 1.382336294429543366e-01 3.013167350041766612e-01 1.913341499961850323e-01 3.507344708527855293e-01 4.683720838546170939e-02 4.260379748357669971e-01 3.495688249919570167e-01 5.414321120085919814e-01 2.203387094507396893e-01 6.646217092323037923e-01 6.839282984023824230e-02 1.353213108147651444e-01 2.226793894938804697e-01 2.738605903356172711e-01 3.236196294034693333e-01 1.335263078984509910e-01 4.899551969875562962e-01 7.691896237952770832e-02 6.266663037757835841e-02 3.086433647852438455e-01 4.979694573989568163e-01 6.116050211651590240e-01 2.915467035920055183e-01 3.333072517807108559e-01 3.071275854455224330e-01 2.362429936695091270e-01 1.498666019463177901e-01 4.256634353524736403e-01 2.302730287092063510e-01 1.612418356471621572e-01 3.626436128056876873e-01 3.352330792027019557e-01 3.496393398870243363e-01 3.696293365528382502e-01 1.302508863513746062e-01 2.330945975672279458e-01 2.045171773154170480e-01 3.544864766741726014e-01 3.302688173779953079e-02 3.693158230846894652e-01 3.227294878646192466e-01 4.807672972110146326e-01 2.313527526461671702e-01 4.214756602540908892e-01 2.408529486206941184e-01 3.406606151919423786e-02 2.461777792275982868e-01 2.042947787749560540e-01
2.746883026664443395e-01 3.678761439793359900e-02 4.168218851354970611e-01 1.891428724802250438e-01 4.964422383775383280e-02 1.893930147390249785e-01 5.788449784232327922e-01 2.489515663883571650e-01 1.000000000000000000e+00 2.120849989391632162e-01 1.918942599986525610e-01 3.094981117561550477e-01 3.483630900600404035e-01 4.241449311840055358e-01 2.926006192407587525e-01 1.062263245273919188e-01 3.513219048580593085e-02 8.165442047596914443e-02 6.797091709195307585e-02 3.817397269573921670e-01 7.861565116986589385e-02 3.880893575782323190e-01 -5.040265458597012471e-02 6.831506142937925352e-01 3.354903375980072822e-01 2.076651777250652642e-01 4.175361436582759045e-01 1.318154027447591692e-01 1.639574959421911393e-01 9.838935230305272117e-02 1.082184764947213412e-01 1.818490558557175063e-01 2.161097169501980109e-01 1.221750976841220609e-01 2.154404753287020302e-01 7.188011871005040021e-02 4.072560850168975843e-01 1.105433503644577403e-01 8.648761694708981262e-02 1.579550511211200992e-01 5.177732342800491772e-01 1.919283909257008258e-01 5.664042945416776220e-01 2.123133812851150937e-01 1.524736549883112247e-01 2.441772298973015620e-01 4.583838716208087916e-01 4.371404249383693541e-01 3.277444815057941607e-01 1.324325431722099822e-01 2.198613084237645635e-02 1.234999073574947481e-01 5.058684344093082597e-02 3.905614817264810856e-01 9.975408215389673650e-02 3.278937947536294528e-01 1.381039883734344609e-02 5.687445936418542569e-01 3.089645411937706476e-01 1.797631177533807467e-01 3.641227152910329057e-01 1.302263239383762705e-01 1.891494481036599673e-01 4.198313549999095617e-02 2.576740246286778890e-01 1.538538596489772703e-01 2.073229168479111539e-01 1.107640239378397118e-01
2.679744056305594091e-01 1.816246861700108461e-01 2.192896585962792189e-01 3.227718686995000308e-01 1.046929440943402401e-01 6.493765438884340213e-01 2.669279283084913801e-01 3.410958212468984674e-01 2.120849989391632162e-01 1.000000000000000000e+00 1.677945725126072374e-01 5.462962922292720069e-01 1.039018846113934913e-01 2.455619537871326086e-01 1.483299768529334206e-01 2.682420530053207797e-01 2.250973138414917307e-01 6.402810943341011307e-02 2.497830007602006019e-01 4.968924212384801531e-01 3.099401320023984496e-01 2.582108969028286127e-01 2.957801103068988247e-01 3.069842029291507957e-01 1.329718684527160522e-01 1.393493786598060669e-01 2.763495502755710653e-01 4.230193530509757660e-01 3.672891562638619933e-01 2.395991409754120449e-01 9.483435382280670789e-03 1.505871586148451458e-01 3.137743363700192800e-01 2.733346017878051093e-01 3.695189432876280211e-01 1.886882970143737570e-01 2.293746750917536326e-01 3.533236099376381723e-01 4.830208035541796313e-02 6.058190035298050002e-01 2.832845574398287214e-01 4.187998375214383451e-01 2.784087738118274924e-01 8.679502388797850632e-01 1.872035767183148069e-01 5.059496800176261910e-01 1.436299446559198556e-01 2.843351587786471790e-01 2.184369352676976961e-01 3.333914877946336786e-01 2.492300112660902900e-01 1.818960065572494678e-01 2.548344653887406053e-01 5.093996218433676226e-01 3.141300256310204930e-01 2.157994780247522726e-01 3.499889910567901552e-01 3.345522137120123807e-01 1.357834677746475593e-01 2.048319048323638814e-01 2.665972005600443229e-01 4.633786702011293834e-01 3.748431126288397364e-01 3.076584930216352820e-01 1.203108386921270812e-01 7.604820565470236937e-02 3.278241258054246376e-01 2.770761613270031898e-01
2.162371909877572329e-01 1.059520759463332407e-01 3.875287661626208857e-01 7.263841710668091090e-02 4.115507582760331851e-02 1.895007974864116318e-01 3.917488467636942584e-01 4.006201556602160263e-01 1.918942599986525610e-01 1.677945725126072374e-01 1.000000000000000000e+00 1.631178508185950338e-01 2.615438897188837042e-01 3.611508682252098645e-01 1.276750398716748613e-01 3.237269703408745397e-02 3.855058155951263110e-01 2.915254158362891035e-01 4.195720872184662276e-01 2.844349063224439478e-01 1.304761171943465137e-02 2.378836164728217462e-01 3.638988341795658388e-02 2.588573459423886280e-01 1.729575101369396628e-01 3.352244288661656579e-01 3.584790810600936295e-01 2.403768026542827119e-01 1.136416757153226181e-01 3.964637225426108635e-01 4.317152999009847558e-02 1.398584486406981575e-01 1.231107128702331188e-01 1.490259811876278317e-01 2.947886803829546376e-01 9.237575660314586989e-02 3.519613392861646872e-01 1.329305719166856692e-02 2.645898158334631517e-02 1.315183404350812602e-01 3.469835549586207102e-01 3.541979055367985851e-01 1.804230522454368935e-01 1.768098339814050401e-01 3.325604573194095859e-01 1.239659841365179788e-01 1.341687563492169610e-01 3.173551921035890344e-01 1.544476767113545368e-01 6.127441136696135798e-02 2.705783568221841739e-01 2.968442429190095155e-01 3.256560385290706017e-01 2.838758770626363948e-01 1.418570341295786325e-02 1.850446997196726062e-01 6.704337385687812734e-02 2.299199230078836642e-01 9.386300176925223282e-02 2.329678694476804701e-01 2.860316178154899691e-01 2.089820673070220680e-01 1.211086577977030510e-01 2.270233746997934732e-01 1.769681661579819987e-01 4.032191268158751007e-02 1.669217131113531760e-01 9.294707827557877056e-02
2.246254976314878138e-01 1.862563217266701432e-01 1.674675002828420745e-01 7.128791537989759286e-01 8.531608713780286513e-02 5.911370965776794328e-01 2.674723515031512400e-01 2.890562577734349659e-01 3.094981117561550477e-01 5.462962922292720069e-01 1.631178508185950338e-01 1.000000000000000000e+00 1.590708926228645015e-01 1.827954250510741285e-01 2.653663851232113124e-01 3.806732643511053782e-01 2.169551079575916253e-01 -1.785134462406795866e-03 1.823074848112619106e-01 6.382545954236250596e-01 4.710456651420791285e-01 3.217929956031184147e-01 4.221396255441111078e-01 4.325226610574129937e-01 9.291648869126946375e-02 1.134903325093869070e-01 2.404886298245569598e-01 5.970653212595282699e-01 4.507046781502774824e-01 2.429264803081236657e-01 -8.296892512273439102e-03 1.682265406962130672e-01 4.202769072257680483e-01 4.428583795660709921e-01 3.206448843290835016e-01 2.470768044214231574e-01 1.977188728380866456e-01 7.045243764408293252e-01 5.653884990831414131e-02 5.591779804561440859e-01 2.807056200973596649e-01 3.172221715342722348e-01 3.737925849429386549e-01 5.584116056727177480e-01 1.205215258271800927e-01 8.298368611620933200e-01 1.682878841160310168e-01 2.320129682807177129e-01 3.159821752905118686e-01 4.637397489823721353e-01 2.791379301714129735e-01 5.513963869730123535e-02 2.003040557677866484e-01 6.608483311766915058e-01 4.781142901131022471e-01 3.038759020423418278e-01 4.640291734584926497e-01 5.220207134380777658e-01 1.293013724786023499e-01 1.452712511175654753e-01 2.835327933837121228e-01 5.971761900608263396e-01 4.635475058696666428e-01 3.838399133071315750e-01 8.984582766004153842e-02 6.381596913078806110e-02 4.469365143630497639e-01 4.245958268369638411e-01
2.268838996033019084e-01 -6.189698810712736254e-02 2.713823694111501816e-01 6.970279362619226371e-02 3.254914436059692939e-02 1.475284685937960916e-01 3.537927671082349290e-01 1.461670102367103596e-01 3.483630900600404035e-01 1.039018846113934913e-01 2.615438897188837042e-01 1.590708926228645015e-01 1.000000000000000000e+00 3.264754465372599057e-01 2.354756136317359139e-01 1.031692591779309193e-01 3.642222762444738415e-02 1.362515956584024190e-01 1.486424451119719992e-01 1.781883074733603689e-01 1.293261172764439138e-01 1.271402568259461519e-01 4.511538325137261218e-02 3.435646779486569713e-01 3.424224088533624477e-01 -3.560553382897070629e-02 3.723898300174894871e-01 6.423607480875792586e-02 1.684878709936374896e-01 3.017068827043875578e-03 1.391250798274015765e-01 1.349946653933215834e-01 1.173329514390320377e-01 1.046862983709840184e-01 1.671332964567600887e-01 -7.746475982682372863e-02 1.087089671880455133e-01 4.916295886127219905e-02 1.963270632836588980e-02 1.250038645733713427e-01 1.703998292038503559e-01 6.341608161224372708e-02 2.477653134709434657e-01 1.174560445361145511e-01 1.157665270193075496e-01 1.185225581166770847e-01 4.543917381456387683e-01 2.296685417996821577e-01 2.481262465817979657e-01 1.217277778620901724e-01 -8.205332249175928405e-02 1.663408922901661591e-02 1.037678812438912017e-02 1.844548451392694355e-01 1.456657627911381037e-01 -1.028211905266249995e-03 6.255235168762901532e-02 2.434634084588299108e-01 1.489091240089794599e-01 -1.699001445766229745e-01 6.896675268336752151e-02 3.418697721923102256e-02 1.728545252134749688e-01 -6.843685302889299105e-02 1.432459921655692414e-01 1.276017716676394465e-01 1.315830350161412976e-01 8.512833022078138134e-02
6.576597579504153135e-01 -3.206042858892670794e-02 7.002562274883059601e-01 3.510982537035092776e-03 1.700248160719234139e-02 1.855192411462315283e-01 7.507269695244950247e-01 4.475361750544033512e-01 4.241449311840055358e-01 2.455619537871326086e-01 3.611508682252098645e-01 1.827954250510741285e-01 3.264754465372599057e-01 1.000000000000000000e+00 1.565004984952975409e-01 8.155226011743604841e-02 3.365920169952604235e-01 3.806383161791827563e-01 4.681673337482565311e-01 3.235661609025098917e-01 4.488825670626286901e-02 3.052222567802400643e-01 -4.332330813818347642e-02 5.090636479238783707e-01 3.147032819107305479e-01 2.243720490107931620e-01 5.993649071488538205e-01 8.621007092923728410e-02 1.968146027579559809e-01 3.631385047108895980e-01 1.663279600210441078e-01 2.577519814921618302e-01 1.357919215372978550e-01 2.765908551450162178e-02 4.922292032858267552e-01 -3.972979340415429272e-02 5.618605909839028412e-01 -7.708740757521116704e-02 1.341034222725261647e-02 1.114480997264415130e-01 6.389004449374272587e-01 3.184579047510034400e-01 3.970285136128784975e-01 2.022957479870391984e-01 3.724610017334487599e-01 1.121533102724308617e-01 3.076823067493418828e-01 6.945432716375194993e-01 1.974097819044906832e-01 5.624738275573186452e-02 6.530303589598526748e-02 4.529865638088259594e-01 2.712175793773445309e-01 3.195018814163484433e-01 4.263853264395603415e-02 1.790685519475344878e-01 -3.116762075371273810e-02 3.359966464955934096e-01 1.570125191908263718e-01 2.101991932551091069e-01 4.078380378201229561e-01 6.902738801560534543e-02 1.761996211548450542e-01 2.633292885035476427e-02 2.208734273681553784e-01 1.758104821222786773e-01 1.796111762309866300e-01 -4.233979501637483156e-02
9.044508021936090159e-02 2.310043283934579833e-02 1.839851825501253313e-01 1.374801835429850239e-01 8.350311283859940259e-02 2.558617855487683168e-01 3.171280152012560527e-01 2.489651113491123113e-01 2.926006192407587525e-01 1.483299768529334206e-01 1.276750398716748613e-01 2.653663851232113124e-01 2.354756136317359139e-01 1.565004984952975409e-01 1.000000000000000000e+00 1.301618991970426853e-01 7.459676056502093956e-03 3.047011947815653904e-02 3.507822769972745568e-03 2.393632336329504784e-01 1.298573037108384509e-01 1.768950426639359641e-01 8.952351610528307135e-02 3.779111796684699320e-01 1.685150996106823951e-01 1.083067435590686356e-01 2.267245739987094610e-01 2.216363432456558147e-01 1.573498547137727188e-01 1.145837107152330309e-01 2.737256691226428590e-02 1.010618416741442260e-01 1.880064442148755566e-01 1.606171761570739931e-01 9.803257528811920585e-02 6.719548456629484412e-02 1.807742274880681788e-01 1.161640706982888516e-01 3.833357933528305089e-02 1.705542275180470524e-01 2.278051761027708455e-01 1.414968030957031164e-01 3.035223304684925849e-01 1.476770404084566946e-01 3.453175390341874096e-02 1.993504580241271251e-01 2.907369749375570134e-01 1.673346425725238951e-01 3.067937627988837068e-01 1.495959096750441031e-01 2.352459429173230088e-02 -1.682401009150017931e-02 4.974639943039494902e-03 2.504305362397718504e-01 1.399269729232456294e-01 1.183991146899973090e-01 1.050016426043549195e-01 3.656355990670737133e-01 1.459254515206086789e-01 2.656296692662501319e-02 1.175996491751358231e-01 1.807407273779696455e-01 1.649454851026520008e-01 6.276464869448798722e-02 1.102438854183454275e-01 6.414938357035555871e-02 1.643002239614373139e-01 9.879384338442853686e-02
2.029955013107777040e-01 4.238033405292956218e-02 -4.135439961242092302e-03 3.677045277590633710e-01 6.209626493252217577e-02 3.642586110396357491e-01 5.937416762320320979e-02 1.386893749146073662e-01 1.062263245273919188e-01 2.682420530053207797e-01 3.237269703408745397e-02 3.806732643511053782e-01 1.031692591779309193e-01 8.155226011743604841e-02 1.301618991970426853e-01 1.000000000000000000e+00 4.592371832876826487e-02 -5.598826816955672706e-03 5.269691229682889333e-02 9.358049157096332005e-02 6.961866525827128394e-01 1.404982955558316537e-01 6.396101193301584331e-01 1.869359243685426719e-01 3.124989249776927158e-02 -5.672796258782156903e-02 1.758416290448137353e-01 3.434893298931955274e-01 5.583340519188365603e-01 1.259879410438233538e-01 -2.551004677027191025e-02 1.646053728160836727e-01 4.019091992314759443e-01 4.278276642389213791e-01 2.553785320755595500e-01 7.713277125241918553e-02 -2.453789175125598021e-02 4.306179056554267914e-01 2.955620469866391056e-02 4.042307974920420488e-01 5.016752867822325823e-02 1.723123366317766691e-01 1.644587969257632065e-01 3.179150282494277446e-01 2.451710362852113634e-02 4.153979356807862011e-01 1.212628373021820832e-01 1.155077474753615080e-01 1.769466999019924380e-01 6.545017341428892577e-01 1.372293796007004740e-01 -5.537211410046906368e-02 5.562018710062273386e-02 1.253829774415312903e-01 6.855394886904762064e-01 1.162629927000388419e-01 6.110807698883131689e-01 2.604727429707194286e-01 2.907028463506835386e-02 -3.518933441436811888e-02 1.077905598841856771e-01 3.714582019422902337e-01 5.649266219894356622e-01 2.476163525272497834e-01 -3.720889221726224327e-02 8.077839699892416792e-02 3.797699834518893924e-01 4.074112687088157214e-01
3.362314872802382171e-01 2.239859494336855494e-01 4.428710356553750005e-01 8.044236860016241997e-02 1.683028974157042140e-02 2.102481145836406218e-01 2.506208946251460845e-01 3.915109632409057294e-01 3.513219048580593085e-02 2.250973138414917307e-01 3.855058155951263110e-01 2.169551079575916253e-01 3.642222762444738415e-02 3.365920169952604235e-01 7.459676056502093956e-03 4.592371832876826487e-02 1.000000000000000000e+00 3.080019272317691126e-01 6.961182879180480843e-01 3.318268544036679923e-01 3.339386687142197052e-02 2.752826927608976737e-01 1.857405385798434061e-01 1.123712007283459990e-01 3.397581921049620465e-03 4.174474224223976293e-01 4.051858787173517884e-01 2.878121043536694956e-01 1.974542346185512165e-01 5.607147642589214165e-01 5.691316895681400312e-02 8.639136511228019677e-02 1.699137707418367782e-01 2.285632204416992996e-01 3.247162036551854980e-01 2.497434650659705324e-01 3.022285625355933814e-01 2.109303472198782378e-02 -5.820418132634264628e-03 1.330448327302231615e-01 2.301638461948334879e-01 3.716503235790170612e-01 3.307800868109275760e-02 1.897278051520169817e-01 3.234991966959612775e-01 1.373651171481450606e-01 -1.166046790064065447e-01 1.933248829218914833e-01 4.023888211041731777e-02 7.006316404239044948e-02 4.593054781607651682e-01 3.013141967450572722e-01 4.921434752121136569e-01 2.979369018910280054e-01 1.554398247236828817e-02 1.940141776199017232e-01 1.589827688204685785e-01 1.073977147880570138e-01 -4.832433478573715940e-02 2.497179585487229181e-01 3.270968779792261527e-01 2.642446416124991648e-01 1.292756743079235549e-01 3.771877140035383991e-01 8.549587729119595414e-02 -3.405263503239862322e-02 1.783285837172263466e-01 1.601612147382940610e-01
3.133623966150588802e-01 -1.284657832401129296e-01 3.485533083426353707e-01 -1.235781921676546852e-01 3.134237864084911396e-02 6.027590674528792575e-02 3.017788476983692680e-01 2.361123309494743694e-01 8.165442047596914443e-02 6.402810943341011307e-02 2.915254158362891035e-01 -1.785134462406795866e-03 1.362515956584024190e-01 3.806383161791827563e-01 3.047011947815653904e-02 -5.598826816955672706e-03 3.080019272317691126e-01 1.000000000000000000e+00 4.104170563253611848e-01 7.322446495570256175e-02 -4.513391838998230543e-02 3.440250051355443067e-02 -2.627078296793999151e-02 5.106610637954096116e-02 4.541758166303027505e-02 2.912889751023877705e-01 2.594030492069901439e-01 -3.338568891248460541e-02 6.956235997380019742e-02 1.639785103564530833e-01 1.735404656101717791e-01 1.777032712671882952e-01 -2.995743655693182753e-02 -6.146638880017212675e-02 1.970898863088396957e-01 -9.542140287238456975e-02 2.306174850300573009e-01 -1.364208461160403563e-01 -1.728150534313504377e-02 3.921752165172013443e-02 2.275774456737930662e-01 1.797838647287577085e-01 5.550844188577858801e-02 7.125805844980347137e-02 1.967593621938388826e-01 -4.086618083972923948e-02 5.354518133484408027e-02 2.734592678201121507e-01 5.226780080004204965e-02 -4.372369603770454027e-02 7.022774011806838350e-03 3.027563124690695329e-01 1.493387552886092928e-01 6.122061428711332576e-02 -3.889594354027331446e-02 -4.326271050601528806e-02 -5.189339897462980772e-02 -3.761785816032145457e-02 -4.521204236324635230e-03 1.097854684584620155e-01 9.736985291684516208e-02 -3.789651675640395845e-02 9.021316533996195930e-03 -3.919648005989784939e-02 1.253809041077939002e-01 2.380710264857213015e-02 -2.784964798213251241e-02 -8.168898036854903288e-02
4.181001675738016954e-01 1.185452877574434821e-01 4.617688679023138620e-01 7.911222461870608125e-02 6.896300095905061843e-03 1.771116100601566878e-01 3.185801393935776549e-01 3.604557903541676933e-01 6.797091709195307585e-02 2.497830007602006019e-01 4.195720872184662276e-01 1.823074848112619106e-01 1.486424451119719992e-01 4.681673337482565311e-01 3.507822769972745568e-03 5.269691229682889333e-02 6.961182879180480843e-01 4.104170563253611848e-01 1.000000000000000000e+00 3.147080339072621524e-01 5.407652697225918959e-02 2.247397354785057311e-01 1.247017505891592770e-01 1.071557007275394380e-01 8.357990897333632263e-02 2.854923460074630936e-01 4.338423499964774166e-01 1.791733494820565986e-01 1.699554208065026661e-01 4.514652552100683058e-01 6.270542530565278994e-02 1.292804912355670632e-01 1.308301845407417452e-01 1.655378264561258583e-01 3.864464815370767248e-01 1.478031143082665921e-01 2.810743062213301724e-01 2.386601399439311835e-02 -8.462245529888737239e-03 1.186425990060044761e-01 2.417259475716544981e-01 3.460597784735047200e-01 4.015456218056404764e-02 2.345969773804864600e-01 3.727405759504229810e-01 1.238605102037525357e-01 -2.329869463314711286e-02 2.782541438507055709e-01 4.878280447370725303e-02 8.118284681939420822e-02 3.468426267218227554e-01 3.959872961675661163e-01 4.766960688691524450e-01 3.013166691379483564e-01 5.332670747784483412e-02 1.148094622450841762e-01 1.328274424717450775e-01 5.704478337368058122e-02 -3.054445241863246174e-02 1.375703563542246821e-01 2.653507136435492297e-01 1.793794982067505317e-01 1.329595250021240183e-01 2.656759210545772687e-01 1.280213918231062342e-01 3.079189849354416891e-02 1.838571455815428135e-01 1.167599873826365986e-01
1.952085894652793308e-01 1.831304333791611005e-01 4.033537526092199066e-01 4.416069780684375723e-01 3.667193573978199533e-02 3.161086252405289065e-01 4.321354415194545995e-01 3.622613943027130357e-01 3.817397269573921670e-01 4.968924212384801531e-01 2.844349063224439478e-01 6.382545954236250596e-01 1.781883074733603689e-01 3.235661609025098917e-01 2.393632336329504784e-01 9.358049157096332005e-02 3.318268544036679923e-01 7.322446495570256175e-02 3.147080339072621524e-01 1.000000000000000000e+00 7.063779801398425984e-02 4.093753689378795135e-01 6.367946552977374330e-02 5.004589653695897811e-01 1.734590406240608673e-01 2.666600548505737023e-01 3.561357271192960861e-01 4.074983321256056001e-01 1.271282224124750393e-01 3.491554120100939795e-01 6.208534962721575651e-02 8.532105757407304480e-02 3.528353869393745512e-01 2.645526736624739250e-01 2.783598210659396499e-01 2.003827107543760533e-01 4.253807168502840019e-01 3.266325820652467571e-01 5.049271184795389722e-02 2.238452155370034002e-01 4.274840538133062862e-01 3.676003775828974307e-01 4.057846297170936145e-01 4.297603619580675494e-01 2.639939870653066345e-01 5.260198413046802690e-01 1.796974491308722943e-01 3.152550755870465737e-01 2.592173538564500612e-01 1.381915750376548901e-01 3.082421503221723924e-01 2.226586480573320426e-01 3.286485073734209950e-01 8.930679739593556654e-01 8.414450488974317688e-02 3.438153308081814963e-01 1.297003963068470989e-01 4.761580065740342316e-01 1.544477309863938608e-01 2.273362523269241153e-01 3.593468696277902219e-01 3.940817175779744441e-01 1.570735439933203248e-01 3.196686286904228402e-01 2.144653982029874340e-01 3.840082401957025521e-02 3.609017607808761574e-01 2.277819493211755419e-01
2.228508512839635636e-01 1.039638444276617391e-01 -8.772599597201967414e-02 4.604565196245754555e-01 8.962237817888875357e-02 4.281268811336840230e-01 -1.899978351408493360e-02 1.382336294429543366e-01 7.861565116986589385e-02 3.099401320023984496e-01 1.304761171943465137e-02 4.710456651420791285e-01 1.293261172764439138e-01 4.488825670626286901e-02 1.298573037108384509e-01 6.961866525827128394e-01 3.339386687142197052e-02 -4.513391838998230543e-02 5.407652697225918959e-02 7.063779801398425984e-02 1.000000000000000000e+00 1.147755624073376474e-01 7.940968082354155078e-01 1.482553107199527653e-01 1.334085301780423526e-02 -1.237819028541108923e-01 1.169758316397668807e-01 4.046250061916075169e-01 7.066328186728738636e-01 1.507651962427460912e-01 -2.126175775039380877e-02 1.753680254527367754e-01 4.965204794522499743e-01 5.550501913435903489e-01 2.894503834279106291e-01 1.296635084043956110e-01 -1.037485001302045073e-01 5.404380247738064247e-01 5.518360138764537293e-02 4.812762243362791459e-01 -1.516595713332958423e-02 1.855727286429921519e-01 1.727849316345833053e-01 3.806016785258226620e-01 3.386924596408748961e-02 5.170641958771411417e-01 1.295336636839395927e-01 8.734657221225342050e-02 1.973696649721788099e-01 7.455652727995027984e-01 1.822406516067609228e-01 -8.949200419496571024e-02 4.539596460706780967e-02 1.219252985608168804e-01 8.997543735601559733e-01 1.204989457079876786e-01 7.638814467285153231e-01 2.668462379913609794e-01 -5.956138924235458709e-03 -6.670801656741552621e-02 7.082926852827022002e-02 4.553433791230344641e-01 7.012172561544650629e-01 3.384549156627982835e-01 -6.438380198055593251e-02 9.176890487931958773e-02 4.859780057657399066e-01 5.373509399889133675e-01
1.274207922439371254e-01 2.890247095525259602e-01 2.760853945284116318e-01 2.527052840583702831e-01 4.499511696912562864e-02 2.193179016532254555e-01 3.686147753756333634e-01 3.013167350041766612e-01 3.880893575782323190e-01 2.582108969028286127e-01 2.378836164728217462e-01 3.217929956031184147e-01 1.271402568259461519e-01 3.052222567802400643e-01 1.768950426639359641e-01 1.404982955558316537e-01 2.752826927608976737e-01 3.440250051355443067e-02 2.247397354785057311e-01 4.093753689378795135e-01 1.147755624073376474e-01 1.000000000000000000e+00 9.569026194540759811e-02 5.124292752298792442e-01 2.717839361623546335e-01 3.405046051825414422e-01 3.955945255722583265e-01 2.929195023874023862e-01 1.747612823356473610e-01 3.748840296061207722e-01 5.833586629831950809e-02 1.371727177872500703e-01 3.129461087107356931e-01 3.148946054982713072e-01 2.664769229409471030e-01 3.210861729646150575e-01 3.391416984892083875e-01 1.563548951496022410e-01 6.273420939026623511e-02 1.699397585042873859e-01 4.133967919489160980e-01 3.289441043696650357e-01 3.842436273074102404e-01 2.356050238776688233e-01 2.388100726503660232e-01 2.661192641303413708e-01 1.702260295484052666e-01 3.477974933667631885e-01 1.870850088958936341e-01 1.894489530837568658e-01 2.985467691506394905e-01 1.871461070178311314e-01 3.235019684508367299e-01 4.171595113789835496e-01 1.154374311155674376e-01 5.257781750648603536e-01 1.482473958681946313e-01 4.913690925366605011e-01 2.460711535072722667e-01 3.147367626106082339e-01 4.843831782031936539e-01 2.660637566768780937e-01 2.295448231422783092e-01 3.416452211250899929e-01 1.846797424529966203e-01 5.117960934311026333e-02 2.741960094228634293e-01 2.494697750003044834e-01
1.382757968361389422e-01 1.497476952743590217e-01 -7.111705707189262815e-02 4.520932768944660451e-01 9.153581469458840769e-02 4.395256694112955609e-01 -7.602009905514012233e-02 1.913341499961850323e-01 -5.040265458597012471e-02 2.957801103068988247e-01 3.638988341795658388e-02 4.221396255441111078e-01 4.511538325137261218e-02 -4.332330813818347642e-02 8.952351610528307135e-02 6.396101193301584331e-01 1.857405385798434061e-01 -2.627078296793999151e-02 1.247017505891592770e-01 6.367946552977374330e-02 7.940968082354155078e-01 9.569026194540759811e-02 1.000000000000000000e+00 2.337942939803074743e-02 -1.072741502664371627e-01 -5.062734284210897162e-02 1.326923019324865172e-01 5.134225539959867968e-01 6.350205894971342468e-01 2.560113604400400256e-01 -2.724462495621919611e-02 1.065854039736351261e-01 4.351161922713926433e-01 5.507525289644087385e-01 2.322648608654310498e-01 1.831800581709605857e-01 -1.115892142767475753e-01 5.148084605855305362e-01 2.628911309218704556e-02 4.665652509234858858e-01 -9.131611548399459766e-02 2.239657709115041584e-01 3.620996334649260323e-02 3.583953957343231078e-01 1.489298043786626072e-02 4.597046694568498459e-01 1.422478865516277509e-02 -2.082930555850560569e-02 1.385022518531694724e-01 6.817895995899025952e-01 2.924253932211962059e-01 -9.910206289098323629e-02 1.042517214846884199e-01 1.054003412389066807e-01 7.489887424796431992e-01 9.480217176653743527e-02 8.197955607362490404e-01 1.752505536401374187e-01 -8.194711662937871621e-02 -2.472379721632229910e-02 9.200156763217459677e-02 5.395799143996290459e-01 6.151210684293964004e-01 4.257249117589857468e-01 -5.029500193507219219e-02 8.668142051407885101e-03 4.232583295540121027e-01 5.310444478796328971e-01
