1.000000000000000000e+00,3.730629472691480292e-02,4.435804583316994565e-01,2.398398945475700983e-01,6.519260981243460429e-02,4.951968300833752834e-01,4.285790768870882950e-01,4.806276985593532225e-01,1.906020260892037077e-01,4.925748610753061807e-01,3.234969723618301152e-01,2.802298514988688094e-01,1.259455624462533230e-01,4.978660503527747028e-01,1.675546543343251482e-01,2.665082011341837198e-01,4.464422910358246122e-01,3.300066757861437328e-01,5.246299745747000642e-01,2.205936334524618292e-01,2.317708253109211081e-01,2.950502642083686067e-01,2.886100749225232187e-01,3.490538440300933742e-01,2.794156415433586838e-01,3.851726236354990895e-01,4.630567775518132367e-01,3.645003604657812146e-01,4.935456651098027447e-01,5.215621748704645233e-01,2.409721961263357748e-01,4.301919311819174530e-02,2.117785539085364210e-01,2.067248618622608836e-01,6.501072568488792669e-01,5.255878197909245181e-02,4.394060048436438937e-01,2.776041942902490733e-01,-3.682296630017869998e-02,4.683765738443552151e-01,3.914123106509925232e-01,3.781971521312294526e-01,2.072759587621138266e-01,5.778172471879066130e-01,3.780307874092003750e-01,3.612606854760539998e-01,1.452809110642873103e-01,4.481796738089011689e-01,2.474306655015755529e-01,2.722645839467191520e-01,4.023996043946673207e-01,3.621766588493663397e-01,5.169411759242964477e-01,2.781550474022750907e-01,2.406389831487852071e-01,2.720895957684422162e-01,2.595794137999823392e-01,3.592127513396479177e-01,1.398823506130999206e-01,4.004089378584705372e-01,4.415971958078083182e-01,3.813641295889284022e-01,5.120638272001921676e-01,4.372934646115152479e-01,1.400584056839242475e-01,6.535836377587786461e-02,2.398329030556963781e-01,1.654280769432120990e-01
3.730629472691480292e-02,1.000000000000000000e+00,-4.894953566662694697e-03,1.124823682799242497e-01,2.534043411967837681e-02,1.012384890088807304e-01,-6.184882933593850024e-02,9.594762506635094723e-02,-3.633835960411237881e-02,9.142115359464728086e-03,3.076281742399484057e-02,8.759294991968077926e-02,1.279203127588376780e-02,-5.218846534010644633e-02,6.415359175297719041e-02,2.493876673589993376e-01,2.108398124789369055e-01,-1.077664028857370782e-01,4.761026939330092328e-02,8.387351271511626905e-02,2.844566766006559333e-01,2.200303714098454100e-01,3.376172304934665358e-01,7.530887744224766533e-02,1.874756812187810262e-01,1.335836501323642567e-01,2.031632221712425246e-01,1.865269828766454863e-01,3.066323696141626809e-01,1.346492816738522613e-01,-1.615995359655500174e-01,3.667833079768641896e-02,2.203502066601727705e-01,3.446230949493593876e-01,1.428603075409338174e-01,4.064429215350890412e-01,2.202248967451664666e-02,1.200910832600402267e-01,2.989022705714467626e-02,1.099837685991658931e-01,-3.699756557480831515e-02,9.185847031996113854e-02,3.161390691354471622e-02,3.894569128971096111e-02,1.288505501977242895e-01,9.971850991734516889e-02,1.946028211621356890e-02,-2.784433582801417242e-02,3.971116870576093388e-02,3.015019336855130350e-01,2.529960980103399537e-01,-9.433311327351737163e-02,9.910649999895407292e-02,5.587193931849243622e-02,2.831208971605052582e-01,2.791341760143826733e-01,3.446291977216439650e-01,8.679601075906855090e-02,2.292422896179171221e-01,5.505262230871042078e-02,2.410355750908933226e-01,1.663828333762023826e-01,2.683218541283585168e-01,2.342643332117023969e-01,-1.376985682741094230e-01,1.146947193842849794e-01,1.817865446393181206e-01,3.565857187884037827e-01
4.435804583316994565e-01,-4.894953566662694697e-03,1.000000000000000000e+00,1.882688569148871227e-01,1.185000919060500701e-01,4.469426568328326299e-01,7.816207245920869795e-01,6.647485165528331796e-01,4.828926946641046158e-01,4.400971078806305559e-01,5.804469013289412782e-01,2.750562136227250876e-01,2.660511354581839849e-01,7.367714416538254651e-01,4.064157665173505629e-01,1.614458253851286385e-01,3.993883685759553326e-01,5.111658747737931607e-01,6.381317348564333747e-01,2.625344618188253376e-01,9.687106937447599597e-02,4.837277577912978965e-01,1.764556135437627682e-01,6.573143656635185295e-01,4.265350054351733644e-01,7.616126565626921696e-01,7.182450051555285819e-01,3.957005513675544983e-01,1.337630470075316380e-01,6.379878410361101704e-01,4.694134575810116061e-01,4.347441677962387424e-02,1.500732469977239525e-01,8.480769777642092888e-02,3.201611968780932460e-01,-7.334095945325382060e-02,7.721741271073482293e-01,1.996180275796342884e-01,-2.416234085189301189e-02,3.853855243568054534e-01,7.104794319879706999e-01,4.231244823228437757e-01,5.080497660710263652e-01,3.988574944110528375e-01,5.802461070500997131e-01,3.444619106431410782e-01,3.599665628092607039e-01,6.740714149865403293e-01,4.074415517636991169e-01,1.263767953747198247e-01,2.557599178855474165e-01,6.364615186549370529e-01,5.019353105045184504e-01,3.326513358305605017e-01,1.091575786472344795e-01,3.961838170985167440e-01,1.473702159287174906e-01,6.244140352643573477e-01,2.438282383326471903e-01,6.841220297800637562e-01,6.529584778665329381e-01,2.975208503980881769e-01,2.755196825437259411e-01,3.324268648794558856e-01,1.415331745299193700e-01,1.004726838238325648e-01,1.987955625508474322e-01,8.219918692532643401e-02
2.398398945475700983e-01,1.124823682799242497e-01,1.882688569148871227e-01,1.000000000000000000e+00,1.002263055263090397e-01,4.112276603733425184e-01,2.215755344491581735e-01,2.277508236928849072e-01,1.887254964882974784e-01,4.052475340218030242e-01,1.720602316651278774e-01,8.430175268271682398e-01,1.172225053195056349e-01,1.479138742139964602e-01,2.723977448827581971e-01,3.993668445146729695e-01,1.848202208587461648e-01,1.684101502612930235e-01,1.647663855953800938e-01,8.181777111838619554e-01,4.098918702745765752e-01,2.348535328550800938e-01,4.806691126919950263e-01,3.357032583887654686e-01,1.665369431690313373e-01,2.587322586311197603e-01,3.073277100848256227e-01,6.367950277638030343e-01,3.250742900233787314e-01,3.334952912032081440e-01,1.094001505661563456e-01,9.641371220962097199e-02,2.692744183919517087e-01,2.752368057209084728e-01,3.333077346924364082e-01,5.481487810624729312e-02,1.619536338697756817e-01,8.955191865671339180e-01,1.350284027546562182e-01,4.261169938457127215e-01,1.611810022168521095e-01,2.124343849965294462e-01,2.105024043589549809e-01,4.776628687614635216e-01,1.929204508719076783e-01,8.027344501403730348e-01,9.959749796163731850e-02,1.541166931291784170e-01,2.698306305753478407e-01,4.308538866925437083e-01,2.400290588760431720e-01,1.723602334656975654e-01,1.650138127612499617e-01,7.815262289154709663e-01,4.681161561889968237e-01,2.382467136837857491e-01,4.965344950777975663e-01,3.654472637960027304e-01,3.886799958471291033e-02,2.292780681235357942e-01,2.971110692723549218e-01,5.640246270921813743e-01,3.497514927592823009e-01,3.837442098090685927e-01,-6.836411827871384517e-02,6.749222808690472086e-02,3.198606122000848817e-01,3.118090030518551048e-01
6.519260981243460429e-02,2.534043411967837681e-02,1.185000919060500701e-01,1.002263055263090397e-01,1.000000000000000000e+00,8.274947688076961239e-02,1.210618284285131102e-01,1.536519410841025446e-01,1.192513551462434512e-01,7.790807750164328860e-02,1.623297474132387452e-01,9.785421232156234217e-02,1.220512754337409883e-01,1.217426630540454635e-01,1.461406487223864126e-01,9.957530558546470734e-02,9.604359309836195402e-02,1.711052229586768891e-01,1.531349560548312949e-01,1.034640923878322183e-01,4.291142718352766033e-02,1.158593921925892140e-01,6.179966323253988092e-02,1.267986153328611310e-01,1.216971792030045324e-01,1.414884487487657883e-01,1.413938254878529810e-01,1.047787156978415291e-01,4.210589650630108122e-02,1.533808211336176452e-01,8.076977355275274939e-02,5.836626501793878985e-02,3.066031407886551929e-02,7.065685650265225715e-02,8.307840557556089855e-02,1.444828572541934607e-02,1.093306985940913079e-01,7.582918055198126228e-02,1.305920982382390294e-01,9.441458476834227453e-02,1.138699402060720650e-01,1.769128631490963499e-01,1.000441159960098469e-01,8.594548169491336709e-02,1.574119728301187349e-01,9.788046705011764492e-02,9.646177145809896325e-02,1.209253142493792454e-01,9.850651371217218621e-02,7.567565239093518303e-02,7.692310803779685291e-02,1.560569464382338956e-01,1.163316780856848837e-01,1.025985186499373814e-01,5.213070185540157747e-02,1.463127983388905484e-01,6.917889254288855927e-02,1.299410906386103959e-01,6.612096163136867155e-02,1.453101470624504898e-01,1.433417632552128340e-01,1.056687811206143968e-01,8.300536535155088325e-02,1.499924154478727012e-01,3.802453113008363861e-02,5.748019754253717167e-02,5.574913678597650385e-02,1.052161504691443428e-01
4.951968300833752834e-01,1.012384890088807304e-01,4.469426568328326299e-01,4.112276603733425184e-01,8.274947688076961239e-02,1.000000000000000000e+00,4.251284394689527901e-01,5.437907304756067761e-01,2.227178938855039481e-01,7.548467180552366207e-01,3.283846861985028620e-01,5.494482417374234595e-01,1.534576562351348816e-01,3.349480717239884386e-01,3.668225860329609733e-01,3.794839454448730165e-01,3.413567192415360441e-01,2.379894688001276126e-01,3.463546876113606232e-01,4.704732835463329432e-01,3.422891459287153992e-01,2.832057938477034464e-01,4.352276164964677396e-01,4.031916191459610221e-01,3.214320089848969886e-01,4.539533161663759087e-01,4.761974698275690532e-01,5.586299024549199466e-01,4.054181178099200422e-01,4.745857246579238131e-01,1.695405906568099585e-01,1.310980314884561404e-01,2.843055305415549960e-01,3.276013300851645660e-01,5.077983608624530021e-01,7.936338031193027054e-02,4.864231717322125004e-01,4.079924246222199624e-01,8.551326123884317454e-02,8.466262516583830111e-01,4.200455492081830999e-01,4.682064840175028664e-01,2.768387470291347463e-01,7.841741492713499850e-01,4.326948470308609740e-01,5.802976689670036325e-01,2.174196904534915764e-01,3.668248190434175160e-01,4.036163939637908427e-01,3.878687231403263325e-01,3.638687221515331527e-01,2.982946603969684474e-01,3.547879772551801869e-01,4.512345871982712531e-01,3.344384086678841017e-01,3.129378613853137647e-01,3.985036575748671650e-01,4.508281821407724710e-01,1.732697602671834369e-01,4.664857172680981767e-01,5.068183884753596491e-01,5.517090851906929494e-01,4.755368303159590027e-01,4.178039123222997975e-01,-1.981647314119899458e-02,1.480805793597819719e-01,3.232666499724724529e-01,3.390361234410618763e-01
4.285790768870882950e-01,-6.184882933593850024e-02,7.816207245920869795e-01,2.215755344491581735e-01,1.210618284285131102e-01,4.251284394689527901e-01,1.000000000000000000e+00,6.261909824457730922e-01,6.845715962362673990e-01,4.611856030386621286e-01,6.002423571435785421e-01,3.511246612957284463e-01,3.372694547146978805e-01,8.310930483532072977e-01,4.824241592222706654e-01,1.322124959539643374e-01,2.300150880851658530e-01,5.784669893612219838e-01,6.138796447670377132e-01,2.629689977614265706e-01,6.794752940635445659e-02,5.902500007544320137e-01,5.828478335279684702e-02,8.637068183321370274e-01,4.949555270487727143e-01,7.306347381893029125e-01,6.800434768256053975e-01,3.145994119357608532e-01,6.655082115328492254e-02,5.914052366643813841e-01,5.935074477131421222e-01,2.855127700341373448e-02,8.684604051144187431e-02,7.761309292912011576e-03,3.375835351248989702e-01,-1.342185406668836289e-01,7.567528761764682477e-01,2.548897924144808980e-01,-1.350592076335849906e-02,3.627286059958762521e-01,8.936508048812500382e-01,3.373938923704049020e-01,7.098011873173049047e-01,4.337440660294536454e-01,5.672360420380416768e-01,4.504415202916233762e-01,4.913116802813374262e-01,8.330102024638083025e-01,5.543241897088870829e-01,8.011470649500884722e-02,9.490082781595265971e-02,7.444587133063078621e-01,4.733724353980964250e-01,3.850871898249835779e-01,6.904934207781704414e-02,4.782408376519550197e-01,4.451764443749362671e-02,8.366406972286205557e-01,2.933457214331353091e-01,7.250367064135226913e-01,6.266612459282031589e-01,2.210199352034125375e-01,2.257121872244735594e-01,2.267512878408120547e-01,2.801588365567187489e-01,2.745480150312171186e-02,1.615259566948963610e-01,-2.737951089405406442e-03
4.806276985593532225e-01,9.594762506635094723e-02,6.647485165528331796e-01,2.277508236928849072e-01,1.536519410841025446e-01,5.437907304756067761e-01,6.261909824457730922e-01,1.000000000000000000e+00,3.761720106066857583e-01,5.382701048970987001e-01,5.719160451054747796e-01,3.177421304560010817e-01,2.176080435629587917e-01,6.109345878313550138e-01,3.552266832968005161e-01,3.638086261158574586e-01,3.293853200720795460e-01,4.382716711338884297e-01,5.273303638648607627e-01,3.030783605846925077e-01,2.923186990469459068e-01,4.655356716607951251e-01,3.455738422410829513e-01,5.520302495360522865e-01,3.684042466610111255e-01,6.624744912636950644e-01,5.940526619619971305e-01,5.718185004350466727e-01,3.125031480067043121e-01,6.661579221701819931e-01,2.726041348433537737e-01,8.553166915655741054e-02,2.551607270794499227e-01,3.152702249292387293e-01,4.138736650142423867e-01,7.580497601123382945e-02,5.902575936765359632e-01,2.252449932107216113e-01,2.934950024333686860e-02,4.997391122402309316e-01,6.043407665344795454e-01,6.313238207194378226e-01,3.951154919823940959e-01,5.236278058495658083e-01,5.937024194329181270e-01,3.985701891704122035e-01,2.673992530531817957e-01,5.318372036055083463e-01,3.752522945124704412e-01,3.327395356520067571e-01,3.052816219229901873e-01,5.277960749284861253e-01,4.723738498228940430e-01,3.445334255116314637e-01,3.158789088467392481e-01,4.471490495262094855e-01,3.664935881446084731e-01,5.586554291156177188e-01,2.034830582842059865e-01,6.236275271271294329e-01,5.906846630632985873e-01,5.315534437889369856e-01,3.933941539299768975e-01,5.469937165938694168e-01,-1.131831890661695421e-02,1.183575324907211179e-01,2.882298551711351964e-01,2.906999609818586849e-01
1.906020260892037077e-01,-3.633835960411237881e-02,4.828926946641046158e-01,1.887254964882974784e-01,1.192513551462434512e-01,2.227178938855039481e-01,6.845715962362673990e-01,3.761720106066857583e-01,1.000000000000000000e+00,2.626591926766965179e-01,4.507229117716951561e-01,2.665601084346603256e-01,3.461565157071020415e-01,5.350971685708254544e-01,4.338385537134097913e-01,8.379766412929413877e-02,6.918491329906077680e-02,3.844414853444844682e-01,4.300017325094311338e-01,1.880657142634306889e-01,7.200495349146252000e-02,4.948044842372572028e-01,4.480235158469052237e-02,7.159916932172968318e-01,4.635207142019708848e-01,4.958526691404127051e-01,5.093721431965662072e-01,1.438233534630589117e-01,2.101165809575732124e-02,2.845350329735619743e-01,4.636277347245160718e-01,1.118000876835390477e-02,4.591934526410550166e-02,-4.591427511813080987e-03,2.116204733042363062e-01,-5.206917674259530643e-02,4.713464655032164607e-01,2.147764779922811951e-01,2.370186817894786788e-02,2.104465590452630486e-01,6.013767935313678592e-01,1.552465372573637592e-01,6.431550479503720386e-01,2.537259497812633935e-01,3.935652174683453297e-01,3.506660827793351976e-01,4.416033103013787264e-01,5.557136514040855735e-01,4.701272708417402746e-01,2.507033169752476143e-02,-3.933874966877479173e-02,5.373915134329301235e-01,3.045297012266955927e-01,2.897689897485730137e-01,7.185158452759625447e-02,3.487616815444548046e-01,2.334207617771723656e-02,6.619344632034713793e-01,2.839965681883494519e-01,4.788847574301038357e-01,4.402679549205791854e-01,5.703160641747190285e-02,1.385047950144543405e-01,5.973225640785027185e-02,1.895060208175609606e-01,2.673428655638155141e-02,1.197142779327117490e-01,-3.558689816929737262e-04
4.925748610753061807e-01,9.142115359464728086e-03,4.400971078806305559e-01,4.052475340218030242e-01,7.790807750164328860e-02,7.548467180552366207e-01,4.611856030386621286e-01,5.382701048970987001e-01,2.626591926766965179e-01,1.000000000000000000e+00,3.668574785618369249e-01,5.486111639038434573e-01,1.432780339113779167e-01,3.680501836782055780e-01,3.118360316849297931e-01,3.452613175085926800e-01,2.772783833539014253e-01,3.075992805187000578e-01,3.850807486156795911e-01,5.373657611444652149e-01,3.103487752470470706e-01,2.544511896339882173e-01,3.826226623657786319e-01,4.291894259256919253e-01,3.131630282535742826e-01,4.373447164553243005e-01,4.328343876790364253e-01,5.644658313800221539e-01,2.989520870876234415e-01,4.876115148900767027e-01,2.164633460432504874e-01,6.894604018065059181e-02,1.910481570940367746e-01,2.462687524188832133e-01,5.094844926471940871e-01,-1.111495034406746046e-02,4.891980060003539577e-01,3.854577717239446311e-01,2.855801835485234641e-02,7.164317622047843281e-01,4.567607493074459790e-01,4.373314940042123400e-01,3.008094725217301257e-01,9.332343610591256056e-01,4.575631864032775331e-01,6.017478434366970719e-01,2.167612911159832456e-01,4.256441658296962194e-01,3.737593268295495985e-01,3.407991167678999789e-01,3.172945987328782413e-01,4.252741502714274535e-01,4.273092176704694212e-01,5.326662616059427702e-01,2.991452315651287885e-01,3.130881778891422829e-01,3.585935733977126394e-01,4.712927511729259056e-01,1.309297067345324694e-01,5.199568463338249957e-01,4.953348633811416879e-01,5.712216563340692943e-01,3.803792691253233271e-01,4.277300100748245293e-01,9.813244176362067792e-03,4.712143527196505088e-02,2.846741883359338865e-01,2.322809516383693706e-01
3.234969723618301152e-01,3.076281742399484057e-02,5.804469013289412782e-01,1.720602316651278774e-01,1.623297474132387452e-01,3.283846861985028620e-01,6.002423571435785421e-01,5.719160451054747796e-01,4.507229117716951561e-01,3.668574785618369249e-01,1.000000000000000000e+00,2.363059799555703999e-01,3.334368440136369349e-01,5.449985831432879735e-01,3.394433001993960586e-01,1.721604679488374923e-01,2.935390920208839627e-01,5.747071864314198253e-01,5.892419942704045788e-01,2.357566339167338487e-01,1.322059466188122423e-01,4.610342853837936516e-01,1.228501092921543969e-01,5.560888444307174883e-01,4.022538729374676159e-01,6.524165530491567999e-01,5.463204030902364394e-01,3.134396429388570660e-01,1.008204703341467057e-01,5.070314056628449917e-01,3.723262460135604024e-01,1.668639911206723503e-02,1.134170924715351969e-01,1.265360786299437879e-01,2.756322081035709748e-01,-1.954334731113450963e-02,5.439367984552669899e-01,1.867681943353893814e-01,5.815549592968011910e-02,2.851625815440389511e-01,5.739053487752696636e-01,3.619087533455158101e-01,4.834685562942286907e-01,3.409783515245167207e-01,6.252228382843494359e-01,3.227982393896761115e-01,3.528796746069867152e-01,5.217131174367179991e-01,3.851483149196107680e-01,1.100126712950316304e-01,2.150553542253188788e-01,6.426176817010238462e-01,5.014037962849154928e-01,3.135211366050815185e-01,1.168424587505306061e-01,4.074676016473877116e-01,1.175893281122429440e-01,5.340181359278057815e-01,2.574413880421458911e-01,6.053960890152111363e-01,5.093784910627597862e-01,2.523910663127749143e-01,2.091762094065662270e-01,3.288356025134724914e-01,9.851191074380018231e-02,3.252324105919730118e-02,1.690596308119426683e-01,1.245941892095474290e-01
2.802298514988688094e-01,8.759294991968077926e-02,2.750562136227250876e-01,8.430175268271682398e-01,9.785421232156234217e-02,5.494482417374234595e-01,3.511246612957284463e-01,3.177421304560010817e-01,2.665601084346603256e-01,5.486111639038434573e-01,2.363059799555703999e-01,1.000000000000000000e+00,1.424509421757277072e-01,2.325584646890725138e-01,3.637984230612917869e-01,4.051684218254535397e-01,2.303716476311057637e-01,2.567394520733440877e-01,2.514448902841761035e-01,8.770380866788517471e-01,3.946654189678296953e-01,2.766429554270994906e-01,4.591344102729527088e-01,4.480495211858521176e-01,2.192373478456611513e-01,3.503521837481857748e-01,3.756530782971584381e-01,6.426192589311886527e-01,3.485774466312887565e-01,4.213441492330637916e-01,1.623528806312704575e-01,1.284303674115323535e-01,2.580239652330320599e-01,2.593308095831878268e-01,3.719947033126402847e-01,1.092860957779124946e-02,2.798220066485073709e-01,8.061604596993457994e-01,1.410005439993942122e-01,5.197436372011396966e-01,3.080597018087648520e-01,2.791521216647490644e-01,2.895829945354009838e-01,5.728192438394665853e-01,2.853428517582424773e-01,8.766587615156757884e-01,1.690014942629391448e-01,2.781590692636787820e-01,4.065326413705895314e-01,4.287799616800705982e-01,2.566819948531377515e-01,2.793573064801477268e-01,2.554311631030306562e-01,8.093245534513271444e-01,4.419257797109381047e-01,2.841329976245120514e-01,4.497336374864542297e-01,4.783610516661112033e-01,7.297797483998734458e-02,3.492016387287155132e-01,3.821439879811001084e-01,5.670555355171168488e-01,3.925670572371901534e-01,4.074712571207897427e-01,-2.532778373668499727e-02,6.552433273004336367e-02,3.371783005204269656e-01,3.028085270975544585e-01
1.259455624462533230e-01,1.279203127588376780e-02,2.660511354581839849e-01,1.172225053195056349e-01,1.220512754337409883e-01,1.534576562351348816e-01,3.372694547146978805e-01,2.176080435629587917e-01,3.461565157071020415e-01,1.432780339113779167e-01,3.334368440136369349e-01,1.424509421757277072e-01,1.000000000000000000e+00,2.969595887653435073e-01,2.090505571270296625e-01,1.390256390244491366e-02,1.081591392873375856e-01,2.342646920157472057e-01,2.786185490955171429e-01,1.349521464024081019e-01,3.865302651061119921e-02,2.620573233282151304e-01,5.566702778228366927e-02,3.733424440670473632e-01,3.256632734065311174e-01,2.701459786495662985e-01,3.590221297686180257e-01,1.067573157780611487e-01,2.537092817963969293e-02,1.406555227947054454e-01,3.851865342026132844e-01,6.855654815522169154e-02,1.875045159284823015e-02,5.017310031671642911e-02,9.676177621940809659e-02,-1.225606610244542490e-02,2.558972394235025094e-01,1.284468853717778136e-01,1.069053820970420829e-02,1.359633561961539061e-01,2.700596114225428668e-01,1.047184734578863879e-01,3.216692506395531503e-01,1.417468619573072630e-01,2.694047999108992175e-01,1.788374172590621036e-01,3.521091555463630729e-01,2.659512049526099875e-01,1.936227899950908327e-01,1.301958712549007059e-02,2.505262120464896158e-02,2.486063820382669043e-01,1.903361500077583868e-01,1.810193586133258536e-01,3.430273161468769261e-02,2.047511515696852358e-01,1.887876119082422532e-02,3.558187700951443988e-01,2.117798139717993744e-01,2.126455868596265342e-01,3.177835767455522986e-01,3.914398283740348067e-02,9.136933963743852638e-02,3.366000853936056830e-02,1.835469020655161321e-01,2.332957241811698876e-02,2.826979713377592018e-02,1.716612971124039863e-02
4.978660503527747028e-01,-5.218846534010644633e-02,7.367714416538254651e-01,1.479138742139964602e-01,1.217426630540454635e-01,3.349480717239884386e-01,8.310930483532072977e-01,6.109345878313550138e-01,5.350971685708254544e-01,3.680501836782055780e-01,5.449985831432879735e-01,2.325584646890725138e-01,2.969595887653435073e-01,1.000000000000000000e+00,3.661599881391008893e-01,8.972563065445197938e-02,3.391830180794905281e-01,5.956818121598802529e-01,6.526598757561061781e-01,1.871302419412353701e-01,8.753236225949820662e-03,5.122300093605233196e-01,3.093612243624425245e-02,6.693145434366870594e-01,4.580233300288525378e-01,6.545054817217654808e-01,6.895920926865390932e-01,2.536028550817561733e-01,8.835358332337425735e-02,6.313279246052682092e-01,5.809916265954341297e-01,4.519784217512589491e-02,4.507149183456290314e-02,1.784620019112984415e-02,3.474075959013329107e-01,-1.086590154715031398e-01,6.694850080257661595e-01,1.728125243272162492e-01,-1.923476735028847515e-02,2.844700369501719783e-01,7.380495062922612926e-01,3.614154521935116215e-01,5.419050286441122743e-01,3.464026291933351431e-01,5.187407124987042373e-01,3.157690581966148269e-01,4.328410771651569622e-01,8.193144575233046734e-01,4.030327247704593718e-01,5.396029494687257927e-02,1.728634666645088303e-01,6.806829992296579146e-01,5.027864907513286408e-01,2.977643784614386613e-01,1.927549643176262872e-02,4.054778464311191155e-01,2.251289518601934728e-02,6.380071510403381163e-01,2.344989429954399685e-01,6.247341276376606745e-01,5.971223988793924464e-01,1.742103665722829486e-01,2.431231734583985116e-01,2.958162251246782004e-01,2.811235009137432184e-01,4.384021321009015648e-02,1.035526987879623884e-01,2.412182131287201117e-02
1.675546543343251482e-01,6.415359175297719041e-02,4.064157665173505629e-01,2.723977448827581971e-01,1.461406487223864126e-01,3.668225860329609733e-01,4.824241592222706654e-01,3.552266832968005161e-01,4.338385537134097913e-01,3.118360316849297931e-01,3.394433001993960586e-01,3.637984230612917869e-01,2.090505571270296625e-01,3.661599881391008893e-01,1.000000000000000000e+00,1.860842920893883423e-01,1.583245995192762989e-01,2.590307042890400702e-01,2.944313342939784417e-01,3.091839801828128453e-01,2.026289522209224758e-01,3.335326560340898805e-01,2.232824518137072334e-01,5.074404335733820881e-01,3.296650264078188064e-01,4.031045178474912394e-01,4.143256941363978041e-01,2.788778020396248114e-01,1.465239948146428717e-01,3.100211313804620006e-01,2.676566758456252471e-01,9.214221006198089481e-02,1.390929090720961214e-01,1.151435363417060015e-01,2.100610274252680265e-01,1.585812008234253195e-02,4.102276859168296208e-01,2.816802591544665946e-01,3.640926583629349594e-02,3.115361540366201054e-01,4.428306651897158663e-01,2.505502494427927496e-01,4.397831712983077956e-01,2.991929613157894297e-01,3.530690072641501920e-01,3.802845694529145004e-01,3.021865023278723084e-01,3.769908514304624036e-01,4.188079260712822549e-01,1.721730961096593349e-01,1.276141914443200964e-01,3.440706778409027833e-01,2.257167006867703274e-01,3.257349763939927922e-01,1.789271027477647991e-01,3.017471823140390197e-01,1.855058380140666430e-01,4.973521016726806243e-01,2.180095830907824439e-01,3.904267020101502839e-01,3.836160414095823312e-01,2.031008444905140209e-01,2.252093976169392830e-01,1.774714820884520650e-01,1.129355945483659779e-01,9.053178283843149599e-02,2.113551269184094084e-01,1.404177342005999696e-01
2.665082011341837198e-01,2.493876673589993376e-01,1.614458253851286385e-01,3.993668445146729695e-01,9.957530558546470734e-02,3.794839454448730165e-01,1.322124959539643374e-01,3.638086261158574586e-01,8.379766412929413877e-02,3.452613175085926800e-01,1.721604679488374923e-01,4.051684218254535397e-01,1.390256390244491366e-02,8.972563065445197938e-02,1.860842920893883423e-01,1.000000000000000000e+00,2.481615235747630654e-01,8.466980467502298324e-02,1.517727267695201387e-01,3.852699702016750272e-01,5.898720435444961829e-01,3.592325473457911866e-01,6.284321575897882095e-01,2.568165491254519317e-01,1.391028598463401600e-01,2.418173867562102008e-01,2.847738058549849072e-01,5.481572637706567663e-01,4.788834902485827327e-01,3.484840235559875654e-01,-9.987844993219144318e-02,1.187869115013698157e-01,4.301032167269064899e-01,4.990913887453530262e-01,3.385959491139687305e-01,2.503499719253408640e-01,1.330187741044691896e-01,4.063081040452082848e-01,5.804883706412578004e-02,3.749362115286754005e-01,1.410793585927902216e-01,3.168251411794448247e-01,1.250877786255961965e-01,3.846837638859932351e-01,2.544730724212263540e-01,4.566255258469384404e-01,-1.358054336617577594e-02,8.327872795504452641e-02,1.964545664305367978e-01,7.177898534611616421e-01,2.770250390361435056e-01,7.169478307507730352e-02,1.961312347141520585e-01,3.532531623673339505e-01,6.332222125004858260e-01,3.799483607991761547e-01,6.685237118675344536e-01,2.907729900475801710e-01,1.368304069603750173e-01,2.171296100634864112e-01,2.896103241252545035e-01,5.483717271956891626e-01,4.734544459835832719e-01,4.544945486842096871e-01,-1.433911565860223614e-01,1.068564543443793896e-01,4.280620868132475887e-01,4.927108159915838947e-01
4.464422910358246122e-01,2.108398124789369055e-01,3.993883685759553326e-01,1.848202208587461648e-01,9.604359309836195402e-02,3.413567192415360441e-01,2.300150880851658530e-01,3.293853200720795460e-01,6.918491329906077680e-02,2.772783833539014253e-01,2.935390920208839627e-01,2.303716476311057637e-01,1.081591392873375856e-01,3.391830180794905281e-01,1.583245995192762989e-01,2.481615235747630654e-01,1.000000000000000000e+00,3.617273716299153064e-01,6.237897369678883086e-01,2.197199893771299428e-01,2.532437742426583704e-01,2.685270610986973949e-01,4.029092698607190659e-01,1.927661897654497913e-01,2.259681002278657591e-01,3.876128058610824878e-01,5.216834378476834511e-01,2.567421177333539806e-01,3.527741762390287361e-01,5.583049446476507915e-01,1.044554682841792315e-01,4.005775213356126130e-02,1.957309072035595399e-01,2.805343320071796431e-01,4.105120914875717841e-01,1.703362656924208296e-01,3.725276981994591896e-01,1.830859700808724067e-01,5.516390246717563922e-02,3.088835422526362562e-01,2.212557591055945017e-01,2.522870701333178034e-01,8.330984997484262855e-02,2.894209287525040253e-01,3.465379429130728828e-01,2.433041138016016625e-01,9.576932810512792105e-02,3.080118747750198449e-01,1.894696277399793571e-01,2.609262357773017293e-01,6.453329811746499889e-01,2.744302104178670820e-01,6.171404165930847174e-01,1.975145312734428726e-01,2.330699145462016841e-01,2.639330386664113237e-01,3.404652927451640165e-01,2.014956837742054585e-01,1.135176202433731130e-01,2.825278861760771032e-01,4.187410234693411670e-01,2.292512977164870291e-01,3.864265977751889514e-01,4.440525696233222908e-01,1.070227205049005259e-01,1.139840876688616722e-01,2.137738202062894888e-01,3.291160695541385239e-01
3.300066757861437328e-01,-1.077664028857370782e-01,5.111658747737931607e-01,1.684101502612930235e-01,1.711052229586768891e-01,2.379894688001276126e-01,5.784669893612219838e-01,4.382716711338884297e-01,3.844414853444844682e-01,3.075992805187000578e-01,5.747071864314198253e-01,2.567394520733440877e-01,2.342646920157472057e-01,5.956818121598802529e-01,2.590307042890400702e-01,8.466980467502298324e-02,3.617273716299153064e-01,1.000000000000000000e+00,6.808691782924253255e-01,2.161702967721584046e-01,3.167907622921781879e-02,3.917842726551097332e-01,3.088954405692031710e-02,4.696094847037243780e-01,2.493096548883723118e-01,5.493521285005024124e-01,4.822023887513552931e-01,1.704491055041592873e-01,7.928151550046976317e-03,5.568229326890270503e-01,4.151357387531362519e-01,-1.039315906790695514e-02,5.413896626163704207e-02,1.684457270787575317e-02,2.619743777209821434e-01,-1.275272957836170729e-01,4.248301577868814904e-01,1.697291173852987778e-01,2.499759304611692129e-02,1.929277278570524223e-01,5.194171896367633101e-01,2.720763299172250238e-01,3.697308030977305982e-01,2.805427790356674889e-01,4.783999080565655704e-01,3.114677483152897830e-01,2.551874786968633124e-01,5.355056765006622754e-01,2.878674981046055459e-01,5.463804368707406850e-02,2.241318773408247089e-01,7.188182409552599239e-01,5.828673651592792826e-01,3.143477384170139111e-01,2.065445457645085844e-02,3.212467932382231384e-01,2.159830890941413090e-02,4.429084115357270202e-01,5.179358124883037817e-02,5.051669061462158439e-01,3.664531355166370519e-01,1.363066576180449185e-01,1.139792792277541794e-01,2.933931554455471158e-01,2.431581499064085217e-01,-2.541407879013124135e-02,9.407353734641230036e-02,4.444930130856458023e-02
5.246299745747000642e-01,4.761026939330092328e-02,6.381317348564333747e-01,1.647663855953800938e-01,1.531349560548312949e-01,3.463546876113606232e-01,6.138796447670377132e-01,5.273303638648607627e-01,4.300017325094311338e-01,3.850807486156795911e-01,5.892419942704045788e-01,2.514448902841761035e-01,2.786185490955171429e-01,6.526598757561061781e-01,2.944313342939784417e-01,1.517727267695201387e-01,6.237897369678883086e-01,6.808691782924253255e-01,1.000000000000000000e+00,2.143588159051479924e-01,1.301447463019356487e-01,4.351720788619958258e-01,1.827779103293123153e-01,5.124078188785412546e-01,3.947926472505969842e-01,5.903277449035151392e-01,6.616486692113809909e-01,2.366191667229801121e-01,1.870942361357471051e-01,6.397906301247471283e-01,3.990374843405574135e-01,1.121700013061261488e-03,1.047998840137111393e-01,1.077385735706899300e-01,4.353191795341043169e-01,-8.884174120914514403e-03,5.754379950716576042e-01,1.832356799540088010e-01,1.653711182080477154e-02,3.040096978189116284e-01,5.583142803554881350e-01,3.192745280966348131e-01,4.143794262495273384e-01,3.742338296814554655e-01,5.534991753847746665e-01,3.416312638285540770e-01,3.287112745270496239e-01,6.024793178273069039e-01,3.651380630167139762e-01,1.152650336909284146e-01,4.505049450583825665e-01,6.637922637355888611e-01,7.734591399581982607e-01,2.981074852918323415e-01,1.054803530306288040e-01,3.492594857365426964e-01,1.422799627437779380e-01,4.945233318763342933e-01,1.904131541548617079e-01,5.192224841339565522e-01,5.362557324075577503e-01,1.931015702915404308e-01,2.972950028725483973e-01,3.620909798613668462e-01,2.613816463282219171e-01,5.695110776877113784e-02,1.606912799748748955e-01,1.263951268243748982e-01
2.205936334524618292e-01,8.387351271511626905e-02,2.625344618188253376e-01,8.181777111838619554e-01,1.034640923878322183e-01,4.704732835463329432e-01,2.629689977614265706e-01,3.030783605846925077e-01,1.880657142634306889e-01,5.373657611444652149e-01,2.357566339167338487e-01,8.770380866788517471e-01,1.349521464024081019e-01,1.871302419412353701e-01,3.091839801828128453e-01,3.852699702016750272e-01,2.197199893771299428e-01,2.161702967721584046e-01,2.143588159051479924e-01,1.000000000000000000e+00,3.734970914314282853e-01,2.167428623263288057e-01,4.427183472558240962e-01,3.368905652722873900e-01,1.782282794587501662e-01,3.252150174536732607e-01,3.473707157081783459e-01,6.119953213722113539e-01,3.102264994557919486e-01,3.966730135367390053e-01,1.352188415016581935e-01,1.177705395126003585e-01,2.257827411174352927e-01,2.396151227860015553e-01,3.124420255000065483e-01,3.135719070009620850e-03,2.328705695873271031e-01,7.347351324904641823e-01,1.555214204087920216e-01,4.358304728056395239e-01,2.179873388690716784e-01,2.515356149906088357e-01,2.314511730672358381e-01,5.214160500855430369e-01,2.547332596592432608e-01,7.678961900565870469e-01,1.384387407557498562e-01,2.152555612342402780e-01,3.029400338900372081e-01,4.028356551927755880e-01,2.324629211877850266e-01,2.232610434618451656e-01,1.970733141970916480e-01,8.157090479575013209e-01,4.196281863132517165e-01,2.419322606506592865e-01,4.301491165378640291e-01,3.699308489994892479e-01,4.562070476356312743e-02,3.014050723656701014e-01,3.412391059525444192e-01,5.266713611019208097e-01,3.439950673733329078e-01,3.862883266626707668e-01,-5.366436113127850960e-02,7.617391184885423383e-02,2.968063653406744495e-01,2.787802144493978229e-01
2.317708253109211081e-01,2.844566766006559333e-01,9.687106937447599597e-02,4.098918702745765752e-01,4.291142718352766033e-02,3.422891459287153992e-01,6.794752940635445659e-02,2.923186990469459068e-01,7.200495349146252000e-02,3.103487752470470706e-01,1.322059466188122423e-01,3.946654189678296953e-01,3.865302651061119921e-02,8.753236225949820662e-03,2.026289522209224758e-01,5.898720435444961829e-01,2.532437742426583704e-01,3.167907622921781879e-02,1.301447463019356487e-01,3.734970914314282853e-01,1.000000000000000000e+00,2.888578739155652775e-01,8.513239000872486750e-01,2.130980599575903744e-01,1.247262769100904861e-01,2.153493882815646354e-01,2.761441585260235310e-01,5.257464016990033295e-01,5.728339690804503670e-01,3.754925126224106235e-01,-8.425375863732850745e-02,1.023542763876536532e-01,5.256317143051060237e-01,6.397672122672597439e-01,3.110486738357960412e-01,3.077590602619216242e-01,1.143892391745384013e-01,4.083178959854071310e-01,7.256508181926014239e-03,3.477547526824447122e-01,9.951574696619160110e-02,2.480126146473268234e-01,1.080518375260333536e-01,3.673583322972899246e-01,2.189544452956701248e-01,4.162607838943037097e-01,-9.408305151038985625e-03,3.105615237386123370e-02,1.890466974535361111e-01,5.825316580694874791e-01,2.897456921203633295e-01,5.423419866446452242e-02,1.826079739473459584e-01,3.051098546136586931e-01,8.565848483879621167e-01,3.326816611204078677e-01,8.034390061728492460e-01,2.567100315544959543e-01,9.722047127910808662e-02,1.802800952603942353e-01,2.927613512450521482e-01,5.177604967871748398e-01,5.139934810986498404e-01,4.969723180221917169e-01,-1.021293878926413518e-01,9.273960218863691596e-02,4.694984219134148429e-01,5.727173592801766411e-01
2.950502642083686067e-01,2.200303714098454100e-01,4.837277577912978965e-01,2.348535328550800938e-01,1.158593921925892140e-01,2.832057938477034464e-01,5.902500007544320137e-01,4.655356716607951251e-01,4.948044842372572028e-01,2.544511896339882173e-01,4.610342853837936516e-01,2.766429554270994906e-01,2.620573233282151304e-01,5.122300093605233196e-01,3.335326560340898805e-01,3.592325473457911866e-01,2.685270610986973949e-01,3.917842726551097332e-01,4.351720788619958258e-01,2.167428623263288057e-01,2.888578739155652775e-01,1.000000000000000000e+00,2.695971481797969083e-01,6.629991621021535941e-01,4.203283649246548070e-01,6.186400883164883124e-01,5.843171195394024631e-01,3.606892651193639443e-01,2.527993767008778758e-01,5.077261110181080506e-01,3.068130202508770887e-01,2.969645394783800019e-02,2.742300380186541986e-01,2.956498196451822214e-01,2.778107583128998637e-01,1.649934832521433303e-01,4.227012735949287059e-01,2.858659718508128056e-01,8.087018415004658747e-03,2.684184133025905306e-01,5.421436611628585034e-01,3.018702203153148522e-01,4.908419353997978130e-01,2.648562664565644043e-01,4.782859211998271576e-01,3.647500648396079792e-01,3.292142536653236973e-01,5.092869667292383440e-01,3.384209708627445301e-01,3.013249146614266905e-01,1.799939848320351310e-01,4.508804345513322542e-01,3.620727768194647034e-01,2.998231545300649170e-01,3.136300246379494783e-01,6.042366505372406271e-01,3.038582143584851458e-01,6.444210234389338154e-01,3.418999740633706930e-01,5.417591444944515056e-01,5.440937493224650146e-01,3.150972369368179593e-01,3.363028263116217831e-01,3.631617084594597755e-01,8.677028674255436724e-02,7.589543169075749218e-02,2.873350838970216148e-01,2.967468371772595259e-01
2.886100749225232187e-01,3.376172304934665358e-01,1.764556135437627682e-01,4.806691126919950263e-01,6.179966323253988092e-02,4.352276164964677396e-01,5.828478335279684702e-02,3.455738422410829513e-01,4.480235158469052237e-02,3.826226623657786319e-01,1.228501092921543969e-01,4.591344102729527088e-01,5.566702778228366927e-02,3.093612243624425245e-02,2.232824518137072334e-01,6.284321575897882095e-01,4.029092698607190659e-01,3.088954405692031710e-02,1.827779103293123153e-01,4.427183472558240962e-01,8.513239000872486750e-01,2.695971481797969083e-01,1.000000000000000000e+00,1.927288474380582373e-01,1.436852170443125853e-01,2.515015410396123086e-01,3.825069555884014205e-01,6.155735824415615731e-01,6.222353492886324444e-01,4.281420577691744112e-01,-7.984457731042260420e-02,1.180195825250902608e-01,5.262590578419269471e-01,6.459358165671200691e-01,3.802818748821849559e-01,3.206897956776405545e-01,1.619242136032859603e-01,4.698067821140162748e-01,5.567574439589779295e-02,4.529349681552932716e-01,5.299919522462576832e-02,3.230636474768626698e-01,5.211910912903192084e-02,4.482444324553495618e-01,2.473486698256018024e-01,4.719735023833436238e-01,-1.721268847112666228e-02,2.041646106088108176e-02,1.924353998432141444e-01,6.458530643528841431e-01,4.467559556623132422e-01,1.558969123212764450e-02,2.436497545230600914e-01,3.635763024677832744e-01,8.088682943787127710e-01,3.189957240213631140e-01,8.711756684004843265e-01,2.312898658738191948e-01,8.691136929820791890e-02,1.707377074507992198e-01,3.559019915753729446e-01,5.923805009053090265e-01,5.841740601253433418e-01,5.477998123466306657e-01,-1.396524877224655514e-01,1.521589563159845004e-01,5.125697529251932449e-01,6.152829168543132443e-01
