1.000000000000000000e+00 2.748210060364326135e-01 3.801689506279693487e-01 4.530343148111133922e-01 1.566623660182884514e-01 5.799650222482528594e-01 4.958993876041598581e-01 5.293080692788325603e-01 2.881489810233599513e-01 4.358992004995794201e-01 2.962091322306714125e-01 4.646421384932428178e-01 3.113755714187405599e-01 5.747715535454207547e-01 2.772993348762393673e-01 4.129992643032805999e-01 5.054469423138210349e-01 2.349942266522839773e-01 5.993023846666087895e-01 2.682272641617543529e-01 6.171875640039374833e-01 2.755856178420191815e-01 6.022757971776093733e-01 4.027456553236740677e-01 1.461148457503686493e-01 3.330641937258471130e-01 5.392469556243535411e-01 6.141174103606261703e-01 7.626487170742646260e-01 5.001666861826823407e-01 2.715038938850931616e-01 2.155348706465985420e-01 3.378306258360664338e-01 4.054361333469237438e-01 6.121043293587657974e-01 2.252727209744255221e-01 2.187153121048898974e-01 4.165216321864289584e-01 1.219567542556728723e-01 5.381999129936535509e-01 4.010876185813407879e-01 5.357966732310250890e-01 2.117315913549145112e-01 3.472019863379515181e-01 2.408059929228619778e-01 4.473848646103821269e-01 1.896932608907053730e-01 3.306503353780356202e-01 1.891364246233042390e-01 4.495961197413687604e-01 3.026029187242918472e-01 2.350786698671243347e-01 3.347202165722265033e-01 2.461185072246258043e-01 5.759353825260451476e-01 1.687902683492086831e-01 5.823876109025094561e-01 3.784695311833662923e-01 1.284415152816119066e-01 1.921899412653150230e-01 3.901505682916592832e-01 5.965327252264032154e-01 5.681124889805759803e-01 4.344293508265085757e-01 1.583302965929664352e-01 1.128905267237503285e-01 2.674435854693048564e-01 3.917814862121504760e-01
2.748210060364326135e-01 1.000000000000000000e+00 2.759269105855877147e-01 5.089200180697310838e-01 9.473299637218191016e-02 3.585261473011460698e-01 3.014110131540171933e-01 3.241670632251045236e-01 3.137811595962052835e-01 4.721747401859149873e-01 3.962661477595187387e-01 5.020939318006530927e-01 1.805141963924639381e-01 2.441005927855762481e-01 2.314659422754703488e-01 2.687603207103150815e-01 3.705417766043177519e-01 1.055334758376138965e-01 3.141983535484280110e-01 5.334749444330619816e-01 3.587234633680339568e-01 4.668319020379731454e-01 3.787039658804539632e-01 4.540986856185180165e-01 2.831153764234868309e-01 4.155185171680549350e-01 4.076644472076964565e-01 4.406654364052906558e-01 4.742399056577372707e-01 4.823892080991851739e-01 9.529072554468107081e-02 9.392346480978236434e-02 5.007479804269173718e-01 5.312121341732569668e-01 4.844066076445089908e-01 4.973669843201396490e-01 3.386689743779345840e-01 4.819007221407952679e-01 1.055451628077134774e-01 3.298987180880716408e-01 3.816909720496975411e-01 4.084289291446924763e-01 3.002017320962329650e-01 4.531414614665083551e-01 3.660716938233731232e-01 4.970972900264811201e-01 1.775049864481570983e-01 2.476296212454467127e-01 1.845010274403955930e-01 3.504902904198052283e-01 4.639752487529080205e-01 1.779548012795512946e-01 4.583678523934336946e-01 5.282235602185392231e-01 3.229183191258468977e-01 3.821563840247872434e-01 3.970635551951655628e-01 4.708185422593726410e-01 2.321649803171880189e-01 3.799777224658619224e-01 4.769997825076294773e-01 4.884980080139438297e-01 4.529730753708727797e-01 5.438522266058388732e-01 8.394026008968398511e-02 7.005614614991463596e-02 4.669913831557447326e-01 5.155873053044558452e-01
3.801689506279693487e-01 2.759269105855877147e-01 1.000000000000000000e+00 3.431716627668211506e-01 1.249365259346641721e-01 3.763417455769576536e-01 1.103209228141545761e+00 6.956089521971131617e-01 4.506417541660848181e-01 3.563435103846475105e-01 4.380538486546887711e-01 3.866181980201955914e-01 3.221520572481918476e-01 8.790212466001253722e-01 3.244658850872461642e-01 2.020138653155795216e-01 6.794261384770938772e-01 6.361922453126844790e-01 4.869588775302018946e-01 4.102506454676498326e-01 2.802019186305791942e-01 4.652563110225144127e-01 3.528519459758007182e-01 6.958861878849735838e-01 2.371506526406670923e-01 7.813257689654353744e-01 7.634578545676127259e-01 5.056551970956175701e-01 3.867432298660799517e-01 6.917038136637906343e-01 4.046073529502268729e-01 2.116687273986203599e-01 3.835608063169911874e-01 3.827511757954720206e-01 3.335262391054031883e-01 2.734418285675791482e-01 7.419237247749951303e-01 3.329324645646583036e-01 1.666365070253352232e-01 3.375880214570522453e-01 8.013273618363048190e-01 5.500621927584623538e-01 4.019702422315358792e-01 3.354860482202167149e-01 3.808088436156432666e-01 3.809395863798742399e-01 2.870198933678731468e-01 6.996186254879865896e-01 2.137494946812721897e-01 2.707771178258281397e-01 4.491578865878123050e-01 5.534725267416775729e-01 4.123355850875906059e-01 3.913275237479235114e-01 3.030111343638190458e-01 3.683708228982286448e-01 3.877568348195937764e-01 5.815610851783734603e-01 1.799288988522268484e-01 5.508042469920240158e-01 6.322419359921380710e-01 4.447478359192917896e-01 3.585889123985573912e-01 5.671536346304877352e-01 3.424666702180823030e-01 1.579351891785982231e-01 3.403306231567293505e-01 3.349165130204562746e-01
4.530343148111133922e-01 5.089200180697310838e-01 3.431716627668211506e-01 1.000000000000000000e+00 1.562720482463693938e-01 7.929799143147420182e-01 4.805684482457655005e-01 4.705780614535793882e-01 4.273340893227551285e-01 9.700778159729461780e-01 3.897402873625111508e-01 1.452280729577260843e+00 3.188683117641191167e-01 3.808632764294002104e-01 3.832603737221838558e-01 4.033555496666837992e-01 3.581548842005186639e-01 9.788251995120780813e-02 3.352065820051258749e-01 1.199459100532497935e+00 5.650062995897973117e-01 4.839397030579776771e-01 4.808904784989724845e-01 6.734086154938676572e-01 3.034855235421027309e-01 3.724304409982474584e-01 4.322293694785914187e-01 8.975426486614973554e-01 6.569401164647858948e-01 4.765868491359893100e-01 1.759829487787499258e-01 1.453446804283456684e-01 5.915581862127998747e-01 5.980640271496721061e-01 5.966109998922773938e-01 4.980239255012460786e-01 3.953025079285040766e-01 1.574233551534527153e+00 1.716200992359923072e-01 7.128878541459927609e-01 5.995247555596862066e-01 6.440022181116202837e-01 4.166478103157546520e-01 8.551901571320150719e-01 4.000702819291371282e-01 1.440315766725758007e+00 2.463570724673942447e-01 3.709521530656771926e-01 2.940644205409271850e-01 4.541642106474365614e-01 4.510356506163693546e-01 2.340952695821084117e-01 4.700807250869503129e-01 1.160252017264426394e+00 4.856059152398201073e-01 4.102868140105643269e-01 5.306529166397701003e-01 7.233780558065985300e-01 3.083558476941885562e-01 3.770687531916775415e-01 5.135712176123644612e-01 9.941159040367348876e-01 5.854548494684832516e-01 6.096663274676994426e-01 1.963602727692147776e-01 1.235326066762890973e-01 4.752833886113148054e-01 5.922545050336089911e-01
1.566623660182884514e-01 9.473299637218191016e-02 1.249365259346641721e-01 1.562720482463693938e-01 1.000000000000000000e+00 2.385403666525386379e-01 1.777702177375577453e-01 1.868041931063662842e-01 1.133788378951374465e-01 1.432193789730294431e-01 1.399872417078462661e-01 1.690828296859908653e-01 1.419298804549994075e-01 1.664571143909911732e-01 1.929056575516712446e-01 1.516618228443508964e-01 1.421981704266135904e-01 7.416413577882469133e-02 1.282994797397518649e-01 1.278794557162596379e-01 1.600573938544395669e-01 1.045760584691135392e-01 1.664404528347924184e-01 1.730209982719660144e-01 9.490090724892889795e-02 1.096401541935864699e-01 1.726315296828838941e-01 2.022537075583785149e-01 1.882585929118900936e-01 1.235869273641296145e-01 9.697529183606734549e-02 1.276886145470612077e-01 1.166014350929148180e-01 1.347691798914794625e-01 1.417538878959102577e-01 7.394533823922072591e-02 6.578124716682449968e-02 1.511399749617599320e-01 5.388108821757828237e-02 1.916050442649172847e-01 1.500081784900937909e-01 2.009531169461497013e-01 8.598786603912966786e-02 1.255919214982667009e-01 9.137524960696027931e-02 1.770803386448529249e-01 1.019471138203502103e-01 1.236060255076069092e-01 8.438439485918772243e-02 1.356592680574696674e-01 9.225594700616236710e-02 3.965193093640716204e-02 1.030483847243046508e-01 1.278914894696144833e-01 1.381766382186953024e-01 6.204040959359976432e-02 1.635668250993367601e-01 1.624430170638284932e-01 5.620336237572972488e-02 6.127979708769354383e-02 1.204538893923140230e-01 2.054447057339880145e-01 1.307846302947477390e-01 1.258111822010918868e-01 9.724525182839345583e-02 2.524063881345884469e-02 9.792901062332010076e-02 1.317955510488783566e-01
5.799650222482528594e-01 3.585261473011460698e-01 3.763417455769576536e-01 7.929799143147420182e-01 2.385403666525386379e-01 1.000000000000000000e+00 6.246596744318713146e-01 7.063318359025043680e-01 4.020658614761701832e-01 8.589354651992078260e-01 3.852501208540312638e-01 9.114832266510251024e-01 3.773057296605419886e-01 5.333693082684125564e-01 4.802790403331727020e-01 4.625338222382733289e-01 3.982357179551410109e-01 1.886541799742044445e-01 3.732050933976154283e-01 5.919234491474443249e-01 6.276987899098612766e-01 3.540782287552448060e-01 5.971982963358360985e-01 5.863437629690639863e-01 2.834516038885272482e-01 4.003536175481625103e-01 5.193555615590514929e-01 9.136985651040062661e-01 6.869580509629568121e-01 5.053761050809033595e-01 2.356180706216909337e-01 2.353013657454219310e-01 4.144678626069494554e-01 5.265355874612069886e-01 6.069945087368752157e-01 3.151677213327224170e-01 3.416609235885443296e-01 7.329414738090925807e-01 1.994583183182757347e-01 1.057018869638599146e+00 6.274382014286490339e-01 7.620511031838401728e-01 3.715249676663854861e-01 7.069895618524771885e-01 3.571749074519424694e-01 8.734558649625678850e-01 3.095266763644785590e-01 4.303911824194366909e-01 3.348729039966358845e-01 4.938155873210075542e-01 3.800115298208884829e-01 2.350927151566905571e-01 4.049063991900762605e-01 5.842978361616786298e-01 5.767376614569580395e-01 2.553814170546823692e-01 6.529032720334257966e-01 6.296941718142128330e-01 2.307720582733953085e-01 3.230171300790763422e-01 4.928946288954240140e-01 9.720426321378262680e-01 5.099523497229440094e-01 5.655626383622057718e-01 2.368836868033624976e-01 1.217630476255813776e-01 3.050130948570283218e-01 4.879632630427613305e-01
4.958993876041598581e-01 3.014110131540171933e-01 1.103209228141545761e+00 4.805684482457655005e-01 1.777702177375577453e-01 6.246596744318713146e-01 1.000000000000000000e+00 8.368549679165142585e-01 6.933204736099047860e-01 5.438069705316566083e-01 4.197929107370410584e-01 5.741663796601106373e-01 5.196141218476904022e-01 1.236938607790823763e+00 4.881200377015928460e-01 3.187054161960221621e-01 5.882621890580397306e-01 6.305913795078348372e-01 4.122345772700728439e-01 4.953073766365042596e-01 4.238818179456470547e-01 5.435934148754102413e-01 4.145732577210353709e-01 1.008608371639962975e+00 3.655140520778606406e-01 6.383223150649655064e-01 8.885765969137320308e-01 6.573372694401588001e-01 5.212368542806308236e-01 6.862985309298110792e-01 5.059277875483885190e-01 3.210028093548948913e-01 4.498064101413807858e-01 4.505444908196948317e-01 4.415958244702076207e-01 2.870172299366769431e-01 6.796039985557531526e-01 4.706831913200483219e-01 2.277004690105897122e-01 5.783212187667481352e-01 1.109615301997778802e+00 7.486262681251565354e-01 6.127809819866674168e-01 5.006218091812623117e-01 4.334060807293504403e-01 5.621423090392726474e-01 4.449161196761000636e-01 9.202440037285127827e-01 3.431181901652027300e-01 3.799487600128352849e-01 3.777365980847863791e-01 5.785612621843458925e-01 3.933388779075267516e-01 4.774322314091059560e-01 4.417381750370975579e-01 4.405247912496679241e-01 5.053223505529159665e-01 8.541598936751338966e-01 2.710758493607119402e-01 4.965308321799964952e-01 7.372018961184776398e-01 6.287305373465521541e-01 4.597242052065982909e-01 5.946505928344411052e-01 4.836298317431534377e-01 2.432032148394627502e-01 3.930646112066578102e-01 4.007388333665602986e-01
5.293080692788325603e-01 3.241670632251045236e-01 6.956089521971131617e-01 4.705780614535793882e-01 1.868041931063662842e-01 7.063318359025043680e-01 8.368549679165142585e-01 1.000000000000000000e+00 3.794145292623256061e-01 4.854725607058107961e-01 4.713059932681102904e-01 5.255978184541288956e-01 2.981434226682051492e-01 7.958813955475506630e-01 3.537195153587801011e-01 3.274326346412434474e-01 6.010679059802577218e-01 4.753432702140609201e-01 5.076818790295722916e-01 3.982621515632489562e-01 4.677141270349036151e-01 4.114576363507719825e-01 5.829347090568733902e-01 5.541809424779188253e-01 2.134320621416493646e-01 6.813784218492344724e-01 6.374281822952130305e-01 8.175016155604821755e-01 5.435456233789728309e-01 8.660052562887310401e-01 2.798756629324213319e-01 2.151312315831471200e-01 3.650618040560624777e-01 4.807026162788236023e-01 4.995624536442041519e-01 2.901266368437657728e-01 5.075804613405785481e-01 4.504740514496914927e-01 1.896303218490524300e-01 5.968857940965388575e-01 6.726849268980930052e-01 7.898361121201827872e-01 3.294866436844073876e-01 4.090747889572622364e-01 3.978839889482362335e-01 5.026778001552989483e-01 2.395859253027033953e-01 5.228569646199872079e-01 2.283663155604290507e-01 4.146418771969070383e-01 4.635125921119510606e-01 3.530845053190238003e-01 4.772766386110000036e-01 3.876631560509075092e-01 4.295711624002074291e-01 2.973599440451811793e-01 5.694627109599320613e-01 5.200729740813214708e-01 1.538553407095724634e-01 4.434849083117941015e-01 5.098562969085647101e-01 7.430859053445764140e-01 4.183533395926005150e-01 7.215360111947641819e-01 2.292650214420524080e-01 1.326569937612059324e-01 2.903053203876623245e-01 4.225319581511330913e-01
2.881489810233599513e-01 3.137811595962052835e-01 4.506417541660848181e-01 4.273340893227551285e-01 1.133788378951374465e-01 4.020658614761701832e-01 6.933204736099047860e-01 3.794145292623256061e-01 1.000000000000000000e+00 4.659386546195949941e-01 2.987575760896464816e-01 4.982651738586364454e-01 5.210179927148950174e-01 5.457145187399587982e-01 3.860242637884894745e-01 2.683384714756307243e-01 2.734392597079103315e-01 2.175046446092092078e-01 1.789979989606040045e-01 4.573275547892241555e-01 3.740367645749170800e-01 5.484397350661389670e-01 2.973584985175537487e-01 8.952758427288323162e-01 4.655997495215531412e-01 2.933740590970885798e-01 5.993280282241579826e-01 3.703323938693550144e-01 4.240957242757057433e-01 3.307526048803489105e-01 3.531968645953131314e-01 2.217089270975658999e-01 4.391239637263583684e-01 4.384427683021124289e-01 3.539911154657880976e-01 3.271133538307118283e-01 3.496724502018213054e-01 4.288995673584987678e-01 1.473727562890392584e-01 3.712295166554114290e-01 6.231979492022319267e-01 4.344377108236686658e-01 6.867543310998643902e-01 4.437008902504661623e-01 3.177087895798030859e-01 4.717174645048139991e-01 4.506454555771809423e-01 4.886660839232955800e-01 3.210606290571295096e-01 3.274219801643359906e-01 2.103675694575653510e-01 2.677445840760698803e-01 2.577578961064793672e-01 4.371048528744057027e-01 3.786616731404531810e-01 4.640376215272896676e-01 3.840108596850652645e-01 7.819672435798120658e-01 3.624539005237848444e-01 2.681850557049579864e-01 5.966003107729123123e-01 4.123239568419566625e-01 4.339221906505316140e-01 3.607862571954706388e-01 4.035472744120497945e-01 1.943880675133268787e-01 4.296139659765289553e-01 3.535093756608926330e-01
4.358992004995794201e-01 4.721747401859149873e-01 3.563435103846475105e-01 9.700778159729461780e-01 1.432193789730294431e-01 8.589354651992078260e-01 5.438069705316566083e-01 4.854725607058107961e-01 4.659386546195949941e-01 1.000000000000000000e+00 4.545308137806983728e-01 9.947270225465193461e-01 3.074034206105364930e-01 4.391830852561902088e-01 3.647918991128051847e-01 3.656670002281158793e-01 3.646372709979435744e-01 1.705906356469630292e-01 3.204821105123633607e-01 9.982906536366987771e-01 4.954933740046481572e-01 5.182832521849525254e-01 4.217988993624555150e-01 6.518925719118304762e-01 3.242722199242337178e-01 4.008926850648604212e-01 3.925044935008526470e-01 7.163741964248241390e-01 6.334592301720816110e-01 4.703840257396690316e-01 1.871671841927126934e-01 1.746288460685302968e-01 5.516359871184133290e-01 5.885447543890889310e-01 5.659396890761081433e-01 5.220362036064482014e-01 4.856610546517037275e-01 9.209975387344705444e-01 1.832679505253251850e-01 7.930794575587516437e-01 6.806728801294108511e-01 6.580435090477290139e-01 4.793277435518932816e-01 1.674421984166127420e+00 4.891420539894154595e-01 9.795334606138169642e-01 2.450654211117632153e-01 4.627756288935508944e-01 2.685812958554110175e-01 4.311075142206269861e-01 5.028415270825659089e-01 3.365511048301654262e-01 5.238194161850859842e-01 9.745663722797573980e-01 4.289665358042381027e-01 4.800252030572069173e-01 5.031736852126442727e-01 7.153216979776850781e-01 3.107570787178867699e-01 4.967017843413182865e-01 5.469357250687896244e-01 8.791033568437113255e-01 5.126991941969029076e-01 6.448398959756247439e-01 2.668676520754236781e-01 1.167567510755759125e-01 4.420628811417915416e-01 5.596072530611797546e-01
2.962091322306714125e-01 3.962661477595187387e-01 4.380538486546887711e-01 3.897402873625111508e-01 1.399872417078462661e-01 3.852501208540312638e-01 4.197929107370410584e-01 4.713059932681102904e-01 2.987575760896464816e-01 4.545308137806983728e-01 1.000000000000000000e+00 4.165451776633578573e-01 2.011358240100826755e-01 3.556665836877320186e-01 2.396613793385682645e-01 1.757795387079662541e-01 5.029295155515561833e-01 3.107670552462978852e-01 4.295536273438362307e-01 4.646100272878034287e-01 2.422909914432640477e-01 4.239320706835402186e-01 3.348340843237098685e-01 4.339337286610007727e-01 2.335788355583186815e-01 6.113312053826323034e-01 4.088952043792144497e-01 4.354051621263900218e-01 4.284904935970649253e-01 5.490646565544208269e-01 1.339849383512502767e-01 1.067530302857843671e-01 3.889945063989889151e-01 4.889443038494742932e-01 4.189444386559068034e-01 4.028484422380482211e-01 4.162097411332120744e-01 3.793783777233796783e-01 1.099148397916974579e-01 3.475510871620004494e-01 4.161975986493432478e-01 4.266910546040297292e-01 2.682136781365812572e-01 4.432892646034777839e-01 4.607782439126210106e-01 4.107744730766011987e-01 1.499556724760771897e-01 3.064418117844042166e-01 1.551709735024694725e-01 2.817321640755692802e-01 5.146042694180974486e-01 2.547307575810581204e-01 5.137685596157515189e-01 4.558341987517565697e-01 2.141971034791157469e-01 3.570026529810606530e-01 3.352982556521744151e-01 4.171881203412896588e-01 1.817759908298854366e-01 4.324085042854225458e-01 4.019008951288432496e-01 4.482296405986822552e-01 3.768980817688400986e-01 5.360894534817771673e-01 1.521442763594001990e-01 4.719960240157534959e-02 3.571332909063366090e-01 4.199259838526742117e-01
4.646421384932428178e-01 5.020939318006530927e-01 3.866181980201955914e-01 1.452280729577260843e+00 1.690828296859908653e-01 9.114832266510251024e-01 5.741663796601106373e-01 5.255978184541288956e-01 4.982651738586364454e-01 9.947270225465193461e-01 4.165451776633578573e-01 1.000000000000000000e+00 3.646342494870360440e-01 4.379405240650979247e-01 4.240508968766036890e-01 4.228698482048076079e-01 3.808190930901241833e-01 1.308575330871523390e-01 3.394823741237487646e-01 1.118729298328266841e+00 5.928645574251690809e-01 5.069680150334717750e-01 5.090726556454896468e-01 7.435225356558456955e-01 3.465501376838900915e-01 4.007459048329394813e-01 4.910695836519617385e-01 9.172790798702287196e-01 6.763600565518392838e-01 5.002289664284564896e-01 2.094046639177189195e-01 1.726525775807951357e-01 5.977001137505677519e-01 6.291598763693284635e-01 6.366344701456877475e-01 4.842310398757255774e-01 4.289289072730366748e-01 1.320291422104035606e+00 1.859679004856420459e-01 8.121637863931996382e-01 6.838307819259805687e-01 6.885228717168618839e-01 4.793551243190213862e-01 8.643616335749277901e-01 4.382701173431241548e-01 1.558757722629489972e+00 3.076951652714327023e-01 4.326668097512400557e-01 3.345305041712209326e-01 4.817493937451188257e-01 4.542878745569776666e-01 2.745275492096027059e-01 4.952132530757318296e-01 1.103684400104270269e+00 5.278369290445710238e-01 4.356098485026149714e-01 5.757283441940160840e-01 8.005739014391562991e-01 3.233949866318034938e-01 4.082788578079271091e-01 5.724685299914703540e-01 1.018929744062892606e+00 5.959984076470206116e-01 6.345619307849923452e-01 2.413104010421225354e-01 1.403340575994447559e-01 4.727206869179645943e-01 5.952767378367558315e-01
3.113755714187405599e-01 1.805141963924639381e-01 3.221520572481918476e-01 3.188683117641191167e-01 1.419298804549994075e-01 3.773057296605419886e-01 5.196141218476904022e-01 2.981434226682051492e-01 5.210179927148950174e-01 3.074034206105364930e-01 2.011358240100826755e-01 3.646342494870360440e-01 1.000000000000000000e+00 4.607815335782787791e-01 3.433779981514274438e-01 2.986399018820787288e-01 1.895717869015328128e-01 1.886081100531764032e-01 1.631849006598792562e-01 2.277429950863821828e-01 3.968910431034007313e-01 2.824035834502933162e-01 2.755125548563464033e-01 5.478788025331926548e-01 4.088408062019622813e-01 1.439231765105400129e-01 5.386408964111539799e-01 3.407185501135772676e-01 3.607200426188575393e-01 1.709993573156999291e-01 3.612999950729356424e-01 2.594569038822499563e-01 2.368928243104000131e-01 2.900398386716646071e-01 2.571982389396206825e-01 1.369843558337277556e-01 1.396827816502679842e-01 3.144681695056516513e-01 1.409426504249442491e-01 3.681043959380679853e-01 4.231121794045271667e-01 3.655685920083664997e-01 4.306703630252214365e-01 2.803022746777938945e-01 1.481059332863233213e-01 3.604623734245792077e-01 4.505743737030712404e-01 3.635077959571143547e-01 2.809332432888900777e-01 2.883729572884063952e-01 5.746897197260747436e-02 1.528636714168677413e-01 1.158249574876696331e-01 2.144394612600753758e-01 4.083314621534594457e-01 1.952947224188189557e-01 3.417127507410743226e-01 4.915910765375887670e-01 2.616584181770773565e-01 6.645582141960185152e-02 3.983768276847033385e-01 3.623993729692489008e-01 3.549219926384258872e-01 1.800910052699908614e-01 3.329908786857292413e-01 1.889812882585716891e-01 2.374219799144072773e-01 2.481983497991829823e-01
5.747715535454207547e-01 2.441005927855762481e-01 8.790212466001253722e-01 3.808632764294002104e-01 1.664571143909911732e-01 5.333693082684125564e-01 1.236938607790823763e+00 7.958813955475506630e-01 5.457145187399587982e-01 4.391830852561902088e-01 3.556665836877320186e-01 4.379405240650979247e-01 4.607815335782787791e-01 1.000000000000000000e+00 3.831489789877668972e-01 2.998030342230789125e-01 5.826064965482848912e-01 7.453665736631061023e-01 4.668606193507829349e-01 3.384013886322108644e-01 4.162771507232925217e-01 4.547655609834737600e-01 4.082074482819501582e-01 6.890351568092685230e-01 2.430533005585851225e-01 5.328591458917274482e-01 8.018302938774197752e-01 5.427839750417643438e-01 5.206234948699703935e-01 6.807046052203241659e-01 5.069841676267139441e-01 3.188369430490502476e-01 3.622287243218839659e-01 4.112270044648946299e-01 4.141839244050825597e-01 2.154870792163468274e-01 4.686315230676185162e-01 3.657220354682376717e-01 1.956983854485747631e-01 4.899905811259909205e-01 7.365117587755806161e-01 6.593762202290806007e-01 4.309293715780538880e-01 3.846233504515617629e-01 3.567246060023014920e-01 4.255473223192529630e-01 3.431275175839592628e-01 7.457660688760725520e-01 2.560477418271525085e-01 3.580615176271166877e-01 3.226611136178716976e-01 5.405088780344694532e-01 3.496599836413458728e-01 3.136541212618710328e-01 4.221485415374462424e-01 3.600463724689174638e-01 4.689537686692120122e-01 5.621253755896955528e-01 1.708415142907751538e-01 3.527521616907998148e-01 5.873170916121818186e-01 5.183520079624693855e-01 3.983162914091522011e-01 5.323341804429055912e-01 3.649732647490530058e-01 2.133720546901771153e-01 3.052952288367872802e-01 3.323825722397805715e-01
2.772993348762393673e-01 2.314659422754703488e-01 3.244658850872461642e-01 3.832603737221838558e-01 1.929056575516712446e-01 4.802790403331727020e-01 4.881200377015928460e-01 3.537195153587801011e-01 3.860242637884894745e-01 3.647918991128051847e-01 2.396613793385682645e-01 4.240508968766036890e-01 3.433779981514274438e-01 3.831489789877668972e-01 1.000000000000000000e+00 3.087292290886132773e-01 2.614967588114669450e-01 1.437260774631318183e-01 1.928706220055650955e-01 3.232611454301445031e-01 3.608713297619565719e-01 2.686722243858502557e-01 3.050906605771708802e-01 5.000984880230492369e-01 2.966946981235494829e-01 2.369466529044561565e-01 4.228652181487741468e-01 4.047375804141331579e-01 3.809490907855086483e-01 2.802978071572285179e-01 2.280719758143787967e-01 1.945409224485382393e-01 2.999401450208864506e-01 3.366684206922958555e-01 3.254986854077549507e-01 2.199194168963211349e-01 2.389057099514057259e-01 3.702680515945316886e-01 1.298521874325051506e-01 4.332842974315209150e-01 4.495120371443067087e-01 4.017634754410873699e-01 3.545376995010436350e-01 3.326233645246025605e-01 2.119628553043036434e-01 4.232830050217440410e-01 2.841489383137086877e-01 3.447263881410607134e-01 2.735734949231947710e-01 2.957218361807994467e-01 1.982924257235937626e-01 1.568331315654790115e-01 2.177956903368924446e-01 3.117330643479094276e-01 3.265785860735113122e-01 2.013954081509911065e-01 3.432934748900101640e-01 4.877659041981366461e-01 1.886991980979500494e-01 1.785236717512905802e-01 3.558343711442491508e-01 4.189240116088586152e-01 3.406856949317815242e-01 2.924613133999511838e-01 2.543468802956786456e-01 1.331138575798426482e-01 2.499166449021134329e-01 2.973216920494183291e-01
4.129992643032805999e-01 2.687603207103150815e-01 2.020138653155795216e-01 4.033555496666837992e-01 1.516618228443508964e-01 4.625338222382733289e-01 3.187054161960221621e-01 3.274326346412434474e-01 2.683384714756307243e-01 3.656670002281158793e-01 1.757795387079662541e-01 4.228698482048076079e-01 2.986399018820787288e-01 2.998030342230789125e-01 3.087292290886132773e-01 1.000000000000000000e+00 2.573161065625636512e-01 9.821609701587089014e-02 2.448648969574456213e-01 2.147800278890306114e-01 7.469462246550507833e-01 2.765936411161941111e-01 6.662477671647168975e-01 3.947383738983601953e-01 2.016624275972050406e-01 2.208275324164278852e-01 4.261268860348153553e-01 5.318902879892192237e-01 5.429446140198842530e-01 3.254922072013320400e-01 1.809283619259434150e-01 1.732369692265688377e-01 3.209427528741453095e-01 3.869983790312488403e-01 4.673583770816052696e-01 1.746125234010232619e-01 1.187250974063494974e-01 3.952793808195134151e-01 1.547499673243232787e-01 4.566729623070386324e-01 3.097790745133409684e-01 4.109624720561922406e-01 2.349334435561412915e-01 3.087445487531685906e-01 1.918884060213650877e-01 4.210114989451193002e-01 2.114899570689687536e-01 2.242877838183413575e-01 2.432071640293625436e-01 6.181019736335827686e-01 2.122429953825648308e-01 1.045421309730074216e-01 2.433530181423460559e-01 2.128823064768536333e-01 6.856931047978753746e-01 1.391597980123742140e-01 6.651160146556420738e-01 3.957800540684159873e-01 1.326610973945064331e-01 1.400269045320526873e-01 3.393513126396830448e-01 5.411354112415687201e-01 4.775362629512728274e-01 3.594956354901822637e-01 1.357334106046188815e-01 9.759772625884723107e-02 2.674640763399914745e-01 4.180559596899013908e-01
5.054469423138210349e-01 3.705417766043177519e-01 6.794261384770938772e-01 3.581548842005186639e-01 1.421981704266135904e-01 3.982357179551410109e-01 5.882621890580397306e-01 6.010679059802577218e-01 2.734392597079103315e-01 3.646372709979435744e-01 5.029295155515561833e-01 3.808190930901241833e-01 1.895717869015328128e-01 5.826064965482848912e-01 2.614967588114669450e-01 2.573161065625636512e-01 1.000000000000000000e+00 4.958060005758868627e-01 8.212461188932421718e-01 3.748703025434442226e-01 3.455125461675883081e-01 4.089298770976969033e-01 5.337321331216893228e-01 4.374031477924840705e-01 1.113873831662567787e-01 6.849681892697205843e-01 6.209911886180448093e-01 4.975759104001126754e-01 5.159226545906532291e-01 7.426640918805611502e-01 2.511392145359069850e-01 1.871776454784399579e-01 4.060563544278607551e-01 4.981128467110159108e-01 5.408429959047491575e-01 3.343001105823374397e-01 4.434258580016020579e-01 3.488305949951848173e-01 1.416577852995227205e-01 3.555596002615705187e-01 4.679723219853064720e-01 4.899121275518997787e-01 2.123284118076853022e-01 3.463125758247400654e-01 4.431858028000695282e-01 3.752835375444842914e-01 1.490743006552919803e-01 4.147749974195822920e-01 1.413270600770052399e-01 3.639507106628183108e-01 6.393788641294401165e-01 4.031251653577909710e-01 6.317034489787621832e-01 3.559619110586993984e-01 3.282288455447555098e-01 2.891703630767527566e-01 4.797802151501243118e-01 3.686707765263684267e-01 9.905664031424753213e-02 4.253028124527711840e-01 5.005757135018604753e-01 4.806153316317027802e-01 4.386613450425446148e-01 6.094093487407320486e-01 1.328432558786148687e-01 1.192494601875193627e-01 3.604629251438759008e-01 4.567147346440856848e-01
2.349942266522839773e-01 1.055334758376138965e-01 6.361922453126844790e-01 9.788251995120780813e-02 7.416413577882469133e-02 1.886541799742044445e-01 6.305913795078348372e-01 4.753432702140609201e-01 2.175046446092092078e-01 1.705906356469630292e-01 3.107670552462978852e-01 1.308575330871523390e-01 1.886081100531764032e-01 7.453665736631061023e-01 1.437260774631318183e-01 9.821609701587089014e-02 4.958060005758868627e-01 1.000000000000000000e+00 4.551313374198643902e-01 1.160388476726989387e-01 1.037173331903614715e-01 2.893177768577451237e-01 1.511747190498930193e-01 2.471448761667857652e-01 1.279468832172467666e-02 4.432227917237602788e-01 4.539630204529532254e-01 1.847336550867273997e-01 1.737237192674618014e-01 4.316025121597364400e-01 3.361146629116810725e-01 1.747369893700314036e-01 1.701449054921496118e-01 1.873397805170029518e-01 2.046353168246920484e-01 4.700286360407845976e-02 2.604634425191466596e-01 1.028738672706540069e-01 9.911064741648566156e-02 1.724150203224829869e-01 3.246393494470504737e-01 3.099499473276082218e-01 1.090477569461679036e-01 1.715939770861830971e-01 2.438887701972746735e-01 1.413287083325275861e-01 1.140282506935216683e-01 4.075950605395652904e-01 8.899568802184530669e-02 1.588191088661112527e-01 2.234917152174178134e-01 4.944049903255021694e-01 2.661680345993723273e-01 1.115265559493731351e-01 1.530490909014571299e-01 1.864268127094693694e-01 1.955077973683618242e-01 1.337086729566513699e-01 -2.280855320188954899e-02 2.085585346474073121e-01 2.452161428808882215e-01 1.698071995823057789e-01 1.498556094582220166e-01 3.122515054751727748e-01 1.745142037565844406e-01 1.348093759985878048e-01 1.429998559707733041e-01 1.470555503297905908e-01
5.993023846666087895e-01 3.141983535484280110e-01 4.869588775302018946e-01 3.352065820051258749e-01 1.282994797397518649e-01 3.732050933976154283e-01 4.122345772700728439e-01 5.076818790295722916e-01 1.789979989606040045e-01 3.204821105123633607e-01 4.295536273438362307e-01 3.394823741237487646e-01 1.631849006598792562e-01 4.668606193507829349e-01 1.928706220055650955e-01 2.448648969574456213e-01 8.212461188932421718e-01 4.551313374198643902e-01 1.000000000000000000e+00 2.865174284630783164e-01 3.146418438456906053e-01 3.331941870658821636e-01 4.290601728284212935e-01 2.890340896172661211e-01 6.052288421676281505e-02 5.259444889593370975e-01 5.210565043999445534e-01 4.494398124800835781e-01 4.773248458881039213e-01 5.655371137231427481e-01 2.116404970102827021e-01 1.511958442958471482e-01 3.053707705620714030e-01 4.055274307235176567e-01 5.082127222927073085e-01 2.343463355876296006e-01 2.591997781398013845e-01 3.192584906034316994e-01 1.064014490143832953e-01 3.418936484849048885e-01 2.985971053726600433e-01 4.272200886634900940e-01 1.058457959598014531e-01 2.938693298240403484e-01 3.418443771400710984e-01 3.347857519854319786e-01 9.701469908019699773e-02 2.801432488294368639e-01 1.263939350110367954e-01 3.115671443937917950e-01 4.829120008887842208e-01 3.313154093595717664e-01 5.318013447002142291e-01 2.775956030899666693e-01 3.090710389753925091e-01 1.949638915156246821e-01 3.807978176301540230e-01 2.235046722272358288e-01 4.634899073267130520e-02 2.407946096425147009e-01 3.290361972363868293e-01 4.250578368786945838e-01 3.991480197892608994e-01 4.611056274307346881e-01 4.819463772467154350e-02 1.065998997653022917e-01 2.695382077545056543e-01 3.628282120427996915e-01
2.682272641617543529e-01 5.334749444330619816e-01 4.102506454676498326e-01 1.199459100532497935e+00 1.278794557162596379e-01 5.919234491474443249e-01 4.953073766365042596e-01 3.982621515632489562e-01 4.573275547892241555e-01 9.982906536366987771e-01 4.646100272878034287e-01 1.118729298328266841e+00 2.277429950863821828e-01 3.384013886322108644e-01 3.232611454301445031e-01 2.147800278890306114e-01 3.748703025434442226e-01 1.160388476726989387e-01 2.865174284630783164e-01 1.000000000000000000e+00 2.996395518202168429e-01 5.821846643217928330e-01 2.710568773306888390e-01 7.275834542679008310e-01 3.356552528465384100e-01 4.118290352745683780e-01 3.579132046434360115e-01 6.131399206232044374e-01 4.888400578260901352e-01 4.692612521945391801e-01 1.485295081193795386e-01 8.974157048997874475e-02 6.742478022719430308e-01 5.874531100463040723e-01 4.797794167084916683e-01 6.184977175801222860e-01 5.562137300251881467e-01 1.066270001392493505e+00 1.506490893853100477e-01 5.161064572253297733e-01 6.520986882846087074e-01 5.195739230422979915e-01 4.932902302542940820e-01 9.744026156263654315e-01 5.211521585151367431e-01 1.102290511491892167e+00 2.488304596224864274e-01 4.138799855213883272e-01 2.429576774298509712e-01 3.086806118078966876e-01 5.310147602599177841e-01 3.122376355081152299e-01 5.196056951585320549e-01 1.713162147991407647e+00 2.433978260397398619e-01 5.690916096296166904e-01 3.205333217790684586e-01 7.572178301999769046e-01 3.654119214705644492e-01 5.056419506736911096e-01 5.584899248553665263e-01 6.974816852940953771e-01 4.496572914657699371e-01 6.048641399276668551e-01 2.462206107755331996e-01 1.048763462291614768e-01 5.818265737050585251e-01 5.502984530466992208e-01
6.171875640039374833e-01 3.587234633680339568e-01 2.802019186305791942e-01 5.650062995897973117e-01 1.600573938544395669e-01 6.276987899098612766e-01 4.238818179456470547e-01 4.677141270349036151e-01 3.740367645749170800e-01 4.954933740046481572e-01 2.422909914432640477e-01 5.928645574251690809e-01 3.968910431034007313e-01 4.162771507232925217e-01 3.608713297619565719e-01 7.469462246550507833e-01 3.455125461675883081e-01 1.037173331903614715e-01 3.146418438456906053e-01 2.996395518202168429e-01 1.000000000000000000e+00 3.022101759559889245e-01 1.072699907899592464e+00 4.996523459380508014e-01 2.666809918223044251e-01 3.044560011673468347e-01 5.665934841007432832e-01 7.935643574666384481e-01 8.155019382721737653e-01 4.711450352698202670e-01 2.407960476808386208e-01 2.106788505820916257e-01 4.689621549299397008e-01 5.735681486353290115e-01 6.242780318036208476e-01 2.623029768045785914e-01 1.797217824619098403e-01 5.483154045202884852e-01 1.482377317966875885e-01 5.951939000440437111e-01 4.291305114778891094e-01 5.722468435932253072e-01 3.286309226300196951e-01 3.973899540813949360e-01 2.200202963070888029e-01 5.798062177927603145e-01 2.977346483792253640e-01 2.833977063784859363e-01 2.719957358149114324e-01 7.279868863440743798e-01 2.606341113267933718e-01 1.491297681074901793e-01 2.951596076049336492e-01 2.902239548230026167e-01 1.322337208620968152e+00 1.861772147420744095e-01 1.063109168795104642e+00 5.300739429870513497e-01 1.786331621725970875e-01 2.084069337802157140e-01 4.694756661000950571e-01 8.001678414429523878e-01 7.090935081971450060e-01 5.168138568974925962e-01 1.927431995756819227e-01 1.289577467724302151e-01 4.140206711933139827e-01 5.774118825679191991e-01
2.755856178420191815e-01 4.668319020379731454e-01 4.652563110225144127e-01 4.839397030579776771e-01 1.045760584691135392e-01 3.540782287552448060e-01 5.435934148754102413e-01 4.114576363507719825e-01 5.484397350661389670e-01 5.182832521849525254e-01 4.239320706835402186e-01 5.069680150334717750e-01 2.824035834502933162e-01 4.547655609834737600e-01 2.686722243858502557e-01 2.765936411161941111e-01 4.089298770976969033e-01 2.893177768577451237e-01 3.331941870658821636e-01 5.821846643217928330e-01 3.022101759559889245e-01 1.000000000000000000e+00 3.029485744589442420e-01 7.049693472251425952e-01 3.440327199882821096e-01 4.803979822877206818e-01 5.002278362678187484e-01 3.823945999313225763e-01 4.620526538474105660e-01 5.536236804334935258e-01 2.241794234398083452e-01 1.157637464080179812e-01 5.448538358448293817e-01 5.474136985550658308e-01 4.699269274898302262e-01 5.088222004743954141e-01 4.702592032503422059e-01 4.715293166428807803e-01 1.267892194226107883e-01 3.253714118702364932e-01 5.598202543969662548e-01 4.617090356910619753e-01 4.908338125574697730e-01 5.148204597015378914e-01 4.585895450471147994e-01 4.973557027365166361e-01 2.605596466339286654e-01 4.619531209003268635e-01 2.259936835149986001e-01 3.503069860980397854e-01 4.394498391156808625e-01 3.349829837453561776e-01 4.656213514488682925e-01 5.779645854309323205e-01 3.073808265583719557e-01 6.124762722563339423e-01 3.584689884408785443e-01 6.610382854668802599e-01 3.185238949513432560e-01 4.670395685197061830e-01 6.006621812741133049e-01 4.351255762587364906e-01 4.769313468781186116e-01 5.982254809086771097e-01 2.237723319312567571e-01 1.176489464285649933e-01 5.115854908810593127e-01 4.772658532048555391e-01
6.022757971776093733e-01 3.787039658804539632e-01 3.528519459758007182e-01 4.808904784989724845e-01 1.664404528347924184e-01 5.971982963358360985e-01 4.145732577210353709e-01 5.829347090568733902e-01 2.973584985175537487e-01 4.217988993624555150e-01 3.348340843237098685e-01 5.090726556454896468e-01 2.755125548563464033e-01 4.082074482819501582e-01 3.050906605771708802e-01 6.662477671647168975e-01 5.337321331216893228e-01 1.511747190498930193e-01 4.290601728284212935e-01 2.710568773306888390e-01 1.072699907899592464e+00 3.029485744589442420e-01 1.000000000000000000e+00 4.223612905751887858e-01 1.930961038055584444e-01 4.626453403438698375e-01 6.290302593562593358e-01 8.284070744544242970e-01 7.531416133792225853e-01 6.352577838894850615e-01 1.996308068531014723e-01 2.032783459760525990e-01 4.141270843038648564e-01 5.732067261844308037e-01 6.632000872182267637e-01 2.735352966575402278e-01 2.305889575506684108e-01 4.716164189986174482e-01 1.466545184102137078e-01 5.612405499960408939e-01 3.786745684670275724e-01 5.616273130149614934e-01 2.439374491875108963e-01 3.399608233486646203e-01 2.739770371607959665e-01 4.890134927476900151e-01 2.258323607771966779e-01 2.427056696519059309e-01 2.255053378768243355e-01 7.125777312127821173e-01 4.350080014386247251e-01 1.406425776891065960e-01 4.157205830839906247e-01 2.599300760270633059e-01 9.329002021584179571e-01 1.718445478823553696e-01 1.176124898781747419e+00 4.302551763421980646e-01 1.374186382400821027e-01 2.846977300427400714e-01 5.026796230000656340e-01 7.821305464446088873e-01 6.266977312662996846e-01 6.180060753157383679e-01 1.150113427220770812e-01 8.081291831720278929e-02 3.538774915965437473e-01 5.713760380889019164e-01
