1.000000000000000000e+00,3.073884925383019162e-01,4.986025319734184169e-01,3.291441029924936923e-01,2.713500344081098622e-02,5.016554564781054992e-01,5.990206528017040233e-01,5.121808736201916012e-01,3.298480176919415530e-01,3.555666664962804924e-01,3.447393361146137147e-01,3.372557507219088868e-01,2.405208546413327986e-01,6.970271889608796734e-01,3.839479777127438598e-01,4.993202047215758443e-01,5.752896454516873703e-01,2.603174085614372579e-01,6.413027026356777904e-01,1.234986746933919022e-01,6.284668779571735975e-01,3.187904001865778381e-01,6.712346382081453289e-01,3.823959433105452166e-01,2.257628924619282940e-01,2.992865608802331989e-01,4.776519055248714674e-01,4.326461878585535770e-01,8.201919804155082261e-01,6.541548949858719819e-01,3.526974984592824436e-01,1.907926828081019655e-01,3.857134870593763587e-01,6.235308950529577787e-01,6.371857076725883084e-01,2.919068385935409959e-01,3.959659015135604254e-01,3.326527977953118720e-01,-7.927683441841409939e-02,4.446125986319094392e-01,4.531470153238599252e-01,3.705356106618692413e-01,2.571546361647003009e-01,3.363543744030899063e-01,4.029433339003441472e-01,3.064992533729744562e-01,2.664693659309396168e-01,5.728870397488056154e-01,3.199982093122820670e-01,4.668346480050091785e-01,3.140626619016773091e-01,3.650416953651021146e-01,4.412497831972888584e-01,6.712268865033858833e-02,6.000489258847004903e-01,2.392191928975487547e-01,5.948843519130918578e-01,2.428704554582296893e-01,2.148490760738813454e-01,9.951680558709211089e-02,2.807528478334638256e-01,3.739182106821320462e-01,7.820757316447723984e-01,4.423445262529698829e-01,1.167405335843894332e-01,6.231174663475199521e-02,3.850320752934313639e-01,5.629068304576554382e-01
3.073884925383019162e-01,1.000000000000000000e+00,4.424356071864441464e-01,5.029277940581915463e-01,-2.705589596675607097e-02,3.895617636739315826e-01,3.424767385350154791e-01,2.840122405841945530e-01,3.378266573124691918e-01,3.862890124174131468e-01,5.438419955414257601e-01,5.213316046346575527e-01,1.606619942142983593e-01,3.055249550084881416e-01,3.560789838871414315e-01,4.952879882811288548e-01,5.066190515354389579e-01,1.141417918025483397e-01,4.191646497570782892e-01,5.521061424615119062e-01,3.336658509248947579e-01,6.431970415112339134e-01,4.836241014131813509e-01,5.275133772320154124e-01,4.644177118115050962e-01,5.758203354604837232e-01,5.846460223697527159e-01,5.517296938991094191e-01,5.167311666792850922e-01,6.023418760497618596e-01,1.556387902660233136e-01,2.789976256140695443e-01,5.555419339090723607e-01,6.513741376784487613e-01,4.941413695570829878e-01,7.031117035030896023e-01,5.243799638820519915e-01,5.364377854069715124e-01,-8.054670482812759102e-02,4.177573213956322640e-01,4.212147488971060838e-01,2.777369489713432671e-01,3.728123609083573431e-01,4.074564396765824603e-01,5.886921259478503643e-01,5.423279493583761379e-01,2.723882804053027185e-01,3.693337587572238512e-01,4.000906083555578197e-01,5.647425526011181640e-01,6.491107471515573657e-01,2.649539587878249058e-01,6.589317100416670625e-01,5.744984568506514844e-01,3.555024027100734951e-01,6.788813614694080290e-01,5.487942458342827123e-01,5.411121559752947174e-01,4.356053145451289077e-01,5.497426710186241738e-01,6.940093663498769772e-01,5.590314172562097506e-01,5.023365701306121700e-01,7.109309562076238098e-01,9.250213696093172178e-02,3.938672908607056267e-02,4.898886847697737634e-01,6.673702444875067030e-01
4.986025319734184169e-01,4.424356071864441464e-01,1.000000000000000000e+00,2.346180309630404026e-01,3.168636815594103040e-02,3.181293463034258751e-01,7.077079565892445689e-01,3.969467635163953512e-01,3.801943471184240364e-01,1.647241696218887663e-01,5.762853939071108655e-01,2.004618210554876545e-01,3.205997067815003487e-01,5.695784426052632465e-01,3.729510532888202223e-01,3.122766686422027704e-01,7.050102154137228849e-01,4.484694863534826048e-01,6.201674583751531911e-01,1.833803350992925241e-01,2.433717430466206255e-01,4.179202637230383655e-01,3.991426034390221367e-01,5.443264625345493046e-01,3.650760639972698285e-01,6.927117925492130013e-01,6.967003735866758030e-01,4.081557522533144078e-01,4.367895251888588848e-01,6.619082311029339527e-01,3.456088038884642111e-01,3.385429479836879474e-01,3.300677307413021344e-01,4.452482357335021956e-01,4.169811077012873790e-01,4.140779861481642676e-01,6.706784604449457232e-01,2.890335608532763612e-01,-1.076447689057651730e-01,2.600639232033583603e-01,5.752833785261007860e-01,2.081305852621464503e-01,3.215008829180501237e-01,1.678049656838807857e-01,5.114263688115484596e-01,2.153928778324041837e-01,2.862547370935819568e-01,4.937605001809715621e-01,3.055504305868356196e-01,3.556843004384908080e-01,4.530514804245439064e-01,4.775140502911817131e-01,4.694850682083987481e-01,2.049548621272841709e-01,2.182210794579378388e-01,4.001068265967784310e-01,3.155915722459035067e-01,4.103288254460907836e-01,4.033332539886858026e-01,4.623562539692544493e-01,6.065321612036589372e-01,3.385732221696012290e-01,4.276794121727989784e-01,4.067047940693918062e-01,1.626888785791891501e-01,1.838794193250095285e-02,2.664815988263335433e-01,4.694039725377353034e-01
3.291441029924936923e-01,5.029277940581915463e-01,2.346180309630404026e-01,1.000000000000000000e+00,3.320287852760518688e-02,6.186202758401110335e-01,3.759941031062577488e-01,4.044535605857021432e-01,3.593993803425304945e-01,6.136050262312626735e-01,2.251875589689948387e-01,7.992337055760917464e-01,1.588619706467944703e-01,2.538207063688979748e-01,4.380558633162766613e-01,5.556082712509120558e-01,2.624294299218810078e-01,-1.097691894080232711e-01,2.347354594165788622e-01,6.908705899533345018e-01,5.468509410373312285e-01,4.884921363056987098e-01,5.558311110249143372e-01,5.406475162461050754e-01,2.145925741449497826e-01,3.516999572321015122e-01,2.599078724334079604e-01,7.609314608289313719e-01,4.615830381349967371e-01,4.695459583352923905e-01,7.855611469859928586e-02,1.417140639087607901e-01,3.679924465215298479e-01,5.360008289425810535e-01,3.631963704462687903e-01,4.507553742020308229e-01,4.249815070216917401e-01,9.542876049334743094e-01,-6.026051096605409413e-02,6.649772326897838148e-01,3.722545818752056590e-01,4.475111213583934933e-01,3.730689448902847483e-01,6.841037396217455324e-01,3.466787507319193384e-01,7.885151856344391197e-01,2.400696328456375372e-01,2.566440666617437194e-01,4.449065784393828049e-01,5.315090594920310885e-01,3.684646488569068290e-01,5.338265559101698643e-02,4.072519647771075668e-01,7.181183397608368324e-01,5.807969471757746804e-01,4.803236192681282768e-01,6.746204114276729280e-01,5.660749893902317087e-01,1.330186315866569435e-01,3.044576253539995059e-01,3.534157508034742601e-01,7.472480831159719061e-01,4.502428702708470287e-01,5.995512762074958202e-01,2.048225495615724548e-02,6.885356072319034904e-02,3.642236781143694535e-01,5.275410272061903383e-01
2.713500344081098622e-02,-2.705589596675607097e-02,3.168636815594103040e-02,3.320287852760518688e-02,1.000000000000000000e+00,9.836581078027009650e-02,-3.720539418621226363e-03,1.008243093223558096e-01,-1.233285963642418576e-01,2.542294040893591789e-02,-5.740002965646635175e-02,-3.214457910812202474e-02,-6.884052001459589620e-02,-5.928482621130815727e-02,8.301033710683050626e-02,2.469947210737520257e-02,7.330270432391523816e-02,-1.112734954280398397e-01,5.729825866117219113e-02,-5.621572764672003175e-02,2.263474296243171008e-02,-9.213019453418502813e-02,7.492872696932621757e-02,-6.414820228805219460e-02,-9.113324862606614341e-02,-4.476969032135637294e-02,-3.183783786339052652e-02,6.746932077269607309e-02,-3.185631167870742186e-02,3.655578799023039699e-02,-6.024774162766039637e-02,8.923115330532120637e-02,-9.688827339493179258e-02,-1.435248581227067423e-02,-1.572125910642327082e-02,-2.070564499596775493e-02,1.013723781313931836e-02,3.000789587674900991e-02,7.011838177320142695e-02,6.146834555479158829e-02,-4.293895665582313226e-02,8.237415972458105029e-02,-9.785773029726070604e-02,2.259823098164497751e-02,-3.629042822255339196e-02,-3.662277855547849126e-02,-6.556244894794452382e-02,-6.833921450883991000e-02,-1.842254583316329034e-02,4.993442708091503680e-03,-1.055668490734824536e-02,-1.106890624404068962e-01,7.617343859884111341e-03,-6.428855181892507986e-02,1.683530044363881414e-02,-9.964303409946489998e-02,5.231951574437688351e-02,-6.517053321863951199e-02,-7.564864166594058303e-02,-6.280884946872650199e-02,-6.662314972419548786e-02,5.761647218893099776e-02,-2.238279086574113466e-02,-8.076851640372044797e-03,-3.653771825536299145e-02,2.671532267471002711e-02,-5.760720639029918294e-02,1.032351070688724420e-02
5.016554564781054992e-01,3.895617636739315826e-01,3.181293463034258751e-01,6.186202758401110335e-01,9.836581078027009650e-02,1.000000000000000000e+00,5.420329438566576785e-01,6.899445254028243601e-01,3.094970724692365227e-01,7.321963863170616316e-01,2.294245719770671710e-01,6.753106949916636292e-01,1.339759645107794217e-01,4.279490118751811401e-01,6.422744446174322164e-01,5.037883466718665604e-01,2.767069643274057134e-01,-6.272077265201711493e-02,2.883548306180305221e-01,4.977722980068006176e-01,5.365168890720393158e-01,3.857307083864807695e-01,5.609268307107196927e-01,4.908570614849311897e-01,2.412023337803335388e-01,2.945376181387581171e-01,2.176656966588631503e-01,7.774338346383308229e-01,5.493354420817919692e-01,5.640006516681408399e-01,1.496696391215696642e-01,1.862069431514618845e-01,3.669599893195639728e-01,5.614268910429331960e-01,3.962900423205443778e-01,3.860962756861038847e-01,5.579350576494633840e-01,6.481959076806229625e-01,-4.381230439800128454e-03,8.325893694289160374e-01,4.810458005557359251e-01,6.805548532509825277e-01,3.615079048398600614e-01,7.654534290489949377e-01,3.497491800031887199e-01,6.496878466890062542e-01,2.148953394358288638e-01,4.270431530534438136e-01,5.391276422492375930e-01,4.351851341957621577e-01,3.394399386870286528e-01,1.596080213019269722e-01,4.217185354198519920e-01,4.811502816680884309e-01,5.472055822146141280e-01,3.854846611298178849e-01,6.157603506946374150e-01,4.943396929654124694e-01,1.361271384825758768e-01,2.414175978637531639e-01,2.713111390118210231e-01,7.590592048439139816e-01,5.450082645869258613e-01,5.937408912594815957e-01,7.644358443797769076e-02,9.121335986062291401e-02,3.753493840905975376e-01,5.086678622647623493e-01
5.990206528017040233e-01,3.424767385350154791e-01,7.077079565892445689e-01,3.759941031062577488e-01,-3.720539418621226363e-03,5.420329438566576785e-01,1.000000000000000000e+00,5.753027420131938685e-01,6.145516649451830959e-01,4.231857457380257537e-01,4.744768191342295660e-01,4.041943363107393661e-01,4.648919679818328543e-01,7.665496300420475695e-01,5.234305404617738411e-01,4.097763010038342202e-01,4.101318815867027179e-01,4.246295443560085814e-01,3.887285120310640107e-01,2.925858281037441722e-01,4.278378521512193333e-01,4.730675892398928939e-01,4.121021849745337695e-01,7.305723643327739492e-01,4.438134991975022370e-01,5.102277710124528687e-01,5.484958695308979060e-01,5.040508208449305805e-01,5.463956033549532965e-01,6.092043003015193969e-01,3.783749179413620212e-01,2.527994290614708484e-01,3.916946456258764697e-01,4.626625231121540560e-01,4.140853816843088064e-01,3.307287100188254780e-01,6.506316449039051264e-01,4.193515618327327554e-01,-6.750987634923256986e-02,5.121323378101292345e-01,7.724023369304904296e-01,4.610444149015523463e-01,5.465676332961234563e-01,4.289979509655428846e-01,4.554938636637056448e-01,3.748323000248728332e-01,4.632975306453953057e-01,6.788769578234841173e-01,4.992122340049589546e-01,3.885895671138070995e-01,2.496026431630507803e-01,5.230686032473568225e-01,3.556976669435297222e-01,2.775459199363990992e-01,4.156104352200718499e-01,4.415235596629634718e-01,3.893543639132978629e-01,5.643930720289893621e-01,4.379857893001982694e-01,3.491720144022895655e-01,4.837832825013085314e-01,4.321595941339163027e-01,5.751609680186458018e-01,3.670049354531730312e-01,2.429856559304782448e-01,7.052092007932875273e-02,3.598452911574786528e-01,4.613773257459953814e-01
5.121808736201916012e-01,2.840122405841945530e-01,3.969467635163953512e-01,4.044535605857021432e-01,1.008243093223558096e-01,6.899445254028243601e-01,5.753027420131938685e-01,1.000000000000000000e+00,2.542021307105026828e-01,4.863018753122179683e-01,2.358968489807516666e-01,3.985315512748251465e-01,1.739739027412962324e-01,4.873288937983307201e-01,4.920504997346392684e-01,4.097774038989870915e-01,3.340997429709784972e-01,3.555485820737243341e-02,3.325032719888604826e-01,2.411536714057853359e-01,4.519892254963562284e-01,2.794099840681164015e-01,5.073032274274759112e-01,3.877223398237061858e-01,1.803866433117388701e-01,3.064318836737342511e-01,2.546076583992947784e-01,6.466253694732103652e-01,4.717230413743280781e-01,5.704953972997940381e-01,1.432856266008935564e-01,2.241952768749630176e-01,2.237006674632351644e-01,4.589359623988797376e-01,3.827025992856536996e-01,3.019890315394495039e-01,5.329758739750032337e-01,4.407474211838869338e-01,-2.072225149534908523e-02,6.027434621849983021e-01,4.823877335958001167e-01,6.187133450815414104e-01,2.780712464152158003e-01,5.118152788977095025e-01,3.310560933520123039e-01,3.775619167012501110e-01,2.344076105858794445e-01,4.435591204445216151e-01,4.091417129987354739e-01,3.653714226992153535e-01,2.801908343050657502e-01,1.895066120069771876e-01,3.547361049779115261e-01,2.287810295626880042e-01,4.536517575449350859e-01,2.834204922768322477e-01,5.068190815749344935e-01,3.881890864996329071e-01,1.213348867488679150e-01,2.190227921987917825e-01,2.707737610701029252e-01,6.125266600704654119e-01,4.778579000582692804e-01,4.720623492232505214e-01,1.061973257645471430e-01,1.182383927955420466e-01,2.317299832698001827e-01,4.115548766230393563e-01
3.298480176919415530e-01,3.378266573124691918e-01,3.801943471184240364e-01,3.593993803425304945e-01,-1.233285963642418576e-01,3.094970724692365227e-01,6.145516649451830959e-01,2.542021307105026828e-01,1.000000000000000000e+00,3.842698820784198888e-01,4.152653493899737813e-01,4.478840176083880298e-01,4.782936714719844273e-01,5.020324567455811682e-01,3.524470303682978312e-01,3.107234716216765169e-01,1.512265047804459417e-01,2.817197881224513534e-01,1.564107910388575773e-01,4.403863126763308822e-01,3.005246842720397660e-01,5.385431967391280939e-01,2.148520673533963476e-01,7.220076121837265548e-01,4.878378529449010070e-01,3.525399573034092016e-01,3.842176257184156674e-01,3.032279706206326142e-01,4.066249438380971637e-01,3.226053909233556616e-01,3.004445529200820975e-01,1.601585747020020378e-01,4.174644244285377614e-01,3.638217006241090679e-01,3.003555539702248978e-01,3.379505303451428300e-01,4.241827810658798659e-01,3.907131125074894129e-01,-7.497414789155654180e-02,3.545786956925326416e-01,5.643453891385937782e-01,2.344966440335742031e-01,6.730108490308306379e-01,3.822512988686516677e-01,4.068343686439156448e-01,4.441351358658446880e-01,4.920905027858152869e-01,5.279134711071210573e-01,4.215868059210727270e-01,2.719842324246725118e-01,1.645007986805447076e-01,3.960990887350454570e-01,2.654142814159164421e-01,4.282489228197345343e-01,2.956581201243507206e-01,5.389308765499305487e-01,2.486430720776796610e-01,6.047338510837551029e-01,4.767371948881896637e-01,3.409122291525791271e-01,4.448521501305732762e-01,2.614366836602650124e-01,4.426257339347773323e-01,2.655187122974492220e-01,2.299565410844204016e-01,2.094559065514859514e-02,3.989623305034531997e-01,3.768567093787289490e-01
3.555666664962804924e-01,3.862890124174131468e-01,1.647241696218887663e-01,6.136050262312626735e-01,2.542294040893591789e-02,7.321963863170616316e-01,4.231857457380257537e-01,4.863018753122179683e-01,3.842698820784198888e-01,1.000000000000000000e+00,2.708742217275109110e-01,8.068566684393931876e-01,1.949334332049007801e-01,3.006542299860536227e-01,4.697108990703952047e-01,4.358354939584349608e-01,1.307744086797051897e-01,-3.998781739986544126e-02,1.991210322003545696e-01,7.434588896041371964e-01,4.569188859945443881e-01,4.910173320878095660e-01,4.286100197428615588e-01,4.894746001275275260e-01,3.051599692075269155e-01,3.168707900562923729e-01,1.630858761365683585e-01,6.736843403916246142e-01,4.994004094255796722e-01,4.406432884743738954e-01,1.496847999894557191e-01,7.997382106392603163e-02,4.485835203383009007e-01,4.970425916247337428e-01,3.715676557888658027e-01,4.202015140803096460e-01,4.566826762527284589e-01,6.364672707895061565e-01,6.095882052030886927e-03,7.234412107026250149e-01,4.330357525469578084e-01,5.733547557865915634e-01,4.286010334878459505e-01,9.515797688819362943e-01,4.043004341734390272e-01,7.671642465339504335e-01,3.216854169861330659e-01,3.753612098590803914e-01,4.750755255243648834e-01,3.946989098667404994e-01,3.475787374330578938e-01,2.157601368827035127e-01,4.295420185512816569e-01,6.642303297238327797e-01,4.890819921604571130e-01,4.675172293254480360e-01,5.303900555724665455e-01,5.312078957949725178e-01,2.221743872080587379e-01,3.721762949474834437e-01,3.066154145461328362e-01,6.743834129908076180e-01,4.912957916478392084e-01,5.650424992595586282e-01,4.046250327032119981e-02,-3.597738838041114433e-03,4.773374237669800735e-01,4.650376674780045128e-01
3.447393361146137147e-01,5.438419955414257601e-01,5.762853939071108655e-01,2.251875589689948387e-01,-5.740002965646635175e-02,2.294245719770671710e-01,4.744768191342295660e-01,2.358968489807516666e-01,4.152653493899737813e-01,2.708742217275109110e-01,1.000000000000000000e+00,3.145763426669784257e-01,3.937867137698383146e-01,4.661399379195235726e-01,2.568290722060406206e-01,2.840171886734489393e-01,5.376604035901085821e-01,4.892364116628465931e-01,5.160841326147720398e-01,3.593243866785669205e-01,1.445964358856939302e-01,5.986080161153506385e-01,2.660508475465482303e-01,4.764330109006579828e-01,6.199172927103437925e-01,6.827622575498740742e-01,6.667984800011181878e-01,2.999209148953283499e-01,4.587734903782579865e-01,5.403088357182488366e-01,3.361914458694663654e-01,2.369925596035171167e-01,4.807763234112918393e-01,5.248622296690775846e-01,4.200352173966488412e-01,5.596087642024831776e-01,4.977111018427309297e-01,2.865167692736620975e-01,-1.019736139298320632e-01,2.181849873856006039e-01,4.593944795958284089e-01,1.221607383455317608e-01,3.606247952168850079e-01,2.544678876182622229e-01,7.187915719446884566e-01,3.308610006781884105e-01,3.828925707743539020e-01,4.636901738713483656e-01,2.863997335135595179e-01,3.306856896367139087e-01,5.505464869986408383e-01,5.571632850570860107e-01,5.963421435278001281e-01,3.519132404659537916e-01,1.425552493438323742e-01,5.934242607915212186e-01,2.736523385511254181e-01,4.058946050636901282e-01,6.171593622991141670e-01,6.220835598550503720e-01,6.872136910393608078e-01,2.714854570017786184e-01,4.704442356837085781e-01,4.670969211024567080e-01,1.750886972393350394e-01,1.693304417307423329e-02,4.145102908114179918e-01,5.408781886073908973e-01
3.372557507219088868e-01,5.213316046346575527e-01,2.004618210554876545e-01,7.992337055760917464e-01,-3.214457910812202474e-02,6.753106949916636292e-01,4.041943363107393661e-01,3.985315512748251465e-01,4.478840176083880298e-01,8.068566684393931876e-01,3.145763426669784257e-01,1.000000000000000000e+00,2.324004924631536684e-01,3.188986504916487275e-01,4.371131813497362018e-01,5.218401593877620703e-01,1.937804270084099445e-01,-2.048869631860351231e-02,2.179607525807703006e-01,8.562740881206895027e-01,5.145071436268263687e-01,5.908392209841677456e-01,4.840914189938504419e-01,6.014533349179822519e-01,3.519974154393024079e-01,4.231680873117187880e-01,2.610380067834569551e-01,7.428500096819652398e-01,5.286597390571132760e-01,4.833816935375865320e-01,1.600658531250991612e-01,1.049660925219195046e-01,5.061947658150658391e-01,5.696007150637247829e-01,4.152955144531121356e-01,5.152713138839744023e-01,4.633959817571140505e-01,8.004748167462650832e-01,-3.757722705809271591e-02,7.085466985961661468e-01,4.402774405038164529e-01,4.868003196038852565e-01,4.828308542638993228e-01,8.368932744027242077e-01,4.421627907018675918e-01,9.495561538387650158e-01,3.743961145930872481e-01,3.557547616216386044e-01,4.784845293918228992e-01,5.045936767011630630e-01,4.170257018619054623e-01,1.917580198448707307e-01,4.722784056829407717e-01,8.113174077491095426e-01,5.564209080018254205e-01,5.630051085432331570e-01,6.360960737287671973e-01,6.426426921316878982e-01,2.451157754973624647e-01,4.340410733155900536e-01,4.183040979132606196e-01,7.344386439986377857e-01,5.081308984148702468e-01,6.489388591237138515e-01,1.323416489576081760e-02,3.560845248348991354e-02,5.113599157498882608e-01,5.417030232898936148e-01
2.405208546413327986e-01,1.606619942142983593e-01,3.205997067815003487e-01,1.588619706467944703e-01,-6.884052001459589620e-02,1.339759645107794217e-01,4.648919679818328543e-01,1.739739027412962324e-01,4.782936714719844273e-01,1.949334332049007801e-01,3.937867137698383146e-01,2.324004924631536684e-01,1.000000000000000000e+00,3.703788930862388362e-01,1.262642956624440704e-01,1.780771477113533008e-01,1.499332741686167925e-01,3.971978458790796918e-01,1.757695401070517582e-01,2.345336398887006568e-01,1.290205875626575238e-01,3.092718002798056087e-01,1.198667694445951365e-01,4.273591839887866950e-01,4.594403371154749394e-01,2.841734175936015405e-01,3.498719233491609515e-01,1.436020756776707763e-01,2.632805564443172486e-01,1.509598065202672479e-01,2.143677329791233155e-01,1.009827404382500071e-01,2.451089879952113026e-01,1.971838495157968441e-01,1.467276945527943299e-01,1.619958959460234826e-01,2.167457310673165660e-01,1.466084159233764228e-01,-7.922061651804135352e-02,1.471245531610179125e-01,2.580121100853148830e-01,1.115132747024475679e-01,3.598924269599950154e-01,2.112229392097735581e-01,3.272615990851999168e-01,1.999086192205365708e-01,4.540016539559585396e-01,2.507383856738492067e-01,1.736880623793686518e-01,1.706942701097187987e-01,2.109082052740481744e-02,3.328873151780916140e-01,1.068355676353356515e-01,2.047610610168588141e-01,1.210829790805095368e-01,2.599497454663464713e-01,1.101529890862353867e-01,2.552422127906280314e-01,3.985399437230157660e-01,2.080438745116369448e-01,2.588386767179208792e-01,1.104388399511163354e-01,2.797504075477795227e-01,5.729599923286286117e-02,2.502202400885671432e-02,2.153134754706645827e-03,2.284801761892467364e-01,1.937525756949539935e-01
6.970271889608796734e-01,3.055249550084881416e-01,5.695784426052632465e-01,2.538207063688979748e-01,-5.928482621130815727e-02,4.279490118751811401e-01,7.665496300420475695e-01,4.873288937983307201e-01,5.020324567455811682e-01,3.006542299860536227e-01,4.661399379195235726e-01,3.188986504916487275e-01,3.703788930862388362e-01,1.000000000000000000e+00,3.604196029729974105e-01,4.080524520303325242e-01,4.349810798895714092e-01,5.143330647111815646e-01,4.760051617681410607e-01,1.809276172468019805e-01,4.785599374202264000e-01,4.177281548733944305e-01,4.427256560565938082e-01,5.313085668059673861e-01,3.970084078248006243e-01,4.619650018708237327e-01,5.598752719080879459e-01,3.365555513403293286e-01,6.393724423169676596e-01,6.068302679400837674e-01,3.949555881195172535e-01,2.104889235757731458e-01,3.857359580828367274e-01,5.201287205955883453e-01,5.230145635281151506e-01,2.956233689785568441e-01,4.657809143927218454e-01,2.887180625265166056e-01,-1.212662306895775227e-01,3.931431618454180876e-01,6.284948633808936647e-01,3.361618830025153715e-01,3.970127115953764885e-01,2.878309227246397817e-01,4.258560943269390497e-01,2.998238628799416716e-01,3.673367290352105852e-01,7.389604545806238711e-01,3.907142010703983925e-01,3.864348568569935805e-01,2.605417860313037348e-01,5.612075808786122222e-01,3.503486056016182904e-01,1.463225584576025862e-01,4.595509670411801473e-01,3.814990358376467716e-01,4.101412639642902369e-01,3.798179635184262271e-01,3.792497168871853397e-01,2.599505333289782727e-01,4.558321844037863113e-01,2.627562179601042325e-01,6.245718296539750636e-01,3.581850607617033666e-01,2.464269642263055282e-01,1.118769358516945311e-01,3.520729825901291465e-01,4.708822774227393038e-01
3.839479777127438598e-01,3.560789838871414315e-01,3.729510532888202223e-01,4.380558633162766613e-01,8.301033710683050626e-02,6.422744446174322164e-01,5.234305404617738411e-01,4.920504997346392684e-01,3.524470303682978312e-01,4.697108990703952047e-01,2.568290722060406206e-01,4.371131813497362018e-01,1.262642956624440704e-01,3.604196029729974105e-01,1.000000000000000000e+00,4.129768036103078632e-01,2.612573329604215844e-01,-3.253664879284249439e-02,2.252928068747082346e-01,3.311772176111028032e-01,4.006312830926524460e-01,3.449189652928323913e-01,4.271899883792864561e-01,4.941349973243097105e-01,2.568891597637079638e-01,2.559191883589920224e-01,2.963690630863111686e-01,5.476378673787496432e-01,4.046064635066138893e-01,4.623552002981888287e-01,1.533086490264780610e-01,2.439195763310392784e-01,3.081397993917440736e-01,4.563096059624485723e-01,2.815103167601448741e-01,3.149023392462964588e-01,5.086402501253705077e-01,4.870303198223157604e-01,4.152640921785463041e-03,5.863846856188686951e-01,4.925548594433939442e-01,4.356774173620505120e-01,3.702509550950835449e-01,4.822523043556029565e-01,2.990637921891478035e-01,4.306589349350967155e-01,1.978144769719464013e-01,4.028870029263497132e-01,5.222540651480095386e-01,3.616933217956341262e-01,2.615047782504812957e-01,1.771686339323503001e-01,3.512193407461743355e-01,3.417254785399235217e-01,3.924019579738187713e-01,3.644922806177647301e-01,4.289661445293412867e-01,4.793948308651067580e-01,2.242719992774678539e-01,2.159456318631504945e-01,3.244517666950997303e-01,5.230510578386241560e-01,4.303194803352990983e-01,4.314739475804206803e-01,1.929075706869730344e-01,8.780402170435194775e-02,3.020034235638077713e-01,4.537216501827867621e-01
4.993202047215758443e-01,4.952879882811288548e-01,3.122766686422027704e-01,5.556082712509120558e-01,2.469947210737520257e-02,5.037883466718665604e-01,4.097763010038342202e-01,4.097774038989870915e-01,3.107234716216765169e-01,4.358354939584349608e-01,2.840171886734489393e-01,5.218401593877620703e-01,1.780771477113533008e-01,4.080524520303325242e-01,4.129768036103078632e-01,1.000000000000000000e+00,3.780399419373725589e-01,3.165728404026282861e-02,3.504804692537662469e-01,3.205007109400147547e-01,7.480097258354695411e-01,4.879643633380369994e-01,7.858119162474715980e-01,4.722355403176266009e-01,2.649439631158791442e-01,3.047449665311593447e-01,4.861554959521944275e-01,6.334790486338296445e-01,6.324224192346260542e-01,5.944984966408073390e-01,1.506744847623678052e-01,1.937005501075071967e-01,4.738207891197026012e-01,7.045146668599236994e-01,4.770383354908326323e-01,4.339946671237707720e-01,3.713433128180546050e-01,5.729243530878722623e-01,-8.858015713680002234e-02,5.073654079522009752e-01,3.918258920212132623e-01,3.422895040373432063e-01,3.550002207083867711e-01,4.716643550121151218e-01,3.808002760621647109e-01,5.100941693570514301e-01,3.004991103479964787e-01,3.565267351386094963e-01,4.221475014615665433e-01,8.404463473981382826e-01,3.479920784884641960e-01,1.793136208577560398e-01,4.175272312574703770e-01,3.239472406595087506e-01,7.491951941135170934e-01,4.743374461719682689e-01,8.013428922312749725e-01,4.580632909676889963e-01,2.175061679857111796e-01,1.972726431518655177e-01,4.367512190531636640e-01,6.080578420169336917e-01,6.260944705806094079e-01,6.386885000414446178e-01,1.164924410730071025e-01,9.121114643265662569e-02,4.458098613315190639e-01,6.685002907236492486e-01
5.752896454516873703e-01,5.066190515354389579e-01,7.050102154137228849e-01,2.624294299218810078e-01,7.330270432391523816e-02,2.767069643274057134e-01,4.101318815867027179e-01,3.340997429709784972e-01,1.512265047804459417e-01,1.307744086797051897e-01,5.376604035901085821e-01,1.937804270084099445e-01,1.499332741686167925e-01,4.349810798895714092e-01,2.612573329604215844e-01,3.780399419373725589e-01,1.000000000000000000e+00,2.917766561425402250e-01,8.341499306886275278e-01,1.323039184892242093e-01,3.096686364471266661e-01,3.628316170246448924e-01,5.661835573643467789e-01,3.211365413424550064e-01,2.552623106514122497e-01,5.743702697290518078e-01,6.672039597016632406e-01,3.884560563755393159e-01,5.425275441257348952e-01,7.140259354986980833e-01,2.655500726305843884e-01,2.859390968746025052e-01,3.209989443164458223e-01,6.124496374418819666e-01,5.707684702563051715e-01,5.010194319309463351e-01,4.987516516562456315e-01,2.773561208622572494e-01,-1.056246069663081683e-01,2.090087180270822909e-01,3.462759473560818591e-01,1.682023884408807568e-01,1.149262055171794417e-01,1.216158335942815888e-01,5.522119640779159511e-01,1.968948914974391617e-01,1.688231495083173661e-01,3.658314798767084985e-01,1.966683629951621048e-01,4.405949867177715862e-01,6.389140071768223406e-01,3.351480932274293889e-01,6.487246859758304396e-01,1.396655539034873383e-01,2.954215186273427274e-01,3.268268602465187467e-01,4.749142016373536501e-01,2.685604401700250610e-01,2.655138132142663698e-01,3.754249585973445380e-01,5.599588221407777455e-01,3.390778653013882260e-01,4.926714120467821645e-01,5.480600299452557111e-01,3.482249928103645781e-02,1.593034615785375585e-02,2.845034425431954839e-01,5.818642485079763560e-01
2.603174085614372579e-01,1.141417918025483397e-01,4.484694863534826048e-01,-1.097691894080232711e-01,-1.112734954280398397e-01,-6.272077265201711493e-02,4.246295443560085814e-01,3.555485820737243341e-02,2.817197881224513534e-01,-3.998781739986544126e-02,4.892364116628465931e-01,-2.048869631860351231e-02,3.971978458790796918e-01,5.143330647111815646e-01,-3.253664879284249439e-02,3.165728404026282861e-02,2.917766561425402250e-01,1.000000000000000000e+00,3.926752783383015699e-01,1.079507842812931113e-02,3.234162332045414229e-02,2.552346749337559006e-01,1.126920502998697213e-02,1.812460235941998621e-01,3.324367856348467987e-01,4.182760794021018746e-01,5.443616935556186975e-01,-9.172269014431094769e-02,1.963618306943845648e-01,1.882099176808522956e-01,2.971148427459588404e-01,9.171314395307701706e-02,1.940989188488793094e-01,1.315485959895322243e-01,1.662396054606270213e-01,1.148598638484254475e-01,1.148684274519694987e-01,-8.451137148982419689e-02,-1.150200816685562621e-01,-9.238199714246064786e-02,1.919992749251988595e-01,-1.313600295410401186e-01,1.558471906388960160e-01,-5.493051882018702703e-02,3.095338678822768252e-01,-1.703128689935089896e-02,2.648911581822891992e-01,2.941504598139844662e-01,-3.332845462240127763e-03,1.057198683932101951e-01,7.120378611899380594e-02,6.236187309842098347e-01,1.090347334383055256e-01,5.713631172262756408e-03,-1.090047074560312372e-03,1.948392493417113180e-01,-4.843884194356770645e-02,3.091084947444093251e-03,3.936759942132697643e-01,1.926596386326818178e-01,3.458600103132604686e-01,-1.279552779682198993e-01,1.809368655288237371e-01,-1.692192552005501727e-02,2.876569184425511322e-02,-1.773538855935943501e-02,1.540725888433127633e-01,1.195053500437146393e-01
6.413027026356777904e-01,4.191646497570782892e-01,6.201674583751531911e-01,2.347354594165788622e-01,5.729825866117219113e-02,2.883548306180305221e-01,3.887285120310640107e-01,3.325032719888604826e-01,1.564107910388575773e-01,1.991210322003545696e-01,5.160841326147720398e-01,2.179607525807703006e-01,1.757695401070517582e-01,4.760051617681410607e-01,2.252928068747082346e-01,3.504804692537662469e-01,8.341499306886275278e-01,3.926752783383015699e-01,1.000000000000000000e+00,1.260086447963485734e-01,3.543558621833866606e-01,3.253196067080145193e-01,5.538028283787146400e-01,2.535992579080618148e-01,2.330167770600039545e-01,5.191138493897754502e-01,6.213635856276200631e-01,3.430369891866218990e-01,5.857779258528525990e-01,6.501993826873130322e-01,3.003946398208725554e-01,1.990808111936568925e-01,3.129226709743826440e-01,5.643442932883677710e-01,5.832198355056602557e-01,4.218458189684882176e-01,3.678571195758571499e-01,2.362889806043004803e-01,-9.343602933979121283e-02,2.047768243449424319e-01,2.596285085511590429e-01,1.613379492921405978e-01,8.824741666183050226e-02,1.683805077839552466e-01,5.212995796533286263e-01,2.112719360487851084e-01,2.041489888467793445e-01,3.511976840171061598e-01,1.284016009168151562e-01,3.943363537402767571e-01,5.266217657169921518e-01,3.577882172525054805e-01,6.011248634135663016e-01,9.637513919840128007e-02,3.419386148042375950e-01,2.543823399912089056e-01,4.547300481552902229e-01,1.773959982801763535e-01,2.242523130728948655e-01,2.811627387981899262e-01,4.396166054267684475e-01,2.844489086141756551e-01,5.237671820795903876e-01,4.630525074091862980e-01,-3.682125779849384356e-02,5.891062910363216963e-03,2.940195353403423639e-01,5.140895147244120000e-01
1.234986746933919022e-01,5.521061424615119062e-01,1.833803350992925241e-01,6.908705899533345018e-01,-5.621572764672003175e-02,4.977722980068006176e-01,2.925858281037441722e-01,2.411536714057853359e-01,4.403863126763308822e-01,7.434588896041371964e-01,3.593243866785669205e-01,8.562740881206895027e-01,2.345336398887006568e-01,1.809276172468019805e-01,3.311772176111028032e-01,3.205007109400147547e-01,1.323039184892242093e-01,1.079507842812931113e-02,1.260086447963485734e-01,1.000000000000000000e+00,2.350334750717258392e-01,6.098349083364574819e-01,2.387385468237299690e-01,5.510707534583407785e-01,4.109940859916155764e-01,4.346608822933312744e-01,2.230375509423821734e-01,5.765166805226451530e-01,3.719445733768790285e-01,3.463331810193820415e-01,1.280746169525812939e-01,9.726144562033599283e-02,5.444597012308189932e-01,4.476284433054002476e-01,3.143868839086186306e-01,5.599486253527563573e-01,4.423331745624496381e-01,6.982084747606897013e-01,-4.254085720877594234e-02,5.687753622412479171e-01,3.484011260923261522e-01,3.741758263534010753e-01,4.519496293004589549e-01,7.682446472333391840e-01,4.555458600184633666e-01,8.573702076291020990e-01,3.132868305422471522e-01,2.656345671605862546e-01,4.283924460275146950e-01,3.535382552212509855e-01,4.623646580198010891e-01,2.234697987163166977e-01,4.948093710641585652e-01,9.477264362235955364e-01,2.777144821186731671e-01,6.172028163639424747e-01,4.125199066654281488e-01,6.031552720089777830e-01,3.020614130018301480e-01,5.236553640461305559e-01,4.561665844113040325e-01,6.007084831942831604e-01,3.668889444952138090e-01,5.790273094210873772e-01,1.802517124330350884e-02,-6.690909017548571196e-03,5.417035712796256508e-01,4.700337526413232436e-01
6.284668779571735975e-01,3.336658509248947579e-01,2.433717430466206255e-01,5.468509410373312285e-01,2.263474296243171008e-02,5.365168890720393158e-01,4.278378521512193333e-01,4.519892254963562284e-01,3.005246842720397660e-01,4.569188859945443881e-01,1.445964358856939302e-01,5.145071436268263687e-01,1.290205875626575238e-01,4.785599374202264000e-01,4.006312830926524460e-01,7.480097258354695411e-01,3.096686364471266661e-01,3.234162332045414229e-02,3.543558621833866606e-01,2.350334750717258392e-01,1.000000000000000000e+00,3.486776163981265553e-01,8.551420519778041296e-01,3.619529009071643655e-01,1.384068372864349916e-01,1.918849489449634127e-01,3.947740691243786793e-01,5.914663489281117847e-01,6.508965468439188440e-01,5.780869188113931800e-01,1.624688562939748115e-01,1.496761086805457330e-01,3.579996985894638439e-01,6.533977812847929778e-01,4.449967886770294090e-01,2.469274951753989977e-01,2.487263787438348805e-01,5.442738567398651695e-01,-8.172174646533408859e-02,5.197691712501542050e-01,3.576673368783404583e-01,3.779995924866898505e-01,2.986936284338541636e-01,4.785815327449226553e-01,2.414699580334551676e-01,4.781514177115214204e-01,2.539451080648216785e-01,3.742839885148093182e-01,3.604924440677375608e-01,6.746451456632071020e-01,1.668951666951419277e-01,1.605059504390867753e-01,2.700218427666289389e-01,2.021027236994221432e-01,9.691203088565504276e-01,2.933248550558917866e-01,8.493511176797480244e-01,2.998462691577869488e-01,1.055275919079842473e-01,7.412219615795687284e-03,2.370726682643501115e-01,5.276164721990249662e-01,6.373701929458206461e-01,5.106339173128777720e-01,8.126473254379068534e-02,9.839410660907456363e-02,3.807517958646099987e-01,5.922088679434664993e-01
3.187904001865778381e-01,6.431970415112339134e-01,4.179202637230383655e-01,4.884921363056987098e-01,-9.213019453418502813e-02,3.857307083864807695e-01,4.730675892398928939e-01,2.794099840681164015e-01,5.385431967391280939e-01,4.910173320878095660e-01,5.986080161153506385e-01,5.908392209841677456e-01,3.092718002798056087e-01,4.177281548733944305e-01,3.449189652928323913e-01,4.879643633380369994e-01,3.628316170246448924e-01,2.552346749337559006e-01,3.253196067080145193e-01,6.098349083364574819e-01,3.486776163981265553e-01,1.000000000000000000e+00,3.684159082324042211e-01,6.940102133041262666e-01,5.796136982247306335e-01,6.262712565778570939e-01,5.455833541362201666e-01,5.227947221173905312e-01,5.268622712058560476e-01,5.635627527906972301e-01,2.513763584224579795e-01,1.966072047793767930e-01,6.077422920670360051e-01,5.976586961723904246e-01,5.184874910657234492e-01,6.685656544517057931e-01,5.296014596965913368e-01,5.255715852427146340e-01,-1.026763860937507794e-01,4.157532400784346160e-01,5.661976041730040210e-01,3.006892091899055486e-01,5.720542410820703694e-01,4.857401312109814184e-01,6.199837055874620750e-01,6.062970749578573404e-01,4.462752392884520858e-01,4.930366563727635598e-01,4.495171928702756947e-01,5.257495839027609419e-01,5.600313511665938604e-01,4.319574151324783173e-01,5.815149488638374775e-01,6.034932838776915220e-01,3.719538809277029845e-01,7.618705812761893403e-01,4.626310761440965424e-01,6.889229593540523444e-01,5.516137627670678611e-01,6.441835123581416411e-01,6.947381746705406647e-01,4.886614960033674460e-01,5.279026681062164439e-01,6.375850758215747538e-01,1.284518776284631070e-01,4.272314594662841858e-02,5.675771932710130807e-01,6.141453111181862656e-01
6.712346382081453289e-01,4.836241014131813509e-01,3.991426034390221367e-01,5.558311110249143372e-01,7.492872696932621757e-02,5.609268307107196927e-01,4.121021849745337695e-01,5.073032274274759112e-01,2.148520673533963476e-01,4.286100197428615588e-01,2.660508475465482303e-01,4.840914189938504419e-01,1.198667694445951365e-01,4.427256560565938082e-01,4.271899883792864561e-01,7.858119162474715980e-01,5.661835573643467789e-01,1.126920502998697213e-02,5.538028283787146400e-01,2.387385468237299690e-01,8.551420519778041296e-01,3.684159082324042211e-01,1.000000000000000000e+00,3.668187678859513579e-01,1.593815854996800674e-01,3.272708296558200503e-01,5.357190924062935622e-01,6.753845389335743077e-01,7.016115012674506435e-01,7.177611403492388797e-01,1.519221106214360961e-01,2.277808660613365732e-01,3.758987263377774335e-01,7.538318280791000969e-01,5.305903415599094730e-01,3.979578551722943169e-01,3.759265334309478956e-01,5.533777756902402700e-01,-9.296714686345418366e-02,5.174822628377223621e-01,3.478142804973575197e-01,3.861193220123849135e-01,2.251442211879289834e-01,4.418920245967991045e-01,3.634276398854895951e-01,4.563316084506015002e-01,2.276551741420610731e-01,3.432849583810337335e-01,3.504303484604190388e-01,7.332581134945788115e-01,3.853892246301469093e-01,1.514741118644895301e-01,4.603698616707588287e-01,2.232032885921385323e-01,8.453790531283623677e-01,3.145552933353396030e-01,9.158200064429834475e-01,3.263632714669776336e-01,1.177492893902367249e-01,1.251727756067068653e-01,3.744705945539245073e-01,6.239459088308861867e-01,6.533258378819656320e-01,6.627765539220542568e-01,-1.726385359213197801e-02,7.453011207007151362e-02,3.764658153928329143e-01,6.941554714404341020e-01
