1.000000000000000000e+00 1.051542181473931470e-01 3.684630312942165364e-01 2.530684274833089331e-01 3.965212477808976316e-02 3.646212596261335093e-01 3.385747095580173838e-01 2.721159199054678512e-01 2.052368094484314232e-01 2.439593053244912824e-01 1.017478780024408669e-01 3.356260379691253792e-01 1.761622518966262096e-01 5.283574117458192942e-01 1.434814210810557433e-01 3.122825740642088399e-01 5.009900484775752227e-01 1.276405107045318066e-01 4.467164835055116301e-01 2.388015449176577043e-01 3.522342218859131346e-01 1.821833341625707647e-01 3.521142448770556710e-01 3.734471782495654146e-01 1.369588030486710850e-01 1.550553336362799073e-01 4.818185638421189632e-01 2.720375597342071794e-01 5.844618033797578383e-01 4.452166267337039907e-01 2.079983404867303265e-01 1.431256772823134016e-01 2.195069502210231505e-01 2.362015573525316214e-01 5.678775931622148665e-01 8.382058235896674980e-02 2.780565101356638480e-01 2.363278682392429553e-01 1.610338250541979918e-02 2.587166908803492094e-01 2.393809049265281652e-01 1.473585455008487866e-01 1.346478499456348898e-01 1.706091443908638872e-01 1.300931713504781539e-01 3.198533270590518951e-01 6.325485431210142728e-02 3.127527672628097610e-01 1.148282143051312792e-01 2.827197161544702242e-01 1.900506294782589034e-01 9.474161803737947418e-02 1.936750382199797227e-01 1.965959560012589258e-01 3.293127439771406095e-01 1.270666107451621230e-01 2.759329509122033230e-01 2.968305115353520041e-01 2.775140241061960222e-02 6.564163667534648680e-03 2.786882993657636143e-01 1.936685696563491543e-01 4.109784169887067407e-01 1.446656162640539423e-01 -2.962249618494853035e-02 9.800806671440615014e-02 1.272427069479861172e-01 2.392435889066910626e-01
1.051542181473931470e-01 1.000000000000000000e+00 -1.256316607397508500e-01 3.560344675480243692e-01 4.261592424230650766e-02 3.008299587394472341e-01 -9.530114770237892163e-02 1.764274725835279500e-01 5.462727605063945335e-02 2.125364296560582344e-01 2.764294972205435033e-02 2.661209579624946864e-01 -1.022943133566875801e-01 -6.204808215318661363e-02 1.042553929952538677e-01 2.388306600135058633e-01 2.536271919203764713e-01 -1.200542608568502811e-01 1.242685353985573254e-01 1.683765351368400331e-01 2.385520929272059165e-01 4.724331400044901597e-01 3.143508025352385604e-01 2.604258101551618632e-01 6.964461337969023169e-02 3.376700518846598165e-01 1.430174273564989995e-01 4.233232611908361309e-01 1.766321566523673392e-01 4.133851107847942297e-01 -4.518747200375035356e-02 -4.496353782903930729e-02 2.014667000787555007e-01 5.184507971056858677e-01 1.158132890587224573e-01 4.659626999112479462e-01 4.773831760877086938e-02 3.545499343784762614e-01 1.074402154390908803e-01 2.589576398786596068e-01 3.558469864504441166e-02 3.231160487199093434e-01 8.076919985548686176e-02 2.103528230498971363e-01 1.013370649862367634e-01 2.917563275253860500e-01 4.395497964539009372e-03 -2.687670849659598224e-02 6.248227484436019719e-02 3.176414164749365443e-01 3.575477865466810123e-01 -8.602257234707182121e-02 3.953246599184698229e-01 2.119898355702833914e-01 2.641703892900889583e-01 4.822248908119400324e-01 3.939309458270867648e-01 2.796409835076725248e-01 1.853330953034657003e-01 2.229174423259012161e-01 3.334799475981389816e-01 4.929673419677076396e-01 1.754750992514170771e-01 5.337439800642344023e-01 -1.629246295705158443e-02 8.567164269040711960e-03 1.921573706569658091e-01 5.153638652941147091e-01
3.684630312942165364e-01 -1.256316607397508500e-01 1.000000000000000000e+00 4.135985546637006849e-02 3.271191316255866316e-02 1.560785402128206933e-01 8.005821512720897593e-01 4.546201533629824487e-01 4.477191302190787758e-01 1.702458227259210921e-01 3.032048287667286623e-01 2.986396449736395953e-01 2.996974862027486641e-01 6.969452662331261372e-01 2.529084703842078286e-01 -1.184149871348834024e-02 4.012088037202093393e-01 5.184830702919813739e-01 3.817667285069116789e-01 4.374227511692030945e-01 5.122980778312408168e-02 9.484132952616694534e-02 3.994275357884088939e-02 5.326878950700968396e-01 2.157594552853207281e-01 3.375298467359676979e-01 6.369624029926275188e-01 1.993221476318050023e-01 1.600261874943815776e-01 3.036229695643829496e-01 2.068479979652424749e-01 1.541252935069029051e-01 1.477660816223760609e-01 -4.671781462287825232e-02 1.711521864135788495e-01 -7.942286611597554336e-02 5.739157328133562830e-01 9.473599526865920939e-02 8.150549842818258228e-02 7.662687772220458382e-02 5.628729840872209733e-01 7.767141033706589925e-02 3.738379014650965448e-01 1.240832438337404198e-01 1.402929845361843564e-01 2.514886886319164794e-01 2.722538476583286071e-01 5.028150122235544028e-01 2.053909953284341339e-01 -7.074766222080459965e-02 1.368358866021349707e-01 2.769837091023298337e-01 1.510970336064915501e-02 3.797270450214835780e-01 7.634305836159798603e-03 4.207918855901829347e-02 -9.757079687705494386e-02 4.272508665830069274e-01 1.047559813272560814e-01 2.192299346267235216e-01 3.467846985475034893e-01 -1.098578165540048043e-02 1.132260093207460155e-01 -1.201820180529708793e-01 1.995945211286246357e-01 7.755323334693953186e-02 1.910476459859452025e-01 -6.143618542542723243e-02
2.530684274833089331e-01 3.560344675480243692e-01 4.135985546637006849e-02 1.000000000000000000e+00 2.115233974293236063e-02 5.101678975342737177e-01 5.587532543884367320e-02 1.628505216576279224e-01 1.389230113438399972e-01 3.754480475737177469e-01 4.300756231432872889e-02 6.843068149640637587e-01 2.113819517793595962e-02 3.656910069778929878e-02 1.841003458897026990e-01 3.693718052257882190e-01 2.836571736166131341e-01 -4.949443574648139388e-02 1.211831227884456186e-01 4.117163168552243624e-01 3.880426233812145353e-01 3.344301320441188108e-01 4.296879112101729126e-01 3.530443999441713054e-01 5.117133340047043399e-02 2.301845389026630495e-01 2.137279117886091429e-01 6.484261939785662676e-01 3.249638905828299840e-01 3.116026171581036674e-01 -2.932583469179694119e-03 1.145132341373819758e-02 2.243992766480006062e-01 3.894258544762497221e-01 2.820870971447486664e-01 3.522738311956284951e-01 9.244344575624616200e-02 8.463211403916582887e-01 5.579532117074344905e-02 4.810796528179365206e-01 1.303633800038765111e-01 2.779552042970167558e-01 1.825979971645489142e-01 4.127315944072670328e-01 1.774094551453282362e-02 7.063238700046385876e-01 4.492900068451548268e-02 -4.569759940678409793e-03 1.907148797884482827e-01 4.079070968890323168e-01 2.406676172168623340e-01 -7.389687576594314300e-02 2.470853962375634816e-01 5.202043742024996531e-01 4.231936726676588378e-01 3.260451938981867581e-01 5.008305953020802948e-01 3.951005405525979119e-01 8.122165796298673468e-02 9.433266217342733961e-02 2.656652634655611300e-01 6.536348005045981013e-01 3.160615067032278569e-01 3.912591874795520175e-01 -4.933139962013066704e-02 -5.417065269658477393e-03 1.804772406250536587e-01 4.231301440805826930e-01
3.965212477808976316e-02 4.261592424230650766e-02 3.271191316255866316e-02 2.115233974293236063e-02 1.000000000000000000e+00 7.915093007948791060e-02 3.530990419307910438e-02 5.859051118314283213e-02 2.352607217336111917e-02 5.977273942246122407e-02 1.666168974192063640e-02 4.595853711976295719e-02 6.378250794948697733e-02 3.140992261348123094e-02 6.544160069712813554e-02 6.412584007901642180e-02 4.464992835646284380e-02 2.220129051080875146e-02 2.738780201203075068e-02 4.525447330547195668e-02 6.556397877909465877e-02 2.247729866753946787e-02 7.140273904195795773e-02 5.052242800689459024e-02 1.607146129566888737e-02 2.316716767935982427e-02 4.371698430336154462e-02 5.185010569481884879e-02 6.391055699348495434e-02 5.446469649781175704e-02 1.438711882215054465e-02 5.955750910093274286e-02 3.938391879559722392e-02 7.017588674054146824e-02 2.892467755643110192e-02 4.462085891392492121e-02 1.881665488502290082e-02 2.918567347622140137e-02 -2.545035733131200458e-03 4.174463855372548965e-02 3.118043265717652252e-02 3.894382969435507269e-02 2.948599331397075765e-02 4.784780892808539882e-02 1.744294021084992485e-02 4.836269423855485416e-02 2.063326994172284476e-02 2.309416645627257458e-02 2.414738675499488590e-02 7.147580036399310555e-02 5.478400247968982784e-02 1.496190138630057453e-02 3.252319033874866150e-02 4.389263383049784445e-02 8.213340126614529502e-02 1.660716699538371602e-02 6.422585048795882712e-02 5.795056447271183103e-02 3.036003548048754608e-02 1.200336697235114547e-02 2.462953893334535529e-02 4.130734203202644089e-02 4.694011815283047340e-02 5.356886988379276626e-02 1.803803007457209853e-03 -2.387757320626853960e-02 4.501967892907510205e-02 7.272841579389968669e-02
3.646212596261335093e-01 3.008299587394472341e-01 1.560785402128206933e-01 5.101678975342737177e-01 7.915093007948791060e-02 1.000000000000000000e+00 1.640664757670208806e-01 3.858621663614796304e-01 1.705362271429460563e-01 6.035504061304477474e-01 1.227125736538152989e-01 5.778544569730963421e-01 6.699560450443448056e-02 2.096613017762867515e-01 2.812916297206185523e-01 3.246705670156395107e-01 3.257649462022929043e-01 5.477493508622185980e-02 2.225486773506169802e-01 4.319378406766568590e-01 3.603199746545053817e-01 3.140560027117146880e-01 4.037955450507211275e-01 3.426593193285497052e-01 8.090724209909642972e-02 2.385480146207141217e-01 2.735010785146007595e-01 5.781823318819521162e-01 4.099852668151584001e-01 4.053147210561369729e-01 5.028737552630481444e-03 9.705245840873916174e-02 2.546871815047397902e-01 3.707507179079390092e-01 3.641441042784134829e-01 2.629409594832560759e-01 2.388381160532956626e-01 5.148994859645975586e-01 9.679322003286780496e-02 6.149876007249640564e-01 2.627332586608370213e-01 4.167909826578161669e-01 1.783632000157717168e-01 5.322237719350644269e-01 1.265870304082069853e-01 5.634600087557402048e-01 1.016853625122068200e-01 1.644996820172537344e-01 2.369549943304031792e-01 3.423225456443924064e-01 3.126999339134607925e-01 4.371063566373385029e-02 3.470388518945142220e-01 4.429604940768434029e-01 3.518230035758415641e-01 2.962761332698552463e-01 4.189519824466008124e-01 3.884621395992572945e-01 1.132444826876831123e-01 1.618732896999059145e-01 3.092917862146201680e-01 5.608240248254582339e-01 3.696333571908242410e-01 3.964061744884951888e-01 2.386473900440819196e-05 5.619810371774269786e-02 2.190469099334447223e-01 3.810096962196353743e-01
3.385747095580173838e-01 -9.530114770237892163e-02 8.005821512720897593e-01 5.587532543884367320e-02 3.530990419307910438e-02 1.640664757670208806e-01 1.000000000000000000e+00 4.471094026730809690e-01 5.645785354231021014e-01 1.934081202497594520e-01 2.572818783066735948e-01 2.759899275290272902e-01 3.271994138572180688e-01 7.626441150445676387e-01 2.840781099615978245e-01 -2.335003598242014686e-02 2.368501816509375468e-01 4.375248122689654462e-01 2.442703800784657431e-01 4.035530596807491155e-01 2.739981516032765491e-02 1.827256528402911862e-01 -2.941424886563570248e-02 7.072071646667668077e-01 2.889021676693216967e-01 3.769738111577088935e-01 5.861281382013969754e-01 2.514787345058074886e-01 1.220815508798543114e-01 3.031955610300433035e-01 2.805948298056114565e-01 1.688971281058750662e-01 1.404975308428818292e-01 -5.639138962222860901e-02 1.491488504808751170e-01 -5.417083790696179679e-02 5.631278745396399721e-01 1.144881845121953484e-01 1.236317972572208157e-01 1.063949240690310188e-01 7.026945047332573413e-01 1.067497931012898194e-01 4.713134512365668716e-01 1.469992907139904548e-01 1.505499486613589843e-01 2.348141770824261065e-01 3.311384094178347337e-01 5.760628059270694878e-01 2.419066344201747376e-01 -7.037504973942600162e-02 5.925695882078961529e-02 2.459787382719252902e-01 -3.917305084641913709e-02 3.603896151575943785e-01 -3.981046017605651549e-03 1.564059640463040524e-01 -1.209386262630349207e-01 5.946717888676850139e-01 1.950697283182069863e-01 2.925667227974193541e-01 3.995028268580992359e-01 3.243408923074690697e-02 1.059482588986941087e-01 -1.021403829687542730e-01 1.810794834616773485e-01 1.269232603462510101e-01 2.040928689188174217e-01 -5.234038558412250353e-02
2.721159199054678512e-01 1.764274725835279500e-01 4.546201533629824487e-01 1.628505216576279224e-01 5.859051118314283213e-02 3.858621663614796304e-01 4.471094026730809690e-01 1.000000000000000000e+00 2.598945234450089625e-01 2.939360199842689925e-01 3.417772549787485570e-01 3.450945816151497203e-01 6.437078991055258936e-02 4.425225542077336205e-01 2.225899074479657513e-01 1.836882925458391824e-01 3.580369696710088978e-01 4.223919906228953414e-01 2.909830298605513565e-01 3.608655041893148452e-01 2.413105269048846924e-01 3.172094193007243268e-01 2.660088885488753330e-01 3.745407925008505390e-01 7.495090263507933614e-02 4.742536337397265100e-01 3.387857531755576468e-01 5.025856063983918931e-01 2.444448388578231990e-01 5.897755483515800812e-01 -6.206408866241831801e-02 8.513796745396880195e-02 2.165540289221206671e-01 2.712670244597699676e-01 1.717569793874190176e-01 1.259105869331015592e-01 4.253806995204289509e-01 2.116851870385423051e-01 1.362720311209565383e-01 2.213966494749974312e-01 4.231700541788175340e-01 4.446023570664607849e-01 1.998067321993512446e-01 1.789580700469460828e-01 2.104640066904970852e-01 3.058960610354345966e-01 1.616464823632342840e-01 3.419111518281443551e-01 1.762150927977613191e-01 1.357367603489729457e-01 3.558227761142814805e-01 2.296818791519296965e-01 3.083437833230233682e-01 3.274105189743157784e-01 1.913045488500071944e-01 2.752873071965732388e-01 1.742997501336981669e-01 3.382716590600681750e-01 1.015847747365375142e-01 3.816043590751719283e-01 3.397816388531550436e-01 3.372769206900578243e-01 2.235492451646387546e-01 3.376345844980316313e-01 2.466509506156350784e-01 8.971524986863026879e-03 2.551861003909230430e-01 2.203798165631877248e-01
2.052368094484314232e-01 5.462727605063945335e-02 4.477191302190787758e-01 1.389230113438399972e-01 2.352607217336111917e-02 1.705362271429460563e-01 5.645785354231021014e-01 2.598945234450089625e-01 1.000000000000000000e+00 1.964016138637357523e-01 1.156521558659143883e-01 2.878141760829097118e-01 2.415644917590039631e-01 4.361955237992358736e-01 2.664299173056353109e-01 1.442335976159707031e-02 1.109798950907060211e-01 2.016786701349862487e-01 1.000106266929584042e-01 3.570921655664226479e-01 5.691156524277797557e-02 2.686532263383033525e-01 2.474972648996929744e-02 5.904319178911421329e-01 2.477846866233603118e-01 2.216117706105214524e-01 3.962785008575467893e-01 1.962932687051600900e-01 1.246734087910192634e-01 1.703266660991202275e-01 1.958074887715564871e-01 1.036209399775235573e-01 1.328493428849774616e-01 6.781073005997317882e-02 8.952839889716522614e-02 8.396858106932969523e-02 3.028691585075674597e-01 2.069456425406669131e-01 1.525673753940062216e-01 1.497056207891740987e-01 4.316340050890630775e-01 8.662440416631889128e-02 4.608618419176978565e-01 1.800631234229799760e-01 9.497935120526841690e-02 2.638053853536315163e-01 3.000188416667020075e-01 3.194999429316010553e-01 2.058343926697851212e-01 1.213792609418498300e-02 2.656849514773867646e-02 8.584020755259622049e-02 -3.628208851151910191e-02 3.519536400154733569e-01 4.559882748551674636e-02 2.600248192331341412e-01 -5.415973503101995101e-03 5.104174590479785278e-01 2.407734728079160835e-01 1.678238238213505262e-01 3.232114913622716190e-01 1.050378776150531351e-01 1.075671023407508003e-01 -1.360467753697180288e-02 6.868557541443900960e-02 1.120470039919662930e-01 1.964883259219342704e-01 8.830585102673656206e-02
2.439593053244912824e-01 2.125364296560582344e-01 1.702458227259210921e-01 3.754480475737177469e-01 5.977273942246122407e-02 6.035504061304477474e-01 1.934081202497594520e-01 2.939360199842689925e-01 1.964016138637357523e-01 1.000000000000000000e+00 1.013124053263932400e-01 5.162189459508608191e-01 4.981787922191290019e-03 1.453217764143662216e-01 1.826834332773567549e-01 2.013288745402007085e-01 2.416410593453203748e-01 4.992981676693315773e-02 1.689920249139058028e-01 5.118781258214568641e-01 2.105645786704713196e-01 2.523989624346089089e-01 2.739749698697562796e-01 3.140221410551401471e-01 5.334512379508857260e-02 2.551657792093821042e-01 2.030741766470979259e-01 4.948804990530749071e-01 2.773907655364462599e-01 2.889207062808093474e-01 -4.846103956133870905e-03 8.620570437265402675e-02 2.068515187639013986e-01 2.368204618157058461e-01 2.735693857514791549e-01 2.300374706465043162e-01 3.276489279685855238e-01 4.027817909428694776e-01 1.090072751911350946e-01 5.430100495633857216e-01 3.508099452125411077e-01 3.982587129267186610e-01 1.845386988036160081e-01 8.353397304413417990e-01 1.356295787147540066e-01 4.557807158801285285e-01 8.914742091346113118e-02 1.892948498156974690e-01 2.205718865905285653e-01 2.054422700054915618e-01 2.936534218483267678e-01 6.590503294847922799e-02 2.879497055043029330e-01 4.880913073343553510e-01 2.047365098606218903e-01 2.657285393545862351e-01 3.067960728488443589e-01 3.801399229862472140e-01 1.183294312091209277e-01 2.526921264289846425e-01 3.062653853463581100e-01 5.004536774559271706e-01 2.940270502508337547e-01 3.411874967803101288e-01 3.839018194289410546e-02 1.373341326861119913e-03 2.490719852428140424e-01 2.698556331999490965e-01
1.017478780024408669e-01 2.764294972205435033e-02 3.032048287667286623e-01 4.300756231432872889e-02 1.666168974192063640e-02 1.227125736538152989e-01 2.572818783066735948e-01 3.417772549787485570e-01 1.156521558659143883e-01 1.013124053263932400e-01 1.000000000000000000e+00 1.683678672193286152e-01 1.772778080061320205e-01 2.738623692469170368e-01 8.940526249279032167e-02 -1.015204941378565484e-02 2.765718388689688001e-01 3.540527461554005551e-01 3.143054553977508436e-01 2.671143170333133976e-01 -1.733888982473716367e-02 1.153998980563006316e-01 -7.191018974122066407e-03 1.573852025547376465e-01 1.303867635173540651e-01 2.748273207485664726e-01 1.761550733800685553e-01 1.269071887678742960e-01 3.436101537028039138e-02 2.251818630399389509e-01 8.375026714348071666e-02 8.808369640914265331e-02 7.865895321395870166e-02 7.790108715425157759e-02 6.566899082245594710e-02 5.461845279979694184e-02 2.664233239482801663e-01 7.544167118203773392e-02 3.477198831321102329e-02 6.534176096138596956e-02 2.254951566747350755e-01 1.931669691438285263e-01 7.877484380280946885e-02 7.391641381090487128e-02 2.359648564990681763e-01 1.571056366653068859e-01 1.260790799017617592e-01 2.548199054091939697e-01 5.247589006286901975e-02 -1.748706737991173599e-02 2.520312035819267660e-01 2.612491538984939021e-01 2.346680377170110021e-01 2.466822958002963251e-01 -3.833264784817773385e-02 7.944927222814084089e-02 -5.040369677811285670e-02 1.205116505461378967e-01 9.757188064552360651e-02 1.832691819825062463e-01 1.781139898804212640e-01 6.733908025565348010e-02 3.967609789547829613e-02 7.419093090785240652e-02 2.057746990424671463e-01 -6.256179051340998026e-03 1.142708475582294436e-01 3.021448909971474403e-02
3.356260379691253792e-01 2.661209579624946864e-01 2.986396449736395953e-01 6.843068149640637587e-01 4.595853711976295719e-02 5.778544569730963421e-01 2.759899275290272902e-01 3.450945816151497203e-01 2.878141760829097118e-01 5.162189459508608191e-01 1.683678672193286152e-01 1.000000000000000000e+00 9.993103799817421029e-02 2.375736021793790620e-01 2.835163659947911863e-01 2.970930014142741382e-01 3.682378021823072278e-01 1.289430885936071192e-01 2.418958993352656184e-01 7.423767078957115295e-01 3.609758292710936178e-01 3.530492341635478870e-01 3.971997231011230034e-01 4.360359908350957547e-01 1.293419593173320836e-01 3.091866453643351553e-01 3.725619401744127979e-01 6.014095866864647144e-01 3.354460968515956543e-01 3.841336006203491804e-01 3.982338722868172809e-02 5.457110462403173129e-02 2.826306969075191300e-01 3.590781768093953552e-01 2.940426955225656780e-01 2.918931990646175256e-01 3.174018348283873525e-01 6.859011455286839753e-01 1.122269127239253206e-01 4.712667538798185340e-01 3.207761565632279988e-01 3.131348132710222165e-01 2.769684044294181691e-01 5.083492210976985337e-01 1.225406235116637405e-01 8.218644735162587978e-01 1.305977653087484480e-01 1.807661594005706696e-01 2.360724543492256911e-01 3.118086562948341189e-01 3.137464919293551646e-01 6.497419808377437322e-02 2.829282267523115513e-01 7.333470442675846801e-01 3.519726035458948799e-01 3.105372606474636754e-01 4.145941463191277210e-01 4.573086962522815990e-01 1.294189692906638767e-01 1.824431106319995832e-01 3.746810958221533094e-01 5.377225121577831057e-01 3.267071494500513040e-01 3.380389862420491998e-01 2.914004949625645380e-02 3.887737163888990016e-02 2.811312504547100466e-01 3.690495297851775214e-01
1.761622518966262096e-01 -1.022943133566875801e-01 2.996974862027486641e-01 2.113819517793595962e-02 6.378250794948697733e-02 6.699560450443448056e-02 3.271994138572180688e-01 6.437078991055258936e-02 2.415644917590039631e-01 4.981787922191290019e-03 1.772778080061320205e-01 9.993103799817421029e-02 1.000000000000000000e+00 3.151984509924313227e-01 1.467138509874444385e-01 2.044436249648036788e-02 4.187870925408679335e-02 1.730470972078647363e-01 6.492589533647634414e-02 1.123826467466507717e-01 5.784891715863782480e-02 -4.647046539606985993e-03 5.477390475888722909e-03 2.467835649789793251e-01 3.428548757409244363e-01 -5.967479571151218520e-02 3.058446213555912063e-01 -3.353668231727402471e-02 1.073819343351459232e-01 -4.386294012203705017e-02 3.456073569382084321e-01 1.113994647393910936e-01 4.317233773699575422e-02 -6.607641113154465867e-03 9.586714025137442474e-02 -9.055297120767971664e-02 3.573445231795578658e-02 1.040754618721285649e-02 -4.414802194125334520e-03 4.758454928327623262e-02 1.304073465056933001e-01 -5.822806176869581296e-02 2.434485834088424561e-01 -4.488376700471294334e-03 -1.995065485065355623e-02 6.580750102828145098e-02 2.950333477177704555e-01 1.924496804735607580e-01 1.509761764205339030e-01 -1.239790624953919507e-03 -1.213698029212546131e-01 4.784302591733100019e-02 -1.257141992202258085e-01 8.148699416210437863e-02 6.044694746100746918e-02 -4.641711229840470715e-02 -3.532802923423188080e-02 2.032217796706149160e-01 1.071140983746529107e-01 -1.943633172465838999e-01 9.063320922776588184e-02 -1.127631954400565989e-01 1.272604029856721775e-01 -1.943628998436980060e-01 7.117664195577395880e-02 9.085141462222337538e-02 6.332959015104749900e-02 6.218479503023621735e-03
5.283574117458192942e-01 -6.204808215318661363e-02 6.969452662331261372e-01 3.656910069778929878e-02 3.140992261348123094e-02 2.096613017762867515e-01 7.626441150445676387e-01 4.425225542077336205e-01 4.361955237992358736e-01 1.453217764143662216e-01 2.738623692469170368e-01 2.375736021793790620e-01 3.151984509924313227e-01 1.000000000000000000e+00 2.181644928915697501e-01 5.363793383013128885e-02 3.778742950962934444e-01 4.357653529220799626e-01 4.417254887034323119e-01 3.349288467410183601e-01 1.229724426114629371e-01 1.826909526149523844e-01 6.300606296666190487e-02 5.320482547000122686e-01 2.762666713243053795e-01 2.541756308877970438e-01 5.896824986150110970e-01 1.622946454330586041e-01 2.801116340399354976e-01 3.990077260888085231e-01 3.256267079567802258e-01 2.352503197575274985e-01 1.569620559976553920e-01 3.302905526923749502e-02 2.882621362427834066e-01 -5.256524677681615604e-02 4.954730684737434498e-01 7.418258558057916341e-02 1.019487948563695540e-01 1.156264227343971329e-01 5.829292824235354775e-01 1.173303597972264745e-01 3.177890899475215858e-01 7.806814514671769900e-02 2.358895143889795931e-01 2.199021449502170378e-01 2.733738329914194853e-01 6.370828686044430755e-01 1.558880445236092982e-01 1.134638950664047102e-02 1.034561782640359140e-01 2.969556915285818111e-01 7.021519299644392309e-02 2.826422497161787395e-01 7.502823407869738115e-02 1.362410941135383802e-01 -4.987972632901262887e-02 4.263144110499832995e-01 1.299349724268371031e-01 1.600839643084345787e-01 4.118313486501710696e-01 3.507979204005176946e-03 1.743398795515990751e-01 -3.961374116428694608e-02 1.421121167317682676e-01 1.899837915305704061e-01 1.613430036037042936e-01 8.034136922637324929e-03
1.434814210810557433e-01 1.042553929952538677e-01 2.529084703842078286e-01 1.841003458897026990e-01 6.544160069712813554e-02 2.812916297206185523e-01 2.840781099615978245e-01 2.225899074479657513e-01 2.664299173056353109e-01 1.826834332773567549e-01 8.940526249279032167e-02 2.835163659947911863e-01 1.467138509874444385e-01 2.181644928915697501e-01 1.000000000000000000e+00 6.552075601076752520e-02 1.115511752036583148e-01 1.422334803962798100e-01 4.751420661343734586e-02 2.670300389440758981e-01 1.317003891071311661e-01 2.039384017771892488e-01 1.267195093420758756e-01 3.392461081128266831e-01 1.580530099692772916e-01 1.414685939730790654e-01 2.417466400210618316e-01 2.262960191989734637e-01 1.428183206894608481e-01 1.277771293030660338e-01 7.259827114936917569e-02 4.011924321101813934e-02 1.428970954435586915e-01 1.493650549680420325e-01 7.351845718916580341e-02 9.543022346328350336e-02 1.559560213635617087e-01 2.106853793937423780e-01 1.158357087102321326e-01 2.218312999285163012e-01 2.289473891507634584e-01 1.515321540245936349e-01 2.983909864194852490e-01 1.759326401482094182e-01 1.347512482036906240e-02 2.441509283191384272e-01 2.376352621411575439e-01 1.251744060102038258e-01 2.548534569454821153e-01 8.021778139037365196e-02 7.613304939757607748e-02 1.459544147852025707e-02 4.130735374783345293e-02 2.688857543514989734e-01 1.263219699332627233e-01 1.639510477815411815e-01 1.055694202438321183e-01 3.526988872510942175e-01 1.424895941197416027e-01 7.553718039167245379e-02 1.791138176468463905e-01 1.585381307487873093e-01 1.592840593401138594e-01 7.137359534823119189e-02 4.529126185598386645e-02 7.459213455333167653e-02 1.477244422818231040e-01 1.519572262367120397e-01
3.122825740642088399e-01 2.388306600135058633e-01 -1.184149871348834024e-02 3.693718052257882190e-01 6.412584007901642180e-02 3.246705670156395107e-01 -2.335003598242014686e-02 1.836882925458391824e-01 1.442335976159707031e-02 2.013288745402007085e-01 -1.015204941378565484e-02 2.970930014142741382e-01 2.044436249648036788e-02 5.363793383013128885e-02 6.552075601076752520e-02 1.000000000000000000e+00 1.937342815730580536e-01 -4.299285182702047153e-02 3.321225473490069247e-02 3.003659017990989791e-02 7.405782506310847335e-01 2.303733221952152244e-01 7.321676057989607855e-01 1.930333647689523591e-01 5.825035651508223694e-02 1.121565746588667201e-01 2.473826461575001079e-01 4.391476674528740354e-01 5.270755644616685887e-01 4.057869292713761622e-01 2.999959268446622529e-03 -3.508800989898363393e-02 3.338471921371483631e-01 4.633251328141572700e-01 3.527120471391828049e-01 2.025461834007447059e-01 1.584865128962206771e-03 3.584257467630864724e-01 1.683333682235339107e-02 2.690375118911318975e-01 -1.756684229600936897e-03 2.233522033919105310e-01 1.491135847644050119e-02 1.424984934446222040e-01 1.518831821293259790e-02 3.012276335827003826e-01 -4.991365080572704449e-02 -1.541035995677682117e-02 1.031638508475292704e-01 6.957667969822338705e-01 1.793474468370649666e-01 -7.235926642860882052e-02 1.372582645921801847e-01 2.533651872158320176e-02 7.113327378343420326e-01 1.957240132667723287e-01 6.868480441696199756e-01 1.866993939410485359e-01 1.308327927033430156e-02 -5.305850695016642304e-03 2.212366491328696394e-01 3.964399067819451838e-01 5.087345730673300537e-01 4.122928127508080909e-01 -7.086448516674319353e-02 3.504275634156012176e-02 2.265840416208862174e-01 4.871640331058593731e-01
5.009900484775752227e-01 2.536271919203764713e-01 4.012088037202093393e-01 2.836571736166131341e-01 4.464992835646284380e-02 3.257649462022929043e-01 2.368501816509375468e-01 3.580369696710088978e-01 1.109798950907060211e-01 2.416410593453203748e-01 2.765718388689688001e-01 3.682378021823072278e-01 4.187870925408679335e-02 3.778742950962934444e-01 1.115511752036583148e-01 1.937342815730580536e-01 1.000000000000000000e+00 2.438162986428248358e-01 6.257827012108553300e-01 3.535581019513936996e-01 2.182869409704953911e-01 2.524631030805894460e-01 3.246184676038967876e-01 2.676212640399026621e-01 4.532706069179476271e-02 4.153730375695533494e-01 4.647498002791569105e-01 3.503105094163188049e-01 3.510400528067612047e-01 5.252053755932205581e-01 3.482309431337392985e-02 9.144076752695821930e-02 2.131003401274960685e-01 3.222385987911339789e-01 3.476432339454005316e-01 2.284996018002012352e-01 3.768978616686009531e-01 2.859666725657644681e-01 5.196959474750707797e-02 1.927402141875146913e-01 2.276946263409637961e-01 2.270622442213980074e-01 6.261927489262561486e-02 2.001049337237578996e-01 2.303620032278323460e-01 3.443986231093372763e-01 3.075323847079325379e-02 2.519121256888269822e-01 6.392195299433157951e-02 2.096351698651109652e-01 4.507710259732735092e-01 1.813605294509176291e-01 4.127770045207964644e-01 3.232853113749423191e-01 1.840552826974640177e-01 2.059305343780438724e-01 2.418504886762211648e-01 2.192407454284240609e-01 1.452463673032624442e-02 1.795995190291987398e-01 3.612591005150267987e-01 2.829052189679281404e-01 2.330948109253727085e-01 2.780276274389252289e-01 1.094875842661155729e-01 2.232632645217011436e-02 1.708581912403165926e-01 2.429108720726466941e-01
1.276405107045318066e-01 -1.200542608568502811e-01 5.184830702919813739e-01 -4.949443574648139388e-02 2.220129051080875146e-02 5.477493508622185980e-02 4.375248122689654462e-01 4.223919906228953414e-01 2.016786701349862487e-01 4.992981676693315773e-02 3.540527461554005551e-01 1.289430885936071192e-01 1.730470972078647363e-01 4.357653529220799626e-01 1.422334803962798100e-01 -4.299285182702047153e-02 2.438162986428248358e-01 1.000000000000000000e+00 3.565885106047054220e-01 2.239149945600811265e-01 2.302046225944482868e-02 1.732430420386375097e-02 1.104610923292394589e-03 1.443991090063530824e-01 6.033057202445982203e-02 2.544272408084478077e-01 2.812047201662021823e-01 8.180045580507348812e-02 6.328318293013471263e-02 1.918135361754833845e-01 4.917397654870273027e-02 1.055637093938335408e-01 8.535764183968132246e-02 -1.402658326990170908e-02 1.506219828534172134e-02 -1.131734271004989079e-01 3.207641389440969992e-01 1.146982666326827605e-02 5.773508411240339117e-02 -2.507876604077748789e-02 2.995070473118857102e-01 9.730995282732943230e-02 1.675108580686840432e-01 6.205574107117030683e-03 1.048755501773179361e-01 1.037384274825871172e-01 1.853170662600599483e-01 3.431218328124980288e-01 1.127532271941627806e-01 -9.674285188128280144e-02 1.146098492462656049e-01 3.053395117481740861e-01 4.421400118843797633e-02 1.980582529663785230e-01 -3.347875785228663498e-03 -2.638955892508445394e-02 -9.698346725549270020e-02 9.322497958393582973e-02 -1.243772765818869364e-02 1.417515968721386188e-01 1.513630073341136750e-01 -6.739907020571569984e-02 5.405850391086301776e-02 -6.609963309854588465e-02 2.618883159192950116e-01 -3.822091244290646422e-03 1.045909872309645217e-01 -6.691220371710566994e-02
4.467164835055116301e-01 1.242685353985573254e-01 3.817667285069116789e-01 1.211831227884456186e-01 2.738780201203075068e-02 2.225486773506169802e-01 2.442703800784657431e-01 2.909830298605513565e-01 1.000106266929584042e-01 1.689920249139058028e-01 3.143054553977508436e-01 2.418958993352656184e-01 6.492589533647634414e-02 4.417254887034323119e-01 4.751420661343734586e-02 3.321225473490069247e-02 6.257827012108553300e-01 3.565885106047054220e-01 1.000000000000000000e+00 3.142123161362505024e-01 7.084758634167954983e-02 1.759963002208659033e-01 1.244810935295664611e-01 1.527752771291686629e-01 7.780997783847357074e-02 2.770492026169238398e-01 4.031973718312605315e-01 1.500731936682279388e-01 2.235096813646689773e-01 3.992278010433260582e-01 9.906512133422719357e-02 1.700119246118350080e-01 9.805254893395641547e-02 1.632227264506341813e-01 3.025646380713977179e-01 1.168727715548400770e-01 3.530061987062017570e-01 1.469008424394442347e-01 6.013025587377715531e-02 1.494286599439756946e-01 2.341628439901211056e-01 1.753643315212449205e-01 3.876795700863210070e-02 1.522120826192519538e-01 2.907130541623859088e-01 2.408181871486123615e-01 6.852751578325069759e-02 3.581332302115420307e-01 3.014363106066034886e-02 4.071224093843654745e-02 3.584168360142325760e-01 2.939762975820231494e-01 4.005236718608711777e-01 2.838977270365082295e-01 5.359274984060621166e-02 1.232329375616356693e-01 5.577973678159668658e-02 1.121881595768058071e-01 3.863183987662520413e-02 9.656196225503849151e-02 3.125313409775752893e-01 1.199156858570874229e-01 1.045501282032918339e-01 1.294313069738817212e-01 1.210304987304618995e-01 6.276228693917854096e-02 9.167956417721298545e-02 1.031152401363354676e-01
2.388015449176577043e-01 1.683765351368400331e-01 4.374227511692030945e-01 4.117163168552243624e-01 4.525447330547195668e-02 4.319378406766568590e-01 4.035530596807491155e-01 3.608655041893148452e-01 3.570921655664226479e-01 5.118781258214568641e-01 2.671143170333133976e-01 7.423767078957115295e-01 1.123826467466507717e-01 3.349288467410183601e-01 2.670300389440758981e-01 3.003659017990989791e-02 3.535581019513936996e-01 2.239149945600811265e-01 3.142123161362505024e-01 1.000000000000000000e+00 8.766181045734583455e-02 3.082925205647814582e-01 1.315761463040130697e-01 4.619157406759567541e-01 1.707961161605391909e-01 3.071302668155177495e-01 3.802248587848329198e-01 3.992583151079452386e-01 1.345333329383412435e-01 3.116262325731717353e-01 6.794465621038126013e-02 1.442823322064619718e-01 2.235492855345923568e-01 2.168722473654652871e-01 1.730961866233175217e-01 2.173917232519125275e-01 4.622390945815679775e-01 4.578110371643211440e-01 1.612183269493704663e-01 3.397999020168684381e-01 4.587131084123130531e-01 2.944340604369595216e-01 3.341870478702787528e-01 4.842385771447110798e-01 2.390002585107231237e-01 7.040988253919565620e-01 2.071609927220365854e-01 3.519343468805671837e-01 2.071473150608432179e-01 5.584704392859237559e-02 3.284423454160195766e-01 1.793211112461168266e-01 2.877382939685106389e-01 8.788596005285891355e-01 6.817910945683963719e-02 2.857280490303385490e-01 1.215715784749252237e-01 4.729069452130909013e-01 2.036434716302561454e-01 2.531642983386141466e-01 4.168350769685922330e-01 3.485295319830307159e-01 1.419368314128476305e-01 2.171778381298625771e-01 1.095609894441600951e-01 1.015931603307793779e-01 2.965120384081495475e-01 2.123781053253115669e-01
3.522342218859131346e-01 2.385520929272059165e-01 5.122980778312408168e-02 3.880426233812145353e-01 6.556397877909465877e-02 3.603199746545053817e-01 2.739981516032765491e-02 2.413105269048846924e-01 5.691156524277797557e-02 2.105645786704713196e-01 -1.733888982473716367e-02 3.609758292710936178e-01 5.784891715863782480e-02 1.229724426114629371e-01 1.317003891071311661e-01 7.405782506310847335e-01 2.182869409704953911e-01 2.302046225944482868e-02 7.084758634167954983e-02 8.766181045734583455e-02 1.000000000000000000e+00 2.188732405055734687e-01 8.348297087643655745e-01 2.150202332530161409e-01 7.240117785452142296e-02 9.707727773687535588e-02 2.731055255271637172e-01 4.390035270697127956e-01 6.039608544212625718e-01 4.571103045213523175e-01 1.231372098549951555e-02 5.635860007965232121e-03 4.100011513879198710e-01 5.530473738292942532e-01 3.936991249299011120e-01 1.809319392290257289e-01 2.885558744064924130e-02 3.883694398210862930e-01 2.922732742605076844e-02 2.790014408085464970e-01 3.608472373533504890e-02 2.052826748320325800e-01 7.746143814015651885e-02 1.458581652552516095e-01 9.195802391137701537e-03 3.653504467780662734e-01 -5.336572608673803564e-03 2.153038136316524562e-02 1.355100029312835963e-01 6.512261550752747041e-01 1.675335520719132276e-01 -3.413627075655820825e-02 1.050036468201673845e-01 7.709808625926174719e-02 8.797532631739977127e-01 1.887600919146285305e-01 7.535017059893158731e-01 2.143000679753673254e-01 1.741487054578438540e-02 -1.152094343314077896e-03 2.373059580629788834e-01 3.683769638847484984e-01 5.647948294803266656e-01 4.097755916626301120e-01 -6.436875448220095997e-02 5.340307747800542015e-02 2.760515534703935070e-01 5.272278776005290268e-01
1.821833341625707647e-01 4.724331400044901597e-01 9.484132952616694534e-02 3.344301320441188108e-01 2.247729866753946787e-02 3.140560027117146880e-01 1.827256528402911862e-01 3.172094193007243268e-01 2.686532263383033525e-01 2.523989624346089089e-01 1.153998980563006316e-01 3.530492341635478870e-01 -4.647046539606985993e-03 1.826909526149523844e-01 2.039384017771892488e-01 2.303733221952152244e-01 2.524631030805894460e-01 1.732430420386375097e-02 1.759963002208659033e-01 3.082925205647814582e-01 2.188732405055734687e-01 1.000000000000000000e+00 2.597872418875866729e-01 4.791829762199005804e-01 1.426801048484034329e-01 4.642624018633885186e-01 2.721997602086054791e-01 4.670392967002024998e-01 1.672056857960323994e-01 4.875994541135288962e-01 6.004838243164907496e-02 -3.111394192998872057e-02 2.167925595558025109e-01 4.632335532224396424e-01 1.353098063058674749e-01 4.104594672439111358e-01 2.017035291816539899e-01 3.703950720630587723e-01 1.754119898638987485e-01 2.626297350466852421e-01 2.683364079747657116e-01 3.625758847082092284e-01 2.423883571050081120e-01 2.399168665614090368e-01 1.652464995923477731e-01 3.549425639830541268e-01 1.255204355017023321e-01 1.671585642434900432e-01 1.115686611740405176e-01 2.775130328873997021e-01 3.399955955796392648e-01 -2.227188209169858948e-02 3.651705055446289871e-01 3.348934056840277007e-01 2.233280677751717236e-01 5.820309831579931759e-01 3.074718841459084251e-01 4.549318614087610735e-01 2.718531137214968973e-01 3.136199618996755589e-01 4.323748548640529710e-01 4.766943619775472207e-01 2.048284592711696050e-01 4.926260817250808777e-01 5.410245711790721140e-02 8.520700995708443970e-02 2.492086807260487924e-01 4.611679941335035116e-01
3.521142448770556710e-01 3.143508025352385604e-01 3.994275357884088939e-02 4.296879112101729126e-01 7.140273904195795773e-02 4.037955450507211275e-01 -2.941424886563570248e-02 2.660088885488753330e-01 2.474972648996929744e-02 2.739749698697562796e-01 -7.191018974122066407e-03 3.971997231011230034e-01 5.477390475888722909e-03 6.300606296666190487e-02 1.267195093420758756e-01 7.321676057989607855e-01 3.246184676038967876e-01 1.104610923292394589e-03 1.244810935295664611e-01 1.315761463040130697e-01 8.348297087643655745e-01 2.597872418875866729e-01 1.000000000000000000e+00 1.946905401483664810e-01 -4.129579576082467729e-03 1.707017939946892104e-01 3.139496981710234724e-01 5.381032260982583360e-01 5.626882302070876918e-01 5.460849888417870224e-01 -3.740943087038820641e-02 -1.151122143449418746e-02 3.630246702804477699e-01 5.841498995255305360e-01 3.721547042652987858e-01 2.735791010454113881e-01 5.139548942338705018e-02 4.051254469938010416e-01 3.258970144306855277e-02 2.996575704571303733e-01 -4.184109531136737115e-03 2.726747021044118591e-01 3.407576629015701686e-02 1.981184196293588051e-01 -4.841721088821261329e-03 3.878485632846125908e-01 -6.008211376885715799e-02 -3.639958213158268896e-02 9.759723968382064130e-02 6.539065961259253879e-01 2.702036938103361541e-01 -6.868159616045144134e-02 1.996763639566552229e-01 1.137940572588481275e-01 7.883664322904802013e-01 2.346829343235856680e-01 8.442174834668789707e-01 1.910098605377641146e-01 -1.628316524744459134e-02 2.993156927426109115e-02 2.939955729010761409e-01 4.816942655713689625e-01 5.124597611697386812e-01 5.265985111373185923e-01 -4.984326276275568429e-02 1.180056836290092892e-02 2.468761191231395868e-01 5.579334490041939487e-01
