1.000000000000000000e+00 3.325510620336603607e-01 2.644495823333144480e-01 3.496513136834486501e-01 9.998711981637165014e-02 3.716372881922596072e-01 3.208458154699991294e-01 3.580915908405349346e-01 1.316693146719529472e-01 3.440046931420774889e-01 2.593667013305163138e-01 2.916630284731265843e-01 4.942219122494598271e-02 4.558334936957277317e-01 7.122762178067908179e-02 2.843401120053477560e-01 4.295979582149216935e-01 1.444198719596272162e-01 3.648610056284882219e-01 1.627420895422998504e-01 4.904445589702312591e-01 2.840807802163632378e-01 5.152794737466823705e-01 2.817045199590497151e-01 1.009654015509889868e-01 3.553389948177576585e-01 3.669259418738825551e-01 4.375083587887715897e-01 8.168107179463133249e-01 5.580522340003520876e-01 9.668061338425056050e-02 1.665991469991690843e-01 3.321053269813321607e-01 4.803139780600302333e-01 7.585502175703622285e-01 2.832502880683554491e-01 3.610775017650622587e-01 3.548252842823678699e-01 9.236952300391210180e-02 3.140778731105698385e-01 2.696461865571675998e-01 2.563386850501673808e-01 1.103667506647274116e-01 3.419666330128729448e-01 2.158888290089258088e-01 3.156239955353477011e-01 3.198807760265987010e-02 4.216573432404930877e-01 5.299956206859580271e-02 3.011607512708842083e-01 3.435380233529811700e-01 1.547606443905706064e-01 3.541133328913693146e-01 1.841077546887960326e-01 4.570000974552411166e-01 3.430054363572803133e-01 5.151176378409642043e-01 2.464682991669417123e-01 9.698294546432931554e-03 2.911800229614658342e-01 3.592215905469156034e-01 3.741705156074436878e-01 7.257088940711052816e-01 5.105103730619929836e-01 1.414630087367533574e-02 9.161308921569577546e-03 3.654465676051994460e-01 4.170287902879064590e-01
3.325510620336603607e-01 1.000000000000000000e+00 2.755188173629737891e-01 4.261903162586191396e-01 9.641345968428945146e-02 2.770241589729061094e-01 2.000918838088235063e-01 2.372486578137112667e-01 1.729831485303034988e-01 3.651000397973657718e-01 3.505195241731788314e-01 3.435847013931814797e-01 1.397283857568167899e-02 1.573149461751285616e-01 9.409839467278520442e-02 2.517458177355633153e-01 2.997613328854689674e-01 -1.811258020473612354e-02 1.900200597701168226e-01 2.589116332988425917e-01 3.539421142360896222e-01 5.226171328213796707e-01 4.951197038539429940e-01 4.225907964188952426e-01 2.712640086829645747e-01 4.800500720638835594e-01 5.086481296960524423e-01 5.055946667477130285e-01 3.688342955822487279e-01 5.018551874688375047e-01 1.588322002545818415e-02 1.089885691233635906e-01 2.156040413937523603e-01 5.153722839411416512e-01 4.055466824430069006e-01 6.199538382800299230e-01 3.753666925631449214e-01 4.013802416148188890e-01 7.076140234687909591e-02 1.907534510594543764e-01 2.434475989280098507e-01 2.181186823645998862e-01 1.740567061374831137e-01 3.320538017122826591e-01 2.476077819608232533e-01 3.644367783844040809e-01 -2.951182240641885349e-02 2.541281028560908872e-01 5.994099980802935351e-02 2.500254546669026245e-01 3.517165463975626682e-01 -5.432605417567582667e-02 3.426251399518605023e-01 2.971454329690978446e-01 3.668610232232360491e-01 5.437315391631795114e-01 5.108845244495560101e-01 3.531646640457076214e-01 1.881361491148523246e-01 3.851607436676225960e-01 4.852086986150370707e-01 4.448009411847650418e-01 3.373481545927134451e-01 5.487426323902047098e-01 -1.006475927509744017e-01 1.896350050210532032e-02 3.038615080561876680e-01 5.314822041141663567e-01
2.644495823333144480e-01 2.755188173629737891e-01 1.000000000000000000e+00 1.372954242470288411e-01 9.838552179447168644e-02 2.031151835588069776e-01 9.518363117660498807e-01 4.327454769067078932e-01 4.209847702992196017e-01 1.594181633353480843e-01 4.428226434650563981e-01 2.591624419270016633e-01 1.668082868488956760e-01 6.064239169475765800e-01 1.741262776577329197e-01 1.310162661583153809e-01 6.763699318459733822e-01 3.736103491858314141e-01 4.370232323518770112e-01 1.807005876866825400e-01 2.813405601150143487e-01 3.121963351681559806e-01 3.172769752709839186e-01 5.187184351680395045e-01 2.817398877181517269e-01 7.689815033728466531e-01 6.950287056750958925e-01 2.733114952088139815e-01 2.762560809408458051e-01 5.419696492670494914e-01 1.527979808366875802e-01 9.665701219288326540e-02 1.768742317547987442e-01 2.477566030859218726e-01 1.905159282910722507e-01 2.298698990558847577e-01 5.739289675049414896e-01 1.404667963003806974e-01 6.204824276723203830e-02 1.319524542308981030e-01 6.634686172392164627e-01 3.522342944281104948e-01 3.253669738922385091e-01 1.425871410469944645e-01 3.071879854704525070e-01 2.014877585075672828e-01 8.587345934106653533e-02 4.014848979031735432e-01 1.158223025601883699e-01 2.107681706839502345e-01 3.807066537850714028e-01 3.941870241766571303e-01 3.089631163261616353e-01 2.064685978554514356e-01 2.127413813060904102e-01 2.668130585056812110e-01 2.241494694059661397e-01 4.216326471646223983e-01 1.544398020416458961e-01 4.800153021589279034e-01 5.013917844694512072e-01 2.254433946318784299e-01 1.907755090958312971e-01 2.513153944171130916e-01 2.800142041990929739e-02 -6.340817603979027883e-02 1.864717842247375079e-01 1.618819078857930693e-01
3.496513136834486501e-01 4.261903162586191396e-01 1.372954242470288411e-01 1.000000000000000000e+00 3.434328138099614763e-02 3.484570998129190023e-01 1.720104017646554573e-01 1.087391605112641851e-01 2.098430122790919672e-01 6.014319492897787223e-01 1.780219907295389203e-01 8.752511920896089981e-01 -1.185369003942943721e-02 2.195693780532269324e-02 1.320636671310039534e-01 3.209998439127226266e-01 1.016331068702299723e-01 -1.162822089496878958e-01 -5.154938080772153257e-03 7.575046404640700670e-01 4.349433352475550740e-01 4.386768988407985792e-01 4.092697843030944083e-01 5.311326612788522805e-01 1.103279187976280995e-01 2.644298211493501527e-01 2.207010785989102220e-01 6.795830435107936829e-01 3.954673807376767325e-01 3.118414736978666890e-01 3.474010456760079357e-02 1.063477562525262238e-01 2.686248485434385436e-01 3.769661681821700472e-01 2.862210051808229960e-01 3.694799833632145258e-01 2.747751466089976002e-01 1.367095733982500727e+00 2.324501071113351316e-02 3.156984803925430572e-01 2.544544570778789483e-01 1.074419053861134371e-01 2.465028055796319728e-01 5.198114048100229700e-01 1.242382137306796558e-01 9.545039147854382788e-01 -4.531367027650995416e-02 1.901354557736038009e-01 4.768897129224813208e-02 3.415336920222424855e-01 1.828053505902849929e-01 -6.001981383894907512e-02 1.903028917631833516e-01 7.744662759066165414e-01 4.443441630019848709e-01 4.903294196405288408e-01 4.630772294338823536e-01 5.382659496816125655e-01 1.125634312085525418e-01 3.077042433856362336e-01 3.510054855830315179e-01 5.931682793352280880e-01 3.672020299394613274e-01 3.670104042700257363e-01 -3.926220771259378989e-02 3.333844305898733124e-02 3.253821048892340251e-01 3.838349566566062188e-01
9.998711981637165014e-02 9.641345968428945146e-02 9.838552179447168644e-02 3.434328138099614763e-02 1.000000000000000000e+00 1.505800586978407463e-01 1.354191840884312603e-01 1.603994848455286559e-01 1.078084762855325979e-01 1.043509542577506360e-01 1.067370965557514761e-01 8.595906024173290139e-02 8.858227584983435765e-02 1.021113734787151284e-01 1.169760114403002177e-01 8.707870721710941897e-02 9.437783062534484124e-02 4.240225680892539817e-02 7.376821878459779991e-02 6.943619352346849793e-02 9.393528227129693819e-02 1.086874708775380088e-01 1.067944263713007658e-01 6.783627879304895969e-02 1.033459113872675500e-01 1.150802322634950775e-01 1.631248488209135206e-01 7.011805020266205501e-02 9.673569073370545668e-02 1.202432337970332360e-01 6.085076493405424530e-02 1.785199413029422144e-01 4.274743956895509650e-02 1.178094664343311976e-01 7.601248346116119825e-02 7.974900363893470956e-02 6.698861047662668655e-02 5.792355116606284771e-02 7.542500760232731527e-02 1.078958862494308751e-01 7.947245810902713037e-02 1.312427669075263426e-01 7.674918916428286053e-02 1.008812483384686765e-01 9.084455096068135005e-02 7.606745485221785841e-02 1.234129658800790647e-01 1.110088788009022248e-01 6.531601091389105385e-02 7.393432315840274549e-02 6.545539617321738390e-02 9.841157326806919403e-02 5.965907378826806884e-02 5.883509017156249993e-02 8.370866329488292623e-02 9.692741892962047912e-02 8.843435836324531341e-02 5.949706419779609429e-02 9.558505617223349293e-02 5.316751109041195633e-02 1.211839596033544991e-01 6.570253665694421319e-02 1.136579360618482221e-01 8.666905720940511204e-02 4.733651334721628023e-02 6.525515279036166183e-02 6.947149572915588267e-02 9.869975536227328095e-02
3.716372881922596072e-01 2.770241589729061094e-01 2.031151835588069776e-01 3.484570998129190023e-01 1.505800586978407463e-01 1.000000000000000000e+00 3.903517961288588967e-01 4.631625006414461510e-01 1.579629747940727302e-01 7.359747951569112212e-01 2.041180166473154367e-01 5.635865528490370258e-01 1.602550015187592380e-01 2.721520670872121794e-01 2.805288744017231384e-01 1.866946380722484256e-01 1.612275536438360912e-01 3.729963279550072702e-02 1.309038327650720313e-01 4.207911741305038755e-01 3.016800179146676975e-01 2.742959328740761094e-01 3.229873541051852537e-01 2.622593908067111790e-01 1.351772606641466756e-01 1.981347287610893959e-01 2.656188048567262872e-01 5.952635544468350970e-01 3.746728052626453476e-01 3.188283422598989225e-01 9.953775342918569358e-02 1.472940373350155319e-01 1.526603761264253567e-01 3.415578372873216417e-01 3.763521273263505940e-01 2.687766053079155837e-01 3.214244297646574045e-01 3.483019943927329609e-01 1.252665811347294655e-01 7.684434691282634455e-01 4.199698833376260265e-01 5.349230964102389407e-01 2.059620996354318001e-01 6.390266746263728592e-01 2.149171137486481642e-01 4.919232453538721628e-01 2.038013013880917157e-01 4.390168172038418359e-01 2.409974181324490428e-01 1.973225607236918089e-01 2.320583508453012422e-01 1.688569631099942070e-01 1.703190133465273259e-01 4.181514898476887399e-01 2.960331109640939040e-01 2.613895268657178694e-01 3.125176824833409417e-01 3.160724659539135284e-01 9.989171651887046588e-02 2.415483383853468113e-01 3.426696771889509718e-01 6.212179773157960883e-01 3.364696652200744320e-01 3.685575508527111910e-01 7.591832966697488472e-02 1.094635560685899289e-01 1.933145525425422617e-01 3.269219852076557520e-01
3.208458154699991294e-01 2.000918838088235063e-01 9.518363117660498807e-01 1.720104017646554573e-01 1.354191840884312603e-01 3.903517961288588967e-01 1.000000000000000000e+00 5.288608249152637608e-01 6.097904818977150088e-01 2.508253120454944085e-01 4.090893704970035571e-01 3.303632384431831048e-01 2.995493205469754172e-01 8.080355272378328957e-01 3.453977277290565806e-01 1.473243231727316138e-01 4.382842177610419276e-01 3.468960080438043270e-01 3.367353320903636593e-01 2.476059745657347710e-01 2.505228323279392044e-01 3.511014526745053765e-01 2.233146673386426639e-01 7.732023160115527594e-01 3.460273581640579965e-01 6.143793462778521786e-01 6.134705492528566007e-01 3.133856060509296326e-01 3.658806757381705133e-01 5.294474882688992023e-01 2.299216085850668279e-01 1.270031296814752853e-01 1.745856839730065557e-01 2.497327820597020909e-01 2.584145661482654677e-01 1.870272627417993716e-01 5.384482094847752309e-01 1.729826190973221267e-01 9.685963996867025250e-02 2.956217966433565825e-01 1.034323320912885480e+00 4.593123049999996432e-01 5.326852229717703446e-01 2.005583085598721949e-01 2.929001109855546292e-01 2.687279124512427231e-01 2.781700841800683333e-01 6.179354557840320838e-01 2.878449667895388586e-01 2.033099992144325741e-01 3.029109251340411646e-01 4.722607020476507489e-01 2.332146264249174983e-01 2.785458741541265715e-01 1.929308505311883304e-01 2.945770841880580027e-01 1.449250405596398950e-01 7.007390424221234815e-01 2.251828573964621827e-01 4.489326083997807193e-01 5.256102673504862155e-01 2.813510077722963798e-01 2.545531250668328638e-01 2.258729276580359047e-01 1.506031040577191227e-01 -3.829731921160008795e-02 1.857153141581614209e-01 1.467573864482147605e-01
3.580915908405349346e-01 2.372486578137112667e-01 4.327454769067078932e-01 1.087391605112641851e-01 1.603994848455286559e-01 4.631625006414461510e-01 5.288608249152637608e-01 1.000000000000000000e+00 1.032087103496331509e-01 2.175234262307872701e-01 3.211591214933440241e-01 2.205089966303196702e-01 3.700414746158518092e-02 4.953852324546497155e-01 1.594332877134651272e-01 1.190625239777084454e-01 5.228481251059918788e-01 1.861478772661799563e-01 3.495981649010385106e-01 8.239531153991931645e-02 1.869573809824232880e-01 2.421303798969920429e-01 2.977433334508874374e-01 2.037735000854654366e-01 5.552119237223254733e-02 5.002264906547746470e-01 3.084893675581415473e-01 4.446377215936211935e-01 3.005629585936417381e-01 7.046390642577465835e-01 -7.923443298728330983e-04 8.042008373629359885e-02 1.005680392040088217e-01 3.099051792784742743e-01 3.903621858430181280e-01 2.128747381422878282e-01 4.585710980812915949e-01 1.189344811701008725e-01 8.906314880655806510e-02 2.791896398800969847e-01 3.924101129983876834e-01 6.587273376800649727e-01 8.722642693490939569e-02 1.835512969068594236e-01 2.049124803515048887e-01 1.872006907073152648e-01 1.232813736332923592e-02 3.912682405938344155e-01 8.869257473998726216e-02 1.621127371420495178e-01 4.039605304644292016e-01 4.220272090100731788e-01 2.804546110048851126e-01 1.136989507175617115e-01 1.603732901560827873e-01 1.709553074898979563e-01 2.360880790123882633e-01 1.502163696955702565e-01 -2.734948264998293688e-02 3.428846817640334721e-01 2.198385197976709948e-01 4.314069122819483293e-01 2.604881087409046669e-01 5.067290418919744299e-01 -4.299524298863893063e-02 -1.542916787983591304e-02 1.259337256175067088e-01 2.405504349613691029e-01
1.316693146719529472e-01 1.729831485303034988e-01 4.209847702992196017e-01 2.098430122790919672e-01 1.078084762855325979e-01 1.579629747940727302e-01 6.097904818977150088e-01 1.032087103496331509e-01 1.000000000000000000e+00 2.036275184290272378e-01 2.423486564315052993e-01 2.501133955657320329e-01 3.759534941665095276e-01 3.532629014014505020e-01 2.636843944352933455e-01 1.187423637409666527e-01 6.270198389625647462e-02 1.071203647314804969e-01 8.781319582337750174e-02 2.346726651665609342e-01 1.998296553186859337e-01 3.521323924791470161e-01 1.026086854691489192e-01 6.630147436000034533e-01 4.366646452828604197e-01 2.575814739111333962e-01 4.540357243606545912e-01 8.556545583199566540e-02 2.368595051242516625e-01 1.437274603847791543e-01 2.738254045916373447e-01 1.244226539607813792e-01 1.638844615964465401e-01 1.374834970715679283e-01 4.875802503819006567e-02 1.797907145094009840e-01 1.400985270055002119e-01 1.896589396710866848e-01 6.412803546156604917e-02 1.550908445454929063e-01 4.857021421020477070e-01 1.466214179751275104e-01 6.535874242560482106e-01 1.651805055648990495e-01 1.879142763960298390e-01 2.088215642138521178e-01 3.731837315537500643e-01 3.313620376047649585e-01 1.883078154260502401e-01 1.281639452037144078e-01 7.616530527593794002e-03 1.058060493339935265e-01 1.877645912359451885e-02 2.566080712114527373e-01 1.632785446137757779e-01 2.854857669920226604e-01 5.623029235078250143e-02 5.689770280821077053e-01 3.228342075135130496e-01 1.768648367869015969e-01 3.963683877809042744e-01 4.507822641180422862e-02 1.937246174057635495e-01 -1.096114896981276177e-02 2.272006683664634652e-01 3.783169974049543915e-02 2.040487867003129008e-01 9.146671023044931903e-02
3.440046931420774889e-01 3.651000397973657718e-01 1.594181633353480843e-01 6.014319492897787223e-01 1.043509542577506360e-01 7.359747951569112212e-01 2.508253120454944085e-01 2.175234262307872701e-01 2.036275184290272378e-01 1.000000000000000000e+00 2.253354190468214446e-01 6.350268253988003986e-01 1.144426184953406950e-01 1.038908733285108799e-01 1.649359806930819350e-01 1.213964641466895172e-01 1.070176368288337510e-01 -3.742989323221780629e-02 8.103544811141623339e-02 5.515301122302849191e-01 2.492956820039153032e-01 3.571278838840718506e-01 2.846118882256460925e-01 3.402396625310657452e-01 1.465685219487515567e-01 2.664270896380502296e-01 2.762533891555348231e-01 6.286564829481847694e-01 3.057052942612267787e-01 2.474293382627283655e-01 4.865682670936970905e-02 1.324300556113640892e-01 1.546497795684508569e-01 3.089536901516733991e-01 3.332935211032505562e-01 3.681820916238201513e-01 2.807242733203583751e-01 5.705638308053497809e-01 5.952345358483212417e-02 5.698391417653642099e-01 3.060458125729420553e-01 3.248272433219916988e-01 2.430301162127186387e-01 1.359563465228531109e+00 1.782213016652984816e-01 5.954414973055909277e-01 1.059579551347326482e-01 2.848776809858892811e-01 1.295750211928989037e-01 1.385489590228821399e-01 2.475810055123197906e-01 -9.455999187301019834e-03 1.834144265849898259e-01 5.607364477268655945e-01 2.585283969499218570e-01 3.803900207047469784e-01 3.388097830933431420e-01 2.990538504331660685e-01 1.332618986610867584e-01 3.125484444594366917e-01 3.165905638967047020e-01 6.398367266738134163e-01 2.895678172480741774e-01 3.501153825670516029e-01 2.447118067474988654e-02 5.291522159250067192e-02 2.074607509074604950e-01 3.642481302255360931e-01
2.593667013305163138e-01 3.505195241731788314e-01 4.428226434650563981e-01 1.780219907295389203e-01 1.067370965557514761e-01 2.041180166473154367e-01 4.090893704970035571e-01 3.211591214933440241e-01 2.423486564315052993e-01 2.253354190468214446e-01 1.000000000000000000e+00 2.268855184108141410e-01 2.185683445207436681e-01 3.810733593961557752e-01 9.327659106706509551e-02 1.110791076029130631e-01 4.899023455007716632e-01 3.860716454373896434e-01 4.649337084009579346e-01 1.998226755465046522e-01 2.180661720516033075e-01 3.109000430997241882e-01 2.462490788442750489e-01 3.338884578555885163e-01 3.416965210802850872e-01 5.850525835308162392e-01 5.565013479466741630e-01 2.453834714396132544e-01 2.581295138582048176e-01 4.572335825786504881e-01 1.233948775567916961e-01 8.569046629625322320e-02 1.650905051042802218e-01 3.789674794684028680e-01 2.249720728597891517e-01 3.116234183892258036e-01 2.826596135360880946e-01 1.698433028845553194e-01 7.519245032202924450e-02 1.151255982357329705e-01 2.693691179475606878e-01 2.384819957231284759e-01 2.186979798276292020e-01 2.199381171394367007e-01 4.070443277439966256e-01 1.862987121895327836e-01 1.011163707100832809e-01 2.859100004323047450e-01 3.727199552664694354e-02 1.313236016732920730e-01 3.411178715326119715e-01 2.412951254867670980e-01 4.224762028011186388e-01 2.207763246077255326e-01 1.838943929644467901e-01 2.753435201504073060e-01 2.175185039237619022e-01 2.317759174363019092e-01 2.032464907873834103e-01 3.330173334251185779e-01 3.907191902011769025e-01 1.962369773500005909e-01 1.975330396709615854e-01 2.955757327958304925e-01 -1.217637536905784301e-03 -7.124143203161496796e-02 2.057463388305596219e-01 2.704080319155101053e-01
2.916630284731265843e-01 3.435847013931814797e-01 2.591624419270016633e-01 8.752511920896089981e-01 8.595906024173290139e-02 5.635865528490370258e-01 3.303632384431831048e-01 2.205089966303196702e-01 2.501133955657320329e-01 6.350268253988003986e-01 2.268855184108141410e-01 1.000000000000000000e+00 1.385392973652883331e-01 1.282677404978491420e-01 2.492689727644473996e-01 2.968946700135972616e-01 1.582582867618663736e-01 -3.673014480230161333e-02 5.122963655978477610e-02 9.821030109372026473e-01 4.443494647907806350e-01 3.986361251561789665e-01 4.136984037996245256e-01 4.507442137635966906e-01 1.742299403731337737e-01 2.546576900301647517e-01 3.033025648947330621e-01 6.729183052817395705e-01 3.359643722336962957e-01 3.104267840980687310e-01 1.032534541800003147e-01 1.068866760749831446e-01 2.399298095766961569e-01 3.747918223081486144e-01 2.128145990319344205e-01 3.111609153105365233e-01 2.931368941134630535e-01 8.218727377756417374e-01 7.291003713406614406e-02 4.796268714648565523e-01 3.676310102576306194e-01 2.579861596461500151e-01 2.861698413980158229e-01 5.229234352151738152e-01 2.000954596231202254e-01 1.069135528984877626e+00 1.335556840908799225e-01 2.720783055399719763e-01 1.665127502997774400e-01 3.117580117896646685e-01 2.028829676122797243e-01 1.081057284283007264e-01 1.623305897835626843e-01 9.231744914575146232e-01 4.526577863278720137e-01 3.793190111238310958e-01 4.349087493479866784e-01 5.049555757041620518e-01 1.618238511237357069e-01 2.956223695369287197e-01 3.943211775739988156e-01 5.994944686543685064e-01 3.121559619019951271e-01 3.448961919246587571e-01 2.359223567306310831e-02 4.998142167901758331e-02 2.994114394227214149e-01 3.611306048406373592e-01
4.942219122494598271e-02 1.397283857568167899e-02 1.668082868488956760e-01 -1.185369003942943721e-02 8.858227584983435765e-02 1.602550015187592380e-01 2.995493205469754172e-01 3.700414746158518092e-02 3.759534941665095276e-01 1.144426184953406950e-01 2.185683445207436681e-01 1.385392973652883331e-01 1.000000000000000000e+00 2.817105423562145106e-01 2.384938923004935596e-01 8.926242503758081981e-02 -4.357847326467547550e-02 2.157579932702190229e-01 1.310655762882148856e-01 1.928951266994863023e-01 1.561891591591268724e-01 2.629849580882178198e-02 4.917811896022578760e-02 1.623167922804652219e-01 3.901190014396234140e-01 -9.771165727753194918e-02 3.545588075419274232e-01 -6.671683167232041189e-02 1.489207276259635337e-01 -1.316831206490179096e-01 3.979904763310360694e-01 1.132441822757025984e-01 9.657692348525692694e-02 8.575552328127016011e-02 -8.017634704735546181e-02 3.695027085471461973e-03 -1.473457433600961208e-01 6.686334197215740857e-04 6.868601776758602451e-02 1.496194070796102171e-01 1.366507911759920757e-01 1.018125065912985489e-01 3.329650759447260744e-01 1.213091580741386122e-01 1.688823295620570375e-01 1.188871083208934559e-01 6.133929870249339444e-01 1.948911741105205098e-01 2.214060287981594044e-01 6.947436679874476051e-02 -2.004563091112099293e-01 6.667022116996411396e-02 -1.185271961493802734e-01 2.045622619763496353e-01 1.311474962464469207e-01 -7.071811015785130217e-02 -3.414960670696206343e-03 1.971951095179199365e-01 2.788304876351401784e-01 -1.945148322156227960e-01 2.109943806075975647e-01 -8.520779234190910267e-02 1.361350651221390484e-01 -2.380402212133971573e-01 3.368752609285851629e-01 3.284459022345962570e-02 7.936050357926914545e-02 1.459713146564391682e-02
4.558334936957277317e-01 1.573149461751285616e-01 6.064239169475765800e-01 2.195693780532269324e-02 1.021113734787151284e-01 2.721520670872121794e-01 8.080355272378328957e-01 4.953852324546497155e-01 3.532629014014505020e-01 1.038908733285108799e-01 3.810733593961557752e-01 1.282677404978491420e-01 2.817105423562145106e-01 1.000000000000000000e+00 1.540403960251237603e-01 1.399504587311990733e-01 4.866067029869764471e-01 5.337620203382915651e-01 5.122039625235386140e-01 2.367780886594603174e-02 2.373102057066452941e-01 2.200026493486062218e-01 2.291904981573981426e-01 3.794548619950446899e-01 3.038368309285192637e-01 5.069000231341541651e-01 6.398873765277054426e-01 1.495254438263235730e-01 3.770231714715314708e-01 5.135998088256966687e-01 2.160819513059471231e-01 1.531609731929308438e-01 1.531066352080524828e-01 2.575871254016260381e-01 2.967391039741276160e-01 1.319460885449040555e-01 2.915515684204764146e-01 3.181375179048558099e-02 8.651149569311578080e-02 2.292009087180679749e-01 5.068980260873721111e-01 3.701943445887992401e-01 2.735916461062242733e-01 1.309842881827700534e-01 2.325022731220739436e-01 9.264575251169809844e-02 2.163293290129453261e-01 6.531904183565373501e-01 1.238227913985778111e-01 1.986699697991147762e-01 2.276352712784754651e-01 4.256452396036462527e-01 2.975495963731351057e-01 6.031187684553732803e-02 1.885384046120161250e-01 2.293845077392839549e-01 1.558300279384502440e-01 2.947970755401214116e-01 1.414345347799313146e-01 2.631569043579722877e-01 4.559850347437919282e-01 1.236479344820669984e-01 2.866450802859804581e-01 2.307835485317050461e-01 1.957494609943262187e-01 -3.715006609712659391e-02 1.327972015887873281e-01 1.493125208701932549e-01
7.122762178067908179e-02 9.409839467278520442e-02 1.741262776577329197e-01 1.320636671310039534e-01 1.169760114403002177e-01 2.805288744017231384e-01 3.453977277290565806e-01 1.594332877134651272e-01 2.636843944352933455e-01 1.649359806930819350e-01 9.327659106706509551e-02 2.492689727644473996e-01 2.384938923004935596e-01 1.540403960251237603e-01 1.000000000000000000e+00 1.092133924605631773e-01 -4.708490518725940571e-02 -1.585702845736430486e-02 -3.697376077175851261e-03 2.073088249133358263e-01 1.043458270797641557e-01 1.100696344717725372e-01 6.859604415656372911e-02 2.693910546743563672e-01 1.709277929146172104e-01 1.069386246714391399e-02 1.578957354915506150e-01 1.340555913296711255e-01 1.702856247066621975e-01 1.951166714406708455e-02 1.237245118591996373e-01 5.128163558621554041e-02 6.654793518903628913e-02 1.188264853434636142e-01 9.950167582879239359e-02 7.664784940239667554e-02 1.656454427945695529e-01 1.438149208976704507e-01 1.173916906470190563e-01 2.693769630327146891e-01 3.296583299046914051e-01 1.947499882787752934e-01 2.851913986023535963e-01 1.177187367087333403e-01 1.654165991716666506e-01 2.239445561907904558e-01 3.340604291877022902e-01 2.648665140075767144e-01 4.400509503587363702e-01 1.169024135524630165e-01 3.744451745651261598e-02 8.831214703336361105e-02 -1.421643805645067538e-02 2.264163246049923917e-01 1.084511891802418665e-01 3.879974348377641241e-02 6.128120736248641315e-02 3.695916653410500907e-01 1.726957371524929508e-01 5.025926249217793629e-02 1.791169429398839219e-01 1.582548947381730298e-01 1.728607007679821839e-01 5.323188365108384897e-03 6.216253223801360139e-02 5.950605905009457436e-02 8.351654551784783165e-02 8.792936958815449067e-02
2.843401120053477560e-01 2.517458177355633153e-01 1.310162661583153809e-01 3.209998439127226266e-01 8.707870721710941897e-02 1.866946380722484256e-01 1.473243231727316138e-01 1.190625239777084454e-01 1.187423637409666527e-01 1.213964641466895172e-01 1.110791076029130631e-01 2.968946700135972616e-01 8.926242503758081981e-02 1.399504587311990733e-01 1.092133924605631773e-01 1.000000000000000000e+00 7.147421156038397116e-02 5.408377588764583938e-02 3.857700766207061011e-02 1.723615623826920684e-01 6.068168461602690966e-01 2.822192005851593688e-01 6.280037658631295594e-01 2.403586455206078165e-01 1.313428952587810394e-01 1.125014066292628484e-01 3.095726992770937436e-01 3.541412663753519818e-01 3.331447835588107753e-01 2.183491291726155359e-01 1.355730653907766814e-01 1.365094508525064587e-01 2.384205308621035746e-01 2.885819626335168198e-01 1.140471515258301011e-01 1.395043082370755472e-01 7.525342939230786343e-02 3.097371162542797429e-01 6.567556432618144868e-02 1.742657615654558401e-01 9.968187354110048803e-02 8.457799900800766491e-02 1.501684036846494263e-01 1.270864735627356135e-01 7.219173445402092548e-02 3.230891301040454411e-01 6.118554652873628430e-02 1.247037782952440804e-01 1.040200321883733708e-01 7.375414102521412607e-01 7.059159600653073900e-03 4.367784454487790707e-02 2.820025526073198507e-02 1.906218767956460169e-01 6.130073931424490086e-01 2.746750157260015035e-01 5.777030329264908337e-01 2.686048611446603673e-01 6.848482879767804621e-02 5.025987590321485260e-02 2.337808812280648130e-01 3.051929889252795736e-01 3.292622798848829913e-01 2.412064653450487484e-01 3.208410594404781380e-02 2.766407907995889828e-02 2.672660308510197980e-01 2.365969567500349202e-01
4.295979582149216935e-01 2.997613328854689674e-01 6.763699318459733822e-01 1.016331068702299723e-01 9.437783062534484124e-02 1.612275536438360912e-01 4.382842177610419276e-01 5.228481251059918788e-01 6.270198389625647462e-02 1.070176368288337510e-01 4.899023455007716632e-01 1.582582867618663736e-01 -4.357847326467547550e-02 4.866067029869764471e-01 -4.708490518725940571e-02 7.147421156038397116e-02 1.000000000000000000e+00 4.223423011149995410e-01 7.908174213828397248e-01 1.098749204941460306e-01 2.098190371450227854e-01 2.446964719916031594e-01 3.302184472087158484e-01 1.705632564853777622e-01 4.534256667177468531e-02 7.175159829580625148e-01 4.866393807296334195e-01 2.760162771120637237e-01 3.033897443768841518e-01 7.795142761132044518e-01 -1.687711517671677819e-02 7.699569744392824322e-02 1.663674130912615456e-01 3.762939041621358172e-01 4.115656806686356917e-01 2.636323671956176118e-01 5.103965852112405388e-01 1.081554832168368091e-01 2.723302388875174437e-02 3.332163883949441213e-02 2.858849710377313058e-01 3.368628484232548126e-01 2.322983789819108805e-03 9.287581297346493570e-02 3.315716542018841140e-01 1.214730675658105552e-01 -1.429218326331409827e-01 2.653677309835622000e-01 -9.873286936787885326e-02 1.243393685903824847e-01 6.724038483496858065e-01 4.052207742895062581e-01 6.134683534853229148e-01 1.161437982678712594e-01 1.501080047838442844e-01 2.421117604700437909e-01 2.735113388159487458e-01 6.523559520780404519e-02 -3.853690662465547589e-02 4.533024001207710540e-01 3.226829097560110493e-01 2.023196400742999224e-01 2.136578525115767346e-01 5.059973922195156737e-01 -1.207720238383320766e-01 -9.614798223015043332e-02 1.896605889567243575e-01 2.729575671711147455e-01
1.444198719596272162e-01 -1.811258020473612354e-02 3.736103491858314141e-01 -1.162822089496878958e-01 4.240225680892539817e-02 3.729963279550072702e-02 3.468960080438043270e-01 1.861478772661799563e-01 1.071203647314804969e-01 -3.742989323221780629e-02 3.860716454373896434e-01 -3.673014480230161333e-02 2.157579932702190229e-01 5.337620203382915651e-01 -1.585702845736430486e-02 5.408377588764583938e-02 4.223423011149995410e-01 1.000000000000000000e+00 6.464015602508328406e-01 -3.320253528521827091e-02 8.898338349894509280e-02 -1.706944710970863602e-02 5.071654791584664923e-02 -4.254803281163048283e-03 1.690888910705412307e-01 2.983638322618035743e-01 4.693118675175700916e-01 -9.060498970564311028e-02 4.742662565707895378e-02 1.569337609325339999e-01 2.021834547651276404e-01 8.764061172623156815e-02 3.295660583803344118e-02 6.042657953123392600e-02 1.102665091112457231e-02 -3.680073280987729983e-02 1.895326460754587217e-02 -9.148695178027078934e-02 3.217647870297980772e-02 6.212333372031134116e-02 1.023113046109938723e-01 1.225694268901276057e-01 7.260246612268940469e-02 5.420235499293743486e-02 2.067104660092534962e-01 -3.727574187081292290e-02 8.487380843825935439e-02 2.139092620449310755e-01 -1.306983260483237687e-02 1.270377745997447461e-01 1.165050343245859349e-01 3.605343157518274277e-01 2.731555444482220429e-01 3.423306368677686562e-03 2.941196487810666602e-02 7.840107652117905487e-03 -9.531948776192483708e-03 -3.237260188765873209e-02 2.689430796606649340e-02 1.226681581259100873e-02 2.125793118747312249e-01 -7.576585963702001103e-02 -1.428296423451717347e-02 -3.930346603698489649e-02 1.362274014106173159e-01 -9.578201058124262424e-02 2.362212714416693851e-02 -5.785496198752770880e-02
3.648610056284882219e-01 1.900200597701168226e-01 4.370232323518770112e-01 -5.154938080772153257e-03 7.376821878459779991e-02 1.309038327650720313e-01 3.367353320903636593e-01 3.495981649010385106e-01 8.781319582337750174e-02 8.103544811141623339e-02 4.649337084009579346e-01 5.122963655978477610e-02 1.310655762882148856e-01 5.122039625235386140e-01 -3.697376077175851261e-03 3.857700766207061011e-02 7.908174213828397248e-01 6.464015602508328406e-01 1.000000000000000000e+00 5.126844962285594803e-02 1.329972515069440808e-01 1.285915491838802993e-01 1.858355920619360335e-01 8.494432632864355737e-02 8.768355638332116231e-02 3.998604965305629366e-01 4.804323755984650224e-01 5.899678890943235027e-02 2.437961636376861918e-01 4.209105224245253685e-01 9.585258119692159628e-02 1.331290565613062749e-01 1.182968058787663423e-01 2.510361456090877130e-01 3.116365404391494565e-01 1.542058258609157184e-01 2.306116076669707249e-01 1.227477098078080418e-03 3.352312358045594909e-02 4.603818569744299455e-02 1.364209655468550941e-01 2.509840893301914511e-01 1.383482252800462796e-02 1.072331663303623533e-01 3.328499059865673293e-01 1.859125602131992197e-02 1.023401546981469838e-02 2.587241341765286751e-01 -3.324436262045762230e-02 7.413094110690182648e-02 4.054914453158031118e-01 2.945732831128679563e-01 5.428069340370530460e-01 5.863053713421988861e-02 6.885775475414059044e-02 1.370362024064804285e-01 1.354388767074903022e-01 -7.315207010917794232e-03 -3.221934643617151844e-02 1.606250904492083076e-01 2.525849363178611640e-01 3.745873876663400465e-02 1.514432899685969336e-01 2.185379609045924598e-01 5.763148672129114573e-03 -5.116666865671341130e-02 1.355314586645642583e-01 1.442691558190582757e-01
1.627420895422998504e-01 2.589116332988425917e-01 1.807005876866825400e-01 7.575046404640700670e-01 6.943619352346849793e-02 4.207911741305038755e-01 2.476059745657347710e-01 8.239531153991931645e-02 2.346726651665609342e-01 5.515301122302849191e-01 1.998226755465046522e-01 9.821030109372026473e-01 1.928951266994863023e-01 2.367780886594603174e-02 2.073088249133358263e-01 1.723615623826920684e-01 1.098749204941460306e-01 -3.320253528521827091e-02 5.126844962285594803e-02 1.000000000000000000e+00 2.704211324172480224e-01 3.251888068787892050e-01 2.456049952177088436e-01 3.837793545031906173e-01 1.747735821339286011e-01 1.307360154330762525e-01 2.206618840981843244e-01 4.456254458263901319e-01 2.410942074619994713e-01 1.628987775062421817e-01 1.123852411350429598e-01 8.413251639113307478e-02 2.512581000208690130e-01 2.907282360050301162e-01 1.281406947157925080e-01 2.529467011548890976e-01 2.144080136588014940e-01 6.672114561664135302e-01 2.122677543002719422e-02 3.384750012219930326e-01 2.777357514366567970e-01 1.790405646466054768e-01 2.643346489390883680e-01 4.323589243460165821e-01 2.271741580613389211e-01 9.043092659922676857e-01 1.642665085115479207e-01 1.598341572426586199e-01 1.315953485029152659e-01 1.702387776900275984e-01 1.618722066161555617e-01 6.622092373603273574e-02 1.611118870583030660e-01 1.319500582908790909e+00 2.544887517356174134e-01 3.051095805563409091e-01 2.415401448160442721e-01 4.475507826119741739e-01 1.921136183287139587e-01 2.155564343361731916e-01 3.326411622955326997e-01 3.622990813631671858e-01 2.079132943310241233e-01 1.901234920531766626e-01 4.549545733032869105e-02 4.058682839331851505e-02 2.936739355079963643e-01 2.539717722674448841e-01
4.904445589702312591e-01 3.539421142360896222e-01 2.813405601150143487e-01 4.349433352475550740e-01 9.393528227129693819e-02 3.016800179146676975e-01 2.505228323279392044e-01 1.869573809824232880e-01 1.998296553186859337e-01 2.492956820039153032e-01 2.180661720516033075e-01 4.443494647907806350e-01 1.561891591591268724e-01 2.373102057066452941e-01 1.043458270797641557e-01 6.068168461602690966e-01 2.098190371450227854e-01 8.898338349894509280e-02 1.329972515069440808e-01 2.704211324172480224e-01 1.000000000000000000e+00 3.041210076756219460e-01 1.103625952820644018e+00 2.684916553154125807e-01 1.762117205859910773e-01 2.186926912959311908e-01 4.596628527672341202e-01 5.225211230480316660e-01 5.795897192611348947e-01 4.100006825772630759e-01 2.057303086544699788e-01 2.058809617818968540e-01 4.176637868051142899e-01 4.830847809140895177e-01 2.268368501754341737e-01 2.237575002122033085e-01 1.400121440476089218e-01 4.299213830450468454e-01 8.757021458206527831e-02 2.632688407895490967e-01 1.631447829785260262e-01 1.469180680056939303e-01 2.094695927643441535e-01 2.465360479441363051e-01 1.756704267367349692e-01 4.498291944177397750e-01 9.302158163327610418e-02 2.345094747868730067e-01 6.366991602608858269e-02 6.252775816942092169e-01 6.339387525785555866e-02 8.713717491479040789e-02 8.365989825027113358e-02 2.715325814170917451e-01 1.206172388223729186e+00 3.172845838372921334e-01 9.156642991235282025e-01 3.019441857046455957e-01 7.147328334435711084e-02 1.052648432291261732e-01 3.642267596728928081e-01 3.834323422876054210e-01 5.425515962944581494e-01 3.818488152876062247e-01 8.137818201791395534e-02 4.521410451974192807e-02 4.548566529448698770e-01 3.997075451246117073e-01
2.840807802163632378e-01 5.226171328213796707e-01 3.121963351681559806e-01 4.386768988407985792e-01 1.086874708775380088e-01 2.742959328740761094e-01 3.511014526745053765e-01 2.421303798969920429e-01 3.521323924791470161e-01 3.571278838840718506e-01 3.109000430997241882e-01 3.986361251561789665e-01 2.629849580882178198e-02 2.200026493486062218e-01 1.100696344717725372e-01 2.822192005851593688e-01 2.446964719916031594e-01 -1.706944710970863602e-02 1.285915491838802993e-01 3.251888068787892050e-01 3.041210076756219460e-01 1.000000000000000000e+00 3.696883441812059412e-01 6.199442029748355454e-01 2.970929673765965173e-01 5.069507083012856352e-01 4.789851548581871010e-01 4.537000316778803111e-01 3.289293409256640599e-01 4.817565412514699941e-01 6.824146043530382455e-02 1.353214359894913121e-01 2.300420530642201256e-01 3.965749308973438580e-01 3.143964867126487484e-01 4.854109328734519946e-01 3.682041813046656453e-01 4.085338656166278004e-01 6.445767564867821431e-02 1.992991803782091786e-01 3.597363392355302225e-01 2.277367272062905401e-01 3.258541973776126754e-01 2.932422840710840473e-01 2.215983519959685843e-01 3.756424238062347487e-01 3.362017213153010303e-02 2.765217399179816238e-01 3.894008889965514669e-02 2.657097454998668118e-01 2.939898244055077492e-01 4.621594662538528603e-02 2.901982258203606446e-01 3.501988909035471664e-01 3.045197215797799672e-01 6.912214132460506866e-01 3.665432926706582717e-01 4.974306103297232995e-01 2.471895714148306944e-01 4.217614915898840189e-01 4.878706004848096800e-01 3.864280403615165116e-01 3.036237325407253329e-01 4.541954434345363834e-01 -2.409053767384577993e-02 2.693012979591610789e-02 3.095285075470871061e-01 3.849926062978167862e-01
5.152794737466823705e-01 4.951197038539429940e-01 3.172769752709839186e-01 4.092697843030944083e-01 1.067944263713007658e-01 3.229873541051852537e-01 2.233146673386426639e-01 2.977433334508874374e-01 1.026086854691489192e-01 2.846118882256460925e-01 2.462490788442750489e-01 4.136984037996245256e-01 4.917811896022578760e-02 2.291904981573981426e-01 6.859604415656372911e-02 6.280037658631295594e-01 3.302184472087158484e-01 5.071654791584664923e-02 1.858355920619360335e-01 2.456049952177088436e-01 1.103625952820644018e+00 3.696883441812059412e-01 1.000000000000000000e+00 2.457707805035984627e-01 1.371620363227462891e-01 3.295933618708912216e-01 5.175680011481172960e-01 6.536039871922576516e-01 5.599827393050663682e-01 5.595899462160558446e-01 9.818222714216263969e-02 1.589211294006332431e-01 3.534140273335549254e-01 5.255834144036224398e-01 3.256106327616161145e-01 3.218131978075559063e-01 2.634320689136161464e-01 4.062312295365146930e-01 7.560575198303816358e-02 2.388253860457900390e-01 1.579923530288016853e-01 2.200479392751337748e-01 1.270627756731776692e-01 2.485497764695340228e-01 1.629360110822376251e-01 4.192520759158182009e-01 -4.325166313382843193e-03 2.290124481072205176e-01 4.714333740681766333e-02 6.309581090574131190e-01 2.189226803834062041e-01 8.465498843452258504e-02 1.999319356346806187e-01 2.484787231597128943e-01 9.305999165177007981e-01 3.778705278686246838e-01 1.097637830567454786e+00 2.546352207158632530e-01 5.450244001311631975e-02 1.966543454478627828e-01 4.310520826796745975e-01 4.994983468730447851e-01 5.066021798807249787e-01 5.564006018070065673e-01 -2.790723875828246200e-02 4.653667493893569491e-03 4.035704903975740332e-01 4.621501020957525796e-01
