1.000000000000000000e+00,-2.089494877691860236e-02,5.409833894844763291e-01,-5.969724152280869028e-02,-1.523351671440466466e-02,4.860748315066756170e-02,4.990314841656046663e-01,2.062806420332097823e-01,1.339324407690352936e-01,3.894049853890388380e-02,2.449865354593278310e-01,2.232659653989991668e-06,1.017545787425773451e-02,5.843656947634968679e-01,-1.067753385217602435e-01,1.658317568585584989e-01,5.365591203488746519e-01,4.044810715701283033e-01,5.717957838681624327e-01,-2.235592575079026201e-02,1.258896279785642058e-01,6.435764992581240185e-02,2.256841032922191348e-01,1.673062710174818835e-01,5.827718728781190044e-02,3.435948598996168557e-01,5.192837128230892718e-01,7.375078857144380835e-03,3.943239393391895220e-01,1.495920266373073626e-01,1.701544640345675208e-01,2.135991564367723805e-01,-1.858549018935008647e-03,-3.524340787636954381e-02,4.202853866579862596e-01,9.609677071537574972e-03,1.228406173790381334e-01,-7.003527044965709991e-02,1.168151528340037777e-02,-5.589075219827100566e-02,9.314862867186647633e-02,-1.148214405037191292e-02,-6.287050665112456360e-02,7.066660784023140462e-02,-7.385775661338589600e-03,-5.611884648436808731e-03,-1.211563729561070391e-01,2.318100840670545282e-01,-1.137810191068526211e-01,1.007170273164673668e-01,-8.178308907546569598e-04,2.623798051029256895e-01,1.903858414504681351e-01,-3.460654794482700969e-02,1.894348948082727746e-01,-4.853799350534823004e-02,8.253491147056336852e-02,-4.824586294557035859e-02,-9.177276368552919616e-02,-1.814958850796397766e-02,1.948807124821856362e-01,-4.417823651431553728e-02,1.327520735607798097e-01,-8.980550975648184109e-02,9.020065576154392972e-02,9.268824090540971061e-02,5.190217209510895879e-02,-5.633847880557470850e-02
-2.089494877691860236e-02,1.000000000000000000e+00,-7.968874220693471233e-02,2.530138372087981091e-01,1.045851019642837082e-01,1.863574494643854274e-01,-5.319931339373971252e-02,1.715170236463189335e-01,-2.345493968000906398e-02,1.303876447558127427e-01,1.566904917662991503e-01,2.510758967414531972e-01,-6.871769487330048332e-02,-1.021712350196883334e-01,3.326297613182362112e-02,7.525943766194884144e-02,2.217324743501624951e-01,-1.762990854034653665e-01,1.865210345353348065e-01,1.749687173703386445e-01,2.595341189349056332e-01,3.224268343763520006e-01,2.925359101149905272e-01,6.627098747529308609e-02,1.258747412586427514e-02,1.361676957004314126e-01,1.648767316031219399e-01,3.840242447302797957e-01,8.230300425912183415e-02,3.324589500406831544e-01,-9.399411353870511243e-02,-9.108070306873784425e-03,6.645605891157610468e-02,4.144483683321484313e-01,3.550656817248436931e-02,4.359326130688096490e-01,-3.498402175549471943e-02,2.565491172422570965e-01,6.312257255537569167e-02,2.319930791212968524e-01,-3.153813412164982455e-02,2.184879435292323424e-01,1.140941529947675287e-03,1.489567064447601119e-01,1.387932704561001263e-01,2.652723108853274336e-01,-7.740518971379312108e-02,-6.011788623554095018e-02,2.525215240289079358e-02,2.033303448794356039e-01,3.317568190091630398e-01,-1.371225395877350428e-01,2.747208562577478363e-01,2.111920746980923413e-01,2.342183272952647888e-01,2.523943813401039460e-01,2.953067457162077969e-01,1.770244355710848538e-01,4.476473394533106442e-02,8.828263951523805664e-02,1.888902493162809282e-01,3.756367179163710435e-01,1.548481277293492775e-01,4.201611455454264399e-01,-1.770838740374134357e-01,1.286284174144291213e-02,2.839385904660609097e-02,3.942677909814308324e-01
5.409833894844763291e-01,-7.968874220693471233e-02,1.000000000000000000e+00,-1.096653524845360786e-02,-2.833381487018795178e-02,6.977522608263891923e-02,7.438597596558043090e-01,2.344082571741442911e-01,2.113449910274002586e-01,-4.617509764767771530e-02,2.862144676143866806e-01,5.661116919370701855e-02,9.707015735551369207e-02,6.624993110120662720e-01,6.999302920885541734e-02,7.565748607755791444e-02,5.319485509911522358e-01,5.331552555078562516e-01,3.815007377445361891e-01,3.938943486522761619e-03,6.189989885684025334e-02,1.024302840791600500e-01,1.642463016621929783e-01,4.579514678203854272e-01,-5.249527635130817743e-02,6.329924699981706038e-01,5.909236112770697158e-01,9.421097690636272282e-02,2.079747927522826445e-01,3.053979831600328043e-01,3.213152208906338569e-01,1.534582756974471052e-01,1.132783264048657992e-02,-6.542822280466434326e-02,2.550783666353140799e-01,-1.002781321378425766e-01,4.603296288877785081e-01,-5.336540581232876446e-02,-8.674439137561856805e-02,-5.255125086649184429e-02,3.545094381424978014e-01,-1.465082949923398811e-02,6.952861977043781061e-02,-1.869015495782691549e-02,1.117924073888337672e-01,4.957283707935233180e-02,-7.343080730256178537e-03,3.672392915298293703e-01,1.425532389849160086e-03,5.762404866113255558e-02,-9.449300840720731634e-03,3.569601181623158204e-01,7.536997592139400848e-02,-1.036729687877083368e-02,1.363536892077819862e-01,-4.892529991531008315e-02,5.826415860948374464e-02,1.883087324743648872e-01,-1.601621533787992990e-01,2.017745508487693851e-01,3.132715014714945179e-01,4.571966695277339399e-02,1.199410138069129800e-02,-4.136002214573717556e-02,2.536232355059726551e-01,3.960718685647254128e-02,4.243225140153106950e-02,-1.093996478247077769e-01
-5.969724152280869028e-02,2.530138372087981091e-01,-1.096653524845360786e-02,1.000000000000000000e+00,-8.069253054755770593e-02,2.847384999717801346e-01,9.419470490618446490e-02,1.617846763564345300e-02,2.205767660239223507e-02,4.456254585033289639e-01,-3.561621621168056112e-02,7.707673128673702134e-01,-1.061166640412188056e-01,-1.523851611494258795e-01,9.820351710876443208e-02,1.273415803552590542e-01,6.985394683867751642e-02,-2.476621802687835328e-01,3.068461954740830250e-02,7.574397625375731691e-01,2.106671986590179513e-01,2.067697969169737249e-01,2.623567593975804080e-01,2.966533834647260282e-01,-8.195965228456748852e-02,2.027862459314721255e-01,2.580638104849290390e-02,4.076468187254310149e-01,5.396713241769812708e-02,1.639996248329289030e-01,8.633407752235816579e-02,-8.472171149515066169e-02,3.339242014784230689e-02,2.264490258357436392e-01,8.378033630247500030e-03,2.340761276070980057e-01,1.899916875852344644e-01,8.524812074497536418e-01,-1.046919997425638585e-02,3.521739403017111192e-01,2.412902657352243574e-01,1.811519598443065149e-01,1.601223642796085755e-01,4.135661716726577453e-01,6.108978364218846380e-02,7.811108470328453901e-01,-1.929720911550732512e-02,5.050852884522775282e-02,1.915419054701029411e-01,1.967179852044139143e-01,2.198277943140038992e-01,-1.328192945120051371e-01,1.418037675499503880e-01,7.591464404066901039e-01,2.075412030752039894e-01,2.234557183425512905e-01,3.017699256525823159e-01,4.663575268905715276e-01,-6.860397334193901742e-02,2.430782513564606895e-01,1.542883639817609065e-01,4.083273834403711167e-01,9.015328643035999678e-02,2.765629988711718612e-01,7.728469807521888557e-02,-6.050620187187340931e-02,-2.471653632529093036e-02,2.109706633454158098e-01
-1.523351671440466466e-02,1.045851019642837082e-01,-2.833381487018795178e-02,-8.069253054755770593e-02,1.000000000000000000e+00,1.498389522136400198e-01,5.491295074100718820e-02,1.885561916174464392e-01,5.777084694309046059e-02,-1.868463145057491781e-02,1.468879741390384241e-01,-5.438820387467285800e-02,9.155860124955092494e-02,9.453304634799301887e-02,1.084509766820069415e-01,4.393808956381901193e-02,7.722660779105576523e-02,4.153390828844948091e-02,9.496091297266141817e-02,-1.357860958436722942e-01,1.125307178903837829e-01,1.479644821079445505e-01,1.273295874522005766e-01,4.303622770535163455e-02,1.156550961879551503e-01,-6.665226237411491297e-03,8.529616057977254528e-02,7.760501752728200808e-02,5.238065879828356086e-02,1.537742867367073718e-01,-5.085294120183130040e-02,1.956328263548857138e-01,4.425103880908733828e-02,2.196295689253490169e-01,3.572740505845874159e-02,1.422284180546992682e-01,-2.080800281271024885e-02,-7.897559735967363270e-02,1.751813950754646243e-01,1.600077275420316025e-01,-6.327111796477082051e-03,1.228389268361057829e-01,5.792643356839358160e-02,-1.909416702608838362e-02,1.258395147652329460e-01,-6.781469613736886004e-02,9.579408198543351571e-02,2.755804501537831991e-02,5.571115125297392695e-02,7.503469495018685875e-02,1.333314312006022018e-01,4.508591523187344824e-02,1.345051520130749190e-01,-1.205632243726521141e-01,8.347223538790242425e-02,8.582389523748949756e-02,1.138761429915186862e-01,5.601161764782284364e-02,6.880298022171783823e-02,-2.259645578557022486e-02,8.008427646481912354e-02,5.294596265612432767e-02,9.878702744784902123e-02,1.643132138816830179e-01,-5.775331248481523766e-02,7.575393402706778745e-02,6.813056981878516660e-02,2.127547643943939748e-01
4.860748315066756170e-02,1.863574494643854274e-01,6.977522608263891923e-02,2.847384999717801346e-01,1.498389522136400198e-01,1.000000000000000000e+00,2.534185603348517724e-01,6.000208503837007878e-01,-8.420806004284359103e-02,6.245688010915334543e-01,5.678603182141202937e-02,4.252599178266770474e-01,1.875798457406461367e-02,5.986435021324652134e-02,2.196307257465783536e-01,4.220677357279627867e-02,2.043172577489564545e-01,-8.250983159522730370e-02,2.331754279320634171e-01,2.717279927991370081e-01,2.044539045695759616e-01,1.432090944092251628e-01,3.942940218016536269e-01,1.823481749401705543e-01,-9.110680497481817020e-02,7.863160474865066307e-02,5.671995065434299460e-02,6.227505642576783851e-01,1.270079862315834918e-01,3.075826985602262420e-01,7.064334168901997835e-02,3.003950829582613738e-02,1.279168357468145611e-01,2.872313533636218774e-01,2.682207929963411827e-02,2.522427873000078757e-01,1.566173663871975597e-01,3.232227510082799071e-01,9.362569356342891058e-02,7.951573772976736620e-01,1.374246666481014623e-01,5.215636376157053444e-01,2.710284784051635379e-02,6.519699969598242717e-01,1.617651068873231235e-01,4.496960438523729953e-01,-1.693584380498196901e-02,6.530719579614682746e-02,2.284423418135641537e-01,1.251457325165418188e-01,3.356992831685961520e-01,2.330257083756678144e-02,3.775996775778714398e-01,3.187518103333377706e-01,1.496960026515962161e-01,1.038120253454508438e-02,4.265705851750482558e-01,2.927642405382862023e-01,-1.326746696796471947e-01,5.595622800481257764e-02,8.295089738699744364e-02,5.693780695900411137e-01,1.460874931208297756e-01,3.314301829994438231e-01,-1.491367592430998222e-02,3.265479520103750644e-02,6.192548882714896119e-02,2.913937045983800989e-01
4.990314841656046663e-01,-5.319931339373971252e-02,7.438597596558043090e-01,9.419470490618446490e-02,5.491295074100718820e-02,2.534185603348517724e-01,1.000000000000000000e+00,4.270109904306809701e-01,3.305896121107525509e-01,8.796673046097237825e-02,2.686551146173337123e-01,9.801131342974693517e-02,2.246287323276892345e-01,7.692045622613424838e-01,1.898557882523680407e-01,1.075159734980075249e-01,4.019198356863808996e-01,5.409338164779999847e-01,3.323571203855569256e-01,1.429631546426386778e-03,1.228981197574844364e-01,2.569578645773176739e-01,1.944438790659210325e-01,5.986418514232206833e-01,3.285400468875909752e-02,5.404470821118450008e-01,5.375381906183329672e-01,1.942759169882834203e-01,1.945801839722250681e-01,3.875588135841310788e-01,3.212327019275865725e-01,2.404383301991332156e-01,7.192963698513958615e-02,4.277716490774390729e-02,2.853501198089496427e-01,-4.162753709607062980e-02,4.802550600681056991e-01,4.555178776471630747e-02,7.945768068661931971e-02,1.485157851707815668e-01,5.605316856106615786e-01,1.525023476006813761e-01,2.197420313792737834e-01,1.248369562210904365e-01,1.635174868611976584e-01,1.068107844923009420e-01,1.746100606981867975e-01,5.557791747945661776e-01,1.084521582461290129e-01,1.254065929461405382e-01,3.589825351659783892e-02,4.232991279104069138e-01,1.506653217217597263e-01,2.345974610922571882e-02,1.828842370249476046e-01,9.668684686820078200e-02,1.334907718462168824e-01,4.045931709680712918e-01,-6.993049685124545778e-02,2.738053782316896001e-01,3.498938901834519610e-01,1.481588418694491094e-01,6.492690955457049162e-02,7.880355052872033139e-02,2.779441743077630811e-01,1.018111091407771784e-01,2.276834885992010810e-02,-1.176187974483275910e-02
2.062806420332097823e-01,1.715170236463189335e-01,2.344082571741442911e-01,1.617846763564345300e-02,1.885561916174464392e-01,6.000208503837007878e-01,4.270109904306809701e-01,1.000000000000000000e+00,-1.613241352376513713e-02,3.250927531274572235e-01,2.238592485893109163e-01,1.125054240175459852e-01,4.821375659155591881e-02,3.345836707797950615e-01,1.198047841221562965e-01,5.009847520708652496e-02,3.743873331026484896e-01,2.169544128996259147e-01,4.365637734065078157e-01,-3.418936747574933838e-03,1.583639222906647881e-01,2.843645509303280305e-01,3.778852627923294238e-01,1.104117521004469860e-01,-7.023712710475440990e-02,2.940508763881631293e-01,2.023267958246327269e-01,5.520295985170560193e-01,1.341135860515189626e-01,5.826679335098861046e-01,1.412682349936533466e-01,1.086095187345805929e-01,9.317448524983655556e-02,3.112642017220469959e-01,1.040454684889838277e-01,1.900453559738601861e-01,2.259045904161895990e-01,4.358507484845035307e-02,1.080510131849383992e-01,4.829107282078112795e-01,2.223285123630843463e-01,5.077706420078813565e-01,-1.132743503273519678e-02,3.397610033840370858e-01,2.119700763734387317e-01,1.350461424891134798e-01,-2.775732931435046999e-02,1.990324546673024886e-01,6.214776195281603022e-02,1.295537668205615778e-01,3.706773931125674770e-01,1.579685794363020479e-01,3.994876173355637050e-01,4.184364788062848450e-02,1.540269838451096829e-01,9.060210615883486363e-02,3.511283445798571434e-01,1.587950949849213922e-01,-1.418951960895154241e-01,1.904186026752129335e-01,1.385082722745944461e-01,4.760902107522769211e-01,1.391245372742320463e-01,4.437271392294506733e-01,3.234613884063067962e-02,-4.190456669091139653e-03,3.242038173641643289e-02,2.888269081330483434e-01
1.339324407690352936e-01,-2.345493968000906398e-02,2.113449910274002586e-01,2.205767660239223507e-02,5.777084694309046059e-02,-8.420806004284359103e-02,3.305896121107525509e-01,-1.613241352376513713e-02,1.000000000000000000e+00,-9.706077073794389110e-02,1.576090962101465986e-01,2.386459098927638453e-02,2.857657403500265536e-01,2.577408125880610856e-01,1.984790955290513248e-01,8.357821115276720114e-02,-3.771909895964170589e-02,1.184063188326668487e-01,-5.577705085015202680e-02,5.178729871780834992e-03,6.278667782261049268e-02,1.862353794493093739e-01,-4.850297400919142965e-02,4.513641066493968013e-01,2.765848644680423130e-01,1.416604456355589348e-01,2.718821425048897344e-01,-1.433450236836705527e-01,9.829155035616943259e-02,-5.634962383657816931e-02,1.283665336740276441e-02,2.083339577955216071e-01,4.709788556007067639e-02,1.081698574511210688e-02,4.390835150653194657e-02,-4.139788340016985202e-03,3.779278117568673351e-02,-2.932820366201690111e-03,1.468028622337620437e-01,-1.233443145685359232e-01,1.779241064956083584e-01,-1.404323500405221248e-01,3.435611624754809079e-01,-8.756933607576937451e-02,3.712687547773279445e-02,-2.610627154762421714e-02,2.955806597618996778e-01,1.741469205529784792e-01,1.224377435495813266e-01,7.734791755002255742e-02,-1.746543362730278159e-01,4.038237776430668446e-02,-1.475288332742841213e-01,-1.498260945414027663e-02,9.369613921323180494e-02,1.485989279072417457e-01,-6.118572190721862508e-02,2.600402272900554923e-01,2.634280892867711388e-01,2.403586211601271491e-02,1.592081528418060332e-01,-1.484277291254041398e-01,6.587078346043527544e-02,-1.179664481260543768e-01,-5.473611321848021079e-03,1.134460715065658265e-01,-2.912495354848307003e-02,-3.746754315983746170e-02
3.894049853890388380e-02,1.303876447558127427e-01,-4.617509764767771530e-02,4.456254585033289639e-01,-1.868463145057491781e-02,6.245688010915334543e-01,8.796673046097237825e-02,3.250927531274572235e-01,-9.706077073794389110e-02,1.000000000000000000e+00,-1.259793028106714202e-02,5.416784217446566352e-01,-1.372493579231584548e-01,-1.275282457773362355e-01,4.810922451355909707e-02,8.669544454645915221e-02,9.819486040421800122e-02,-1.380279787140794301e-01,1.181599719426679879e-01,5.323031837650940012e-01,2.009211715730345738e-01,7.886495665811731060e-02,3.483614826797971631e-01,5.580697910970966458e-02,-9.756013528107146393e-02,1.397171977692398537e-01,-8.142315504541182414e-02,5.242010189785174523e-01,1.333429704183035913e-01,1.607519510911701865e-01,1.245549619293563615e-01,-6.485346916762430025e-02,1.140222198365206663e-01,1.885811722903059373e-01,-1.268515217830202234e-02,2.064854006027121436e-01,1.219085133035095747e-01,5.380113618572377465e-01,1.604344750084050683e-02,5.944041768364923817e-01,1.085051892912416438e-01,3.860230133754535276e-01,3.567861991467162486e-02,8.855746533119136510e-01,1.033869442569942398e-01,5.639759170734128801e-01,-8.711109986119588977e-02,-1.659126617030421899e-02,1.322370462597159124e-01,1.238477513787388240e-01,2.646542403790031472e-01,-2.953266691454052573e-02,2.508271659587062441e-01,5.833335354469824097e-01,1.633715297377180686e-01,6.537936229562206492e-02,3.740744885781648321e-01,2.018493205194683837e-01,-9.437923931329272875e-02,1.627429402940341330e-01,-2.132921613727912363e-02,4.471470279780094814e-01,1.402418798008465695e-01,2.301326265375327751e-01,8.487980809545422889e-02,-3.376904214192461007e-02,5.249512334268637698e-02,1.996024711657519157e-01
2.449865354593278310e-01,1.566904917662991503e-01,2.862144676143866806e-01,-3.561621621168056112e-02,1.468879741390384241e-01,5.678603182141202937e-02,2.686551146173337123e-01,2.238592485893109163e-01,1.576090962101465986e-01,-1.259793028106714202e-02,1.000000000000000000e+00,-3.270157704217369413e-03,2.450736760611894327e-01,3.055123999539824386e-01,8.019667731910719299e-02,3.741581058690150730e-02,4.293113896963316467e-01,3.502373331343367480e-01,3.940382523533152992e-01,-5.346967291128731925e-02,8.429579128295225376e-02,2.965006049909826857e-01,1.730627694324226029e-01,1.615220672638840449e-01,2.113492020306512453e-01,3.467742299879749690e-01,4.178464063453046773e-01,6.424445709362232304e-02,1.511301849013971244e-01,3.167160465610197595e-01,8.572494594306571958e-02,1.735425703730336389e-01,4.475335118288398251e-02,2.601630131118934375e-01,1.568022753888244636e-01,2.113034038641654344e-01,9.143078280916598632e-02,-5.351116841021264642e-02,1.231369872760695316e-01,6.437159517330321400e-03,3.645700654785934830e-02,7.544438388822058417e-02,6.737155978026858338e-02,-3.862058130541237005e-02,4.068538021052331422e-01,4.926143176808999748e-03,1.002919862813042712e-01,1.497156747854382908e-01,-2.395493968670545787e-02,8.293341582662511202e-02,2.900156062264346302e-01,2.445768419795774640e-01,3.353340397881120483e-01,-2.334364186555824838e-02,1.188507794151142105e-01,1.483957473685633410e-01,1.498479618978713346e-01,7.134437706805110690e-02,1.143274617489405676e-01,1.448231598740815362e-01,2.478158172261148429e-01,4.696444925021318190e-02,1.526244177931090074e-01,2.171741748790720905e-01,-1.347407136799039402e-02,2.631357059711716961e-02,5.014639552703922809e-02,2.160309420078123932e-01
2.232659653989991668e-06,2.510758967414531972e-01,5.661116919370701855e-02,7.707673128673702134e-01,-5.438820387467285800e-02,4.252599178266770474e-01,9.801131342974693517e-02,1.125054240175459852e-01,2.386459098927638453e-02,5.416784217446566352e-01,-3.270157704217369413e-03,1.000000000000000000e+00,-1.083360990012307984e-01,-1.326739041027391597e-01,1.478042104310206550e-01,8.992348772681144076e-02,1.529820907235298344e-01,-2.088177518515209885e-01,1.203770153538322313e-01,8.259248585001036647e-01,2.471790226518103817e-01,1.923028919291567274e-01,3.385485314024491155e-01,2.627358275728137182e-01,-9.870554991172782178e-02,2.073127912778602588e-01,8.525709224456620716e-02,5.056210990263866334e-01,1.066438742896125003e-01,2.001278166297580097e-01,9.641282025148352475e-02,-1.042986249142345140e-01,6.123864722682698103e-02,2.488262525060671027e-01,-1.657668867824641651e-02,2.508802947006671946e-01,1.692781421052960422e-01,8.025504170754054201e-01,-5.896256561235962979e-03,4.563949922211180676e-01,1.233215252226883413e-01,2.258632030566271320e-01,1.057151184215881223e-01,4.919583755973448436e-01,8.578028028669797134e-02,8.727829781268753306e-01,-7.715844602962423915e-02,-4.052683786235141555e-02,2.199610101909200421e-01,1.592306710299781214e-01,2.504712081955368652e-01,-1.402304251726852191e-01,1.806624739191934059e-01,8.050648540837253009e-01,2.201407026894924290e-01,1.429647091767092815e-01,3.529608618643182427e-01,3.856294839917698836e-01,-1.189442057879904757e-01,1.619514213752938081e-01,1.150971564572042527e-01,4.846134278674703588e-01,1.123028716403860483e-01,2.875436189709631996e-01,2.905448863952741698e-02,-5.520885175091858749e-02,1.198814929302789191e-02,2.290776405577831798e-01
1.017545787425773451e-02,-6.871769487330048332e-02,9.707015735551369207e-02,-1.061166640412188056e-01,9.155860124955092494e-02,1.875798457406461367e-02,2.246287323276892345e-01,4.821375659155591881e-02,2.857657403500265536e-01,-1.372493579231584548e-01,2.450736760611894327e-01,-1.083360990012307984e-01,1.000000000000000000e+00,2.742454849762436253e-01,2.264798312133895208e-01,-1.089540880750636438e-02,-7.388767060615973603e-02,1.794347490357291186e-01,-2.007504309077640450e-02,-1.371432914455840146e-01,1.809686368440770882e-02,7.413445180683665703e-02,-8.249206946527289086e-02,2.874835328958917358e-01,4.060316935985778253e-01,-1.759474724111772387e-02,3.088998756575198068e-01,-2.142967044216063377e-01,6.083500708782361988e-02,-1.245642228119413913e-01,-2.658160067315566352e-02,2.860181492346732246e-01,5.845923244516623013e-02,2.496847535122776601e-02,2.649723423822445550e-02,-1.314338892945259539e-02,-1.316044232955218551e-01,-1.322014907413147922e-01,1.579972432309722230e-01,-4.523335664078193680e-02,-3.356040516579533728e-02,-1.122673725854465704e-01,2.132248756328542771e-01,-1.104543125449610336e-01,7.613345347008651509e-02,-1.119242372057124429e-01,4.278909335280175474e-01,1.007526480935901081e-01,1.071932971945933344e-01,1.402464926197195642e-02,-1.933786226145518539e-01,7.378027038778676994e-02,-9.660608873129249152e-02,-1.504387899669812068e-01,3.225478757121746920e-02,2.111275464676668975e-02,-8.143773965900492906e-02,5.435266862869780197e-02,3.241160793225697501e-01,-1.667938693456310351e-01,1.027080385731197892e-01,-2.104877447927732126e-01,8.018670670608364637e-02,-1.439404522618257798e-01,-1.191603489202143623e-01,1.189992352415939619e-01,6.781186853231487011e-02,-6.034713901854571634e-03
5.843656947634968679e-01,-1.021712350196883334e-01,6.624993110120662720e-01,-1.523851611494258795e-01,9.453304634799301887e-02,5.986435021324652134e-02,7.692045622613424838e-01,3.345836707797950615e-01,2.577408125880610856e-01,-1.275282457773362355e-01,3.055123999539824386e-01,-1.326739041027391597e-01,2.742454849762436253e-01,1.000000000000000000e+00,3.838777750243740905e-02,9.781176396619471747e-02,4.054884062302107628e-01,6.419242417852029092e-01,4.187599370672464572e-01,-2.071963922113296552e-01,8.316341612571248598e-02,1.566011739427263239e-01,1.111373762211723959e-01,3.641322047500899495e-01,1.130443147548910732e-01,3.703901022104119090e-01,5.955669893803713366e-01,-4.201062527724303691e-02,2.224278660859500545e-01,2.775009540653090023e-01,2.579472095608299487e-01,3.519220191872220460e-01,3.859163960677707700e-02,1.397461714019780817e-02,3.704392901011562822e-01,-4.297183051211805882e-02,2.493425535817359040e-01,-1.958313893379490245e-01,9.830125993427794862e-02,-5.196159027340053332e-02,3.083460807714988872e-01,2.695975301789077863e-02,8.265520790988924171e-02,-8.197514869389882497e-02,8.205546839723826258e-02,-1.331158189980671258e-01,1.179117802730493408e-01,5.160284872117841815e-01,-4.506153356376538244e-02,1.033425026140496195e-01,-4.405767392253908538e-02,4.858965706462327061e-01,1.507113927340652804e-01,-1.940760116415523873e-01,1.603969686633033853e-01,1.398512037871828435e-02,4.582600928824592107e-02,1.138963724061120564e-01,-1.189565113675662353e-02,5.975574157763944433e-02,3.539504500337355974e-01,-5.590691573718550161e-02,8.118675720663406925e-02,-8.227998475423971281e-03,1.951739627789823850e-01,1.282286933360965164e-01,6.001777193377862141e-02,-5.026858908134379522e-02
-1.067753385217602435e-01,3.326297613182362112e-02,6.999302920885541734e-02,9.820351710876443208e-02,1.084509766820069415e-01,2.196307257465783536e-01,1.898557882523680407e-01,1.198047841221562965e-01,1.984790955290513248e-01,4.810922451355909707e-02,8.019667731910719299e-02,1.478042104310206550e-01,2.264798312133895208e-01,3.838777750243740905e-02,1.000000000000000000e+00,1.794939120611896768e-02,-5.523050460485861429e-02,-4.893375281410522470e-02,-9.296053411466827232e-02,4.821972018073032717e-02,8.472569243096009228e-02,1.125426139394219288e-01,5.154279993070391003e-02,3.441782738067428182e-01,1.624111005762847448e-01,1.693041420823453158e-02,9.459678399795468096e-02,6.922746367509652332e-02,-2.007474413429422705e-02,3.445928515203351000e-02,1.413148451461099936e-02,7.203707279088655824e-02,1.003859888291554758e-01,1.199655245049066205e-01,-8.234053154225023929e-02,2.557147782654666315e-02,8.895761887581550564e-02,7.075523843322563400e-02,7.404032542259607330e-02,1.504871603420361026e-01,1.603783532213071128e-01,1.066413437631330216e-02,2.807412046570854081e-01,5.002463899257858504e-02,8.104150434948023674e-02,1.153633120729684047e-01,2.413635409981319535e-01,1.012374025174514608e-01,2.352237590445863669e-01,6.645648943855217428e-02,-3.304020275699421499e-02,-1.163348191055193180e-02,-3.272647255938328920e-02,5.629055060659481774e-02,6.475948784843213457e-02,9.051778367401640268e-02,5.570661793781106486e-02,2.993757722077524663e-01,1.412612557864131868e-01,2.369346954561137725e-02,9.941639556658621313e-02,6.388536659898164105e-02,2.231154383802854899e-02,2.976048374284090067e-02,-2.528690594172462378e-02,6.541916979411251110e-02,4.877451001481589860e-02,6.997656006470800993e-02
1.658317568585584989e-01,7.525943766194884144e-02,7.565748607755791444e-02,1.273415803552590542e-01,4.393808956381901193e-02,4.220677357279627867e-02,1.075159734980075249e-01,5.009847520708652496e-02,8.357821115276720114e-02,8.669544454645915221e-02,3.741581058690150730e-02,8.992348772681144076e-02,-1.089540880750636438e-02,9.781176396619471747e-02,1.794939120611896768e-02,1.000000000000000000e+00,7.995911757221292604e-02,-6.187677722699377880e-02,8.114063590033059048e-02,7.018700619738058033e-02,5.857893069272456232e-01,1.498803811880968229e-01,5.111000415156186083e-01,2.042825169910728877e-01,6.778068118120784968e-02,1.638720604191938601e-01,2.387244082541764290e-01,1.870649471105900741e-01,2.874192564438953768e-01,1.552482627203898291e-01,-4.333174511899572610e-03,9.650191260248426606e-02,1.218082690019273578e-01,2.593576517794368153e-01,1.275890812193019030e-01,1.267055361956055115e-01,4.729228596085399694e-02,9.502665347524434647e-02,-1.137994499643255920e-02,4.452611845711215016e-02,8.506915266741106596e-02,4.369110552164049560e-02,6.006951921864339683e-02,4.584608174666624653e-02,-3.306841075012895842e-02,8.947127093081465310e-02,1.529996441693390156e-02,7.878937324388393670e-02,7.780061518860826274e-04,5.689430980536871463e-01,9.191673623936994983e-04,-2.102813558149205925e-02,4.851075117342444620e-03,3.754296634371127872e-02,5.719096254980836624e-01,1.641176908677108581e-01,4.692792909115332534e-01,1.718572441280806773e-01,4.726519096923207514e-02,1.057547858896173282e-01,2.315024080109747695e-01,1.938963349630995758e-01,2.651428136911425648e-01,2.017464357088893101e-01,4.012687517470282100e-02,1.685122945824427468e-02,1.079486673445624462e-01,2.122773021708265762e-01
5.365591203488746519e-01,2.217324743501624951e-01,5.319485509911522358e-01,6.985394683867751642e-02,7.722660779105576523e-02,2.043172577489564545e-01,4.019198356863808996e-01,3.743873331026484896e-01,-3.771909895964170589e-02,9.819486040421800122e-02,4.293113896963316467e-01,1.529820907235298344e-01,-7.388767060615973603e-02,4.054884062302107628e-01,-5.523050460485861429e-02,7.995911757221292604e-02,1.000000000000000000e+00,3.639062045933819656e-01,7.243216592840292511e-01,7.800937821378045589e-02,1.265031853969980635e-01,2.283912383832896464e-01,3.882330916431081524e-01,1.283874896537544330e-01,-1.336724926078091125e-01,5.379288409851329389e-01,5.061008951130078204e-01,3.267186528077973828e-01,1.909488754469729765e-01,5.268195506416534224e-01,1.697100105369808709e-01,4.971177091156166183e-02,-1.132684118664302984e-02,2.360698501857370901e-01,3.106767167669357566e-01,1.895485350238986511e-01,3.018363120169967884e-01,5.205278085012696870e-02,-2.328318577407976347e-02,1.362950644479339612e-01,1.350316387466061474e-01,2.234479200728489157e-01,-9.524851173877761645e-02,9.238313165146973260e-02,2.536930226188061077e-01,1.592704799306842167e-01,-2.213999331493284872e-01,1.928534900638906591e-01,-8.776973076993173362e-02,1.201111570461413647e-01,4.516159699819571327e-01,2.758915385327861403e-01,5.062605880353627796e-01,1.070053006360859454e-01,1.415653546626652604e-01,6.728294676212569214e-02,2.607018624956366493e-01,8.430050789247289789e-02,-2.439079987932971094e-01,1.958240911035705745e-01,3.089784483336506238e-01,2.675452345821145439e-01,7.875546565930709175e-02,3.118619915871840287e-01,5.540050439705364316e-02,-2.892792021799512822e-02,1.919180682683830491e-02,2.189777436521773424e-01
4.044810715701283033e-01,-1.762990854034653665e-01,5.331552555078562516e-01,-2.476621802687835328e-01,4.153390828844948091e-02,-8.250983159522730370e-02,5.409338164779999847e-01,2.169544128996259147e-01,1.184063188326668487e-01,-1.380279787140794301e-01,3.502373331343367480e-01,-2.088177518515209885e-01,1.794347490357291186e-01,6.419242417852029092e-01,-4.893375281410522470e-02,-6.187677722699377880e-02,3.639062045933819656e-01,1.000000000000000000e+00,4.146815184931730847e-01,-2.178380400966891395e-01,-1.410450951610632830e-01,4.031750155037127498e-02,-4.924170832729583142e-02,2.418466715905104661e-02,4.741045988439389412e-04,3.175790703964580519e-01,3.718067226394162206e-01,-1.749530715683512150e-01,-1.388582256654981480e-02,1.907065730043700225e-01,2.225326124254743687e-01,1.824228496189982118e-01,-2.781741561963169129e-02,-1.425198053440943358e-01,2.055521820391977839e-01,-1.705883964137285824e-01,2.170168639642258701e-01,-2.592934914147584369e-01,3.284526958502626687e-02,-1.646188934070609566e-01,1.879714934070338683e-01,-4.225517543990938568e-02,-6.535850280509855094e-03,-1.306850328470074707e-01,1.989992464273268868e-01,-1.992322583327758856e-01,7.540323954913448479e-02,3.450646177854240215e-01,-6.375207346705784317e-02,-7.678964572524267507e-02,-8.695346834840094255e-03,5.563152737442211837e-01,1.369309681501145182e-01,-1.957751303631293516e-01,-5.064922307034015747e-02,-7.109245368745299720e-02,-1.215277805114507587e-01,-1.399380660055037084e-01,-7.823943742631477016e-02,1.037394953927287394e-01,1.254417393831666061e-01,-2.140773228306868392e-01,-5.522945850654188693e-02,-1.003380940738013288e-01,2.066932267812118251e-01,-1.393464195594248077e-02,1.986217191726903208e-03,-1.901759294313090931e-01
5.717957838681624327e-01,1.865210345353348065e-01,3.815007377445361891e-01,3.068461954740830250e-02,9.496091297266141817e-02,2.331754279320634171e-01,3.323571203855569256e-01,4.365637734065078157e-01,-5.577705085015202680e-02,1.181599719426679879e-01,3.940382523533152992e-01,1.203770153538322313e-01,-2.007504309077640450e-02,4.187599370672464572e-01,-9.296053411466827232e-02,8.114063590033059048e-02,7.243216592840292511e-01,4.146815184931730847e-01,1.000000000000000000e+00,3.252950134914649877e-02,1.403160776319924141e-01,2.166645611214840228e-01,3.859251581574386636e-01,8.152658698552342834e-03,-8.644201292047809515e-02,3.872346247866207403e-01,4.369104519741379700e-01,2.834800800547320754e-01,2.484852488400751958e-01,4.618884237308779617e-01,1.221591339159257411e-01,9.470478273183258189e-02,-7.141469389991852296e-03,2.268615831156716445e-01,3.582631537010297351e-01,1.940792340056757270e-01,9.355935796696819573e-02,3.016195604736394628e-02,-1.743317024287159220e-02,1.434945209397095467e-01,-2.415522428280921646e-02,2.145691329058516394e-01,-1.384067238957967794e-01,1.217666599022089319e-01,1.714787606885638249e-01,1.186321806136265561e-01,-2.076144260429766686e-01,1.139109170312097297e-01,-8.939412715985792235e-02,1.233841323094906628e-01,3.928523763793237422e-01,2.394342346743422723e-01,5.562479510786099146e-01,6.306478276227872604e-02,1.440466454689911524e-01,3.232571133413759262e-02,2.507192861007394580e-01,-4.850317831092137988e-02,-2.205104774348216889e-01,1.719140542631836938e-02,1.536736343101912927e-01,2.137967891804088139e-01,1.804338343076901385e-01,2.675023364134981874e-01,-1.886688453814638552e-02,-3.650178014939598620e-02,5.235833974825663401e-02,2.000516159248669490e-01
-2.235592575079026201e-02,1.749687173703386445e-01,3.938943486522761619e-03,7.574397625375731691e-01,-1.357860958436722942e-01,2.717279927991370081e-01,1.429631546426386778e-03,-3.418936747574933838e-03,5.178729871780834992e-03,5.323031837650940012e-01,-5.346967291128731925e-02,8.259248585001036647e-01,-1.371432914455840146e-01,-2.071963922113296552e-01,4.821972018073032717e-02,7.018700619738058033e-02,7.800937821378045589e-02,-2.178380400966891395e-01,3.252950134914649877e-02,1.000000000000000000e+00,1.687151078747883559e-01,1.166079162694324822e-01,2.458856256060487633e-01,1.615330966870067719e-01,-1.160131752297698104e-01,1.794602740253515294e-01,5.115051169256690233e-02,3.538657057740876577e-01,3.759529072529013694e-02,7.318505851062023781e-02,9.392690922936013098e-02,-1.473414034898010150e-01,3.817504806087631750e-03,1.282643647828259903e-01,-6.866139041238226992e-02,1.737799975140966735e-01,1.048207128328224741e-01,7.884931710116694914e-01,-3.312717207171334000e-02,3.024123067599809866e-01,5.781555523133538599e-02,1.125176814596143132e-01,9.047794798527343529e-02,4.628410637212638790e-01,1.126883167779636936e-02,8.406527961003520399e-01,-1.281732986131515206e-01,-1.322026710131158078e-01,1.306869506772485867e-01,1.063209450956821844e-01,1.344296159063136653e-01,-2.060586933921103869e-01,4.257562960733757979e-02,9.344732410523833854e-01,1.464062281191439163e-01,1.111182434622748488e-01,2.323444796899286902e-01,2.613154235555327776e-01,-1.156919486018256477e-01,1.283079096329418911e-01,5.246825787682150855e-02,3.226357314634870077e-01,1.380908319988353311e-02,1.505873641194392376e-01,2.581487361232548405e-02,-8.716053896913777965e-02,-1.411855433456441801e-02,1.251029836875932333e-01
1.258896279785642058e-01,2.595341189349056332e-01,6.189989885684025334e-02,2.106671986590179513e-01,1.125307178903837829e-01,2.044539045695759616e-01,1.228981197574844364e-01,1.583639222906647881e-01,6.278667782261049268e-02,2.009211715730345738e-01,8.429579128295225376e-02,2.471790226518103817e-01,1.809686368440770882e-02,8.316341612571248598e-02,8.472569243096009228e-02,5.857893069272456232e-01,1.265031853969980635e-01,-1.410450951610632830e-01,1.403160776319924141e-01,1.687151078747883559e-01,1.000000000000000000e+00,2.417590922413572763e-01,7.232978927188516982e-01,2.671365019158803977e-01,9.013635998781802106e-02,1.971489133825548024e-01,3.010105081067769861e-01,4.124828262465086715e-01,4.178857560229612966e-01,3.352508178240891090e-01,1.945635542923893763e-02,1.104736998868689063e-01,2.531868548633511851e-01,5.129796298930138221e-01,1.287036634743709829e-01,3.066069043294360474e-01,2.997065130503014790e-02,2.010249991942548720e-01,4.524253194185984955e-02,2.075048245783727152e-01,6.132966824212330442e-02,1.451650745942406617e-01,8.014212618997605675e-02,1.651416170983366072e-01,5.519809266245522678e-02,2.458024736354388340e-01,-4.421346870203356465e-04,5.147653652936934332e-02,8.236776484727818815e-02,5.668939185756641796e-01,1.332851315597532449e-01,-9.329266570958678895e-02,9.952191248690336889e-02,1.603839230850356568e-01,8.015138154932620607e-01,2.391919992796602834e-01,6.638626560554489187e-01,2.770844420114330076e-01,7.989418587196091270e-02,1.090482101687403338e-01,3.049237070899602497e-01,4.062352941643909698e-01,4.320278512209305699e-01,4.148419917147688207e-01,-1.698593688520717501e-02,8.099325656196655621e-02,2.147945940166154366e-01,4.625855475228032865e-01
6.435764992581240185e-02,3.224268343763520006e-01,1.024302840791600500e-01,2.067697969169737249e-01,1.479644821079445505e-01,1.432090944092251628e-01,2.569578645773176739e-01,2.843645509303280305e-01,1.862353794493093739e-01,7.886495665811731060e-02,2.965006049909826857e-01,1.923028919291567274e-01,7.413445180683665703e-02,1.566011739427263239e-01,1.125426139394219288e-01,1.498803811880968229e-01,2.283912383832896464e-01,4.031750155037127498e-02,2.166645611214840228e-01,1.166079162694324822e-01,2.417590922413572763e-01,1.000000000000000000e+00,2.625153551218908921e-01,3.034502840728632300e-01,1.036860063139156685e-01,2.980531157736204251e-01,2.739205517680872726e-01,3.230585647205418409e-01,1.132234824079616231e-01,4.554216661657915499e-01,-3.470977349707494997e-02,5.982861228784747132e-02,8.164804969192329676e-02,4.124138951456349789e-01,1.097707525251072902e-01,3.173348921715873905e-01,1.300684808989709951e-01,2.069180495735618297e-01,1.432971153178524415e-01,1.491387969784736256e-01,2.361127637342733676e-01,1.902176035607329174e-01,1.849341911816584638e-01,5.072335228281266151e-02,2.013564445262797376e-01,1.833817955326779991e-01,1.134681948182180294e-01,1.765938325092532013e-01,7.986304591807683040e-02,2.412712654520557110e-01,2.995327059098988332e-01,2.859964687375786407e-02,2.840524193442098833e-01,1.480197784932641147e-01,2.523178891740122665e-01,4.315011048760250545e-01,2.596338122887705824e-01,3.883194421519225448e-01,1.344799768477507595e-01,2.613286101559430530e-01,3.182058231360230249e-01,2.852925623777736175e-01,1.929018499483869942e-01,4.375356089057396702e-01,-6.652325623985495817e-02,4.589077635929707938e-02,8.943473242160430992e-03,3.629569301419948713e-01
2.256841032922191348e-01,2.925359101149905272e-01,1.642463016621929783e-01,2.623567593975804080e-01,1.273295874522005766e-01,3.942940218016536269e-01,1.944438790659210325e-01,3.778852627923294238e-01,-4.850297400919142965e-02,3.483614826797971631e-01,1.730627694324226029e-01,3.385485314024491155e-01,-8.249206946527289086e-02,1.111373762211723959e-01,5.154279993070391003e-02,5.111000415156186083e-01,3.882330916431081524e-01,-4.924170832729583142e-02,3.859251581574386636e-01,2.458856256060487633e-01,7.232978927188516982e-01,2.625153551218908921e-01,1.000000000000000000e+00,1.836327229981984666e-01,-6.311735575265219056e-02,3.216401491752980957e-01,3.538636156254457155e-01,6.164805102199680809e-01,3.881842286828714461e-01,5.051817004917389387e-01,6.259776668772905339e-02,4.895026211065388322e-02,1.849900737607006740e-01,4.910403964117369124e-01,1.629153278185528630e-01,3.526779055041788791e-01,1.439950478600392769e-01,2.674819021857265389e-01,2.127053727717212461e-02,3.757088267621655486e-01,7.931567903142958120e-02,3.145029919772311389e-01,-1.710405872498246133e-02,3.172043701658855408e-01,1.364803463862986621e-01,3.453981292631331801e-01,-1.181280049340944216e-01,5.072226839001341137e-02,5.688770936596240085e-02,5.368258651351335287e-01,3.506283731732701137e-01,-4.267856596860657159e-02,2.986451978080980063e-01,2.416592818253984198e-01,6.405985185232092594e-01,1.992230081126506180e-01,7.888488569159939345e-01,2.402224591785395713e-01,-1.045092058467710916e-01,1.748922736341377016e-01,3.235438360249531242e-01,5.541598846350688223e-01,3.558291809429042774e-01,5.059859366972213612e-01,3.928449330817583053e-03,1.746860996628684867e-02,1.704204085268033741e-01,4.568673853177422917e-01
