1.000000000000000000e+00,1.835315983983935029e-01,3.198303823076384944e-01,2.981011914189247991e-02,3.312995383048501080e-02,2.808419547875782296e-01,3.159872910550450276e-01,2.371415673852067807e-01,1.210643410281497939e-01,1.791431389939565078e-01,1.280843883728410015e-01,1.694012594283967610e-01,2.546166967663711644e-01,6.252662122080945295e-01,1.086940231255043021e-01,3.046352507272864218e-01,3.837368611538100049e-01,4.128475258626300159e-01,4.964905533497971923e-01,-4.042033340531931557e-02,4.670574661415619611e-01,1.735394620694717116e-01,3.821801703388688631e-01,1.981916994665575971e-01,1.691485493586631361e-01,1.821356306845170192e-01,5.114055851170780098e-01,1.254537372659328409e-01,6.367532317338722159e-01,3.249430498728060890e-01,3.257880077859585111e-01,1.873814509697017128e-01,2.419322512540175718e-02,3.053045109503664256e-01,6.472071678647933757e-01,8.475977398735100310e-02,2.462967785625805872e-01,7.430401883821496911e-02,4.854931741488519026e-02,2.852909811378788185e-01,1.836729562148572970e-01,3.386310295166911066e-01,1.555484573646021516e-02,2.087813224564603609e-01,1.181836998314654968e-01,1.620630078313435862e-01,1.694028114326050216e-01,5.551646700407653068e-01,1.282763833431730394e-01,2.904222665163725403e-01,1.266080736361532011e-01,2.729719750212010188e-01,3.032963617330590167e-01,6.396053736274345597e-04,4.424859960145605675e-01,-3.722129481822027824e-02,3.282885352165791359e-01,1.300125652756499994e-01,1.218776726789728149e-01,1.043248571379583323e-02,3.364153616749266384e-01,2.028033862712377289e-01,5.349333482430976838e-01,2.313243067343391246e-01,1.977293811915537269e-01,1.685915790205299858e-01,8.771501410292295575e-02,2.688461962822032980e-01
1.835315983983935029e-01,1.000000000000000000e+00,8.994414461216983236e-02,2.082048570266785970e-01,7.673027779478465427e-02,2.265680803947757171e-01,-2.808173372230034909e-02,2.676945762154895325e-01,3.069720313561255173e-02,1.458966152118042203e-01,3.604841776642212503e-01,2.451473282045165958e-01,-2.599260945059010675e-02,6.919823779512052075e-02,1.315815600262526530e-01,1.882222792367745368e-01,4.816096631937324402e-01,6.661136750288686181e-02,2.834664499915758862e-01,2.549768484602588092e-01,2.458780276881424309e-01,4.001757219784032871e-01,3.891264113281828196e-01,1.259124333843391064e-01,2.025653251737072336e-01,4.145177856080157208e-01,4.266278451976895369e-01,2.941752351828150203e-01,3.333334783490504716e-01,5.343293471131783656e-01,-6.112149907264544796e-02,-1.166689610850409802e-03,2.591621131828938940e-01,5.199069564302702950e-01,2.482607568327469538e-01,4.969310520680332299e-01,1.202481994651743297e-01,2.028572920963695736e-01,1.159388363029009196e-02,2.157912188924422936e-01,4.132109868140464159e-02,2.472502520197763509e-01,7.499624309872249261e-02,1.067989090462433538e-01,2.027729835882493559e-01,2.557095933709423452e-01,-5.376493177030913784e-02,3.140193339383950955e-02,1.043664829290720519e-01,2.378501895092502982e-01,4.391079057578541889e-01,-8.054250944375730692e-02,3.381832582352968242e-01,2.609001117717598683e-01,2.767270375061321452e-01,3.171457559340787324e-01,3.978868760307957553e-01,1.077768553696494686e-01,1.523533426169312310e-01,2.947977064122845325e-01,3.310024459641621175e-01,2.772572477798370127e-01,3.191267724861869826e-01,4.948916904035815523e-01,-1.031791214511205146e-01,5.749281706229110445e-02,2.573620982108531519e-01,5.306995379488349540e-01
3.198303823076384944e-01,8.994414461216983236e-02,1.000000000000000000e+00,1.865460854639034577e-02,1.645163024082661046e-02,3.342290048744321340e-01,8.043629645016405760e-01,4.326920237781453071e-01,4.541752433622683327e-01,2.126898482477394825e-01,3.263008900558953540e-01,7.746480495962465573e-02,4.522075201038300851e-01,5.937863096987547884e-01,3.000037004379302319e-01,7.192415584250476390e-02,3.122977277852652112e-01,5.197869019200740404e-01,4.126619866887548116e-01,9.095798155797892026e-02,1.538800502924654312e-01,1.929622484240559321e-01,1.245619710759897775e-01,5.633241444280050469e-01,2.798250101977802218e-01,6.095557829346953671e-01,6.179706915350201557e-01,1.934389701947195062e-01,1.784696024943194514e-01,2.828814596264920267e-01,2.204159184680001271e-01,6.503672053288173105e-02,1.270456861315650277e-01,2.434098893759212567e-01,1.928192920984633796e-01,-8.272681178093856114e-02,5.862322990183147509e-01,-4.331831086679326093e-02,9.910679219184685695e-02,2.810982425585696332e-01,5.698323107992186998e-01,2.289300907336585256e-01,3.125994438106683426e-01,2.275217114807118191e-01,2.853326373279407857e-01,1.056283519173248642e-01,3.766150486295001820e-01,4.555901905276352748e-01,3.107269720809407443e-01,-2.323793726054306993e-02,-2.986473251087842437e-02,3.487606022080156909e-01,4.237638504139811663e-03,1.889206086840269638e-01,8.954061873581628528e-02,-4.708773532528888472e-02,-9.040459941633528784e-03,4.534370820165697924e-01,1.897189162573660604e-01,2.312940279750303751e-01,3.477367173872303319e-01,1.446085292498226205e-01,1.085774383403803611e-01,-1.087035816934230764e-02,1.809761789117140529e-01,-1.785057752714985443e-02,1.456988874439048287e-01,9.832552320368047327e-02
2.981011914189247991e-02,2.082048570266785970e-01,1.865460854639034577e-02,1.000000000000000000e+00,3.372190384324421503e-02,3.661958721324936050e-01,1.630421466757847951e-02,1.399688150864087655e-01,1.605887491956375646e-01,1.956818567048839719e-01,2.700688229466466708e-02,7.332922304553280979e-01,-1.137620090142555662e-01,-7.234529858957680637e-02,1.259297113742745555e-01,2.540538231753090015e-01,1.360090038648303912e-01,-1.287975943057989570e-01,-1.631286071781136437e-02,7.384594233900008131e-01,2.789430419164911079e-01,3.613219348832861777e-01,3.146269570813202132e-01,2.691846259585476409e-01,-5.479192034186081833e-02,1.742141287030391228e-01,4.085397912753196276e-02,5.701364764551252184e-01,2.402610081116741680e-01,1.856271932122296464e-01,1.454921746456373614e-02,2.178995908849553492e-02,8.121493497058260291e-02,2.156718125880469072e-01,1.197578817604694201e-01,2.551579241589895797e-01,-1.107858812821389122e-02,9.380223350376621916e-01,-7.095253897098743878e-02,3.554347547631973581e-01,2.515344506304901737e-02,2.282331090519521544e-01,2.646901896394511788e-01,1.763113890395666405e-01,-4.375965017609609320e-02,7.427742589152238617e-01,-1.241714820536621439e-01,-6.679496791641494069e-02,1.869243737245492309e-01,3.204956536524099509e-01,9.577538808923555247e-02,-2.525837895169943392e-01,4.034610625080519569e-02,6.172396576000106494e-01,2.853430748191720379e-01,3.269448852219170587e-01,3.486738034136145914e-01,2.905282922535997736e-01,-8.697243981813521096e-02,1.074624826412680506e-01,-5.123878685571582603e-02,4.792198355581779867e-01,2.430125988462948361e-01,1.804098097372421883e-01,-5.635652959335912121e-02,5.537805381059164589e-02,1.386678199703236247e-01,2.753900583863329588e-01
3.312995383048501080e-02,7.673027779478465427e-02,1.645163024082661046e-02,3.372190384324421503e-02,1.000000000000000000e+00,1.469065266606297826e-01,-3.297592539547330006e-04,2.227993071231800515e-01,-9.394929029832800940e-03,6.389981465671466972e-03,1.318534583056647502e-01,6.197436359070220696e-02,7.129541014800004628e-02,4.187635394442607017e-02,1.121453930535743354e-01,1.955404838897860029e-02,1.089119653621288264e-01,1.267489625419386812e-01,1.324643783107511963e-01,4.687647789738769166e-02,-2.164076839498588201e-02,5.351194693826663573e-02,-2.058737208907142607e-03,-1.810775940157830638e-02,6.323783469765315024e-02,3.488174871874365895e-02,2.752054302689567120e-02,4.955970727878054871e-02,3.890381757171252480e-02,1.215712987419439867e-01,-2.371331848628329894e-02,1.444067865546096729e-01,2.206177994762666475e-02,1.365368881972423565e-01,-2.787326329096744687e-02,1.705433991490994117e-02,-1.872669948415553801e-02,2.961084490014061904e-02,3.451039302300879658e-02,1.123809720858091887e-01,1.351421715272886626e-02,1.334259340277239025e-01,9.645613624917899476e-03,4.926711638790278770e-03,1.188319795266627316e-01,4.922346540796051356e-02,5.753836870285244064e-03,4.917905238165292368e-03,8.826997969569563840e-02,3.522045813300797579e-02,7.510841194047582214e-02,8.424371340121483698e-02,9.183460496559558983e-02,4.831449051297784930e-02,-1.057193695535439334e-02,1.984908427894405483e-02,-5.097466307971082813e-03,-3.719722975654488756e-02,6.981089874533069443e-03,-1.248276214181269321e-02,-2.698640290977162917e-02,3.968900205394314956e-02,4.586153482769238232e-02,9.556416659920734247e-02,-4.079232641393866488e-02,6.349674830998949804e-02,3.688889557664262742e-02,9.261749564712305760e-02
2.808419547875782296e-01,2.265680803947757171e-01,3.342290048744321340e-01,3.661958721324936050e-01,1.469065266606297826e-01,1.000000000000000000e+00,3.117207546059587164e-01,5.088737390460890131e-01,1.600078618613356707e-01,5.545631861724636957e-01,2.402016356512406414e-01,5.670507464437709588e-01,1.950597529396187191e-01,2.924854994416162257e-01,4.485898358369924677e-01,3.184760010466796687e-01,3.264936393482211763e-01,2.353547822339581708e-01,3.105907220726298323e-01,3.884585579296691571e-01,2.611055070830326508e-01,2.986784435520620229e-01,3.373007425848547625e-01,3.329844351800145263e-01,1.568024993389277033e-01,2.049385605743579697e-01,3.105523171651565772e-01,6.417209572459331435e-01,3.374315188862306858e-01,3.742579489851697860e-01,9.610405498871808783e-02,1.318069718035517202e-01,1.299049779106885572e-01,3.434775302397678476e-01,2.639223495719842383e-01,1.989537636542826615e-01,2.968777834890350409e-01,3.527040425978151816e-01,5.841638645047360356e-02,8.413159009253775578e-01,2.790401225760363313e-01,6.117279559952956136e-01,2.243542634619584419e-01,5.535182981791773038e-01,1.816826461342911647e-01,5.869803365537163975e-01,1.085976724678852368e-01,2.801816633764705466e-01,4.791893395932004251e-01,3.016490167409983103e-01,1.998479324276193070e-01,9.639361882507185841e-02,2.488528372950456480e-01,4.586074085126091715e-01,2.196476034010607092e-01,1.320858120100739386e-01,3.255370593183881667e-01,3.412042516755117161e-01,7.288986643162474743e-02,4.680731602582808432e-02,1.974811914468851681e-01,6.369058158336639019e-01,2.477713260448430599e-01,3.300626373189695650e-01,-2.223611150729951080e-02,1.127158133818441516e-01,1.388010193734319497e-01,2.961821194793902712e-01
3.159872910550450276e-01,-2.808173372230034909e-02,8.043629645016405760e-01,1.630421466757847951e-02,-3.297592539547330006e-04,3.117207546059587164e-01,1.000000000000000000e+00,3.685010185973887076e-01,6.346087005535874237e-01,2.109874814430408585e-01,2.047835754412326015e-01,3.653775797913558915e-02,5.841569873254790490e-01,7.122170169130995765e-01,3.617382097874852209e-01,6.678711958361399637e-02,7.466490393944250070e-02,4.832589460810162718e-01,2.886767889059997927e-01,2.476611682253074959e-02,1.188734181814014995e-01,2.179116182774660238e-01,-1.204123028418124797e-02,7.683865047575314522e-01,3.560443960398420593e-01,4.710224711177519175e-01,6.154170855064619028e-01,1.145378681827476375e-01,1.164921215901978807e-01,1.309604830097853556e-01,2.972811581766956479e-01,1.251101556564455097e-01,6.466623506259985832e-02,1.238761108851769016e-01,1.785395460570793347e-01,-1.700504320945044334e-01,5.358397679432477245e-01,-4.486389772698012868e-02,6.935643565459256865e-02,2.372634522283719738e-01,6.855666667288050631e-01,2.311963437829772650e-01,4.499993626631886290e-01,2.202008735308760567e-01,2.319794842293196324e-01,4.031910541985529728e-02,5.229282436139383039e-01,5.901686853260561527e-01,3.129879647811191767e-01,-5.978152139892650707e-02,-2.343888557951391005e-01,3.665861907545744924e-01,-1.154525967276277959e-01,1.016643449381398334e-01,3.134050054016519066e-02,1.225197675958548775e-02,-1.452431754977115963e-01,6.477634725529213267e-01,2.648253114837455513e-01,1.409572021792938334e-01,3.867806357732421763e-01,9.209755117108138489e-02,2.235003523017489030e-02,-1.587579039058991948e-01,3.079500747747352385e-01,-3.166442711910583130e-02,7.415668924426017938e-02,-8.454833469699846865e-03
2.371415673852067807e-01,2.676945762154895325e-01,4.326920237781453071e-01,1.399688150864087655e-01,2.227993071231800515e-01,5.088737390460890131e-01,3.685010185973887076e-01,1.000000000000000000e+00,4.982968763604728873e-02,1.705662450657983165e-01,3.934411049234908808e-01,1.797650338601422815e-01,1.910286124353376414e-01,3.473771330363653598e-01,3.587647911033217674e-01,2.189516481425984595e-01,4.816028228202207662e-01,4.567615806553810831e-01,4.709057193960730636e-01,9.554165546800122422e-02,1.990878216639961618e-01,2.761262065888743233e-01,2.937806626407452049e-01,2.186638950796405967e-01,1.274564820915258800e-01,3.939181000256375964e-01,3.428030801856355447e-01,4.718483950960397078e-01,2.525025553602983641e-01,6.294730267693252612e-01,-2.824641453841068850e-02,5.477696053486829503e-02,9.205613616410034117e-02,4.382854720292850836e-01,1.639493404483247652e-01,1.648331751044344040e-01,2.779138615104432275e-01,1.241080406576198641e-01,1.141394034955343501e-01,4.720096708425062237e-01,3.609012755598757227e-01,6.127091212057778069e-01,8.838988131926787950e-02,1.556374844206348529e-01,2.612268235726533105e-01,1.928898965238759755e-01,4.910103719911023540e-02,2.320906802568577787e-01,2.909436646417389860e-01,2.046346476779877244e-01,2.208272849594502818e-01,2.161820806444621768e-01,2.443631211948754933e-01,1.400351934896262585e-01,1.786257665425792507e-01,7.862099731904680089e-02,2.096491327569313945e-01,1.577117973291284336e-01,2.836267699966615440e-03,1.180728998762480275e-01,1.165208152361454502e-01,4.200206622414679458e-01,1.969918726869069325e-01,4.306902031416650067e-01,-1.155196428716432216e-01,6.778072850181991738e-02,1.199548489044360289e-01,3.278353933762001571e-01
1.210643410281497939e-01,3.069720313561255173e-02,4.541752433622683327e-01,1.605887491956375646e-01,-9.394929029832800940e-03,1.600078618613356707e-01,6.346087005535874237e-01,4.982968763604728873e-02,1.000000000000000000e+00,1.841379620868607569e-01,1.780607052358980369e-01,1.260873811608266282e-01,4.934062968439196228e-01,3.556845337718935185e-01,3.218703581062569707e-01,1.695421263235278794e-02,-9.018722258216017862e-02,1.381189169610774203e-01,3.424318885871422552e-02,1.805486322065114890e-01,5.886244299627176046e-02,2.795576818094317462e-01,-6.919816463259148565e-02,7.184270028960975107e-01,3.931144300461463792e-01,3.375410545322965472e-01,4.420520386876483632e-01,-1.899027189978692853e-02,8.702789007052767756e-02,-8.280418340191385285e-02,1.816685671393638013e-01,8.485115167376632017e-02,1.330358913424833367e-01,8.752366445717749133e-02,7.343531711974507492e-02,-7.322600040818119660e-02,2.236669518511101296e-01,9.921937435583866316e-02,4.284810968246748758e-02,8.821917852589408748e-02,3.708440613645890838e-01,-7.660707815260861531e-03,5.700435912080293877e-01,1.876146940199805435e-01,1.687319190338904540e-01,1.165385238742123464e-01,4.735123305320897424e-01,2.778199020505366379e-01,2.362843763995513269e-01,-6.719117887745594542e-02,-2.570373655585216355e-01,1.025102550075148722e-01,-1.844668417093016655e-01,1.945877842370846433e-01,-1.136142123225958485e-02,1.857857701856001909e-01,-1.562832519117131336e-01,6.174325177716597501e-01,3.466605405646351334e-01,1.145403913453610228e-01,2.711634451259262168e-01,-6.054263708889962015e-02,4.490978046306706023e-02,-2.710989535137021123e-01,2.024491651338642395e-01,-5.258159669698017624e-02,1.295016257244493707e-01,1.204841266200719872e-02
1.791431389939565078e-01,1.458966152118042203e-01,2.126898482477394825e-01,1.956818567048839719e-01,6.389981465671466972e-03,5.545631861724636957e-01,2.109874814430408585e-01,1.705662450657983165e-01,1.841379620868607569e-01,1.000000000000000000e+00,1.518717231348252761e-01,2.754070986181184622e-01,8.024432194163085008e-02,1.098750614042978274e-01,1.768923731704678537e-01,1.501716501608752474e-01,1.500689876249849952e-01,3.995620164645644762e-02,1.092821643786915653e-01,3.848211574933639856e-01,2.042488754831177922e-01,1.417025142894417222e-01,2.571593611161731574e-01,2.322579739168855184e-01,4.986352532312622599e-02,2.354937109197113854e-01,2.776217723516484215e-01,3.688692025900063842e-01,2.644167621758543585e-01,1.247878952536824182e-01,-7.792475807177240942e-03,2.141099186252225575e-02,2.395786244248083174e-01,2.221927073393525076e-01,2.110507567451950506e-01,1.924347618701223173e-01,2.919391949194334313e-01,1.539826317147963697e-01,5.119242841526773155e-03,4.402598568074195251e-01,2.116931211847669081e-01,3.834154268788713127e-01,2.447616580031608258e-01,9.093650460502418209e-01,1.189757058994488637e-01,3.654742735778959695e-01,8.666499242783425039e-02,2.054539345492134850e-01,2.346255687927706335e-01,1.209820449410885373e-01,1.788516138148958101e-01,1.951178121983280014e-02,1.220979637486429015e-01,5.114843056008462341e-01,1.464736616905375488e-01,1.310587647887021256e-01,2.524031586943799033e-01,3.045741771938514364e-01,1.053941634124880844e-01,1.688497924036558850e-01,2.309777868754675223e-01,4.189895917925978708e-01,2.237503369821009225e-01,1.613179920887793939e-01,-1.175426789317076011e-02,-1.313090391451332897e-02,2.088807892435687319e-01,2.054099320305720899e-01
1.280843883728410015e-01,3.604841776642212503e-01,3.263008900558953540e-01,2.700688229466466708e-02,1.318534583056647502e-01,2.402016356512406414e-01,2.047835754412326015e-01,3.934411049234908808e-01,1.780607052358980369e-01,1.518717231348252761e-01,1.000000000000000000e+00,1.022521579655477214e-01,2.012053048171670022e-01,2.355994626486750121e-01,2.029534712980105848e-01,3.326561449466636927e-02,4.858720159962710006e-01,4.242608048024064660e-01,5.227511864902183447e-01,1.797695949724486264e-01,-1.767573822215869062e-02,3.109504054044443522e-01,5.956643562325393548e-02,1.508561093202255010e-01,3.537901737116669887e-01,4.714617974007601076e-01,3.806534113643091355e-01,9.736883643605530325e-02,2.030108830983281820e-01,3.680873180420368707e-01,1.564494847812486489e-02,8.350547576363005764e-02,1.877383248536563798e-01,4.327335162780017175e-01,8.705612975736604087e-02,2.190282387133073716e-01,2.057447928098200540e-01,-1.044613819325643234e-02,9.027474217414581392e-02,1.795886662236227949e-01,1.948301021509613873e-01,2.108162253259578400e-01,1.460536401905999093e-01,9.426193110546161880e-02,5.511503311441324771e-01,9.351691786550642149e-02,1.309670752839001973e-01,1.092145945567477849e-01,1.376810331641370733e-01,3.410501740982742336e-02,3.677093801105177917e-01,2.923480308651270065e-01,4.041896067349053379e-01,2.251454209114413518e-01,6.467180839062108312e-03,1.841663405590485969e-01,4.699886243985968576e-02,6.264758385631964688e-02,3.200189531954045208e-01,2.766864736410066250e-01,2.469434542632890084e-01,5.560843693571797253e-02,1.845891801944671562e-01,2.152074472199153599e-01,2.490991887361113100e-02,1.261872575300284488e-02,1.902219175824870767e-01,3.508440310127790562e-01
1.694012594283967610e-01,2.451473282045165958e-01,7.746480495962465573e-02,7.332922304553280979e-01,6.197436359070220696e-02,5.670507464437709588e-01,3.653775797913558915e-02,1.797650338601422815e-01,1.260873811608266282e-01,2.754070986181184622e-01,1.022521579655477214e-01,1.000000000000000000e+00,-4.846056153293343965e-02,9.440402153142497810e-02,1.947730988575068767e-01,2.763515904798924949e-01,2.253222371994882678e-01,-5.591120294659090301e-03,1.416426402330799028e-01,7.740260166567878297e-01,2.696477875632929400e-01,3.419010818020278841e-01,3.115388091447843233e-01,2.083274647974830973e-01,4.000787009279551526e-03,1.245614877587194469e-01,1.250907280204463512e-01,6.010876608503168406e-01,3.246944478487079344e-01,2.488665455442441443e-01,1.229573058320827667e-01,7.446915741878003259e-02,1.580750045677163651e-01,2.639716031982138333e-01,2.266856833306949148e-01,2.766477063662206026e-01,8.030180965620135891e-02,7.086702099287953693e-01,-2.426689614719203247e-02,5.482331351900228134e-01,6.336822527540446337e-02,3.670876821216794150e-01,2.017593166510830427e-01,2.599329208641213418e-01,3.770109458417685022e-02,8.843037566871849720e-01,-8.371156640767886403e-02,8.487788994977060741e-02,2.436588489334636787e-01,3.289628504799458342e-01,2.070295015226341073e-01,-1.119546294804901615e-01,2.231229120719661896e-01,6.826122523967862454e-01,2.663154725834911973e-01,2.790449502059418885e-01,3.573721281279815809e-01,2.175081074067445885e-01,1.107955114470647682e-03,6.155322738810203864e-02,6.545516940618553714e-02,5.740584084077912097e-01,2.809151558336100418e-01,2.872161543485167723e-01,-4.643219713922190628e-02,1.174841418555613720e-01,1.740928296372722672e-01,3.322890775040051592e-01
2.546166967663711644e-01,-2.599260945059010675e-02,4.522075201038300851e-01,-1.137620090142555662e-01,7.129541014800004628e-02,1.950597529396187191e-01,5.841569873254790490e-01,1.910286124353376414e-01,4.934062968439196228e-01,8.024432194163085008e-02,2.012053048171670022e-01,-4.846056153293343965e-02,1.000000000000000000e+00,5.065441922254867446e-01,3.525224918680430197e-01,9.682018794133953610e-02,-2.190571543319861508e-02,4.273994675069968663e-01,2.046437682914458156e-01,-6.939673250651376413e-02,7.816387718523562511e-02,9.061191192478511292e-02,-3.721279512584606958e-02,4.798416746237223474e-01,4.748328320091090293e-01,1.522091596206324449e-01,4.769744634747943302e-01,-1.498537310633260289e-01,1.704722310667114715e-01,-5.106989266953157469e-02,1.781513191997614876e-01,1.571158291981840094e-01,7.740683595409846018e-02,9.063284006985469765e-02,1.575166987583582756e-01,-1.605701951502711000e-01,1.587727933998142604e-01,-1.528980711549450533e-01,1.157221616238112982e-01,1.163550336710120897e-01,2.809198817536629478e-01,2.797429735046740029e-02,3.139544882015689597e-01,9.330730618863418424e-02,2.308355758825625659e-01,-7.033650553084901114e-02,5.815087760465901257e-01,3.715610136465661850e-01,2.882824894802135662e-01,1.165778369355668573e-02,-2.737021008156097501e-01,3.271559377159395932e-01,-1.053520197385502954e-01,-2.270347949068310736e-02,4.562377472951745748e-03,-1.162464468484374625e-01,-1.462511513355906900e-01,3.259851454336913368e-01,3.353653621243551930e-01,-1.080880005299398872e-01,2.733043010190687183e-01,-1.493921643449308001e-01,1.145865064262102800e-01,-2.522889330344467163e-01,1.457906857901367925e-01,4.332338526258244088e-02,8.129666275565089473e-02,1.512905706086262181e-02
6.252662122080945295e-01,6.919823779512052075e-02,5.937863096987547884e-01,-7.234529858957680637e-02,4.187635394442607017e-02,2.924854994416162257e-01,7.122170169130995765e-01,3.473771330363653598e-01,3.556845337718935185e-01,1.098750614042978274e-01,2.355994626486750121e-01,9.440402153142497810e-02,5.065441922254867446e-01,1.000000000000000000e+00,2.426943220753643438e-01,1.134136087992831110e-01,2.844447180061422387e-01,6.991118669761087201e-01,6.277335803053863961e-01,-3.840161829757747503e-02,2.114466087712967290e-01,1.836230355829491512e-01,7.186419691225727491e-02,4.222028987043957571e-01,3.160614251628031668e-01,2.068691799847845736e-01,6.391068314107541948e-01,4.070722138086404346e-02,3.635135113383652361e-01,2.734792366340782488e-01,4.845525940824980671e-01,2.848063608479454167e-01,4.653521935497605122e-02,1.957331699386705426e-01,4.207877748284897801e-01,-7.659419878566313400e-02,4.033118986748209789e-01,-8.120876392493669993e-02,9.397722997074975382e-02,2.731910540145093269e-01,4.869559347257473303e-01,3.224041092082139959e-01,1.694658262913608660e-01,1.189953312845879324e-01,2.772180124069938412e-01,6.393215449465534939e-02,4.225674865228917221e-01,7.626720014981012152e-01,1.813467342732212051e-01,6.194590866713140659e-02,-9.395391107282193011e-03,5.665764441287206576e-01,2.798755425531996299e-01,2.473362406466432864e-02,1.608649953709298808e-01,-9.198130275788052312e-02,-1.440156107204240352e-02,2.978518861405851648e-01,2.421939577049089243e-01,-3.018946601984514450e-02,4.695066624708771896e-01,1.057311431642387334e-01,1.991698139580133364e-01,3.411495349493376406e-02,3.941665005320547643e-01,1.297136040372646459e-01,5.263841744506404796e-02,8.795622024487882717e-02
1.086940231255043021e-01,1.315815600262526530e-01,3.000037004379302319e-01,1.259297113742745555e-01,1.121453930535743354e-01,4.485898358369924677e-01,3.617382097874852209e-01,3.587647911033217674e-01,3.218703581062569707e-01,1.768923731704678537e-01,2.029534712980105848e-01,1.947730988575068767e-01,3.525224918680430197e-01,2.426943220753643438e-01,1.000000000000000000e+00,1.535257475900597413e-01,1.372839662722379617e-01,2.413280481854844506e-01,2.094229583153636443e-01,1.612529061165945410e-01,9.574476780876153836e-02,1.978974372376412216e-01,1.106392654494758321e-01,4.384377331548747758e-01,2.817692974789002269e-01,2.182405207957890669e-01,3.170667660062333471e-01,1.949296867218946738e-01,1.430763565813249760e-01,2.031008483401183229e-01,3.853554623162523673e-02,1.173289287706732881e-01,1.084080301243668665e-01,2.389118673310820784e-01,7.724419096124549022e-02,2.481139741167869006e-02,2.091180199269817852e-01,1.089666582595111566e-01,9.006503129421418452e-02,3.633240886850543916e-01,2.561150769904193547e-01,2.416639690689520170e-01,3.178929943780542389e-01,1.506917864186165523e-01,1.869877778668877222e-01,2.002110472560393595e-01,2.570219226415687563e-01,1.863667165778742640e-01,3.935313707301778541e-01,9.981751506329229751e-02,9.411664769368038169e-03,1.337096903719699748e-01,8.279483638640396104e-02,2.160508150418905260e-01,5.742366985940090124e-02,6.432553362082703285e-02,4.332585011952180126e-02,3.610015658170671049e-01,1.634916116729322466e-01,2.751115051430989833e-02,2.036665919336730357e-01,1.485042375785821378e-01,1.120058346416234751e-01,8.344500627154341488e-02,-1.644398396094853484e-02,4.105926848166372573e-02,1.186800967573599375e-01,1.761714236934847633e-01
3.046352507272864218e-01,1.882222792367745368e-01,7.192415584250476390e-02,2.540538231753090015e-01,1.955404838897860029e-02,3.184760010466796687e-01,6.678711958361399637e-02,2.189516481425984595e-01,1.695421263235278794e-02,1.501716501608752474e-01,3.326561449466636927e-02,2.763515904798924949e-01,9.682018794133953610e-02,1.134136087992831110e-01,1.535257475900597413e-01,1.000000000000000000e+00,1.682287153387775069e-01,7.879129439817829372e-02,6.209495601155465977e-02,8.506336076213953656e-02,5.810684217961293863e-01,2.645820447988181390e-01,6.089370084455224541e-01,1.405083696545449401e-01,1.083863682978120357e-01,5.809366724532611520e-02,2.288936508230280387e-01,3.938632252649786891e-01,4.435044754000120881e-01,3.132400586358842776e-01,-3.774345835457926235e-02,4.809811930774984118e-02,5.233233688165036396e-02,3.535635295664539268e-01,3.246639305837102918e-01,1.309930750877256189e-01,-1.294347288352275423e-02,2.798803919310122734e-01,4.660884496804490462e-02,3.596270022786266507e-01,2.673752322500823732e-04,2.324741744602536742e-01,5.073461009034223312e-02,1.507898157229143887e-01,-5.149010297041951151e-02,2.674516504279985107e-01,3.705173639753675530e-02,9.738814219042145337e-02,1.877372183008950424e-01,7.470277954571610257e-01,5.365179271529815774e-02,-9.309462578616073403e-02,1.445099037580558320e-02,8.319413386010211797e-02,5.420884259894140911e-01,1.285170732674437710e-01,5.735688448103550829e-01,1.566653452337061492e-01,3.434920977146267707e-02,-1.008383841147754284e-01,1.248859496216808695e-01,4.243997578222395983e-01,3.459736128497457042e-01,3.117224656813312733e-01,-1.336307105376124404e-01,9.466438820840668289e-02,9.813954225090160133e-02,3.093552035076407858e-01
3.837368611538100049e-01,4.816096631937324402e-01,3.122977277852652112e-01,1.360090038648303912e-01,1.089119653621288264e-01,3.264936393482211763e-01,7.466490393944250070e-02,4.816028228202207662e-01,-9.018722258216017862e-02,1.500689876249849952e-01,4.858720159962710006e-01,2.253222371994882678e-01,-2.190571543319861508e-02,2.844447180061422387e-01,1.372839662722379617e-01,1.682287153387775069e-01,1.000000000000000000e+00,3.653173163806648360e-01,6.876506082952998922e-01,2.005965957525131238e-01,2.172363687143345490e-01,3.420649762741615474e-01,3.825252835777672167e-01,5.114786791201389460e-02,8.254379244697658546e-02,4.183327070591753571e-01,4.344156167450086703e-01,2.993972474212215351e-01,3.656664346683089484e-01,6.734875546367850019e-01,7.023837656896486648e-02,8.833546718102620876e-02,1.777352930977595946e-01,5.217732080801388284e-01,2.647707776132273705e-01,3.482840215348930180e-01,2.671277442020448811e-01,1.200439604011236255e-01,3.856545596086020933e-02,3.135550078603291935e-01,1.085771332373088593e-01,3.693658702778465086e-01,-5.691654512899286394e-02,1.180516591664347720e-01,2.874736440947511795e-01,2.570782479241381369e-01,-1.343292733240555314e-01,1.593018393827407841e-01,9.439489987752207323e-02,1.919568856044366056e-01,5.882112601201289204e-01,1.339939714457903108e-01,5.987651859677350918e-01,2.573790603567811530e-01,2.700132497541539722e-01,1.405081615316769450e-01,3.803227599986157559e-01,4.502189133907915329e-03,2.609772644915985419e-03,1.976987774254654606e-01,2.836727926613387130e-01,3.057856513550089583e-01,3.090840574067007518e-01,5.452118786699367003e-01,-2.924155580026334758e-02,7.863510503902432225e-02,1.950830192935274210e-01,4.611365353989526628e-01
4.128475258626300159e-01,6.661136750288686181e-02,5.197869019200740404e-01,-1.287975943057989570e-01,1.267489625419386812e-01,2.353547822339581708e-01,4.832589460810162718e-01,4.567615806553810831e-01,1.381189169610774203e-01,3.995620164645644762e-02,4.242608048024064660e-01,-5.591120294659090301e-03,4.273994675069968663e-01,6.991118669761087201e-01,2.413280481854844506e-01,7.879129439817829372e-02,3.653173163806648360e-01,1.000000000000000000e+00,7.202542789307635474e-01,-5.504331767210693394e-02,1.250461482719670836e-01,8.056652314165302364e-02,5.168478804324504183e-02,1.227643128712266468e-01,2.466682220082174193e-01,2.251180844390977820e-01,4.681758109581785066e-01,-1.706596752344679419e-02,2.369444750979136649e-01,2.646942400637944393e-01,2.193131742086740776e-01,2.262202901539784039e-01,2.577999129392031727e-02,2.319028572025694512e-01,2.630783648377663098e-01,-9.239080861326542937e-02,3.061076182002181456e-01,-1.499471422748036298e-01,1.196789655814371606e-01,1.989983335441599110e-01,3.466331773122353077e-01,2.539885546723714138e-01,2.578253725221104839e-02,4.688099319191148251e-02,3.854755782307020540e-01,-2.917543234260052548e-02,2.932868510705459730e-01,4.961700022364096130e-01,1.705750006202902680e-01,2.010503600900883855e-02,1.135291265155036616e-01,6.545947372977378720e-01,3.643167777419247799e-01,-1.261727104690814208e-03,1.094542094483705735e-01,-1.837759108724781043e-01,-2.223972944445587116e-02,9.991930689634663174e-03,1.641475138441070292e-01,-2.685189782532359029e-02,3.181771183727518104e-01,1.936083944800955775e-02,1.285385095831302060e-01,5.019722540401733157e-02,1.664901701596458450e-01,1.032636534238440679e-01,5.792583950039247725e-02,1.069065399760106838e-01
4.964905533497971923e-01,2.834664499915758862e-01,4.126619866887548116e-01,-1.631286071781136437e-02,1.324643783107511963e-01,3.105907220726298323e-01,2.886767889059997927e-01,4.709057193960730636e-01,3.424318885871422552e-02,1.092821643786915653e-01,5.227511864902183447e-01,1.416426402330799028e-01,2.046437682914458156e-01,6.277335803053863961e-01,2.094229583153636443e-01,6.209495601155465977e-02,6.876506082952998922e-01,7.202542789307635474e-01,1.000000000000000000e+00,1.049806696488042590e-01,1.219866749212698831e-01,2.445275408023862562e-01,1.271039681954798661e-01,7.420715785718345892e-02,2.084093645073622769e-01,2.562607224932144656e-01,4.831465870865505052e-01,1.294180854592746621e-01,3.486917417727235513e-01,4.626917883443362189e-01,2.344732454491789686e-01,2.180460537374319108e-01,9.800300590818374069e-02,3.721426721983904229e-01,3.009856479055898482e-01,1.241928381193411896e-01,3.018719676920823547e-01,-3.641445712204560009e-02,7.500770005023545128e-02,2.730111270029852988e-01,2.181886593631444660e-01,3.495665179453260052e-01,-3.386095093935272832e-02,1.056906596904469559e-01,4.141111870741400747e-01,1.363680269688477276e-01,1.094290485726552298e-01,4.130508355738859994e-01,1.365430951149170236e-01,7.304693634093502308e-02,4.256723122599229692e-01,4.967391647193658000e-01,6.845900501360567825e-01,1.574165125496583828e-01,1.440711702288901275e-01,-3.126272545849281131e-02,1.149495760518439574e-01,-1.602278900882101939e-02,1.351152912701712727e-01,2.653636423063721397e-02,3.367379001551553674e-01,1.668864011432331096e-01,2.482089567905004512e-01,2.818149031352597533e-01,1.593010384872821372e-01,1.128281145859091894e-01,1.289944223505612719e-01,2.667763546182487788e-01
-4.042033340531931557e-02,2.549768484602588092e-01,9.095798155797892026e-02,7.384594233900008131e-01,4.687647789738769166e-02,3.884585579296691571e-01,2.476611682253074959e-02,9.554165546800122422e-02,1.805486322065114890e-01,3.848211574933639856e-01,1.797695949724486264e-01,7.740260166567878297e-01,-6.939673250651376413e-02,-3.840161829757747503e-02,1.612529061165945410e-01,8.506336076213953656e-02,2.005965957525131238e-01,-5.504331767210693394e-02,1.049806696488042590e-01,1.000000000000000000e+00,7.260568966528575807e-02,3.293729596683563354e-01,1.673630005501308693e-01,2.353901140890334864e-01,1.696804250873994516e-02,2.070552730646786632e-01,1.338870719564535516e-01,4.568235583107617681e-01,1.472728805528303875e-01,1.460386018121307972e-01,3.401921496140253298e-02,4.773914396758836137e-02,2.702637839382518448e-01,2.308785608711312054e-01,2.971606106194196739e-02,3.057642213475181281e-01,8.749798210121181863e-02,6.426341256699893423e-01,-5.283456475412763587e-02,3.124667288981630708e-01,2.869068219845261752e-02,1.705604759519160629e-01,2.759791563128606295e-01,3.193149637025087251e-01,9.399352363505744656e-02,7.441274113933009637e-01,-6.740381160189615195e-02,-5.647731119608648265e-02,1.666078603850062456e-01,1.416660307000858210e-01,2.063039955579587525e-01,-1.458319667201127545e-01,1.935913987551629578e-01,8.719459925530685940e-01,7.838594276777419156e-02,3.193490427825955158e-01,2.091816469552401636e-01,2.432417788542888537e-01,4.032262256563933639e-02,1.340853254423912122e-01,7.770136612650703489e-02,3.898646671932532448e-01,1.367591092263978347e-01,1.343026522870514328e-01,-4.793151407736371411e-02,1.767361394003268832e-02,2.732259434434810563e-01,2.737684851781687079e-01
4.670574661415619611e-01,2.458780276881424309e-01,1.538800502924654312e-01,2.789430419164911079e-01,-2.164076839498588201e-02,2.611055070830326508e-01,1.188734181814014995e-01,1.990878216639961618e-01,5.886244299627176046e-02,2.042488754831177922e-01,-1.767573822215869062e-02,2.696477875632929400e-01,7.816387718523562511e-02,2.114466087712967290e-01,9.574476780876153836e-02,5.810684217961293863e-01,2.172363687143345490e-01,1.250461482719670836e-01,1.219866749212698831e-01,7.260568966528575807e-02,1.000000000000000000e+00,2.581040669183293779e-01,8.282660471997322915e-01,1.450606210632130744e-01,8.760825656042895218e-03,1.739663369900899537e-01,3.277668574362013199e-01,3.648287035313346749e-01,6.424504135051608555e-01,3.895321638115419316e-01,6.806080395336550071e-02,8.978186392745823863e-02,1.986664735764131218e-01,4.559702345800794587e-01,4.790767134807276117e-01,2.036469114667711910e-01,7.830920652655014302e-02,3.216734606307612432e-01,9.575811539547561535e-02,2.958695130039468157e-01,6.720033590584960359e-02,2.390822267898490838e-01,9.173701717092715147e-02,1.976157020442896317e-01,-8.344942918574100351e-05,2.536231052654510654e-01,2.932659392009626456e-02,2.402209192956510642e-01,1.701527416010902571e-01,6.095629189400104675e-01,1.054134923880296199e-01,-1.738156891455904657e-02,5.460807261939272517e-02,6.594970170887465288e-02,9.045434746598824960e-01,1.579126738128721064e-01,7.646371664510767108e-01,1.361126828223341578e-01,-2.113273271115883450e-02,3.672590096330688447e-02,1.907898175873458391e-01,3.818745778413703551e-01,5.555839028998357243e-01,3.918011935426991554e-01,-6.774864252873565029e-02,1.728215960146989028e-01,1.925862866590336842e-01,4.834815021673995461e-01
1.735394620694717116e-01,4.001757219784032871e-01,1.929622484240559321e-01,3.613219348832861777e-01,5.351194693826663573e-02,2.986784435520620229e-01,2.179116182774660238e-01,2.761262065888743233e-01,2.795576818094317462e-01,1.417025142894417222e-01,3.109504054044443522e-01,3.419010818020278841e-01,9.061191192478511292e-02,1.836230355829491512e-01,1.978974372376412216e-01,2.645820447988181390e-01,3.420649762741615474e-01,8.056652314165302364e-02,2.445275408023862562e-01,3.293729596683563354e-01,2.581040669183293779e-01,1.000000000000000000e+00,2.868069084516035594e-01,4.000715339938883397e-01,2.298130704822735348e-01,3.727762313813738904e-01,3.669523666776745574e-01,3.319407906695561739e-01,2.827822620059844416e-01,4.228870408129613567e-01,6.164645606702112701e-02,1.884376218741820944e-02,2.363179476544727264e-01,3.832368537006233256e-01,2.030063098892430917e-01,3.370468646246294608e-01,1.687561422344728279e-01,3.385458822563058856e-01,-4.319992505594693645e-03,2.842163161348442713e-01,2.127622946357661804e-01,2.412322468336015879e-01,3.139694376588623159e-01,1.172708403153635698e-01,1.854629167417859714e-01,3.346236950197494786e-01,7.660733601275386551e-02,1.535004678932204991e-01,1.618661632249450977e-01,2.442526132120510507e-01,2.431493083492401452e-01,-5.594661636582697745e-02,2.403911769425423894e-01,3.120445139012809621e-01,2.552627159362174658e-01,4.147105992283721121e-01,2.806772034154694229e-01,3.816898916017156806e-01,1.570499067498214163e-01,2.209296709209480347e-01,2.877416105706021576e-01,2.924210210438681345e-01,2.593095559171442188e-01,3.059315994431023866e-01,2.601552188262300919e-02,3.151009658558824589e-02,2.190845823678966298e-01,4.104834692924652639e-01
3.821801703388688631e-01,3.891264113281828196e-01,1.245619710759897775e-01,3.146269570813202132e-01,-2.058737208907142607e-03,3.373007425848547625e-01,-1.204123028418124797e-02,2.937806626407452049e-01,-6.919816463259148565e-02,2.571593611161731574e-01,5.956643562325393548e-02,3.115388091447843233e-01,-3.721279512584606958e-02,7.186419691225727491e-02,1.106392654494758321e-01,6.089370084455224541e-01,3.825252835777672167e-01,5.168478804324504183e-02,1.271039681954798661e-01,1.673630005501308693e-01,8.282660471997322915e-01,2.868069084516035594e-01,1.000000000000000000e+00,6.420002242993184949e-02,-4.994897549537593434e-02,2.287106531699372447e-01,3.442963485673721791e-01,5.062096496176036187e-01,5.859080212172381730e-01,5.405515428196474570e-01,-3.625613440666371895e-02,4.230350331811051634e-02,2.231986172652971612e-01,5.428393524067387510e-01,4.136677824935058867e-01,3.431271910206443732e-01,4.883050497164652393e-02,3.422317214783084371e-01,8.002210791803797407e-02,3.695152969525523079e-01,-4.361237132998479343e-02,3.051061331552917255e-01,3.571974284115551294e-03,2.412088792906328105e-01,-4.848214197882112775e-02,3.276575475111794811e-01,-1.141760352350538049e-01,5.237320080853549026e-02,1.758644578537400249e-01,6.443900971126863553e-01,2.439581827349073806e-01,-1.636733022263723025e-01,1.279618312016271298e-01,1.832300267664599691e-01,8.103127297881737023e-01,1.872363911828214267e-01,8.814240081746864686e-01,5.930555262108166276e-02,-1.228055384781086001e-01,5.485768868405630633e-02,1.455534218377103339e-01,4.993759065974696099e-01,5.063617265321884719e-01,5.459929612781110331e-01,-2.045691461648306564e-01,1.216889177314605802e-01,2.223743780962224303e-01,5.447288357411279591e-01
