1.000000000000000000e+00,3.703719167481574204e-02,3.464377408251393953e-01,8.654072964103166898e-02,-2.832473059882201216e-02,1.878760563749057866e-01,2.884345547276588317e-01,9.396679170127587855e-02,2.913972825993315849e-02,3.178423321962682846e-01,1.259544290707129699e-01,9.412797170910965072e-02,1.117995467635397172e-01,4.719440234940017187e-01,-5.107319494699805867e-02,9.254266341043851374e-02,4.819555775575635193e-01,3.176162637512433551e-01,4.940159625654200193e-01,9.386445901739598474e-02,2.574472654340779765e-01,1.257508372387314555e-01,2.197278187230665425e-01,7.481774443687427834e-02,1.226658561718489276e-01,2.627515515788954037e-01,3.800475884630308276e-01,9.012895169171850074e-02,4.003795090058339112e-01,2.813982456233914409e-01,1.882641961857627888e-01,1.507449173115245561e-03,1.122719678312483482e-01,8.269430837894896358e-02,4.328185127556498646e-01,-8.010631134278866500e-03,1.968705841294440817e-01,1.028244883557233591e-01,3.626435923734181582e-02,1.564976764564195155e-01,2.107947884749740985e-01,-9.277571628320470387e-02,1.815472222168102931e-02,2.993619116513819289e-01,-3.079821388244245034e-02,9.351921595333488602e-02,-8.098990275192644028e-02,3.193517660031317540e-01,7.428027603609897549e-03,1.282303703734831990e-01,1.098412864592250154e-01,1.875404885307925262e-01,1.733011550020185920e-01,1.713789763829134671e-01,2.244611791512458598e-01,-1.167565531874900208e-03,1.607548575886996733e-01,8.624124089970179596e-02,1.735331786070561377e-01,2.016279367434070102e-01,2.782529894808873916e-01,7.475216196878921304e-02,3.151843561555136009e-01,7.018501467266481664e-02,1.407377713402407637e-01,3.514510348261141309e-02,1.139879119158658388e-01,1.080084349642922714e-01
3.703719167481574204e-02,1.000000000000000000e+00,-6.293384961063394623e-02,2.022191004514785062e-01,-4.849641528140549024e-02,1.515900317235255035e-01,-6.591803015238123509e-02,1.045376279668794733e-01,-5.656221691675956259e-02,7.377128401540920810e-02,1.011641176789977864e-01,1.877840831609560723e-01,-1.219229362292155311e-01,-4.309650064993643392e-02,1.666367201927580408e-02,3.177078025090880886e-01,2.458351367695070511e-01,-2.441344904451812625e-01,1.652025851337656226e-01,1.862139540988401454e-01,2.698924278246834785e-01,2.211590946151902326e-01,4.443662777705771338e-01,9.180535613611917611e-02,4.010420909231773162e-02,3.220984818515303938e-01,2.249506495285009122e-01,3.454857965037375633e-01,2.299699550058299513e-01,3.151020849718225714e-01,-1.584838582104078630e-01,-1.019899464999147803e-03,1.853244979718184082e-01,3.635009114227383820e-01,2.571069949813850619e-01,4.270083926471680558e-01,-5.004659387818894550e-02,2.061101430227623155e-01,-1.848462176501424956e-02,1.807458369246591756e-01,-8.313751245205211471e-02,2.642484566804637058e-01,1.219251504480758398e-02,7.357743303643705934e-02,-1.098307882279832455e-02,2.337814001483690396e-01,-1.358523978376140473e-01,5.355182937027967022e-02,3.758768354664301925e-02,3.578232376453406305e-01,3.541328737761320622e-01,-3.292001673832182229e-01,2.534484085401863540e-01,2.049757884700224575e-01,3.176086086022395505e-01,2.591422124741329380e-01,4.585287824208724716e-01,1.737499299160880639e-01,4.315903987135331216e-02,1.277621028395717617e-01,2.444336698164861488e-01,3.655533606611244823e-01,2.867331920771810649e-01,4.249390078533244464e-01,-2.505753401905005950e-01,6.398819257371209102e-02,9.558790145286809314e-02,3.771446206350505537e-01
3.464377408251393953e-01,-6.293384961063394623e-02,1.000000000000000000e+00,-1.371722137588706793e-02,8.681001583971913182e-02,3.329397591718205041e-01,7.548576539721933987e-01,3.396364786136547020e-01,3.284626501658571840e-01,3.001903861538142149e-01,3.354881313586472458e-01,8.563828723457114767e-02,3.906047919352404474e-01,5.588120963301383970e-01,2.493080889113367671e-01,-1.905008846269689790e-02,2.647814086852391391e-01,4.501419392013708554e-01,1.094683656462542981e-01,1.344679622116553008e-01,1.717651326707776427e-01,3.436957052096660803e-01,8.502259533480105436e-02,3.866717942094015092e-01,2.317296737833854092e-01,4.937948220336330629e-01,5.299265302437460301e-01,1.507301496159358656e-01,2.561576192601211499e-01,4.068724053103464078e-01,2.883491257301216693e-01,-2.920875465046470377e-03,1.545104855910954533e-01,-2.573705601840464707e-02,2.403415103167452424e-02,-1.481998811878176836e-01,6.133065851351238162e-01,-3.506892839044764391e-03,2.285966540758539167e-01,2.592166186273139883e-01,6.650042860295138913e-01,8.342136824403111051e-02,3.547854789433405598e-01,3.282124474379527479e-01,9.340763874510665810e-02,1.330230385547331029e-01,2.207140249485212979e-01,4.586280147183974809e-01,2.440535841819907181e-01,-1.747038637360239996e-02,-2.374672953722808261e-02,1.909361188260466913e-01,-5.287802878017307598e-03,2.552679831872555760e-01,1.300004425425546617e-01,1.003753219960442089e-01,-2.603188864633957517e-03,3.447421843990947088e-01,1.760099846199838225e-01,3.813129413889199126e-01,2.235937607026877438e-01,2.885155826110607363e-02,1.559481142634157325e-01,4.907837458436582929e-03,1.663143302108716082e-01,8.161781703249970654e-02,4.993211366917789384e-02,-4.072603547332837720e-02
8.654072964103166898e-02,2.022191004514785062e-01,-1.371722137588706793e-02,1.000000000000000000e+00,-2.962881405166800999e-02,3.108704243070913309e-01,9.409725031239420112e-02,1.108026177516742011e-01,1.002445374865206934e-01,3.177078335691084776e-01,6.844882860495854482e-02,7.876785164295631025e-01,-8.682371885000990386e-02,1.650325232761502142e-02,6.143577483558940178e-02,2.346045408845338909e-01,1.624370331610261453e-01,-1.504613715410243746e-01,1.449981499614136915e-01,6.466958419420778537e-01,3.036062002186685205e-01,2.888835169642396949e-01,3.024418588328467439e-01,2.103846318214814270e-01,2.338778846374198542e-02,2.460101098307955203e-01,6.294231933417118730e-02,3.607396990160014472e-01,2.335962279983493928e-01,1.338436733647848098e-01,-6.219278437013239791e-02,-4.640702586509111438e-02,2.030146580349423968e-01,2.544281772638858352e-01,3.221880666185965580e-01,3.824791231376841183e-01,1.044418106461494911e-01,8.653639425939606555e-01,4.301475599711112457e-02,3.839940498415225223e-01,1.537662181873808431e-01,1.683751126040267942e-01,1.965990958658231369e-01,2.704632056272163187e-01,1.599343214537233826e-01,7.474197965034039548e-01,-2.272099138198737864e-02,1.550774231420919969e-01,1.779153235959271828e-01,2.796864078697257616e-01,3.292119116627285069e-01,-2.165070451576230348e-01,3.533571255607632633e-01,5.954818747038685967e-01,3.618123497992959403e-01,3.060928441413994783e-01,4.148850180111431363e-01,3.460082789314639085e-01,1.415410218722581714e-01,2.381533979453860639e-01,2.634926454347921720e-01,3.943433445100719137e-01,2.793632904457274968e-01,2.860890006257308382e-01,-1.465156337188090185e-01,-3.145021928611570032e-03,1.520223284942376074e-01,3.243106395978038736e-01
-2.832473059882201216e-02,-4.849641528140549024e-02,8.681001583971913182e-02,-2.962881405166800999e-02,1.000000000000000000e+00,7.637876584199025654e-02,8.943999390520396275e-02,1.124349090488434150e-01,6.716278966511896042e-02,2.359196160546501650e-02,8.759086235242626028e-02,6.651409682091164420e-04,1.102758545006877616e-01,9.913529716098631872e-02,9.147370954449288161e-02,-3.303565153804151333e-02,-3.760124168711710679e-02,1.038008142288213281e-01,-1.106573664603820346e-02,1.803462296977487167e-02,-8.674411779473793771e-02,4.711203385726014242e-02,-8.691349452377315765e-02,4.172171342799204513e-02,7.361915748288512529e-02,2.499829031029025470e-02,4.357171694537228385e-02,-4.876554337874197328e-03,-3.954982243982804561e-03,1.876015770575438155e-02,6.858578061808870419e-02,8.126948320843487006e-02,4.093677383790449500e-03,-5.596772830924590103e-02,-5.198268374923561974e-02,-4.152316922308261354e-02,7.367262774173245765e-02,-1.585732602276553396e-02,9.584325471524030027e-02,5.501906259884254552e-02,1.123085112430097232e-01,5.305898093085473222e-02,8.500798236534097552e-02,4.485902504164736987e-02,1.017633094969617874e-01,-1.436007102604625572e-02,1.085703621405339214e-01,8.263252488406934437e-02,4.420840828533834782e-02,-2.759397470480421874e-02,-5.073790464828972085e-02,1.004938868955275039e-01,-6.450917988312107089e-03,2.376151166265234524e-02,-5.838741754851694415e-02,7.128637703751138088e-02,-7.998901726607053619e-02,3.223236505997990886e-02,8.037328135305378540e-02,6.409059611981703097e-02,4.809140680252045608e-02,-2.404465993877612923e-02,-2.933645988688400597e-03,-3.350035045704079922e-02,9.812828772747282657e-02,2.213571152210568396e-02,-1.434455450300433504e-02,-2.465196801151865735e-02
1.878760563749057866e-01,1.515900317235255035e-01,3.329397591718205041e-01,3.108704243070913309e-01,7.637876584199025654e-02,1.000000000000000000e+00,4.447341956108666894e-01,5.863036220353451400e-01,1.778307873507428416e-01,6.464445837591566990e-01,2.476666481508489615e-01,5.133889152189832217e-01,1.903352540829210404e-01,2.773440384550667770e-01,2.783241348549880256e-01,2.341656903445752114e-01,2.758181728493501184e-01,6.544714999296986913e-02,2.894026069394539102e-01,5.040996878601173847e-01,2.366826934052334852e-01,3.353631417185333752e-01,3.037436848317663918e-01,2.576948161616638977e-01,1.211209216661587179e-01,3.851184656698118935e-01,3.054572457437708666e-01,6.010934121675359787e-01,3.415953048842803041e-01,2.722931470461676939e-01,7.214781284506709136e-02,7.721989197273476657e-02,2.423849661707015435e-01,2.418960365668993695e-01,2.376260219042642674e-01,2.273854126003685971e-01,3.257202550067428981e-01,2.761530439691856631e-01,1.340027652703001670e-01,7.462235780539958618e-01,4.319878030852747353e-01,4.541253013491880486e-01,2.602441283908996095e-01,6.596623463329872594e-01,1.183477188657859752e-01,5.368484243512657850e-01,2.178958041372564824e-01,3.788973811652693868e-01,3.375909707592318898e-01,2.452745629554355655e-01,1.830442889744602342e-01,-1.400364483471050747e-01,3.538384383703451763e-01,5.365022660705011104e-01,3.166252422987777537e-01,2.034546680479910608e-01,3.579252036773657442e-01,3.939772007368860796e-01,1.468608709581318561e-01,2.888893530697560497e-01,3.658854827323153036e-01,5.922600237220098096e-01,3.200457650412499855e-01,2.508137254923726855e-01,5.669418923662499638e-03,8.967543664600630127e-02,1.328933751153402454e-01,2.450906917542255981e-01
2.884345547276588317e-01,-6.591803015238123509e-02,7.548576539721933987e-01,9.409725031239420112e-02,8.943999390520396275e-02,4.447341956108666894e-01,1.000000000000000000e+00,3.194532270427659082e-01,5.264511210089116711e-01,3.442960900911058997e-01,3.098643189595120528e-01,2.122651241407128020e-01,5.493247446854189198e-01,6.840314194376646562e-01,4.225192427029705322e-01,8.602702405434767274e-02,1.107607364597928551e-01,4.295934179576835210e-01,1.921117722563396926e-02,2.186615949179937790e-01,2.164174471421158596e-01,4.121680979939216782e-01,9.384862561608749154e-02,6.146407656735238811e-01,3.670116917856369176e-01,3.195554022513249492e-01,4.955920999796521453e-01,2.272848179299808424e-01,2.961554139430292443e-01,3.277350451927808495e-01,3.785898366113718549e-01,5.847867132068020057e-02,1.813056817542140209e-01,-3.639098677183481845e-02,6.690089177814813326e-02,-1.730602450313142859e-01,5.103093125149559262e-01,1.084153473249547250e-01,2.446256859254539728e-01,3.858089116489075709e-01,8.094831977577144899e-01,1.680201014943747406e-01,5.380707943971050344e-01,3.369437819354039743e-01,6.048756202510036095e-02,2.517558607372748503e-01,4.415792992428173025e-01,6.109895682766929292e-01,3.934608013048399022e-01,5.539915741225058532e-02,-1.492106793792771224e-01,1.572688905269884474e-01,9.364653889114700827e-03,3.203183247354947638e-01,2.060666167679812977e-01,1.393753941296714816e-01,4.933515703816115927e-02,5.666185043253749720e-01,2.416821667921309480e-01,2.072029294329357785e-01,2.671636403829016349e-01,1.335769349673429363e-01,1.967897372431793024e-01,-1.962242576795851165e-02,2.478062704930155125e-01,1.193823533972896977e-01,1.067626582904208088e-01,-3.268956976038390333e-02
9.396679170127587855e-02,1.045376279668794733e-01,3.396364786136547020e-01,1.108026177516742011e-01,1.124349090488434150e-01,5.863036220353451400e-01,3.194532270427659082e-01,1.000000000000000000e+00,7.960478468916150352e-02,4.075465340300782335e-01,3.094700961433510256e-01,2.389195387778063895e-01,1.201182313339864277e-01,2.085001536066471151e-01,1.307701020396824787e-01,1.215570685961017278e-01,2.540270027397347752e-01,2.228000111637907787e-01,2.747886103017592174e-01,2.865862196989025223e-01,1.559928864386586900e-01,2.858674997794582451e-01,2.307574716989755359e-01,3.694916410829142406e-02,4.823342544361219897e-02,3.663899858166411727e-01,2.342884752082354249e-01,4.710723442431652419e-01,2.607600036006217370e-01,3.546062145426013279e-01,7.370998078350404770e-02,8.590245790232767242e-02,2.111245534835099469e-01,2.023361882464276007e-01,-9.660704014522170351e-04,1.389408750600822362e-01,3.073739112867108214e-01,9.724777772098032458e-02,1.524924948348804488e-01,4.636691108010352891e-01,3.251726788375468025e-01,5.354679691777179951e-01,1.524374119656118354e-01,4.234135233628288919e-01,2.105999753471695102e-01,2.426115843094439894e-01,1.673447538132387113e-01,2.769211978987695111e-01,1.852330847079791676e-01,1.657705583216289302e-01,1.784520724988026830e-01,7.804037425741076721e-03,2.464756895104808498e-01,3.178575966287246479e-01,2.506274514471599768e-01,2.012115241081919859e-01,2.769056818099008832e-01,1.716108229977122146e-01,8.669463417584953591e-02,3.277510061739629110e-01,1.655094257471187436e-01,4.072247241076688562e-01,2.435976663735986147e-01,2.972970628490028133e-01,1.991205889055481723e-02,1.146962906114612490e-01,1.369767841299678879e-01,2.169525362033476179e-01
2.913972825993315849e-02,-5.656221691675956259e-02,3.284626501658571840e-01,1.002445374865206934e-01,6.716278966511896042e-02,1.778307873507428416e-01,5.264511210089116711e-01,7.960478468916150352e-02,1.000000000000000000e+00,7.487420159932280106e-02,2.647033737861781977e-01,1.599059541204653212e-01,4.580323736811390267e-01,3.947001659347023073e-01,3.102315687713008141e-01,5.208062571232745935e-02,-1.266268075916078539e-01,1.466080800197677170e-01,-1.529300091397861883e-01,1.254936607778595614e-01,1.498621028085112550e-01,3.504859518142662278e-01,1.094902845051667385e-02,6.132051972978806997e-01,4.569752413100365285e-01,1.377372551590201055e-01,3.740135253360706291e-01,-1.162531009551725711e-02,1.494160990048398197e-01,5.230400855959309314e-02,3.708938411245274458e-01,7.915695899467443952e-02,1.150785490293414343e-01,-5.090103401130223471e-02,-3.954605428822494106e-02,-1.326916766654384627e-01,1.508198059984965644e-01,1.199712274764451886e-01,1.739393016743991383e-01,1.707068940370157495e-01,4.405578006950642278e-01,9.539556586816512473e-02,5.824125074595789542e-01,5.322021941784775556e-02,1.229052354297899968e-01,1.566512051446705134e-01,4.119477394446283136e-01,3.603369439294824561e-01,2.766150823186611651e-01,5.339624261845025976e-02,-2.563743403575722835e-01,1.594587434190131506e-02,-8.990347869797256364e-02,1.758784092606209548e-01,1.386882260240298037e-01,1.943375372817175983e-01,9.239350280725847422e-03,4.965313084113478492e-01,2.959761059999763133e-01,1.414600542411508996e-02,1.511109062639290346e-01,-1.231249514594585752e-02,1.289857986924794198e-01,-8.458276673677071755e-02,2.215570521550743466e-01,6.650816046592636366e-02,1.172472980928434272e-01,-3.742462623476226768e-02
3.178423321962682846e-01,7.377128401540920810e-02,3.001903861538142149e-01,3.177078335691084776e-01,2.359196160546501650e-02,6.464445837591566990e-01,3.442960900911058997e-01,4.075465340300782335e-01,7.487420159932280106e-02,1.000000000000000000e+00,1.737972183919631319e-01,4.543164164133736693e-01,1.673032977467305282e-01,2.381989406231269923e-01,4.766206670042237581e-02,1.386513815673185157e-01,2.316840485625924484e-01,1.614340193893763487e-01,2.559244105312332707e-01,5.825955883946450919e-01,2.734404653697553589e-01,2.341053392862372518e-01,2.749108766274601656e-01,5.618042106666478602e-02,3.414373193290928810e-02,2.891100187237401475e-01,1.607579858687034069e-01,3.909134243986656654e-01,3.507808982816601473e-01,1.494936660856198141e-01,1.165771316769611057e-02,3.103066586245780550e-02,2.167269593235680858e-01,1.538565761615877381e-01,1.998303119029843644e-01,8.393228415480696869e-02,3.662045526347772473e-01,2.915725636795285514e-01,8.474893418784518184e-02,6.081371941184318120e-01,3.891357488142646037e-01,1.417806940568824559e-01,1.564128289017673590e-01,9.197571271212748867e-01,1.502979212203799653e-01,4.766558113966409271e-01,1.459696431268422689e-01,2.682559401820687750e-01,1.325194432013609702e-01,1.613803548695814105e-01,1.761952121997375775e-01,7.723223845137974775e-02,2.134109679619110855e-01,6.458554876701959602e-01,3.287051157642305044e-01,1.247928100362831888e-01,2.742597685706214539e-01,1.893424850990318986e-01,1.468020967220833861e-01,2.963980846475041675e-01,2.637560061504738429e-01,3.725244711694042365e-01,2.738751316960194027e-01,6.294262467094316471e-02,7.358121246165046092e-02,5.383536996367530719e-02,1.157402421637688944e-01,1.111106182261142467e-01
1.259544290707129699e-01,1.011641176789977864e-01,3.354881313586472458e-01,6.844882860495854482e-02,8.759086235242626028e-02,2.476666481508489615e-01,3.098643189595120528e-01,3.094700961433510256e-01,2.647033737861781977e-01,1.737972183919631319e-01,1.000000000000000000e+00,1.367602977434078382e-01,3.598855088257458812e-01,3.521356259574668357e-01,1.386422664278581240e-01,9.815270699443373603e-02,2.369709772394495151e-01,2.412787519842270190e-01,2.138772866598500633e-01,1.496424070129551698e-01,1.947472644847530188e-01,3.310673363280413062e-01,1.909149291181001795e-01,1.998912585331658887e-01,3.805631898106263677e-01,4.240429114922611431e-01,4.840991579633411868e-01,8.916029264177889602e-02,2.788212560774930293e-01,3.458672142203286226e-01,2.240827557069843545e-01,7.409698186905584738e-02,1.895296653659311881e-01,1.897334060249892262e-01,8.437481277972445903e-02,7.651119496905391115e-02,2.397539105909495261e-01,9.672369503543019886e-02,6.381559597891804658e-02,1.962744612067581218e-01,3.085153315368155402e-01,2.597861579102227481e-01,2.645256599818178178e-01,1.798473537177915915e-01,3.597514820110728206e-01,1.046114163325235769e-01,2.964161125125003293e-01,3.598743567293164469e-01,1.765161952957145786e-01,1.337863388666534481e-01,8.184726080205910470e-02,1.014322172839157710e-01,2.251547023380658652e-01,1.812753989460958171e-01,1.695929692301335612e-01,2.492954442814468430e-01,1.639636205103346955e-01,2.447696289087441801e-01,3.580022846916157131e-01,3.071291246442367506e-01,3.658366827349149863e-01,5.419591014433729204e-02,2.215058938765823715e-01,1.795722372677334699e-01,1.719201725952545501e-01,1.093262346657092321e-01,1.093158003712470377e-01,1.870881151859278835e-01
9.412797170910965072e-02,1.877840831609560723e-01,8.563828723457114767e-02,7.876785164295631025e-01,6.651409682091164420e-04,5.133889152189832217e-01,2.122651241407128020e-01,2.389195387778063895e-01,1.599059541204653212e-01,4.543164164133736693e-01,1.367602977434078382e-01,1.000000000000000000e+00,3.725429783273102174e-02,9.683982046935236954e-02,1.340658002032769636e-01,2.551988874481118663e-01,2.212837395361508530e-01,-7.106371247700689342e-02,2.238827658181574976e-01,7.784873355053332222e-01,2.857186959343252508e-01,3.255625879354764884e-01,3.110381963709855646e-01,2.374032705571741675e-01,9.678262598755880963e-02,3.099184005960321509e-01,1.775183357180859789e-01,4.219289459479071414e-01,2.636418088374078428e-01,1.653444185687286960e-01,3.539378643094217430e-02,7.348060136017358843e-03,2.460505288348091568e-01,2.447029477928664709e-01,3.048642525771949607e-01,3.641043499059855582e-01,1.830197804652252680e-01,7.140013343502701337e-01,6.566001957256782651e-02,5.881420044811999093e-01,2.438805125618264125e-01,2.544637457566665817e-01,2.417552800678940406e-01,4.248147370931031341e-01,2.188892100537613017e-01,8.429647383169043273e-01,1.198606866874926125e-01,2.451705446157265711e-01,2.537793242391866988e-01,2.992065227378600811e-01,3.066917002404818127e-01,-1.864818782991409796e-01,4.025870999662626848e-01,7.138305793792555365e-01,3.657299003031238560e-01,2.684320830110652478e-01,4.326817996255197252e-01,3.704057427739722574e-01,1.755661531890932714e-01,2.905885971374406185e-01,3.595658058337614649e-01,4.833553260304709887e-01,2.984366420738542858e-01,2.760956916897133739e-01,-5.069728709810755740e-02,1.505571833113594424e-02,1.882206190638736343e-01,3.173738521752801911e-01
1.117995467635397172e-01,-1.219229362292155311e-01,3.906047919352404474e-01,-8.682371885000990386e-02,1.102758545006877616e-01,1.903352540829210404e-01,5.493247446854189198e-01,1.201182313339864277e-01,4.580323736811390267e-01,1.673032977467305282e-01,3.598855088257458812e-01,3.725429783273102174e-02,1.000000000000000000e+00,4.744171403584008795e-01,2.990804113584696888e-01,5.403217886646165952e-02,-1.064982461661818924e-01,3.937550169876624095e-01,-7.843422966702161270e-02,6.229011002025377358e-02,1.509708380864272781e-01,1.530687821296661255e-01,-6.043272907998864388e-04,3.242406839664682128e-01,4.929858704775437750e-01,-2.904049838583067263e-03,3.909248116449731136e-01,-1.073594631379305026e-01,1.250210583770328954e-01,-1.359619512425633281e-02,3.886547918381740296e-01,1.362066919802429610e-01,8.433524424595184588e-02,-8.891314869688186906e-02,-1.047680998499931071e-01,-2.697932182168525372e-01,1.387492625989535378e-01,-2.365700149991257356e-02,1.206568385493497486e-01,1.424392688775737437e-01,3.990270133893212834e-01,-3.949712205045732144e-02,3.756655641562506309e-01,1.594100987478341558e-01,1.432210771604864319e-01,5.865372261286761098e-03,5.994470708000830816e-01,3.526306260023663319e-01,2.447714955980950791e-01,1.732097149873849593e-02,-3.709337707679482565e-01,2.371771361067000483e-01,-1.632933452880147573e-01,7.563138706325163441e-02,1.119792735873325895e-01,-8.188586775994656855e-03,-5.777848297830507490e-02,2.045521553902227285e-01,2.837448424833250993e-01,-7.599719562315283838e-02,1.342072240875588629e-01,-1.379880147396476964e-01,5.255598781727410101e-02,-2.726462893981926316e-01,4.066035709400975806e-01,6.017891327876895985e-02,9.496711945366943797e-02,-1.370877772768438752e-01
4.719440234940017187e-01,-4.309650064993643392e-02,5.588120963301383970e-01,1.650325232761502142e-02,9.913529716098631872e-02,2.773440384550667770e-01,6.840314194376646562e-01,2.085001536066471151e-01,3.947001659347023073e-01,2.381989406231269923e-01,3.521356259574668357e-01,9.683982046935236954e-02,4.744171403584008795e-01,1.000000000000000000e+00,2.508606120387984473e-01,8.279663472825168902e-02,2.851851605240121046e-01,5.910207900706955231e-01,1.462503313526112014e-01,6.967291566958946913e-02,1.823220845754646158e-01,3.059106259659690741e-01,7.261775131081342483e-02,4.108610384099201651e-01,4.079170041278679659e-01,2.241778498474155112e-01,5.547653827153282702e-01,1.062631235336708099e-02,3.524224390143650965e-01,4.133773204100140708e-01,5.462393524079054430e-01,1.096977756024117706e-01,1.371911336515768964e-01,-3.116600261057581121e-03,1.942759747475867049e-01,-1.423191370371474640e-01,3.230817271647586919e-01,7.189073077278862467e-02,1.531599107562525153e-01,1.907108383056435319e-01,5.756858313321830956e-01,8.391523799932786021e-02,3.397258135053275452e-01,2.021947588559118159e-01,6.934872454578015766e-02,6.260095168475129923e-02,3.320449719315308745e-01,7.227069576652815908e-01,2.296733228244722813e-01,9.334198079930283720e-02,-1.584431842040252281e-01,3.831132690262565310e-01,8.404937583528308831e-02,1.439669773530574959e-01,1.300205965723860435e-01,1.291664712019722494e-01,1.925698772606066964e-02,3.406426326135094107e-01,3.094112537812661046e-01,1.565643854339118790e-01,3.927235698730945912e-01,-6.560494792440089984e-02,2.062835417878914057e-01,1.592339012499673079e-02,4.080585943732668586e-01,1.457144858067191129e-01,1.075449966729666584e-01,-4.101878699821069792e-03
-5.107319494699805867e-02,1.666367201927580408e-02,2.493080889113367671e-01,6.143577483558940178e-02,9.147370954449288161e-02,2.783241348549880256e-01,4.225192427029705322e-01,1.307701020396824787e-01,3.102315687713008141e-01,4.766206670042237581e-02,1.386422664278581240e-01,1.340658002032769636e-01,2.990804113584696888e-01,2.508606120387984473e-01,1.000000000000000000e+00,7.854525187915639695e-02,-4.877856185767431157e-02,8.163312195971791918e-02,-8.787147332903688657e-02,1.027670334367470351e-01,6.901902692916250803e-02,1.332603164011863239e-01,4.160117922831969156e-02,3.843100077704053041e-01,2.391542313085857907e-01,3.592641974561110868e-02,2.533906225399992773e-01,1.612251450488500493e-01,7.748656675261617055e-02,8.029746026003463377e-02,1.525994490445942708e-01,1.141668741566843753e-01,6.719497807217054974e-02,2.801828708075068328e-02,-2.302781211875336645e-02,-4.456829750852558947e-02,7.650017985330663517e-02,9.481871525840580850e-02,1.209403498438021696e-01,2.040795819218416129e-01,2.837355686024733425e-01,1.962842898985545925e-01,2.870958051788208842e-01,6.111593724027763325e-02,-6.823839155732897011e-02,1.518155060619147401e-01,2.757365750896353940e-01,2.726748169555027190e-01,3.432039822121603079e-01,7.111523542039641099e-02,-1.601054111330602603e-01,-7.087075717917983020e-02,-2.354783622814435057e-03,1.426272223161376418e-01,8.620763319751710563e-02,3.727455370193055728e-02,5.273287503284796590e-02,3.310277254361341792e-01,6.716648594054810961e-02,-9.819254698331085496e-02,1.057288752862642345e-01,1.456480354547624867e-01,1.461055809357486406e-02,-4.911901613330178079e-03,3.100671890897845409e-02,6.627213827855200912e-02,2.166111840570664193e-02,-5.882122097285601495e-03
9.254266341043851374e-02,3.177078025090880886e-01,-1.905008846269689790e-02,2.346045408845338909e-01,-3.303565153804151333e-02,2.341656903445752114e-01,8.602702405434767274e-02,1.215570685961017278e-01,5.208062571232745935e-02,1.386513815673185157e-01,9.815270699443373603e-02,2.551988874481118663e-01,5.403217886646165952e-02,8.279663472825168902e-02,7.854525187915639695e-02,1.000000000000000000e+00,1.723909308782919647e-01,-1.195411700028370522e-01,1.246465865512266236e-01,2.488106094139261315e-01,4.902352059146731222e-01,2.465597427789639751e-01,6.506722032034814029e-01,1.580497146196050418e-01,1.153160564043487352e-01,2.764906077317388911e-01,3.296586116552975287e-01,4.232000531804395727e-01,3.561204034233529936e-01,3.137268880755963441e-01,4.278306068028284170e-02,9.036501427681756932e-03,2.984500866902645710e-01,4.012598784680078690e-01,2.403346037475318497e-01,3.333423552236460807e-01,-3.717585475030793507e-02,2.490781645127475574e-01,2.757306998934160383e-02,2.568806792073455303e-01,4.656690228429721801e-02,2.779551106816095518e-01,1.360296165633198828e-01,1.294418459542677757e-01,-6.651457948093307537e-02,3.357204625707685408e-01,-3.086620680434223885e-02,1.574192097014255887e-01,1.467321126702148537e-01,7.373270078325134813e-01,1.886514796913377201e-01,-2.799003718933265605e-01,1.652673795639575394e-01,2.833055127375760929e-01,5.621674210488689649e-01,2.829623115691538016e-01,6.488513835737907964e-01,2.926639077660138644e-01,6.980924167336473307e-02,6.819273968127807783e-02,3.126854954183073687e-01,4.556153306346562015e-01,3.852218445399050450e-01,4.093587398744535366e-01,-1.540913737347153478e-01,3.329076819145986715e-02,2.534818270760509917e-01,4.128178154162710500e-01
4.819555775575635193e-01,2.458351367695070511e-01,2.647814086852391391e-01,1.624370331610261453e-01,-3.760124168711710679e-02,2.758181728493501184e-01,1.107607364597928551e-01,2.540270027397347752e-01,-1.266268075916078539e-01,2.316840485625924484e-01,2.369709772394495151e-01,2.212837395361508530e-01,-1.064982461661818924e-01,2.851851605240121046e-01,-4.877856185767431157e-02,1.723909308782919647e-01,1.000000000000000000e+00,1.693638178925787885e-01,6.561977970817781669e-01,2.121071476965619984e-01,1.495135314207380883e-01,1.711083625717202128e-01,3.252524299740360281e-01,-1.010769960445961034e-02,6.613788520381131200e-03,4.699365430203094607e-01,4.235574870902847899e-01,2.879320024306957770e-01,3.039315781186288090e-01,5.063604373546080062e-01,1.023860893204788236e-01,-7.809080414905548648e-03,1.216330489350066907e-01,2.853437545718571222e-01,4.483611307438692406e-01,2.739531111954089382e-01,1.312252803414159230e-01,1.575757591163758353e-01,-3.785423419941921774e-02,1.919550759913970228e-01,2.275288578648463483e-02,1.886560725030428098e-01,-1.164255571816575352e-01,2.397214053091407671e-01,-1.078161549440145688e-02,1.993020342290269531e-01,-1.771468118568139960e-01,2.401325432367457102e-01,-3.778159318387134397e-02,2.079573112876776098e-01,4.163675390768896145e-01,-8.349411751813830967e-03,4.999830644136210589e-01,2.562906197607116576e-01,1.820496398407379646e-01,1.213314252695744111e-01,3.071481499232375234e-01,5.927332932350395933e-02,6.765524333269448687e-02,2.817165520502885601e-01,3.811473931530063863e-01,2.726272462563302246e-01,2.553291582665345727e-01,3.601862648038454684e-01,-4.049468554666808134e-02,8.753854608543359950e-02,4.475326655848683305e-02,3.074500961401615551e-01
3.176162637512433551e-01,-2.441344904451812625e-01,4.501419392013708554e-01,-1.504613715410243746e-01,1.038008142288213281e-01,6.544714999296986913e-02,4.295934179576835210e-01,2.228000111637907787e-01,1.466080800197677170e-01,1.614340193893763487e-01,2.412787519842270190e-01,-7.106371247700689342e-02,3.937550169876624095e-01,5.910207900706955231e-01,8.163312195971791918e-02,-1.195411700028370522e-01,1.693638178925787885e-01,1.000000000000000000e+00,1.667062025541370951e-01,-1.953356412129000214e-02,2.662354030154918255e-02,4.608876428597544900e-02,-1.385600182869848873e-01,-6.591378314764821666e-02,1.922628266472874159e-01,-1.751185805453046862e-02,3.100942662775818537e-01,-2.153607716338772071e-01,1.483931517936757649e-01,1.634092718889956497e-01,5.169944337610820062e-01,1.130159655606783747e-01,7.411830135870825509e-02,-1.355961650455721201e-01,-9.714117187515911023e-02,-3.613922154636857176e-01,2.488658528208881060e-01,-9.994410289798144609e-02,1.195716285587804933e-01,2.444060179896729787e-02,3.340714910435294005e-01,-8.136774717958371317e-02,9.725988382020483991e-02,1.305478196117625389e-01,1.574583520979211393e-01,-1.491762365375760013e-01,3.291475074640706766e-01,3.861102953579607644e-01,6.109706833565171219e-02,-5.354444280520241628e-02,-3.021403690095286199e-01,6.645153790355818879e-01,-7.223238535363296631e-02,6.946243236271586229e-04,2.939911814263219264e-03,-6.534534984058386342e-02,-1.788809369174414743e-01,-1.247849357654345903e-01,1.566463573391623787e-01,9.929486497405551337e-02,8.154197334456048107e-02,-2.976131022483355926e-01,2.658108471914609125e-02,-2.098957226251595698e-01,5.006235286640008386e-01,4.473614028341245386e-02,1.159421296296622994e-01,-1.832008277278943387e-01
4.940159625654200193e-01,1.652025851337656226e-01,1.094683656462542981e-01,1.449981499614136915e-01,-1.106573664603820346e-02,2.894026069394539102e-01,1.921117722563396926e-02,2.747886103017592174e-01,-1.529300091397861883e-01,2.559244105312332707e-01,2.138772866598500633e-01,2.238827658181574976e-01,-7.843422966702161270e-02,1.462503313526112014e-01,-8.787147332903688657e-02,1.246465865512266236e-01,6.561977970817781669e-01,1.667062025541370951e-01,1.000000000000000000e+00,2.477190711764398756e-01,1.182253058576192145e-01,3.755865006656285837e-02,2.830866669456072460e-01,-1.563854474238421388e-01,6.176780233834729995e-03,3.110045133482250423e-01,2.865085555652218119e-01,2.609404275903206560e-01,2.545973362167011089e-01,2.333594076079114343e-01,3.502755414271364887e-02,1.500115153848607594e-02,9.394374848185262084e-02,2.396941217753969233e-01,3.340848272004844355e-01,1.865973934196311634e-01,-8.817204267010702104e-03,1.323740983705047891e-01,-4.834708984649539049e-02,2.195355359271478346e-01,-1.157606637718211068e-01,1.589994413010002439e-01,-1.334899209219885252e-01,2.863147144352036766e-01,4.058349838899508177e-02,1.772529283220016794e-01,-1.204415897898748478e-01,5.905976840927849858e-02,2.169563400832325885e-03,1.474010794209001385e-01,3.294506930118974442e-01,-2.215892922731598717e-03,4.654711811292600032e-01,2.527972637010527657e-01,1.824559558590188868e-01,-4.335843039481830814e-03,2.827502975017658349e-01,-6.642927109427902710e-02,5.380833500075981463e-02,1.518894514478277835e-01,1.999614501602416383e-01,2.652382408983287587e-01,2.458891353174066929e-01,2.033873837209436708e-01,-5.985828334297747799e-02,7.204627254756845733e-02,6.108532380621448793e-02,3.021944355252269565e-01
9.386445901739598474e-02,1.862139540988401454e-01,1.344679622116553008e-01,6.466958419420778537e-01,1.803462296977487167e-02,5.040996878601173847e-01,2.186615949179937790e-01,2.865862196989025223e-01,1.254936607778595614e-01,5.825955883946450919e-01,1.496424070129551698e-01,7.784873355053332222e-01,6.229011002025377358e-02,6.967291566958946913e-02,1.027670334367470351e-01,2.488106094139261315e-01,2.121071476965619984e-01,-1.953356412129000214e-02,2.477190711764398756e-01,1.000000000000000000e+00,3.079705491923049876e-01,2.799849768020233332e-01,3.345369928970584050e-01,1.691732211665696317e-01,7.810740438902316618e-02,3.052135830879341150e-01,1.946169917858849019e-01,3.823940040519220318e-01,2.483448757888853664e-01,1.463802995149101893e-01,-3.879714655456198251e-03,1.835857169997295174e-02,2.593777413734288939e-01,2.489932498461782662e-01,1.985938022038343242e-01,2.798230975023025535e-01,1.805630272264859004e-01,5.615812480856456901e-01,5.566291289541243359e-02,5.778173767784504644e-01,2.071147226127274255e-01,2.004024377830064541e-01,2.320276196426421522e-01,5.575773624512663229e-01,1.680828870695587896e-01,7.592595117566649510e-01,1.262210761036743345e-01,1.800387188727324561e-01,2.348035203863300668e-01,2.929817564771470262e-01,2.241062756869122985e-01,-1.599554827727028006e-01,2.988671877540730049e-01,8.464271145093050785e-01,4.138577889353103889e-01,2.385548462148238125e-01,4.377219446730210572e-01,3.013513709537075647e-01,1.457284537013619485e-01,2.326742944965855819e-01,3.104327212948527759e-01,4.451397402017066018e-01,2.774946025498926661e-01,1.976809167617530338e-01,-2.844614437011908081e-02,7.973086722004979129e-03,1.843450939789544885e-01,2.605841204201521655e-01
2.574472654340779765e-01,2.698924278246834785e-01,1.717651326707776427e-01,3.036062002186685205e-01,-8.674411779473793771e-02,2.366826934052334852e-01,2.164174471421158596e-01,1.559928864386586900e-01,1.498621028085112550e-01,2.734404653697553589e-01,1.947472644847530188e-01,2.857186959343252508e-01,1.509708380864272781e-01,1.823220845754646158e-01,6.901902692916250803e-02,4.902352059146731222e-01,1.495135314207380883e-01,2.662354030154918255e-02,1.182253058576192145e-01,3.079705491923049876e-01,1.000000000000000000e+00,3.065095721510332494e-01,8.086169684642973143e-01,1.643280304100399603e-01,1.967857027324201868e-01,3.699151845155715934e-01,4.088289731742850153e-01,4.107961176035925255e-01,5.252393186997356134e-01,4.724285808154271016e-01,5.161406598406000079e-02,-2.303210090543263491e-02,4.209693454773586474e-01,4.381488195587063261e-01,2.850907365902775603e-01,2.713670775975923211e-01,1.383350482100119405e-01,3.170479454221861726e-01,1.030577285606921745e-01,2.731084658577710433e-01,1.801739975190779774e-01,1.540788648963157259e-01,2.179559597383642355e-01,2.550790115165464944e-01,3.931903840700382707e-02,3.441832425879668422e-01,2.055715503103466499e-02,2.268577065172243390e-01,1.600625916566795759e-01,5.100289516088047925e-01,2.050084385849932911e-01,-1.752054977840315220e-01,1.790034771701390914e-01,3.941530157409329216e-01,8.214439547650247420e-01,2.497168995319439533e-01,7.043184400347218821e-01,2.891060539886857739e-01,1.545287804441576596e-01,1.673782504443242225e-01,3.197656010381718095e-01,3.501659843851047671e-01,5.134976949484383324e-01,4.387763248141256511e-01,-1.204820868012480423e-01,-5.944972190168391207e-03,3.053480641984822053e-01,4.062565330396473717e-01
1.257508372387314555e-01,2.211590946151902326e-01,3.436957052096660803e-01,2.888835169642396949e-01,4.711203385726014242e-02,3.353631417185333752e-01,4.121680979939216782e-01,2.858674997794582451e-01,3.504859518142662278e-01,2.341053392862372518e-01,3.310673363280413062e-01,3.255625879354764884e-01,1.530687821296661255e-01,3.059106259659690741e-01,1.332603164011863239e-01,2.465597427789639751e-01,1.711083625717202128e-01,4.608876428597544900e-02,3.755865006656285837e-02,2.799849768020233332e-01,3.065095721510332494e-01,1.000000000000000000e+00,2.927410347549494474e-01,4.603785515185101485e-01,2.513443263047843157e-01,5.397973557155093527e-01,3.602169578695789687e-01,2.895893311308532780e-01,4.283958904318169725e-01,4.593748083180240194e-01,1.098259280767565765e-01,2.923256695144895150e-03,3.435964910991465282e-01,2.264069353789974481e-01,2.979636727397445006e-01,2.486464509842830350e-01,4.083074687085884169e-01,2.662238448418162151e-01,1.577991947024064978e-01,3.538890680183902626e-01,5.155649705956050211e-01,3.164591298418822363e-01,4.157976276144754180e-01,2.182803310703750055e-01,2.841837393612083318e-01,3.548880959808946023e-01,1.818836782006754416e-01,4.131121883787011728e-01,2.039462401646889023e-01,2.877938059659019832e-01,2.794164693695147528e-01,-1.107820051794161237e-01,2.897452369102284653e-01,3.639326729218953504e-01,3.102280037203759000e-01,5.186062303484684222e-01,3.152867555565656010e-01,5.724854931912356504e-01,3.363729682526319653e-01,4.905089151283795190e-01,4.117897843695085824e-01,2.683895384850243926e-01,3.881608197221349532e-01,3.722483979362570250e-01,1.101686391939867699e-02,5.936203492140920690e-02,2.166425499231197094e-01,2.491862944997332296e-01
2.197278187230665425e-01,4.443662777705771338e-01,8.502259533480105436e-02,3.024418588328467439e-01,-8.691349452377315765e-02,3.037436848317663918e-01,9.384862561608749154e-02,2.307574716989755359e-01,1.094902845051667385e-02,2.749108766274601656e-01,1.909149291181001795e-01,3.110381963709855646e-01,-6.043272907998864388e-04,7.261775131081342483e-02,4.160117922831969156e-02,6.506722032034814029e-01,3.252524299740360281e-01,-1.385600182869848873e-01,2.830866669456072460e-01,3.345369928970584050e-01,8.086169684642973143e-01,2.927410347549494474e-01,1.000000000000000000e+00,1.070286916640212915e-01,9.059280803777625124e-02,4.867110548440250484e-01,4.343338807677037394e-01,5.823963466293804458e-01,5.289614590514416514e-01,5.620613120748418901e-01,-9.222536256997494741e-02,-6.478120965359867103e-03,3.837387108427078863e-01,5.823697472963692556e-01,3.748724586537469650e-01,4.451768947497477535e-01,6.565501672936181754e-02,3.221350474770356964e-01,3.587270513561313656e-02,3.179810468413302171e-01,4.841919490965533590e-02,3.173873225461144032e-01,1.059624105295094570e-01,2.737914748369885687e-01,-4.035440947600067024e-02,3.889905346313077827e-01,-1.060023759585461134e-01,1.544971679860137614e-01,1.329038935695963930e-01,6.658141350090365229e-01,4.086422836041117002e-01,-3.558463312802195300e-01,3.103562130609152647e-01,4.030917734981984690e-01,7.592288132023714553e-01,2.881671743136528518e-01,8.537718206744417948e-01,2.791922203121721680e-01,9.366550128560896527e-02,2.013964787416476498e-01,3.844027734283124165e-01,5.479465393511095961e-01,5.329655887835507144e-01,6.099407667266979471e-01,-2.658976405735934412e-01,2.566913988891100090e-02,2.670774436913775918e-01,5.622571361542322288e-01
