1.000000000000000000e+00 3.768116557776889919e-01 3.082162885021264009e-03 3.503916897633380101e-01 4.381761406305450385e-02 2.266419159682271922e-01 6.421246049425870239e-02 1.080207246597465476e-01 -5.343166066566255173e-02 3.899941615586935972e-01 1.265237932129296139e-01 2.575472701213621374e-01 -1.906785494568892167e-02 2.219847442206652477e-01 1.979082189730870314e-02 1.529931239278465860e-01 4.190804838760245898e-01 -1.332796271721858605e-01 3.634462850947456358e-01 1.786479373726435893e-01 2.600168736385600199e-01 3.834251466811792741e-01 4.930233995043348250e-01 2.455105393742886277e-01 1.891662568785080351e-02 3.369187709609889891e-01 3.502398619253534462e-01 2.859497537151983182e-01 5.677912925056481930e-01 3.623120293450667884e-01 4.149503941819024377e-02 1.794245716877335139e-02 2.448639292870350981e-01 3.722185703765259479e-01 3.202847605033607992e-01 2.911317719418116123e-01 -1.162902245494582820e-01 3.624278302970067589e-01 3.445749610174252825e-02 1.711221713945996759e-01 -7.994245932518094511e-02 -3.651987354218026727e-02 -1.587317466611661704e-02 3.692797659011125555e-01 -5.793693817684197889e-02 2.630555500060896001e-01 -1.040658562779463586e-01 -1.383041110780425242e-02 -7.267904047409901036e-03 1.527017347249082224e-01 1.816402278070060328e-01 -1.426727056403605531e-01 2.358927574491571921e-01 2.028331103075873831e-01 1.774938943775229427e-01 2.951497580255610931e-01 3.431470225249088069e-01 1.532854796168661438e-01 8.381021239080573004e-02 9.593680115109520790e-02 2.707899287622022449e-02 2.841415726897536520e-01 4.483627890413740547e-01 2.602173061194271164e-01 -2.267979772887332435e-01 1.535930179514532687e-02 1.702822365217487588e-01 3.300470979835670171e-01
3.768116557776889919e-01 1.000000000000000000e+00 -1.631607994196083988e-01 3.889161839332377357e-01 1.228565326473765422e-02 1.509928024456961837e-01 -8.043765559929832998e-02 -1.190197403924403152e-01 4.639927624421461005e-02 4.335604587206095539e-01 4.882232629229611709e-02 2.247487942649257220e-01 2.967450467009701692e-02 -2.714653893118405825e-02 3.767797437739162092e-02 5.913516581526032101e-02 1.983161809681913135e-01 -3.412083339860819131e-01 7.689307395252736876e-02 2.683423356306693375e-01 4.111872743927812157e-02 4.244239922215607974e-01 3.521419354085875142e-01 3.879227738912143231e-01 2.075922496770173653e-01 2.696589261335874399e-01 3.643960520058801000e-01 2.097083035224781011e-01 3.256934515161183374e-01 1.430541951678344914e-01 1.071505007667625520e-01 2.275925181032733766e-02 1.946873468861723966e-01 3.110075661782045753e-01 1.322666726172232465e-01 4.381148823871383602e-01 -5.041465242159993976e-02 3.875696606698413316e-01 4.500436563222023206e-02 1.401288755868488334e-01 2.156806823451787314e-02 -1.507006133692048444e-01 1.460048301276878069e-01 4.221932748645469968e-01 -1.819988899694195694e-02 2.560629764970656641e-01 1.009902174139318959e-02 -3.029801982248783027e-02 1.483588845403183490e-02 4.131390287024039321e-02 6.130735713750592314e-02 -2.732136650681808443e-01 1.428996780083749973e-01 3.213829420302453665e-01 -2.474063250878028378e-02 3.422193075724145328e-01 1.978274812448590769e-01 3.621932910670309091e-01 3.080194272164492042e-01 2.583535060174670384e-01 2.170382111869119945e-01 2.177026435442001306e-01 2.742691174418723232e-01 1.355999196472523760e-01 -2.188847357899743051e-01 3.251951824832007704e-03 1.644704704025435060e-01 3.492259260949586164e-01
3.082162885021264009e-03 -1.631607994196083988e-01 1.000000000000000000e+00 -1.345145143083812111e-01 1.026285714240832980e-01 -9.391609626292674387e-03 7.235964004795576443e-01 4.625426337224696760e-01 7.638162221130943841e-02 -1.394219414543328706e-01 3.549034585707790956e-01 -5.555152798737807152e-02 -8.550680080623894452e-02 5.148888609681873119e-01 -6.054628293343278234e-02 -2.617943816794020967e-02 4.345987609064066448e-01 5.901821929341222184e-01 3.843819381204729435e-01 -9.852506914008905825e-02 2.146749582786104671e-02 8.358828282823443923e-02 3.484700150045935002e-02 1.075636069370740355e-01 -1.201205970212807506e-01 5.977009238344836994e-01 2.563630616144257357e-01 1.598866443694997863e-01 -1.843656358916545557e-02 5.289234940581356570e-01 2.061600716642191314e-02 -1.405677903084955917e-02 5.156373140729016147e-02 6.841581528008151836e-02 2.421012844025445809e-01 -1.395748730223812517e-01 5.328383564271930162e-01 -1.371615922386999753e-01 5.062370965819408541e-02 2.786991194000051908e-02 4.111731537594225383e-01 4.192096426296474942e-01 -5.393617039328371665e-02 -1.378424815969817308e-01 2.533640694120355974e-01 -3.036825035857225463e-02 -1.398307285640092990e-01 3.230026805009108548e-01 -9.940534877953566273e-02 1.889416509810078540e-02 4.234225311345166665e-01 4.425948291021140069e-01 2.847805663092535244e-01 -8.793959060906489378e-02 5.380763140234666453e-02 1.597660569501309705e-02 7.465173541342692842e-02 -6.567116498100455946e-02 -2.124900668392557812e-01 3.410452674722796451e-01 7.946823758458138043e-02 1.117665795795288047e-01 3.150427971390532596e-03 4.005269122577254093e-01 1.568785911106515552e-01 -3.727599478408456790e-02 1.992928165459326856e-02 -8.847898090395151308e-03
3.503916897633380101e-01 3.889161839332377357e-01 -1.345145143083812111e-01 1.000000000000000000e+00 2.248524868589761583e-02 1.975340550588776944e-01 2.250781869813495151e-02 1.832945688662035444e-02 -5.572422842495646650e-03 5.727785282200820172e-01 -2.123513801627259154e-02 6.654489155897953534e-01 -4.810507540767811063e-03 -1.005447882289570161e-02 6.323229322130363705e-02 1.386508591960536052e-01 1.916582250452207314e-01 -1.760698520899570685e-01 6.147884163886205289e-02 5.915543045467172023e-01 1.914985111591222533e-01 3.377406429353974060e-01 4.550481592251109930e-01 2.988012744114138530e-01 -1.931077474342173667e-02 1.531434533914596829e-01 2.356267922374031820e-01 4.024588970645942565e-01 3.873976227944459505e-01 1.680864570790559231e-01 2.449712705860800088e-03 2.735180680140682566e-02 1.931484684897863680e-01 3.177781178569610288e-01 1.612143593558551524e-01 3.171297359070481825e-01 -1.363282669125910340e-01 8.109025288524224218e-01 2.169940247367818653e-02 2.641352096919280523e-01 -3.642846780222201708e-02 -6.427894727288657739e-02 6.728845798340712947e-02 5.969472202196629551e-01 -1.141876126240577299e-01 6.710985122253984025e-01 -2.629607486976959230e-02 -2.033365716253345001e-02 2.941773728955698539e-02 1.080614413714462152e-01 6.863088571745475097e-02 -2.188393390111061099e-01 4.619259357463881277e-02 6.676014200440982815e-01 1.666714915328539326e-01 2.406697619957272882e-01 2.997102943501052663e-01 2.712753897089267840e-01 7.589203878367639655e-02 5.287864847613263364e-02 5.082481045352792159e-02 4.167825611289115439e-01 3.695171992371293346e-01 1.710522374566349757e-01 -1.606406910125784682e-01 5.366262359552075034e-02 1.254411670150505365e-01 3.150259791559779088e-01
4.381761406305450385e-02 1.228565326473765422e-02 1.026285714240832980e-01 2.248524868589761583e-02 1.000000000000000000e+00 1.005291160939105061e-01 1.546799450916262475e-01 1.591597710169656010e-01 4.002614150587489178e-02 1.160874076190326724e-02 1.034001699063400725e-01 3.327264493144212881e-02 3.931558210547454746e-02 1.320067187400656428e-01 5.689014282157681124e-02 4.998796405972396988e-03 1.124980567722599356e-01 1.165587236113508479e-01 1.017108078012809169e-01 3.346363388165557451e-02 3.863260517296386587e-02 2.742168877838597335e-02 4.374338086392105807e-02 3.911012815868705056e-02 -2.377111755477237520e-02 5.112606387767666682e-02 7.014239456082582702e-02 7.003542473822246817e-02 4.373286471335878500e-02 1.179077884840789292e-01 2.024114732208037726e-02 1.131502485729139751e-01 3.027403881806843902e-02 7.754588532299198922e-02 5.292493576570006519e-02 8.867996184410019758e-03 4.394909777157274960e-02 4.124016032516418517e-02 6.929796647291021350e-02 9.089307771978000217e-02 6.127277339488671620e-02 1.295995207832257856e-01 2.618916993053422432e-02 2.838306565252193825e-02 7.193373425567335666e-02 5.610665553529890076e-02 -4.436798890920749111e-03 8.093514383106920063e-02 1.431204392928597455e-02 3.240545533827959325e-03 7.847468395279390274e-02 7.595382922024312977e-02 9.679235959222085017e-02 4.755632532940791413e-02 1.631111039575373900e-02 2.694521012342879912e-02 3.226664096591964903e-02 3.311954215648991312e-02 -4.195141096260866093e-02 4.781758106053238776e-03 1.712955382593924977e-02 5.819294983446922365e-02 6.076094101724091590e-02 8.863078727686207747e-02 2.999067600957880386e-02 2.422672585917710897e-03 3.350719147648324736e-02 6.808480818954060210e-02
2.266419159682271922e-01 1.509928024456961837e-01 -9.391609626292674387e-03 1.975340550588776944e-01 1.005291160939105061e-01 1.000000000000000000e+00 1.914785000224060174e-01 1.515305178211334702e-01 9.519123978020122001e-02 4.366689227651417982e-01 4.051162676805809826e-02 2.372293616169188768e-01 1.452704791082986002e-01 1.651094213174492675e-01 1.824742032582122309e-01 1.337927140737891762e-01 1.207152014908371845e-01 -5.958339690338548128e-02 8.400059954163333065e-02 1.885929975384200985e-01 1.996487091196030572e-01 1.582599985496015438e-01 2.538950897358457359e-01 2.387835454758391318e-01 1.047656527182760089e-01 1.175378058700175532e-01 2.555304799972514251e-01 2.801364992481308325e-01 3.245732470156618699e-01 1.178203698897937468e-01 9.422132716802572583e-02 8.183267240247331376e-02 1.534967391225289801e-01 2.041782537494997163e-01 5.257665138873507393e-02 1.499916324901822140e-01 -1.735909860313681469e-02 1.803527950547485770e-01 6.668588935353238212e-02 4.316668712601665625e-01 1.317051743994391844e-01 1.450219201688688064e-01 1.392838462039981406e-01 3.991473831038660491e-01 3.420096396038391912e-02 2.165020540488164780e-01 1.238378386873167231e-01 1.314367714500668805e-01 1.049738551798850839e-01 1.317050377989145427e-01 -1.848547011509468069e-02 -6.404850431756094198e-02 9.098986678688761320e-02 1.594058104231907413e-01 1.378940748997797838e-01 1.285035307053657982e-01 1.684922858317023375e-01 2.247697990312294558e-01 1.199753792548423903e-01 5.870200226304735092e-02 1.800461668632328815e-01 2.905079824991150250e-01 2.313487116743146998e-01 8.429754044031453897e-02 4.828879854438134292e-03 5.779906416309327222e-02 1.048317009711064729e-01 1.693006309230311313e-01
6.421246049425870239e-02 -8.043765559929832998e-02 7.235964004795576443e-01 2.250781869813495151e-02 1.546799450916262475e-01 1.914785000224060174e-01 1.000000000000000000e+00 5.064607701590694289e-01 2.296793590758733905e-01 2.206980577439965688e-02 2.698032298681267149e-01 8.093121580576184693e-02 6.513995259678644068e-02 5.448703725394525854e-01 1.256087508102622929e-01 1.089434318362960882e-02 3.302565240033794036e-01 4.908289070678031329e-01 2.551944193929178706e-01 4.279494882531591216e-02 7.162811891191288305e-02 2.225152403029966308e-01 1.015996857242168205e-01 3.657623964120789717e-01 -3.294009073517854824e-02 4.654951654297176944e-01 3.372148723714569751e-01 3.162703274319690339e-01 1.448672707109851521e-01 5.648507711455128533e-01 5.177240328939874958e-02 6.691912231060404004e-02 1.165930893842268973e-01 1.273703201607040425e-01 2.391470534364266154e-01 -6.708975729837801660e-02 4.378056035801374257e-01 8.187586959950261811e-03 6.368324676835845910e-02 1.932219251885020916e-01 5.287959122039126436e-01 4.469927479972344853e-01 1.205047473879467812e-01 2.832746971956011037e-02 2.120847415788824908e-01 9.933927093554037469e-02 1.748711579430494573e-02 4.118593574569286431e-01 2.302852934296233112e-02 2.785960145127155257e-02 3.013322543945876064e-01 3.454097125679511104e-01 2.362923678727812948e-01 5.683227758489987902e-02 5.524752772899907405e-02 9.811985236246933972e-02 6.576297776764927772e-02 1.946537946022061094e-01 -1.263328350037662973e-01 2.778216398667507359e-01 1.473916629739845940e-01 2.658793013313439646e-01 9.124200285746636441e-02 3.884159687506340553e-01 1.920894648295301543e-01 1.680786490372066649e-02 5.710294531080363500e-02 5.084645873857823045e-02
1.080207246597465476e-01 -1.190197403924403152e-01 4.625426337224696760e-01 1.832945688662035444e-02 1.591597710169656010e-01 1.515305178211334702e-01 5.064607701590694289e-01 1.000000000000000000e+00 -1.126182838457975288e-01 -1.012042987388975801e-01 2.492499510073846736e-01 9.469255883660465667e-02 -1.510139173129647905e-01 3.168035237288638895e-01 3.123062063052813378e-02 2.929004930496679343e-02 4.125711642067268481e-01 5.459305275400583302e-01 2.674978744321557800e-01 -1.500372525206853866e-02 1.251731622638338481e-01 6.069478432528333661e-02 1.512406457336394894e-01 -1.134639848300895704e-01 -3.270087335818643304e-01 2.231516441013541296e-01 -1.514213619048183045e-02 4.103743729282507413e-01 3.762186345550708189e-02 5.782232336526359484e-01 -2.193429042400451834e-01 4.338423309032113373e-03 4.608909784582890246e-02 1.457344417815921722e-01 2.197479299275717501e-01 -6.164185098187763973e-02 2.033846129980224904e-01 5.351407756966201912e-02 3.055992073298016698e-02 1.407521191787137749e-01 1.384731367304171679e-01 5.654002772332598070e-01 -1.534294541669411205e-01 -1.158552379865205872e-01 5.153232789202922409e-02 1.100347304192581810e-01 -2.200532298177269586e-01 1.084249071922035040e-01 -5.393760652668266875e-02 5.318299676412086702e-02 3.613185810761419536e-01 2.858419987504131066e-01 1.661166888355050941e-01 3.135019858789399316e-02 1.168780865536675762e-01 -9.083648848269508178e-03 1.153140668736778729e-01 -1.883106899528126377e-01 -3.004612153367344218e-01 5.969013143480100814e-02 -1.780037105370157191e-01 2.996707500181263195e-01 2.635977596884388208e-02 4.497467530234266486e-01 -2.269988665191474686e-02 -6.686483870492103410e-02 -9.240011882582908898e-03 -1.826864662892841579e-02
-5.343166066566255173e-02 4.639927624421461005e-02 7.638162221130943841e-02 -5.572422842495646650e-03 4.002614150587489178e-02 9.519123978020122001e-02 2.296793590758733905e-01 -1.126182838457975288e-01 1.000000000000000000e+00 1.334935943788762569e-01 -1.628232311142706334e-02 -7.510885048572137762e-03 2.646585158254672887e-01 1.824927207757753300e-01 1.561380111876295718e-01 -8.387602858003426198e-06 -1.502818252243873776e-01 -6.181062503722700718e-02 -1.115854160447428134e-01 6.412737591152098404e-02 -1.163415150926416092e-02 1.526424897346924381e-01 -4.149826544993587274e-02 3.748190070447158240e-01 3.109708636637114609e-01 3.486815157603813387e-02 2.393955082275890933e-01 -1.312229539058776817e-01 1.189625237362086640e-01 -1.243246626338460614e-01 1.894470960966982975e-01 4.965969027992286206e-02 8.836131263368807165e-02 -1.625145029438606128e-02 8.107281316468241406e-03 3.199382573179467698e-02 1.141904015927903415e-01 -3.603159165994455904e-02 4.383425048974490951e-02 1.316475985701335005e-01 3.441848864629070137e-01 2.893136466115402497e-02 3.746474405060122304e-01 1.350544860273874825e-01 1.424678262161297171e-01 -3.238128818668160880e-02 3.269713346341602267e-01 2.555270084489325022e-01 1.253372592288353737e-01 -4.513550297584106516e-03 -1.450607225821906043e-01 3.710034613460620745e-02 -1.818864887953511311e-02 1.781329833928962936e-02 2.581765379670857008e-03 1.310441448107880769e-01 -3.995584320328775946e-02 3.861154138830305560e-01 1.978900825172284494e-01 1.483114852247772453e-01 3.453667545285274976e-01 -6.987799891461793367e-02 8.909477633310566858e-02 -1.226016232967686304e-01 2.347611031472667809e-01 4.647349246199555806e-02 4.998994715147292434e-02 5.262433139970598694e-02
3.899941615586935972e-01 4.335604587206095539e-01 -1.394219414543328706e-01 5.727785282200820172e-01 1.160874076190326724e-02 4.366689227651417982e-01 2.206980577439965688e-02 -1.012042987388975801e-01 1.334935943788762569e-01 1.000000000000000000e+00 -1.622140741071721043e-02 4.649138636996495433e-01 9.785140533948072372e-02 3.555565157506870855e-02 8.805792611042588536e-02 1.773685935591846896e-01 1.169850355360223804e-01 -3.211786720115044624e-01 3.215708761865317122e-02 4.647879418072480284e-01 2.440441088482126486e-01 3.722239924001380373e-01 4.582437790428046664e-01 4.215594811239378736e-01 2.122221101761584405e-01 2.432265849296783855e-01 3.630479719401865646e-01 3.497015839516007252e-01 4.562789074306522474e-01 1.010461455151307197e-01 1.116984805001089154e-01 6.652211124791050645e-02 2.643142944522119953e-01 3.032296076034948218e-01 1.304319696447424071e-01 3.508480541898094662e-01 -3.205348863798027081e-02 5.287371372118321311e-01 5.188512073463456137e-02 3.497735652637831705e-01 1.295165669368106287e-01 -5.294945107560897202e-02 2.430644321931396123e-01 8.104887727766172389e-01 -1.805660095927571346e-02 4.341126809859982560e-01 1.217332868138083918e-01 5.955599338486462779e-02 5.981409548089745842e-02 1.335823393458930031e-01 -1.968427219818111654e-03 -2.812244938295496155e-01 7.972951688189530706e-02 4.631880470841389097e-01 1.728523200461514198e-01 3.149872927750456131e-01 3.181439920962206847e-01 4.246058969964689456e-01 2.808429944600576156e-01 2.385494409987456710e-01 2.775598184087129106e-01 3.832765369786714782e-01 3.997201525941445621e-01 1.229534198656638683e-01 -9.945246850446036457e-02 5.060562452078001122e-02 2.119073110490489187e-01 3.470254183315458762e-01
1.265237932129296139e-01 4.882232629229611709e-02 3.549034585707790956e-01 -2.123513801627259154e-02 1.034001699063400725e-01 4.051162676805809826e-02 2.698032298681267149e-01 2.492499510073846736e-01 -1.628232311142706334e-02 -1.622140741071721043e-02 1.000000000000000000e+00 -3.050378171878878261e-02 1.154534068263159130e-02 2.904017550618142041e-01 -1.264119925350763556e-02 -4.883099331914259045e-02 3.706255745188719031e-01 3.122403430523811307e-01 4.063535796044286386e-01 -5.613204073413630320e-03 -5.498226575994739213e-02 1.249705650111582744e-01 6.390600166571450136e-02 2.258588299334353400e-02 -1.461693801093025269e-03 3.775219311742187278e-01 1.950882653498236530e-01 8.898466311429908959e-02 2.460693574064480582e-02 3.115833905137198601e-01 5.226287250462950673e-02 1.219901996765245661e-03 3.859533756581223773e-02 1.533605190853828404e-01 9.560966354459758676e-02 2.952380209595872537e-02 1.100495674876067753e-01 -2.242366850273567677e-02 7.439785575359098013e-02 -4.594514357682715974e-03 4.900971014318654395e-02 1.513378309528573551e-01 -6.601699697324787952e-02 -1.888319315011985702e-02 2.110112522767083332e-01 -6.358290071864386786e-03 -1.022863301073320547e-01 6.839989885069908127e-02 -4.200059046771374704e-02 -3.650304693839977188e-02 2.429050516012128402e-01 1.853754732641675340e-01 2.901307446169805182e-01 -2.974250671469869621e-03 -2.661976889502520871e-02 5.321515138341683521e-02 4.903572715745124766e-02 -9.193009712520908150e-02 -3.532981138511038371e-02 1.616418718201351190e-01 -2.148820385776199077e-02 5.223603440980205403e-02 -7.518596833304534537e-03 1.897897110376936536e-01 1.099671262690618545e-02 -2.158109146755933516e-02 6.758142275700415591e-03 7.150520768915877290e-02
2.575472701213621374e-01 2.247487942649257220e-01 -5.555152798737807152e-02 6.654489155897953534e-01 3.327264493144212881e-02 2.372293616169188768e-01 8.093121580576184693e-02 9.469255883660465667e-02 -7.510885048572137762e-03 4.649138636996495433e-01 -3.050378171878878261e-02 1.000000000000000000e+00 -1.714514131056783103e-02 -3.067561658842173425e-02 8.038854357798552730e-02 1.418977036523875745e-01 1.506480600402586023e-01 -7.879672487533617709e-02 1.619008660824512724e-02 6.551325994369803229e-01 2.200237834358513000e-01 1.933307379000298865e-01 3.618362694376744404e-01 1.961381589442900975e-01 -7.091699348964734806e-02 6.971887066543237810e-02 1.255356977819169217e-01 3.710305135196596549e-01 3.035113849309478140e-01 1.521085802587500702e-01 -6.008952533043370597e-02 2.588783387297614522e-02 1.757630134847831260e-01 2.476069996517572813e-01 1.223335866405058509e-01 1.931811198713731248e-01 -4.337072599068639289e-02 6.413122949931560068e-01 -2.456531385574555870e-03 2.946251016433282799e-01 1.367491311917907321e-02 4.003851768058601379e-02 2.777253681726213341e-02 4.390683307962641724e-01 -1.006858608684368661e-01 6.884448081195397862e-01 -4.405891374176373193e-02 -2.471926817769438955e-02 3.919734945937360104e-02 1.198589422622305528e-01 8.848548909634064430e-02 -1.748754783425425230e-01 8.079300161529088045e-03 6.506433406750187221e-01 2.069230351375590804e-01 1.312855780560590879e-01 2.727166749390197431e-01 1.973119248498344802e-01 -4.651873748913452900e-03 1.920303503804795392e-02 2.323028943082179609e-02 3.925257735148084959e-01 2.813073137407644531e-01 1.873609995953152141e-01 -1.356984662751868909e-01 1.062358622043438339e-02 7.822097096667648963e-02 2.024264374024270230e-01
-1.906785494568892167e-02 2.967450467009701692e-02 -8.550680080623894452e-02 -4.810507540767811063e-03 3.931558210547454746e-02 1.452704791082986002e-01 6.513995259678644068e-02 -1.510139173129647905e-01 2.646585158254672887e-01 9.785140533948072372e-02 1.154534068263159130e-02 -1.714514131056783103e-02 1.000000000000000000e+00 2.088996128107359351e-01 1.584234285356783956e-01 7.232947816403375446e-03 -1.350266308348432032e-01 -5.985910779643772300e-02 -1.851584011809346425e-02 4.643917135696595117e-02 3.361860212938437564e-02 -1.226482389432919165e-02 -2.978137522986086180e-02 1.492796546142094172e-01 3.453457333552069075e-01 -1.132869682801860844e-01 2.276249113082374764e-01 -1.803746627405308778e-01 1.396167200202629022e-01 -2.398444696849969526e-01 2.371830292740104706e-01 7.711115893179221192e-02 6.912286997447267267e-02 2.966041330204796656e-03 -7.453191641742427931e-02 3.921762631712840536e-03 -9.439852154869539380e-02 -4.524012303419028963e-02 5.706533978879502894e-02 1.359074779517939757e-01 1.355454274447475960e-01 -2.922240093296781666e-02 2.784496546511076032e-01 1.342318130206847648e-01 1.159380407365450671e-01 -3.014628125112488871e-02 4.150688974638026552e-01 2.179579442681125467e-01 1.589711345290474309e-01 2.457365495004360315e-02 -1.860903061851761353e-01 4.154302719650061065e-02 1.983259818530364732e-02 -2.569257760808671409e-03 3.582031369586725911e-02 1.308135660838249600e-02 -4.233660669143440858e-02 2.162033499146565618e-01 2.069065063637762214e-01 -7.006682019986382182e-02 3.024871326603697508e-01 -1.265399683369266004e-01 9.491884990596798077e-02 -2.428367480384568955e-01 2.382002289108495208e-01 1.029236567810333514e-01 3.719177979823418828e-02 4.732249433908378156e-02
2.219847442206652477e-01 -2.714653893118405825e-02 5.148888609681873119e-01 -1.005447882289570161e-02 1.320067187400656428e-01 1.651094213174492675e-01 5.448703725394525854e-01 3.168035237288638895e-01 1.824927207757753300e-01 3.555565157506870855e-02 2.904017550618142041e-01 -3.067561658842173425e-02 2.088996128107359351e-01 1.000000000000000000e+00 7.535986881549446015e-02 -1.565481207469627406e-02 3.606110722524373813e-01 4.056615400860361653e-01 4.608179497558251292e-01 -2.197531568988198014e-02 8.179977903758020585e-02 1.314795059115392573e-01 9.660240633917188680e-02 1.662162395305169516e-01 1.564029716588396235e-01 4.051950162878876216e-01 4.456561920952971656e-01 7.786287079146021577e-03 2.376611449381981767e-01 3.168645029156939019e-01 2.252611479058071187e-01 6.199179950303343456e-02 9.643543134738818967e-02 1.638009988712163523e-01 1.844271853990649412e-01 -5.256219867397039086e-02 1.214484282945206411e-01 -3.321115304049619688e-02 1.050535322260687243e-01 1.511885657966587360e-01 2.365484057929046480e-01 2.270634280006281203e-01 9.712231381005836939e-02 9.126807402629202870e-02 2.836388253566483053e-01 3.751964758256662313e-03 1.691806015567665078e-01 4.504513376851300155e-01 -1.570087578898371819e-02 1.562118727127083037e-02 1.077249378613501368e-01 3.869342484675335481e-01 3.245492913387716394e-01 -3.998115017955841677e-02 6.967799263866016057e-02 5.930126203217576247e-02 3.143797234594249146e-02 5.154342937797699170e-02 -2.620591018756259633e-02 7.956343754138181512e-02 1.981193542022449683e-01 -1.166341576754420517e-02 1.560479795731140040e-01 1.088648639544858854e-01 2.626201351806173867e-01 9.154904593372958921e-02 5.456336195925943350e-02 1.097564099923470371e-01
1.979082189730870314e-02 3.767797437739162092e-02 -6.054628293343278234e-02 6.323229322130363705e-02 5.689014282157681124e-02 1.824742032582122309e-01 1.256087508102622929e-01 3.123062063052813378e-02 1.561380111876295718e-01 8.805792611042588536e-02 -1.264119925350763556e-02 8.038854357798552730e-02 1.584234285356783956e-01 7.535986881549446015e-02 1.000000000000000000e+00 4.262335380081971881e-02 -3.192154212403675029e-02 -4.403463460323184253e-02 -3.691221423363223730e-02 5.671905839687836626e-02 8.038950439704417583e-02 7.497681575601067294e-02 6.072339590911896706e-02 1.875978424629070884e-01 9.182188919396896964e-02 -7.964663985118759781e-02 7.888467699672417621e-02 6.180244766960840685e-02 1.636628400156555641e-01 -9.543323182278724490e-03 7.660641830470105162e-02 6.130602744913271618e-02 7.582238624314405206e-02 6.196172878470124906e-02 9.742359547488610785e-04 4.094061339262521082e-02 -6.853421734955273889e-03 4.913407907783512441e-02 2.567646418660500876e-02 1.342536164496516138e-01 1.517998367676111626e-01 4.704528095017799366e-02 1.502877000619679826e-01 9.025677484786370774e-02 4.566921312190534710e-02 6.377651446071722074e-02 1.714042148614109418e-01 1.288668075120142364e-01 1.980678754131653674e-01 7.688655711083522415e-02 -3.785360127725162505e-02 -1.996245586405705208e-02 3.428962375170421795e-02 4.118889604838724822e-02 6.962264148749064407e-02 4.451643813684431905e-02 2.980218292313836434e-02 2.149695295631012804e-01 4.733909721468657072e-02 -3.583184250930810527e-02 1.224948191940052888e-01 7.421107991293690587e-02 1.077817187344413674e-01 -1.283199849607245466e-02 6.651114896649008845e-02 6.147074425780695017e-02 5.124142575059104088e-02 6.245186067502656729e-02
1.529931239278465860e-01 5.913516581526032101e-02 -2.617943816794020967e-02 1.386508591960536052e-01 4.998796405972396988e-03 1.337927140737891762e-01 1.089434318362960882e-02 2.929004930496679343e-02 -8.387602858003426198e-06 1.773685935591846896e-01 -4.883099331914259045e-02 1.418977036523875745e-01 7.232947816403375446e-03 -1.565481207469627406e-02 4.262335380081971881e-02 1.000000000000000000e+00 2.223866705955158604e-02 -2.513654734696826876e-02 -6.058304525946203722e-03 5.295807847008386637e-02 4.153085076506651818e-01 6.252413001587446562e-02 3.745346068301589337e-01 8.134916804432568149e-02 -2.797116698419664649e-02 -1.591866079219655949e-03 9.373099870207025897e-02 2.022544318089192217e-01 2.734351298003591113e-01 6.137625143944040740e-02 7.772936710361648665e-04 4.164604755237484579e-02 1.398986678129849059e-01 1.161870253006446474e-01 1.389564927447047293e-01 5.473832165373693215e-02 1.320405429678436424e-02 1.477644216751858031e-01 -8.772674547178123394e-03 1.500121399968827873e-01 5.612148700032217052e-02 8.298298482008770183e-02 2.058240576157831236e-02 1.637569841855661956e-01 -4.253869410815240559e-02 1.775750619108862338e-01 9.769578322711785362e-03 5.465584888960280108e-02 5.444144138948512485e-02 4.194085660868640542e-01 6.755259116439524258e-02 -5.652492877588857767e-02 2.529015931014937796e-03 7.685558371947771861e-02 4.320050258052578473e-01 5.991003701713749907e-02 3.877933156971627437e-01 9.398312723049470629e-02 -1.758188248158531336e-02 1.173261504606289835e-02 1.018847384652411675e-01 2.654160268558585778e-01 3.316307273755471630e-01 1.516287608375333495e-01 7.506195773539444532e-03 -1.114841202614072144e-02 1.462006106263158411e-01 1.303234481722583826e-01
4.190804838760245898e-01 1.983161809681913135e-01 4.345987609064066448e-01 1.916582250452207314e-01 1.124980567722599356e-01 1.207152014908371845e-01 3.302565240033794036e-01 4.125711642067268481e-01 -1.502818252243873776e-01 1.169850355360223804e-01 3.706255745188719031e-01 1.506480600402586023e-01 -1.350266308348432032e-01 3.606110722524373813e-01 -3.192154212403675029e-02 2.223866705955158604e-02 1.000000000000000000e+00 2.923964687857041334e-01 6.672605889853342465e-01 1.042952607389526221e-01 4.507298494466317057e-02 2.809943648665020333e-01 3.586393178386030889e-01 1.011876729298845923e-01 -1.558524392989578677e-01 5.093491593045090804e-01 3.082652830806812405e-01 3.456239126377387283e-01 2.426125766898333813e-01 6.012284433285021157e-01 -3.705038767520092702e-02 9.233492573135495055e-03 1.554954997344891177e-01 3.883657577118765358e-01 2.941299696175995182e-01 1.784662095378241053e-01 1.209847028637442701e-01 2.433476978970666726e-01 5.486693128296867006e-02 8.661634385127667257e-02 1.018965177861484023e-02 1.897546162152235760e-01 -1.851169797483696033e-01 1.290687533916745344e-01 1.086897973867943790e-01 1.665460357767756805e-01 -2.575155539047105369e-01 8.237494616551660487e-02 -8.757446061226614731e-02 4.039053602291026862e-02 4.742128148780037078e-01 1.429925553355333445e-01 4.706885030540208792e-01 1.740889262558646122e-01 1.896767497174739123e-02 1.587077485043999481e-01 2.167945349300192392e-01 -5.897550424942506891e-02 -1.390147413309621993e-01 1.227343606682928245e-01 -8.658161277525577848e-02 2.801390801055008706e-01 1.499211840254736638e-01 4.349934524279942538e-01 -1.358204438205503628e-01 -4.330060709454831847e-02 6.848116132726914107e-02 2.161599708776710538e-01
-1.332796271721858605e-01 -3.412083339860819131e-01 5.901821929341222184e-01 -1.760698520899570685e-01 1.165587236113508479e-01 -5.958339690338548128e-02 4.908289070678031329e-01 5.459305275400583302e-01 -6.181062503722700718e-02 -3.211786720115044624e-01 3.122403430523811307e-01 -7.879672487533617709e-02 -5.985910779643772300e-02 4.056615400860361653e-01 -4.403463460323184253e-02 -2.513654734696826876e-02 2.923964687857041334e-01 1.000000000000000000e+00 3.445685830293425123e-01 -1.584409633104480464e-01 1.552063845280706594e-02 -1.631047551812135343e-01 -1.002509730465849097e-01 -2.806875611084574951e-01 -2.699641210257557877e-01 2.051792305133125771e-01 -4.644747634418831816e-02 4.668956780557895897e-02 -1.545315382574303231e-01 3.136568201249317900e-01 -1.242154350534920848e-01 -6.544419128881034421e-03 -8.667683688400798503e-02 -2.108819084671017738e-02 9.026263344154836221e-02 -2.975688690398762271e-01 1.746314401339686961e-01 -1.599393476502261879e-01 2.921544035016473626e-02 -3.097457897817780179e-02 5.635635732585157071e-02 4.047510035749111168e-01 -2.051105188549889879e-01 -2.874221028867594008e-01 1.800976556930172778e-01 -5.847638896396557123e-02 -1.453756754198762269e-01 1.647062234416125370e-01 -8.335995571571699903e-02 -3.254776516843485568e-03 2.888879642977690287e-01 5.056689090706155687e-01 1.654005686817618670e-01 -1.344501472823219912e-01 7.311885192261867450e-02 -1.952413565548904162e-01 -3.242030462170585048e-02 -3.856623929494229497e-01 -4.013751406648328190e-01 -5.019429683311821266e-02 -2.210827901502931958e-01 -1.631798168330632695e-02 -1.314328490756637158e-01 2.022915557798425357e-01 2.029924758011766306e-01 -3.093277698934744635e-02 -9.636798997545062417e-02 -1.389544117002474155e-01
3.634462850947456358e-01 7.689307395252736876e-02 3.843819381204729435e-01 6.147884163886205289e-02 1.017108078012809169e-01 8.400059954163333065e-02 2.551944193929178706e-01 2.674978744321557800e-01 -1.115854160447428134e-01 3.215708761865317122e-02 4.063535796044286386e-01 1.619008660824512724e-02 -1.851584011809346425e-02 4.608179497558251292e-01 -3.691221423363223730e-02 -6.058304525946203722e-03 6.672605889853342465e-01 3.445685830293425123e-01 1.000000000000000000e+00 1.143935498673254517e-02 1.950879386304548921e-02 1.580840400160458126e-01 2.027004228612008796e-01 -1.671480494685174609e-02 -6.459424054657866843e-02 4.166680393569015539e-01 3.107154013803384851e-01 1.378798712020692929e-01 1.745661744699194551e-01 4.122323646597733093e-01 7.528531334764965166e-02 1.282876636238030471e-02 7.198785916747528491e-02 2.753297708808881694e-01 1.922510554299947660e-01 4.850134566224667543e-02 5.464630959643647368e-03 8.207362338726789663e-02 5.137938378081514934e-02 4.215246396343253626e-02 -9.236847015099702851e-02 8.413752211036969186e-02 -1.780181133313453179e-01 8.020039356418014187e-02 1.835595445020317129e-01 5.544418016968907792e-02 -1.543518297222474245e-01 1.064353128702324180e-01 -7.784514099333554593e-02 2.138438509859957176e-02 3.316470255414645241e-01 2.453782598683574012e-01 5.135863190353641139e-01 4.293517570755769203e-02 1.134663111806439792e-02 3.537481610458466375e-02 1.158667681978209629e-01 -1.698078363607631036e-01 -1.403096223019811850e-01 -3.419958151702416627e-02 -1.057477879157226186e-01 8.289185852966360346e-02 9.643620972629358967e-02 2.199506493041612498e-01 -9.372854415855036078e-03 8.547564950564528682e-03 1.889330770927997311e-02 1.656732594562299599e-01
1.786479373726435893e-01 2.683423356306693375e-01 -9.852506914008905825e-02 5.915543045467172023e-01 3.346363388165557451e-02 1.885929975384200985e-01 4.279494882531591216e-02 -1.500372525206853866e-02 6.412737591152098404e-02 4.647879418072480284e-01 -5.613204073413630320e-03 6.551325994369803229e-01 4.643917135696595117e-02 -2.197531568988198014e-02 5.671905839687836626e-02 5.295807847008386637e-02 1.042952607389526221e-01 -1.584409633104480464e-01 1.143935498673254517e-02 1.000000000000000000e+00 6.005530837071031136e-02 2.101754867154221051e-01 2.410933165510590337e-01 2.236861583038353696e-01 5.618366868323524527e-02 5.046380553042157519e-02 1.604179747225684127e-01 2.027307506722896280e-01 1.847460040737169407e-01 5.030900001852781078e-02 2.078825431665736606e-02 3.001183044956210605e-02 1.174818613546667057e-01 1.895883708744719176e-01 6.356911570007055257e-02 2.170990067947005109e-01 -6.107241618091155400e-02 5.583537702383782886e-01 3.392561440090446911e-02 2.403944745718488152e-01 2.853413133097351673e-02 -4.690337834632513775e-02 1.104790399099994658e-01 4.583485476586144358e-01 -5.620274594823497505e-02 6.187967154849468576e-01 3.608794173623534884e-02 -1.003736485197704101e-02 2.063583959797342729e-02 6.555037417816305528e-03 3.558730915031826231e-02 -1.842951002278590267e-01 3.015766445331288098e-02 7.702807488103233791e-01 3.425605353273480924e-02 1.638844895590791384e-01 1.502427017713923729e-01 2.382060042089602647e-01 1.107930649675648721e-01 2.989208045235277125e-02 8.061678857486759275e-02 2.412092556919109565e-01 1.526355790728658457e-01 7.810114811111582012e-02 -1.026038731670778081e-01 2.903386172392986159e-02 3.832101314235570461e-02 1.694622711760789269e-01
2.600168736385600199e-01 4.111872743927812157e-02 2.146749582786104671e-02 1.914985111591222533e-01 3.863260517296386587e-02 1.996487091196030572e-01 7.162811891191288305e-02 1.251731622638338481e-01 -1.163415150926416092e-02 2.440441088482126486e-01 -5.498226575994739213e-02 2.200237834358513000e-01 3.361860212938437564e-02 8.179977903758020585e-02 8.038950439704417583e-02 4.153085076506651818e-01 4.507298494466317057e-02 1.552063845280706594e-02 1.950879386304548921e-02 6.005530837071031136e-02 1.000000000000000000e+00 5.020032188148947083e-02 5.600961280893244076e-01 7.407488179303090003e-02 -5.812106972057376475e-02 2.897470123392311553e-02 1.331984896853455336e-01 2.907004767241339049e-01 4.408119235329055474e-01 1.507432774918204821e-01 -1.767231714579799162e-04 6.050799738237495895e-02 2.418381715211846139e-01 2.120321756328966689e-01 1.422359117738422885e-01 5.789244831286553816e-02 1.702560363925941650e-02 2.029300372304741196e-01 -1.794725803959975816e-02 2.029300982892476568e-01 8.569752131127433836e-02 1.404723175279299352e-01 4.269984204828657093e-02 2.051290465897991910e-01 -4.902456076615602232e-02 2.606730847888736324e-01 2.831868646010515800e-02 9.246100552412930829e-02 7.579878008921120403e-02 4.528263064888051193e-01 6.919112776790270480e-02 -5.191290743141584174e-02 -2.303648379280588687e-02 2.679643248019364377e-02 7.159900607245225368e-01 1.121360468645118680e-01 5.386517481257482309e-01 1.196882301072513810e-01 -4.990274589571580544e-02 2.710035772783402769e-03 1.385321989895052508e-01 3.550640425999281313e-01 4.560835918013341206e-01 2.411866657443240136e-01 3.344098250794091953e-02 5.941500909012264499e-03 2.015492159154420593e-01 2.079637102322596243e-01
3.834251466811792741e-01 4.244239922215607974e-01 8.358828282823443923e-02 3.377406429353974060e-01 2.742168877838597335e-02 1.582599985496015438e-01 2.225152403029966308e-01 6.069478432528333661e-02 1.526424897346924381e-01 3.722239924001380373e-01 1.249705650111582744e-01 1.933307379000298865e-01 -1.226482389432919165e-02 1.314795059115392573e-01 7.497681575601067294e-02 6.252413001587446562e-02 2.809943648665020333e-01 -1.631047551812135343e-01 1.580840400160458126e-01 2.101754867154221051e-01 5.020032188148947083e-02 1.000000000000000000e+00 3.331464320144717495e-01 5.160199876952157316e-01 1.423317298900514949e-01 4.460366146506498652e-01 4.240858867428426437e-01 2.982500893195801916e-01 3.429113228561272431e-01 3.821965030432336596e-01 6.647102779920736892e-02 6.051953979465120662e-03 2.072021524580975327e-01 3.150157316742914215e-01 2.488253918574349632e-01 3.298243280327498583e-01 8.978463824872284782e-02 3.550016283354766045e-01 5.864480641533673100e-02 1.843414895428747979e-01 1.881516487815936556e-01 3.387747165399178362e-02 1.690830766295038090e-01 3.878388296934248691e-01 1.267485643814195498e-02 2.321175281871670770e-01 -2.704004387125077957e-02 9.601752709990007961e-02 2.268238071628225425e-02 6.095050788643530115e-02 1.135035090626443643e-01 -1.071820689792804676e-01 1.875513199798558017e-01 2.692226883250731784e-01 6.108246879048817579e-03 4.574953568730874554e-01 1.635282732205894374e-01 4.068535438724903974e-01 2.260969799886682341e-01 3.571381881967361505e-01 1.798629793455402692e-01 3.003596627825362853e-01 2.930760285267295373e-01 2.994132752215503679e-01 -1.625524232900561195e-01 1.313354639218396874e-02 1.706944160516046805e-01 3.166311084016905086e-01
4.930233995043348250e-01 3.521419354085875142e-01 3.484700150045935002e-02 4.550481592251109930e-01 4.374338086392105807e-02 2.538950897358457359e-01 1.015996857242168205e-01 1.512406457336394894e-01 -4.149826544993587274e-02 4.582437790428046664e-01 6.390600166571450136e-02 3.618362694376744404e-01 -2.978137522986086180e-02 9.660240633917188680e-02 6.072339590911896706e-02 3.745346068301589337e-01 3.586393178386030889e-01 -1.002509730465849097e-01 2.027004228612008796e-01 2.410933165510590337e-01 5.600961280893244076e-01 3.331464320144717495e-01 1.000000000000000000e+00 2.773454930612513358e-01 -4.437573881005488913e-02 2.748880025247911751e-01 3.642611890123952367e-01 5.067777096018241112e-01 5.579168143525827794e-01 3.834246600717952091e-01 2.597158415410026275e-02 6.846494926032473116e-02 3.267179791518054488e-01 4.079363751751617362e-01 2.515176112670781672e-01 3.291119018998133194e-01 1.432858879958186747e-02 4.761905566333922701e-01 2.124001838238982059e-02 2.469828303407874681e-01 4.904080188095098769e-02 7.773581623365898030e-02 1.677208000811184624e-02 4.058399573658039716e-01 -8.501986630690763769e-02 4.036908724659656889e-01 -6.913636625926077028e-02 2.965096202680181370e-02 5.428804959159461152e-02 3.934656154154110852e-01 2.348695698651735442e-01 -1.860527199480932758e-01 1.410698903175087726e-01 2.925711610068461588e-01 4.452132441842915345e-01 2.922834756785971377e-01 6.648435902271693232e-01 2.524921406719536909e-01 5.847806736892297713e-02 1.349217623086005069e-01 1.672537683419511034e-01 5.195979924825750995e-01 5.122501975501748683e-01 3.768735787211913157e-01 -1.495416163892978878e-01 1.475704803722670266e-02 2.633337036607534265e-01 3.878631309144682793e-01
