1.000000000000000000e+00 3.999591924275308075e-01 3.030852178432644206e-03 3.663898777754253100e-01 4.398663589347183434e-02 2.329178532391023571e-01 6.441076553545015126e-02 1.102018919541328246e-01 -5.371053375197882424e-02 4.186518937434851040e-01 1.274911852419053360e-01 2.658700916791665314e-01 -1.906039246352908556e-02 2.269014845863640828e-01 1.981349459378152489e-02 1.543161305400058136e-01 4.470505860660212161e-01 -1.375131717071698678e-01 3.810424563765821282e-01 1.811053479830674329e-01 2.684115611219601849e-01 4.060978579212459749e-01 5.409168251900020596e-01 2.530353483746276555e-01 1.972741686911818476e-02 3.518324575913820418e-01 3.699987973731141966e-01 2.956062062608444396e-01 6.454355734153025548e-01 3.815535452180487952e-01 4.277908344008252844e-02 1.795321694095603979e-02 2.516366445671979202e-01 3.911939295435196695e-01 3.321914038946205405e-01 2.999333931681468224e-01 -1.170100642318452483e-01 3.800865096093532514e-01 3.448028992967980960e-02 1.736277537404833926e-01 -8.014444571452794541e-02 -3.669223549438783288e-02 -1.577227148072801038e-02 3.900912808051442138e-01 -5.818271221916949953e-02 2.710495411661048570e-01 -1.053973958925892018e-01 -1.383522956308638231e-02 -7.255805950608030380e-03 1.547578465888551080e-01 1.847637340787284810e-01 -1.441242529058356925e-01 2.416451903724776973e-01 2.057690585022576846e-01 1.807137860172185195e-01 3.045685348421232064e-01 3.579020591958738673e-01 1.555949327351036360e-01 8.538412626662365834e-02 9.649509577122031279e-02 2.754656928705922353e-02 2.927248625433890306e-01 4.834068730920981771e-01 2.684767284688923117e-01 -2.315262503225256618e-01 1.539680047752194775e-02 1.721341057496545146e-01 3.433090555850064618e-01
3.999591924275308075e-01 1.000000000000000000e+00 -1.649870902675690809e-01 4.113327250365412247e-01 1.229006883028905747e-02 1.534808489753233529e-01 -8.105757276888846119e-02 -1.202513731089613902e-01 4.664546942036355837e-02 4.644325099686283376e-01 4.892404617026881175e-02 2.291429282794978928e-01 2.977581146747156071e-02 -2.730144606973731319e-02 3.787204542051532397e-02 5.961052088395227266e-02 2.011499710740240476e-01 -3.569952374815889007e-01 7.723382252721924801e-02 2.752353127590215220e-01 4.123978836221670746e-02 4.543184786627014748e-01 3.708998986572339396e-01 4.104396994490396300e-01 2.113861010538628793e-01 2.765061988258538661e-01 3.867194673817662132e-01 2.139482825556414947e-01 3.400994687624697699e-01 1.441769469289946315e-01 1.084887662379795392e-01 2.281841115092172328e-02 1.972627561798028506e-01 3.223798301969848512e-01 1.332474027663128613e-01 4.714285799683600731e-01 -5.109534257690090397e-02 4.096704186694081207e-01 4.503989285645973450e-02 1.420669367444247211e-01 2.169727545159380599e-02 -1.526436718040461715e-01 1.472910044254687467e-01 4.509621787659849890e-01 -1.826567302966903422e-02 2.626475449513264171e-01 1.026622916838821134e-02 -3.035648338583695621e-02 1.501429855711135936e-02 4.141335453824493418e-02 6.167838538562228634e-02 -2.823499427740376322e-01 1.440822851964176643e-01 3.344062684141178021e-01 -2.481562642867938401e-02 3.584586782991369125e-01 2.028397480556113630e-01 3.795301567469803183e-01 3.189081709703794343e-01 2.654578198993342575e-01 2.205608910063275863e-01 2.219628796182429031e-01 2.829206796990817452e-01 1.369423451465225094e-01 -2.238514181567747008e-01 3.295698204960888222e-03 1.664430572895688187e-01 3.670560212558267588e-01
3.030852178432644206e-03 -1.649870902675690809e-01 1.000000000000000000e+00 -1.361081124118183883e-01 1.031425871515241899e-01 -9.550161255709430780e-03 9.216221135569835354e-01 5.028800940338421510e-01 7.668043957510672914e-02 -1.417853209503276979e-01 3.742845578830075737e-01 -5.630585560687456637e-02 -8.593338257197882801e-02 5.767100959980220320e-01 -6.067902552591254023e-02 -2.644426875292641213e-02 4.692638857104988181e-01 6.824619115761199062e-01 4.104439547090636964e-01 -9.905982011472277970e-02 2.149663852531887367e-02 8.383686464838648045e-02 3.493673221639533033e-02 1.085436658387553266e-01 -1.212305359247259906e-01 6.908143077311172942e-01 2.626560570848177623e-01 1.641632200700941235e-01 -1.848530660267159315e-02 5.916903561103870057e-01 2.102125048141004898e-02 -1.406502846113965449e-02 5.178589553390832573e-02 6.872504100577432606e-02 2.489752876428644179e-01 -1.405441833905408666e-01 5.970948725267071211e-01 -1.387805388094865144e-01 5.068167755204124048e-02 2.792732076604114572e-02 4.399697035124469080e-01 4.473216878960871723e-01 -5.428689805988726885e-02 -1.394356120442803160e-01 2.599653432235404793e-01 -3.084217585712833304e-02 -1.415327487106529669e-01 3.370874751094136146e-01 -1.003207590330955634e-01 1.901881977230594767e-02 4.537403155250782638e-01 4.794019335383313818e-01 2.964599834702161818e-01 -8.875401551934468392e-02 5.399012718335848005e-02 1.599929723510143051e-02 7.491422914136613986e-02 -6.627730056399525060e-02 -2.169272385971266204e-01 3.575384629838748718e-01 7.980526359210880771e-02 1.135985050626228676e-01 3.183148195880993944e-03 4.264030332540211798e-01 1.585939756589175575e-01 -3.730158991304259597e-02 1.996063387280880980e-02 -8.895591166386869128e-03
3.663898777754253100e-01 4.113327250365412247e-01 -1.361081124118183883e-01 1.000000000000000000e+00 2.261654726085895323e-02 2.025970617846744870e-01 2.254025883226689828e-02 1.836328707296121243e-02 -5.593766686236664731e-03 6.652137970465313854e-01 -2.140897757091696912e-02 8.113342521079967007e-01 -4.756470216874128520e-03 -1.061806800559267350e-02 6.356095020705876397e-02 1.399259308526827061e-01 1.945102636901045456e-01 -1.793146859860225151e-01 6.185696314353206215e-02 6.873701561601641696e-01 1.955333937281844847e-01 3.529852291077250626e-01 4.922719487414722317e-01 3.093163838449755065e-01 -1.933217145994218372e-02 1.546957128796593584e-01 2.430808826947372103e-01 4.303034078238751614e-01 4.139855248677194455e-01 1.704412932261691604e-01 3.003079182426565685e-03 2.783709895356349662e-02 1.961560081128992938e-01 3.296515957785327022e-01 1.628571147781096851e-01 3.288625968685920387e-01 -1.375454298652566965e-01 1.135832625371598459e+00 2.171002894356859059e-02 2.741608645172461944e-01 -3.660445394007973835e-02 -6.477952512714478528e-02 6.791366441868790238e-02 6.946652652349322166e-01 -1.152367391439625133e-01 8.142532782296230121e-01 -2.637657477420717739e-02 -2.038949518427691718e-02 2.953592175699504968e-02 1.086450728890852035e-01 6.951290939615099862e-02 -2.232196046495231179e-01 4.663642200504937441e-02 8.107377584988377794e-01 1.685900796020829429e-01 2.467490395044206752e-01 3.100664614244182382e-01 2.802337023843208264e-01 7.638269322091145730e-02 5.346020104529031897e-02 5.178572229642443986e-02 4.467585707427329522e-01 3.894156271643943734e-01 1.732084086971751868e-01 -1.629012592888209321e-01 5.384414367796205164e-02 1.261925465466980922e-01 3.266555847012969638e-01
4.398663589347183434e-02 1.229006883028905747e-02 1.031425871515241899e-01 2.261654726085895323e-02 1.000000000000000000e+00 1.010271925666362397e-01 1.562275726382581220e-01 1.607900698046458299e-01 4.009132866916156196e-02 1.159557679198094417e-02 1.039665405441995427e-01 3.350729753178042364e-02 3.950055665055660775e-02 1.333277328057232980e-01 5.699733749506970953e-02 5.007055899462379417e-03 1.132042574439732358e-01 1.172604501150075751e-01 1.022055956127311677e-01 3.356890015464427529e-02 3.866150993068449837e-02 2.744687178583329543e-02 4.389293719764851553e-02 3.914539015199005462e-02 -2.382318675431715355e-02 5.124779299454487735e-02 7.053393569409736885e-02 7.016209435992196153e-02 4.392805228826474062e-02 1.185236118910614478e-01 2.025926120244148088e-02 1.137586305898418554e-01 3.033284246709123250e-02 7.781888720578758467e-02 5.302446816996176510e-02 8.878923737541495262e-03 4.398661626183555939e-02 4.137466219924948452e-02 6.941588946215103417e-02 9.129225353096595552e-02 6.135696056226359885e-02 1.304846401658046329e-01 2.620388810611929548e-02 2.842967476578397296e-02 7.211361855606138183e-02 5.629171252574827200e-02 -4.457337246128685593e-03 8.125896955446179626e-02 1.432877172230234697e-02 3.245490342533200769e-03 7.889092532875824348e-02 7.626188165058568613e-02 9.746502889263926328e-02 4.767152009793056144e-02 1.631643915692758753e-02 2.698216910246930764e-02 3.233687526113921545e-02 3.314203065881962673e-02 -4.201082756918676775e-02 4.782598301531302415e-03 1.715801341260353788e-02 5.828331829908763029e-02 6.090502705436678932e-02 8.895576459609799702e-02 3.006789118740797739e-02 2.456209007996400413e-03 3.359922201870826214e-02 6.827054449455483010e-02
2.329178532391023571e-01 1.534808489753233529e-01 -9.550161255709430780e-03 2.025970617846744870e-01 1.010271925666362397e-01 1.000000000000000000e+00 1.944305154487775134e-01 1.531514331256559336e-01 9.596829070230364356e-02 4.839437416933464187e-01 4.056202985214038548e-02 2.442014372737817407e-01 1.464757368522682235e-01 1.678360359122660628e-01 1.850901472196635755e-01 1.352826673198212482e-01 1.218140308315602133e-01 -6.067089903158430497e-02 8.454647372282836360e-02 1.917030538480783697e-01 2.029298692996296949e-01 1.597091860085185777e-01 2.622363658398813024e-01 2.455386899251998101e-01 1.054947375793968134e-01 1.183181867392586739e-01 2.623723954718207296e-01 2.898644516318985564e-01 3.408100336947554876e-01 1.184214817782721640e-01 9.529396739825882201e-02 8.213766091738392006e-02 1.563182413465178389e-01 2.083079589656695041e-01 5.275496825256677236e-02 1.525434531177790598e-01 -1.749452571047391963e-02 1.838280668014602159e-01 6.680583524648150973e-02 4.636994618011205382e-01 1.329667177189257088e-01 1.461430965835867346e-01 1.406728252137757762e-01 4.324088267869959368e-01 3.438402930765056820e-02 2.209585625272047493e-01 1.252193071218768716e-01 1.322725126506142934e-01 1.055984887457198512e-01 1.326408339444863915e-01 -1.854364231964526419e-02 -6.444071667992212760e-02 9.205037827788414839e-02 1.611826304890150996e-01 1.389499061987135298e-01 1.295166658259413739e-01 1.707978962927636513e-01 2.317142408278350107e-01 1.221989255972602828e-01 5.896124438789863975e-02 1.835038834063297541e-01 3.024116472753377582e-01 2.379656765594787560e-01 8.465416283926183172e-02 4.794823884930934227e-03 5.803189484696185535e-02 1.054871566720154558e-01 1.716620636488664364e-01
6.441076553545015126e-02 -8.105757276888846119e-02 9.216221135569835354e-01 2.254025883226689828e-02 1.562275726382581220e-01 1.944305154487775134e-01 1.000000000000000000e+00 5.591868639300094923e-01 2.343116546803920008e-01 2.235084756272450249e-02 2.776676912163975608e-01 8.117438685170605406e-02 6.536958087196861888e-02 6.134973166864019500e-01 1.263253918604350656e-01 1.087796376024246538e-02 3.440333059535895521e-01 5.485253630913262679e-01 2.626163138499461591e-01 4.294881884418593615e-02 7.177556011713995265e-02 2.266622449192252642e-01 1.021896663821493523e-01 3.842585267793185433e-01 -3.306275145478169281e-02 5.049617982385804504e-01 3.510631935644021873e-01 3.299681639074416584e-01 1.460808858145697109e-01 6.402337861184809187e-01 5.202008711421291648e-02 6.711416729220774646e-02 1.175896541108564231e-01 1.282137628723888367e-01 2.457626514638269200e-01 -6.760589982415832200e-02 4.732028950180448001e-01 8.188493351801513082e-03 6.383690731986452205e-02 1.959995966876404150e-01 5.948945707617390166e-01 4.815050407671920274e-01 1.214620250739542606e-01 2.837634503356869370e-02 2.155650195669743807e-01 9.972035026758305221e-02 1.756042771483778270e-02 4.389230381398486758e-01 2.307192929500769679e-02 2.797565039505548953e-02 3.130125809588366059e-01 3.628716805496071673e-01 2.415800120322925681e-01 5.694984839832985257e-02 5.537616477188102987e-02 9.856611801009264318e-02 6.596941417007554098e-02 1.978636356184815814e-01 -1.287413567283139659e-01 2.885311116911222773e-01 1.495285831025569001e-01 2.733566729590740652e-01 9.166737332953076023e-02 4.108876851488573179e-01 1.946945449077766288e-01 1.681676119645613907e-02 5.723255373551070641e-02 5.097281640932158769e-02
1.102018919541328246e-01 -1.202513731089613902e-01 5.028800940338421510e-01 1.836328707296121243e-02 1.607900698046458299e-01 1.531514331256559336e-01 5.591868639300094923e-01 1.000000000000000000e+00 -1.131987521205283093e-01 -1.025909488982858775e-01 2.551742077269310016e-01 9.550153768481194072e-02 -1.528058376731245560e-01 3.296422276527938844e-01 3.128642866183060228e-02 2.941021429442773616e-02 4.432782535081815634e-01 6.183283980802258828e-01 2.754851024652952285e-01 -1.517208964184106959e-02 1.272597168194086470e-01 6.130604736691682571e-02 1.545549129747816608e-01 -1.146717346557995926e-01 -3.401821909949964140e-01 2.275102874609635506e-01 -1.516528095483733220e-02 4.414950712265596211e-01 3.854725578455789337e-02 6.628455117326312873e-01 -2.241585515022966879e-01 4.278126482315864482e-03 4.659180374605827180e-02 1.484519367286378233e-01 2.238303020176878322e-01 -6.188456468137539662e-02 2.076301992103899430e-01 5.423877263319229480e-02 3.058614012648029623e-02 1.425529286980932731e-01 1.402059999075065677e-01 6.416408734586596108e-01 -1.550962033591110345e-01 -1.169498936253110521e-01 5.180449332919871003e-02 1.112845823952149371e-01 -2.238226303014480834e-01 1.094670177870549072e-01 -5.427334389223284483e-02 5.334867283146738082e-02 3.794817063748894270e-01 2.963815939273141686e-01 1.686570247493889008e-01 3.155757620109503336e-02 1.178560107439620697e-01 -9.156599497253352718e-03 1.165156986658055088e-01 -1.917420137050607765e-01 -3.104454470190818327e-01 5.994416787483794473e-02 -1.800634448796567255e-01 3.133776237453244629e-01 2.694194931423820813e-02 4.869649539254562454e-01 -2.274096785535514864e-02 -6.708673801372341816e-02 -9.583649087694772958e-03 -1.852261617137550623e-02
-5.371053375197882424e-02 4.664546942036355837e-02 7.668043957510672914e-02 -5.593766686236664731e-03 4.009132866916156196e-02 9.596829070230364356e-02 2.343116546803920008e-01 -1.131987521205283093e-01 1.000000000000000000e+00 1.352857787649079935e-01 -1.629144842231435020e-02 -7.498732758791842867e-03 2.720281074204339289e-01 1.855970802126304942e-01 1.577318600967357598e-01 8.922584021306759205e-06 -1.522001466480940035e-01 -6.217019329246901288e-02 -1.124817010002550910e-01 6.437750325258964623e-02 -1.189974574827870092e-02 1.541985853976679810e-01 -4.208463132421373654e-02 3.949073141724728786e-01 3.218581802949840309e-01 3.492492849396074128e-02 2.447535585495591026e-01 -1.322119485647782477e-01 1.210741568606324148e-01 -1.250487847641426620e-01 1.925270103152428025e-01 4.973841006766481498e-02 8.879917326368283459e-02 -1.635459167779249046e-02 8.070076601332626734e-03 3.250840702224411238e-02 1.153545417366476367e-01 -3.629881553827529056e-02 4.389218226247554311e-02 1.326509424724402753e-01 3.595415247344134757e-01 2.895789963905027672e-02 3.946637664958881353e-01 1.367817062014293206e-01 1.437233071850982369e-01 -3.250457108319503019e-02 3.401377191818127921e-01 2.618331254876855585e-01 1.261063524756279586e-01 -4.654076934096061831e-03 -1.471476782991125165e-01 3.716361778626890017e-02 -1.824629880812105032e-02 1.781624795305461473e-02 2.551208561037507372e-03 1.320870847987748453e-01 -4.021058601973336033e-02 4.084414847868650389e-01 2.012056398004096192e-01 1.496983581534968299e-01 3.607885676493918781e-01 -7.015255151780740162e-02 9.023129003468355336e-02 -1.234497685654315502e-01 2.397985894613741120e-01 4.657159751286903127e-02 5.020091917698061429e-02 5.283458472034358033e-02
4.186518937434851040e-01 4.644325099686283376e-01 -1.417853209503276979e-01 6.652137970465313854e-01 1.159557679198094417e-02 4.839437416933464187e-01 2.235084756272450249e-02 -1.025909488982858775e-01 1.352857787649079935e-01 1.000000000000000000e+00 -1.639387258110753393e-02 5.187747349753560888e-01 9.835781887312833316e-02 3.738792963763087895e-02 8.880596943085483641e-02 1.805854849730719747e-01 1.191826294254008517e-01 -3.341138125097299905e-01 3.357118914786793445e-02 5.043253686699599170e-01 2.520919122819286207e-01 3.921340815517028178e-01 5.010397504332448904e-01 4.514438252438632837e-01 2.162521214815166515e-01 2.497811632184015751e-01 3.866786477674587497e-01 3.746531854236825887e-01 5.049861452415655982e-01 1.015982148533380869e-01 1.140828852646148250e-01 6.714567137587772183e-02 2.734272530992416517e-01 3.141956918698484702e-01 1.317983902393930762e-01 3.668566164785899142e-01 -3.265694812185573892e-02 5.962228161813802885e-01 5.198993985957416075e-02 3.749435363685610367e-01 1.307709008463049383e-01 -5.320355664207714746e-02 2.494431790014505490e-01 1.134678204003632285e+00 -1.835884806107654366e-02 4.729057535419215474e-01 1.228645658796618800e-01 5.972697629617090831e-02 6.011102245336468614e-02 1.345540427346337831e-01 -2.108578851565150701e-03 -2.903603525849293709e-01 8.248897520333331457e-02 5.024713912999794196e-01 1.754320120739293609e-01 3.273232616925204619e-01 3.304856780170311592e-01 4.540128640295888474e-01 2.892819896041065597e-01 2.452714725320781775e-01 2.877226009730929346e-01 4.114612961687916792e-01 4.290668400802805094e-01 1.237535977555084543e-01 -1.005709456194698315e-01 5.084828510863788342e-02 2.151738577553707343e-01 3.635318582880604499e-01
1.274911852419053360e-01 4.892404617026881175e-02 3.742845578830075737e-01 -2.140897757091696912e-02 1.039665405441995427e-01 4.056202985214038548e-02 2.776676912163975608e-01 2.551742077269310016e-01 -1.629144842231435020e-02 -1.639387258110753393e-02 1.000000000000000000e+00 -3.057745402137353533e-02 1.156899090048100695e-02 3.017372877417595634e-01 -1.264607281734208763e-02 -4.902042252879060952e-02 3.902926536213239816e-01 3.256038595758835585e-01 4.317480735534938163e-01 -5.623296601747347981e-03 -5.522713567515392247e-02 1.258817981969168054e-01 6.420593667743235144e-02 2.264149604265466159e-02 -1.426771520096396795e-03 4.005062653009969775e-01 1.983057155865295407e-01 8.948475094145871833e-02 2.464818399810214319e-02 3.229153221286345521e-01 5.239852910816007042e-02 1.223824457599477500e-03 3.862708405691427094e-02 1.546745702176025583e-01 9.604708684384724582e-02 2.957097002949422848e-02 1.109299199554844295e-01 -2.254341604468943980e-02 7.470130726062032545e-02 -4.613334074502180651e-03 4.941194093026554657e-02 1.527958031778984260e-01 -6.628260605733971023e-02 -1.910993957884507544e-02 2.144875213695288108e-01 -6.383254241995121522e-03 -1.026768752064352863e-01 6.874665820589626053e-02 -4.209666200037619210e-02 -3.661129972692860751e-02 2.486913309797594562e-01 1.882519824743063841e-01 2.999296806725476605e-01 -2.961287596512373298e-03 -2.674080533059823225e-02 5.334156640752327205e-02 4.941155819477362904e-02 -9.251539229381394724e-02 -3.536292830474484922e-02 1.657215115982475229e-01 -2.154535918209359371e-02 5.254609526611462439e-02 -7.541249126169572922e-03 1.924292741978790855e-01 1.099930461859517303e-02 -2.159191821831618618e-02 6.801763863122475134e-03 7.182441566289515800e-02
2.658700916791665314e-01 2.291429282794978928e-01 -5.630585560687456637e-02 8.113342521079967007e-01 3.350729753178042364e-02 2.442014372737817407e-01 8.117438685170605406e-02 9.550153768481194072e-02 -7.498732758791842867e-03 5.187747349753560888e-01 -3.057745402137353533e-02 1.000000000000000000e+00 -1.732099857238091414e-02 -3.092310871274814993e-02 8.073581862353537697e-02 1.432669773825088200e-01 1.519858961223829463e-01 -7.937912451358486443e-02 1.619926952233070871e-02 7.900412693333322967e-01 2.257765811417258295e-01 1.962361951300695961e-01 3.813668450812804922e-01 1.992852300478920313e-01 -7.137297925046731661e-02 7.018972165412823427e-02 1.271646735702686437e-01 3.901902495882954569e-01 3.197089846341970021e-01 1.536417608988758232e-01 -6.046473677305151673e-02 2.643293851409159179e-02 1.783557672446314246e-01 2.537559794953598291e-01 1.230083456413971349e-01 1.960629412371893698e-01 -4.387477427026188065e-02 7.636801131810485588e-01 -2.456703582930325723e-03 3.072216534811835764e-01 1.374968898933343064e-02 4.008907888452104690e-02 2.804111753873973767e-02 4.794092859319099564e-01 -1.011580237674853389e-01 8.478305867683587627e-01 -4.469407688285229746e-02 -2.512515437940067431e-02 3.929920011814489605e-02 1.205199211037892709e-01 8.912219513676095106e-02 -1.774316638834392834e-01 8.087369774481526288e-03 7.787261173673736270e-01 2.102697172253437108e-01 1.326097728397200859e-01 2.802375283723769206e-01 2.013682152402851144e-01 -4.645408734016667068e-03 1.952150923962395548e-02 2.381517200496659561e-02 4.155571393364361765e-01 2.914333653202140773e-01 1.900833753854075658e-01 -1.372727980188307162e-01 1.063222245269866695e-02 7.847696720706370810e-02 2.058014065941747295e-01
-1.906039246352908556e-02 2.977581146747156071e-02 -8.593338257197882801e-02 -4.756470216874128520e-03 3.950055665055660775e-02 1.464757368522682235e-01 6.536958087196861888e-02 -1.528058376731245560e-01 2.720281074204339289e-01 9.835781887312833316e-02 1.156899090048100695e-02 -1.732099857238091414e-02 1.000000000000000000e+00 2.123671811907367202e-01 1.600988363135357195e-01 7.224294152999001517e-03 -1.364194412987652927e-01 -6.049162381444052328e-02 -1.852318263436544474e-02 4.691484210726228066e-02 3.365486274225965024e-02 -1.227347839919525584e-02 -2.980084373127573141e-02 1.508013480640258974e-01 3.630055683031965796e-01 -1.138955872715015916e-01 2.323920017873466470e-01 -1.835655412634020767e-01 1.409841868418704458e-01 -2.457492505300407082e-01 2.428469958868531842e-01 7.745289491615080235e-02 6.932120316604889476e-02 2.997523742857312323e-03 -7.482281230023325735e-02 4.021875604816382149e-03 -9.519089595572712004e-02 -4.560726328643032595e-02 5.718753160343598846e-02 1.369235868826388924e-01 1.364750669231038216e-01 -2.929190232767309165e-02 2.872070231090167458e-01 1.360692840500936363e-01 1.166270910621487883e-01 -3.025088651211337021e-02 4.433419911350652831e-01 2.218755884090697905e-01 1.604161252035459229e-01 2.465258313155577197e-02 -1.898520986008482847e-01 4.160747603549170420e-02 1.989803389154338673e-02 -2.550638834852535231e-03 3.589071435344284855e-02 1.308433485058296819e-02 -4.242555767926931704e-02 2.203216619254040332e-01 2.105145037132634123e-01 -7.025960172916714819e-02 3.128133051597357106e-01 -1.280113990702178295e-01 9.542466906751434497e-02 -2.496073111455401616e-01 2.433454697797606814e-01 1.033982730571300079e-01 3.723212437872282232e-02 4.746199086870227235e-02
2.269014845863640828e-01 -2.730144606973731319e-02 5.767100959980220320e-01 -1.061806800559267350e-02 1.333277328057232980e-01 1.678360359122660628e-01 6.134973166864019500e-01 3.296422276527938844e-01 1.855970802126304942e-01 3.738792963763087895e-02 3.017372877417595634e-01 -3.092310871274814993e-02 2.123671811907367202e-01 1.000000000000000000e+00 7.584564979595766199e-02 -1.575820523018359870e-02 3.804208511645559843e-01 4.463183596932516761e-01 5.005283273900562602e-01 -2.209100218519297054e-02 8.202727702117387776e-02 1.330036989332379904e-01 9.719417123606931275e-02 1.704256496092672046e-01 1.597021427608640298e-01 4.310665441249634244e-01 4.825271631239433923e-01 7.795025995855696214e-03 2.430686818736499666e-01 3.313425670022097091e-01 2.305362787795172952e-01 6.225275124675469507e-02 9.721841620624695202e-02 1.666109196587029495e-01 1.883249354964584010e-01 -5.304987933421544122e-02 1.233080031221759354e-01 -3.392754901326143491e-02 1.054852673113692851e-01 1.541533358637471873e-01 2.444847706078268346e-01 2.322280882928591250e-01 9.871160200675038743e-02 9.446024247111811656e-02 2.929140738682857736e-01 3.716078535050557075e-03 1.717483200465987070e-01 4.901985935079779533e-01 -1.571502947919592788e-02 1.562802337510377920e-02 1.091339085997700686e-01 4.122101992421627337e-01 3.371680333550427511e-01 -4.016470042707366572e-02 6.984645724308610748e-02 5.949986623215901271e-02 3.144933467813432887e-02 5.262428634075468070e-02 -2.612307305702004506e-02 8.016917197807726936e-02 2.029107308224762374e-01 -1.165367976608773157e-02 1.581462510249139752e-01 1.098694853741216670e-01 2.703085175492745962e-01 9.213329413862789141e-02 5.468151409625064685e-02 1.102624374195365908e-01
1.981349459378152489e-02 3.787204542051532397e-02 -6.067902552591254023e-02 6.356095020705876397e-02 5.699733749506970953e-02 1.850901472196635755e-01 1.263253918604350656e-01 3.128642866183060228e-02 1.577318600967357598e-01 8.880596943085483641e-02 -1.264607281734208763e-02 8.073581862353537697e-02 1.600988363135357195e-01 7.584564979595766199e-02 1.000000000000000000e+00 4.268525110909224263e-02 -3.206496565281514999e-02 -4.418021580210657051e-02 -3.700137231365012436e-02 5.690723301009999180e-02 8.060710064642982731e-02 7.527960850045831154e-02 6.084094479221219959e-02 1.901970254129824178e-01 9.216054724510711060e-02 -7.994075153376060949e-02 7.921048685714496274e-02 6.190670614229286384e-02 1.654495434147001953e-01 -9.543175587615845834e-03 7.684194900571696130e-02 6.141308751066316962e-02 7.597630565609213293e-02 6.229401454101353430e-02 9.641928371887948518e-04 4.099386031438465028e-02 -6.857912280014879201e-03 4.923019470792533436e-02 2.571615811622111197e-02 1.354143284865415298e-01 1.531912903230765177e-01 4.716020618812874488e-02 1.517324388691030090e-01 9.098633728558644385e-02 4.581428864665112316e-02 6.396151186916733400e-02 1.734893514572282136e-01 1.299063938971183607e-01 2.009144853820915289e-01 7.723595227754483095e-02 -3.789561784650471304e-02 -1.997499870749926132e-02 3.434701000693247963e-02 4.127620735080925196e-02 6.980829707158374420e-02 4.468567331250949265e-02 2.983953262339059456e-02 2.189773799270400556e-01 4.752837051715270988e-02 -3.591350160948630216e-02 1.232601988550658390e-01 7.448158076302137387e-02 1.083507702413617907e-01 -1.284289985039817339e-02 6.677858289027993610e-02 6.164845175313193870e-02 5.138861917318900130e-02 6.257459800513456849e-02
1.543161305400058136e-01 5.961052088395227266e-02 -2.644426875292641213e-02 1.399259308526827061e-01 5.007055899462379417e-03 1.352826673198212482e-01 1.087796376024246538e-02 2.941021429442773616e-02 8.922584021306759205e-06 1.805854849730719747e-01 -4.902042252879060952e-02 1.432669773825088200e-01 7.224294152999001517e-03 -1.575820523018359870e-02 4.268525110909224263e-02 1.000000000000000000e+00 2.237279101619729996e-02 -2.516457297377015789e-02 -6.052298855666875255e-03 5.307500195482716537e-02 4.525871837853588375e-01 6.293684867235510572e-02 3.958216994786684095e-01 8.243996529138516993e-02 -2.804237369476264910e-02 -1.952149672930725277e-03 9.464141891897466519e-02 2.056644920862359671e-01 2.822028674543404225e-01 6.193161872597300471e-02 7.828693850635616049e-04 4.167225137354731157e-02 1.412619395094493469e-01 1.169016178692923597e-01 1.399281916190695807e-01 5.485499800662659020e-02 1.317071901181224476e-02 1.490123361618133080e-01 -8.782037284552086237e-03 1.524115407857492555e-01 5.646591046661653124e-02 8.338989326517831646e-02 2.069411534570748598e-02 1.665722569811838583e-01 -4.274445491245137951e-02 1.803205269032786551e-01 9.765399103995056618e-03 5.507474629944021649e-02 5.464031790833028673e-02 4.494653765036329407e-01 6.792281337368324956e-02 -5.667811463537357486e-02 2.424415134979226658e-03 7.717963809682423793e-02 4.748732804444250055e-01 6.013592680139915464e-02 4.127005598063426262e-01 9.489207524345329159e-02 -1.762032695918301639e-02 1.174786344554982695e-02 1.027431790079188223e-01 2.728989858088854970e-01 3.487903802769051764e-01 1.530206665517935549e-01 7.475585198510527329e-03 -1.114883340010286786e-02 1.475473076260949701e-01 1.318564302295595070e-01
4.470505860660212161e-01 2.011499710740240476e-01 4.692638857104988181e-01 1.945102636901045456e-01 1.132042574439732358e-01 1.218140308315602133e-01 3.440333059535895521e-01 4.432782535081815634e-01 -1.522001466480940035e-01 1.191826294254008517e-01 3.902926536213239816e-01 1.519858961223829463e-01 -1.364194412987652927e-01 3.804208511645559843e-01 -3.206496565281514999e-02 2.237279101619729996e-02 1.000000000000000000e+00 3.055332163714786775e-01 8.089542592139469246e-01 1.048024503659426288e-01 4.519846834516974554e-02 2.901347887487504273e-01 3.754960096409392656e-01 1.024547077042269744e-01 -1.589286769886341932e-01 5.642531610684045074e-01 3.201457426786850635e-01 3.630115197528878124e-01 2.478053529371214148e-01 7.041909543313927822e-01 -3.751002349010253839e-02 9.242116132395956918e-03 1.568777487849300489e-01 4.132960135959342640e-01 3.047371695930106150e-01 1.811034198311081977e-01 1.222379985961731530e-01 2.492886274341205299e-01 5.496978234948489417e-02 8.714272351267852990e-02 1.029873571995747195e-02 1.922645163462985696e-01 -1.878104561735760569e-01 1.309568706643776670e-01 1.093835495970302413e-01 1.683892463151371310e-01 -2.654175018178034917e-01 8.298966814747169018e-02 -8.802012331068252704e-02 4.077514725633141213e-02 5.177275517402051275e-01 1.446025364584184181e-01 5.132433409293074567e-01 1.763106595327804393e-01 1.900937268646298375e-02 1.607244760947576512e-01 2.216434785962076159e-01 -5.981452134780826380e-02 -1.410376075989278610e-01 1.241574882229018878e-01 -8.745970104304259807e-02 2.898976281896382678e-01 1.513763963649360222e-01 4.684320877222913349e-01 -1.375652446109358329e-01 -4.336621672899308721e-02 6.874113014895809337e-02 2.197064902532331887e-01
-1.375131717071698678e-01 -3.569952374815889007e-01 6.824619115761199062e-01 -1.793146859860225151e-01 1.172604501150075751e-01 -6.067089903158430497e-02 5.485253630913262679e-01 6.183283980802258828e-01 -6.217019329246901288e-02 -3.341138125097299905e-01 3.256038595758835585e-01 -7.937912451358486443e-02 -6.049162381444052328e-02 4.463183596932516761e-01 -4.418021580210657051e-02 -2.516457297377015789e-02 3.055332163714786775e-01 1.000000000000000000e+00 3.672338015187732729e-01 -1.601179068553887086e-01 1.557495888206066742e-02 -1.651600375523951947e-01 -1.022078031615651361e-01 -2.916890884952809682e-01 -2.775896057775598669e-01 2.096701404357100285e-01 -4.883953288768685258e-02 4.788498596406374347e-02 -1.613408416561943337e-01 3.261764519240981652e-01 -1.266618274395099886e-01 -6.546975378184259099e-03 -8.711634851671866409e-02 -2.132557138742854907e-02 9.069032784014489923e-02 -3.071370909598685195e-01 1.772883777534827732e-01 -1.621591921976666129e-01 2.924527118084238597e-02 -3.139863842774375663e-02 5.679028579484465822e-02 4.305613603339110695e-01 -2.082255317045012544e-01 -2.964146853950873073e-01 1.840239286632293358e-01 -5.881533961689990042e-02 -1.472872696805881954e-01 1.676680772009139231e-01 -8.396745573405742236e-02 -3.256161845573625480e-03 2.974982167409139233e-01 5.579170414017693425e-01 1.685685955205253606e-01 -1.357411921942600630e-01 7.360720973632162156e-02 -1.978818851485839858e-01 -3.276359562816220233e-02 -4.089503902989336526e-01 -4.261354530361752824e-01 -5.033170346748058049e-02 -2.253165397549450333e-01 -1.599684903984625178e-02 -1.345860848147121813e-01 2.054190164674060681e-01 2.072598411002823104e-01 -3.106995088333590338e-02 -9.704680359565386050e-02 -1.424418047661656916e-01
3.810424563765821282e-01 7.723382252721924801e-02 4.104439547090636964e-01 6.185696314353206215e-02 1.022055956127311677e-01 8.454647372282836360e-02 2.626163138499461591e-01 2.754851024652952285e-01 -1.124817010002550910e-01 3.357118914786793445e-02 4.317480735534938163e-01 1.619926952233070871e-02 -1.852318263436544474e-02 5.005283273900562602e-01 -3.700137231365012436e-02 -6.052298855666875255e-03 8.089542592139469246e-01 3.672338015187732729e-01 1.000000000000000000e+00 1.152204310695025685e-02 1.953114895449067565e-02 1.599419432649400452e-01 2.055653489133129341e-01 -1.693707491430164816e-02 -6.500420845325477481e-02 4.443144700107572453e-01 3.218232723380771709e-01 1.391901752373680135e-01 1.764072279375445695e-01 4.407487182895039601e-01 7.580252948094612364e-02 1.283587975111491475e-02 7.219349098854759006e-02 2.830584624540018468e-01 1.961982029544170891e-01 4.861169054164281994e-02 5.473196880428698313e-03 8.260650234732130892e-02 5.144644245062159060e-02 4.232475915608190087e-02 -9.336826814696795596e-02 8.443411043426525542e-02 -1.810284764019922943e-01 8.216898762728856720e-02 1.858807732296252069e-01 5.563580269152314239e-02 -1.561150401460057180e-01 1.073254056809511414e-01 -7.813401102720983482e-02 2.152049121991133837e-02 3.459106019506126284e-01 2.507009883301835051e-01 5.697398197458773961e-01 4.302239355295699175e-02 1.136991679962515850e-02 3.543543656955541743e-02 1.165422133636525026e-01 -1.736371387112583264e-01 -1.422914433044035476e-01 -3.445613976137395368e-02 -1.066562643075420896e-01 8.342608333777938590e-02 9.707684250078531252e-02 2.239568261208578770e-01 -9.379565983261527184e-03 8.570950475695626042e-03 1.890944792828833793e-02 1.673295465236628587e-01
1.811053479830674329e-01 2.752353127590215220e-01 -9.905982011472277970e-02 6.873701561601641696e-01 3.356890015464427529e-02 1.917030538480783697e-01 4.294881884418593615e-02 -1.517208964184106959e-02 6.437750325258964623e-02 5.043253686699599170e-01 -5.623296601747347981e-03 7.900412693333322967e-01 4.691484210726228066e-02 -2.209100218519297054e-02 5.690723301009999180e-02 5.307500195482716537e-02 1.048024503659426288e-01 -1.601179068553887086e-01 1.152204310695025685e-02 1.000000000000000000e+00 6.060912125476065893e-02 2.137849048427672982e-01 2.490122897345331543e-01 2.280639187575174975e-01 5.641520078801692817e-02 5.059924604923410341e-02 1.638043802344614219e-01 2.062939942882223987e-01 1.883765109254646186e-01 5.037760795584787094e-02 2.110868742090005884e-02 3.016270182897299451e-02 1.185294491803618872e-01 1.924444306222663492e-01 6.368201767953882153e-02 2.206955586456050833e-01 -6.146355532709129460e-02 6.375267316769666071e-01 3.397007661170691611e-02 2.465814846361800150e-01 2.855048131497286978e-02 -4.701157205298591574e-02 1.112549519904740547e-01 4.965518864914995056e-01 -5.634779392524950914e-02 7.269879308633586668e-01 3.660580419926799667e-02 -1.028156152030183790e-02 2.067652958853598982e-02 6.559228118808753047e-03 3.564001130995632372e-02 -1.872061502911515074e-01 3.023513765665268235e-02 1.023407812035702857e+00 3.460194768958705508e-02 1.658992084220063667e-01 1.521839809575519509e-01 2.437905303355478170e-01 1.113057328226006726e-01 3.019861063771298038e-02 8.198466696190673253e-02 2.468010897332699460e-01 1.548200732173012906e-01 7.842002888283557127e-02 -1.036105292078695339e-01 2.916032698649789756e-02 3.835693878808690838e-02 1.711904786828389313e-01
2.684115611219601849e-01 4.123978836221670746e-02 2.149663852531887367e-02 1.955333937281844847e-01 3.866150993068449837e-02 2.029298692996296949e-01 7.177556011713995265e-02 1.272597168194086470e-01 -1.189974574827870092e-02 2.520919122819286207e-01 -5.522713567515392247e-02 2.257765811417258295e-01 3.365486274225965024e-02 8.202727702117387776e-02 8.060710064642982731e-02 4.525871837853588375e-01 4.519846834516974554e-02 1.557495888206066742e-02 1.953114895449067565e-02 6.060912125476065893e-02 1.000000000000000000e+00 5.029495401065112170e-02 6.555270217529194365e-01 7.475700178587960099e-02 -5.856020247396424849e-02 2.919875900173081462e-02 1.350003748442161200e-01 3.029530579865208906e-01 4.803966522068945366e-01 1.521253723779308342e-01 -1.811249641404701072e-04 6.060403491857213609e-02 2.503777985785383131e-01 2.162136209765801731e-01 1.441955331926322026e-01 5.810204973127885975e-02 1.728164804019639497e-02 2.068222584793140695e-01 -1.796212137412508958e-02 2.061192569237046968e-01 8.630014750265892209e-02 1.430188645582560203e-01 4.285140243047455555e-02 2.099810718296914458e-01 -4.950306816651058039e-02 2.678817430100362551e-01 2.836943648386638234e-02 9.291553030136660840e-02 7.599789828327668806e-02 5.028230329104915741e-01 6.934649051549231225e-02 -5.199224736732221269e-02 -2.318743363837638335e-02 2.702303863367035847e-02 9.415039036814405460e-01 1.127922924442304325e-01 6.224390002994926174e-01 1.208731186304768529e-01 -5.010422121404142781e-02 2.781109020475718702e-03 1.401555297776939102e-01 3.754512795463564312e-01 5.078048559502612580e-01 2.461407819294096910e-01 3.348824725564146509e-02 5.947818987618098963e-03 2.058678880819396484e-01 2.116330438279753201e-01
4.060978579212459749e-01 4.543184786627014748e-01 8.383686464838648045e-02 3.529852291077250626e-01 2.744687178583329543e-02 1.597091860085185777e-01 2.266622449192252642e-01 6.130604736691682571e-02 1.541985853976679810e-01 3.921340815517028178e-01 1.258817981969168054e-01 1.962361951300695961e-01 -1.227347839919525584e-02 1.330036989332379904e-01 7.527960850045831154e-02 6.293684867235510572e-02 2.901347887487504273e-01 -1.651600375523951947e-01 1.599419432649400452e-01 2.137849048427672982e-01 5.029495401065112170e-02 1.000000000000000000e+00 3.493195718724861898e-01 5.729733311671130203e-01 1.439856477133658330e-01 4.800069753697370212e-01 4.587224814819966801e-01 3.087136473046490637e-01 3.581468758067603564e-01 4.029162454891360157e-01 6.735925811752449532e-02 6.077671334238891540e-03 2.103141563138350156e-01 3.271057261471440047e-01 2.553082564218334127e-01 3.454806989947064588e-01 9.026017892473044146e-02 3.728061801200334147e-01 5.876518588449099190e-02 1.866639418734935552e-01 1.906305866217276601e-01 3.421250190030625249e-02 1.709268807515247346e-01 4.107512067581742254e-01 1.273096221320143412e-02 2.381207787468027082e-01 -2.712739658353328920e-02 9.642281637338429023e-02 2.269236776154903018e-02 6.126091302770839131e-02 1.153945094583095077e-01 -1.083508785536233254e-01 1.905291197479634380e-01 2.793792168988935010e-01 6.117359221761580618e-03 4.967826835375590555e-01 1.667084711369961614e-01 4.331868138326013806e-01 2.306852129628988446e-01 3.741159457456404436e-01 1.821793368037044059e-01 3.116239264379880858e-01 3.034802476298244511e-01 3.101096604445291449e-01 -1.645119843126431891e-01 1.321465354798103363e-02 1.732193030458993310e-01 3.298017012909274515e-01
5.409168251900020596e-01 3.708998986572339396e-01 3.493673221639533033e-02 4.922719487414722317e-01 4.389293719764851553e-02 2.622363658398813024e-01 1.021896663821493523e-01 1.545549129747816608e-01 -4.208463132421373654e-02 5.010397504332448904e-01 6.420593667743235144e-02 3.813668450812804922e-01 -2.980084373127573141e-02 9.719417123606931275e-02 6.084094479221219959e-02 3.958216994786684095e-01 3.754960096409392656e-01 -1.022078031615651361e-01 2.055653489133129341e-01 2.490122897345331543e-01 6.555270217529194365e-01 3.493195718724861898e-01 1.000000000000000000e+00 2.914919589808918632e-01 -4.492407073994131306e-02 2.842654242189180946e-01 3.876500138314334376e-01 5.632387337442529285e-01 6.337838375691935422e-01 4.046475159805184574e-01 2.623272186947512782e-02 6.867474300516604457e-02 3.408160684347659175e-01 4.334096357769137708e-01 2.571888371186982769e-01 3.427301235367800625e-01 1.432311848791378676e-02 5.184850197078393341e-01 2.125834188301318692e-02 2.538094181343432121e-01 4.920612487108255023e-02 7.902299948031984989e-02 1.689654377362528881e-02 4.331864729810409598e-01 -8.588978867603777601e-02 4.285261861712254539e-01 -6.941482790322033025e-02 2.968428424779586891e-02 5.446716077758726599e-02 4.184397487736801757e-01 2.407582662488795266e-01 -1.886567498128245979e-01 1.430474609877457337e-01 3.053805708554885867e-01 4.939279945150490403e-01 3.016629030315721161e-01 8.025040670585262825e-01 2.610521051720900987e-01 5.946617698476730496e-02 1.364421884371823657e-01 1.697503478069328220e-01 5.788752422382530405e-01 5.682267199698691762e-01 3.967902737836591087e-01 -1.507436000529445153e-01 1.480156374811850833e-02 2.700500526466141915e-01 4.106188252517507520e-01
