1.000000000000000000e+00,1.512523825937735211e-01,2.930212393130783854e-01,1.063147125591725056e-01,6.094207611782096606e-02,2.035008964516618057e-01,3.463887796346815096e-01,2.376886673135217010e-01,8.818557839903454210e-02,6.861842065583777239e-02,6.901989014688848789e-02,1.161629730364544810e-01,1.522848480821789863e-01,5.664850724304151264e-01,3.895071861151083031e-02,3.584608007357247828e-01,4.871276251986218497e-01,2.982382445347910860e-01,3.938884586592976134e-01,-3.066797079236601928e-02,3.948571616836034637e-01,9.400015684908429037e-02,4.271005694325053503e-01,2.439528499909727477e-01,4.730130704132370911e-02,2.834827089705089231e-01,4.514005527038088550e-01,2.434148932662653364e-01,6.472310627379522785e-01,4.271228088168286252e-01,1.284085733111889061e-01,1.424848421010705968e-01,2.083811651139602650e-01,2.795437314973527876e-01,6.260185569311316200e-01,1.556141745150717015e-01,1.879822485650011477e-01,1.279462803336343935e-01,1.740550765937158573e-01,2.994996640391306419e-01,2.670876727447418775e-01,3.226497874071457828e-01,6.825190974241866770e-02,1.733025718745677124e-01,1.581669088677393049e-05,1.590239247378144871e-01,1.847400470138300665e-01,4.613474422181525481e-01,1.176624692030949354e-01,3.981680153106054720e-01,1.625925343613364993e-01,2.464144980418249142e-01,2.746383071574841073e-01,-2.135521080266700525e-02,4.438142584805904178e-01,3.963680090454149707e-02,4.330861170879039546e-01,2.925632682060632650e-01,-1.221068469716327098e-02,1.985905739511249213e-01,3.033672993081258928e-01,3.220173371505100079e-01,5.279712951400868937e-01,3.306129928106831817e-01,2.658593262992042239e-01,2.029775077910007108e-01,3.141378288083642167e-01,2.868192402497133364e-01
1.512523825937735211e-01,1.000000000000000000e+00,8.680537515107554503e-02,2.369625503167683833e-01,-9.045818895994926431e-03,1.839043108846436236e-01,1.591558832252405187e-01,7.829973652907960824e-02,1.647665885302840583e-01,1.928401463144510386e-01,1.157645622240187216e-01,2.683522547176045991e-01,7.401653012811651444e-02,5.024068499342888849e-02,8.389247779479989953e-02,2.943540377577879008e-01,2.717322138710415169e-01,-2.878361992711764988e-02,1.454200883565512879e-02,2.030147700500194996e-01,1.894570875701821755e-01,3.150454975280928549e-01,3.086297787954391803e-01,2.836007758630883502e-01,1.189463184429359471e-01,2.844406911020619377e-01,3.147901738116561376e-01,2.712554911539933333e-01,1.423562135926960126e-01,2.824700817426022970e-01,8.609211062809861773e-03,1.134988042072315392e-02,2.424049293435201757e-01,3.185046300087003290e-01,1.520957673700743806e-01,3.877515659269754611e-01,1.008047358486587608e-01,2.373396687675809746e-01,8.114955157854254753e-02,1.976256844635866650e-01,1.582940883273150912e-01,7.332813910198018870e-02,1.250723179036851151e-01,2.070530300978558613e-01,1.847812908725015302e-01,2.687739650238169520e-01,1.000886942571699023e-01,7.364176679326783770e-02,1.360869200895347964e-01,2.921149138273065327e-01,2.691384230860844329e-01,-1.617819973515469828e-02,2.706683915892935111e-01,1.956187483597511823e-01,1.897471739359878895e-01,3.215730065971249552e-01,2.871754298813010142e-01,2.515785303232525028e-01,1.928942748502594784e-01,2.313207039138737431e-01,3.017861807954322351e-01,2.375478148911635001e-01,1.391959280257614728e-01,2.923077389133906245e-01,-2.225613349241755724e-03,-5.022670403791665295e-02,1.936880830376589702e-01,3.190880397631459808e-01
2.930212393130783854e-01,8.680537515107554503e-02,1.000000000000000000e+00,2.299210876111529578e-01,3.018845879900310114e-02,2.419319692136072952e-01,7.790590371619441346e-01,4.165023704326318854e-01,2.221886929015353118e-01,2.830519430711222473e-01,3.119075538962813865e-01,3.190284851114282283e-01,2.335188290582273785e-01,5.758832225135370741e-01,7.684649021129433266e-02,9.044812628408303856e-02,3.601359086281901711e-01,5.047037666830898051e-01,5.722192261978177319e-01,3.063371167415451790e-01,2.036568321557330197e-01,2.415816409259084474e-01,2.765607032130643073e-01,3.730570786302134789e-01,1.271165603844625624e-01,6.518677983539222787e-01,5.070767330620268298e-01,4.003560454896674670e-01,1.396608872686845304e-01,5.379666143160475311e-01,-2.477496836286987095e-02,-2.087006771158604265e-02,1.132552927382183966e-01,1.519528873848408346e-01,1.220612951399333290e-01,1.302164927278750550e-01,6.533199228935594460e-01,2.538904348295933922e-01,5.550956694289990723e-02,1.942495484560232410e-01,6.310690544541731617e-01,3.204943094105137669e-01,2.419084005128674664e-01,2.834119282101823512e-01,2.656953000500770767e-01,3.116922208140031070e-01,2.107908152685737391e-01,5.076577180777982479e-01,1.172217841460836130e-01,1.379022872018128842e-01,2.698280417693782463e-01,3.935029373086929572e-01,1.721750512836117963e-01,3.250753592215562260e-01,1.735689477301042838e-01,1.739971181198992634e-01,1.700490969925518014e-01,3.838366189535257211e-01,9.371980887850157871e-02,4.637564544921800591e-01,4.252395384071255280e-01,3.309647106243882586e-01,6.651978067268631001e-02,1.549894196221980047e-01,4.223265430045257396e-02,-2.952447395359011906e-02,1.718034750828638380e-01,1.067757302585718854e-01
1.063147125591725056e-01,2.369625503167683833e-01,2.299210876111529578e-01,1.000000000000000000e+00,2.395158526454068890e-02,4.467309852183016794e-01,4.504022176915148945e-01,7.130104603220019377e-02,3.402194205514895708e-01,5.937243571482730964e-01,2.014750014669907385e-01,8.349480713419967781e-01,1.908646303490059148e-01,1.733715697086510299e-01,2.072587551509409709e-01,2.746012714794907050e-01,1.557882028826270970e-01,6.651348022238627589e-02,1.075112814624096802e-01,8.167146030337576468e-01,2.863416854279831614e-01,4.455314140642542275e-01,2.150631949214626137e-01,5.599510259303668303e-01,2.930713413733194717e-01,3.505648973741058994e-01,3.794143489638502897e-01,5.659633382727544682e-01,5.522023977339405448e-02,2.220182427354461807e-01,6.906928471108642054e-02,4.342291035325356041e-02,2.254388954840362558e-01,2.858457481273470324e-01,3.627519068651048617e-02,3.592798111421248719e-01,2.120165482241391786e-01,8.996758923063732372e-01,1.108433488711127041e-01,4.560574761146640732e-01,3.381789205137451515e-01,1.087755327954017665e-01,3.465032386319257807e-01,5.658193704219122155e-01,1.777140820117672770e-01,8.091691634061844995e-01,2.534152040716053933e-01,1.275112856526716409e-01,3.026017992777053078e-01,2.808494894531225472e-01,1.622749903747663369e-01,4.198483653836213025e-02,1.468093048747680929e-01,7.978476853495078958e-01,2.551428348450756611e-01,4.413330437138133777e-01,2.292385086227400892e-01,5.344063349068994828e-01,3.629202596175118423e-01,2.497197753418681221e-01,3.500997184393791484e-01,4.221046461192773935e-01,5.715104796293481171e-03,9.338353650176124676e-02,2.800545743215685293e-02,4.305168349461609145e-02,1.752415780026768954e-01,2.534892012211683032e-01
6.094207611782096606e-02,-9.045818895994926431e-03,3.018845879900310114e-02,2.395158526454068890e-02,1.000000000000000000e+00,1.167085477165810542e-01,3.545860176686802673e-02,4.477016542964007417e-02,7.288819388688802525e-02,2.364873191263299618e-02,7.069587286293106676e-02,3.356515044873003423e-02,8.069535101429795021e-02,3.711990963829454870e-02,7.019816069868778374e-02,7.874988544480057695e-02,6.311698434762157139e-02,4.622361120467377571e-02,5.458392819513151195e-02,6.085695790021630053e-03,7.245254827999245140e-02,3.024550394546232993e-02,2.476256666720762223e-02,7.269432598126296385e-02,5.437731933252506339e-02,-8.860648785466650537e-03,5.334546848947403774e-02,4.786721096193432418e-02,6.991991020888589647e-02,3.885328566532685046e-02,1.947399044532288973e-02,9.059350297186914702e-02,4.603783644539960473e-02,6.656779521505409858e-02,6.519435182860205957e-02,-1.660351239053612206e-03,9.121988809619587663e-03,3.207693211875281558e-02,6.475444094241383786e-02,1.008939811256561181e-01,3.060931293069393475e-02,5.724325353432422464e-02,6.915888064936170920e-02,2.835315406715356243e-02,-1.855038050214612502e-02,2.671197124750331400e-02,5.840895845768284689e-02,-2.639547073238901389e-03,7.362076838253804600e-02,6.566159516210301472e-02,1.725663658742948928e-02,3.490466401311868166e-02,2.484819535705154805e-02,1.407558588371811067e-02,7.750721181597783338e-02,2.578784569481514660e-03,6.624025547076045628e-02,6.001736874758565460e-02,5.444739259352493477e-02,-4.822458051049977046e-02,3.799992801219424787e-02,6.251385333431501434e-02,7.182581724099236509e-02,5.397142103786013723e-02,-1.670496562625275669e-02,4.651679310409829321e-02,4.038571513983753303e-02,1.979597063359537015e-02
2.035008964516618057e-01,1.839043108846436236e-01,2.419319692136072952e-01,4.467309852183016794e-01,1.167085477165810542e-01,1.000000000000000000e+00,4.065073059660346266e-01,3.558206607380234310e-01,2.418882870911087390e-01,5.427317004334871742e-01,2.070917679555112356e-01,5.506614488019605513e-01,2.470968770012844373e-01,2.799606277337744475e-01,3.004520485320308909e-01,3.465204882346668014e-01,1.878391209846047849e-01,1.647655035106992405e-01,2.028626298717332022e-01,4.004059829887653410e-01,3.095618955418857343e-01,2.380208460069612730e-01,3.288075510823721403e-01,3.640506562048043127e-01,2.361786226472629147e-01,2.456711483775457505e-01,3.705476151720958899e-01,6.059268922345575348e-01,2.567044979824825157e-01,2.334352506394696269e-01,9.787456322917340024e-02,1.648324342984953950e-01,2.254992393504675896e-01,2.711386779077634146e-01,1.409045596092715069e-01,2.508890862382163189e-01,2.761595228778875311e-01,4.448152389134144569e-01,1.183229688865091722e-01,6.834139373521330718e-01,3.770266875444888144e-01,4.389675612721645193e-01,2.444803760610553267e-01,5.658824585675235053e-01,1.032706677426927233e-01,5.544985416458120264e-01,2.830148805554832947e-01,2.748461120119232715e-01,3.723636970666021062e-01,3.557544495791213901e-01,1.966625276786893861e-01,2.018041190552519182e-01,2.384254570271151785e-01,4.213985734247269743e-01,2.955771680779126775e-01,2.001502003363523352e-01,3.662626018642933245e-01,4.064725627458406487e-01,2.124120308697916570e-01,1.641067167915259417e-01,3.494049074918288977e-01,5.933807362889393922e-01,1.741617556154108348e-01,2.227799648759295759e-01,6.531255066432097023e-02,8.506137302934060895e-02,1.921959147415254199e-01,2.424401711086930089e-01
3.463887796346815096e-01,1.591558832252405187e-01,7.790590371619441346e-01,4.504022176915148945e-01,3.545860176686802673e-02,4.065073059660346266e-01,1.000000000000000000e+00,3.908992439030880561e-01,4.083246030546794914e-01,4.240631000238287429e-01,3.454607094066889927e-01,5.173321178102712192e-01,3.289366531714172925e-01,6.379341380989298482e-01,1.937487164298943021e-01,2.212598755293863073e-01,3.284971970016228315e-01,4.122474537783109572e-01,4.826912656571867855e-01,4.231058119846914378e-01,2.716605619920757220e-01,4.151251438342883349e-01,2.716314847369147301e-01,6.526900258304065838e-01,2.937266595403233427e-01,6.563715120866256969e-01,5.620758882050858052e-01,5.650493867204932075e-01,2.051156521283394596e-01,5.381552412271854990e-01,5.797739835731741814e-02,3.996403187118968692e-02,1.779205233101509021e-01,2.401795450093477391e-01,1.765308362358360972e-01,2.312663094624498317e-01,5.745942038995852652e-01,4.698524397887992032e-01,1.326098039068035472e-01,3.562754862025395708e-01,7.366587869134763045e-01,3.500294063971388647e-01,3.925975289996337936e-01,4.275614717442827728e-01,2.833719405905304467e-01,5.193397726461391750e-01,3.561209308240186333e-01,5.636068271654389727e-01,2.509742272301286325e-01,2.615632871589644859e-01,2.527904322533124915e-01,3.420779937751701749e-01,1.886936801095954463e-01,4.526121650336172864e-01,2.417592209017408178e-01,3.603096878958199079e-01,2.145574466760917232e-01,6.476789983570147013e-01,2.567260328823584015e-01,4.667058238303135598e-01,4.939569736271536282e-01,4.619026781867248133e-01,1.117728415457785729e-01,1.452833654963514576e-01,1.237221147290634843e-01,1.299272462817172014e-02,2.364878001587339129e-01,2.067715737141039567e-01
2.376886673135217010e-01,7.829973652907960824e-02,4.165023704326318854e-01,7.130104603220019377e-02,4.477016542964007417e-02,3.558206607380234310e-01,3.908992439030880561e-01,1.000000000000000000e+00,8.689365720465219711e-02,1.972265506202158791e-01,2.502258309663112357e-01,1.553346479972646244e-01,1.607409926084641671e-01,4.281121763967303817e-01,9.363844048764878580e-02,1.188886341361124754e-01,2.647811932448339012e-01,4.220319978037948006e-01,3.813919976202773676e-01,1.129542855749345043e-01,1.370194856587223509e-01,8.835705184133399448e-02,2.646206823262582386e-01,8.997918835446508390e-02,3.225300223819506373e-02,3.024786985029058739e-01,2.442894996555900478e-01,4.413188172707678270e-01,2.288350496970722459e-01,3.924285419074985404e-01,8.583886302631346665e-02,1.094092917850254809e-01,1.163274481094943719e-01,1.110198666717258364e-01,1.469820315586682080e-01,4.109099826134391537e-02,2.085495531143403136e-01,8.826015911621483412e-02,8.931433804603745863e-02,2.701665678267831106e-01,2.209197431296226755e-01,4.439918761570306183e-01,5.177880180749504929e-02,2.148265101621187612e-01,4.453571316688986759e-02,1.478988892175117364e-01,8.546202142449239869e-02,2.438642841131141714e-01,8.124485721856689047e-02,1.581260865293308837e-01,1.306170759956571670e-01,2.327873018071725253e-01,1.868827867031916390e-01,1.058648109329023701e-01,1.419334935036239698e-01,8.307458951118442889e-03,2.288990796317251775e-01,8.073574327237240111e-02,-5.938281351465216074e-02,6.944926454872986377e-02,8.797069441034380266e-02,3.802802481343282026e-01,1.654970437944293105e-01,2.236083768674032579e-01,-6.137423321071631271e-02,7.017225918101309412e-02,1.200493636964986705e-01,1.405512052122497302e-01
8.818557839903454210e-02,1.647665885302840583e-01,2.221886929015353118e-01,3.402194205514895708e-01,7.288819388688802525e-02,2.418882870911087390e-01,4.083246030546794914e-01,8.689365720465219711e-02,1.000000000000000000e+00,2.689194913287485389e-01,2.097385325220503804e-01,3.434441588693378233e-01,3.512678068572039347e-01,2.155776110731632000e-01,2.288196617085981044e-01,2.281076186687665264e-01,7.976357561923404227e-02,4.768507902352554090e-02,1.214740377401008625e-01,3.054841872332378361e-01,2.002636133243284045e-01,4.081931756434894476e-01,1.094311100478044113e-01,6.110245009660366655e-01,3.607637046408828096e-01,2.759920414947628631e-01,3.172922076523964630e-01,2.430228780927647103e-01,6.265459352642473168e-02,1.351562921955826724e-01,7.386283070796120787e-02,3.717331528459168893e-02,1.315578831427603179e-01,1.884752630695410991e-01,3.318645943915079360e-02,1.764210157806523072e-01,9.916107439527108158e-02,3.288178053800994705e-01,1.039119923467504564e-01,2.174706202252188192e-01,2.293593251772326480e-01,8.512476061306371855e-02,4.552410744906440487e-01,2.733467785169662601e-01,6.449942401435944384e-02,3.289764673418658636e-01,3.371867362325346451e-01,1.383597151846882589e-01,2.212031373469373341e-01,2.139086485328599019e-01,-1.234151918280700609e-02,4.441445955686897790e-02,2.033440522416218432e-03,2.921484090123953048e-01,2.139113036034090698e-01,3.659022590066053349e-01,1.107774438150859186e-01,4.689932727120495470e-01,3.510751439466412438e-01,9.398706966035810795e-02,2.276545271775019808e-01,1.950251560245530313e-01,3.022022130625764275e-02,3.708561750255535278e-02,5.987471236164126735e-03,4.905575733878290989e-02,1.518117864659468963e-01,1.278447512090469529e-01
6.861842065583777239e-02,1.928401463144510386e-01,2.830519430711222473e-01,5.937243571482730964e-01,2.364873191263299618e-02,5.427317004334871742e-01,4.240631000238287429e-01,1.972265506202158791e-01,2.689194913287485389e-01,1.000000000000000000e+00,2.312385155285090477e-01,7.534033337852743539e-01,2.033574828413473867e-01,2.236646599156162374e-01,1.691142669456803249e-01,2.432461916524150947e-01,1.382313847530960149e-01,9.637936968037179308e-02,1.677205255433353304e-01,6.513482604208606919e-01,2.281301069097603218e-01,3.590613595623201593e-01,2.312232189457241460e-01,3.531844316466032918e-01,2.424138895794985260e-01,3.732597934348251267e-01,3.641405059442729408e-01,5.888523487024939218e-01,5.399314968929889991e-02,2.050571918481560729e-01,4.477428616324267974e-02,6.902165461976036975e-02,1.821925613577052017e-01,2.607149799904466825e-01,-4.152135524847557629e-02,3.138315175243800437e-01,2.983477660606674298e-01,5.987514296881502052e-01,8.717676829272302808e-02,5.058707486389267816e-01,3.751343703579377298e-01,2.741620567566601108e-01,2.518899285919048436e-01,9.321972758986077912e-01,2.202066700752799977e-01,7.540248606088476580e-01,2.379395136195444904e-01,1.645900918543752589e-01,2.351114186247461324e-01,2.621409298887351080e-01,2.476307224972009724e-01,9.958773885632062062e-02,1.811705549750266542e-01,7.022495946031389602e-01,1.852798300691883004e-01,3.666407849696272647e-01,2.717422370144390031e-01,3.308342299214112603e-01,3.309890427240580468e-01,3.248900037814756447e-01,3.935717029142736800e-01,5.416671294052087804e-01,-2.072816166275916541e-02,1.859260328322600853e-01,3.179865338978959954e-02,-2.856543251948789192e-02,1.066617913910500454e-01,2.345939031079062875e-01
6.901989014688848789e-02,1.157645622240187216e-01,3.119075538962813865e-01,2.014750014669907385e-01,7.069587286293106676e-02,2.070917679555112356e-01,3.454607094066889927e-01,2.502258309663112357e-01,2.097385325220503804e-01,2.312385155285090477e-01,1.000000000000000000e+00,2.856456842767773341e-01,3.490850202660457646e-01,3.196315897234232040e-01,9.383139689413612372e-02,1.567285387196599433e-01,2.806406277516852454e-01,3.808371203964501239e-01,4.331176555861337985e-01,2.012487153521774763e-01,1.707117971905031950e-01,3.131251416506001251e-01,1.573095119234409200e-01,2.686303796320683168e-01,3.552055848680789052e-01,3.170352064573947470e-01,3.638553012711226442e-01,2.227059525783814664e-01,4.625558680060155164e-02,2.949739632495852470e-01,1.501902173936747464e-01,5.792981258178005882e-02,1.205929297900511926e-01,2.480966235758517435e-01,-3.390306199337136256e-02,1.466441289771083512e-01,1.042921535552651519e-01,1.977181896394772931e-01,9.987329276179186810e-02,1.267990949256258271e-01,1.349036407641946433e-01,9.016146635068063298e-02,1.665860844609694247e-01,2.075412475904352683e-01,2.989190573035820364e-01,2.525827754507302680e-01,1.709105677485789898e-01,8.800867259842191925e-02,9.455512208575157784e-02,1.926207344129446108e-01,1.075165417490801800e-01,1.570657926908338164e-01,2.128970990418038722e-01,2.016628006891837133e-01,1.790102654046750730e-01,2.202552609018388896e-01,1.296225719892437345e-01,1.464343880824316990e-01,2.495370671909961091e-01,4.767700039066725959e-02,1.909545764988401784e-01,1.423012929425941930e-01,-2.507936003928078455e-03,8.993932121003546387e-02,-3.648615257933120193e-02,2.317805133151711050e-02,1.387635990897575777e-01,2.136012653887761348e-01
1.161629730364544810e-01,2.683522547176045991e-01,3.190284851114282283e-01,8.349480713419967781e-01,3.356515044873003423e-02,5.506614488019605513e-01,5.173321178102712192e-01,1.553346479972646244e-01,3.434441588693378233e-01,7.534033337852743539e-01,2.856456842767773341e-01,1.000000000000000000e+00,2.088657783882853780e-01,2.302695070232709806e-01,2.189760813373669290e-01,3.346165214092369777e-01,2.015276076718428566e-01,1.347898820124930341e-01,1.909081105395714351e-01,7.958932289774769409e-01,3.280987885949188665e-01,4.507028475649531574e-01,2.744790705848720869e-01,5.356515080550866559e-01,2.832567885734249002e-01,4.020510113525996299e-01,4.238049149453660958e-01,6.653096415136526831e-01,1.008321650331993474e-01,2.892219713456328778e-01,5.583726237108366242e-02,7.907179829028912477e-02,2.971684294260050208e-01,3.548328498638914086e-01,1.086690030694678101e-02,3.906572777781572858e-01,2.974645573967986678e-01,8.362523167385284006e-01,1.362693761729201480e-01,5.260691318650303483e-01,4.085898426774018377e-01,2.066102775323590546e-01,3.350903324347880297e-01,7.291103730210252154e-01,2.445481431225728364e-01,9.107740944118133397e-01,2.768638561756059935e-01,1.746222590393490537e-01,3.441942845280017149e-01,3.584461866622749571e-01,2.556751200827388493e-01,1.037735383641446851e-01,2.247153749175092585e-01,8.003699144651290620e-01,2.925680526098556333e-01,4.351914466436206386e-01,2.981652066168444248e-01,5.151657929678997716e-01,3.615899209889208987e-01,3.017662424909823282e-01,4.098648196207208549e-01,5.444285068089866897e-01,2.765261647264593420e-02,1.740678987477956574e-01,3.145051546748756782e-02,2.026784725991839439e-02,2.559687390782884320e-01,3.257338299766656675e-01
1.522848480821789863e-01,7.401653012811651444e-02,2.335188290582273785e-01,1.908646303490059148e-01,8.069535101429795021e-02,2.470968770012844373e-01,3.289366531714172925e-01,1.607409926084641671e-01,3.512678068572039347e-01,2.033574828413473867e-01,3.490850202660457646e-01,2.088657783882853780e-01,1.000000000000000000e+00,3.710043405797835425e-01,2.020193540193694071e-01,1.521804064256745692e-01,8.500815718528496878e-02,2.677994101331264698e-01,3.012672444922646631e-01,1.491383486573338857e-01,1.617968414687594447e-01,1.784906479187588491e-01,6.158006640622703393e-02,2.976791633210297827e-01,4.474235340825799545e-01,1.687195273198971446e-01,3.627699878733331995e-01,1.223283693026518681e-01,1.422957368838530523e-01,6.202758513878094820e-02,1.453953377265047031e-01,7.306032876273289844e-02,1.098969646959795377e-01,7.998893914177483688e-02,5.389904617061793551e-02,2.279188163718887800e-02,3.186799374017820763e-02,1.612613740557641284e-01,1.272607214584403346e-01,2.281709064051743729e-01,8.988986273316464104e-02,1.191618813338681804e-01,3.090139112496174123e-01,2.356096212902531739e-01,1.366653229704252806e-03,1.931155815694929612e-01,4.537828871728952218e-01,1.736566796529672441e-01,1.533682147230165660e-01,1.682510000386580051e-01,-1.199400163805658948e-01,2.100044630469186935e-01,-1.255197896000667147e-02,1.572249790784340240e-01,1.842967917376428788e-01,7.865345680399303541e-02,1.046934227929732369e-01,1.833289684126960528e-01,2.489250770756127329e-01,-4.606069504718851571e-02,1.741245420657078768e-01,1.480042397406589050e-01,9.813076977656813582e-02,-3.358498598765968790e-02,7.925923796690871603e-02,1.208741734671464341e-01,1.184198255622121998e-01,4.906496422580045730e-02
5.664850724304151264e-01,5.024068499342888849e-02,5.758832225135370741e-01,1.733715697086510299e-01,3.711990963829454870e-02,2.799606277337744475e-01,6.379341380989298482e-01,4.281121763967303817e-01,2.155776110731632000e-01,2.236646599156162374e-01,3.196315897234232040e-01,2.302695070232709806e-01,3.710043405797835425e-01,1.000000000000000000e+00,5.846508909518401825e-02,2.242065199109862794e-01,4.058061984956606305e-01,6.253283874914806750e-01,6.310141144369340038e-01,1.000936303797362592e-01,3.200561054168498676e-01,1.513453484077380562e-01,3.043086277939511808e-01,2.827228684295879924e-01,2.496956289121954331e-01,3.877741184304605015e-01,6.064332536387349037e-01,3.044143457993779278e-01,4.153410754284800888e-01,4.881293487793779140e-01,2.321716751991957650e-01,1.929975293390008562e-01,1.285921245794514056e-01,1.787365185874348616e-01,3.757500685329921430e-01,8.069803515444758102e-02,2.602495296770399591e-01,1.900442363330959172e-01,1.783655124268105630e-01,2.855987802958991351e-01,3.628376393755804452e-01,3.464562859594739752e-01,1.634903768463206730e-01,2.970243984623257005e-01,1.816822348429061526e-02,2.409217721223395892e-01,3.009745459622176211e-01,5.717101553797747648e-01,9.650883570470199235e-02,2.979383877168886308e-01,5.384989603440819284e-02,3.900280546247680835e-01,1.490058925882466467e-01,1.121865003247412285e-01,3.465932769134931757e-01,4.801174284369673362e-02,2.962484773549341477e-01,2.608751102341177464e-01,8.265865672304652245e-02,1.528915181989042860e-01,3.535237523328296216e-01,3.412459459659745176e-01,2.905738948416695111e-01,1.884211953139078299e-01,3.279977128497840733e-01,2.278873663628087354e-01,2.381610439028883086e-01,1.788646126185728658e-01
3.895071861151083031e-02,8.389247779479989953e-02,7.684649021129433266e-02,2.072587551509409709e-01,7.019816069868778374e-02,3.004520485320308909e-01,1.937487164298943021e-01,9.363844048764878580e-02,2.288196617085981044e-01,1.691142669456803249e-01,9.383139689413612372e-02,2.189760813373669290e-01,2.020193540193694071e-01,5.846508909518401825e-02,1.000000000000000000e+00,1.270652782899089617e-01,3.749801430010978043e-02,3.058420542413075108e-02,6.209522548954822529e-02,1.504805063709911683e-01,1.024168136880214131e-01,1.377968618277251311e-01,8.214621139753615353e-02,2.826322859715406088e-01,1.876276022228305640e-01,5.513392362752346509e-02,1.578886539257827182e-01,1.731769483774813490e-01,5.752325094256174887e-02,5.229851610074417317e-02,4.150233572666335580e-02,4.087896630867122322e-02,1.041866077850997080e-01,1.121008533660375200e-01,3.397512568270148747e-02,9.794998697957861544e-02,8.969726798541424739e-02,1.864456786758391105e-01,6.934038713002468879e-02,2.443706221753541852e-01,1.489975890053091834e-01,1.363340648362138530e-01,2.157465705844295867e-01,1.710987170863653983e-01,-1.448307881595181472e-02,2.124694296738234567e-01,1.756618483582924606e-01,9.260317122294862979e-02,2.695290623862568458e-01,1.339380883697002256e-01,2.634190439528321520e-02,6.504319480252047925e-02,6.346029181972431821e-02,1.482021705750913299e-01,1.146463868290216320e-01,1.161144747462730109e-01,1.152415371448514830e-01,2.654373025521948315e-01,1.643319769343170034e-01,1.665577165379642822e-03,1.381304083953453221e-01,1.536844172128263852e-01,7.348844031421185308e-02,3.096857020208366312e-02,-4.724576388781778075e-02,2.434975555120626189e-02,5.299897207628715551e-02,4.731129167316330819e-02
3.584608007357247828e-01,2.943540377577879008e-01,9.044812628408303856e-02,2.746012714794907050e-01,7.874988544480057695e-02,3.465204882346668014e-01,2.212598755293863073e-01,1.188886341361124754e-01,2.281076186687665264e-01,2.432461916524150947e-01,1.567285387196599433e-01,3.346165214092369777e-01,1.521804064256745692e-01,2.242065199109862794e-01,1.270652782899089617e-01,1.000000000000000000e+00,3.430041701083330064e-01,9.871766422165444144e-02,1.726811656633095993e-01,1.243460489650729944e-01,5.974860030112093545e-01,3.018110462315079512e-01,5.772219337831417940e-01,3.947674749548363282e-01,1.429772187260893446e-01,2.265940525861947219e-01,4.216342979630664511e-01,4.214938156933087932e-01,4.182589494544992625e-01,3.740902378104752346e-01,1.032855763602813504e-01,2.127571222046336086e-01,3.604595356837062003e-01,5.305121529826447579e-01,3.624651551317114029e-01,3.430493991153973354e-01,8.792910858768462901e-02,3.037704253572325319e-01,2.026364966809887647e-01,3.918012582052554649e-01,1.845646873678579436e-01,2.395272020561643733e-01,1.718266558886887285e-01,3.197821309216368202e-01,1.045002233287135457e-01,3.696215299265657728e-01,2.308159397792165224e-01,1.959333355189471215e-01,2.455213589644192618e-01,6.643393543158589987e-01,2.420020301635390225e-01,1.364543930784485326e-01,3.467298212197951202e-01,1.176268060787576814e-01,6.051428029954096788e-01,2.500527813558935941e-01,6.029376796743871614e-01,3.724163095960741354e-01,1.563077947663745193e-01,1.126462567606301424e-01,3.189720112181635980e-01,4.549751050107758710e-01,3.869774336399215975e-01,4.956295563344332300e-01,1.201629410779327389e-01,1.770964122750574854e-01,3.823117009274035749e-01,5.078729974980917827e-01
4.871276251986218497e-01,2.717322138710415169e-01,3.601359086281901711e-01,1.557882028826270970e-01,6.311698434762157139e-02,1.878391209846047849e-01,3.284971970016228315e-01,2.647811932448339012e-01,7.976357561923404227e-02,1.382313847530960149e-01,2.806406277516852454e-01,2.015276076718428566e-01,8.500815718528496878e-02,4.058061984956606305e-01,3.749801430010978043e-02,3.430041701083330064e-01,1.000000000000000000e+00,3.000516683642015514e-01,4.829394636075039493e-01,1.117836982194457263e-01,3.086916000916315461e-01,2.479034455346377230e-01,5.018812962418278678e-01,2.601400465232227566e-01,5.679198082024767419e-02,4.268588885353746809e-01,5.564441285003314253e-01,3.233036982838085605e-01,3.471982399818475673e-01,5.639704849598172753e-01,1.017175561468360162e-01,5.465934066582840006e-02,1.643600454312006964e-01,3.748525286762700581e-01,3.440414550970459784e-01,2.867517243527419879e-01,2.165944949464211622e-01,1.441777531544853608e-01,7.421279887557324928e-02,1.863530174050351262e-01,2.019228994185648385e-01,2.103511687470517033e-01,5.238073080617604987e-02,1.617816509946017334e-01,1.388043024833360839e-01,2.001135680035309172e-01,5.441556365517739163e-02,2.766277613964418514e-01,4.473732936521115922e-02,3.661343976972056269e-01,4.088929668214493773e-01,1.688253394782470163e-01,4.676884351755505320e-01,1.023966836045694384e-01,3.492341794939406441e-01,1.633738589041369704e-01,4.357861277046722881e-01,2.322989157214503109e-01,5.187627420677735912e-02,2.221739930381042005e-01,3.751012393043715587e-01,3.014685126173152208e-01,2.715005235773430003e-01,4.116497756090508608e-01,9.340444673533210285e-02,5.025032679453304146e-02,1.933570679975417095e-01,3.446643685281546299e-01
2.982382445347910860e-01,-2.878361992711764988e-02,5.047037666830898051e-01,6.651348022238627589e-02,4.622361120467377571e-02,1.647655035106992405e-01,4.122474537783109572e-01,4.220319978037948006e-01,4.768507902352554090e-02,9.637936968037179308e-02,3.808371203964501239e-01,1.347898820124930341e-01,2.677994101331264698e-01,6.253283874914806750e-01,3.058420542413075108e-02,9.871766422165444144e-02,3.000516683642015514e-01,1.000000000000000000e+00,6.825049290221117948e-01,4.648018935192615303e-02,2.357446666376249167e-01,2.561313420008478475e-02,2.155635322092279982e-01,4.869417876307439302e-02,1.277179691914239190e-01,2.390552410412011552e-01,3.700705480741677822e-01,1.786717015186085056e-01,2.183703180541018973e-01,3.712936818360543789e-01,1.879588932540633417e-01,1.266577491240854225e-01,8.464601565157744978e-02,9.661057842677521490e-02,1.484161149076114461e-01,-6.182592885229429291e-02,1.924312984028193063e-01,7.837334060892449383e-02,1.154100056811821484e-01,1.455600777696820225e-01,1.820745208230834522e-01,2.493094908557151324e-01,2.489119194463922102e-02,1.340774030503682213e-01,1.800904741369102960e-02,1.211059367756096017e-01,1.202999639386354847e-01,2.856128871424739590e-01,6.173524575207351567e-02,1.465880046676018567e-01,5.269009222889431583e-03,4.833518365742302536e-01,1.680618528450553428e-01,4.277096637756706149e-02,2.454368763222272432e-01,-8.103956062576256336e-02,1.825372053232921787e-01,1.942319167499922256e-02,-4.100390932151500717e-02,-3.743302684369600314e-02,1.281744157246342830e-01,1.539395077243282117e-01,1.316538441824949279e-01,6.994273763189635951e-02,1.372088514812592752e-01,1.305116336493828966e-01,1.526852702522528415e-01,7.454994285208657590e-02
3.938884586592976134e-01,1.454200883565512879e-02,5.722192261978177319e-01,1.075112814624096802e-01,5.458392819513151195e-02,2.028626298717332022e-01,4.826912656571867855e-01,3.813919976202773676e-01,1.214740377401008625e-01,1.677205255433353304e-01,4.331176555861337985e-01,1.909081105395714351e-01,3.012672444922646631e-01,6.310141144369340038e-01,6.209522548954822529e-02,1.726811656633095993e-01,4.829394636075039493e-01,6.825049290221117948e-01,1.000000000000000000e+00,9.003484599720792958e-02,2.624549644859734965e-01,1.167547591757848724e-01,2.791896192283892519e-01,1.871271050124690971e-01,1.516254471727931097e-01,3.639566115572756000e-01,4.960165089338567923e-01,2.562419756340115207e-01,2.546121553983997088e-01,4.047133725626606005e-01,1.668016322919073091e-01,8.044045074292935360e-02,1.309559328092561870e-01,1.862136830214379257e-01,1.759691358076057033e-01,2.705070417501299201e-02,2.518086314361356326e-01,1.155551152916405588e-01,1.072744376121003845e-01,1.912147010608844511e-01,2.351458034734919544e-01,2.550857442205725634e-01,9.348718300533716274e-02,2.046349310198883609e-01,1.040997919284175344e-01,1.865191514626362845e-01,1.480933753126423558e-01,3.374986044033112531e-01,6.280067372589863417e-02,2.405263337177175331e-01,1.148072530497583621e-01,3.812430928024937993e-01,2.211546158943311358e-01,8.920941947305122133e-02,2.939550134166162842e-01,-2.025539483250702114e-02,2.434627565367918356e-01,1.364613400364965978e-01,5.971816319333101211e-03,7.929843584472415219e-02,2.305361765348150349e-01,2.447683253286299099e-01,1.662914671618510309e-01,1.421674087278979592e-01,1.304117624626033034e-01,1.156156606820742117e-01,2.042876279869798306e-01,1.591776635893585590e-01
-3.066797079236601928e-02,2.030147700500194996e-01,3.063371167415451790e-01,8.167146030337576468e-01,6.085695790021630053e-03,4.004059829887653410e-01,4.231058119846914378e-01,1.129542855749345043e-01,3.054841872332378361e-01,6.513482604208606919e-01,2.012487153521774763e-01,7.958932289774769409e-01,1.491383486573338857e-01,1.000936303797362592e-01,1.504805063709911683e-01,1.243460489650729944e-01,1.117836982194457263e-01,4.648018935192615303e-02,9.003484599720792958e-02,1.000000000000000000e+00,1.768931125337311894e-01,4.018713646971936448e-01,1.709496726074893613e-01,4.285670927698839172e-01,2.464538345664992747e-01,3.701111532230012546e-01,3.204849536483370676e-01,4.877057765554210222e-01,-7.546618925184822579e-02,1.687675328269939157e-01,2.362593709032209319e-03,-3.469138053582852127e-02,1.622736191933809025e-01,1.743658585660550486e-01,-1.164456826904602116e-01,3.159208507005472621e-01,3.044168318028808717e-01,7.580085428473474218e-01,5.204105901202281392e-02,3.562829479127840315e-01,3.451789525950700321e-01,7.882705080329147074e-02,3.241529274417676021e-01,5.725006705855627542e-01,2.292996640608299108e-01,7.361816220095209751e-01,2.020923309493565800e-01,7.904234282392456901e-02,2.279818918875736455e-01,1.125740666948322893e-01,2.086792731994330241e-01,3.731546889518413956e-02,9.398239560760347777e-02,9.398511523331974926e-01,1.280002859337103227e-01,4.134750532830661629e-01,1.443498397066737549e-01,3.878312592720176699e-01,3.505367939672862643e-01,3.014968567306229863e-01,3.371246863761662715e-01,3.328266212333903518e-01,-1.354552249016848786e-01,1.039653218467862482e-02,-7.882094683098068988e-02,-7.629362937361568175e-02,8.930033630569055025e-02,1.398267891700617216e-01
3.948571616836034637e-01,1.894570875701821755e-01,2.036568321557330197e-01,2.863416854279831614e-01,7.245254827999245140e-02,3.095618955418857343e-01,2.716605619920757220e-01,1.370194856587223509e-01,2.002636133243284045e-01,2.281301069097603218e-01,1.707117971905031950e-01,3.280987885949188665e-01,1.617968414687594447e-01,3.200561054168498676e-01,1.024168136880214131e-01,5.974860030112093545e-01,3.086916000916315461e-01,2.357446666376249167e-01,2.624549644859734965e-01,1.768931125337311894e-01,1.000000000000000000e+00,2.100900886809251855e-01,6.687624775903994179e-01,3.023390686506897684e-01,1.618876553244120164e-01,2.030966239508321669e-01,4.289298216786592288e-01,3.747493301647402131e-01,4.455825478174065823e-01,3.867990318151711682e-01,8.522637827460104176e-02,2.217146591997496974e-01,3.558495174836499020e-01,5.206403028253719922e-01,3.779504984006233359e-01,2.705809191948181924e-01,1.838664343049965233e-01,3.234198025691347733e-01,2.429582930412225450e-01,3.631527438127318819e-01,2.386170282207220883e-01,2.728374160371511148e-01,1.573109498525546157e-01,3.064827625031266156e-01,7.662658104383955615e-02,3.451805569221653158e-01,2.676795065553587150e-01,2.497783355535749261e-01,2.074320302731932353e-01,5.944204035441496004e-01,1.853437254320987604e-01,2.333435992159272609e-01,2.835397582468541233e-01,1.607320560777641127e-01,8.322021498282194951e-01,1.635591518314060688e-01,6.682433075177202086e-01,3.388460219889918301e-01,1.373791117261995431e-01,1.067066736674226191e-01,3.180452534591359237e-01,4.045848914858010681e-01,3.740234339752579462e-01,4.271921736466802177e-01,1.369880914091050894e-01,2.435860285635641775e-01,4.155876530306621408e-01,4.730813510495629481e-01
9.400015684908429037e-02,3.150454975280928549e-01,2.415816409259084474e-01,4.455314140642542275e-01,3.024550394546232993e-02,2.380208460069612730e-01,4.151251438342883349e-01,8.835705184133399448e-02,4.081931756434894476e-01,3.590613595623201593e-01,3.131251416506001251e-01,4.507028475649531574e-01,1.784906479187588491e-01,1.513453484077380562e-01,1.377968618277251311e-01,3.018110462315079512e-01,2.479034455346377230e-01,2.561313420008478475e-02,1.167547591757848724e-01,4.018713646971936448e-01,2.100900886809251855e-01,1.000000000000000000e+00,1.894422044405976446e-01,5.946642632196466050e-01,3.096949690155459955e-01,4.903624803220874573e-01,4.166674010244553750e-01,3.525627480274782233e-01,4.666739439826609465e-02,3.263733769119025463e-01,8.085076851241966567e-02,-4.023000647994358359e-02,1.649178443931736959e-01,2.984569042404721095e-01,4.631629179069783608e-02,3.954937253146512677e-01,1.626281715478962997e-01,4.312421286994813641e-01,9.966025172814978184e-02,2.232899760002088063e-01,2.911670371088673215e-01,3.932485453319625041e-02,3.316286022129863453e-01,3.264683327154814241e-01,3.217983283297435326e-01,4.320180614494421589e-01,1.869073207197826658e-01,8.699638300224005194e-02,1.635421010093012772e-01,2.733484918341725356e-01,2.413036466875820296e-01,-7.023523352768995705e-03,2.231823137929940248e-01,3.952860436407402700e-01,2.044565954438875566e-01,5.825668721962014018e-01,2.066180661156700182e-01,4.607736693247922455e-01,4.024022245990019897e-01,3.117720670657624371e-01,3.714657479432307841e-01,2.443738710319154073e-01,2.112886957438932581e-02,1.546473994598355772e-01,1.819012691214479810e-02,-7.934220364187395680e-02,1.616826840732982773e-01,2.620973455485692272e-01
4.271005694325053503e-01,3.086297787954391803e-01,2.765607032130643073e-01,2.150631949214626137e-01,2.476256666720762223e-02,3.288075510823721403e-01,2.716314847369147301e-01,2.646206823262582386e-01,1.094311100478044113e-01,2.312232189457241460e-01,1.573095119234409200e-01,2.744790705848720869e-01,6.158006640622703393e-02,3.043086277939511808e-01,8.214621139753615353e-02,5.772219337831417940e-01,5.018812962418278678e-01,2.155635322092279982e-01,2.791896192283892519e-01,1.709496726074893613e-01,6.687624775903994179e-01,1.894422044405976446e-01,1.000000000000000000e+00,2.475097051425293460e-01,3.710592422875768487e-02,2.813719352732171886e-01,5.145067711556718937e-01,4.720736906892128437e-01,4.953443043467679607e-01,5.560205937473891025e-01,5.592967924852888795e-02,1.891085619945489515e-01,3.164401145209800870e-01,5.548088757068705412e-01,4.485314074571976062e-01,3.245332955184746515e-01,2.558108757054817217e-01,2.437888435714195556e-01,1.999586054128874857e-01,3.649598702763189872e-01,2.691587189963508542e-01,3.346919585802918262e-01,8.374729599469050989e-02,2.771796799972204850e-01,4.671942554668774561e-02,2.835367091300742826e-01,1.454165496332236740e-01,2.505862701759881683e-01,1.902769425944965398e-01,5.937197078135413308e-01,3.675328242789256405e-01,2.105629234220189605e-01,4.330954060175935538e-01,1.530665383253642098e-01,6.871065696178331184e-01,1.615624105617820272e-01,8.104460005175787574e-01,2.976716656607785727e-01,2.124798278676064828e-02,1.479462440845699112e-01,4.155822112266480683e-01,4.910424510741344117e-01,4.541024201931587179e-01,6.002881637709980289e-01,5.745069663838906632e-02,1.662511072507103227e-01,3.627995856912331618e-01,5.323778743907997546e-01
