1.000000000000000000e+00,1.894772873791801815e-01,4.001846441810104071e-01,4.272898156553897597e-01,3.649004785145879004e-02,6.484149507893682829e-01,5.813772507838795844e-01,3.219515513122879757e-01,4.148064790930045542e-01,4.638852604644390643e-01,8.615056157302554418e-02,5.620784088401298284e-01,2.691396216133536967e-01,6.645987905990833333e-01,3.838443039481316821e-01,5.716856075314183938e-01,4.786961488999669223e-01,3.000430517916949924e-01,5.118710392759842076e-01,3.772749107508084898e-01,6.306652627955231516e-01,2.600851399759755989e-01,5.814709321039362999e-01,5.200239947774144555e-01,2.068359196720760962e-01,2.703796343413516490e-01,5.287007671442890411e-01,5.612470697874939463e-01,7.942115120034043407e-01,4.951687550170046359e-01,4.423829513119140744e-01,1.944322538718545046e-01,3.406508559189979080e-01,3.890106708095704136e-01,8.264135970718063939e-01,1.058974645314805646e-01,5.406708783024225529e-01,5.144138128381671171e-01,6.632915312178069844e-02,6.152846133795383254e-01,5.999273336875009521e-01,5.087216375478127439e-01,4.269373076339814110e-01,5.727761223459407747e-01,2.783275156439263820e-01,5.662139792990616982e-01,2.568492398127721343e-01,7.501718435083115644e-01,4.045668163150660801e-01,5.560509231150125853e-01,3.621782189915033201e-01,3.145477741256124671e-01,5.712563302501642015e-01,3.313748786264754664e-01,6.436541142731223575e-01,3.714809096888911921e-01,6.149167799164528825e-01,5.825610977377155830e-01,1.306362136792154072e-01,3.860994155767290548e-01,5.606546983413566165e-01,6.320197468744855884e-01,6.803136234433306839e-01,5.445013429714647968e-01,2.091849843753297022e-01,3.113102551430211307e-01,3.478455569927126900e-01,4.689791463072662814e-01
1.894772873791801815e-01,1.000000000000000000e+00,1.047561576843334397e-01,1.595204961407707955e-01,2.592840053208502610e-02,2.230429411226032832e-01,9.388558043241702900e-02,5.513973344877990540e-02,1.429511927824601014e-01,8.723280621960925740e-02,2.654833257758563159e-01,2.644223494147806552e-01,5.134653913225402377e-02,3.240838603630718118e-03,1.680341789456116508e-01,3.898701108814356386e-01,3.940580539896801904e-01,5.869760389589890465e-02,2.638377304151246494e-01,2.010292298834143176e-01,3.046233352851395182e-01,4.316881733884252448e-01,4.538385180846070122e-01,2.949583491908338573e-01,1.104562834947037386e-01,2.429450185197870871e-01,3.325379203950462048e-01,2.299238883295848801e-01,2.505948842629859286e-01,3.859293493952097309e-01,-7.980926709005124742e-02,4.070604551315030323e-02,3.366762512599128510e-01,5.536302265189732008e-01,2.729214867797778443e-01,3.841142216526245434e-01,1.463833899995622967e-01,1.745933774410983741e-01,1.279201088159463880e-02,2.414319790201072125e-01,1.619291290047238652e-01,1.482734360854264799e-01,1.708546496801744974e-01,1.369742527549141220e-01,3.189283672126266289e-01,2.595814811073264838e-01,6.305421244689571325e-02,8.116941835136412542e-02,2.208651811263140641e-01,4.070753502239723987e-01,3.281562909914608750e-01,8.696196165956421309e-02,3.564022900277641903e-01,2.053455477861329259e-01,2.965433810427253736e-01,4.325081334983799652e-01,4.144058443836469707e-01,3.140912470583060445e-01,1.782840296696119875e-01,2.320815016101419881e-01,3.520898091820777731e-01,2.891096034096700684e-01,2.665981204652364545e-01,4.150306801167093496e-01,-1.376262708047839567e-01,2.522866936808809135e-01,3.411864229194761511e-01,5.294148866809050835e-01
4.001846441810104071e-01,1.047561576843334397e-01,1.000000000000000000e+00,1.511505908534413467e-01,1.317573188544697294e-01,4.067724842055402412e-01,7.519837965768240151e-01,6.507223821360766935e-01,3.770311133342181265e-01,2.162534292263012525e-01,4.050234728879599788e-01,3.083473485879958953e-01,3.124275995363404723e-01,5.075104020750356160e-01,2.729563465869102035e-01,3.258925822245182791e-01,4.782991127390825992e-01,4.454794952689348775e-01,5.220940998965697410e-01,2.880796290431097417e-01,4.355335129848061926e-01,3.399236947948148790e-01,5.216518146740235506e-01,5.061109686206014535e-01,1.864067267287538854e-01,7.494999680652070229e-01,6.399579974774547431e-01,4.257219371743809488e-01,4.122196023798304632e-01,6.661877208114589388e-01,2.791517784837202476e-01,1.445724042148825161e-01,3.086539371103024787e-01,2.496942796819975885e-01,3.843016892422017050e-01,-7.725053179730403952e-02,7.857851818871610661e-01,1.742187828094198254e-01,5.791668887509726638e-02,3.704968095991495458e-01,6.482232278739330500e-01,4.729123136632795710e-01,3.535303847715482450e-01,2.885954298634224036e-01,3.111158877498603204e-01,2.956828911001461169e-01,1.474798106167803657e-01,3.973491985433778018e-01,1.987416036672774722e-01,3.224211022685277706e-01,4.887123362291537210e-01,3.514938361464516881e-01,4.378427426533005873e-01,2.180876385069038248e-01,4.015529831142355399e-01,2.802712752392850781e-01,4.594901843936901598e-01,4.088027635932451886e-01,3.336188895448329722e-02,5.839886120678590142e-01,5.021184509341736213e-01,4.005468534793634738e-01,4.324512717081316349e-01,4.935830417254977176e-01,1.965952630276841528e-01,1.547782782523061118e-01,3.272424187327095946e-01,2.739385930007732228e-01
4.272898156553897597e-01,1.595204961407707955e-01,1.511505908534413467e-01,1.000000000000000000e+00,-2.432934232217170978e-02,4.099055655573455303e-01,3.597579150893039923e-01,7.844036905943463367e-02,3.369244784595273323e-01,4.007026883990665866e-01,6.283387838175562290e-02,6.651315903378398620e-01,1.864203557212976703e-01,2.393413390373722582e-01,3.157784773005949952e-01,4.539230041938396298e-01,1.778509966454136226e-01,6.097319834972979996e-02,1.780907403077651718e-01,7.518019336289195609e-01,4.245095906556728416e-01,1.837124581870490658e-01,3.490529946976747011e-01,5.438767679891034490e-01,1.719479017318028546e-01,2.528053052681600854e-01,2.902123622611793019e-01,5.503226336092679194e-01,3.953872883117479642e-01,2.231800692671048747e-01,3.081063698819799801e-01,4.181159438337182788e-03,2.828105424118903533e-01,2.548150981616452149e-01,3.666594005376779264e-01,1.855085318077052126e-01,2.604688455697740102e-01,9.464008672171627667e-01,-1.631731584889246564e-02,4.352834616838921478e-01,3.426493219816640345e-01,1.957069335571002267e-01,2.974598165220302959e-01,4.460468585826255494e-01,9.577641921582547013e-02,7.097725952098450364e-01,9.525834691498379081e-02,3.034350080368001246e-01,3.408206411912172440e-01,3.967646110641016022e-01,9.075138265440291230e-02,8.855377856825687177e-02,1.928030494392485583e-01,7.626776747225284536e-01,4.431407916210446940e-01,3.201058252647125402e-01,3.994341526308097245e-01,5.599517052657487781e-01,1.695689131228997615e-01,3.229558352453382741e-01,3.360864536323088236e-01,5.667771035708361049e-01,3.315820737042590727e-01,2.971883392556526893e-01,2.392127318745552733e-01,1.411554854974025330e-01,2.636563881691998956e-01,3.190449565535161680e-01
3.649004785145879004e-02,2.592840053208502610e-02,1.317573188544697294e-01,-2.432934232217170978e-02,1.000000000000000000e+00,8.040724606579453815e-02,9.473174478807259991e-02,1.745837555900301707e-01,5.788805490222870970e-02,-2.956200614790042286e-02,1.058953283771756348e-01,3.288157349206300047e-03,7.147623432760641382e-02,1.091952620280730868e-01,6.660342805503499664e-02,9.146221561403725109e-03,1.000678947113977091e-01,7.558645113628480183e-02,1.450521181586080788e-01,-1.229765118788823594e-02,-1.245411050739149601e-02,7.939712964707233700e-02,4.885908905975565319e-02,6.159281535741596009e-02,6.564202447043175626e-02,7.807528052276381525e-02,1.086298320174528959e-01,7.088057763921962184e-02,6.631043412573855989e-02,1.078114130905378637e-01,2.077308441016085042e-02,1.462524954295054136e-01,4.074017515648754167e-02,5.587198428549535606e-02,2.922111324684364270e-02,4.334134241740885546e-02,4.204904612174400341e-02,-2.053134814273117892e-02,6.496105482410992338e-02,7.533385729029953848e-02,1.188541235380638364e-03,7.698614544771875678e-02,5.775322461364839483e-02,-1.598066419220350171e-02,6.431997136225099665e-02,-3.290580971619975863e-03,6.630636600595199437e-02,3.632784918233926408e-02,5.862841143511950126e-02,1.861760706373635429e-03,1.014872144629771211e-01,8.723944123803079737e-03,1.259234304199693955e-01,-1.742576180002999072e-03,-1.922559415981515973e-02,5.585525747018972587e-02,2.901793545451385875e-02,7.425896931765838286e-04,4.020370420508564968e-02,1.798148478450121296e-02,3.764792575171477945e-02,4.860219540961929763e-02,4.407486132273732982e-02,7.146544082091793593e-02,-1.915427117096091258e-02,4.597622036072885471e-02,3.064705673821495596e-03,3.788980394948406744e-02
6.484149507893682829e-01,2.230429411226032832e-01,4.067724842055402412e-01,4.099055655573455303e-01,8.040724606579453815e-02,1.000000000000000000e+00,4.608613559856234443e-01,3.942085711240742030e-01,3.117640109580584462e-01,6.480215080358671109e-01,1.828459294091973331e-01,7.431693146830560259e-01,2.217063401725029026e-01,3.611919517344403530e-01,4.289955232790630402e-01,4.780798487691296783e-01,4.016343519185582300e-01,2.018413282252630447e-01,4.355589586726188456e-01,5.137030211773948585e-01,5.057734104108937423e-01,3.105017911088788218e-01,5.540084205983949461e-01,4.755384630729920792e-01,1.497525707328486722e-01,3.092259651620529182e-01,3.911420348586962525e-01,6.191624306846724712e-01,5.148030012938668021e-01,4.368521702591519063e-01,2.320148719959707340e-01,1.669980418113213849e-01,2.936261166667636924e-01,3.962797274588278906e-01,5.702173594279935642e-01,1.174047178278842807e-01,5.176531908376045266e-01,4.795232386445684725e-01,1.068495219372204152e-01,8.822232581145983410e-01,4.605032584636146176e-01,4.761054057633115622e-01,3.411524045427878904e-01,7.699107646353582357e-01,3.282552552973336812e-01,7.328828814302696948e-01,1.516161390087577832e-01,4.528592695612095320e-01,4.669157954061653459e-01,4.438766092525038842e-01,3.662111382617928013e-01,2.235118381803335441e-01,5.244705059320003970e-01,4.847799995688950037e-01,5.171700803462192519e-01,3.773554763904684028e-01,5.491111606589440530e-01,5.129360724107494551e-01,1.135056062919838626e-01,3.876374279894608255e-01,4.507641921310976407e-01,6.331703604356933024e-01,4.548170848013629031e-01,5.047270864939918944e-01,6.975102383255095406e-02,2.830514629814682714e-01,2.806814106343321624e-01,4.415415324929810592e-01
5.813772507838795844e-01,9.388558043241702900e-02,7.519837965768240151e-01,3.597579150893039923e-01,9.473174478807259991e-02,4.608613559856234443e-01,1.000000000000000000e+00,5.309922687548340736e-01,6.385491539682296436e-01,4.267400570930535708e-01,2.640780205138782422e-01,4.542334659938621622e-01,4.587241270423342288e-01,6.907038413504156260e-01,4.465682323370970264e-01,4.880972854775217362e-01,3.181690648923736764e-01,3.749132040775420838e-01,3.722698826648760950e-01,4.612264181911899241e-01,5.209428355492990992e-01,4.173179454732363625e-01,5.001502324180958636e-01,7.588120576399830508e-01,2.994125551971312249e-01,6.421191995297726995e-01,6.720901463029329559e-01,6.344784858888643519e-01,5.217193141681150115e-01,5.891603329817169943e-01,4.852205464787732181e-01,1.535173406908901528e-01,3.383400720224776781e-01,2.278979581865180626e-01,4.294050809198147745e-01,-2.688557559647021273e-03,6.175817030542712915e-01,4.095739811244717976e-01,2.777937391269253223e-02,4.254633767157025015e-01,8.119028259814291548e-01,4.759743634257150302e-01,6.040657940848752627e-01,4.671130176616832830e-01,1.976793806211871174e-01,4.584003987436290894e-01,2.830717145977070803e-01,5.755087933559247526e-01,3.610810490979329823e-01,4.388105839041313572e-01,2.398837791208841552e-01,2.418000215766843708e-01,2.989007240414787159e-01,4.018734057766366607e-01,5.076945322274304395e-01,4.543645634415756085e-01,4.604774757952513342e-01,6.840312058514905758e-01,1.498502589889570136e-01,5.302780323347423552e-01,5.398035678775021662e-01,5.999869904425796374e-01,4.877656619427072626e-01,4.511546931436459240e-01,3.683440765965808050e-01,1.631481162439349375e-01,3.610656995351110843e-01,3.145267733168947144e-01
3.219515513122879757e-01,5.513973344877990540e-02,6.507223821360766935e-01,7.844036905943463367e-02,1.745837555900301707e-01,3.942085711240742030e-01,5.309922687548340736e-01,1.000000000000000000e+00,1.750402245672845192e-01,1.777588155541058867e-01,3.048624657013376260e-01,2.287202876241747340e-01,2.176908944091136278e-01,4.497775822071298224e-01,1.157130703598152899e-01,1.846500806492990532e-01,4.262968120467034994e-01,3.498401929651647757e-01,4.972900790084515688e-01,2.224300767635352671e-01,2.590520475599182304e-01,2.530926940222881227e-01,3.529287684854839902e-01,2.071679702817441626e-01,-4.927521469513922170e-02,4.582611789483551079e-01,3.334153844267886968e-01,4.485857760534140426e-01,3.044189250016083315e-01,6.008627773973794772e-01,1.677056350124114803e-01,1.740151863718034653e-01,1.713896952992386147e-01,2.009694680887094131e-01,3.024689088634637812e-01,-7.675488281671566382e-02,5.316686566992844254e-01,8.972181230763191795e-02,1.174029971837273340e-01,3.005563516741938113e-01,3.658981035511706392e-01,5.910158599073699337e-01,1.273853760947989966e-01,2.068502109970183911e-01,3.183394534996458747e-01,2.204521063526536373e-01,4.847042978066083696e-02,2.729221760171766653e-01,4.501884537792324309e-02,1.878927983864477069e-01,3.782374896714892354e-01,2.303594875401448194e-01,3.748863009621694053e-01,1.684767184168205478e-01,2.327708030599323907e-01,2.136965569805828469e-01,2.662137383373036070e-01,1.545058429162262104e-01,-1.873206932796273316e-01,3.612794587085120801e-01,1.912793467612364795e-01,3.530966581999368525e-01,2.880537921714696470e-01,4.154159558599394009e-01,1.684408894746604324e-02,1.425263817655354481e-01,1.954639005286448183e-01,1.838857728966955818e-01
4.148064790930045542e-01,1.429511927824601014e-01,3.770311133342181265e-01,3.369244784595273323e-01,5.788805490222870970e-02,3.117640109580584462e-01,6.385491539682296436e-01,1.750402245672845192e-01,1.000000000000000000e+00,2.985252715794735057e-01,1.874473295915862481e-01,3.950426480316412414e-01,4.334094967098199302e-01,5.272197430774973048e-01,4.903038273097534150e-01,3.986225425309974923e-01,1.370171149939052591e-01,2.381240512050076807e-01,2.026537908922215192e-01,3.954331185140564919e-01,4.007711289547864486e-01,3.836789274701037367e-01,3.603827180266463981e-01,6.824303422229009986e-01,4.626996085134424397e-01,3.470988744801403736e-01,5.597238351143820623e-01,3.374279891869495507e-01,4.637337431700672141e-01,2.767202006817098270e-01,3.558200264592227269e-01,1.270456518710512406e-01,3.263111605076551847e-01,2.059807399901247560e-01,3.125582486764611478e-01,9.227667351542380436e-02,2.951917195059403642e-01,3.771708882891738335e-01,7.809015597934243491e-02,3.104992910807151674e-01,5.895984574450017224e-01,2.046363827772205990e-01,7.014486467765099764e-01,3.376655598964736771e-01,1.143041194635171232e-01,3.853915301497188861e-01,3.630215672914731129e-01,5.164674727603044690e-01,4.533329644410475923e-01,3.481866454685609846e-01,7.852231935386103090e-02,1.478008197580572003e-01,1.855994436754267174e-01,3.578594995510777643e-01,3.892818472536653807e-01,4.273672346799430311e-01,3.523299571693526699e-01,6.259779618445571181e-01,3.536353734675323768e-01,3.298717308984310259e-01,4.979434568899351321e-01,3.596818576204953710e-01,4.313701123041470686e-01,2.624058766662569209e-01,3.207169362327588757e-01,1.659248333403854359e-01,3.414011758187577295e-01,3.132443510198825165e-01
4.638852604644390643e-01,8.723280621960925740e-02,2.162534292263012525e-01,4.007026883990665866e-01,-2.956200614790042286e-02,6.480215080358671109e-01,4.267400570930535708e-01,1.777588155541058867e-01,2.985252715794735057e-01,1.000000000000000000e+00,6.698597082177430717e-02,6.533330039090685659e-01,1.517576593318297196e-01,3.198306943568308691e-01,3.168422212101072999e-01,3.528516690814957335e-01,1.541033328289050652e-01,1.815480383762064498e-01,1.547700128212329551e-01,6.338798981474519367e-01,3.684847099338305343e-01,1.579636644630190712e-01,3.415782439610667853e-01,3.850478010780652438e-01,1.658356439781182301e-01,1.953500599081852973e-01,2.331410454092951723e-01,5.233045065070329738e-01,2.897537195212767647e-01,2.031175666752488285e-01,2.880157072216731340e-01,6.579939082455024679e-02,1.924619885145731624e-01,1.500387327764830525e-01,3.269034017583704599e-01,4.637087939722031593e-02,3.076880938086130057e-01,4.779133784856773315e-01,1.615163757700706013e-02,6.038684015259611071e-01,4.164813272346907236e-01,3.301730641241379938e-01,3.078811082207197347e-01,9.079754121149666846e-01,1.817232463606981152e-01,6.520654830244279054e-01,1.970375049869168005e-01,3.937007213942512185e-01,3.371835439172062854e-01,2.798901281853319323e-01,7.554748961028484588e-02,1.850063680654028542e-01,1.807118357370689765e-01,6.070088630496554005e-01,3.795515777035167737e-01,2.793521406375595317e-01,3.277010564299003836e-01,4.536112754965559435e-01,1.533059981363753821e-01,2.900405107830697493e-01,2.957394754962345829e-01,5.113491536862376785e-01,2.239896772598832797e-01,2.587489137427710362e-01,2.499498327289491062e-01,1.613774923394412086e-01,1.660627324438836150e-01,2.383623993897268922e-01
8.615056157302554418e-02,2.654833257758563159e-01,4.050234728879599788e-01,6.283387838175562290e-02,1.058953283771756348e-01,1.828459294091973331e-01,2.640780205138782422e-01,3.048624657013376260e-01,1.874473295915862481e-01,6.698597082177430717e-02,1.000000000000000000e+00,1.394128812926324901e-01,2.253062859218198655e-01,1.108943969282388947e-01,1.229970761879884827e-01,1.771421645596075178e-01,4.496374562060101443e-01,4.166990250142621477e-01,4.048291200263685607e-01,1.046989164873833728e-01,1.738419266746888681e-01,4.259609192791956600e-01,3.220789107703299625e-01,2.781809271265638372e-01,1.918159806846221893e-01,5.047843282048740665e-01,4.088918018463374437e-01,1.492823451692975034e-01,1.243204241467936455e-01,4.854666049596770283e-01,-6.805314224829188408e-02,2.634674560047034139e-02,2.691891941066825722e-01,4.032726812943940864e-01,1.904418790242142501e-01,1.134575651860001144e-01,3.117998523978309233e-01,7.154459464662943358e-02,6.196229451851271997e-02,2.121512912250317906e-01,2.576736571251229679e-01,2.270886658657080004e-01,1.535111321208131596e-01,1.295083344498776656e-01,5.252568605660040690e-01,1.203258998804964813e-01,1.156054624675912079e-01,7.765322251608462734e-02,1.406929158181306483e-01,2.004547055999312821e-01,4.875202337589051305e-01,3.752564374440311989e-01,4.297254935749707516e-01,8.080525820418762994e-02,1.362820381156074900e-01,3.224835605996151933e-01,2.885196641163728648e-01,1.974492959316574425e-01,1.940468685798283077e-01,3.646203012014283540e-01,3.517781067512491533e-01,1.501945188659503105e-01,2.128301006280686469e-01,3.851713507490286958e-01,-7.659255109249969717e-02,2.132393614010724137e-01,2.776420338314258274e-01,3.820458638049930022e-01
5.620784088401298284e-01,2.644223494147806552e-01,3.083473485879958953e-01,6.651315903378398620e-01,3.288157349206300047e-03,7.431693146830560259e-01,4.542334659938621622e-01,2.287202876241747340e-01,3.950426480316412414e-01,6.533330039090685659e-01,1.394128812926324901e-01,1.000000000000000000e+00,2.035977945323624028e-01,3.137032398646155129e-01,4.592556576515136602e-01,5.804464206389009506e-01,2.796129947300803886e-01,1.732262964150032003e-01,2.810149552762541969e-01,8.080348130182659627e-01,5.600915125406347173e-01,3.333172266329572087e-01,5.220659230239893533e-01,6.007998361034045942e-01,2.038431591689713607e-01,3.032178956197562614e-01,3.752208640600175893e-01,6.255967208857994288e-01,5.035991964915970120e-01,3.659424228401633172e-01,3.104657671260801499e-01,1.234625691421878529e-01,3.785532231983828044e-01,4.081025028477578975e-01,5.045155912216224836e-01,1.755620793739647023e-01,4.338272361050242165e-01,7.084795423495487965e-01,4.380073326948734358e-02,7.384841904655684575e-01,4.824666639612117947e-01,3.484236539112330888e-01,3.798749537647271302e-01,7.357662870560940371e-01,2.628202848982316708e-01,9.627183212732101092e-01,1.668706386295924493e-01,4.438657561642190275e-01,5.282695333336577814e-01,5.365514809927703910e-01,2.324356405634446510e-01,2.034060181281014679e-01,3.744894449276324755e-01,7.830799011946176780e-01,5.818129723794134289e-01,4.376864658697072197e-01,5.469004883125750949e-01,6.468732419459103378e-01,1.824260001655819141e-01,3.955958397051968500e-01,4.675454211543594307e-01,6.565496807044298722e-01,4.542301705162319347e-01,4.447643590001041924e-01,1.879988672622880108e-01,2.668910643914335079e-01,3.667931114398051973e-01,4.724741475802795576e-01
2.691396216133536967e-01,5.134653913225402377e-02,3.124275995363404723e-01,1.864203557212976703e-01,7.147623432760641382e-02,2.217063401725029026e-01,4.587241270423342288e-01,2.176908944091136278e-01,4.334094967098199302e-01,1.517576593318297196e-01,2.253062859218198655e-01,2.035977945323624028e-01,1.000000000000000000e+00,3.828061194694804548e-01,3.612229612686897462e-01,2.364841410266276256e-01,7.018512384962539985e-02,1.614587451830040987e-01,1.540477347396686236e-01,1.834957935103669613e-01,2.498672004764597165e-01,2.629563407437113809e-01,2.342966655977185841e-01,4.118789161153009193e-01,3.858550806892516727e-01,2.648340255856420633e-01,3.937824270212043065e-01,2.963611811695051612e-01,3.139795271080040306e-01,1.974466892396098128e-01,2.516116512644290260e-01,1.552951440601117172e-01,1.427873075189709240e-01,1.105422484233078290e-01,2.021413768444427772e-01,-3.292002626940187388e-02,2.171487935849999995e-01,2.220843959493928321e-01,9.296298846556366735e-02,2.199817708260394244e-01,3.561856415663327557e-01,1.973870700189128413e-01,4.031749610883642587e-01,1.904844801391538112e-01,1.233801202442126044e-01,2.197871319787240429e-01,3.525662765112663188e-01,3.264824817833277271e-01,3.147968419038199572e-01,1.957171586202697267e-01,2.445938021086139710e-02,6.194419362166343063e-02,1.581276331825810788e-01,1.585756217350388630e-01,2.528685087737844173e-01,2.403946451373737137e-01,2.235922368811858185e-01,3.673926559755166799e-01,2.418316277567210126e-01,2.212252609843494422e-01,2.908735257577369504e-01,2.882274627832651648e-01,3.048414230066905928e-01,1.555234372593179704e-01,1.936861082633392073e-01,1.161204582945431774e-01,1.460111852245419006e-01,1.390696063928576476e-01
6.645987905990833333e-01,3.240838603630718118e-03,5.075104020750356160e-01,2.393413390373722582e-01,1.091952620280730868e-01,3.611919517344403530e-01,6.907038413504156260e-01,4.497775822071298224e-01,5.272197430774973048e-01,3.198306943568308691e-01,1.108943969282388947e-01,3.137032398646155129e-01,3.828061194694804548e-01,1.000000000000000000e+00,2.995300290474524063e-01,3.306449903023576109e-01,2.428274267235375761e-01,5.910740828066068930e-01,4.142929210034400622e-01,2.911925552095771530e-01,4.605778901872974451e-01,1.365067677838005256e-01,3.996871460855236369e-01,3.797793743335192707e-01,2.620663876653688829e-01,2.427304506480756630e-01,6.138378808752348315e-01,4.026524322286014757e-01,6.179363436153118005e-01,4.160589468896763732e-01,6.315631254897476898e-01,2.900528690059253067e-01,1.801944551389997040e-01,9.985503673191371832e-02,5.202705638481504025e-01,-1.360530718853626697e-01,4.239375348674776500e-01,2.847333125893491412e-01,7.473834982518830217e-02,3.150510190266810340e-01,5.792354928101988154e-01,4.651038924356144522e-01,4.331051734508966078e-01,3.675863513880970879e-01,1.209586978921829009e-01,3.032645695772602790e-01,3.731691216686274792e-01,8.500880412727789270e-01,2.311916611735360116e-01,2.998565264373649897e-01,1.715884193428500737e-01,4.620047924318334553e-01,3.200558212209481668e-01,2.191982997846791126e-01,4.711625904068011961e-01,1.954146952109275526e-01,4.149338528401878001e-01,3.435167343752503766e-01,6.256989515495477161e-02,2.541226865878085661e-01,4.602768662679894152e-01,4.072405916632262368e-01,5.339632304983380484e-01,3.331015767406005357e-01,4.117740031898385888e-01,1.815288813514317201e-01,2.611106809669539452e-01,1.907766961035425313e-01
3.838443039481316821e-01,1.680341789456116508e-01,2.729563465869102035e-01,3.157784773005949952e-01,6.660342805503499664e-02,4.289955232790630402e-01,4.465682323370970264e-01,1.157130703598152899e-01,4.903038273097534150e-01,3.168422212101072999e-01,1.229970761879884827e-01,4.592556576515136602e-01,3.612229612686897462e-01,2.995300290474524063e-01,1.000000000000000000e+00,3.545275022081894600e-01,1.376885812269666998e-01,1.364110635778507385e-01,2.039131746452184368e-01,3.762945241786392336e-01,3.088288237178502538e-01,2.969474255253516937e-01,3.234928157345334232e-01,5.577708357151186513e-01,3.558708042919531689e-01,2.092202629845354156e-01,4.212673830010545406e-01,3.475799701996559188e-01,4.126539374771157065e-01,1.825484425597530547e-01,2.168488685910591740e-01,1.488475545139635592e-01,2.501021643964212449e-01,2.239961103977665402e-01,3.120563744186998223e-01,1.043424655178852162e-01,2.594518553613603951e-01,3.676474078419416092e-01,1.115142416818867693e-01,4.397059530385890591e-01,4.265073920277552277e-01,1.870892255642623292e-01,4.755541289709572239e-01,3.796675636530885134e-01,1.716342106687772096e-01,4.777248643101004721e-01,2.922607161427580591e-01,3.561435291272646020e-01,6.530610185045486737e-01,3.015593016206385979e-01,7.375651725061138642e-02,8.898611905024488011e-02,2.330413386004489273e-01,3.662880203780167210e-01,3.194439216904166323e-01,3.381501916822571285e-01,3.289631129882902294e-01,5.467328312586723360e-01,3.106423818745559506e-01,2.370403249207912455e-01,4.020745403424849096e-01,3.871454460745506476e-01,3.714541297609548209e-01,2.306414028804626148e-01,1.501368420630269929e-01,2.340905075367753496e-01,2.605887477958563347e-01,2.710666297429581983e-01
5.716856075314183938e-01,3.898701108814356386e-01,3.258925822245182791e-01,4.539230041938396298e-01,9.146221561403725109e-03,4.780798487691296783e-01,4.880972854775217362e-01,1.846500806492990532e-01,3.986225425309974923e-01,3.528516690814957335e-01,1.771421645596075178e-01,5.804464206389009506e-01,2.364841410266276256e-01,3.306449903023576109e-01,3.545275022081894600e-01,1.000000000000000000e+00,3.621965058702381612e-01,1.408691491730104106e-01,2.666688240523769071e-01,4.297418014171455747e-01,7.500715695156296992e-01,4.942590503441653405e-01,7.522684552890762655e-01,6.270190075912343008e-01,2.238672023349276008e-01,3.323274824978904030e-01,5.013443406092793486e-01,6.004296463845991694e-01,5.511499043819173549e-01,5.424968630874222875e-01,2.400686616041613763e-01,1.370584751191916972e-01,4.449136680708274394e-01,5.728161774804568784e-01,5.461978988748850128e-01,2.411816441232202957e-01,4.229309655464518758e-01,5.128605633933627228e-01,1.509175494608331995e-02,5.022272607095249475e-01,5.085266491558740887e-01,3.591350316229013351e-01,4.002184080038236891e-01,4.470468381749341247e-01,2.760275842176626582e-01,5.780309369682997689e-01,2.207720839361190790e-01,4.298761009357952578e-01,3.688851266508076376e-01,8.334976846876724910e-01,3.222368993366318546e-01,1.389958177005133078e-01,4.319780011119960794e-01,4.187270131831586917e-01,7.222316624612691305e-01,5.613281740296910405e-01,7.360882914598582127e-01,6.633966513111487773e-01,1.798930366334290931e-01,3.683792532992106183e-01,5.447378040906331043e-01,7.018044342058087359e-01,5.799487700229510878e-01,6.340509648458475533e-01,1.291006908990360302e-01,3.434327994631847791e-01,4.720993364075544707e-01,6.357192771001857201e-01
4.786961488999669223e-01,3.940580539896801904e-01,4.782991127390825992e-01,1.778509966454136226e-01,1.000678947113977091e-01,4.016343519185582300e-01,3.181690648923736764e-01,4.262968120467034994e-01,1.370171149939052591e-01,1.541033328289050652e-01,4.496374562060101443e-01,2.796129947300803886e-01,7.018512384962539985e-02,2.428274267235375761e-01,1.376885812269666998e-01,3.621965058702381612e-01,1.000000000000000000e+00,2.511943110941793900e-01,7.605285734370569317e-01,2.346319733569106336e-01,3.402047472896298497e-01,4.053142666083905943e-01,5.459525753282732374e-01,3.338533902841800405e-01,5.975094172891190492e-02,5.081300595867822567e-01,5.060696084168934128e-01,3.679040921228139971e-01,4.709543908633985754e-01,7.194148482954850765e-01,5.715285858587593193e-02,3.195333292927866886e-02,3.428048315577407745e-01,5.489791479818516562e-01,5.048642402959473419e-01,2.948584363751847182e-01,5.027370175718928191e-01,2.065609418725188606e-01,3.516544551186778084e-02,3.609111754588709142e-01,3.324251444987432746e-01,4.168290546333827673e-01,1.801482668788203789e-01,2.079975698725383682e-01,4.621912808651498783e-01,2.675487802783093616e-01,3.529588128563702215e-02,2.479859026495196406e-01,1.701671109599596776e-01,3.712570858719426714e-01,7.014034402003384017e-01,2.868993932387180479e-01,7.166118155908899334e-01,1.990559562677272631e-01,3.182655389161561099e-01,4.155429431110974625e-01,4.639721213308604653e-01,3.247013657740071557e-01,4.668635251871052633e-02,4.478696287119798836e-01,5.012030415807673389e-01,3.772004549202714885e-01,3.862880551028345932e-01,6.184863450716705513e-01,-7.490806485681897331e-02,2.172353266620752066e-01,3.216971917308813489e-01,5.185059745272176945e-01
3.000430517916949924e-01,5.869760389589890465e-02,4.454794952689348775e-01,6.097319834972979996e-02,7.558645113628480183e-02,2.018413282252630447e-01,3.749132040775420838e-01,3.498401929651647757e-01,2.381240512050076807e-01,1.815480383762064498e-01,4.166990250142621477e-01,1.732262964150032003e-01,1.614587451830040987e-01,5.910740828066068930e-01,1.364110635778507385e-01,1.408691491730104106e-01,2.511943110941793900e-01,1.000000000000000000e+00,4.199141934948661947e-01,1.241303466023497282e-01,2.589804643650630012e-01,1.246503684028023723e-01,2.790023465807916492e-01,9.368442936631259099e-02,1.137503859691969127e-01,2.582977118913672987e-01,4.391457230416644930e-01,8.221487627712772972e-02,2.330871057003943425e-01,3.429055213768216759e-01,3.331850045977861607e-01,1.786115641630411088e-01,1.036582275224749994e-01,1.003508979420159875e-01,3.455686534708299895e-01,-2.184533148496694832e-01,3.312698110920966332e-01,5.689158586341395984e-02,8.712146420463554031e-02,2.280422820550158103e-01,3.065581857680771960e-01,2.888787318638788015e-01,1.464216116613261398e-01,2.662870575347151547e-01,3.082265101663101414e-01,1.517089665176434565e-01,2.538200723497169853e-01,5.107099492935724960e-01,1.408262146081191990e-01,1.837705408477357250e-01,2.843386399609362791e-01,6.884659256535943239e-01,3.194437847690367316e-01,4.819185362539475659e-02,2.809981500482603423e-01,5.256707665231820370e-02,3.409808279589262581e-01,2.504135695221045010e-02,-3.585993708808116187e-02,1.691944654910216839e-01,2.689658330582275769e-01,1.121195886299322653e-01,2.886895052659277372e-01,2.361792772997501622e-01,1.961749351827883903e-01,1.841507473363573344e-01,2.002965287426016205e-01,1.671950876697703148e-01
5.118710392759842076e-01,2.638377304151246494e-01,5.220940998965697410e-01,1.780907403077651718e-01,1.450521181586080788e-01,4.355589586726188456e-01,3.722698826648760950e-01,4.972900790084515688e-01,2.026537908922215192e-01,1.547700128212329551e-01,4.048291200263685607e-01,2.810149552762541969e-01,1.540477347396686236e-01,4.142929210034400622e-01,2.039131746452184368e-01,2.666688240523769071e-01,7.605285734370569317e-01,4.199141934948661947e-01,1.000000000000000000e+00,1.799284909256484710e-01,3.047667219752659418e-01,2.625604589006261813e-01,4.628603640959215726e-01,2.689375797689148029e-01,1.122027247867794231e-01,3.833770607618957049e-01,5.018816159895467255e-01,3.093805793871550747e-01,4.827877095025429610e-01,5.515439454550336018e-01,1.667467835223859218e-01,1.615935648930827695e-01,1.889220243762919360e-01,3.688398013552723897e-01,5.035590050324185718e-01,1.040834396157771097e-01,5.023793720185832923e-01,1.944370673706362351e-01,1.034882316343634229e-01,3.992131470924240588e-01,2.876576488240479290e-01,4.526135244819283199e-01,2.122898292765627859e-01,2.464903569697329544e-01,4.223502402696698299e-01,2.651235216521042326e-01,1.292100573606492220e-01,3.559950162509148419e-01,2.197068012781923652e-01,2.654707949617706730e-01,5.632858581551662969e-01,3.720122319943821032e-01,6.731607998412891813e-01,1.315918297225268929e-01,3.043574511941287697e-01,2.423728918827542378e-01,4.238484590467828106e-01,2.133544861613135002e-01,1.324686839787277831e-02,2.779761209481587114e-01,3.768578786049229801e-01,3.063438719765033125e-01,3.881042056911959692e-01,4.309769987898347532e-01,-3.264661023437430420e-02,2.437909036724149603e-01,2.170097983593233804e-01,3.333907669956434061e-01
3.772749107508084898e-01,2.010292298834143176e-01,2.880796290431097417e-01,7.518019336289195609e-01,-1.229765118788823594e-02,5.137030211773948585e-01,4.612264181911899241e-01,2.224300767635352671e-01,3.954331185140564919e-01,6.338798981474519367e-01,1.046989164873833728e-01,8.080348130182659627e-01,1.834957935103669613e-01,2.911925552095771530e-01,3.762945241786392336e-01,4.297418014171455747e-01,2.346319733569106336e-01,1.241303466023497282e-01,1.799284909256484710e-01,1.000000000000000000e+00,4.148500944948080860e-01,2.769067662374311012e-01,3.843489520435706130e-01,5.659355980957362364e-01,1.605768530271186045e-01,3.446700353702322195e-01,3.331245335747584635e-01,5.860866931226692556e-01,3.883758354412379377e-01,3.312942965114549776e-01,3.302626575864412439e-01,2.699930633669865923e-02,4.123211425038151856e-01,2.982684208016538885e-01,2.982940979862601094e-01,2.216961924663357342e-01,3.347927984930284540e-01,7.490780138321666559e-01,5.720480306455656000e-03,4.836931255437084687e-01,4.485294331352987496e-01,2.869331515563965374e-01,3.622453850173227852e-01,5.974972958939729351e-01,1.505114090042946606e-01,8.146760569917290695e-01,1.254019298273047478e-01,3.344423341805361494e-01,4.091323370980085583e-01,3.786661791694483359e-01,1.148364547496640992e-01,1.217465772482561048e-01,1.784248654638272147e-01,9.275563442724158447e-01,4.254656610199190059e-01,4.317556889042425960e-01,3.769949612995242560e-01,5.995977599341979491e-01,1.730886626397349914e-01,4.152529828900271003e-01,4.044713877586283424e-01,5.662692072145905087e-01,3.052813643732943949e-01,3.408626278500046514e-01,2.812622451370483945e-01,1.504614569691054560e-01,3.667519442441795618e-01,3.575230595140885814e-01
6.306652627955231516e-01,3.046233352851395182e-01,4.355335129848061926e-01,4.245095906556728416e-01,-1.245411050739149601e-02,5.057734104108937423e-01,5.209428355492990992e-01,2.590520475599182304e-01,4.007711289547864486e-01,3.684847099338305343e-01,1.738419266746888681e-01,5.600915125406347173e-01,2.498672004764597165e-01,4.605778901872974451e-01,3.088288237178502538e-01,7.500715695156296992e-01,3.402047472896298497e-01,2.589804643650630012e-01,3.047667219752659418e-01,4.148500944948080860e-01,1.000000000000000000e+00,3.807711057870762361e-01,8.580647008906323592e-01,5.254642269247065123e-01,2.197583767117588238e-01,3.414909500178338053e-01,4.986461501780883321e-01,5.398497382783111753e-01,6.160662482734504675e-01,5.763524058737768963e-01,3.030193423881133441e-01,1.581749250999801570e-01,4.381911130125901166e-01,5.209104634463137540e-01,6.073627382007900088e-01,1.225757364476745825e-01,5.551453952856768570e-01,4.823834557700260040e-01,7.594601995043956388e-02,5.274613911206466055e-01,5.808103852154580249e-01,4.557761887228298225e-01,3.723730612300567566e-01,4.726378449241470658e-01,3.233215850576752204e-01,5.465971662605070280e-01,3.037094379071210160e-01,5.648747577000692299e-01,3.219800012618570517e-01,7.848851935754993514e-01,3.476311137667891793e-01,3.182095257255388443e-01,4.348449199371152152e-01,3.488905137074915230e-01,9.434612612055436331e-01,4.383101702990737647e-01,8.828416423309073391e-01,5.655844068326130181e-01,1.594755779404266050e-01,4.276321737356818531e-01,5.537507238858299097e-01,6.653037782812517564e-01,6.405016271966154084e-01,6.644745244295345854e-01,2.000172095832837837e-01,4.239199513359336868e-01,4.960855173697990006e-01,6.429536237295894185e-01
2.600851399759755989e-01,4.316881733884252448e-01,3.399236947948148790e-01,1.837124581870490658e-01,7.939712964707233700e-02,3.105017911088788218e-01,4.173179454732363625e-01,2.530926940222881227e-01,3.836789274701037367e-01,1.579636644630190712e-01,4.259609192791956600e-01,3.333172266329572087e-01,2.629563407437113809e-01,1.365067677838005256e-01,2.969474255253516937e-01,4.942590503441653405e-01,4.053142666083905943e-01,1.246503684028023723e-01,2.625604589006261813e-01,2.769067662374311012e-01,3.807711057870762361e-01,1.000000000000000000e+00,5.012689489161026302e-01,5.581203427875597312e-01,2.495487210556699420e-01,4.651256392747962765e-01,4.688372786586573748e-01,3.762661846108653618e-01,3.180257010028926246e-01,5.504845241123488275e-01,-2.200201919321332841e-02,5.313075135481238470e-02,4.539239370044655386e-01,5.459481191902337827e-01,3.109191381276470434e-01,3.402388147215144043e-01,2.889643350384343834e-01,2.140816031821136944e-01,8.370276246581505319e-02,3.151013578705749718e-01,4.191509783276787249e-01,2.473885882272079118e-01,4.255676564767693626e-01,2.228963024915433244e-01,3.607303407103366610e-01,3.221729362874300451e-01,1.440640920884859177e-01,1.658010314967502674e-01,3.344386164124608096e-01,4.747749920276690960e-01,3.560780004491708173e-01,5.334030940223718348e-02,3.844404119049397162e-01,2.650643223076754040e-01,3.471897209982154897e-01,6.209028743207961609e-01,4.421596467936748098e-01,5.294060399445066345e-01,2.271831645227499752e-01,4.024273522544700166e-01,4.453894461918672665e-01,3.893892678958870146e-01,3.501631758590096344e-01,4.931930850141645895e-01,-4.462878188293729204e-02,2.388179244984982019e-01,4.567348185619355960e-01,5.532174588804070758e-01
5.814709321039362999e-01,4.538385180846070122e-01,5.216518146740235506e-01,3.490529946976747011e-01,4.885908905975565319e-02,5.540084205983949461e-01,5.001502324180958636e-01,3.529287684854839902e-01,3.603827180266463981e-01,3.415782439610667853e-01,3.220789107703299625e-01,5.220659230239893533e-01,2.342966655977185841e-01,3.996871460855236369e-01,3.234928157345334232e-01,7.522684552890762655e-01,5.459525753282732374e-01,2.790023465807916492e-01,4.628603640959215726e-01,3.843489520435706130e-01,8.580647008906323592e-01,5.012689489161026302e-01,1.000000000000000000e+00,5.412894727645755077e-01,2.042834974337919551e-01,4.518568306697742787e-01,6.234519463156913410e-01,6.037507258189938053e-01,5.996138253798549700e-01,7.383006490413925871e-01,2.116985374434752210e-01,1.805637347432848538e-01,4.640694558759014821e-01,6.515914601415879748e-01,5.916384363737553498e-01,2.354739788176622439e-01,5.841610272091148914e-01,4.048166949169134665e-01,9.295093120419295474e-02,5.744972059650610419e-01,5.408562137002943526e-01,4.713699715594592554e-01,3.729080712430411504e-01,4.569933702027616507e-01,4.147159146338345037e-01,5.076237169567819896e-01,2.462647844839993549e-01,4.651809095417067108e-01,3.493040266122069415e-01,7.723172261695923080e-01,5.199674699485328233e-01,2.818937169357560446e-01,5.859145453875702625e-01,3.435424866923895149e-01,8.041969213200786948e-01,5.471356120857435723e-01,9.109396708204674509e-01,5.656447953280349106e-01,1.613867662861276364e-01,4.665123572727231660e-01,6.388134903275574095e-01,6.978095805433607302e-01,6.262752605432035935e-01,7.756322894813766355e-01,6.873819352557321294e-02,4.148367675412029110e-01,5.083510982893857388e-01,7.147077856429661091e-01
