1.000000000000000000e+00,3.483897016819721970e-01,5.395675940499506940e-01,2.419549221321922738e-01,-3.729113912044591528e-01,1.605274060546796611e-01,4.001993005442296969e-01,2.461371952866825974e-01,1.353136666961242962e-01,3.028630687725401560e-01,4.537196575704616763e-01,2.381465969785250270e-01,1.413856678832930702e-01,4.851295230849205775e-01,9.923385266214904132e-02,3.728587340815046058e-01,6.315974396386434542e-01,4.333983429769610041e-01,6.506292852448750663e-01,1.775893459978965250e-01,4.785781946633989592e-01,3.647821437283801926e-01,5.618369144906187884e-01,2.687938439360287868e-01,2.301277158295486625e-01,5.868702147432677263e-01,6.126655649589981545e-01,3.545823275405814989e-01,6.658647861732636120e-01,5.826744027971658690e-01,-1.768732741990414470e-01,-2.454281681593373232e-01,4.921218183798550805e-01,5.177564858145687898e-01,6.521114054310706010e-01,4.118316157434294689e-01,5.852503200033485342e-01,1.865120843193647793e-01,-1.535936247519802678e-01,1.936918536350751285e-01,4.179095007569079145e-01,3.715565140440910685e-01,1.228109486044522830e-01,2.913843897694137208e-01,5.306766753256844105e-01,2.301408849220896446e-01,2.474071970815690802e-01,5.085053678764235308e-01,-7.786099755991805760e-02,4.705075690700197266e-01,5.870398230012775498e-01,4.123599829874101674e-01,6.124060739019803190e-01,1.703714306716535565e-01,4.982913309704635751e-01,3.268199497939152098e-01,5.450850935931563779e-01,2.240891364991403623e-01,3.396790997220985875e-01,5.495499949630460179e-01,5.749596380295499687e-01,3.547621175172648855e-01,6.654044723807923667e-01,5.470500830411056947e-01,8.930948676428172861e-02,-2.213497210825527695e-01,5.075553883453618464e-01,5.087554159982122792e-01
3.483897016819721970e-01,1.000000000000000000e+00,2.558874508395757585e-01,3.713381453344759553e-01,-2.679810721345299851e-01,1.585216607383791165e-01,9.671908113896274251e-02,8.150310848901204386e-02,1.615203808112077033e-02,2.638143448500951949e-01,3.418767637591785258e-01,3.312082116148322153e-01,-1.498306591832091784e-02,1.092126841966829104e-01,1.203853600154012327e-01,3.570600442684252473e-01,5.150028806524143965e-01,2.842434913389634693e-02,3.349428125205894391e-01,3.239066416176565322e-01,4.995959016836035160e-01,3.853338938867795216e-01,5.664438364304237306e-01,2.285905029038444447e-01,2.422052142336951763e-01,4.767982259185581939e-01,5.243224671347125332e-01,4.934096368605639382e-01,4.171166891512828045e-01,5.501720077192584490e-01,-2.500010464387034670e-01,-2.544086322273855227e-01,4.014635232110465579e-01,5.797921475783156531e-01,4.042827972255386149e-01,5.499224683686156911e-01,3.506648690058928874e-01,3.149136217453143427e-01,-1.145637319679330551e-01,1.866138489757993291e-01,1.724092109073500634e-01,2.125109827143298324e-01,6.753756060163525199e-02,1.801291178391627723e-01,3.954369119975450486e-01,3.223958852087327465e-01,1.460012892525864026e-01,1.907625452148323242e-01,-1.494234824205672996e-02,4.026916112763581634e-01,5.040787416729212156e-01,7.569618539874033158e-02,4.848032409404748888e-01,3.149635561530255146e-01,4.608855264611517732e-01,4.541992032036852311e-01,5.627134979054264630e-01,3.313718391353219772e-01,2.959257642293338098e-01,4.499107809154034854e-01,5.073605678984903777e-01,4.862282734853176080e-01,4.024211305462386257e-01,5.881823817673078603e-01,3.681730253785577001e-02,-2.121767803012967191e-01,3.984029869924289868e-01,5.629176020139197156e-01
5.395675940499506940e-01,2.558874508395757585e-01,1.000000000000000000e+00,3.132808449909817994e-01,-3.852533883812931381e-01,2.367690773021497164e-01,8.063587374144053355e-01,4.329475856961870761e-01,3.757772056674610339e-01,3.677550869666137423e-01,5.593986812387711227e-01,3.765267224782622435e-01,3.874391119382876170e-01,7.620792815674530818e-01,2.992087899476436053e-01,2.658696010463492132e-01,6.295541902420570546e-01,7.525667801366356935e-01,7.798653954206267169e-01,3.005784058354993293e-01,4.253514815938908011e-01,4.462169066548716256e-01,4.554053891337535021e-01,5.471891864872286959e-01,4.392425922954049655e-01,8.431258309137859008e-01,7.639872911424147039e-01,4.790595316116872393e-01,4.892422097119296653e-01,6.547685171284673977e-01,-1.259164212269746064e-01,-2.993947769250786539e-01,3.987489439373970712e-01,4.275699352759261829e-01,3.876125957328035998e-01,3.341780262307887939e-01,7.605726676724122726e-01,2.748030878175284908e-01,-1.859614211975302578e-01,2.554211604701021598e-01,7.263785981255341806e-01,4.606209886758761973e-01,3.497165371835713743e-01,3.268445059795859753e-01,5.908878092587509512e-01,3.593913727184810392e-01,4.864801634212910786e-01,6.881627622687048751e-01,4.274523863551841357e-02,3.761327076911336054e-01,5.171055939153524905e-01,6.433975140624142997e-01,5.372483326722028441e-01,3.164758603446176655e-01,3.684668967009073759e-01,3.457806277370841230e-01,4.058395935130297838e-01,4.556659611264747278e-01,4.572647868021205708e-01,6.945300523850459484e-01,6.832792458286344184e-01,3.704858228202196901e-01,4.501423044717907662e-01,5.031566291136215785e-01,2.163268152918631226e-01,-3.220386291902205822e-01,5.244702056775513155e-01,4.107245171314323207e-01
2.419549221321922738e-01,3.713381453344759553e-01,3.132808449909817994e-01,1.000000000000000000e+00,-2.718033258281226661e-01,5.362542227113814564e-01,3.152476308157871610e-01,3.117670876275110622e-02,1.723383150766972793e-01,6.407640705191374186e-01,2.553462499508705741e-01,8.486996878746553286e-01,7.911312065598045951e-02,1.692000286566115175e-01,1.865376477204752081e-01,1.973697219675138448e-01,3.523442280926525338e-01,5.128861631216997258e-02,2.689058268250995587e-01,8.294881853836749697e-01,3.851106110860012532e-01,3.527284857127502837e-01,3.972758819069771574e-01,3.975116727573778652e-01,3.079783252592437348e-01,4.242569753009831635e-01,3.947724625397154297e-01,5.247391580487907881e-01,3.844891939311988471e-01,3.132749533790561425e-01,-2.106127977789280237e-01,-3.502860172835693953e-01,2.857304070144495167e-01,4.178575461260024548e-01,3.352521487761879748e-01,4.740838767062741099e-01,4.024489675361796470e-01,9.230630018987824315e-01,-1.645450889778057590e-01,5.301955987174792329e-01,3.959441201734510973e-01,2.519244941335614940e-01,2.379140885569878683e-01,5.587611270840887601e-01,3.640410489785706472e-01,8.764537212141025879e-01,2.230004260133875982e-01,1.992515534579688552e-01,8.722559789141685893e-02,3.698024448704270162e-01,4.237834341170541030e-01,1.273374611629503883e-01,4.075651956370363038e-01,8.450149134901296932e-01,3.612189328325200455e-01,3.909114603514134978e-01,4.829027281463617594e-01,5.154151327898413015e-01,3.198146972472714067e-01,4.531127219003905915e-01,4.924539757907566706e-01,5.664556427521785231e-01,3.142202719470531536e-01,3.933179735727494464e-01,9.235488387316212466e-02,-3.184348846073133954e-01,3.215583293912819829e-01,4.396104439513479623e-01
-3.729113912044591528e-01,-2.679810721345299851e-01,-3.852533883812931381e-01,-2.718033258281226661e-01,1.000000000000000000e+00,-8.543038120948552583e-02,-2.541594589524459602e-01,-2.937850135037742630e-02,-5.345558524229564873e-02,-3.102000867981398180e-01,-2.999338303322386934e-01,-2.609194213423832176e-01,-6.864160600067760465e-02,-2.250048076350251447e-01,-6.314750233182553352e-02,-2.273709705112036683e-01,-4.109967306846767920e-01,-2.582344149486025531e-01,-3.902492334412012154e-01,-1.816633563504050364e-01,-3.434488996459267307e-01,-2.543353938545663273e-01,-3.797517164080927432e-01,-2.083207216645768245e-01,-2.153406455715345946e-01,-4.787390273543304930e-01,-4.167577827770071464e-01,-3.276281721425334803e-01,-3.459249242936592861e-01,-4.366980626884489070e-01,2.201342982758381916e-01,3.428256289226945808e-01,-2.972936816865814347e-01,-4.086540064416369633e-01,-3.785892871512234747e-01,-3.304863369524101979e-01,-4.551119470765064290e-01,-2.426348901394142221e-01,1.575220769560326806e-01,-1.827818397268444750e-01,-3.789876903864653479e-01,-2.531432054159940548e-01,-1.181047392169371629e-01,-3.045285978772983571e-01,-4.032155978121034212e-01,-2.853338362824880958e-01,-1.829684675437066310e-01,-3.526667201445095046e-01,9.303475942272368404e-02,-3.216813461724123413e-01,-4.565786629762971227e-01,-3.116522425654313921e-01,-4.445971031447925048e-01,-2.112283369748934048e-01,-3.172233789411922356e-01,-3.214359193737117426e-01,-3.835367420612970646e-01,-2.628124498863217973e-01,-2.781867901463486725e-01,-5.001338719914550923e-01,-4.490142421902193481e-01,-3.405436361136370826e-01,-3.455683860031273924e-01,-4.453730550667790444e-01,-1.060083160032253141e-01,2.886957780761021386e-01,-3.377741911066225455e-01,-3.854467135698248503e-01
1.605274060546796611e-01,1.585216607383791165e-01,2.367690773021497164e-01,5.362542227113814564e-01,-8.543038120948552583e-02,1.000000000000000000e+00,3.187235617388730624e-01,2.467501146561010827e-01,1.937639253237130321e-01,5.846427333512020930e-01,2.434474265964410300e-01,6.147842172854717235e-01,1.676203122527241962e-01,2.237692425883953395e-01,2.811986673392609659e-01,9.105344359139454224e-02,2.230522546922239224e-01,8.968906587856810553e-02,2.113234675247852579e-01,5.021039296086342585e-01,1.002709168407010243e-01,2.028058341345004845e-01,1.314275176730528016e-01,2.692855842711559533e-01,2.945602636620193171e-01,2.204581427893604895e-01,2.136758078285825035e-01,4.195333991111152572e-01,2.977116151500245889e-01,1.180285718064247730e-01,-9.902880633452783299e-02,-1.749003276504467741e-01,1.895017388608866149e-01,1.761599710167763566e-01,2.577262359164287919e-01,2.173991420848652989e-01,3.621695407276671053e-01,5.475743243396884452e-01,-1.008511478010339600e-02,7.146241794345246090e-01,3.357475264014082028e-01,4.143513511305156882e-01,1.810464861615645737e-01,5.794867950635783638e-01,3.352493221891855724e-01,6.184007079490650982e-01,2.590388111832168661e-01,1.925366831866040240e-01,1.987702991810122999e-01,2.177973349217920129e-01,2.897773526908740682e-01,1.630838153706521410e-01,2.987343634718717111e-01,4.905294682779123283e-01,7.093731415016817088e-02,1.288966012004733874e-01,1.946720343592145963e-01,3.151403036604522589e-01,2.971820685469808154e-01,2.358001957979209695e-01,3.095369780374060409e-01,4.341465215546281842e-01,2.394039320054920927e-01,1.940359497746768358e-01,8.293360867636988265e-02,-1.776370933953506093e-01,1.766889748562413820e-01,1.848467586192962808e-01
4.001993005442296969e-01,9.671908113896274251e-02,8.063587374144053355e-01,3.152476308157871610e-01,-2.541594589524459602e-01,3.187235617388730624e-01,1.000000000000000000e+00,3.732191750750626369e-01,5.913514314687008389e-01,3.654075691635493284e-01,4.014000966809870841e-01,3.388945227108062785e-01,4.825905687233480457e-01,7.579107067006676246e-01,3.450237427311705907e-01,1.127686804469680004e-01,3.968124604278059908e-01,6.214819605152956949e-01,5.673967319132449116e-01,2.378998897734971585e-01,3.022087371540269074e-01,4.565849389572272377e-01,2.332812237461881766e-01,7.511297808104764329e-01,5.341702115261769412e-01,6.503950520437956628e-01,5.986802833070651308e-01,3.361992718181489037e-01,3.838222243558372382e-01,4.184855793706279692e-01,5.074140656599027827e-02,-2.438693916669153749e-01,2.867657161350702366e-01,2.623485946016560488e-01,2.341450375395323913e-01,2.187755105155023694e-01,5.948480111850589225e-01,2.742966623268224269e-01,-1.088610729314899161e-01,3.031154941140828951e-01,7.629312828906724686e-01,3.786214849809664829e-01,5.577082228859626678e-01,3.220029246319993099e-01,4.213473145760779359e-01,3.198194706756660177e-01,5.604338632014027599e-01,6.220926893869719310e-01,1.431046431660419616e-01,2.169360905949763718e-01,2.785036282653484685e-01,5.180955217956205727e-01,3.296220726037908944e-01,2.613848740625396849e-01,2.207989694024476146e-01,3.404286277687569306e-01,2.307116431318205485e-01,5.890136581415260641e-01,5.026381383695367466e-01,5.221592970171233805e-01,5.705555246017807169e-01,2.374317155567520210e-01,2.974027239646122034e-01,2.777822461967408008e-01,2.668653763952635316e-01,-2.416132911208277723e-01,3.985477906436904472e-01,2.374159683094053397e-01
2.461371952866825974e-01,8.150310848901204386e-02,4.329475856961870761e-01,3.117670876275110622e-02,-2.937850135037742630e-02,2.467501146561010827e-01,3.732191750750626369e-01,1.000000000000000000e+00,1.229918201995415933e-01,1.034577966718026876e-01,3.803971404171992976e-01,1.471961431662549558e-01,2.212489971973058134e-01,4.348021043506248295e-01,2.231798786414742053e-01,1.229095197606995260e-01,3.275034782299235947e-01,4.419629035615780244e-01,3.752203981736107474e-01,1.353130804008664534e-01,9.364017011304313909e-02,1.611861130464503633e-01,1.845792587506561999e-01,1.387339988394639401e-01,1.647551557294452684e-01,3.573058064313850424e-01,3.225861516714009780e-01,3.491493308555398967e-01,1.611326034064499146e-01,3.844564191524318941e-01,-8.220739565721337308e-03,5.233605463114581607e-02,1.053090482979573417e-01,1.643865524441617265e-01,6.869391479738311268e-02,1.032084031812535024e-01,2.586465183785120470e-01,2.537138863356911897e-02,-2.221751469453520089e-02,1.669507356760084604e-01,1.650491896088413235e-01,3.964681064209852890e-01,2.225403487649916037e-02,1.066009936660529817e-01,2.945934776932348509e-01,9.477281979256788058e-02,1.847416954036603109e-01,2.181621390870378541e-01,1.168355122605453239e-01,1.565374232773083241e-01,1.767555918893302103e-01,2.105053438747249150e-01,1.500620916836729324e-01,1.047722388686155720e-01,1.136687256930991874e-01,7.142248095328789480e-03,1.098839560350921285e-01,6.851473420707795969e-02,1.197089908247186002e-01,1.494610386893650833e-01,1.731261557542151108e-01,2.322053933416892979e-01,1.399762132912476531e-01,2.186390352949636184e-01,6.857207182286088713e-03,-9.430657336630487997e-02,1.650127007790547218e-01,1.695950831539532189e-01
1.353136666961242962e-01,1.615203808112077033e-02,3.757772056674610339e-01,1.723383150766972793e-01,-5.345558524229564873e-02,1.937639253237130321e-01,5.913514314687008389e-01,1.229918201995415933e-01,1.000000000000000000e+00,1.949803908774644934e-01,1.644407526497700112e-01,1.638688330628177148e-01,3.832342341060254176e-01,4.225412524284446469e-01,2.864992982036046465e-01,2.715333320350035023e-03,9.637373662434532695e-02,2.666094693527697457e-01,1.747356400280883071e-01,1.148716494237505548e-01,1.473270273991733048e-01,3.861994985032353167e-01,2.797602585299479791e-02,6.599393696863359304e-01,4.720375314330292338e-01,2.711711614622286937e-01,3.233946839572250931e-01,4.050927720786542952e-02,2.221925822428738873e-01,9.727611472633665435e-02,1.631330903010197175e-01,-1.036484664190319566e-01,1.643928387305978456e-01,9.765254295295264231e-02,4.509091344447258703e-02,6.987624486590027217e-02,1.957325342096185306e-01,1.528456582838955691e-01,-1.775249624621806632e-02,1.831683464238429149e-01,3.986052259825163535e-01,1.027904912442742513e-01,5.697390816085668996e-01,1.807586421012992994e-01,1.299835702911281143e-01,1.445278718209556390e-01,4.381496552274474210e-01,3.168201551664016624e-01,1.325403584667253498e-01,6.728591957339026541e-02,9.668175563165808464e-03,2.113641632442844198e-01,5.829763410888588737e-02,1.427740621048377012e-01,6.697206789967140306e-02,3.030278187687390767e-01,5.663857738113214912e-02,4.557234288115777354e-01,4.169782825994926556e-01,2.001071543811947517e-01,3.137922558537515894e-01,-1.636611756561536998e-02,1.766777560003233161e-01,1.553081673598139846e-02,1.624334809348587372e-01,-1.234967982228050987e-01,2.402301370881413378e-01,8.272215654736428392e-02
3.028630687725401560e-01,2.638143448500951949e-01,3.677550869666137423e-01,6.407640705191374186e-01,-3.102000867981398180e-01,5.846427333512020930e-01,3.654075691635493284e-01,1.034577966718026876e-01,1.949803908774644934e-01,1.000000000000000000e+00,2.754035362341756277e-01,6.742112958967018121e-01,9.910139930018813104e-02,2.829636253020299530e-01,1.151668345864453047e-01,1.654148108045055965e-01,3.423366208145492973e-01,1.982375538823389904e-01,3.263390060202227549e-01,5.441668053825181595e-01,2.592927829407712936e-01,3.028137685764281661e-01,3.053102961277559535e-01,3.010078409754917694e-01,2.953012034447486944e-01,4.025072630892391201e-01,3.260646871928865598e-01,4.254887550066240864e-01,4.263373174261946286e-01,2.382912473170097356e-01,-2.134145373281604863e-01,-3.398947924153046252e-01,3.125627346431242848e-01,3.505773813919535464e-01,3.540906077729661927e-01,3.514487337118527011e-01,4.760299041319562274e-01,5.959095363349466989e-01,-1.764789379123186119e-01,5.721767524991290266e-01,4.755394599609830131e-01,3.601565318467789822e-01,2.557902882091192542e-01,9.192603215943966344e-01,4.317057407707838301e-01,6.961072323741529511e-01,2.876578111014760908e-01,3.230585297880698703e-01,3.303170813769053249e-02,3.366318989396896999e-01,4.245176842099502856e-01,2.805121412307232109e-01,4.238721458278199017e-01,5.833010108228405821e-01,2.517605342610397257e-01,3.161410841785127213e-01,3.852293392490979129e-01,3.588769001174842987e-01,3.622374386030851046e-01,4.886374773728495713e-01,4.580189100834216598e-01,4.931100613427427115e-01,3.494738405513104773e-01,3.361077509276574338e-01,1.199568110570846668e-01,-2.840257041899353907e-01,3.403879834579517372e-01,3.584290958748924116e-01
4.537196575704616763e-01,3.418767637591785258e-01,5.593986812387711227e-01,2.553462499508705741e-01,-2.999338303322386934e-01,2.434474265964410300e-01,4.014000966809870841e-01,3.803971404171992976e-01,1.644407526497700112e-01,2.754035362341756277e-01,1.000000000000000000e+00,3.408374504617903700e-01,3.271857121558418013e-01,4.749708640811277638e-01,2.472720827284413114e-01,3.224791389101734906e-01,6.070927424246416182e-01,4.722254460730796466e-01,6.445695119677185003e-01,2.900010458814948899e-01,3.531060245185581037e-01,3.626864317012051808e-01,4.382324337877400167e-01,2.468912809545291132e-01,3.624490755822387666e-01,6.079091623010152157e-01,6.115136169567182423e-01,4.069467650176487594e-01,4.878568151652536433e-01,5.874701880732999815e-01,-1.243509853397049558e-01,-1.942374373450081182e-01,4.017024495457998112e-01,4.732672963591834647e-01,4.333150617918954395e-01,3.632436543102091075e-01,5.433242655996590731e-01,2.194704279525195867e-01,-1.523470832253981944e-01,2.468146560668325606e-01,3.797160261046283458e-01,3.888431708279480037e-01,1.095847566960156116e-01,2.560156883871154698e-01,6.062962734761523365e-01,3.060938128399445790e-01,3.461722462460198324e-01,4.292772785945023206e-01,5.506576372839506323e-02,3.999888350307571616e-01,5.216122207025050139e-01,4.672510897573181055e-01,5.664252958066628985e-01,2.670747850279679980e-01,3.767536651219823840e-01,2.711355426886764008e-01,4.108307385283076485e-01,2.214443950839184161e-01,4.135979908448894071e-01,4.908375243601687532e-01,5.289795344181305037e-01,3.484467940381016371e-01,4.917414054936275480e-01,4.884557605984112816e-01,6.876664158985984487e-02,-2.521309474277778073e-01,4.517950293076209434e-01,4.649189036126256669e-01
2.381465969785250270e-01,3.312082116148322153e-01,3.765267224782622435e-01,8.486996878746553286e-01,-2.609194213423832176e-01,6.147842172854717235e-01,3.388945227108062785e-01,1.471961431662549558e-01,1.638688330628177148e-01,6.742112958967018121e-01,3.408374504617903700e-01,1.000000000000000000e+00,1.282348151576720441e-01,2.037363253441421551e-01,2.274012677162771390e-01,1.381471801007393141e-01,3.865412182082463843e-01,1.367904007382965414e-01,3.558071446537575122e-01,8.711292564466173172e-01,2.659221436159779905e-01,3.276604625628274370e-01,3.253071229401740538e-01,3.483522589733294983e-01,3.074587532005477186e-01,4.284690976151085406e-01,3.870907832332616816e-01,5.436672028812070678e-01,3.996473898923890711e-01,3.124379616439362795e-01,-2.196912123783936743e-01,-3.116955487695799443e-01,2.912503522978456827e-01,3.668874461497181882e-01,3.201376812707863451e-01,4.000659283859402948e-01,4.525461183823676903e-01,8.353734630121937288e-01,-1.420676104689671815e-01,5.873097889834268948e-01,4.003203246312547758e-01,3.216669569539475360e-01,1.920292330748668008e-01,5.852161811633973532e-01,4.394892064709143842e-01,9.017353599957749211e-01,2.550421556090754494e-01,2.225099879604768571e-01,1.330731956712928876e-01,3.246670830244532402e-01,4.348264892467521014e-01,1.909512416382879441e-01,4.263064047053289340e-01,8.675357002164783005e-01,2.531023071668135893e-01,2.878041739197023663e-01,3.966291027280693937e-01,4.561279230218931446e-01,3.099402186176908880e-01,4.320958781884535749e-01,4.550814003502445804e-01,5.545307173007874013e-01,3.158133089442388131e-01,3.701774342179345312e-01,7.372583095139186027e-02,-3.086614120548795692e-01,3.186309330832323150e-01,3.879400152558769577e-01
1.413856678832930702e-01,-1.498306591832091784e-02,3.874391119382876170e-01,7.911312065598045951e-02,-6.864160600067760465e-02,1.676203122527241962e-01,4.825905687233480457e-01,2.212489971973058134e-01,3.832342341060254176e-01,9.910139930018813104e-02,3.271857121558418013e-01,1.282348151576720441e-01,1.000000000000000000e+00,4.285556378014037104e-01,2.339004756984482125e-01,5.917620475466250224e-02,1.243004913440842185e-01,3.938113482916451580e-01,2.584178564476036777e-01,7.704198476279715269e-02,1.176209086657007130e-01,1.840950561926286422e-01,7.671757868235393185e-02,3.606227465355764661e-01,4.351521516866483363e-01,2.721825973069143534e-01,3.326520617049278927e-01,4.919781085478212163e-02,1.890559671083096860e-01,1.103122439018271173e-01,2.211762330823601186e-01,-1.014392579485164309e-03,1.150621479029827893e-01,7.056390580832730408e-02,3.037040734776817047e-02,1.674769752481118645e-02,2.058574707020022487e-01,3.165294920708917881e-02,-2.052892241300762529e-03,1.595111484917432487e-01,3.032181094745263761e-01,1.584345849412448493e-01,2.631170843216639743e-01,1.057534373276449585e-01,2.054361682580021498e-01,7.656773956529168423e-02,4.241551499933576830e-01,2.583607408698100349e-01,1.300191027661871113e-01,8.409552721684404597e-02,1.675255134321372921e-02,2.675328893498452043e-01,5.273427702033929576e-02,7.445335975485369018e-02,1.181468596171104668e-01,3.595659277445002050e-02,4.884610669892535534e-02,1.718628413405320354e-01,3.389892503534125412e-01,1.341814894633642508e-01,2.306538547896621882e-01,-3.416416218851371644e-02,1.748385696948693002e-01,4.596036997288529061e-03,1.601594432176085547e-01,-8.085281500801473620e-02,1.738960710696825507e-01,2.439715383470399471e-02
4.851295230849205775e-01,1.092126841966829104e-01,7.620792815674530818e-01,1.692000286566115175e-01,-2.250048076350251447e-01,2.237692425883953395e-01,7.579107067006676246e-01,4.348021043506248295e-01,4.225412524284446469e-01,2.829636253020299530e-01,4.749708640811277638e-01,2.037363253441421551e-01,4.285556378014037104e-01,1.000000000000000000e+00,2.749851434707935027e-01,1.973243660440364700e-01,4.611353528687704428e-01,6.774012912834025402e-01,6.153920734365966316e-01,1.530051728025936253e-01,3.287432704369799286e-01,3.649839626601662501e-01,2.902746164640673254e-01,4.901047363402929458e-01,4.850537737677887429e-01,6.308394087256842253e-01,6.496094295379757355e-01,2.376373969280087817e-01,4.226444325720122852e-01,4.965010576133219167e-01,1.613433532821808847e-01,-1.224896842008098841e-01,3.283751646570832738e-01,2.857449408265566038e-01,2.765373577328631982e-01,1.627638486019518937e-01,5.719108260935781285e-01,1.285479649674628189e-01,-1.078360053755040709e-01,2.111053103342920845e-01,6.269885608874870009e-01,4.018425639619999101e-01,3.533760218118736085e-01,2.719540232448180994e-01,4.275901304905810885e-01,1.736376176329821330e-01,5.047333756391823023e-01,7.173458737619563541e-01,6.940178169449434664e-02,2.934334510641196103e-01,3.166401833104880992e-01,6.482241322230833935e-01,3.826203882196453354e-01,1.527735612669317844e-01,2.913006074590371863e-01,2.301426125879831863e-01,2.574208122910846552e-01,3.116646194753734944e-01,4.499591455212413327e-01,4.999033096189217096e-01,5.929953038194457626e-01,1.555641243437117238e-01,3.661565554362776198e-01,3.301661262181168066e-01,3.029293647010066204e-01,-2.435541724107212758e-01,4.194888815738883614e-01,2.556246284223487875e-01
9.923385266214904132e-02,1.203853600154012327e-01,2.992087899476436053e-01,1.865376477204752081e-01,-6.314750233182553352e-02,2.811986673392609659e-01,3.450237427311705907e-01,2.231798786414742053e-01,2.864992982036046465e-01,1.151668345864453047e-01,2.472720827284413114e-01,2.274012677162771390e-01,2.339004756984482125e-01,2.749851434707935027e-01,1.000000000000000000e+00,8.867823556865461754e-02,2.101955109633298346e-01,2.199079001080062046e-01,2.366535100580914319e-01,2.160416448683381008e-01,1.083159373977850559e-01,2.300662445760246477e-01,9.799768989953051845e-02,3.094148853395722876e-01,3.120525156471069539e-01,2.781014503988840092e-01,3.086587267226088560e-01,1.794956435966565678e-01,1.847838244886629011e-01,2.054970665096318150e-01,3.800895454946123298e-04,-7.058661845170702276e-02,1.573350955076659452e-01,1.493780411627249893e-01,9.101991743195685103e-02,1.030751167621498654e-01,2.439324651465543947e-01,1.850881691486213343e-01,-2.357913292307749209e-02,2.391161906221584144e-01,2.575296795688046259e-01,2.192216188458616377e-01,1.973511748552594924e-01,1.094452365531586868e-01,2.415501840696259450e-01,1.956235840705449480e-01,3.337633192804342896e-01,2.231712822432195820e-01,1.845353598725987254e-01,1.456118102025004690e-01,1.599419262024601718e-01,2.051555620623853882e-01,1.712108198444310114e-01,2.056980771268822061e-01,1.118675081907409691e-01,1.238575624610454284e-01,9.513588523673036090e-02,2.639983983842664750e-01,3.140381046810279408e-01,2.008886847437005851e-01,2.718486618654350484e-01,1.141274340083182487e-01,1.830920331516002753e-01,1.532838812769984072e-01,2.636557157326634496e-02,-1.098702302273738135e-01,2.242050830559162711e-01,1.533842893292589604e-01
3.728587340815046058e-01,3.570600442684252473e-01,2.658696010463492132e-01,1.973697219675138448e-01,-2.273709705112036683e-01,9.105344359139454224e-02,1.127686804469680004e-01,1.229095197606995260e-01,2.715333320350035023e-03,1.654148108045055965e-01,3.224791389101734906e-01,1.381471801007393141e-01,5.917620475466250224e-02,1.973243660440364700e-01,8.867823556865461754e-02,1.000000000000000000e+00,4.095523860830748153e-01,1.839839429174554841e-01,3.098471641765935813e-01,1.078969109124514186e-01,5.248695153915050593e-01,2.951728296002089080e-01,6.204202332080684945e-01,1.155986029902704992e-01,1.986745777354865794e-01,3.810310834607366637e-01,5.083742300793598901e-01,4.639716538932039946e-01,3.893098295200055903e-01,5.034276237767113527e-01,-1.844284583917630838e-01,-2.118879013283581914e-01,3.388700484575112304e-01,4.875637159247511176e-01,3.495879499357041342e-01,3.634586917947932316e-01,3.441294587637878655e-01,1.552242100992191343e-01,-1.237844830372819144e-01,1.348470919949006919e-01,2.128236413160914664e-01,2.958857162737908997e-01,1.562299833643289275e-02,1.561726929449894774e-01,3.564960243992138511e-01,1.720905249263332271e-01,1.150997795211223945e-01,2.405330935152738270e-01,-4.297446901916011919e-02,6.435524297485935019e-01,3.943166200638565932e-01,2.199064061139125725e-01,3.698059298530054217e-01,1.249774494306693517e-01,4.790812057864066720e-01,2.796291583394993063e-01,5.323282344457640480e-01,1.979459207573379398e-01,2.286602007369765432e-01,3.628914996257005532e-01,4.475932546702259818e-01,4.240053453601037026e-01,4.322334804578459311e-01,5.057959941903332757e-01,2.774244454515888483e-02,-1.629175711540770399e-01,3.468548717821945404e-01,4.418111501601280633e-01
6.315974396386434542e-01,5.150028806524143965e-01,6.295541902420570546e-01,3.523442280926525338e-01,-4.109967306846767920e-01,2.230522546922239224e-01,3.968124604278059908e-01,3.275034782299235947e-01,9.637373662434532695e-02,3.423366208145492973e-01,6.070927424246416182e-01,3.865412182082463843e-01,1.243004913440842185e-01,4.611353528687704428e-01,2.101955109633298346e-01,4.095523860830748153e-01,1.000000000000000000e+00,4.183235904400241512e-01,7.568899344974611143e-01,3.340863494419180624e-01,5.288203113550594692e-01,4.919987923330193524e-01,6.537123316748814084e-01,3.300453112278407541e-01,3.014433442793082452e-01,7.633950780754296117e-01,7.616225873144851777e-01,5.685809154038055091e-01,6.147753533895656819e-01,7.900351504155433968e-01,-2.612906301130217268e-01,-3.175020423638312272e-01,5.273999751590535690e-01,6.634401033432267836e-01,6.121699912580640390e-01,5.492882894133098715e-01,6.710366402074678938e-01,3.068200927806174483e-01,-1.910116517072339981e-01,2.611594497584805996e-01,4.357989400859240137e-01,4.469714919348800053e-01,9.716215209142205211e-02,2.974775487223662029e-01,6.668894993752128020e-01,3.725948997575857513e-01,2.594024677752316266e-01,4.997292572695795076e-01,-3.421650143286521922e-02,4.954901455209534400e-01,7.379206728153000494e-01,4.448634148963088730e-01,7.467924908973705422e-01,3.291768880878412906e-01,5.100238792995818171e-01,4.282655009155177939e-01,6.178702935327052836e-01,3.577930008785928373e-01,3.984857143268387136e-01,6.724460600611179562e-01,7.131359841414839362e-01,5.275739881153365118e-01,6.049350169064909855e-01,7.234591420804545869e-01,9.159047375140133562e-02,-2.976702377217443907e-01,5.806171908977612039e-01,6.586619302615241978e-01
4.333983429769610041e-01,2.842434913389634693e-02,7.525667801366356935e-01,5.128861631216997258e-02,-2.582344149486025531e-01,8.968906587856810553e-02,6.214819605152956949e-01,4.419629035615780244e-01,2.666094693527697457e-01,1.982375538823389904e-01,4.722254460730796466e-01,1.367904007382965414e-01,3.938113482916451580e-01,6.774012912834025402e-01,2.199079001080062046e-01,1.839839429174554841e-01,4.183235904400241512e-01,1.000000000000000000e+00,6.494148115735118854e-01,6.943134612803165961e-02,1.988706612180941025e-01,2.506978395820645966e-01,2.143188312708689536e-01,2.270791292592407862e-01,3.066516358821944621e-01,5.753898803629781122e-01,5.322990821565577457e-01,1.666788105627515226e-01,2.802426868098598645e-01,4.125766440504376464e-01,4.971856090665215328e-04,-1.180586739502474669e-01,2.267594940591508290e-01,1.991287899137670625e-01,2.008035420706894558e-01,6.496129350625451382e-02,4.680468846593955345e-01,3.283132619628239407e-02,-1.462253923325406713e-01,1.012341632166867678e-01,4.706152815661838185e-01,3.067104990332151782e-01,1.704515996201198258e-01,2.271643420049359319e-01,4.092696398750531039e-01,1.230670623371463435e-01,3.894823424323871075e-01,4.819292461132642647e-01,2.356168840135904052e-02,2.352619372508954476e-01,2.496509906956946578e-01,6.075689914667747882e-01,2.962040675062803108e-01,8.434389004721996874e-02,1.789852968938896172e-01,8.113660315516810217e-02,1.338477524491694381e-01,7.594208942735186652e-02,2.804995172466224762e-01,3.783231637947753745e-01,3.717461485655002562e-01,3.951092410799906390e-02,2.820431695306054309e-01,1.947300263972261969e-01,1.184506900297232906e-01,-2.084186090613468767e-01,3.096189860372323688e-01,1.687814183053839290e-01
6.506292852448750663e-01,3.349428125205894391e-01,7.798653954206267169e-01,2.689058268250995587e-01,-3.902492334412012154e-01,2.113234675247852579e-01,5.673967319132449116e-01,3.752203981736107474e-01,1.747356400280883071e-01,3.263390060202227549e-01,6.445695119677185003e-01,3.558071446537575122e-01,2.584178564476036777e-01,6.153920734365966316e-01,2.366535100580914319e-01,3.098471641765935813e-01,7.568899344974611143e-01,6.494148115735118854e-01,1.000000000000000000e+00,2.885067473594653542e-01,4.353396525465448308e-01,4.081923214427782831e-01,5.264839119593525130e-01,3.353975763381416564e-01,3.071927020253452101e-01,7.587434382004638600e-01,7.209421367773091172e-01,4.382476761583185554e-01,5.784878136200438670e-01,6.972421172278828738e-01,-2.027758674269844186e-01,-2.702267117879953440e-01,4.929710133363031099e-01,5.208930916064852257e-01,5.820299617269388825e-01,4.006995538823294178e-01,7.498198118731473905e-01,2.348475405706312857e-01,-1.802047120960894588e-01,2.455168852304136229e-01,5.663432454478207756e-01,4.711793436725286721e-01,1.525780980799151532e-01,2.948384420200554912e-01,7.127501090577876841e-01,3.266895415981889705e-01,3.573514254166335613e-01,6.259089179647228107e-01,-3.458446595672863035e-04,4.208837994356615098e-01,6.757345816479387590e-01,6.348465381606531732e-01,7.357151017628081879e-01,2.889807967951189549e-01,4.478695931651916484e-01,3.224040111750907101e-01,5.034639396298147274e-01,3.023284539570859630e-01,3.977651824726471941e-01,6.749444841045794119e-01,6.686891032286346181e-01,3.927754623942000256e-01,5.703886499938806143e-01,6.035929000458676308e-01,1.229498565059560233e-01,-2.921848031541825486e-01,5.662727280789776607e-01,5.324515401665960157e-01
1.775893459978965250e-01,3.239066416176565322e-01,3.005784058354993293e-01,8.294881853836749697e-01,-1.816633563504050364e-01,5.021039296086342585e-01,2.378998897734971585e-01,1.353130804008664534e-01,1.148716494237505548e-01,5.441668053825181595e-01,2.900010458814948899e-01,8.711292564466173172e-01,7.704198476279715269e-02,1.530051728025936253e-01,2.160416448683381008e-01,1.078969109124514186e-01,3.340863494419180624e-01,6.943134612803165961e-02,2.885067473594653542e-01,1.000000000000000000e+00,2.405348556467220844e-01,2.581498950675505943e-01,3.050349692279729630e-01,2.727802072869510708e-01,2.282614324844347564e-01,3.687040379076680363e-01,3.441586809709223926e-01,4.433700672086142713e-01,3.133454247748311827e-01,2.808765296535354894e-01,-1.904247616981121216e-01,-2.335283954849975974e-01,2.414708143051013944e-01,3.262860571762079553e-01,2.691876405360097979e-01,3.733567582976949351e-01,3.514522343124282799e-01,8.237655518671567201e-01,-1.315438060303673884e-01,4.686166534719886645e-01,2.898637347599362646e-01,2.292573987940615121e-01,1.187557072800363711e-01,4.500476467989313334e-01,3.505602574401616711e-01,8.331742802958561622e-01,2.024489478367076933e-01,1.793600527891531793e-01,1.459773335288906126e-01,2.587717330855620057e-01,3.765278266494549442e-01,1.299424121724737091e-01,3.622743653077540316e-01,9.321360106690068648e-01,2.652603204742118859e-01,2.403994679613861984e-01,3.718225755493411167e-01,3.668809636367809657e-01,2.408425704931185796e-01,3.726508247238137783e-01,4.079893439345734785e-01,4.632659507261346898e-01,2.550570612172486928e-01,3.291799489131889134e-01,4.051919000022348449e-02,-2.461766455891039318e-01,2.859311430124688025e-01,3.502817948789712088e-01
4.785781946633989592e-01,4.995959016836035160e-01,4.253514815938908011e-01,3.851106110860012532e-01,-3.434488996459267307e-01,1.002709168407010243e-01,3.022087371540269074e-01,9.364017011304313909e-02,1.473270273991733048e-01,2.592927829407712936e-01,3.531060245185581037e-01,2.659221436159779905e-01,1.176209086657007130e-01,3.287432704369799286e-01,1.083159373977850559e-01,5.248695153915050593e-01,5.288203113550594692e-01,1.988706612180941025e-01,4.353396525465448308e-01,2.405348556467220844e-01,1.000000000000000000e+00,4.190649281475268828e-01,8.750893412156438567e-01,3.410451263678773159e-01,3.149369197214156313e-01,5.592548273313475704e-01,6.606016559881214834e-01,5.384591314689017860e-01,5.403811973533284574e-01,6.222770574556928391e-01,-2.162495084637955922e-01,-2.747577789791271763e-01,4.519234832953865078e-01,6.836387597904636237e-01,4.745440020715771534e-01,5.473508562069411276e-01,4.933314275980367758e-01,2.974240737868500406e-01,-1.473906787969181675e-01,1.618287613743230879e-01,3.938205727480118545e-01,2.734877695194466996e-01,2.019224559348931636e-01,1.845781932340439246e-01,4.408396758617002531e-01,2.850020846923034257e-01,2.485203478971617364e-01,3.796166818751560146e-01,-6.042175721922177917e-02,5.523746486849950843e-01,5.076543752479408811e-01,2.606891323496555168e-01,5.055297332010206812e-01,2.300847588413122702e-01,8.359660351406112966e-01,4.890294308872331630e-01,8.234677775386750609e-01,3.805446261762780447e-01,3.396425163000252323e-01,5.583378395330917954e-01,6.549825449115111997e-01,4.957601111657485293e-01,5.016175334238464067e-01,6.420634280118955317e-01,7.831067305500297171e-02,-2.349786312251194165e-01,4.835459355039944951e-01,6.310105746291427842e-01
3.647821437283801926e-01,3.853338938867795216e-01,4.462169066548716256e-01,3.527284857127502837e-01,-2.543353938545663273e-01,2.028058341345004845e-01,4.565849389572272377e-01,1.611861130464503633e-01,3.861994985032353167e-01,3.028137685764281661e-01,3.626864317012051808e-01,3.276604625628274370e-01,1.840950561926286422e-01,3.649839626601662501e-01,2.300662445760246477e-01,2.951728296002089080e-01,4.919987923330193524e-01,2.506978395820645966e-01,4.081923214427782831e-01,2.581498950675505943e-01,4.190649281475268828e-01,1.000000000000000000e+00,4.058265838601319841e-01,5.557292493549296220e-01,4.527799627373755298e-01,5.569563965142245721e-01,5.853003709962489864e-01,4.136189054439403101e-01,4.608237308295664580e-01,5.241905787176376341e-01,-1.175193678353795151e-01,-3.013137590514621267e-01,3.960836258810404020e-01,5.069776867662488806e-01,3.471797506969045988e-01,4.473322426456585732e-01,4.226876576699274968e-01,3.092076188620283550e-01,-1.051492484237233349e-01,2.256550506019625035e-01,4.150143003898419947e-01,2.546681133518083340e-01,3.909300383817017610e-01,2.449402047723255871e-01,4.205894079334032143e-01,3.303984852042056164e-01,3.240095204296822295e-01,3.766539785610708568e-01,3.794101984097716929e-02,3.508140614436932592e-01,4.295034516699213767e-01,2.531496934997140569e-01,4.428340984633296062e-01,2.822584370440714974e-01,3.161642450304621432e-01,5.867892526374941520e-01,4.093583001391288834e-01,5.582176706398217503e-01,4.503449443167266142e-01,4.911388219747334083e-01,5.697722533486219154e-01,3.818725092288869916e-01,4.265318423249560009e-01,4.858104851981391303e-01,1.366567589392772564e-01,-2.476291780667784215e-01,4.841758384947581484e-01,5.090860869148559065e-01
5.618369144906187884e-01,5.664438364304237306e-01,4.554053891337535021e-01,3.972758819069771574e-01,-3.797517164080927432e-01,1.314275176730528016e-01,2.332812237461881766e-01,1.845792587506561999e-01,2.797602585299479791e-02,3.053102961277559535e-01,4.382324337877400167e-01,3.253071229401740538e-01,7.671757868235393185e-02,2.902746164640673254e-01,9.799768989953051845e-02,6.204202332080684945e-01,6.537123316748814084e-01,2.143188312708689536e-01,5.264839119593525130e-01,3.050349692279729630e-01,8.750893412156438567e-01,4.058265838601319841e-01,1.000000000000000000e+00,2.488304805308363676e-01,2.461498158488015509e-01,6.220752942092503401e-01,7.163808290759264841e-01,6.627791812456693687e-01,5.916171150257287792e-01,7.352153983187248443e-01,-3.045547802031131623e-01,-2.863422691154289823e-01,5.024532135767764141e-01,7.344156351652426640e-01,5.461029006623283610e-01,5.918221034017225879e-01,5.525652491444648096e-01,3.125530622971615657e-01,-1.777437778448427708e-01,2.013011791822502117e-01,3.387258989581241608e-01,3.613553018474869871e-01,7.153022660299435120e-02,2.394622029724972068e-01,5.301391316984209734e-01,3.344157595580556364e-01,1.760986633962794978e-01,3.585964062929059004e-01,-6.739355633626896436e-02,6.399274306115244615e-01,6.310343267444088466e-01,2.456676962046472068e-01,5.850173578209103553e-01,2.944967818362684842e-01,8.267983712067369373e-01,4.652331730868792259e-01,8.928842415879556516e-01,3.302297687164186812e-01,3.001355343221479011e-01,5.965294594018483165e-01,6.734821515813121939e-01,6.405600802767091873e-01,5.826522541417408219e-01,7.630683595425912236e-01,2.987846048107964739e-02,-2.643251905989787987e-01,5.367700795151497672e-01,6.998381419104682255e-01
