1.000000000000000000e+00 2.186097649829996381e-01 4.568423227534963438e-01 5.535212197484620233e-01 1.862945976362003486e-01 5.949789499485558242e-01 5.830858340448586974e-01 4.806733821306289345e-01 3.224978965696937427e-01 5.343860929717257902e-01 3.525879928299883170e-01 6.168034402763737933e-01 3.359772499810234070e-01 6.316739803243949236e-01 2.826236733860064687e-01 4.442251992033962038e-01 4.809833209953602307e-01 3.953529068847124739e-01 4.880254165858349258e-01 6.025441986232538127e-01 5.966367328231197975e-01 2.335829028196699519e-01 5.217791900046012676e-01 4.507951839013290551e-01 1.193671819382264854e-01 3.564066057145603983e-01 3.945839371476930202e-01 4.847487507879143509e-01 7.451539114961066579e-01 5.339382054288773771e-01 1.384831561146714352e-01 2.590036120813066778e-01 3.817604524264985866e-01 4.924533864471534184e-01 7.108734458891859953e-01 2.306405504760215552e-01 3.592928557102204601e-01 4.655184998199844992e-01 6.764213804986528300e-02 6.136305350030272221e-01 5.359668307154764610e-01 4.685083805109568345e-01 3.548801959972058273e-01 5.017880140115069665e-01 3.185421462074312648e-01 5.928544091572039987e-01 3.168256379258057032e-01 6.354902832850368721e-01 2.673512353377678896e-01 4.899385792257889838e-01 3.787624226136995786e-01 3.673300500814687397e-01 4.141862187642485482e-01 5.798372878630005944e-01 6.051000375916641971e-01 2.880028734578559124e-01 5.215341865107437913e-01 4.433886255045054181e-01 1.083886319545429577e-01 2.923034875244138187e-01 3.341470282837897265e-01 4.160404005991441001e-01 6.700379247928291981e-01 4.768757718434296078e-01 1.443817196686635052e-01 3.286596499798289384e-01 3.417150817570600019e-01 3.929648198399509629e-01
2.186097649829996381e-01 1.000000000000000000e+00 1.486914409714887308e-01 3.174861504488114550e-01 1.109956451479527095e-01 3.481343865838483209e-01 1.707300018246841189e-01 3.052568704688686241e-01 1.375320259953539126e-01 3.619891432574228185e-01 2.599456775193376146e-01 3.286814308828492903e-01 1.028854570095924653e-01 1.488994802022698405e-01 1.803088808203932025e-01 4.113065476962582956e-01 2.526377463860692840e-01 -5.289849699230721181e-03 2.005654425074205049e-01 2.786861396937340141e-01 3.255280920857236415e-01 4.757220698950735960e-01 4.675529325623343779e-01 3.038333133816910059e-01 2.780293563111306265e-01 4.563608467996350115e-01 3.983433050546763554e-01 4.617811318604934101e-01 2.944038358528923705e-01 4.400022123640925931e-01 3.831760853753832241e-02 1.070534292194256637e-01 3.831201322345155758e-01 4.949948024638667343e-01 2.763278423789273242e-01 5.543914843340744802e-01 2.141142278339887572e-01 3.339670137232292890e-01 6.946226550167937386e-02 3.250604135205008016e-01 2.065288048955622735e-01 2.612952278620441771e-01 2.310920527030886906e-01 3.754850381667169668e-01 2.648009077175699777e-01 3.182342400767689261e-01 1.615155154854079622e-01 1.906228138750420131e-01 1.803861161545329272e-01 3.732322707639681991e-01 4.522424021099753499e-01 5.617984818000730518e-02 3.889134390970812039e-01 3.289227485577448373e-01 3.169879141666990807e-01 4.654980183529604520e-01 4.753173755594381489e-01 3.490577340634083425e-01 3.120938999865191521e-01 4.126679714127388099e-01 4.592639822754871481e-01 4.557417005363666451e-01 3.300383937348431718e-01 5.147298266159920921e-01 9.927112208301297480e-02 1.116492130344028250e-01 3.264563635633984662e-01 4.775909052414475386e-01
4.568423227534963438e-01 1.486914409714887308e-01 1.000000000000000000e+00 3.309096793438375261e-01 1.972068843015718220e-01 3.606416266978498264e-01 8.272999730253640660e-01 5.098019164706558692e-01 5.458822381964689718e-01 3.691332587047791436e-01 5.785151680134436036e-01 4.298668875054753036e-01 4.586471991982614682e-01 7.474080162856077125e-01 3.128244095591171670e-01 3.041885032442844805e-01 5.741763746168114801e-01 5.729775091894001582e-01 6.598598954469286904e-01 4.765498526511536270e-01 3.986852632768561056e-01 3.813331643070200228e-01 3.860421699709773447e-01 6.337665893968146280e-01 4.184942421173944993e-01 6.757795229356033939e-01 7.734769575520679119e-01 3.074401191890146490e-01 4.367228638255927220e-01 4.892320880980438047e-01 3.726214312356821989e-01 2.230663271627397193e-01 3.173372795798731216e-01 3.799270219869690934e-01 3.833482129671178518e-01 1.869028134490151039e-01 7.116477020199607484e-01 2.924853210127027481e-01 1.832740690739222134e-02 3.450216802711539854e-01 6.878636519568741559e-01 3.981731811640181196e-01 4.995549286517394494e-01 3.432104571784334035e-01 4.317482434478452369e-01 4.254672505078934686e-01 4.154996643505649012e-01 6.341227674142114745e-01 2.770979023720944179e-01 3.383546925602310407e-01 1.852917917146827409e-01 5.697836998573506673e-01 4.313845725451758151e-01 4.971307948054998205e-01 4.010589891034905818e-01 2.986655647353715359e-01 3.168783787075734604e-01 5.466048027228397332e-01 3.221244940820500169e-01 4.167497705000542396e-01 5.368324020162643651e-01 2.233147938649468478e-01 3.930894536707242315e-01 2.516181959184921046e-01 3.974278657086661726e-01 2.997740107864383385e-01 3.253431876958258750e-01 2.730099379371950796e-01
5.535212197484620233e-01 3.174861504488114550e-01 3.309096793438375261e-01 1.000000000000000000e+00 1.320125051398499394e-01 6.603530654468973138e-01 4.672056605986409927e-01 4.355935976732123183e-01 3.234309607177119350e-01 6.821147527841637803e-01 2.935748469968618157e-01 8.174297794539162609e-01 3.011488382700041599e-01 4.380659762137639190e-01 2.774831029718350939e-01 5.122988425932381018e-01 3.209420159924870619e-01 2.394012249315115859e-01 3.216108844441558090e-01 7.875531986734716217e-01 6.336184294602470457e-01 2.947047654877503198e-01 6.214988773351037832e-01 5.093068851747862835e-01 1.743067230264212508e-01 3.578733741043522709e-01 3.397008945359976106e-01 7.200693090155741993e-01 6.156684422025379133e-01 4.735018900875557213e-01 1.370830702342401286e-01 2.034328875897191691e-01 4.443936492615314093e-01 5.570169600596348580e-01 5.470823784941376555e-01 3.349068760530964362e-01 2.950005932691870392e-01 8.512364286725239149e-01 6.260502877656448639e-02 6.730100553195231816e-01 4.504806427962155801e-01 4.333763651087355617e-01 3.802328732807093714e-01 6.792451767616348723e-01 3.231396858733599498e-01 8.384440114274118727e-01 3.140065782923344151e-01 4.788995846270328594e-01 3.080073602968868007e-01 5.577250676937087759e-01 3.800296664718567086e-01 2.680422045498209171e-01 3.339621159270090844e-01 7.817384599715155868e-01 6.378694065596758334e-01 3.781465493600410510e-01 6.520133262473695179e-01 5.166287173032227953e-01 1.700272802607555311e-01 3.508297430502526626e-01 3.435140937236564329e-01 6.667368711942828208e-01 5.797941393498083906e-01 5.402902392328794434e-01 1.729323700522770180e-01 2.503776455285010027e-01 3.990710493149335347e-01 4.967326537279833643e-01
1.862945976362003486e-01 1.109956451479527095e-01 1.972068843015718220e-01 1.320125051398499394e-01 1.000000000000000000e+00 2.319895625546388729e-01 2.208778657664989820e-01 2.426496920746893937e-01 1.422373280388884165e-01 1.843161775621617871e-01 1.818855997149519677e-01 1.638849266095219193e-01 1.045222163520723169e-01 2.191903346068431457e-01 1.559356168468915838e-01 1.744609844914349894e-01 1.796435122102088000e-01 1.561331169344784553e-01 1.930185365113708806e-01 1.498946684522435846e-01 1.781594590515112875e-01 1.405638733652856409e-01 1.886235603435573449e-01 1.814717150830934544e-01 9.298303510421566942e-02 2.294970882088615549e-01 2.133568153739213991e-01 1.804252509775181035e-01 2.052282905402000035e-01 2.266641930758875600e-01 7.235622083760409606e-02 1.530224905552498016e-01 1.305546466147883833e-01 2.054351927681394852e-01 1.677002069604114631e-01 1.127338729312491877e-01 1.688484555838166423e-01 1.168152234896715908e-01 1.030508635932869399e-01 1.950067157190906453e-01 2.042114950338699830e-01 2.188494181831617258e-01 1.618598567251411380e-01 1.774350207606517904e-01 1.608105173968376322e-01 1.451219423361942706e-01 1.161886323525351539e-01 2.038261416746207089e-01 1.118501151934526983e-01 1.489684939027897670e-01 1.423633380721796571e-01 1.672960235717168842e-01 1.755831310498164877e-01 1.539880947703916036e-01 1.843215952513054534e-01 1.608681733253660429e-01 1.751379983622936842e-01 1.777233883727331598e-01 1.172905257318241912e-01 1.914490093815864880e-01 1.897573942008157488e-01 1.682351791338717595e-01 1.937809320686370296e-01 1.833281449326434887e-01 1.070775070739395513e-01 1.076570826785928497e-01 1.161160689385120626e-01 1.616373621546370598e-01
5.949789499485558242e-01 3.481343865838483209e-01 3.606416266978498264e-01 6.603530654468973138e-01 2.319895625546388729e-01 1.000000000000000000e+00 5.230176082089684764e-01 5.964751046642542409e-01 3.166282576856351838e-01 7.725418752475762263e-01 3.371112356357903739e-01 7.533339204526510180e-01 2.717441092318317319e-01 4.936946461630691840e-01 3.880959705954806771e-01 5.246409808204225422e-01 4.143780610866721892e-01 2.658805843798470736e-01 3.987890451838068118e-01 6.729392681185796254e-01 6.249875664771831207e-01 3.023173721151814486e-01 6.318198253862307157e-01 4.502793742322731552e-01 1.359474569600724603e-01 4.160686962117880472e-01 3.624780612356779397e-01 7.516472518148044069e-01 6.691123418539626222e-01 5.646698996436473328e-01 1.330358520482622098e-01 2.221586086093861878e-01 4.312559299801895785e-01 5.780040171179406938e-01 5.637275782294097759e-01 3.436618198026594184e-01 3.164536884983357168e-01 5.893904879516168593e-01 1.159922801380315893e-01 8.014805481612566895e-01 5.022255070371315355e-01 5.788622862649677181e-01 3.672470438115201241e-01 7.486663780413265190e-01 3.356972507148340279e-01 7.241426415381939652e-01 2.854811407274364665e-01 5.175081403308121608e-01 3.339995928926308144e-01 5.873597949123980921e-01 4.591851697657058362e-01 3.014720185603857461e-01 4.446515038301461220e-01 6.646603292653244788e-01 6.341315722302984792e-01 3.814396635694782822e-01 6.417034951715228086e-01 4.771619608886327191e-01 1.558212434275907665e-01 3.964224375552560242e-01 3.520999710724513343e-01 6.888593581661909271e-01 6.232167069387823943e-01 6.013528828833056838e-01 1.577596492171707832e-01 2.628543712284443501e-01 3.659463748487097323e-01 5.049627384348800430e-01
5.830858340448586974e-01 1.707300018246841189e-01 8.272999730253640660e-01 4.672056605986409927e-01 2.208778657664989820e-01 5.230176082089684764e-01 1.000000000000000000e+00 5.942248267806847783e-01 6.394792894234996306e-01 5.102135686791390290e-01 5.378612889375471440e-01 5.789136614444583273e-01 4.776265169818646461e-01 8.086740160662410082e-01 4.252360881386145208e-01 3.749333855773694379e-01 4.986045891341929215e-01 5.211636909971661957e-01 5.976044820504440302e-01 5.937920260381374105e-01 5.070806732629686842e-01 4.162551565604749038e-01 4.504592329011800067e-01 7.630821825994182905e-01 3.808231791122193011e-01 6.209818940367861639e-01 6.924781082085690320e-01 4.794969061385421782e-01 5.326465316605021316e-01 5.714530875213257310e-01 4.153601899657897167e-01 2.512264266199202845e-01 3.793074046470351623e-01 4.474008484095912119e-01 4.773379332331194602e-01 2.047669187887239395e-01 6.895224360897628246e-01 4.172751427754109455e-01 5.470376412348218476e-02 5.202004365502267413e-01 8.206738440776107923e-01 5.157825899878509812e-01 5.855953369488775540e-01 4.779820850023748791e-01 4.559308711030033434e-01 5.653988829886010814e-01 4.814441391797215086e-01 7.443668065126031186e-01 3.809361036132051792e-01 4.220952484174506081e-01 2.259753088661629050e-01 5.667894404469218106e-01 4.408628318056370676e-01 6.040194663528348773e-01 5.088532940458460052e-01 3.705992112021465057e-01 3.975665144249503347e-01 6.798142697056090977e-01 3.184836591623155799e-01 4.309734321047962724e-01 5.231460632427297197e-01 3.827402685348613720e-01 4.866391622731447431e-01 3.701311674699848675e-01 4.375340845315191518e-01 3.368594125711668053e-01 3.600197710056865508e-01 3.393640837484683259e-01
4.806733821306289345e-01 3.052568704688686241e-01 5.098019164706558692e-01 4.355935976732123183e-01 2.426496920746893937e-01 5.964751046642542409e-01 5.942248267806847783e-01 1.000000000000000000e+00 3.253351352672415597e-01 5.529179414946786553e-01 4.505732462773533453e-01 5.115999820888229577e-01 2.596374928426991580e-01 5.938924633942939124e-01 3.080310110223797304e-01 4.272110767809449428e-01 4.853316072098827760e-01 3.965556960953774968e-01 5.142192296845603527e-01 4.892554204025627018e-01 4.867671428272083434e-01 3.652850233735719931e-01 5.292047751312252135e-01 4.331395477859493193e-01 1.825592380893739375e-01 5.605586749319479978e-01 4.987264192782440708e-01 5.928633353145607021e-01 5.038736289975440652e-01 6.285162514182854876e-01 2.100130152687626484e-01 2.217237769880219811e-01 3.383472006820766875e-01 4.999599700968769267e-01 4.084184014817873187e-01 3.081328501200574776e-01 4.412571534381155014e-01 3.939624894960023216e-01 1.201939121958418288e-01 5.423080713924710583e-01 5.307551046053026189e-01 5.727580743630936722e-01 3.469478835802040084e-01 5.157652744830261149e-01 3.709333403983236521e-01 4.931442680603115303e-01 2.582616447255751679e-01 5.191202859363237554e-01 2.348508627959662032e-01 4.385039382164604982e-01 3.882955066823912116e-01 4.358419987369517856e-01 4.832131103222376822e-01 4.963482149216936756e-01 4.688142417589352684e-01 3.773959480078898920e-01 4.864444034363021307e-01 4.287605282594198486e-01 1.884666461805953042e-01 4.493277914894527880e-01 4.344891245809737734e-01 5.381633667217569084e-01 4.585830703680883746e-01 5.426095633027240295e-01 2.304065272876529569e-01 2.397361773637315396e-01 3.052640803944028369e-01 4.060005006109634884e-01
3.224978965696937427e-01 1.375320259953539126e-01 5.458822381964689718e-01 3.234309607177119350e-01 1.422373280388884165e-01 3.166282576856351838e-01 6.394792894234996306e-01 3.253351352672415597e-01 1.000000000000000000e+00 3.649651753615247851e-01 3.355259837278963264e-01 4.150390375056064451e-01 4.462572366806991653e-01 4.979584570334840699e-01 3.419525264024232958e-01 2.616117346161660473e-01 1.740145658060535117e-01 2.112129772553812401e-01 2.740301741435893224e-01 4.398726781026158217e-01 3.337885712475069933e-01 4.138097922265975281e-01 2.457782453576107529e-01 7.181253731137523522e-01 4.508968772677534043e-01 4.027357642591346543e-01 5.009907745640224119e-01 2.569748757761149971e-01 3.390124578116893161e-01 2.375408679777034904e-01 3.496323607973233494e-01 1.628603312962992877e-01 3.240790646107586936e-01 3.063996027900666164e-01 3.005255437155409659e-01 1.606415661639769010e-01 4.701797778605439349e-01 3.287466390078500056e-01 5.089226920702487333e-02 2.993834038157382471e-01 5.765634529358626414e-01 2.840585056206358927e-01 5.731985855087285975e-01 3.547930943543731175e-01 3.230547420214521792e-01 4.116201954403742591e-01 4.643928337733785883e-01 4.924057719440497194e-01 3.101711928518849914e-01 2.864953943825853111e-01 4.823785236579386515e-02 2.964103235502894007e-01 1.934175614759315598e-01 4.695853729040768143e-01 3.595081474584061465e-01 3.452503740520716513e-01 2.397001648178822830e-01 6.311674318789962657e-01 3.739319757903972752e-01 2.822539854896504163e-01 3.926392164966542864e-01 2.107224958416220040e-01 3.466325570574770309e-01 1.685486437911468960e-01 3.878651000410680005e-01 2.618258332837243296e-01 3.005257794825612616e-01 2.695867129165097076e-01
5.343860929717257902e-01 3.619891432574228185e-01 3.691332587047791436e-01 6.821147527841637803e-01 1.843161775621617871e-01 7.725418752475762263e-01 5.102135686791390290e-01 5.529179414946786553e-01 3.649651753615247851e-01 1.000000000000000000e+00 3.574004473984495056e-01 7.623461346871531763e-01 3.043723482346414322e-01 4.707622589424341752e-01 2.946252743216378200e-01 4.907598527130407340e-01 3.678401545883860924e-01 2.251355496055361116e-01 3.775550196257391189e-01 7.185625718334748280e-01 5.732518905596281078e-01 3.638827188148968661e-01 6.035765783393353123e-01 5.035595803912682467e-01 1.979592318192118505e-01 4.297129004706684574e-01 3.776513529867063790e-01 7.548113113237662208e-01 5.754625521681657752e-01 5.188737385962108872e-01 1.499801572705966035e-01 1.934277027632222701e-01 4.140544774352910018e-01 5.793922727356261015e-01 5.153129489863191859e-01 3.939551165276058975e-01 3.496635416930597984e-01 6.834464545509089106e-01 8.815060747697955890e-02 7.340253188156318220e-01 5.108414990204623862e-01 5.399445054434042213e-01 4.194599256507591800e-01 9.307035106849184114e-01 3.653588176777952112e-01 7.500557117305269861e-01 3.159812890704073451e-01 5.215851748146690392e-01 2.890319404404878001e-01 5.506901906142788183e-01 4.543573134913251321e-01 3.070530948209013178e-01 4.433941709161446920e-01 7.377558366372316545e-01 5.865486893457924067e-01 4.462638411711714603e-01 6.310192234186638993e-01 5.353721513132678744e-01 2.365292692414530940e-01 4.242145253408894923e-01 4.070178473875375458e-01 7.185116413873391394e-01 5.517172565515502392e-01 5.984191248513915928e-01 2.475722059519427365e-01 2.621156011829756660e-01 3.469921211052248156e-01 5.135516516861151626e-01
3.525879928299883170e-01 2.599456775193376146e-01 5.785151680134436036e-01 2.935748469968618157e-01 1.818855997149519677e-01 3.371112356357903739e-01 5.378612889375471440e-01 4.505732462773533453e-01 3.355259837278963264e-01 3.574004473984495056e-01 1.000000000000000000e+00 3.564838823117641997e-01 3.860955286243313300e-01 5.473339139403671227e-01 2.346067381979966837e-01 2.988433833663254879e-01 4.953913935998944806e-01 5.221950049900720980e-01 6.097446793139328358e-01 3.742085888682917250e-01 3.367138262541655158e-01 3.810752956561121452e-01 3.776790727695905625e-01 3.828032116705963883e-01 3.886010058827965574e-01 5.704574892108810191e-01 6.403217044249029932e-01 3.201074692537646538e-01 3.840343046078391609e-01 4.778484151539934555e-01 3.070418868167852922e-01 1.919513144924056836e-01 3.266198581531489231e-01 4.337378561874214444e-01 3.383418434932248253e-01 2.852327180948444063e-01 4.558345681919649950e-01 2.832871263633511827e-01 6.614036400542880334e-02 3.155777420687181922e-01 4.197166345356915795e-01 3.481248289696884934e-01 3.244552681949424144e-01 3.549581963421578612e-01 4.458465786368823180e-01 3.579300421863590431e-01 3.140120620522519057e-01 4.337596978139983128e-01 1.773413178662558431e-01 3.138499375144547798e-01 2.759407859228958926e-01 4.641257747387763088e-01 4.715551504824443407e-01 3.949035483804707036e-01 3.451414702047133076e-01 3.084209754001680515e-01 3.542407925026935245e-01 3.305913854800252016e-01 3.116558631633721266e-01 3.545720554905985034e-01 4.736033285232382761e-01 2.701370982776025720e-01 3.528069477155444944e-01 3.365740502123536482e-01 2.553796019588377986e-01 2.072179759007743427e-01 3.060166640336430266e-01 3.386309208343753485e-01
6.168034402763737933e-01 3.286814308828492903e-01 4.298668875054753036e-01 8.174297794539162609e-01 1.638849266095219193e-01 7.533339204526510180e-01 5.789136614444583273e-01 5.115999820888229577e-01 4.150390375056064451e-01 7.623461346871531763e-01 3.564838823117641997e-01 1.000000000000000000e+00 3.434743753667215405e-01 5.252890393389142432e-01 3.584473435229679206e-01 5.571164505917666210e-01 4.021674431239596337e-01 2.918113499262641186e-01 4.157722154191841324e-01 8.862344760200050464e-01 7.160958069084233379e-01 3.438577228027719923e-01 6.683037995665603859e-01 5.574358774377865533e-01 2.111167501511343469e-01 4.294787165795636019e-01 4.158418992710907203e-01 7.541661472649902054e-01 6.818203965673813594e-01 5.464772539010461783e-01 1.708430344691738156e-01 2.249749589213137502e-01 5.042473281666519647e-01 6.122093160558825797e-01 5.989253079352957476e-01 3.478302803118465958e-01 3.741195648418311204e-01 7.371107101805345341e-01 7.599723389025651865e-02 7.398293640390165571e-01 5.470564937579637244e-01 5.007861577761845151e-01 4.636232561674873409e-01 7.293039912773080502e-01 3.643178653793371913e-01 9.049103163764569135e-01 3.587971348975116936e-01 5.566572988520467336e-01 3.598654130158665532e-01 6.247374922417857634e-01 3.880998756934860294e-01 3.398846413130398592e-01 3.961042816929397636e-01 8.666944682629156294e-01 7.267814937199285064e-01 4.062251753946171107e-01 6.792719568506662142e-01 5.706654462756132196e-01 2.065774433015378775e-01 3.922441411258549837e-01 3.877883904487463007e-01 6.662470506096138667e-01 6.488506921066885536e-01 5.836752724433653672e-01 1.961674476464153327e-01 2.695443322362485183e-01 4.541745726440638564e-01 5.380615683822415063e-01
3.359772499810234070e-01 1.028854570095924653e-01 4.586471991982614682e-01 3.011488382700041599e-01 1.045222163520723169e-01 2.717441092318317319e-01 4.776265169818646461e-01 2.596374928426991580e-01 4.462572366806991653e-01 3.043723482346414322e-01 3.860955286243313300e-01 3.434743753667215405e-01 1.000000000000000000e+00 4.356635231147082399e-01 2.355192221039786316e-01 2.190622691685231993e-01 2.075373001512906268e-01 2.880345073225906161e-01 2.974901181623439417e-01 3.710969171553127888e-01 3.187021111535477402e-01 2.474357099878592980e-01 2.461252604238506614e-01 4.602424456503580452e-01 4.201280222286999932e-01 3.028558565872180863e-01 4.606316195934395674e-01 1.922568152908836758e-01 3.712324487704672382e-01 1.844578919571230324e-01 2.851624282978437730e-01 1.346295695990043506e-01 2.804182814057858963e-01 2.768540057363690909e-01 3.019314391286525012e-01 1.179801804767928869e-01 3.062848817392934131e-01 2.704919892891615718e-01 1.205552553940632959e-02 2.669740684794070784e-01 3.602717199351875843e-01 2.120219670997152694e-01 3.779053303082053894e-01 2.939368193512353900e-01 2.394846957022115919e-01 3.475700789322650475e-01 4.643673580458521633e-01 3.878565726088522569e-01 2.189883272269784742e-01 2.918618702933120646e-01 1.839024213937415220e-02 2.053958835623265478e-01 1.494439343320840274e-01 3.706018567586090162e-01 3.563918022064316293e-01 1.787963728235054395e-01 2.523518662143907632e-01 3.953235777443678822e-01 2.841025669666118469e-01 1.329752821826433729e-01 2.663692439159406344e-01 1.394145260342313508e-01 3.555268941607221955e-01 1.190562073971291046e-01 2.718710727773220315e-01 2.227847504562368020e-01 2.809220415849067454e-01 2.224835718088551961e-01
6.316739803243949236e-01 1.488994802022698405e-01 7.474080162856077125e-01 4.380659762137639190e-01 2.191903346068431457e-01 4.936946461630691840e-01 8.086740160662410082e-01 5.938924633942939124e-01 4.979584570334840699e-01 4.707622589424341752e-01 5.473339139403671227e-01 5.252890393389142432e-01 4.356635231147082399e-01 1.000000000000000000e+00 3.405471479667792623e-01 3.898906361882291671e-01 5.769799862109468158e-01 6.088835059496628954e-01 6.513937739109098013e-01 5.466173433897909550e-01 5.150052411231489380e-01 3.393231228206188832e-01 4.607892795076941050e-01 5.800134611216629654e-01 2.757349001888157458e-01 5.394053951363085853e-01 6.409636158753906354e-01 4.031305060903546122e-01 6.030727099884580777e-01 5.885748453088209819e-01 3.187146788674903308e-01 2.908780725142356416e-01 3.373196455334722121e-01 4.607796985169642645e-01 5.243158092655648694e-01 2.051435946568420376e-01 5.793006937026311531e-01 3.673895127878677447e-01 6.595415855204836419e-02 4.870321335240140326e-01 6.763226566300589715e-01 4.803159997308566465e-01 4.529022684879447369e-01 4.312512257216291056e-01 4.175942298696236898e-01 5.156585744518243919e-01 4.272700112073106182e-01 7.412453618572422132e-01 2.869224438193389570e-01 4.230156069087948056e-01 2.815897985654368108e-01 5.718014507816735481e-01 4.681395808648869949e-01 5.450339595817488281e-01 5.157324356541957977e-01 3.053732302872667614e-01 4.123149768907837243e-01 5.114733775090057888e-01 2.161656950947532518e-01 3.563141997526662053e-01 4.714173489864637578e-01 3.210540329964928219e-01 5.143208075358829401e-01 3.873419086125090005e-01 3.221717277969529669e-01 3.599675987815639799e-01 3.289513436185239614e-01 3.382195453945817665e-01
2.826236733860064687e-01 1.803088808203932025e-01 3.128244095591171670e-01 2.774831029718350939e-01 1.559356168468915838e-01 3.880959705954806771e-01 4.252360881386145208e-01 3.080310110223797304e-01 3.419525264024232958e-01 2.946252743216378200e-01 2.346067381979966837e-01 3.584473435229679206e-01 2.355192221039786316e-01 3.405471479667792623e-01 1.000000000000000000e+00 2.313437732763913290e-01 1.663699862967100707e-01 1.447194298697830339e-01 1.937756180968216724e-01 3.156140570950530799e-01 2.920801141913959564e-01 2.544962747494475264e-01 2.641965237919800535e-01 4.404315680921137011e-01 2.223918165574139405e-01 3.200354926187147231e-01 3.179560399140296534e-01 3.495790274340281334e-01 2.936125019136690550e-01 2.738384741994249749e-01 1.565337811927454414e-01 1.234063360934651021e-01 2.398739135755259544e-01 2.856848129330489816e-01 2.497180547004869411e-01 1.748224480524253333e-01 3.347649395037597397e-01 2.627512452192940495e-01 6.826043971578484026e-02 3.561122943345942371e-01 4.215018827571462290e-01 2.999588164542288937e-01 3.430158472957099969e-01 2.957104483801685224e-01 2.364294341288477597e-01 3.466975661075273329e-01 2.794844321485943084e-01 3.345313376683289874e-01 3.487571479862275892e-01 2.802831960252330501e-01 1.658006673598327041e-01 2.123957679984771196e-01 2.331992086661065777e-01 3.459742151205013605e-01 2.967995846102640112e-01 2.389079959609156922e-01 2.526177710455208003e-01 4.450838444902560642e-01 1.976618989008246396e-01 2.743152282083642923e-01 2.996159641533891471e-01 3.096392110319612923e-01 2.860124326401189965e-01 2.489933795724659782e-01 1.940162052178655838e-01 1.729906107050865061e-01 2.022785087808021964e-01 2.180965589553899853e-01
4.442251992033962038e-01 4.113065476962582956e-01 3.041885032442844805e-01 5.122988425932381018e-01 1.744609844914349894e-01 5.246409808204225422e-01 3.749333855773694379e-01 4.272110767809449428e-01 2.616117346161660473e-01 4.907598527130407340e-01 2.988433833663254879e-01 5.571164505917666210e-01 2.190622691685231993e-01 3.898906361882291671e-01 2.313437732763913290e-01 1.000000000000000000e+00 3.902747082316078697e-01 2.261450487148888300e-01 3.286190064612189987e-01 5.102685147677135102e-01 7.002418781070608444e-01 3.977416432892548204e-01 7.118531330936563872e-01 4.053949679786443272e-01 1.759610890168857023e-01 4.179694237993781814e-01 4.236460966951279827e-01 6.076292614853640028e-01 6.052890967613558937e-01 5.924603513482596950e-01 9.544466514292337944e-02 2.116715660106612829e-01 4.751656839911388985e-01 6.412233812272574163e-01 4.779622356632540758e-01 3.852909753126108061e-01 2.616540460266135737e-01 4.490787549263615119e-01 7.246385091596362071e-02 5.038300979736997087e-01 3.315230865710678820e-01 3.912507237439504792e-01 3.022307940765703860e-01 4.709856751441980904e-01 2.673217054580671048e-01 5.389664098432567219e-01 2.412062786310599782e-01 3.706546233976692473e-01 2.321846505731539612e-01 6.917971729784829771e-01 3.900516523062882990e-01 1.857207126951739284e-01 3.381337176868299821e-01 5.012499188153745067e-01 6.800090110360840212e-01 4.273022692786946353e-01 6.923250290010584118e-01 4.265186204019224547e-01 1.741500782188486474e-01 3.321409647593225323e-01 3.997822197444839687e-01 5.590528971867743113e-01 5.928477509392946487e-01 5.954538832128775105e-01 9.630138988427042190e-02 2.022171428159089124e-01 4.521180242874067168e-01 5.594917455442584009e-01
4.809833209953602307e-01 2.526377463860692840e-01 5.741763746168114801e-01 3.209420159924870619e-01 1.796435122102088000e-01 4.143780610866721892e-01 4.986045891341929215e-01 4.853316072098827760e-01 1.740145658060535117e-01 3.678401545883860924e-01 4.953913935998944806e-01 4.021674431239596337e-01 2.075373001512906268e-01 5.769799862109468158e-01 1.663699862967100707e-01 3.902747082316078697e-01 1.000000000000000000e+00 5.738693630862339301e-01 7.755617209843022053e-01 4.227366477682453771e-01 4.627694475044908384e-01 2.243518018457716368e-01 5.591368468375698120e-01 2.390615284416658382e-01 9.183682769562494241e-02 5.059296101116877997e-01 5.745884095819149273e-01 3.761106063396728594e-01 4.914488788248390638e-01 6.216776422781150613e-01 1.413472072277915659e-01 2.300311659920249996e-01 2.931548452257893844e-01 4.704345711002844155e-01 4.087671575551133918e-01 2.362210159781825691e-01 4.245822128034117959e-01 2.441465881149313955e-01 5.061951231470841056e-02 3.782159663879072209e-01 3.741079692138264967e-01 3.806524156906880840e-01 1.933690807827684877e-01 3.398238832460463432e-01 3.130227609683373102e-01 3.797245082566646501e-01 1.604389400404895860e-01 4.472731059541008025e-01 1.074098951100554283e-01 4.080151534211179376e-01 4.419937278188799112e-01 4.653090061807509947e-01 5.309421314703181016e-01 4.064354308947091821e-01 4.552610533497308820e-01 2.052011501183934050e-01 4.811625595072027695e-01 2.092568735764087362e-01 6.604850985414881248e-02 3.030636515491348382e-01 3.860337293812600712e-01 2.954326530222434744e-01 4.132920220723786398e-01 3.972860378109273061e-01 8.565080871694975839e-02 2.119250824887883855e-01 2.804039032538752640e-01 3.502920618815125731e-01
3.953529068847124739e-01 -5.289849699230721181e-03 5.729775091894001582e-01 2.394012249315115859e-01 1.561331169344784553e-01 2.658805843798470736e-01 5.211636909971661957e-01 3.965556960953774968e-01 2.112129772553812401e-01 2.251355496055361116e-01 5.221950049900720980e-01 2.918113499262641186e-01 2.880345073225906161e-01 6.088835059496628954e-01 1.447194298697830339e-01 2.261450487148888300e-01 5.738693630862339301e-01 1.000000000000000000e+00 6.702196640829176655e-01 3.284409835604991112e-01 3.265862580322945741e-01 1.252691213533422276e-01 3.010351727632889496e-01 2.057612173922759025e-01 1.043787302499303155e-01 3.677853775432102790e-01 4.933071625061614673e-01 1.830939160641750219e-01 3.921355350700556630e-01 4.122840028265143397e-01 2.326300629025205846e-01 2.112709024474066499e-01 1.789573786508627806e-01 2.739155359472880136e-01 3.389916899710996856e-01 3.666442995182628284e-02 3.739938770535216617e-01 1.622921688562182219e-01 2.587597876726147744e-02 2.612142347646855822e-01 3.497596685395502614e-01 2.865671122278916627e-01 1.929128353163301335e-01 2.034381849624717908e-01 2.880458375828942597e-01 2.904600223146953097e-01 1.995279966905663671e-01 4.418759700898227671e-01 1.278833929606036923e-01 2.395102559550090493e-01 1.810222959705285739e-01 5.265153147970087488e-01 3.748413176337470065e-01 3.007947825258350250e-01 3.406025500099758574e-01 6.708347219075469492e-02 2.558255885301123911e-01 1.396336977746356345e-01 2.230274805750254510e-02 1.541553137993308675e-01 2.601399462379275218e-01 1.111504217538764883e-01 3.098662981953819173e-01 1.913542098697085247e-01 1.182831632711393854e-01 2.218260887847422758e-01 2.111803787712444591e-01 1.801865717458899230e-01
4.880254165858349258e-01 2.005654425074205049e-01 6.598598954469286904e-01 3.216108844441558090e-01 1.930185365113708806e-01 3.987890451838068118e-01 5.976044820504440302e-01 5.142192296845603527e-01 2.740301741435893224e-01 3.775550196257391189e-01 6.097446793139328358e-01 4.157722154191841324e-01 2.974901181623439417e-01 6.513937739109098013e-01 1.937756180968216724e-01 3.286190064612189987e-01 7.755617209843022053e-01 6.702196640829176655e-01 1.000000000000000000e+00 4.483974172612020248e-01 4.333906455441962069e-01 2.464326868094326439e-01 4.818528075586158699e-01 2.985502385715885221e-01 1.748386685124083961e-01 5.362431261584943432e-01 6.230723564755076271e-01 3.392814606437780656e-01 4.728129586143812735e-01 5.907782562448625763e-01 2.349486728745814879e-01 2.429501205611966363e-01 2.935728997348366898e-01 4.379931317832382875e-01 4.222613421860359484e-01 2.083911397572069668e-01 4.708179915538066029e-01 2.510303534005066117e-01 4.592652840252028912e-02 3.759438103329901248e-01 4.375438143098505095e-01 3.860460079007655976e-01 2.630938210600236027e-01 3.474435020403631169e-01 3.868505994592908448e-01 4.023759154640201841e-01 2.272531313572499490e-01 5.025553113361840296e-01 1.527282506443667087e-01 3.632233458427002182e-01 3.584576892218886979e-01 5.559245800313589170e-01 5.655247061759054450e-01 4.429726753035606590e-01 4.299737128194382474e-01 1.922767042117780878e-01 4.073509985895811258e-01 2.449145029631065729e-01 1.203766682425181367e-01 2.981835305226814836e-01 3.967267777219992686e-01 2.531492852709028019e-01 3.937721435895638611e-01 3.470740649652097054e-01 1.530297030752798271e-01 2.432503711418215753e-01 2.907838687626991825e-01 3.247172721277848395e-01
6.025441986232538127e-01 2.786861396937340141e-01 4.765498526511536270e-01 7.875531986734716217e-01 1.498946684522435846e-01 6.729392681185796254e-01 5.937920260381374105e-01 4.892554204025627018e-01 4.398726781026158217e-01 7.185625718334748280e-01 3.742085888682917250e-01 8.862344760200050464e-01 3.710969171553127888e-01 5.466173433897909550e-01 3.156140570950530799e-01 5.102685147677135102e-01 4.227366477682453771e-01 3.284409835604991112e-01 4.483974172612020248e-01 1.000000000000000000e+00 6.930481368588494728e-01 3.333505077881475653e-01 6.262119398552552507e-01 5.595447876891767036e-01 2.471860061262472485e-01 4.206576946692823782e-01 4.380786501274274158e-01 6.539916329263903982e-01 6.431353698062296509e-01 5.165483910546944113e-01 1.921356567601766319e-01 2.329966535067614641e-01 4.870491741543723774e-01 5.665580136525389943e-01 5.881997840033753588e-01 3.119403883498974572e-01 4.107686250964884267e-01 7.026007431496316125e-01 7.247947340543652028e-02 6.621600945768013613e-01 5.613836350810418319e-01 4.713062887822594971e-01 4.800152103722709063e-01 6.739119462911375980e-01 3.750191338670623153e-01 8.597388872220342870e-01 3.706522342624654076e-01 5.749608621889580329e-01 3.204132738970916772e-01 5.708952952413116622e-01 3.387522844536501876e-01 3.768172754352653864e-01 3.882114118404276226e-01 9.049756612457394711e-01 7.019688689497203260e-01 3.812204119539411851e-01 6.269073937036535593e-01 5.587240519462147725e-01 2.191213855857334913e-01 3.684746666334519083e-01 3.940812123488176000e-01 5.698407662274606045e-01 6.174877798913629423e-01 5.183446707735490655e-01 2.199815619982805059e-01 2.801056419120077634e-01 4.502189507085716524e-01 4.915942399316521327e-01
5.966367328231197975e-01 3.255280920857236415e-01 3.986852632768561056e-01 6.336184294602470457e-01 1.781594590515112875e-01 6.249875664771831207e-01 5.070806732629686842e-01 4.867671428272083434e-01 3.337885712475069933e-01 5.732518905596281078e-01 3.367138262541655158e-01 7.160958069084233379e-01 3.187021111535477402e-01 5.150052411231489380e-01 2.920801141913959564e-01 7.002418781070608444e-01 4.627694475044908384e-01 3.265862580322945741e-01 4.333906455441962069e-01 6.930481368588494728e-01 1.000000000000000000e+00 3.201850591713386041e-01 8.487559461763150015e-01 4.477636748021873725e-01 1.888176298822055454e-01 4.032071719368688356e-01 4.465134280352305862e-01 6.510735485195054961e-01 7.583905940064328277e-01 6.649346298246970877e-01 1.576353331258569801e-01 2.509189254899457655e-01 5.359126375867582226e-01 7.074892787601136934e-01 6.316875038884364191e-01 3.176346166176260422e-01 3.276188307312400405e-01 5.180373833803201267e-01 8.064011086887173940e-02 6.065426290452451408e-01 4.498502906441560478e-01 4.702969561010682531e-01 3.736299167787688891e-01 5.374021887876506698e-01 3.109201984805831098e-01 6.890534101928320609e-01 3.337713126024468013e-01 5.215763107061957005e-01 2.639236258904822385e-01 7.048836320149334256e-01 3.783789742653796973e-01 2.930127068516414912e-01 3.537388726926927740e-01 6.622710255866675055e-01 9.178406441727433585e-01 3.686831159201228725e-01 7.986981734770136621e-01 4.532145981153137271e-01 1.556711831785893008e-01 3.376280066819423165e-01 3.854080172588275066e-01 5.471931244095668001e-01 7.252460203061847910e-01 6.370310024030367835e-01 1.117188978479800726e-01 2.657301842652339263e-01 5.096802582578894292e-01 5.935200637949384905e-01
2.335829028196699519e-01 4.757220698950735960e-01 3.813331643070200228e-01 2.947047654877503198e-01 1.405638733652856409e-01 3.023173721151814486e-01 4.162551565604749038e-01 3.652850233735719931e-01 4.138097922265975281e-01 3.638827188148968661e-01 3.810752956561121452e-01 3.438577228027719923e-01 2.474357099878592980e-01 3.393231228206188832e-01 2.544962747494475264e-01 3.977416432892548204e-01 2.243518018457716368e-01 1.252691213533422276e-01 2.464326868094326439e-01 3.333505077881475653e-01 3.201850591713386041e-01 1.000000000000000000e+00 3.753494516066156472e-01 5.537183253542046213e-01 4.461233992430340689e-01 5.507199257682013904e-01 5.395671794580590985e-01 3.942712118182418735e-01 2.854434116282474898e-01 4.284442957215578440e-01 2.511905200929540616e-01 1.506038894441119602e-01 3.886538555975462828e-01 4.632433732219681244e-01 2.749996899327764588e-01 4.462578069073224185e-01 4.231366426269341785e-01 3.419649173868071212e-01 8.675140495714835087e-02 2.811071711870841705e-01 4.308419311950398289e-01 2.875070233736388148e-01 4.477134883981593316e-01 3.669310413569703555e-01 3.819500587380879608e-01 3.372214061697844656e-01 2.906136163963614072e-01 3.536130033668896111e-01 2.348309154181351388e-01 3.601862965043851061e-01 2.789198740212830430e-01 2.291395621898383861e-01 3.822457624927764752e-01 3.874296458138739574e-01 3.200406694781641193e-01 5.695187552963409949e-01 3.858552254018597361e-01 5.631021448400989060e-01 4.320214168782599562e-01 4.780279830549867826e-01 5.753386973470175914e-01 3.889812588796864312e-01 3.284841047557536808e-01 4.231320462459954856e-01 3.078139962309033861e-01 1.865675254826334450e-01 3.563059677933811398e-01 4.167008644837238429e-01
5.217791900046012676e-01 4.675529325623343779e-01 3.860421699709773447e-01 6.214988773351037832e-01 1.886235603435573449e-01 6.318198253862307157e-01 4.504592329011800067e-01 5.292047751312252135e-01 2.457782453576107529e-01 6.035765783393353123e-01 3.776790727695905625e-01 6.683037995665603859e-01 2.461252604238506614e-01 4.607892795076941050e-01 2.641965237919800535e-01 7.118531330936563872e-01 5.591368468375698120e-01 3.010351727632889496e-01 4.818528075586158699e-01 6.262119398552552507e-01 8.487559461763150015e-01 3.753494516066156472e-01 1.000000000000000000e+00 3.911694038880665358e-01 1.572985442105844789e-01 5.053447771019937695e-01 5.067411418218918939e-01 7.253539880871402445e-01 6.752503571051522435e-01 7.380388734319105470e-01 1.323675132951543931e-01 2.243249996182506978e-01 5.321945326382819808e-01 7.448283251683691653e-01 5.434738987718393810e-01 4.442667097637900131e-01 3.364815726141106023e-01 5.378544372000164664e-01 7.874811217100877170e-02 6.042193104969671991e-01 3.912327614698336564e-01 4.754716136286011308e-01 3.048030257995638648e-01 5.839602762795048640e-01 3.351708676146963883e-01 6.486659113557188272e-01 2.525027097027907064e-01 4.452516334294413514e-01 2.397433157110269997e-01 7.036714539749966413e-01 5.215943481456779551e-01 2.866499783076902341e-01 4.618981214402361202e-01 6.170683212313328170e-01 8.006497465584090367e-01 4.348248594406713963e-01 8.630627638773497035e-01 4.148137051958436516e-01 1.648179759932204280e-01 4.343580860299596780e-01 4.717923764579970425e-01 6.393996154926447906e-01 6.431218857548306467e-01 7.125045023599477778e-01 1.033257611904486589e-01 2.212970307852529239e-01 4.890988180939959129e-01 6.458454641211438529e-01
