1.000000000000000000e+00,2.456853708302974282e-01,3.739420858131950465e-01,4.323165176142788613e-01,1.979052134458758258e-02,2.707071556904602216e-01,3.134831131830856932e-01,4.078036902805500796e-01,3.100580277154741868e-02,3.657835859873356799e-02,1.225060945718835642e-01,3.529119884125883622e-01,2.004280648180781776e-01,3.952817294599522135e-01,-5.076379928500986821e-03,2.771498284307052362e-01,7.061044408884221690e-01,5.514537697640569530e-02,6.421650895376173063e-01,3.767125256699864755e-01,3.971812738664736719e-01,1.561096720784888314e-01,4.688289558839152660e-01,3.879625539284468072e-01,1.254607580800064792e-01,2.313782422422975549e-01,4.810357863843149340e-01,3.155965297535618386e-01,6.152541868200385178e-01,5.233532074810374191e-01,3.092269257771000923e-01,9.896503389737941470e-02,1.896101470523948451e-01,2.980654399528863685e-01,6.893672675635341696e-01,3.502746778324903332e-01,2.346265518816997853e-01,3.788289136321338901e-01,3.739850772913767135e-02,1.674658320365259856e-01,2.517876104983519103e-01,2.820408726794152443e-01,-2.950462901559831527e-02,7.340848500825448986e-02,6.715613582860413544e-02,3.262473440950919845e-01,4.366926650082739864e-02,2.947241217321694973e-01,-2.761352669324446119e-02,3.144171475955894191e-01,4.254910707495785926e-01,-6.573677417729240080e-02,5.806166801453662707e-01,3.427365128006206740e-01,4.237132450227403813e-01,1.682738199642664911e-01,4.360159022142565122e-01,3.066529357727644234e-01,1.211216255522891416e-01,5.251468345106491409e-02,4.587433020176994170e-01,2.897875360333253547e-01,4.413197967618578410e-01,4.172364030887404374e-01,9.111827429868640804e-02,6.891581072064595359e-02,1.182093746463539763e-01,3.320631319645215296e-01
2.456853708302974282e-01,1.000000000000000000e+00,1.890315531603136423e-01,3.521707958738724553e-01,3.180201677637758267e-02,1.858256931233790432e-01,1.167421987361770691e-01,1.803592113660988372e-01,1.045694950808852691e-01,1.675984033174457155e-01,2.086560039672587241e-01,3.129389067610262587e-01,-4.514112690712124287e-02,-2.321506213186418088e-02,7.552250758999171087e-02,2.398711560012976862e-01,2.883026595548803250e-01,-6.170111210004231017e-02,1.454708441493362536e-01,3.157537028539363355e-01,3.293292669052533261e-01,2.727105898170102960e-01,4.010855607742986328e-01,3.038650584234546814e-01,1.786152613733253403e-01,3.456189831925600697e-01,2.743068901951185024e-01,3.426654612157056246e-01,2.388695378438038808e-01,3.912514910015950087e-01,-7.292847306353712755e-02,1.257708328885434775e-02,2.045222467658762144e-01,4.497790766967250109e-01,1.224857507757991376e-01,4.510926459943744304e-01,1.493427351119821500e-01,3.419285142042632897e-01,5.489311185782311253e-02,1.141791846883165734e-01,1.280522994519712743e-01,9.294156493986181766e-02,1.290996468365910588e-01,9.648236520687615558e-02,2.419056415822462558e-01,2.910222537648955998e-01,-1.030732567727723516e-02,-4.294776288420668053e-02,5.952299839429435468e-02,2.180174510404385424e-01,2.923842842578816548e-01,-1.656785769740268810e-01,1.984573606358873143e-01,3.035026916473932967e-01,3.171018688747802572e-01,3.515216271824051497e-01,3.689670298686316685e-01,3.356473074945585666e-01,8.480461377417319868e-02,2.292843744162160469e-01,2.772913142733953173e-01,2.606241426537898032e-01,2.372431453802301693e-01,3.083269747037571951e-01,-1.723315679166129988e-01,-2.576844650779686399e-02,1.775206799328570284e-01,3.549360504269570282e-01
3.739420858131950465e-01,1.890315531603136423e-01,1.000000000000000000e+00,2.451651451270948079e-01,9.237740908734302925e-02,5.267481975555688978e-01,8.448237416129569244e-01,7.038517768304186628e-01,2.411580106211181906e-01,3.159007816412962577e-01,5.146526406481588545e-01,3.176400584770684432e-01,2.634554542720115022e-01,5.453863870726249896e-01,8.937354611553298411e-02,2.651530088281680020e-01,6.321364187078957197e-01,5.203843480370399233e-01,4.746094639372493429e-01,2.414571830335141001e-01,3.403653787620847249e-01,3.306834861632590994e-01,4.422836420419020698e-01,4.105082983529992346e-01,-7.408984518469123072e-03,7.385240798895447156e-01,5.107431018625683272e-01,4.302446742712493499e-01,3.041825435920227916e-01,5.629483548247532498e-01,3.366404902364619062e-02,1.350882061945671009e-01,2.102808732580386530e-01,2.480472244597774767e-01,3.556458933641444276e-01,1.731530557849893515e-01,6.335766131156409520e-01,2.119420586204883439e-01,1.858524124141781031e-01,3.772853456104524605e-01,6.091983007516752480e-01,4.968742713999787508e-01,2.229502890227175183e-01,3.758262191268474384e-01,3.652803814372074798e-01,3.738350434461825689e-01,1.473498531462486549e-01,4.542918398941949154e-01,1.351590904861728892e-01,3.366344340484471731e-01,4.715934304881623795e-01,3.875884525351006582e-01,3.771920255168125791e-01,2.668577037614804914e-01,3.691639530976248973e-01,2.918055508252223040e-01,4.237422823024423191e-01,3.620584470471120975e-01,5.990578536596598280e-02,4.443362322324148073e-01,4.417866274622410661e-01,3.945553491015816872e-01,3.546934935921893794e-01,4.329632111017630569e-01,2.539663142814578903e-02,-8.341299827235264600e-03,1.592079935158178527e-01,2.825077245681852922e-01
4.323165176142788613e-01,3.521707958738724553e-01,2.451651451270948079e-01,1.000000000000000000e+00,-3.655321436966908755e-02,2.444903498890811655e-01,1.558883550283569341e-01,1.910238111976006736e-01,1.398465761653867045e-01,1.269915178085632423e-01,8.799708753653785742e-02,7.783851437880300317e-01,6.163369050573089258e-02,2.924954916854154152e-02,7.495132226459147451e-02,3.758476631922167965e-01,3.334282008055984847e-01,-1.267741350849344029e-01,2.081083053465458965e-01,6.957735709520206369e-01,5.133941817271486796e-01,1.978941926040275190e-01,5.868362137671127021e-01,4.463013871702114499e-01,1.084121151410715050e-01,2.755294745548070301e-01,2.635665480537584537e-01,4.734356300327798861e-01,3.869664775345132424e-01,4.028647845742492906e-01,1.495536581337595164e-02,-4.562680872962040710e-03,2.824742110148864005e-01,4.346450787464615773e-01,2.474843124565836439e-01,3.746133820931526470e-01,1.464729733921424637e-01,8.705923196054243807e-01,4.550009361077513720e-02,1.822533865139448206e-01,1.450502394752341273e-01,7.104374446637697071e-02,1.643973583154609563e-01,7.867229985834256478e-02,1.188991910682645758e-01,6.777999412284765324e-01,1.446438566418104454e-03,-3.624308932356363339e-02,6.302752689842068545e-02,3.773730233631215625e-01,2.711335048721781882e-01,-1.829054846319358163e-01,1.800664524923158427e-01,6.071731154272322906e-01,5.048103616049087750e-01,3.116776544968029028e-01,5.142123883941509543e-01,4.498105505622381206e-01,4.699338695426506091e-02,1.485140140183421886e-01,2.449688027916138711e-01,3.465790737945451117e-01,2.979283151691261011e-01,3.100563828360321517e-01,-1.155285407021482136e-01,-2.662092918216365026e-02,2.175893060199111384e-01,3.670717012952198766e-01
1.979052134458758258e-02,3.180201677637758267e-02,9.237740908734302925e-02,-3.655321436966908755e-02,1.000000000000000000e+00,1.438573162436435071e-01,1.267629848303728768e-01,1.630848456597656926e-01,4.235019807286930643e-02,4.367505579668150978e-02,1.546002188842410530e-01,2.078126979098436980e-02,9.507157960383369466e-02,2.031110069249781602e-01,8.634093202705690751e-02,-4.260912305093308636e-03,1.356823922743209954e-01,1.827377010642680100e-01,1.527832533950310712e-01,-9.031352979777173759e-03,6.913192796579223885e-03,6.293631854192419106e-02,5.244682455947302646e-02,-4.006833149473946337e-02,9.168330234504766529e-02,7.132304111498775911e-02,1.395005114093698373e-01,5.702791846941226593e-04,7.251577820216721648e-02,4.705236838339104527e-02,3.451110925841283789e-02,1.437438318923656977e-01,2.393423892006173517e-02,4.498878440210389573e-02,1.019697349601105946e-01,7.677472957712540291e-02,9.380583910286560689e-02,-1.181930670251861784e-02,1.463287335468317907e-01,1.386764304016303573e-01,9.113951581320123285e-02,1.297065125402139529e-01,5.802800395885230299e-03,1.307085162327108474e-01,1.207692010591727150e-01,7.348763412465099398e-02,7.168306213787485615e-02,1.652278492830193957e-01,4.576033090042563867e-02,9.071726621200480603e-04,7.721965945628760097e-02,1.042190954451252122e-01,1.445157334100130309e-01,4.881192172377934319e-02,2.809346816894939258e-02,2.345214830891725541e-02,4.442165691988201465e-02,-2.491729737072860204e-02,7.883021051877031615e-02,3.370345974975720582e-02,1.201324466651178674e-01,1.716883265049726562e-02,4.510518665973158037e-02,3.107866630692872334e-02,3.067368403583258657e-02,9.693277470661353090e-02,1.109442539789817772e-02,5.839614016665656965e-02
2.707071556904602216e-01,1.858256931233790432e-01,5.267481975555688978e-01,2.444903498890811655e-01,1.438573162436435071e-01,1.000000000000000000e+00,5.298974919428047770e-01,5.562050925341031071e-01,1.929690725911775706e-01,5.373932498352924636e-01,2.259862854111480135e-01,4.192095461537722612e-01,1.360569461559012761e-01,1.936532038993440952e-01,1.832712326943986003e-01,2.548889224191608904e-01,3.549523223896691726e-01,1.200064219744071820e-01,2.279655450968601782e-01,1.502104695874363072e-01,2.686476667138421037e-01,1.406822948968381448e-01,4.418648958040749530e-01,2.942879326373951665e-01,-3.877398707412949702e-02,2.905048166816094346e-01,2.221175860585479500e-01,5.797820316178686761e-01,1.813062387425937172e-01,3.756183088400495418e-01,3.220109616892585791e-02,1.343458486746381964e-01,1.386665417100119146e-01,2.533128754749082723e-01,2.278434115664523252e-01,1.706230264392903651e-01,4.325175028384665721e-01,2.112876958369610536e-01,1.913230587008722949e-01,7.582143798997366124e-01,4.360661622610925714e-01,5.379276839510277464e-01,1.965906795576597699e-01,6.123493794817581604e-01,2.221207118508555234e-01,4.536183443005186722e-01,1.245252278777470578e-01,1.974309893131076243e-01,2.162138030510694919e-01,3.061053842351122989e-01,3.816535541068287740e-01,1.074895778090474430e-01,2.012175344374924624e-01,1.883415819650957057e-01,3.450048096946906062e-01,2.627583143096769991e-01,4.506575482930011423e-01,3.457757761465459767e-01,2.639618464120273636e-02,2.069326306033927587e-01,2.355863560026157932e-01,5.727632650956551164e-01,2.001249098227459444e-01,3.962258621701108541e-01,2.988203590332398629e-02,2.016077099454515256e-02,6.203495339271275499e-02,2.884807924081705388e-01
3.134831131830856932e-01,1.167421987361770691e-01,8.448237416129569244e-01,1.558883550283569341e-01,1.267629848303728768e-01,5.298974919428047770e-01,1.000000000000000000e+00,6.591168622398575483e-01,3.255987409711103564e-01,2.788513853371077378e-01,5.146842073600464973e-01,3.007348586388365885e-01,3.260041764011474830e-01,6.478267043712722106e-01,1.457497288848623729e-01,2.253356336486150302e-01,5.254517697203066051e-01,5.918504863186397902e-01,4.379503545111596008e-01,1.633087469656843704e-01,2.605448990694087530e-01,3.782359194456578755e-01,3.551784905099016898e-01,4.870257275455884827e-01,5.488024702919627046e-02,6.904319556355685839e-01,5.492431639400773280e-01,3.653120473709859373e-01,2.207414970738359461e-01,4.942649737163654633e-01,9.373062412478824768e-02,1.684784447813042485e-01,1.756856592981183296e-01,1.500551100027036344e-01,3.592270490431423435e-01,1.075835593358699521e-01,6.115239672688264072e-01,1.626495261684325622e-01,2.078667261990499449e-01,4.411160606201886547e-01,6.863072465692654500e-01,5.282771076612077232e-01,3.193957258291295065e-01,3.981306144662910551e-01,3.441657217382962375e-01,3.864901441186681663e-01,2.456027633345999883e-01,5.612388138912506319e-01,1.862331047013202068e-01,2.990672489381039356e-01,3.878010968545605452e-01,4.894206582206671041e-01,3.635934529175841035e-01,2.083751474663131098e-01,3.150328458699311884e-01,2.975685730781882365e-01,3.564590998338947880e-01,4.232937916012586288e-01,1.393211129783950841e-01,4.361308931566784675e-01,4.714461960635421001e-01,3.581812117332396350e-01,3.012393693021658825e-01,3.747922992822607102e-01,1.300371250562158409e-01,6.381092226676669289e-03,1.218378224515854757e-01,1.966671599945153670e-01
4.078036902805500796e-01,1.803592113660988372e-01,7.038517768304186628e-01,1.910238111976006736e-01,1.630848456597656926e-01,5.562050925341031071e-01,6.591168622398575483e-01,1.000000000000000000e+00,4.065649558800984303e-02,1.869154237997638912e-01,3.903657092226970327e-01,2.343834854308715354e-01,1.458412268091059394e-01,5.309362509354148552e-01,9.400800653119047168e-02,2.436222877357453742e-01,5.746678055185716616e-01,3.907367841047814094e-01,4.930789515957670899e-01,1.115809562635676766e-01,2.754878310712989276e-01,1.850447138857616025e-01,4.179760985311594679e-01,1.844537222121233888e-01,-1.164718373730419532e-01,4.746074439154659430e-01,3.455023045003358662e-01,4.607911460442861706e-01,2.651822012388334593e-01,6.009145224997978207e-01,6.905912223876616018e-02,1.796613211022122791e-01,1.629152746047245748e-01,2.659298249563697980e-01,4.047219157918512389e-01,1.794678594038728314e-01,5.728817311845219029e-01,1.809584742360496878e-01,2.117389915653526133e-01,4.744605670144259046e-01,5.466632407015611372e-01,6.375733900792833753e-01,3.619577598191701939e-02,3.461449809051849180e-01,3.428654567363290107e-01,3.518860393345596971e-01,2.570651699297781326e-02,4.530398336446609941e-01,1.492344198837181890e-01,2.857888560153239443e-01,5.304262301538771318e-01,2.459294396919467496e-01,4.460742757344409171e-01,1.391709546438227862e-01,3.273919796843117735e-01,2.357281175721246957e-01,4.203506986045713600e-01,2.016076521974531632e-01,-5.245481054881886984e-02,3.394005622413416856e-01,3.600912568333077823e-01,4.800292354620735447e-01,2.800159627788898487e-01,5.284500397386462378e-01,-5.209088758901062738e-02,2.776989998905372153e-02,7.758687561713049907e-02,3.213594653670300283e-01
3.100580277154741868e-02,1.045694950808852691e-01,2.411580106211181906e-01,1.398465761653867045e-01,4.235019807286930643e-02,1.929690725911775706e-01,3.255987409711103564e-01,4.065649558800984303e-02,1.000000000000000000e+00,2.021266572275177698e-01,2.423062549997962445e-01,1.820540770566831390e-01,4.416315987619492955e-01,1.565258856028710899e-01,2.553826289769361435e-01,4.672883045171096622e-02,8.534866210482335014e-02,1.647675053812518997e-01,7.019541970752855853e-02,1.842196860256015145e-01,9.806520812948407717e-02,3.180936154474827138e-01,8.375139339102370684e-02,5.674556419630112369e-01,3.200355071704881760e-01,2.874825112081280665e-01,2.583912601996759539e-01,-6.437303716798511988e-02,1.959033260618620875e-01,-4.120232554948958376e-02,-1.848403950196626441e-02,1.001881324544170448e-01,1.603642672807356617e-01,7.751597597365092462e-02,-3.010570850105964355e-02,1.489911060601693468e-02,-4.275240473475695052e-02,8.350008339662537415e-02,1.517215213394440543e-02,1.366263541510046378e-02,2.901131863682959028e-02,-6.543782051807860156e-02,5.477748722072190990e-01,8.553191138807597627e-02,1.882172995087703915e-02,1.034019352248218976e-01,3.749188762979250300e-01,6.845118621401709291e-02,1.341775013481975865e-01,1.012549936113485705e-01,-1.368799543922701034e-01,9.629515733549801060e-02,-9.769231819005365358e-02,1.769735301436483610e-01,1.046367097019036824e-01,1.482367747894243193e-01,1.635094768170461746e-02,3.593098497778164369e-01,3.181789281205329445e-01,1.953337144520526925e-02,8.064661975118379844e-02,-1.345882496884058532e-01,2.053253375880064180e-01,-1.576716554807902071e-01,1.331553628719282789e-01,7.586316859428614279e-02,1.642113971463488864e-01,4.536261073279040240e-02
3.657835859873356799e-02,1.675984033174457155e-01,3.159007816412962577e-01,1.269915178085632423e-01,4.367505579668150978e-02,5.373932498352924636e-01,2.788513853371077378e-01,1.869154237997638912e-01,2.021266572275177698e-01,1.000000000000000000e+00,1.236668255813154066e-01,2.510370747300763039e-01,1.676793715956607922e-01,1.058734545942826288e-01,1.096436167702193876e-01,1.865267669918851956e-01,1.912982933678559483e-01,1.007034610638752187e-01,1.276708306825081185e-01,3.100538009735542277e-01,2.902209665723418652e-01,1.409733937499458023e-01,2.922263076905041723e-01,1.872097765480716658e-01,1.039827925368931039e-01,2.305804264537638648e-01,2.403777331021915153e-01,2.137397123766499596e-01,1.581567554817769061e-01,9.003943849801505916e-02,-3.212027687195190273e-02,1.221666581151739234e-01,1.375592999706747588e-01,1.477219097044860374e-01,7.966970621060494306e-02,5.769422911134116511e-02,2.228992139836979136e-01,1.348436003955000573e-01,1.201451604438059512e-01,3.215067287625563153e-01,1.873153548674678648e-01,2.675446503282556399e-01,2.092237817700610958e-01,7.380848530537440499e-01,6.463953729678603710e-02,2.097671481906318025e-01,2.262621434920730479e-01,1.529826956520546621e-01,7.259250186219516621e-02,2.018437587819861823e-01,1.220984364957863194e-01,1.084655682885957845e-01,5.596726907607221108e-02,3.506336649644520853e-01,3.177886778722489591e-01,1.434456412175616202e-01,2.486880034860033395e-01,1.677598018477172992e-01,9.926915162123448044e-02,1.448394872444102588e-01,1.897864902111411345e-01,2.028268904401245576e-01,1.759311052655632701e-01,8.420617321305721992e-02,2.152925468075807813e-01,3.970903317024159634e-02,9.690440231487383593e-02,1.161551045295218104e-01
1.225060945718835642e-01,2.086560039672587241e-01,5.146526406481588545e-01,8.799708753653785742e-02,1.546002188842410530e-01,2.259862854111480135e-01,5.146842073600464973e-01,3.903657092226970327e-01,2.423062549997962445e-01,1.236668255813154066e-01,1.000000000000000000e+00,1.307000818462587255e-01,2.654046787258415030e-01,4.626927991364119253e-01,1.210354792822823378e-01,5.625314278888809971e-02,4.160202571965547214e-01,5.697312919538749520e-01,3.726906319843761306e-01,1.565055693521041902e-01,1.801127584241389301e-01,3.851093666148066585e-01,2.095382337698864228e-01,2.153892207363239664e-01,2.547746827875189690e-01,6.425918405234936071e-01,4.784375178222919911e-01,9.442609025069259587e-02,2.243183687805140880e-01,3.208716679302450747e-01,6.055815991687844152e-02,1.902755981240485672e-01,2.229655134920107140e-01,2.213709215403813213e-01,1.447938410599510783e-01,1.900063147382649587e-01,3.411168168035988990e-01,1.030756372430516876e-01,1.811099198316299119e-01,1.557134524690000632e-01,3.384422161899576231e-01,1.651025630852319404e-01,1.871938872283336330e-01,2.033577953974987640e-01,4.629577718706052725e-01,2.065985532971809091e-01,1.777750774539711698e-01,3.288280696513127821e-01,1.076143563744741127e-01,9.708471811590624334e-02,2.736483686005173332e-01,3.372160130541205780e-01,2.866941984623921913e-01,1.669528989230232296e-01,1.492722276281567562e-01,2.641368282614248164e-01,2.010133244331006597e-01,1.697830245585432718e-01,1.874178051862492589e-01,3.405257567456508871e-01,3.651260365995591672e-01,9.450718973184576988e-02,2.401203178309616604e-01,1.888865889995793301e-01,-6.232543556003630053e-02,4.020757546954913109e-02,1.584332615876975769e-01,1.984217470172899012e-01
3.529119884125883622e-01,3.129389067610262587e-01,3.176400584770684432e-01,7.783851437880300317e-01,2.078126979098436980e-02,4.192095461537722612e-01,3.007348586388365885e-01,2.343834854308715354e-01,1.820540770566831390e-01,2.510370747300763039e-01,1.307000818462587255e-01,1.000000000000000000e+00,5.424723365183480722e-02,3.755503200103506994e-02,1.154720858906482378e-01,3.425373850705631940e-01,3.109293377217859367e-01,-6.638813455515961415e-02,1.816904633724566454e-01,6.551492839138839397e-01,4.329987791561056287e-01,1.985540190093597057e-01,5.162609115530444326e-01,4.637860489429629918e-01,7.335905545079920986e-02,3.072513441891061015e-01,2.290296906642852182e-01,5.180023435811366150e-01,2.835744862359467766e-01,4.062153928048472529e-01,9.112986013766134069e-03,9.773369125455599535e-03,2.380255075025944633e-01,3.813832305293098357e-01,2.415789147075903809e-01,3.492724665569386100e-01,2.594541499870482992e-01,7.558859986888138982e-01,8.541413676689706136e-02,3.159136184725522822e-01,2.744980250678126787e-01,1.653450219621577233e-01,2.078090169906108009e-01,1.946001309447901173e-01,1.686471630080718653e-01,7.309348535526877244e-01,3.964687833382455479e-02,2.485552434467672850e-02,1.217315200616694848e-01,3.348575263713527428e-01,3.171455487137854745e-01,-4.449845017297145155e-02,2.041477748026302996e-01,5.978818976412162423e-01,4.422920570387766093e-01,3.385191669480038801e-01,4.763096441846462747e-01,4.790790928246536073e-01,4.845704915060804890e-02,2.195341398807400812e-01,2.464527098146886419e-01,3.911428613292075029e-01,2.777646229404740486e-01,3.332648513957943703e-01,-9.826922354433208218e-02,-5.247651542667759739e-02,1.932748443070505806e-01,3.407470106707564117e-01
2.004280648180781776e-01,-4.514112690712124287e-02,2.634554542720115022e-01,6.163369050573089258e-02,9.507157960383369466e-02,1.360569461559012761e-01,3.260041764011474830e-01,1.458412268091059394e-01,4.416315987619492955e-01,1.676793715956607922e-01,2.654046787258415030e-01,5.424723365183480722e-02,1.000000000000000000e+00,4.737869171018754821e-01,2.021058974727734658e-01,7.056973496127041945e-02,2.279317029224064151e-01,3.792092276641693127e-01,3.683885228664154909e-01,1.464036299140180075e-01,1.507810939586859134e-01,2.342655159311922697e-01,1.067356191092805884e-01,3.250547228650128018e-01,3.491176909009339191e-01,1.594045581184129479e-01,4.444764685001751370e-01,-1.654826568572725087e-01,3.441574965439615497e-01,-1.080891226917775200e-01,2.260420110110608061e-01,2.113091110849881493e-01,1.302633385154461920e-01,-1.536393860271486646e-02,2.167022387089737046e-01,-5.592834675967276598e-02,-9.420878827499261365e-02,5.779288267583200002e-03,4.061756091781777017e-02,5.414633552411460618e-03,-6.246495679964222947e-02,2.150094037174479084e-02,2.465646210219085144e-01,1.014030426397432016e-01,-1.086691986001792898e-01,2.031605519734376239e-02,4.615601584538612800e-01,2.561967285174721609e-01,2.979370206376077274e-02,1.200504572292073607e-01,-1.725516408408571400e-01,1.407979375034338620e-01,5.857189819544671161e-02,1.276211895694397969e-01,1.670559022606124266e-01,-9.480506431698203229e-02,3.367823195577536455e-02,7.596828581860241847e-02,3.742580787145504684e-01,-1.961467761901241058e-01,1.587601674957621056e-01,-1.739018471241072783e-01,2.751843871103528683e-01,-2.201158082801986937e-01,3.575367305135996321e-01,2.034478566495978025e-01,1.208627246228932001e-01,-3.748421574722454047e-02
3.952817294599522135e-01,-2.321506213186418088e-02,5.453863870726249896e-01,2.924954916854154152e-02,2.031110069249781602e-01,1.936532038993440952e-01,6.478267043712722106e-01,5.309362509354148552e-01,1.565258856028710899e-01,1.058734545942826288e-01,4.626927991364119253e-01,3.755503200103506994e-02,4.737869171018754821e-01,1.000000000000000000e+00,5.237263978136811465e-02,1.174487725007820615e-01,5.626847351792829688e-01,7.975881411381112729e-01,7.206814093388720366e-01,1.598971750360577704e-01,2.146156998876748712e-01,2.848956278586642354e-01,2.273080773429211332e-01,1.273433943156995485e-01,1.916786810470782199e-01,3.865879171676777637e-01,7.415501607304391118e-01,-4.822342051128398338e-02,3.999977746688671565e-01,2.255677687533134967e-01,3.078556629928819732e-01,3.104835693044913358e-01,1.504318704194783085e-01,1.692621854175690305e-02,5.555265752813638436e-01,8.452278374640890060e-03,3.060770695294685595e-01,2.388855209461653722e-02,1.818216767008463963e-01,1.712975763399867124e-01,3.209584727285805239e-01,3.677382345734978020e-01,7.346327029312714474e-02,2.596537658013058913e-01,9.104134599660315685e-02,1.783135514390809806e-01,3.479428942358205323e-01,7.534303292193667012e-01,-1.975397882593965884e-02,1.892595402838568031e-01,1.419073509574521608e-01,4.396078648303693437e-01,4.653840909775471268e-01,1.752480875339161304e-01,2.477891570505234842e-01,-8.207221092972387388e-03,1.823264730626581176e-01,5.645578396179128620e-03,2.531709443138113746e-01,7.705249203901108623e-02,5.366645605249846795e-01,6.288648324576458573e-03,3.019290865699365001e-01,9.789291158573008855e-02,4.357647177212521927e-01,1.610056646838497196e-01,7.648948551788634087e-02,8.884433730211446171e-04
-5.076379928500986821e-03,7.552250758999171087e-02,8.937354611553298411e-02,7.495132226459147451e-02,8.634093202705690751e-02,1.832712326943986003e-01,1.457497288848623729e-01,9.400800653119047168e-02,2.553826289769361435e-01,1.096436167702193876e-01,1.210354792822823378e-01,1.154720858906482378e-01,2.021058974727734658e-01,5.237263978136811465e-02,1.000000000000000000e+00,1.479484813201330240e-02,-1.029937040261810072e-02,2.525414034862278473e-02,2.149940848168751736e-02,8.973775617401233418e-02,-5.222435038001396398e-03,9.028681186536037517e-02,-1.424244577391862825e-02,2.632374759594326985e-01,1.437059693041502495e-01,1.014339357685168364e-01,2.687512409998857321e-02,-1.672206999227304064e-02,6.949769207719608266e-02,-3.815675674430404896e-02,-1.000863557184259768e-02,7.963543846729835562e-02,5.026800064675013280e-02,3.545686418977581772e-02,-9.795494230262495605e-02,-8.669577491490951596e-03,-3.899706030360058223e-02,5.387454132058408507e-02,2.976797421465580615e-02,7.768089838999751862e-02,3.939262419932768045e-02,1.890643531999515806e-02,1.786949092954334684e-01,7.127038642594867024e-02,4.171414782558912487e-02,8.377028145371398504e-02,1.874092210457135033e-01,-7.433388658767157769e-04,2.089230536529603777e-01,-2.022934480916706735e-03,-6.557837887713421909e-02,1.599225622348880715e-02,-7.928175525549331637e-02,8.762365179001942173e-02,-2.512312553186583398e-03,1.769906066533602973e-03,-5.957334352460837840e-02,1.749775072295451928e-01,1.348397429639928424e-01,-1.315958178583543671e-02,-2.774380872227689976e-02,-7.322737254207055402e-02,1.535801715292250957e-02,-1.008184543418566975e-01,2.155141940784268892e-02,3.042111258763477780e-02,4.402899767792431418e-02,2.186952264743034779e-02
2.771498284307052362e-01,2.398711560012976862e-01,2.651530088281680020e-01,3.758476631922167965e-01,-4.260912305093308636e-03,2.548889224191608904e-01,2.253356336486150302e-01,2.436222877357453742e-01,4.672883045171096622e-02,1.865267669918851956e-01,5.625314278888809971e-02,3.425373850705631940e-01,7.056973496127041945e-02,1.174487725007820615e-01,1.479484813201330240e-02,1.000000000000000000e+00,2.492868685889480240e-01,6.069849078891504865e-03,1.363784379838938188e-01,2.612390255849526000e-01,6.445837595486006988e-01,2.100244877367367924e-01,6.401110788496284787e-01,2.385201686603655169e-01,1.857153527739488497e-02,1.975687419373577114e-01,2.641663949499494790e-01,4.779763627632223066e-01,3.685884892820135983e-01,4.121063678881222159e-01,-2.686154915517048603e-02,6.935538291682968870e-02,3.923622394509181377e-01,4.587157922496170048e-01,2.498933267425375859e-01,2.044258176394998239e-01,2.657848476595766618e-01,3.719562091747358190e-01,8.086556715798112749e-02,2.756743215974225558e-01,2.331642618089919683e-01,2.648251270795704548e-01,1.397039823329972175e-01,2.353549187122609132e-01,1.894003056026579701e-01,3.711848190583360574e-01,5.379865137335956837e-02,1.502280404445175688e-01,4.009067420490288608e-02,6.900975382920511159e-01,2.838387845098593321e-01,2.134163310050440215e-02,1.767168029246336536e-01,2.539589939144893949e-01,6.283669412759866901e-01,3.957728633843704547e-01,5.602045894975102858e-01,3.035015308771867870e-01,2.018338277937847119e-02,2.032360517631983943e-01,2.653566156365469442e-01,4.164986272840580650e-01,4.363088644401740823e-01,4.021656524037052760e-01,-5.811570629945609842e-03,1.688939425523975149e-02,2.989000863846235090e-01,3.922906070566867798e-01
7.061044408884221690e-01,2.883026595548803250e-01,6.321364187078957197e-01,3.334282008055984847e-01,1.356823922743209954e-01,3.549523223896691726e-01,5.254517697203066051e-01,5.746678055185716616e-01,8.534866210482335014e-02,1.912982933678559483e-01,4.160202571965547214e-01,3.109293377217859367e-01,2.279317029224064151e-01,5.626847351792829688e-01,-1.029937040261810072e-02,2.492868685889480240e-01,1.000000000000000000e+00,3.630256984636794360e-01,7.799976939669104326e-01,3.664391667979607914e-01,4.022535831758111136e-01,2.744831202744338894e-01,4.979167009365349506e-01,2.922058635072727339e-01,1.107736974327346718e-01,5.097440193471189929e-01,6.512228978184148032e-01,3.018743005840838212e-01,5.262745153405388177e-01,5.951607804673353375e-01,2.472579027675593510e-01,1.549204851622607015e-01,2.111964200274755732e-01,3.330908585843410097e-01,6.247408016766826666e-01,3.400641915120347636e-01,4.255169547864365853e-01,3.019749136213080165e-01,1.215071549677426282e-01,2.184412999503909381e-01,3.836285983067085903e-01,3.963804896026110192e-01,-8.492225007467867418e-03,2.285607004507329565e-01,2.524298558674869519e-01,3.393389084165232550e-01,8.213459674483297723e-02,4.332495872005302506e-01,7.404725218352753435e-03,2.914412270822331896e-01,5.336683151480845488e-01,1.684379666889453953e-01,6.690517536750175687e-01,3.659780368004230677e-01,3.974475980123772789e-01,2.047628497136793346e-01,4.441679468265489206e-01,2.319195170644917925e-01,1.267832466754057752e-01,2.227603622485267443e-01,5.928963504209229241e-01,2.834112645721857948e-01,4.085539969998666643e-01,4.355405973578760914e-01,1.003242510114176061e-01,4.332163757264081982e-02,1.255802785959465318e-01,3.257606339436034393e-01
5.514537697640569530e-02,-6.170111210004231017e-02,5.203843480370399233e-01,-1.267741350849344029e-01,1.827377010642680100e-01,1.200064219744071820e-01,5.918504863186397902e-01,3.907367841047814094e-01,1.647675053812518997e-01,1.007034610638752187e-01,5.697312919538749520e-01,-6.638813455515961415e-02,3.792092276641693127e-01,7.975881411381112729e-01,2.525414034862278473e-02,6.069849078891504865e-03,3.630256984636794360e-01,1.000000000000000000e+00,5.650918316441986278e-01,6.449720992116649010e-02,7.138338927391366107e-02,3.110040929282901767e-01,4.111056762389776742e-02,-2.099891308955165875e-02,1.132327827973716450e-01,4.413775654305461815e-01,5.992178540974325562e-01,-1.621884012636292116e-01,2.217584086247364195e-01,2.245873188556729572e-02,1.047164226775906676e-01,2.737370692484218937e-01,1.236127747386172593e-01,-7.274783288370148537e-02,2.734073498369310462e-01,-7.546702904121793676e-02,2.438413624566983517e-01,-1.152128825041633525e-01,1.753813011098915020e-01,1.025024341197977862e-01,2.320205484798906481e-01,2.171153889077848675e-01,1.085855993998070396e-01,2.425247360985397505e-01,1.155247166210103260e-01,7.288959804027896061e-02,2.557110473985758636e-01,5.930432157944166560e-01,-3.114399540215257584e-02,8.341063177627058844e-02,8.509625669095173192e-03,5.098332754724256288e-01,2.539114981000907267e-01,7.465030132026682919e-02,8.874541271907371298e-02,-1.596625769451027674e-02,2.720919024877723955e-02,-1.164888831136593333e-01,1.333157206811438900e-01,1.124463799123102403e-01,3.610506036415750408e-01,-1.043855443725209553e-01,1.900111622365679431e-01,-7.167351833991272847e-02,2.996166412371577548e-01,1.066402641773463583e-01,6.003436521513296625e-02,-1.122193331549734829e-01
6.421650895376173063e-01,1.454708441493362536e-01,4.746094639372493429e-01,2.081083053465458965e-01,1.527832533950310712e-01,2.279655450968601782e-01,4.379503545111596008e-01,4.930789515957670899e-01,7.019541970752855853e-02,1.276708306825081185e-01,3.726906319843761306e-01,1.816904633724566454e-01,3.683885228664154909e-01,7.206814093388720366e-01,2.149940848168751736e-02,1.363784379838938188e-01,7.799976939669104326e-01,5.650918316441986278e-01,1.000000000000000000e+00,3.076976080496419130e-01,3.062002924727345587e-01,2.219032874891839480e-01,3.199327195838881921e-01,1.355333301548821701e-01,1.837936389616216526e-01,3.104831166787213048e-01,7.080862158286234109e-01,4.474471380989591268e-02,5.548734133913368893e-01,2.887378275165836672e-01,3.247398047034198432e-01,2.623724099627475215e-01,1.389535950051057622e-01,1.305225970756384579e-01,6.499873354091194599e-01,2.075698319470753450e-01,2.098522273546558625e-01,1.759989040139217642e-01,1.366351177080819823e-01,1.191094124306376623e-01,1.770363878809331215e-01,3.138746346460506431e-01,-6.547292787996832064e-02,1.817595457921242497e-01,5.133685122668291828e-02,2.238339342970038781e-01,1.697529715673271322e-01,4.917194484314488245e-01,-3.111176726716085444e-02,1.813358650166731756e-01,2.703989945955165841e-01,1.919703037059581618e-01,6.280038609090797808e-01,2.953812780061368937e-01,3.126835569132268011e-01,-3.032101120469754899e-02,2.603306950733841330e-01,-5.753223286800688251e-03,1.724690613869580835e-01,-2.027700760361379403e-02,5.246308814835297651e-01,5.848704750963674287e-02,3.369248689907163308e-01,1.412193027420322600e-01,2.863810645040657521e-01,1.247728032646658741e-01,6.092631303855147035e-02,1.326763372727918777e-01
3.767125256699864755e-01,3.157537028539363355e-01,2.414571830335141001e-01,6.957735709520206369e-01,-9.031352979777173759e-03,1.502104695874363072e-01,1.633087469656843704e-01,1.115809562635676766e-01,1.842196860256015145e-01,3.100538009735542277e-01,1.565055693521041902e-01,6.551492839138839397e-01,1.464036299140180075e-01,1.598971750360577704e-01,8.973775617401233418e-02,2.612390255849526000e-01,3.664391667979607914e-01,6.449720992116649010e-02,3.076976080496419130e-01,1.000000000000000000e+00,4.392596004187319658e-01,2.044300955148899146e-01,4.291512468479197207e-01,3.830378835964596274e-01,1.808309597375740152e-01,2.951567079774148339e-01,3.641812281411798136e-01,2.383612615564978943e-01,4.166414671819115290e-01,2.693501851563003258e-01,9.816519374784490881e-02,9.259294259010496242e-02,2.659219973099473111e-01,3.610330640148710080e-01,2.908168061720181607e-01,3.217206224470887110e-01,7.642153102823942556e-02,7.081586844938256853e-01,8.892914859629544311e-02,-2.941971952326465078e-02,7.852411845907962540e-02,-6.890012956998227238e-03,1.652285598405343892e-01,1.489079165900233925e-01,4.833173483845826235e-02,5.219095914656988189e-01,7.266893868106671928e-02,8.411093245605356927e-02,5.242182378247560448e-02,2.519915175295607823e-01,1.518838228634500354e-01,-9.168449660790801981e-02,2.182348077445539769e-01,8.737271514933009353e-01,4.516655755615671675e-01,2.097942728946477209e-01,3.345632190275452111e-01,3.696337268743487003e-01,8.302594574349210499e-02,6.809711346357537332e-02,2.867774418492165522e-01,8.884303441568403015e-02,3.223449962617082054e-01,1.231527995135364845e-01,5.178253526445361632e-02,4.789178365099798496e-02,2.002536561373188806e-01,2.385302946043143524e-01
3.971812738664736719e-01,3.293292669052533261e-01,3.403653787620847249e-01,5.133941817271486796e-01,6.913192796579223885e-03,2.686476667138421037e-01,2.605448990694087530e-01,2.754878310712989276e-01,9.806520812948407717e-02,2.902209665723418652e-01,1.801127584241389301e-01,4.329987791561056287e-01,1.507810939586859134e-01,2.146156998876748712e-01,-5.222435038001396398e-03,6.445837595486006988e-01,4.022535831758111136e-01,7.138338927391366107e-02,3.062002924727345587e-01,4.392596004187319658e-01,1.000000000000000000e+00,2.565921285211089087e-01,8.043228297023059525e-01,2.969051162192609672e-01,1.529871902829109676e-01,3.038656683839282002e-01,4.435115797392344406e-01,4.753379402525688691e-01,5.161629425490186218e-01,5.023132964798764366e-01,3.146442425069559141e-03,1.183092440823839409e-01,4.529762698491274775e-01,5.791859326785573359e-01,3.882432737102384790e-01,2.934879749992271858e-01,2.795707623720506407e-01,4.957817039133328718e-01,1.396909270847199735e-01,2.311164125683377590e-01,2.304456875034653907e-01,2.412220041413339067e-01,1.209861314916476221e-01,2.486121422907145995e-01,1.974933236113303736e-01,4.190040834055670516e-01,1.173835143769401679e-01,2.058982092348659032e-01,7.114358555298378774e-03,6.408123624184399736e-01,3.234495320603638646e-01,2.346268971492693201e-02,3.186144135395841404e-01,3.932536661868102912e-01,8.611760499757108445e-01,3.896700063977707740e-01,7.090670456632441887e-01,3.158178811008316433e-01,1.187859611492588091e-01,2.039590882992355636e-01,4.177628605742480516e-01,3.957954989804113866e-01,5.458797574728729840e-01,4.285520470401461002e-01,2.161762268304929027e-02,5.016873252208797068e-02,3.704421072956281535e-01,4.913276325356809027e-01
1.561096720784888314e-01,2.727105898170102960e-01,3.306834861632590994e-01,1.978941926040275190e-01,6.293631854192419106e-02,1.406822948968381448e-01,3.782359194456578755e-01,1.850447138857616025e-01,3.180936154474827138e-01,1.409733937499458023e-01,3.851093666148066585e-01,1.985540190093597057e-01,2.342655159311922697e-01,2.848956278586642354e-01,9.028681186536037517e-02,2.100244877367367924e-01,2.744831202744338894e-01,3.110040929282901767e-01,2.219032874891839480e-01,2.044300955148899146e-01,2.565921285211089087e-01,1.000000000000000000e+00,2.756850864629721842e-01,3.827805671345079763e-01,3.046254996690453409e-01,4.943828903191865298e-01,4.324162250952641173e-01,1.145450679684778122e-01,2.661200527967734764e-01,2.479522789685255635e-01,-5.301632204220427941e-02,6.624456369862807836e-02,2.274349123766147285e-01,2.474134505939187267e-01,1.556986569652704655e-01,2.007505883675846092e-01,1.697404633909707083e-01,1.872625637989806247e-01,6.845398513977882238e-02,8.997606190945048321e-02,1.802395466835760018e-01,8.433271856163440661e-02,3.009636882320941287e-01,1.562550654868680167e-01,1.932148874370412384e-01,2.396204943320941194e-01,2.295798321314127255e-01,2.032280828767799030e-01,3.124338893317171392e-02,2.237323977670215291e-01,1.284052084331926691e-01,7.938284261556440013e-02,1.454921586694025992e-01,1.994967349430495085e-01,2.422860675807945174e-01,3.728444339797331031e-01,2.474976211411404892e-01,2.921028738921683243e-01,2.629039008395989696e-01,2.432318144126669746e-01,3.232012523764573042e-01,7.945804277876468424e-02,2.824429539722041471e-01,1.356544160765883744e-01,4.488687492691813968e-02,2.634619035356898856e-02,1.423144433760646921e-01,1.889525513327985073e-01
4.688289558839152660e-01,4.010855607742986328e-01,4.422836420419020698e-01,5.868362137671127021e-01,5.244682455947302646e-02,4.418648958040749530e-01,3.551784905099016898e-01,4.179760985311594679e-01,8.375139339102370684e-02,2.922263076905041723e-01,2.095382337698864228e-01,5.162609115530444326e-01,1.067356191092805884e-01,2.273080773429211332e-01,-1.424244577391862825e-02,6.401110788496284787e-01,4.979167009365349506e-01,4.111056762389776742e-02,3.199327195838881921e-01,4.291512468479197207e-01,8.043228297023059525e-01,2.756850864629721842e-01,1.000000000000000000e+00,3.222472751707752825e-01,9.921885930667262432e-02,3.760470536595723612e-01,4.777766647186114657e-01,6.745388805874065197e-01,4.979843799424365502e-01,6.571271803695649671e-01,2.551094443673409054e-02,9.907569807390045891e-02,4.332924622965027561e-01,6.226114454753944871e-01,4.390377511065635119e-01,4.011574877339318945e-01,4.351567550368962145e-01,5.732459709612514054e-01,1.435889635015700216e-01,4.141536113727532498e-01,3.749655782325408970e-01,3.798484439685578806e-01,1.408119931769683530e-01,3.235048458660841897e-01,2.998624235518631553e-01,5.597045882608980838e-01,7.352615235983284148e-02,2.426637025959850202e-01,5.335752259705567324e-02,6.650224344132207310e-01,4.924350864611772294e-01,9.246746398508609924e-03,3.838923546962760835e-01,4.024634386020133348e-01,7.784854665733437207e-01,4.953349290314961184e-01,8.723721221745965870e-01,4.194917377165788275e-01,7.398998743753978924e-02,3.308328610990022844e-01,5.207578045249173782e-01,6.032960143990832025e-01,5.287154158815137173e-01,6.193158795635507197e-01,-3.730550615603582532e-02,9.765779974081857315e-03,3.257960928287931823e-01,5.260633973979538247e-01
