1.000000000000000000e+00 5.644799429860782869e-01 4.249846728833343024e-01 7.138244980208445778e-01 2.078361609973569113e-01 7.175146624420041253e-01 5.444993687731120025e-01 6.574209217714267472e-01 3.343787982395273195e-01 6.029284069921153622e-01 4.396823385070257051e-01 6.616711126581715785e-01 2.924186004292227969e-01 5.732422022618219870e-01 2.495614742092087113e-01 6.684179643214077648e-01 7.112870780652421621e-01 3.136782249538547229e-01 7.500377641736116763e-01 5.586846125894352477e-01 7.756537249020869496e-01 5.037139017125662477e-01 8.994537723649390637e-01 4.931864059608869200e-01 2.961266297706505179e-01 5.369024894044410745e-01 6.639487245914574842e-01 7.708819486199112170e-01 1.008929848990771871e+00 6.716979195595265129e-01 2.688302069036993536e-01 1.307603144564317144e-01 6.138184745661854347e-01 6.571129411312875979e-01 6.472941475513955822e-01 4.979396963504453266e-01 3.015982731235100078e-01 6.513390289987235349e-01 2.493287438006900336e-01 5.693158320687023988e-01 3.448751184736931208e-01 4.250453240895106233e-01 3.748122499360322935e-01 5.343978307900070224e-01 3.757708142229260195e-01 6.317085550316933196e-01 2.781830029098123491e-01 4.344758908086329141e-01 1.755391067854523424e-01 7.537545052460955519e-01 4.994890285907306327e-01 2.206800188755455583e-01 5.343548630607264371e-01 5.182202320470487011e-01 7.958038078555904615e-01 4.277172366879011811e-01 9.193595607566994454e-01 4.856512926138278341e-01 2.589664387672899193e-01 3.779588404468660068e-01 6.398120710618029339e-01 7.862728581981116571e-01 7.500501729012689633e-01 6.257504328803823457e-01 2.108064453951060679e-01 2.297825240294821270e-01 5.287437507893720801e-01 6.462067326262277422e-01
5.644799429860782869e-01 1.000000000000000000e+00 2.587350188300643339e-01 4.755794579089838159e-01 1.477894986438891833e-01 3.521018954527185829e-01 3.114656502438737373e-01 3.469384321047781494e-01 1.947723845943111487e-01 3.060486615699452573e-01 3.573030549641800779e-01 4.102004859442771045e-01 1.081733450843953559e-01 2.399381549144339043e-01 1.451768848776084919e-01 4.162274879029365104e-01 5.487541523891625861e-01 1.286867118125405995e-01 4.571886801411306767e-01 3.976231809717200583e-01 4.733633840471519472e-01 4.507378270718734870e-01 5.817384466967744361e-01 4.932567133885057409e-01 2.432389698113976151e-01 4.853226884908454219e-01 4.800835002019945286e-01 6.057570978416595420e-01 4.884398281032030775e-01 5.640632604680757556e-01 5.964700508110704069e-02 4.633346854524581643e-02 4.447889497720471930e-01 5.598550489444729106e-01 3.647042182230955110e-01 5.166304438756383899e-01 2.265120096861147903e-01 4.107796958139582344e-01 1.622816949628672900e-01 3.070894019208649239e-01 2.724854567264003435e-01 2.395780412746131849e-01 2.505384164268789626e-01 2.735436982759814062e-01 2.962869622423878191e-01 4.159107981258910458e-01 1.069191776891030982e-01 2.607436130428385512e-01 8.999525619135731458e-02 4.972480131339251930e-01 4.651691092762207935e-01 4.627520717198462669e-02 3.735747257394096410e-01 3.741999257188796668e-01 4.171411275072802738e-01 4.115271863802255070e-01 5.510469826865194154e-01 4.652977486119899142e-01 2.369413621051238428e-01 3.949999555306292209e-01 4.833175162477821307e-01 5.956792459908234472e-01 4.141561266816269349e-01 5.953685373834266548e-01 1.599053750546203592e-02 1.165732221874543478e-01 4.216090621331964328e-01 6.118137515420163375e-01
4.249846728833343024e-01 2.587350188300643339e-01 1.000000000000000000e+00 3.402346031773182955e-01 2.750556567282201881e-01 5.824623830444848327e-01 1.133960458387643921e+00 7.057297633797960934e-01 6.844727839721298501e-01 4.746262781585962598e-01 4.547610759387785140e-01 4.701975989042233017e-01 3.395112743743464168e-01 9.388937209487870916e-01 4.189424210968439866e-01 3.580973169714147253e-01 5.764775875095050628e-01 6.265148946693160914e-01 4.570010495221255575e-01 4.181625831249196623e-01 3.638305759932461969e-01 5.210030492272589298e-01 3.987596208391392949e-01 7.347354398828231936e-01 3.938437441041628961e-01 9.228863956818309511e-01 1.015920449190875097e+00 4.594758232916176244e-01 5.537901263762048387e-01 5.949923410497541809e-01 3.203665976785652347e-01 9.653903294734156315e-02 3.998757617513716833e-01 3.491976869437915520e-01 3.847035771546429284e-01 2.619813575244308579e-01 7.558532074762173147e-01 3.343023948664238798e-01 2.820481439332324092e-01 5.170048020171895686e-01 7.565565795806553639e-01 5.261040895079152069e-01 5.608910511850262459e-01 4.809959340421405827e-01 4.607082946722134698e-01 4.391015078144495098e-01 2.570630167219207785e-01 6.832594745416044058e-01 3.422620338792558559e-01 4.748143460249153458e-01 4.014213791513454588e-01 5.119765395577990930e-01 4.050109594077093700e-01 4.400721001327740911e-01 4.468151775418758298e-01 5.278182583714332576e-01 4.360969850537948500e-01 6.375412797876196525e-01 2.425156269293876066e-01 6.391749468481920937e-01 7.739141625108545419e-01 4.930684781035106212e-01 5.878113041339364520e-01 4.541322709190123708e-01 2.080051160642007180e-01 2.203838642778735424e-01 4.847832470542933758e-01 4.058414396138457225e-01
7.138244980208445778e-01 4.755794579089838159e-01 3.402346031773182955e-01 1.000000000000000000e+00 1.685444740768557714e-01 7.019004147494775081e-01 4.364604721566303636e-01 4.367782931914793720e-01 2.760690115202433792e-01 6.797581203637831360e-01 3.031748413538229436e-01 1.181487333172543952e+00 1.445749866021612817e-01 2.988237757753582358e-01 2.307204713903357463e-01 5.029445890359922622e-01 5.004454889207498036e-01 1.559292206186431995e-01 4.259785925930674177e-01 9.107293746582688643e-01 6.362243848765958276e-01 4.398999459962675829e-01 7.283002647057540413e-01 5.137931580312340429e-01 2.179223515840516823e-01 4.997699492854459358e-01 4.434582297437199006e-01 8.958555762540335587e-01 6.597861440095120766e-01 5.533795410668173043e-01 1.406320177860114762e-01 9.809362153551903774e-02 4.920347636964354510e-01 5.343990672266777375e-01 3.990637727125899148e-01 4.279557132588847068e-01 2.851142466289202648e-01 1.451227236952515653e+00 1.506714353958952812e-01 5.824442692130271659e-01 3.438629734619917389e-01 3.176363928456099606e-01 3.864487554343083997e-01 5.326355711438400808e-01 2.577028272417291044e-01 1.212249244648469393e+00 1.508150442557450177e-01 2.861022051427543622e-01 2.137854062334375582e-01 5.995061420118359408e-01 4.277522516387151086e-01 8.309232392435238201e-02 3.100706902745277160e-01 8.486952782075848356e-01 6.587258074472551739e-01 3.837967627611875709e-01 7.687057411781793581e-01 5.569825952341418418e-01 1.913533428968002270e-01 4.020095190398223495e-01 4.483820645811328887e-01 9.742974385700101658e-01 5.400806378235528671e-01 6.016393414539757956e-01 9.888074192414025854e-02 1.396742554825167182e-01 4.359952309493892453e-01 5.659114064586722170e-01
2.078361609973569113e-01 1.477894986438891833e-01 2.750556567282201881e-01 1.685444740768557714e-01 1.000000000000000000e+00 2.607703800112708414e-01 2.810599344381370934e-01 3.006659783819983778e-01 2.250215776527189904e-01 1.792776337081735394e-01 2.150791656541333474e-01 1.792942909736769952e-01 1.405527441197281235e-01 2.930099245145492137e-01 1.868401950809335799e-01 1.789443074009846035e-01 2.274316987759734121e-01 2.030880000983168177e-01 2.092319666518699384e-01 1.670291467250133166e-01 1.649020401358947674e-01 2.287261447868613740e-01 1.959806914234809849e-01 2.512066163039461397e-01 1.890147920909586166e-01 3.148955884908246072e-01 2.868707340286821839e-01 2.305811466022560097e-01 2.598771791298148393e-01 2.471858461471287405e-01 1.149444518589262110e-01 1.373311453039429697e-01 1.876352165759601343e-01 2.063480749251825064e-01 1.634860867969510634e-01 1.820908715012775902e-01 2.025234485694744069e-01 1.536221647632995957e-01 1.772389699557811449e-01 2.485176089998581139e-01 2.379352365119971058e-01 2.500631261799931004e-01 2.085878956130289841e-01 1.845099318219432516e-01 2.156975678286056353e-01 1.747186931790305486e-01 1.278245040152536094e-01 2.470356143345656119e-01 1.525471696742934369e-01 2.277718120284968895e-01 1.783940449836385611e-01 1.667848610043820567e-01 2.058484452598006165e-01 1.685305676168284972e-01 2.132848263606051675e-01 2.437611382844627195e-01 2.224685304336179170e-01 2.401579774154189995e-01 1.572497055016163769e-01 2.469791246748957447e-01 2.840614477921005743e-01 2.428544800185145069e-01 2.483001874451438440e-01 2.243259083835688061e-01 7.595546795864734080e-02 1.025387751235934813e-01 1.927510226939720961e-01 2.411451214485116901e-01
7.175146624420041253e-01 3.521018954527185829e-01 5.824623830444848327e-01 7.019004147494775081e-01 2.607703800112708414e-01 1.000000000000000000e+00 7.391175503079674414e-01 7.477016865933826528e-01 5.272667141329127061e-01 8.378072663202675852e-01 4.486347783862751348e-01 8.793479243763183684e-01 4.110569750751729701e-01 6.717551849888825366e-01 4.605676576935647804e-01 4.838073678444209103e-01 5.350076108906253181e-01 3.993906744678503706e-01 5.241677185403811334e-01 6.601731969210106188e-01 5.098593438262755129e-01 4.528322599239096857e-01 5.749200983401603349e-01 5.301774509786835177e-01 3.604326344667447835e-01 5.436495965946215314e-01 6.401514861820738478e-01 6.378575112080882015e-01 8.077892914004727309e-01 4.808284358392996283e-01 3.344251211369859700e-01 1.607848200099829539e-01 4.960892570377196664e-01 4.938868855929904322e-01 4.811598560972807359e-01 3.248442505740856689e-01 4.932191120537042783e-01 7.084523589227997853e-01 2.822091580858181459e-01 9.718136113995532455e-01 5.349673288269594096e-01 5.575602361344118574e-01 5.403669790744357604e-01 6.828840534056797029e-01 4.666860201530378394e-01 7.924845072722366268e-01 3.764142618909283033e-01 5.296684588513669301e-01 3.581424799198694719e-01 5.686827851636528930e-01 4.084739307291980204e-01 3.649477812218670514e-01 5.033286158749377126e-01 6.433494919761929554e-01 6.397505477917104777e-01 4.042393925317746550e-01 6.671985113840845916e-01 5.633188568403602048e-01 2.774679904340889847e-01 4.429962479399812691e-01 6.439666955894930434e-01 7.187710899305338463e-01 6.521266377473036169e-01 4.449501523305780526e-01 3.260478808849412991e-01 2.532525021481341065e-01 4.465467021950450532e-01 4.900387025860248880e-01
5.444993687731120025e-01 3.114656502438737373e-01 1.133960458387643921e+00 4.364604721566303636e-01 2.810599344381370934e-01 7.391175503079674414e-01 1.000000000000000000e+00 8.722559919413647167e-01 8.388988067892525491e-01 6.421580350056104169e-01 5.085426661137114612e-01 5.527916535635203354e-01 3.788177328684158574e-01 1.037224756447009177e+00 4.967029196511758560e-01 4.422520859646617564e-01 5.238253924630054126e-01 5.572673202523271696e-01 3.927864342379986939e-01 4.742345783508270518e-01 4.587224090854801206e-01 6.596606266891007486e-01 4.680077008347613421e-01 1.013240329668579243e+00 4.423205030194493070e-01 9.625451996186888959e-01 9.020473036036511516e-01 6.234560491034778495e-01 6.936384696287599683e-01 7.366556994340186515e-01 2.961620119483800995e-01 7.922307847230439237e-02 4.816495779389612375e-01 4.268701039448659640e-01 3.769106125555141684e-01 3.268882846898257255e-01 7.729281740922686605e-01 4.140841244564652524e-01 2.899423564089493865e-01 5.457644531233053486e-01 9.763464676412144660e-01 5.128749435264767786e-01 7.142785714822954546e-01 5.617599112277216200e-01 5.118336759067312336e-01 4.819796879955483559e-01 3.195551467596197126e-01 7.502259938053171817e-01 3.603093446460627347e-01 5.812851506726433026e-01 4.071812910284587361e-01 4.979614622448187977e-01 4.499134294842262460e-01 4.660354086247842087e-01 5.056898707792678582e-01 7.193364989637724971e-01 4.858523980017401267e-01 9.236927755057484646e-01 3.086934374841230899e-01 7.582090331293216412e-01 8.303282886384465433e-01 6.099752348861987583e-01 6.345086097917467249e-01 5.308208904022191366e-01 2.077077804841056530e-01 2.257525324184913307e-01 5.282488066774173596e-01 4.439593901401219789e-01
6.574209217714267472e-01 3.469384321047781494e-01 7.057297633797960934e-01 4.367782931914793720e-01 3.006659783819983778e-01 7.477016865933826528e-01 8.722559919413647167e-01 1.000000000000000000e+00 4.589849932327623172e-01 5.102970450956547666e-01 4.675161813299663072e-01 4.843914718978445944e-01 2.918791187523087083e-01 8.631181561706169347e-01 3.700223602400899425e-01 4.677153331734387187e-01 5.859703734349048787e-01 5.137109973116855688e-01 4.527539130050838301e-01 3.968286732536697170e-01 4.874047837346321410e-01 5.764725004171489253e-01 5.365188341926119264e-01 5.664995428086674334e-01 2.946970472034921573e-01 7.676537422794593724e-01 7.001873794530290018e-01 7.401914838680613284e-01 6.412801146131574814e-01 8.136319927350589287e-01 2.271476926114630590e-01 1.307457707405835501e-01 4.528931960253659295e-01 4.682991059761453800e-01 3.661549495892446604e-01 3.573540631195463724e-01 5.041052586263007340e-01 3.716804024269054207e-01 2.992748773824195352e-01 5.606605384438052564e-01 5.472232367618823368e-01 7.279066187504906749e-01 3.859199182186335841e-01 4.333246899274118547e-01 4.496686838353100568e-01 4.118209889665478407e-01 2.328633913017265078e-01 5.583503095804637217e-01 2.719805218848259099e-01 5.682710552648950753e-01 4.304922459928500200e-01 4.195588065726362226e-01 4.906082220692557505e-01 3.500153733841575021e-01 5.302109516882376195e-01 4.736005974895354798e-01 5.631253636784755434e-01 4.528201612591057912e-01 2.394070532577961541e-01 5.652115012042262521e-01 6.188503267447563738e-01 6.774923828854119146e-01 5.247319997485878629e-01 6.038797217463111044e-01 1.315149430550344167e-01 2.276304396847320666e-01 4.006107826252957027e-01 4.598369395578866814e-01
3.343787982395273195e-01 1.947723845943111487e-01 6.844727839721298501e-01 2.760690115202433792e-01 2.250215776527189904e-01 5.272667141329127061e-01 8.388988067892525491e-01 4.589849932327623172e-01 1.000000000000000000e+00 4.620562287779574895e-01 3.698588211481432797e-01 4.292785469282568434e-01 4.671612462421420586e-01 7.199223597301158684e-01 4.618174473926041079e-01 3.207163648362110764e-01 2.307680678784277406e-01 3.810411179339789900e-01 2.476582849239561679e-01 3.496723291985195381e-01 3.553921313814535909e-01 4.468861628988331502e-01 3.182942098963220667e-01 6.671889584423021935e-01 4.566008524215425801e-01 5.246358454870393428e-01 6.325256254039193227e-01 2.779320013091550190e-01 5.261744277817180793e-01 2.881721328966911910e-01 3.474130818855376557e-01 7.836720642898334366e-02 3.781727936749623709e-01 2.772566782659174334e-01 2.989952225218562853e-01 1.773989126621472179e-01 4.749438455954366756e-01 2.889174555675945721e-01 2.501479424584834299e-01 4.363784642806873282e-01 6.096900754449281479e-01 3.572347235305148305e-01 6.838722969852415456e-01 4.763102530820575442e-01 3.942955064046451685e-01 3.719058644413222869e-01 3.974125159051800638e-01 5.556586224058944756e-01 3.553887011663267592e-01 3.739546806597691120e-01 1.691149556374371143e-01 3.816417775378160848e-01 2.509190377186318321e-01 3.775426545276261980e-01 4.082195555918414764e-01 5.188803369667192023e-01 3.311760497030135642e-01 6.649282407198684464e-01 2.953266669694440960e-01 4.263915722213262316e-01 5.990307891467056001e-01 3.171122764332274802e-01 5.144639521231821888e-01 2.367343021605808340e-01 3.220898184572200118e-01 1.961724256356232043e-01 4.233859357177753857e-01 2.969165412727989284e-01
6.029284069921153622e-01 3.060486615699452573e-01 4.746262781585962598e-01 6.797581203637831360e-01 1.792776337081735394e-01 8.378072663202675852e-01 6.421580350056104169e-01 5.102970450956547666e-01 4.620562287779574895e-01 1.000000000000000000e+00 3.646941808434109866e-01 7.441359744454865144e-01 3.030136958864246832e-01 4.902798403355305146e-01 3.041595844986213493e-01 4.434412571322102758e-01 3.829147816766936274e-01 3.308276055442146424e-01 4.620039384031661700e-01 7.000809029099561709e-01 4.948318580820550427e-01 4.021023128536543312e-01 4.933494831238021683e-01 4.204037786591924286e-01 3.381765743799572954e-01 4.865768456113416240e-01 5.339751382485938835e-01 5.269346167288662119e-01 6.861912800678322544e-01 3.621057638589908478e-01 2.840712545109128628e-01 1.331868919548592767e-01 4.360687000143648184e-01 3.795038369281742985e-01 4.272498227873100518e-01 2.701201911319497939e-01 4.022910477153829323e-01 7.237265740601361852e-01 1.969921571249204084e-01 6.593272800602456574e-01 4.735753292087758748e-01 3.731357912501987451e-01 4.752336464272305383e-01 1.415901661757448915e+00 3.983399887209304602e-01 6.810876385757852480e-01 3.110366103948905003e-01 4.073111765431550180e-01 2.400913803384411294e-01 4.746554231746428765e-01 3.211141739116328275e-01 3.305229924387325657e-01 4.117754318931008961e-01 7.042228466826896405e-01 5.609131886748367490e-01 4.046744688407389878e-01 5.399847822633322414e-01 4.838400633492080383e-01 2.492688104725541975e-01 4.219464169021588940e-01 5.583627927700863802e-01 5.474050491137611996e-01 5.266341733755723897e-01 3.055014282232321188e-01 2.781884974786497100e-01 1.865530003034635564e-01 4.240907464571543883e-01 3.818161214090425859e-01
4.396823385070257051e-01 3.573030549641800779e-01 4.547610759387785140e-01 3.031748413538229436e-01 2.150791656541333474e-01 4.486347783862751348e-01 5.085426661137114612e-01 4.675161813299663072e-01 3.698588211481432797e-01 3.646941808434109866e-01 1.000000000000000000e+00 3.494973961136929597e-01 3.498993938450399854e-01 4.876843877053270715e-01 2.924369748085615672e-01 3.564149676478841622e-01 5.321047871135341500e-01 4.368470723535859968e-01 5.217485720437270436e-01 3.415645162702336535e-01 3.333861617844505187e-01 4.395518197235840363e-01 3.877789955653232479e-01 4.607066346386212707e-01 3.819976163735044894e-01 5.512944967746418179e-01 6.005339452394597988e-01 3.702574374125344181e-01 4.995591886349866062e-01 4.440887535173713152e-01 2.259256099315896105e-01 1.262438000568897045e-01 3.626872468017947604e-01 4.659535048740472418e-01 3.908347626154869414e-01 3.366978081405195278e-01 3.419189099626737116e-01 2.947225294221580416e-01 2.309781399539942714e-01 4.076246353445223680e-01 3.771254773420348871e-01 3.364507899306988792e-01 3.445083374512577512e-01 3.635476355414831717e-01 4.728932579788261981e-01 3.359128644377783468e-01 2.408990506539594456e-01 3.693664611915294382e-01 2.140845962947693915e-01 4.069693561221708888e-01 4.118579663192959983e-01 2.720795556524915337e-01 4.860140978911549614e-01 3.359454021191116135e-01 3.385752948782180805e-01 3.833683508043771448e-01 3.940067031252373897e-01 4.175734606724402220e-01 2.682113043263926744e-01 3.932125840221293300e-01 5.264275597631639103e-01 3.824157179476572188e-01 4.681877207766872995e-01 3.695226903779579852e-01 1.599299551895921045e-01 1.778146043353353578e-01 3.948224050653330597e-01 4.557239598952548265e-01
6.616711126581715785e-01 4.102004859442771045e-01 4.701975989042233017e-01 1.181487333172543952e+00 1.792942909736769952e-01 8.793479243763183684e-01 5.527916535635203354e-01 4.843914718978445944e-01 4.292785469282568434e-01 7.441359744454865144e-01 3.494973961136929597e-01 1.000000000000000000e+00 2.660797763741894473e-01 4.225738865339109807e-01 3.527274986229463893e-01 4.763899509473545346e-01 5.033748026401344555e-01 2.575228859447392660e-01 4.282846765996661809e-01 1.051068134208554383e+00 5.739012946329825615e-01 4.263540080121498432e-01 6.558058266155534222e-01 5.346166950291053599e-01 2.928288464502010746e-01 5.235405965116817217e-01 5.417509531258517530e-01 7.256237721678577834e-01 6.932154527458865845e-01 4.873739373610063152e-01 2.395307039229654933e-01 1.069461553771788032e-01 5.210334829511563681e-01 5.227670810541965585e-01 4.099272038313352962e-01 3.672207763542313375e-01 4.029468424564179307e-01 1.251702112605982631e+00 2.044995136944100511e-01 7.152084051934158859e-01 4.543241489504480368e-01 3.878723112651180638e-01 5.088730698841157363e-01 6.104318922344809106e-01 3.400117924681983483e-01 1.349297118874712265e+00 2.524653910693307468e-01 3.952766818679234739e-01 2.918811239027104820e-01 5.623737282559206907e-01 4.108497124943417123e-01 2.184010520473601280e-01 3.312239236340893123e-01 1.029485563665411219e+00 6.633067018640987911e-01 4.114211527217644937e-01 7.219987548591930704e-01 5.947746866758842899e-01 2.231062852392636520e-01 4.354836127516443778e-01 5.406462815196073635e-01 8.519020091092968094e-01 5.886050526464733368e-01 5.232409468717459378e-01 2.147415426869952459e-01 1.687106556339400265e-01 4.863600138108465365e-01 5.457090465994073325e-01
2.924186004292227969e-01 1.081733450843953559e-01 3.395112743743464168e-01 1.445749866021612817e-01 1.405527441197281235e-01 4.110569750751729701e-01 3.788177328684158574e-01 2.918791187523087083e-01 4.671612462421420586e-01 3.030136958864246832e-01 3.498993938450399854e-01 2.660797763741894473e-01 1.000000000000000000e+00 5.061205733806531937e-01 3.096956543232100567e-01 2.504924943868518938e-01 1.162821898640866575e-01 3.423954729669704822e-01 2.513678617591186826e-01 1.960586756741972414e-01 3.223514063873633706e-01 1.439607885046313429e-01 2.782316598571014099e-01 2.083361266828512026e-01 4.035725065068485051e-01 1.522800085743377385e-01 4.547973849450468453e-01 1.081335703928831687e-01 4.232970724006792085e-01 3.752091614455886626e-02 5.019850714157454430e-01 1.476132127711262121e-01 2.314816748489219866e-01 1.859682739242980720e-01 2.538857926633994455e-01 4.333899626990617149e-02 1.624305161626178884e-01 1.682414555377476084e-01 1.847462050940850697e-01 3.919957748087237737e-01 1.846038103000053332e-01 2.672451062740189842e-01 3.908399645105884446e-01 3.289606572113518701e-01 2.611545979310148646e-01 2.272273163832030929e-01 5.336003177130419495e-01 2.770744338485433000e-01 2.577883519281120583e-01 2.187601463055811324e-01 -2.102393671128306024e-02 2.546066182933841571e-01 1.661901914728160512e-01 2.152274575654613553e-01 3.993543212156859257e-01 1.218716604430896411e-01 3.005807005512378116e-01 2.052706484810058740e-01 2.240925358281833368e-01 2.417454400992597591e-02 3.487738914599207152e-01 1.451849775216552674e-01 3.995652955504426784e-01 3.267516899237478400e-02 5.845526175350738152e-01 2.356275513851665560e-01 2.520588462277797426e-01 1.705110967890480778e-01
5.732422022618219870e-01 2.399381549144339043e-01 9.388937209487870916e-01 2.988237757753582358e-01 2.930099245145492137e-01 6.717551849888825366e-01 1.037224756447009177e+00 8.631181561706169347e-01 7.199223597301158684e-01 4.902798403355305146e-01 4.876843877053270715e-01 4.225738865339109807e-01 5.061205733806531937e-01 1.000000000000000000e+00 4.380315809130627680e-01 3.943601151720588227e-01 4.488368983218020136e-01 6.449905329180574132e-01 5.086519769902768662e-01 3.499996359104516896e-01 4.113594114874288277e-01 5.119748731666011743e-01 4.026284763059329030e-01 6.073371015624327018e-01 4.430240368048204980e-01 6.645464486946198734e-01 9.333007500793308875e-01 3.895370839690314724e-01 7.179979230093519460e-01 5.267182839358047763e-01 4.902495125208246596e-01 1.378353325622417025e-01 4.220756452346050569e-01 3.670689471095960887e-01 4.832100369024702746e-01 2.303111994602202450e-01 5.710149329098003212e-01 2.899986609350785338e-01 3.388564612110646079e-01 5.786852459968089279e-01 6.895346249969586117e-01 5.712686260978312447e-01 5.614845424405876528e-01 5.258245907834384614e-01 4.953980097342385314e-01 3.779630179034708659e-01 4.022005463533885328e-01 7.996738042929079082e-01 3.383796426907138555e-01 4.931939776553146415e-01 3.264931426392784775e-01 5.958566685526920370e-01 4.832981412515830466e-01 3.539531021371171704e-01 5.154806974964598609e-01 5.079979456303014285e-01 4.641302886158683028e-01 5.506504517370427454e-01 2.592373982167357482e-01 4.722223490291860282e-01 7.859812052223591472e-01 4.209669199950158980e-01 6.353287713126830605e-01 3.842220056991504373e-01 3.481494079778161832e-01 2.902031656728862874e-01 4.430569575330252641e-01 3.691697011002941786e-01
2.495614742092087113e-01 1.451768848776084919e-01 4.189424210968439866e-01 2.307204713903357463e-01 1.868401950809335799e-01 4.605676576935647804e-01 4.967029196511758560e-01 3.700223602400899425e-01 4.618174473926041079e-01 3.041595844986213493e-01 2.924369748085615672e-01 3.527274986229463893e-01 3.096956543232100567e-01 4.380315809130627680e-01 1.000000000000000000e+00 2.519747762701248783e-01 2.097309091985956608e-01 2.716889248014342506e-01 1.822312098810681402e-01 2.847039602751275655e-01 2.540098916437542043e-01 2.715090856039333866e-01 2.596928066701129079e-01 4.151362672891540928e-01 2.732080750788824508e-01 3.314096319131884516e-01 4.225619914103796448e-01 2.596537965584635455e-01 3.749166143020028485e-01 2.332301667416851743e-01 2.069585141244941473e-01 9.190675454662350363e-02 2.713190598775812035e-01 2.438817451644293421e-01 2.174501801755329700e-01 1.491649631154500499e-01 3.285335529128308174e-01 2.439449151377885983e-01 1.877361325765726230e-01 3.756892409639934760e-01 3.721510495123011020e-01 3.053523254900549766e-01 4.454243150723161682e-01 2.776693215391462521e-01 3.088660539878032019e-01 3.162324339421095365e-01 3.039267909820478342e-01 3.362120187422715234e-01 3.635059860321533942e-01 2.947324045889325728e-01 1.175566193975956242e-01 2.523198362255353877e-01 2.251427706529954276e-01 2.970657676844090100e-01 2.932625592307801510e-01 2.757716341074222255e-01 2.743527159532656023e-01 3.847215015293605767e-01 1.666211639567458380e-01 2.446989713859759885e-01 3.725181615082132081e-01 2.799799556929872812e-01 3.762409941456030804e-01 1.933096160580703715e-01 2.261205756249517751e-01 1.384460747270502556e-01 2.902624390900042095e-01 2.091070969456449435e-01
6.684179643214077648e-01 4.162274879029365104e-01 3.580973169714147253e-01 5.029445890359922622e-01 1.789443074009846035e-01 4.838073678444209103e-01 4.422520859646617564e-01 4.677153331734387187e-01 3.207163648362110764e-01 4.434412571322102758e-01 3.564149676478841622e-01 4.763899509473545346e-01 2.504924943868518938e-01 3.943601151720588227e-01 2.519747762701248783e-01 1.000000000000000000e+00 4.567593076734899338e-01 3.029259024490046914e-01 4.059214488239117902e-01 4.285262105340776895e-01 6.997805430696092399e-01 5.327997679072783432e-01 8.531827236542196546e-01 4.944363187519852376e-01 2.665686698692864565e-01 4.782914907953836892e-01 6.036330100676079446e-01 5.931422065592280024e-01 6.358066121893164446e-01 5.583468898998585894e-01 1.914582415457165565e-01 1.260624639954469606e-01 5.146978552347476477e-01 5.391783790857243019e-01 4.034426756333482356e-01 3.964325827140544045e-01 2.442553807447651326e-01 4.793106053958628987e-01 2.092945396229300981e-01 4.614337460276938807e-01 3.501145986777754460e-01 3.921462507690302579e-01 3.588657781988826012e-01 4.259482461302471212e-01 2.790484191306562556e-01 4.912980130096790132e-01 2.054105648785237714e-01 3.581348961348695958e-01 1.823076178375750978e-01 1.005699630837433523e+00 3.542174610986307259e-01 2.179658569660786471e-01 3.489805039174458945e-01 4.479380015758651634e-01 7.494183096904978303e-01 4.529437956887493733e-01 8.261747563772228187e-01 4.534956915020303958e-01 2.158640701750168533e-01 3.604640228351238540e-01 5.963559197285777103e-01 6.316946141171961848e-01 6.090922780400724879e-01 5.677640468102174154e-01 1.487450277951072042e-01 1.636918545043811457e-01 5.407162036957131601e-01 5.989090803520811246e-01
7.112870780652421621e-01 5.487541523891625861e-01 5.764775875095050628e-01 5.004454889207498036e-01 2.274316987759734121e-01 5.350076108906253181e-01 5.238253924630054126e-01 5.859703734349048787e-01 2.307680678784277406e-01 3.829147816766936274e-01 5.321047871135341500e-01 5.033748026401344555e-01 1.162821898640866575e-01 4.488368983218020136e-01 2.097309091985956608e-01 4.567593076734899338e-01 1.000000000000000000e+00 4.875475622546854848e-01 9.044084631447212308e-01 4.892486832072283631e-01 4.513119296254069490e-01 4.925442673396800419e-01 6.304403492548747989e-01 5.017252907484941460e-01 1.931504469496131693e-01 6.988940860352712559e-01 7.070493327287358243e-01 6.450464171066778718e-01 6.031650079765376038e-01 7.889053992518642033e-01 1.220151484177775247e-01 6.800652073387726537e-02 4.365822955726587073e-01 6.521060342323696801e-01 5.572597763751353517e-01 4.941074860855410034e-01 4.483549908235225923e-01 4.604506129394076996e-01 2.217685473735493684e-01 4.825366998987438150e-01 3.754387642217685284e-01 4.341157486108634389e-01 2.574144919867337733e-01 3.568423400904616738e-01 4.200509345002076955e-01 5.064586710257700242e-01 8.839455237140100841e-02 4.004954909720002676e-01 1.570347467676992126e-01 5.451380206395970429e-01 7.632712403294488190e-01 2.507354010598701333e-01 6.848204199372125434e-01 4.710782917338339759e-01 4.885138560215934733e-01 3.731305613734389737e-01 6.569073137241213667e-01 4.273130452678975399e-01 1.744552382210777242e-01 4.614856150838478333e-01 5.518178907778236164e-01 6.608314795955864129e-01 5.519233925151475484e-01 6.926712683339468768e-01 4.718155630642265064e-02 1.268236656664880058e-01 4.616904633775557598e-01 6.381521755999753909e-01
3.136782249538547229e-01 1.286867118125405995e-01 6.265148946693160914e-01 1.559292206186431995e-01 2.030880000983168177e-01 3.993906744678503706e-01 5.572673202523271696e-01 5.137109973116855688e-01 3.810411179339789900e-01 3.308276055442146424e-01 4.368470723535859968e-01 2.575228859447392660e-01 3.423954729669704822e-01 6.449905329180574132e-01 2.716889248014342506e-01 3.029259024490046914e-01 4.875475622546854848e-01 1.000000000000000000e+00 5.317285120670520726e-01 2.316302909977504820e-01 2.639255605039366182e-01 3.149013874125797252e-01 2.799075269558431445e-01 2.177618751103073680e-01 1.839502395343267926e-01 4.134072721678874185e-01 6.311193388067850574e-01 1.524352054356928332e-01 3.719319874462499453e-01 3.175634722925334552e-01 2.860177485737528391e-01 8.945819136161041463e-02 2.396140656750646025e-01 2.700349522329527074e-01 3.866160557378197637e-01 1.035016196169796510e-01 3.605196101372114548e-01 1.937156002826687651e-01 2.531384531114316827e-01 4.538082379680501433e-01 3.612947517612696280e-01 4.429526126921693452e-01 2.928502563270714565e-01 3.850595173919667547e-01 3.939907409398412663e-01 2.570249417994018293e-01 2.632385432832290983e-01 4.188783596362628536e-01 2.578798181926177935e-01 3.344535535214844812e-01 2.857878668874387351e-01 6.234558751219262396e-01 4.524354383780638811e-01 2.540855872681334615e-01 3.996975645098227448e-01 2.546008583046515117e-01 3.586584494566937287e-01 1.691152032182906273e-01 7.099373280852586121e-02 2.279331857412395523e-01 4.160976790817517701e-01 2.097118676228618694e-01 4.697021749228749155e-01 2.381386418806704375e-01 2.561864889225767272e-01 1.633741702925972372e-01 3.189387950178841358e-01 2.811665124412920380e-01
7.500377641736116763e-01 4.571886801411306767e-01 4.570010495221255575e-01 4.259785925930674177e-01 2.092319666518699384e-01 5.241677185403811334e-01 3.927864342379986939e-01 4.527539130050838301e-01 2.476582849239561679e-01 4.620039384031661700e-01 5.217485720437270436e-01 4.282846765996661809e-01 2.513678617591186826e-01 5.086519769902768662e-01 1.822312098810681402e-01 4.059214488239117902e-01 9.044084631447212308e-01 5.317285120670520726e-01 1.000000000000000000e+00 4.160441495946405333e-01 4.310718443608534400e-01 3.652702068206721275e-01 5.229339017705820769e-01 3.244613595660150729e-01 2.400352172460416822e-01 4.548291309033210550e-01 6.667684457587977898e-01 4.045497191144321603e-01 6.641260110206929079e-01 4.412123089257166120e-01 2.729702637468363613e-01 1.261638544910296533e-01 3.875234708687966823e-01 5.150044332123241420e-01 7.231981539105668544e-01 3.621514009775001486e-01 3.057653994270077003e-01 4.230682471009789003e-01 2.191003653411615071e-01 5.153339032723540658e-01 2.688191367831975764e-01 3.633600528887841463e-01 2.660845292202936307e-01 4.940711821588575359e-01 4.027849472921228857e-01 4.461542003112911603e-01 2.116325709681984302e-01 3.916919241118210770e-01 1.440513378223948482e-01 4.532936221664003451e-01 5.564926646059025206e-01 2.840674290599116136e-01 7.425401737364296650e-01 4.263552338326108693e-01 4.935792469882486766e-01 2.646923956884215112e-01 5.659260447885043899e-01 3.059248138640566217e-01 1.574362344929991220e-01 2.363086877896327376e-01 5.054751029855395483e-01 4.434341246084530508e-01 5.677081571271542781e-01 3.967604923606958267e-01 2.272883484483035343e-01 1.747164536296191562e-01 4.012142576975910035e-01 4.997160555850385100e-01
5.586846125894352477e-01 3.976231809717200583e-01 4.181625831249196623e-01 9.107293746582688643e-01 1.670291467250133166e-01 6.601731969210106188e-01 4.742345783508270518e-01 3.968286732536697170e-01 3.496723291985195381e-01 7.000809029099561709e-01 3.415645162702336535e-01 1.051068134208554383e+00 1.960586756741972414e-01 3.499996359104516896e-01 2.847039602751275655e-01 4.285262105340776895e-01 4.892486832072283631e-01 2.316302909977504820e-01 4.160441495946405333e-01 1.000000000000000000e+00 4.731422939747561562e-01 3.916398790174067113e-01 5.791172044958999843e-01 4.798459709090527880e-01 2.888832499392635644e-01 4.857552548953121829e-01 5.167396350097517299e-01 5.934378790723693342e-01 5.671767647828667158e-01 4.558453406170849265e-01 1.715498661920373813e-01 1.003827076972975685e-01 4.794035620171190337e-01 4.766461653273036392e-01 3.603272881115131554e-01 3.562644817259929542e-01 3.724091822675753560e-01 9.617754989734605964e-01 1.732085287505528703e-01 5.442794641470646289e-01 3.965329407465579270e-01 3.160096118431334755e-01 4.223049732760957298e-01 5.782025635562887400e-01 3.277749641611166220e-01 9.974265486341500342e-01 2.190996422183863201e-01 3.305066390227088813e-01 2.097591148541828043e-01 4.744990048858304110e-01 4.087593023155343119e-01 1.826664553753164499e-01 3.094535141147584101e-01 1.322503072953465031e+00 5.516399575792484411e-01 3.874330059973788432e-01 6.250477075877193256e-01 4.870556521297411123e-01 2.313843263529304917e-01 4.157346489988763549e-01 5.222195946588693571e-01 6.773528355522852040e-01 4.788311751905632851e-01 4.803382259970672696e-01 1.926771340181654413e-01 1.339231905694377722e-01 4.853972265211615733e-01 4.767621441952748507e-01
7.756537249020869496e-01 4.733633840471519472e-01 3.638305759932461969e-01 6.362243848765958276e-01 1.649020401358947674e-01 5.098593438262755129e-01 4.587224090854801206e-01 4.874047837346321410e-01 3.553921313814535909e-01 4.948318580820550427e-01 3.333861617844505187e-01 5.739012946329825615e-01 3.223514063873633706e-01 4.113594114874288277e-01 2.540098916437542043e-01 6.997805430696092399e-01 4.513119296254069490e-01 2.639255605039366182e-01 4.310718443608534400e-01 4.731422939747561562e-01 1.000000000000000000e+00 4.592663942159070922e-01 1.430710075894646494e+00 4.631463671460783749e-01 2.607857087947538788e-01 4.368335138814889995e-01 6.345372180740174173e-01 8.198644122067747508e-01 8.048729280552526788e-01 6.076714048562321668e-01 2.727074784255549278e-01 1.044619207226187285e-01 6.807190586373201846e-01 6.111187069720434017e-01 4.257320999901085257e-01 4.044944994625481183e-01 2.293007746479471531e-01 5.715686526234265985e-01 1.770100078717502246e-01 4.326566148539950918e-01 2.868018261050950257e-01 3.481692928553890010e-01 3.980452025749858236e-01 4.748800189197611710e-01 2.403663466847044128e-01 5.843938579410536960e-01 2.825307521280412404e-01 3.230914560413521430e-01 1.863712318208268215e-01 6.829799404779397509e-01 2.940401816026949056e-01 1.385380899226955898e-01 2.884035846292166139e-01 4.678457159058437287e-01 1.137878018527167967e+00 3.710831195133005855e-01 1.053475619416381903e+00 4.468773672633543081e-01 2.227325354008070635e-01 2.779495808618122621e-01 5.363273635782854765e-01 6.983706339641636562e-01 7.079899608024142754e-01 5.919919877441934819e-01 2.549089651928707068e-01 1.777602242751432082e-01 6.179605281884084089e-01 5.990413971288361950e-01
5.037139017125662477e-01 4.507378270718734870e-01 5.210030492272589298e-01 4.398999459962675829e-01 2.287261447868613740e-01 4.528322599239096857e-01 6.596606266891007486e-01 5.764725004171489253e-01 4.468861628988331502e-01 4.021023128536543312e-01 4.395518197235840363e-01 4.263540080121498432e-01 1.439607885046313429e-01 5.119748731666011743e-01 2.715090856039333866e-01 5.327997679072783432e-01 4.925442673396800419e-01 3.149013874125797252e-01 3.652702068206721275e-01 3.916398790174067113e-01 4.592663942159070922e-01 1.000000000000000000e+00 5.199681242691911454e-01 7.348340846278246241e-01 3.361581486369443761e-01 7.647930607403268244e-01 6.284833793106923139e-01 6.301708517683192179e-01 5.385162816945454622e-01 7.111401496995328753e-01 1.053826135505789574e-01 3.431668687975054227e-02 4.851975263281086970e-01 5.083971051852790302e-01 3.482827772041749981e-01 4.789801687029303645e-01 4.256749689828757677e-01 3.980498153809703954e-01 2.209937644457911077e-01 4.039049832455690048e-01 5.816963395091172551e-01 4.083835909165816624e-01 4.200071960096205537e-01 3.980295510266885772e-01 4.089086720618175796e-01 4.351490019241524010e-01 1.320444218283878812e-01 4.955921874009273087e-01 1.954019911846972546e-01 6.475106155076952863e-01 4.661174729604955491e-01 2.459275458145394888e-01 4.064765326848546190e-01 4.005484562392768177e-01 4.468357914870075276e-01 7.045056534967545359e-01 5.197854733918946257e-01 6.699980810872296910e-01 2.857364428426219516e-01 6.429569247821949052e-01 6.624212351530233134e-01 6.253227857436580717e-01 5.264225247310909683e-01 6.589235264054724706e-01 -2.965531011774408254e-03 1.457219436010051272e-01 5.092178486708160978e-01 5.858081985020899829e-01
8.994537723649390637e-01 5.817384466967744361e-01 3.987596208391392949e-01 7.283002647057540413e-01 1.959806914234809849e-01 5.749200983401603349e-01 4.680077008347613421e-01 5.365188341926119264e-01 3.182942098963220667e-01 4.933494831238021683e-01 3.877789955653232479e-01 6.558058266155534222e-01 2.782316598571014099e-01 4.026284763059329030e-01 2.596928066701129079e-01 8.531827236542196546e-01 6.304403492548747989e-01 2.799075269558431445e-01 5.229339017705820769e-01 5.791172044958999843e-01 1.430710075894646494e+00 5.199681242691911454e-01 1.000000000000000000e+00 5.262543737778833108e-01 2.741026711923572612e-01 5.389822595186768428e-01 7.242298975923717741e-01 9.448315493979325685e-01 8.434989125191176829e-01 7.345803861295864268e-01 2.285643266531518503e-01 1.224577768779355896e-01 7.247869897517303928e-01 7.266389609658416848e-01 4.674949872269449358e-01 5.155588406668418777e-01 2.614212914530644194e-01 6.568123024226451001e-01 2.090305983783420363e-01 4.968745880863926767e-01 3.161307010669069939e-01 4.035559948106551276e-01 3.823737954435629804e-01 4.592809212973930633e-01 2.841434763682518794e-01 6.776149725624623921e-01 2.446374929158049161e-01 3.446961832712240326e-01 1.822899612010934756e-01 8.526106673344727716e-01 4.233144495481302449e-01 1.184516335456125002e-01 3.407766654555221542e-01 5.691239317226970407e-01 1.081600135550495834e+00 4.188222944434731865e-01 1.293509450371549185e+00 4.886072811927460458e-01 2.510132929144527347e-01 3.554243875018458509e-01 6.365983864462908537e-01 8.621567320392673484e-01 7.286880899601821948e-01 7.442288296022885330e-01 2.058069228674105910e-01 1.683371144781380668e-01 6.625374335917798563e-01 7.279416066639123883e-01
