1.000000000000000000e+00,1.373539967979826026e-01,3.021988464470042324e-01,-9.377880496004867283e-03,-1.272408229891160147e-02,3.537552566566375123e-02,3.171843939458427464e-01,2.118455108328042291e-01,6.468139708690793469e-04,-2.032003184795712625e-01,2.625104194799048329e-01,-7.229467356771009101e-02,1.450424906015093142e-02,5.458531877924778231e-01,-1.213041221156652971e-01,4.149600408638206006e-01,4.389647835937811604e-01,3.107203121617668762e-01,4.683476271644422817e-01,-1.294141113255834474e-01,4.682235068237237119e-01,1.445664411856677489e-01,4.619418383494331981e-01,7.091269194525876007e-02,-8.299358938778937655e-02,2.212918389787519591e-01,2.737071608179483251e-01,2.053186349009198663e-01,6.846484939868946462e-01,4.114912917495806011e-01,1.703864840390861835e-01,1.283679728300065048e-01,2.498648995042707377e-01,3.129233352641995203e-01,5.839282864164985209e-01,3.543267295774855247e-02,1.016683478439303623e-01,1.806873255748913526e-02,-3.370099232472069384e-02,-2.693849480211672840e-03,2.149069190179336564e-01,1.554971891048522459e-01,1.616299071475606891e-02,-1.700493796826379744e-01,8.461746320047335013e-02,-5.746260442928965290e-02,8.365280588955244928e-03,4.060269348625694663e-01,-8.818190433999444078e-02,4.449600364958205545e-01,2.473241117355441110e-01,2.194883123263552671e-01,3.065702359987485526e-01,-1.177900137377602824e-01,4.696459059888017373e-01,1.648187600329896474e-01,4.393158781518205491e-01,1.035585168151315211e-01,-1.630269059809326126e-01,1.039842797308050820e-01,2.084881740623615587e-01,2.108120640198906659e-01,5.107396977324818454e-01,2.915669298012045774e-01,1.894484429195804065e-01,2.367983230710172735e-02,9.308654037867776510e-02,2.410647917538563945e-01
1.373539967979826026e-01,1.000000000000000000e+00,7.380975191544821012e-02,2.938427549874324529e-01,-5.985348258297065738e-03,1.733650347749201570e-01,4.548278060831532910e-02,1.363474811399512099e-01,3.953407108467834469e-02,5.337871377025849018e-02,1.645669895181927078e-01,2.073763885405869034e-01,-7.309552801598634408e-02,-1.536474018693972932e-02,-5.976808261879235085e-02,2.205051369875993816e-01,2.441868122491975823e-01,-1.949480721970439923e-01,1.499582853891811007e-01,1.967698442936662018e-01,1.920021780440187009e-01,2.948265976876680017e-01,2.659166533533234289e-01,1.629478493398016647e-01,5.831325995889327651e-02,1.607837276910700774e-01,1.227581471691522319e-01,3.471065439367702066e-01,1.367932262640033092e-01,3.032810170546628159e-01,-4.868585485997455747e-02,-1.950567761462053407e-02,2.016480071248373251e-01,3.670906089708342868e-01,2.625210151467569086e-01,3.885447553178496549e-01,1.419900639343719406e-01,2.951681844896912321e-01,-3.404773964895236888e-03,1.266364958923601181e-01,1.363690328659212525e-01,1.328493610167035544e-01,1.297403889377850283e-01,4.511484940849414677e-02,1.989923519703475918e-01,2.496562314286389084e-01,-1.332841571715195350e-01,7.739341202037149092e-02,3.223211068785002825e-02,2.728789318459906577e-01,4.379188331224208586e-01,5.057806359185981759e-02,2.755724226380695807e-01,2.006218369517726308e-01,2.507939734249700070e-01,3.473507419352836467e-01,3.436399834709073509e-01,2.940752494500731284e-01,6.585947681631762474e-02,2.552541647758593824e-01,3.438971504053282557e-01,3.280237794813893326e-01,9.849174464242249627e-02,4.135690157107961840e-01,2.220005048459319091e-02,3.824646410814648567e-02,2.398342437968739027e-01,3.938670429980985488e-01
3.021988464470042324e-01,7.380975191544821012e-02,1.000000000000000000e+00,-2.323066683007476291e-02,-2.878557960712235450e-02,3.156345522207321674e-01,6.719174687225573095e-01,3.586501002465172783e-01,1.356648889549185721e-01,8.585725821613136854e-02,4.799545233180963488e-01,2.016027065769028515e-01,1.200912004365449759e-01,3.685692599151867421e-01,8.020466384017460593e-02,1.799744394338366194e-01,6.328570989903302690e-01,4.007347182592346235e-01,4.377376490274185183e-01,1.633968716018064093e-01,7.188067184235867602e-02,2.038845189355236731e-01,1.980246436925033604e-01,2.853881478034243635e-01,-6.973480543648940752e-03,7.630840431623082676e-01,5.226759881382258000e-01,2.988505848414271249e-01,2.314100943112600839e-01,4.463690219933623693e-01,1.087119251818633586e-01,5.648482529575351435e-02,1.126894204537246952e-01,1.013746153686035933e-01,1.509524342163352795e-01,2.959938831867263767e-02,5.939184838701726532e-01,-1.956712479245666450e-02,-8.266900721389228157e-02,1.419783637939703858e-01,5.118573487147971557e-01,2.237779232574317045e-01,9.989190304744083315e-02,9.828154409210405895e-02,3.512738186649575489e-01,1.532627139605793609e-01,1.579081623769880427e-01,3.013549785054016050e-01,1.364876784693206391e-01,8.804203575044400321e-02,1.931982821232455794e-01,4.427624083037323688e-01,3.518144214828842764e-01,1.100073962804170857e-01,4.603578937026696349e-02,1.058119471953446883e-02,6.708275686424114426e-02,1.976079142234772879e-01,-6.858862435077790753e-02,4.801417661727173103e-01,3.415547973363294854e-01,1.958661497996273537e-01,2.081126149995544961e-01,1.159210396652372854e-01,1.542533093277894951e-01,-8.061856999348615202e-03,1.779657055617819283e-01,3.735422206739286155e-02
-9.377880496004867283e-03,2.938427549874324529e-01,-2.323066683007476291e-02,1.000000000000000000e+00,4.165646817820543336e-03,3.014302250278114159e-01,1.484624693696616204e-01,3.512576755575051723e-02,2.100425140161794602e-01,4.792116427130395651e-01,5.267428230054108096e-02,6.884545695110365626e-01,3.914824222240603085e-02,1.078592809296721571e-02,4.505872602420180756e-02,7.069622145625700793e-02,2.151180918063044789e-02,-6.743338962738792963e-02,3.765512459197293410e-02,7.477213609120190174e-01,7.581196857277937295e-02,4.036447980349298637e-01,4.148598447276188872e-02,2.814900751010017688e-01,9.241165844491519565e-02,5.412195338612795642e-02,1.037604021142738420e-01,4.291079436643506773e-01,1.692451836055357522e-03,3.566614060771803457e-02,2.458826129610427666e-02,5.468793106533053651e-03,1.805169121109777841e-01,1.912322894198885681e-01,8.900471687056527026e-02,2.823444209941342042e-01,3.233198962928311021e-02,9.409292246034467455e-01,-4.814768957990467856e-03,3.586629911851387797e-01,1.388029950523490819e-01,5.205440225373561547e-02,3.008700639591910808e-01,4.565828024456586309e-01,3.949762880271928678e-02,7.423582779653261632e-01,-5.222373431468500804e-02,3.533173915347284644e-03,9.566762154126132178e-02,1.352919668281466481e-01,2.103608437483228399e-01,-2.418199488449818135e-03,8.834275433011827550e-02,7.850743131676711783e-01,1.498019400939973045e-01,4.003557995250592305e-01,1.971360524456120533e-01,3.595552093524208015e-01,1.000672533029835498e-01,1.118452347632663130e-01,2.193773383019861356e-01,4.109947796703177225e-01,4.822527326773973916e-02,2.112599955963278542e-01,1.229996399258205877e-02,3.069703580485317381e-03,1.622308475096093938e-01,2.611380908162432291e-01
-1.272408229891160147e-02,-5.985348258297065738e-03,-2.878557960712235450e-02,4.165646817820543336e-03,1.000000000000000000e+00,5.077843672571001610e-02,-4.513541938307662205e-02,1.495273514349426125e-01,-1.629697007663276007e-02,-1.319411594894750461e-01,2.100786480542212245e-02,-5.046052250132940231e-02,-3.689682774860844616e-02,-5.385985999147952646e-02,1.329679016355882759e-01,7.461380248967380835e-02,-1.372309686476448805e-02,8.278168891837169030e-03,-5.569195064078227148e-02,-3.990396901899111864e-02,5.713921194712045376e-02,-1.565057044768788236e-02,7.085502868814720634e-02,-8.451678112780355856e-02,-1.183674550445047713e-01,-2.768694482942011745e-02,-1.415363820026225850e-01,-4.473383594495496281e-03,1.446121204307195852e-02,3.467048572461985806e-02,-1.529266538154107069e-01,1.305752001370600879e-01,1.351702746496174015e-02,8.600925647916807248e-02,-1.025762261754539079e-02,-4.064726417657543028e-02,-5.352150133943528454e-02,1.268578423084511589e-02,4.088696344963747842e-02,-3.873443872151695767e-03,-4.142628308129497894e-02,9.560764593099606301e-02,-2.974514873885479582e-02,-1.343801674667474688e-01,5.695153170961416572e-02,-7.692066191694200972e-02,-2.454882153300750811e-02,-1.060330591771774245e-02,6.329756423662567799e-02,3.632218491369954005e-02,-1.195284912694777411e-03,3.250825394827430714e-02,-3.758745770377706907e-02,-5.658912210180228053e-02,5.057279207474635330e-02,-4.019226938695694834e-02,5.193165331055528411e-02,-7.936687482692350581e-02,-6.431964916595377113e-02,-1.505052305729491675e-02,-1.267535571479550538e-01,-2.680162217012964018e-02,4.153818038615068875e-02,2.290131084161956335e-02,-1.074869798286593181e-01,5.933442882665960344e-02,-7.043689294115021426e-02,3.110025815750586814e-02
3.537552566566375123e-02,1.733650347749201570e-01,3.156345522207321674e-01,3.014302250278114159e-01,5.077843672571001610e-02,1.000000000000000000e+00,4.143085732277457800e-01,4.660278851242469211e-01,1.080994851961869507e-01,4.185214315879148828e-01,2.072324384771395411e-01,5.964481119374432927e-01,5.655175711014981399e-03,1.539872218443883237e-02,1.638588190199701811e-01,2.121325009407444007e-01,2.178020984115856262e-01,-2.091861725784967263e-02,1.178365863187210427e-01,4.718471700796911250e-01,3.625910148492811347e-02,2.442872962615643129e-01,1.534119328451377384e-01,2.202139226286108087e-01,-3.700791500350300578e-02,2.978417311514116594e-01,1.166882594667952994e-01,6.374680251086368710e-01,3.271497103486255276e-02,3.058255238358049688e-01,-3.016144997566404251e-02,3.415943889776551501e-02,1.914003424170305778e-01,1.735198709517797311e-01,5.163835715827943401e-02,1.800180234498640619e-01,4.254497199654437845e-01,2.932795530977935772e-01,-3.851556197505687923e-02,7.134775075522437060e-01,4.355035360358134877e-01,4.081129276020783458e-01,1.191229327869777199e-01,4.228505687636454624e-01,3.550587705874357902e-01,5.704493592554880088e-01,8.347940991394676991e-02,1.480614174958086171e-01,3.005648144482591655e-01,1.330463594182307030e-01,2.538988664490142155e-01,3.094511485562219666e-01,3.092446000271925066e-01,3.939155642732883877e-01,4.454521881826938728e-02,1.594260629082690506e-01,1.715352928938762567e-01,2.925690912463327353e-01,-3.735051196311019173e-02,3.291910654731219354e-01,2.691580534439810268e-01,5.572624238828384202e-01,7.548807514558159015e-02,2.646031793969601531e-01,8.233479704314379533e-02,6.137531298563066173e-02,1.768388699835949651e-01,2.210049364417659146e-01
3.171843939458427464e-01,4.548278060831532910e-02,6.719174687225573095e-01,1.484624693696616204e-01,-4.513541938307662205e-02,4.143085732277457800e-01,1.000000000000000000e+00,3.066909717766591603e-01,3.881952783493589076e-01,2.088215262008433493e-01,3.566139971837332667e-01,3.130587964471029383e-01,2.540959832935652529e-01,4.950912735005608689e-01,1.981706338940819323e-01,2.518840615564483243e-01,3.320433116259331463e-01,3.729456583519974999e-01,2.071767777071215066e-01,2.301538980006346269e-01,1.638479611525603952e-01,4.320090050392272341e-01,1.940878673320551029e-01,6.136526432081323978e-01,1.187000733883648296e-01,6.339266435753126983e-01,4.981045870563672873e-01,4.169851408986177121e-01,2.757719058085373320e-01,4.279838457693161957e-01,2.223051212828429934e-01,1.401891875345421812e-01,2.386482637338621371e-01,1.094398806135811891e-01,2.012649271656450078e-01,3.311410077623123949e-03,5.699020696700473065e-01,1.561477579816225869e-01,-8.412212934037709144e-02,2.498301296777593328e-01,7.133097795720616530e-01,1.823476378003628662e-01,3.828460704959229521e-01,2.293376030166248136e-01,2.833246671663960936e-01,3.068993486094688250e-01,3.375425692624000051e-01,4.645880428838182752e-01,2.292733410650078518e-01,1.923764435043509302e-01,8.644571878954585009e-02,4.147345803070002224e-01,2.475298010865299714e-01,2.168012392319801362e-01,1.605241838590676096e-01,2.132003002675021963e-01,1.395025556817251211e-01,5.369422282669820135e-01,5.129903919309952709e-02,4.551943977788313056e-01,4.199582219236223657e-01,3.221934924183046944e-01,3.078630013132814813e-01,1.772315441333496833e-01,2.605369742559409119e-01,5.951305646377073877e-02,2.090539512897133523e-01,1.135501731958519500e-01
2.118455108328042291e-01,1.363474811399512099e-01,3.586501002465172783e-01,3.512576755575051723e-02,1.495273514349426125e-01,4.660278851242469211e-01,3.066909717766591603e-01,1.000000000000000000e+00,-2.169873277284443680e-01,-9.417821068383108729e-02,4.007574336536724458e-01,6.326420410059582777e-02,-1.569142753545476054e-01,1.953169367356021313e-01,5.298031765984441421e-02,3.423545475544224059e-01,3.807437204616250237e-01,2.173324883441756505e-01,3.138850558042175498e-01,9.105402142028345969e-03,2.505368437510607227e-01,5.744846635306598975e-02,4.263382337202689665e-01,-1.204724670585444468e-01,-3.927167927782774237e-01,2.934426818433204520e-01,-6.122290579875372396e-02,5.160611656518859780e-01,2.068126781086516153e-01,6.178962987557118369e-01,-1.606533483033853738e-01,9.634105670189731241e-02,1.667860401843631601e-01,3.203633691093040192e-01,1.643533206816825687e-01,4.131369454156222365e-02,2.692980503908078416e-01,6.371850738721608620e-02,3.888990462390483349e-02,3.005068911334302650e-01,2.762948943132385593e-01,5.987593876365460144e-01,-1.773708206970643908e-01,-9.435933980792048092e-02,4.031877578630211900e-01,5.858405473914924527e-02,-8.120358898553388383e-02,2.455865007035885339e-01,1.169886503187277105e-01,2.931361393810175131e-01,3.192710515122494930e-01,4.056506748459604017e-01,3.302996371128450459e-01,-3.414560078285063666e-02,2.480688810061233152e-01,-1.685531025658204562e-02,3.791726999436501044e-01,-2.426288616293107228e-02,-3.214988925554318477e-01,2.297893730864003503e-01,-5.016053483887284760e-03,4.558976124096075777e-01,1.817953153804551247e-01,4.282061047628771266e-01,-3.331323731451453496e-02,1.312264429275160904e-01,5.737031843435380640e-02,2.969131557285657474e-01
6.468139708690793469e-04,3.953407108467834469e-02,1.356648889549185721e-01,2.100425140161794602e-01,-1.629697007663276007e-02,1.080994851961869507e-01,3.881952783493589076e-01,-2.169873277284443680e-01,1.000000000000000000e+00,2.341008471948260450e-01,-3.390367935764625890e-02,2.624089982199078186e-01,3.870910834537025225e-01,9.158115608092225191e-02,2.806491366910284224e-01,6.885345739680739929e-02,-1.017535438705877981e-01,-2.738813882868178576e-02,-1.710666214383971540e-01,2.538813908677658993e-01,5.216146984551405658e-02,4.080868833314121868e-01,-5.754822349252017993e-02,6.112970793875968090e-01,4.179442209211443049e-01,1.950571992245068442e-01,3.773458831959537463e-01,2.648550565355273830e-03,1.138986105580606784e-01,-1.730808808717285985e-01,1.679052319125979020e-01,9.462378511109029167e-02,1.409960149388684580e-01,-6.677171282819896470e-02,-2.075853519636070357e-02,3.637936771963033028e-02,7.595669157720584541e-02,1.841762903828937092e-01,-3.200309059309416893e-02,2.700585987853347872e-02,1.885811604891245163e-01,-2.602523162611167229e-01,5.253756520658309226e-01,2.452981031799728040e-01,-9.276711068468215804e-02,2.267846928242590321e-01,3.693812951366281516e-01,5.906737062195292071e-02,1.756312422798127770e-01,1.568796124052924609e-02,-2.329275964947944422e-01,-1.363369259752555684e-01,-1.827302455777033707e-01,2.768790514984966755e-01,6.282080256360153547e-02,2.425576907991754960e-01,-8.492626179696116662e-02,4.443443675124574832e-01,3.620184121355440876e-01,9.057807026722498878e-02,2.274474010967897364e-01,-4.646916445678686558e-02,1.803994848803797679e-01,-1.819270378247767606e-01,6.699968579584023032e-02,2.622390591561539822e-03,1.957510163330581088e-01,-3.515519211797171056e-02
-2.032003184795712625e-01,5.337871377025849018e-02,8.585725821613136854e-02,4.792116427130395651e-01,-1.319411594894750461e-01,4.185214315879148828e-01,2.088215262008433493e-01,-9.417821068383108729e-02,2.341008471948260450e-01,1.000000000000000000e+00,-1.161935876252542625e-02,6.636437094826185268e-01,1.400811631334064611e-01,-1.112351819567098006e-02,-1.072863158123338150e-02,-1.175732466163168788e-01,1.013910719436377297e-02,-2.652531838151342067e-02,1.982992186819302477e-02,6.513970257145449416e-01,-1.933949683457965585e-01,2.649253509480763991e-01,-2.002775638591525187e-01,2.726864059436738819e-01,2.543101699581614694e-01,1.661660370247275698e-01,2.722641800153417502e-01,2.701671637728181308e-01,-1.525046369413562142e-01,-1.046976097652534549e-01,1.589528374445422498e-01,-1.927695118524974313e-02,4.266277606527761612e-02,-1.082864233606675580e-01,-1.132941210778757729e-01,1.559774272127014139e-01,1.806617864060308665e-01,4.466441424128100302e-01,-1.061262632199415079e-01,4.581244382954786087e-01,1.836483162601073582e-01,-2.877474864896200149e-02,2.220207110218059554e-01,9.565301531047329942e-01,-3.862749161404382871e-03,6.554081461621394933e-01,8.633728326487827287e-02,1.086058265856381169e-03,6.304543622019508076e-02,-1.348498679164805980e-01,3.279354907773526784e-02,4.319599078561683902e-02,9.142228640622658553e-02,6.239178567534975350e-01,-1.661073863199419021e-01,2.132095075302546938e-01,-9.631386320572593585e-02,2.675985821273104137e-01,2.286887897723309249e-01,1.616655111553181035e-01,3.122869332955745536e-01,2.300705914372140337e-01,-8.763355153336370440e-02,-2.939102001379186729e-02,1.859811829475618850e-01,-5.609167656169947169e-02,1.324712339543448469e-01,-2.682836546522028229e-02
2.625104194799048329e-01,1.645669895181927078e-01,4.799545233180963488e-01,5.267428230054108096e-02,2.100786480542212245e-02,2.072324384771395411e-01,3.566139971837332667e-01,4.007574336536724458e-01,-3.390367935764625890e-02,-1.161935876252542625e-02,1.000000000000000000e+00,9.774078387715129379e-02,7.809210212891125324e-02,3.825749594472970250e-01,-4.075717128411893153e-02,2.360354279146434642e-01,5.493895049995037860e-01,4.388607829703476959e-01,5.629440659910607270e-01,9.919831206957904768e-02,1.783506135134602655e-01,1.905620878864444367e-01,2.872508361386226228e-01,9.821076175315411258e-03,-7.301868480289588903e-02,5.000459949654266767e-01,3.005412959822884034e-01,2.281762631375572059e-01,2.658584662938371923e-01,4.357952220812036370e-01,7.140755735376944080e-02,9.407329145483975252e-02,1.956651555174091506e-01,2.768626596974210208e-01,2.016720161378881548e-01,1.015071236383454367e-01,2.568127675856756165e-01,8.193160278179789646e-02,5.341876470288227374e-03,8.989433669887129941e-02,1.814860262696177118e-01,1.794545187502002426e-01,-4.987086890805632333e-02,-5.934999259943270732e-03,3.148478633548038030e-01,9.278193441999244007e-02,-4.228025844250793419e-02,2.196329374722003347e-01,-6.822048520362503088e-02,2.151883023457182575e-01,2.852382433417718355e-01,3.466186532800020759e-01,4.212495470516613438e-01,6.664342612274892774e-02,1.833727178328441176e-01,4.269700632701805415e-02,2.190086329234463836e-01,-4.168400033480765092e-03,-1.118968033875635121e-01,2.282473083754073540e-01,1.918061205358264909e-01,1.620119526844244762e-01,1.905748056611170360e-01,2.069648055499288264e-01,1.020249823135803147e-01,-1.488646849341989688e-02,1.437182383723629164e-01,2.259690825243037549e-01
-7.229467356771009101e-02,2.073763885405869034e-01,2.016027065769028515e-01,6.884545695110365626e-01,-5.046052250132940231e-02,5.964481119374432927e-01,3.130587964471029383e-01,6.326420410059582777e-02,2.624089982199078186e-01,6.636437094826185268e-01,9.774078387715129379e-02,1.000000000000000000e+00,7.636348851631472034e-02,4.901072627880710773e-04,8.728331496705762915e-02,4.565605818288755863e-02,1.266383321739959211e-01,-3.889118882372253477e-02,8.011656549830326046e-02,8.358996728037545454e-01,-6.322795606969379423e-02,3.504768833548281837e-01,-4.701636508359200578e-02,3.374226697315201862e-01,1.496649201390203576e-01,2.230304648123009048e-01,2.426619104598576326e-01,5.230086960315414313e-01,-6.767767522100268107e-02,6.361148419609621851e-02,1.053322619458783999e-01,-4.276344574593066161e-02,1.829827832525167119e-01,7.567876670555274965e-02,-1.987309226903379022e-02,2.511483829637725651e-01,3.042888969775082719e-01,6.585423251521355104e-01,-4.336541385047696512e-02,5.814692703468501422e-01,3.131811314565327020e-01,9.103587432534253343e-02,2.937954624587730268e-01,6.492672153516122480e-01,1.522241513004558011e-01,8.844006487168928343e-01,6.084808077028720091e-02,3.080339907629467411e-02,2.053737865545051666e-01,3.111484804780986074e-02,2.129657078070670562e-01,1.146397852302106779e-01,1.965996013506415285e-01,7.828282790565236349e-01,-2.427002647100165098e-02,3.071055271501504369e-01,4.745929107407086123e-02,3.892239445724008373e-01,1.408156964843147174e-01,2.554907101831848659e-01,3.730827331014195392e-01,4.604971077489393161e-01,-4.423832914364687202e-03,1.356735267348875562e-01,1.283921583474606498e-01,-6.373886949531879821e-03,2.267918911140972271e-01,1.476623752065701900e-01
1.450424906015093142e-02,-7.309552801598634408e-02,1.200912004365449759e-01,3.914824222240603085e-02,-3.689682774860844616e-02,5.655175711014981399e-03,2.540959832935652529e-01,-1.569142753545476054e-01,3.870910834537025225e-01,1.400811631334064611e-01,7.809210212891125324e-02,7.636348851631472034e-02,1.000000000000000000e+00,2.521189824201081620e-01,1.551649808575223943e-01,9.549579570925406657e-02,-4.656601423497725573e-02,1.804085725421482322e-01,1.508201805125976812e-02,9.828563962367516116e-02,1.067834460076793612e-01,1.849766135916331156e-01,-9.600762265851695357e-03,2.473023409817656781e-01,4.542367515918754317e-01,1.086062379249717325e-01,4.462563725652065050e-01,-1.338201589598535524e-01,1.884815163775486468e-01,-2.648908918802960755e-01,3.526075801058698445e-01,1.407482495061688765e-01,1.065391185421003944e-01,-6.404420722740436500e-02,-4.072247956533624896e-02,-1.402876670020514194e-01,-1.059342449502370803e-01,2.485868562147377017e-02,-2.725713885483917187e-02,-4.149899430265333727e-02,-3.859801124161910818e-02,-2.869006732830376438e-01,2.536291729614507662e-01,1.414912991057521718e-01,-1.624827969316888221e-01,5.668273768978533689e-02,4.433549476768084419e-01,1.501403617743725660e-01,-1.395774611117726362e-02,3.880282179773852230e-02,-3.890086841421752095e-01,-1.193420909759738274e-01,-2.110328452951203138e-01,9.402147373050949442e-02,7.734040341882672531e-02,-6.732667949212971584e-03,-9.912176298399195951e-02,4.775549970261716570e-02,3.517956276203871302e-01,-1.491111556602295884e-01,1.414178311174258962e-01,-1.695105793904588265e-01,1.897135446572234818e-01,-3.640797918909098874e-01,1.184617229240169795e-01,-1.105458181053352133e-02,1.005886770245953965e-01,-1.264625157284710588e-01
5.458531877924778231e-01,-1.536474018693972932e-02,3.685692599151867421e-01,1.078592809296721571e-02,-5.385985999147952646e-02,1.539872218443883237e-02,4.950912735005608689e-01,1.953169367356021313e-01,9.158115608092225191e-02,-1.112351819567098006e-02,3.825749594472970250e-01,4.901072627880710773e-04,2.521189824201081620e-01,1.000000000000000000e+00,-1.542527292547581919e-01,2.938536049731912958e-01,4.433805493707253520e-01,6.499299680646682953e-01,6.017909952545393848e-01,-6.786390626826624417e-02,4.018956162365171503e-01,2.026447055318169044e-01,3.119352111727050625e-01,2.021036967120504874e-02,7.511716241053507936e-02,2.121950659842717080e-01,5.442950413461417059e-01,1.246579226913309829e-01,4.934905005404792155e-01,2.921722667355531877e-01,5.434332603840676956e-01,2.660740243830929108e-01,1.562969564283065160e-01,1.696912139448475687e-01,3.224175290436578911e-01,-1.503600188649341640e-01,9.299736096334351720e-02,2.238535112450216677e-02,-7.507773710357511232e-02,2.439096521419476665e-02,2.178107142093383963e-01,3.108244626169302111e-02,6.444985587271312433e-02,1.737370315424394129e-02,-5.249835865160350050e-03,2.928708840438547234e-02,1.751623196456133791e-01,6.632430468818003577e-01,-2.046938707044589634e-01,3.279965582002202784e-01,2.268094835230394582e-02,2.910122279390004452e-01,3.154086870551185418e-01,-6.664512260161729873e-02,3.931403646451304135e-01,3.840849662090120575e-02,3.110978054121791292e-01,-1.123584746544663109e-02,-8.550191986238447894e-02,-4.768453261898720347e-02,3.200965458841053546e-01,1.741667185843334686e-01,3.290660021210519703e-01,1.014487212705029590e-01,3.829414865305251214e-01,2.114190741106538110e-02,7.047785438088645382e-02,1.083537189636505776e-01
-1.213041221156652971e-01,-5.976808261879235085e-02,8.020466384017460593e-02,4.505872602420180756e-02,1.329679016355882759e-01,1.638588190199701811e-01,1.981706338940819323e-01,5.298031765984441421e-02,2.806491366910284224e-01,-1.072863158123338150e-02,-4.075717128411893153e-02,8.728331496705762915e-02,1.551649808575223943e-01,-1.542527292547581919e-01,1.000000000000000000e+00,6.371833318501657351e-02,-1.448004265319964567e-01,-6.091342112362699290e-02,-2.554876205429078007e-01,8.890271117634804265e-02,-3.666856535128211469e-02,8.930932823769298368e-02,-4.309579945701864923e-02,2.730159167600502701e-01,5.518852487036515070e-02,9.333922324588392327e-02,-1.634682368637172326e-02,2.272248237012989766e-02,-2.557782915639978880e-02,-8.309945797657225519e-02,-1.116158139068049726e-01,4.832246006048229042e-02,4.717868835778363940e-02,-5.236145089998028856e-02,-1.222628709096718197e-01,-3.991160270461271281e-02,8.659174763500596117e-02,3.810748531962685620e-02,6.079794280691774161e-02,3.799533208970351517e-02,1.324575601828345550e-01,-2.671951056328331423e-02,2.237964193391574208e-01,-6.938281816000166011e-03,7.188419329196191199e-02,4.950626201417106242e-02,2.226327428322025792e-01,-7.270285680910953952e-02,2.739798953831012462e-01,-2.775542849704694393e-02,-1.746581263360745540e-01,-9.970469791987528543e-03,-1.645446651195167087e-01,7.370708959160758578e-02,-5.557231543362074755e-02,-3.072273893776968166e-03,-1.005773165616247605e-01,1.973085347467410378e-01,8.584212568185908832e-02,8.250148087147632370e-02,-6.656725136875650539e-02,-3.604528068385315365e-02,7.240589308284221814e-02,-1.343068319817931899e-01,-1.151066694472459573e-01,6.160618943870926900e-02,5.044606044934125955e-02,-4.913474570202275293e-02
4.149600408638206006e-01,2.205051369875993816e-01,1.799744394338366194e-01,7.069622145625700793e-02,7.461380248967380835e-02,2.121325009407444007e-01,2.518840615564483243e-01,3.423545475544224059e-01,6.885345739680739929e-02,-1.175732466163168788e-01,2.360354279146434642e-01,4.565605818288755863e-02,9.549579570925406657e-02,2.938536049731912958e-01,6.371833318501657351e-02,1.000000000000000000e+00,2.584222443855448970e-01,1.339713323069756379e-01,2.666231561212357715e-01,-2.397014929239934394e-02,6.775394874099075482e-01,2.174817169890295998e-01,7.050519273738613535e-01,6.030322696091808266e-02,-9.094047008098794793e-02,1.160480307666566513e-01,1.864724618973745418e-01,4.483488395460450415e-01,5.758357524465050892e-01,4.560397977337025122e-01,4.032997260878203039e-02,7.464234814797128525e-02,4.190339546149441374e-01,4.366896876944607042e-01,4.132505133834827316e-01,1.127413896482520606e-01,1.176642969942645334e-01,1.155475301181517478e-01,4.182616403925821374e-02,1.592643835182032397e-01,2.216756704366490138e-01,3.136874756559311916e-01,8.362643337722935888e-02,-9.698118218897656961e-02,2.267884243608860872e-01,5.701137218431976544e-02,8.482681707688312367e-02,3.515654841663988228e-01,6.211003550320339656e-02,6.539791730853210527e-01,2.365114301371051275e-01,2.242735957074186715e-01,2.899451061391982165e-01,-3.236916352086519066e-02,6.578826116807872104e-01,2.105231780726631863e-01,6.312211398663075679e-01,1.565251945361258445e-01,-9.403322466576902183e-02,1.268510470067729934e-01,2.280006024012254384e-01,4.104031770832828885e-01,5.174431440531811477e-01,3.843105656746297338e-01,9.854140026763136273e-02,1.253451794460150037e-01,2.096847417143389569e-01,3.894961673930525392e-01
4.389647835937811604e-01,2.441868122491975823e-01,6.328570989903302690e-01,2.151180918063044789e-02,-1.372309686476448805e-02,2.178020984115856262e-01,3.320433116259331463e-01,3.807437204616250237e-01,-1.017535438705877981e-01,1.013910719436377297e-02,5.493895049995037860e-01,1.266383321739959211e-01,-4.656601423497725573e-02,4.433805493707253520e-01,-1.448004265319964567e-01,2.584222443855448970e-01,1.000000000000000000e+00,3.581184884196358387e-01,7.552802455299361117e-01,1.200134662690524184e-01,2.008407375708741727e-01,1.389495929269046470e-01,3.493580940926621636e-01,-1.831411410710804405e-02,-8.908590615383089883e-02,5.628291422149090950e-01,4.551045669451324605e-01,2.906309137103681439e-01,2.911602671731128855e-01,5.134186995594235414e-01,1.474034824112172293e-01,9.838902289954067071e-02,1.084904376788447949e-01,2.581314181807238817e-01,3.140379967649077342e-01,1.216527083558989475e-01,3.331034546105182126e-01,3.240379496639717721e-02,-5.554346654519985022e-02,1.185850813522299346e-01,2.261276925988343345e-01,2.134792551225341561e-01,-9.294527377658960698e-02,1.598965765993164145e-02,2.607522172531649973e-01,1.316815106621264941e-01,-1.158176754988910345e-01,2.708947507987953252e-01,-1.048229611615035528e-01,2.462412151052394971e-01,4.038477908370076142e-01,3.199742811832213540e-01,5.074367700165075545e-01,7.124336539503961507e-02,2.044695526930058460e-01,4.472336977677400516e-02,2.533364640805263468e-01,1.293052882468998313e-02,-1.778343377662936209e-01,2.779988348876085147e-01,3.435859496276609804e-01,2.468526816569338034e-01,1.261829929581121112e-01,2.568369803189868850e-01,1.227606123867180654e-01,-5.526358237677026809e-03,1.361910637792264067e-01,1.891424750700749502e-01
3.107203121617668762e-01,-1.949480721970439923e-01,4.007347182592346235e-01,-6.743338962738792963e-02,8.278168891837169030e-03,-2.091861725784967263e-02,3.729456583519974999e-01,2.173324883441756505e-01,-2.738813882868178576e-02,-2.652531838151342067e-02,4.388607829703476959e-01,-3.889118882372253477e-02,1.804085725421482322e-01,6.499299680646682953e-01,-6.091342112362699290e-02,1.339713323069756379e-01,3.581184884196358387e-01,1.000000000000000000e+00,5.404220805027762919e-01,-3.771978123874066696e-02,2.281926574909099170e-01,-3.182099889152636366e-03,1.755401110867145786e-01,-1.857484863595669777e-01,-1.029626480149109236e-01,3.125407458932439320e-01,3.017317389354470247e-01,-5.297379521106336531e-02,3.117657308923833526e-01,1.825631874142693567e-01,2.167993714009115447e-01,1.749284537530766959e-01,7.430410942365983651e-02,3.502112725488647216e-02,1.003838322207810801e-01,-2.490414041090167896e-01,4.675345129179706710e-02,-4.677408253352176304e-02,-4.081210845173408042e-02,8.102965647924219653e-03,1.122696099416188725e-01,3.570223095739441521e-02,-7.807865085459497756e-02,-6.274381089992464751e-03,1.967135860144863038e-02,-4.011007230380479044e-02,7.893895035011380679e-02,3.383280017112589300e-01,-1.314924748768874774e-01,1.365794363845865000e-01,-9.772366954030953234e-02,3.316457254783283237e-01,1.725801364692789719e-01,-3.372739534006797407e-02,2.001010264846438680e-01,-1.620246782316892009e-01,1.094634737403129554e-01,-2.689595278070918138e-01,-1.858361933452649661e-01,1.578483187304393015e-03,-3.903672448463881700e-02,-3.723186724293281458e-02,2.516976908695273130e-01,-6.113396825757357045e-02,1.022240795631961657e-01,-3.748364480245525154e-02,-8.211570838285766824e-03,-5.235193481441821617e-02
4.683476271644422817e-01,1.499582853891811007e-01,4.377376490274185183e-01,3.765512459197293410e-02,-5.569195064078227148e-02,1.178365863187210427e-01,2.071767777071215066e-01,3.138850558042175498e-01,-1.710666214383971540e-01,1.982992186819302477e-02,5.629440659910607270e-01,8.011656549830326046e-02,1.508201805125976812e-02,6.017909952545393848e-01,-2.554876205429078007e-01,2.666231561212357715e-01,7.552802455299361117e-01,5.404220805027762919e-01,1.000000000000000000e+00,7.211681358146584953e-02,2.832269963850763128e-01,1.072030335639286291e-01,3.412093210514460240e-01,-2.072006336222873835e-01,-8.652054497706081204e-02,3.757046103344605092e-01,4.222092688299312058e-01,1.925503732649214150e-01,3.318384367670583757e-01,3.957513345900504631e-01,2.501852659333304030e-01,1.172340434301687162e-01,1.154538906598308184e-01,2.407770802827547407e-01,3.142951656951559758e-01,3.513826559377068032e-02,1.015329804406832626e-01,6.072491628786520074e-02,-4.980899264567673068e-02,1.036598581957668685e-01,2.936304659350525911e-02,1.255287049403173427e-01,-1.699660243902686163e-01,3.211461886861798759e-02,1.341394150108836392e-01,1.110982169289266297e-01,-1.386955367265285122e-01,3.311044366663061789e-01,-2.377597034624511496e-01,2.942181239256871361e-01,2.951881174859978252e-01,2.778915838144526140e-01,5.207598039726284433e-01,3.597617655121174152e-02,2.831456656838028385e-01,1.034038850031776362e-02,3.067296647332713455e-01,-1.712316892593097606e-01,-1.824216619367416137e-01,4.058546887020843957e-02,2.567970053420662868e-01,1.965046480771581727e-01,1.465847764063308578e-01,1.931155784008117271e-01,1.892109747576161682e-01,-6.441648623318195488e-02,9.138873925995423531e-02,1.665980803655142395e-01
-1.294141113255834474e-01,1.967698442936662018e-01,1.633968716018064093e-01,7.477213609120190174e-01,-3.990396901899111864e-02,4.718471700796911250e-01,2.301538980006346269e-01,9.105402142028345969e-03,2.538813908677658993e-01,6.513970257145449416e-01,9.919831206957904768e-02,8.358996728037545454e-01,9.828563962367516116e-02,-6.786390626826624417e-02,8.890271117634804265e-02,-2.397014929239934394e-02,1.200134662690524184e-01,-3.771978123874066696e-02,7.211681358146584953e-02,1.000000000000000000e+00,-1.146247802496452722e-01,3.222032718856347455e-01,-1.005733572773837153e-01,2.975326951150729649e-01,1.672315908541407437e-01,2.357205731797261117e-01,2.372116344187039094e-01,3.616421444561747078e-01,-1.261796421082715947e-01,-2.392954417983603199e-02,4.950319161417045255e-02,-2.850748002888611049e-02,1.447261054890860432e-01,3.805425887512748490e-02,-5.300039447744215454e-02,2.517718787316216567e-01,2.089665513870773705e-01,7.036308619488039762e-01,-2.389528322622029577e-02,4.578109862006313757e-01,1.932726897005353217e-01,2.551479653303568781e-02,2.813006154194602759e-01,6.230999415117173257e-01,1.058669602110520469e-01,8.271871719554850788e-01,1.320081334618879686e-02,-8.004973084013375373e-02,1.865590705327866694e-01,-3.729216894115528619e-02,1.499415106426170985e-01,2.268471544974581464e-02,1.137038746880364853e-01,9.095853428827269660e-01,-8.139720767385352773e-02,2.812766866871714844e-01,-3.323609617015660378e-02,3.127812156654806164e-01,1.640198274200513895e-01,2.186309336423026550e-01,2.962604515223342672e-01,2.965778189534034603e-01,-4.740010347849563099e-02,3.307049684152365415e-02,4.386166073593961851e-02,-9.536625323446091054e-03,2.189496278974430721e-01,9.647104901497800811e-02
4.682235068237237119e-01,1.920021780440187009e-01,7.188067184235867602e-02,7.581196857277937295e-02,5.713921194712045376e-02,3.625910148492811347e-02,1.638479611525603952e-01,2.505368437510607227e-01,5.216146984551405658e-02,-1.933949683457965585e-01,1.783506135134602655e-01,-6.322795606969379423e-02,1.067834460076793612e-01,4.018956162365171503e-01,-3.666856535128211469e-02,6.775394874099075482e-01,2.008407375708741727e-01,2.281926574909099170e-01,2.832269963850763128e-01,-1.146247802496452722e-01,1.000000000000000000e+00,1.564636918847058522e-01,8.354014258622871614e-01,-2.511867021440927772e-02,-1.057581876471192228e-01,-1.183933466059092915e-02,1.646275204427818106e-01,3.374403550683183206e-01,6.475941180047369850e-01,4.119031543925140704e-01,8.114496744952992557e-02,6.415044977553129024e-02,4.189193472700057930e-01,5.537379588560783494e-01,4.179020565572988399e-01,4.999425138970646498e-02,-7.140322921407611656e-02,1.091119355824564097e-01,8.674728938475105566e-02,2.810387186135715129e-02,7.755559976370840491e-02,1.996049417647750290e-01,6.549967497689439255e-02,-1.433028918940697505e-01,1.296801217113715265e-01,-3.154679034276547389e-02,7.310685632840233095e-02,3.812584010473378804e-01,-7.196889639967830876e-02,7.118039625383750790e-01,1.687943798925388150e-01,1.603068296816934357e-01,2.228197448299772954e-01,-1.019107644164207044e-01,9.270992291583254330e-01,1.779638743707699089e-01,7.873078850671350049e-01,3.238575524616432028e-02,-1.259720754214637417e-01,-2.969308902111126788e-02,1.520797078435164595e-01,3.409833984077954572e-01,5.831594823776472536e-01,3.926542033556704725e-01,6.263021805642032813e-02,1.266429599179224319e-01,1.615367323264015886e-01,4.568424590801946628e-01
1.445664411856677489e-01,2.948265976876680017e-01,2.038845189355236731e-01,4.036447980349298637e-01,-1.565057044768788236e-02,2.442872962615643129e-01,4.320090050392272341e-01,5.744846635306598975e-02,4.080868833314121868e-01,2.649253509480763991e-01,1.905620878864444367e-01,3.504768833548281837e-01,1.849766135916331156e-01,2.026447055318169044e-01,8.930932823769298368e-02,2.174817169890295998e-01,1.389495929269046470e-01,-3.182099889152636366e-03,1.072030335639286291e-01,3.222032718856347455e-01,1.564636918847058522e-01,1.000000000000000000e+00,1.253893131623097512e-01,5.510226503432006373e-01,2.790228933486975094e-01,3.543317913431330846e-01,3.774590982339985357e-01,3.375980502825173257e-01,1.767590004476810028e-01,2.020384526947591741e-01,1.471160326054976042e-01,7.330576139111127931e-02,2.430776667451551576e-01,1.826602710082250447e-01,2.529228159958277211e-01,2.439498421635014624e-01,1.957309514203446066e-01,3.884957132357561571e-01,-9.299669511026126267e-02,1.575661905008744201e-01,3.083699844053869876e-01,-1.666089405265310311e-02,4.338923329993883971e-01,2.606546338148960085e-01,5.950747239688897183e-02,3.773902803708402698e-01,1.021850141532644890e-01,1.674230913386314801e-01,8.784552615638921425e-02,2.330106777649687821e-01,1.684672523197680294e-01,-1.748971424302507918e-02,1.237495968350102588e-01,3.356674840011867333e-01,2.083756932188434718e-01,5.262665172954702486e-01,1.755339768093589492e-01,5.487238029282502927e-01,2.429531835709274334e-01,2.728776243777008559e-01,4.183860035850336390e-01,2.768299615530945834e-01,2.111733491340689606e-01,2.091867847238527978e-01,1.212055947371898507e-01,2.015257738971848456e-03,2.481141243091072313e-01,2.307369369443604823e-01
4.619418383494331981e-01,2.659166533533234289e-01,1.980246436925033604e-01,4.148598447276188872e-02,7.085502868814720634e-02,1.534119328451377384e-01,1.940878673320551029e-01,4.263382337202689665e-01,-5.754822349252017993e-02,-2.002775638591525187e-01,2.872508361386226228e-01,-4.701636508359200578e-02,-9.600762265851695357e-03,3.119352111727050625e-01,-4.309579945701864923e-02,7.050519273738613535e-01,3.493580940926621636e-01,1.755401110867145786e-01,3.412093210514460240e-01,-1.005733572773837153e-01,8.354014258622871614e-01,1.253893131623097512e-01,1.000000000000000000e+00,-4.516518872424213349e-02,-2.305164971340186442e-01,1.061208737079845227e-01,1.069880457756473280e-01,4.717925273716783718e-01,6.315237893063926355e-01,5.982699888040766689e-01,-2.263113760388312662e-02,5.466871567428922829e-02,4.032070159694421396e-01,5.915582212638330617e-01,4.563732897916730202e-01,1.336073556768192505e-01,1.074144031672699812e-01,9.092880744151908556e-02,7.321800990964139055e-02,1.009024201231434048e-01,1.904588549958277088e-01,3.856645556079041914e-01,-9.326840952039004359e-03,-1.781709115494010398e-01,3.001519917860945852e-01,-2.850380005091062915e-02,1.087997503251201398e-03,3.677029131871736856e-01,4.449886559961866925e-03,7.069737983892170341e-01,3.551197956858192506e-01,2.962503282094295365e-01,3.658615149308889203e-01,-9.572119592819694489e-02,8.094337505465157845e-01,1.758491806926527345e-01,8.250304238201198181e-01,7.634473785762253828e-02,-2.140025622977094200e-01,1.460223453772155067e-01,1.974151916681190777e-01,4.473106231325963966e-01,5.453951451318607146e-01,5.344647638612792795e-01,4.944365125279025219e-02,1.263165240331447781e-01,1.700683637576491658e-01,5.223846555848640216e-01
