1.000000000000000000e+00,9.652034290385080872e-02,2.219970236828251453e-01,1.686706696906798975e-01,4.553901838658699214e-02,3.190854659897862100e-01,4.779606274613026340e-01,2.402485703529090300e-01,2.658751388809340033e-01,2.701332058549053561e-01,2.035776518990127515e-01,2.063632717132664052e-01,3.056608135923543079e-01,6.123797944675972715e-01,9.668228695413781659e-02,2.095790900940834867e-01,4.502402184775017857e-01,1.835602900819069960e-01,4.070323819538562149e-01,1.226689797146608141e-01,2.736840804217182677e-01,3.398685726812895602e-01,1.981569931979774990e-01,4.049329553003114812e-01,2.410140287117161495e-01,3.176837706239563075e-01,4.317787772523660195e-01,1.498838251655588150e-01,6.463386634502924499e-01,3.169077410588583832e-01,3.623386740298287778e-01,1.033703475101805241e-01,1.619033122880549069e-01,8.007808554766490672e-02,6.554983154630575903e-01,8.710765179822539672e-02,1.585703708275996160e-01,1.699784969035466053e-01,2.131515586663965817e-02,2.836627806036612909e-01,4.085636016664646597e-01,1.988045173678125999e-01,2.256809955878792961e-01,2.852012162091633884e-01,1.403448503567942818e-01,1.750172574455194363e-01,2.959059710651991137e-01,4.431180664305759409e-01,1.013554756811146790e-01,1.291692156499596733e-01,1.828817910403375269e-01,1.139641713140061158e-01,2.395768754352003982e-01,9.560264207242687162e-02,2.995151997042729275e-01,1.324776580972849560e-01,2.099255495444349306e-01,2.775826653211482808e-01,1.846393804925853255e-01,6.586869160180827687e-02,2.370254348694494362e-01,9.746997702851134537e-02,5.794289892967754430e-01,6.624460389085234935e-02,2.017657045647201497e-01,1.607680586113568455e-01,8.138143848474128916e-02,1.431355804718941471e-01
9.652034290385080872e-02,1.000000000000000000e+00,-1.430923889481614530e-01,1.787107006261439146e-01,8.873442197841507895e-02,1.040408916727837418e-01,-1.810210565819031503e-01,2.224153621838147188e-02,-8.696866555346903158e-03,1.042918365172112866e-01,8.429164814168381425e-02,1.946688085073565999e-01,-2.255428947180239951e-01,-1.882160294771234310e-01,-1.252305024998776918e-02,3.721724696939779919e-01,2.605732198413672207e-01,-3.020923430807272436e-01,-1.440840432531698412e-01,1.566770829709038526e-01,2.594346901035916586e-01,4.440654341988440335e-01,3.755619164054176395e-01,3.099210097779438455e-01,2.362453133175122788e-01,1.469675907208957966e-01,2.166478322442738358e-01,3.292331767567758249e-01,2.106368073386813144e-01,3.822993929690975956e-01,-1.438917279273323191e-01,-2.059874217779889827e-01,2.677008601741636684e-01,4.861765978290496504e-01,2.139901859447988497e-01,5.441184328988867280e-01,9.158491359929603337e-02,2.161335810084778486e-01,1.312669233731832488e-02,5.667766977776869664e-02,1.260650231528832356e-02,1.015504298180211207e-01,1.276392029212203294e-01,7.147794905839718882e-02,-3.266624217676613456e-02,2.049091032246608823e-01,-2.798361240076813194e-01,-1.602227958968965582e-01,9.336984504187699832e-03,4.135462708752808414e-01,3.466114330696410950e-01,-3.355004778476819438e-01,1.715977231711532380e-01,1.804765424313868605e-01,2.634132025080834216e-01,4.619330320091579178e-01,3.440755823933601132e-01,3.777523300177248466e-01,2.389796405322140715e-01,3.083589883709575985e-01,4.205962928673446788e-01,3.335048323705069317e-01,1.920014442792205567e-01,4.456002414425063729e-01,-2.912330839940787536e-02,-1.496872736616354782e-01,1.713366127034050557e-01,4.960164745169345912e-01
2.219970236828251453e-01,-1.430923889481614530e-01,1.000000000000000000e+00,3.997024157075203948e-02,1.008897820703221794e-02,1.674562155150370879e-01,6.772925119784397596e-01,3.632439300096184098e-01,1.730091915013711179e-01,1.119704877623789036e-01,3.666086768774164395e-01,9.584120977075930026e-02,4.307657706554241517e-01,4.905996541109381437e-01,1.930927161477698217e-01,-3.740209448515880667e-03,3.724615329221315774e-01,5.936712402813617562e-01,4.744998110737845276e-01,2.461198119958067643e-02,5.614041765566348680e-02,1.952946389806207717e-01,1.955324403975598757e-02,1.851224435525892775e-01,1.562097358553191651e-01,6.805430776158646333e-01,4.951650052329496510e-01,1.206009395122552147e-01,8.292498251517427255e-02,2.890902258635555944e-01,1.084351078975832050e-01,1.363391726853149521e-01,4.462589755357355276e-02,-1.376737820203612073e-01,2.957592272801573899e-02,-1.539802082130951044e-01,3.493545854515504590e-01,1.126445365248825159e-02,2.933281365304650501e-02,1.849742141521010241e-01,3.565496893104904697e-01,1.802170727188962263e-01,1.241113307313355674e-01,1.407884597041404728e-01,2.746461970771734151e-01,5.478105758326173164e-02,3.640963490135123992e-01,4.173331377151877630e-01,1.430506007070764529e-01,-6.423294062471690546e-02,-8.723670402356220599e-02,4.581142749039220918e-01,-8.935216093724222819e-02,-1.568597370531039231e-02,9.157134173698716628e-02,-4.241084491595441264e-02,1.562529789983047035e-02,-8.502265160935525493e-03,-2.184429243773531454e-02,1.241524679166984418e-01,4.486952227981935715e-02,-1.906528455088029456e-02,9.789930477963218469e-02,-8.915616068013948459e-02,1.420771583890628742e-01,2.583733100115769288e-01,-4.621742157747558283e-02,-1.101197485581726920e-01
1.686706696906798975e-01,1.787107006261439146e-01,3.997024157075203948e-02,1.000000000000000000e+00,1.144201894878021410e-02,4.495161204926546583e-01,9.615581238044433598e-02,1.219217547535867141e-01,4.003182626860241761e-02,5.630098691455319715e-01,3.010017067486127698e-02,7.893885008148777693e-01,-4.891364224938444388e-02,-3.981922103497043119e-02,7.113520339064188791e-02,1.209416893675519522e-01,1.608435639463752787e-01,-3.245156277613690798e-02,-1.564826313138971067e-02,8.182271211154564794e-01,1.128252143561408599e-01,2.513065818567514764e-01,1.959370219575801153e-01,3.011158160021602526e-01,1.087444358287084495e-01,1.313672533271967313e-01,8.237842012848019257e-02,5.038853469400002005e-01,2.465083716530512836e-01,2.398126859308647996e-01,4.313675097889715752e-03,-4.049124666311929022e-02,2.293661532951096205e-01,1.779333246435945426e-01,2.551364071460155980e-01,2.637117259856643914e-01,2.282870917434974278e-01,9.098747949337505636e-01,6.401137490525445062e-02,4.643109968461700543e-01,2.196971951168642800e-01,2.216310116711703859e-01,2.043224984401770805e-01,5.133724681405025247e-01,6.309930675259500799e-02,8.254266616342440521e-01,-4.930626221626421141e-02,6.964830636249236262e-02,1.346234490320762922e-01,1.866588481887873907e-01,2.912457954610386812e-01,-5.441524574480010451e-02,2.155365187233599655e-01,8.541736776861218461e-01,1.551517249251840869e-01,2.542402169723497196e-01,2.928788291880018435e-01,3.339155606584066627e-01,8.639169182132412639e-02,2.543772619184742623e-01,2.727559362175145385e-01,4.547613894928876910e-01,2.216608972787839360e-01,2.981987880371384514e-01,5.126635074386962782e-02,6.411511410117214094e-02,1.206014862343528504e-01,2.275064350410614389e-01
4.553901838658699214e-02,8.873442197841507895e-02,1.008897820703221794e-02,1.144201894878021410e-02,1.000000000000000000e+00,1.167072497972877071e-01,5.272004668165205382e-02,1.971396800987962883e-01,1.837892602499836478e-02,3.977865411207977958e-02,1.039035206748266521e-01,5.348279828456210111e-02,9.176142799228856686e-03,2.979380811931460482e-02,9.195161076509333897e-02,1.058789140979448512e-01,6.329459499436279613e-02,6.127024496306426871e-02,1.218947269770604552e-02,3.557579836422975622e-02,7.666020253604700907e-02,1.035051850853451888e-01,8.645001762484072483e-02,5.634542187751092474e-02,5.701885380986346924e-02,9.300048437825786385e-02,-1.006772046099761210e-02,1.009106935091817758e-01,1.013900188996778862e-01,1.303476036503232460e-01,-6.228732920070591261e-02,1.309066639115845920e-01,9.943549756437455867e-02,1.644185843496141219e-01,2.000991763287035888e-02,7.358260796826789074e-02,1.264301363101048847e-02,3.071929893227439215e-02,1.315849421909121297e-01,4.870865418920419104e-02,2.813945473064248179e-02,1.318675389599118508e-01,5.767686986085947265e-02,4.527762683856055570e-02,9.203958868616265998e-02,2.679792055209854335e-02,-5.969145548099957267e-03,3.574087052095181998e-03,3.754819190370007470e-02,9.455651021794150846e-02,2.575842479505886795e-02,-9.942392765992253550e-03,4.633105830219664059e-03,2.226467710832936986e-02,8.271346965732682965e-02,1.180958243340196057e-01,8.594439112983676132e-02,7.193956532942237525e-02,4.835665037954518103e-02,7.089975646131764508e-02,-1.496992118355312124e-02,1.149163088342071842e-01,9.938505125573326993e-02,1.142342455985487087e-01,-4.061923218474000619e-02,4.889841595254060258e-02,5.025359394281661563e-02,1.574451814259508475e-01
3.190854659897862100e-01,1.040408916727837418e-01,1.674562155150370879e-01,4.495161204926546583e-01,1.167072497972877071e-01,1.000000000000000000e+00,4.281508788647045427e-01,5.448215349474710978e-01,1.353031769251488159e-01,7.691218311209425673e-01,1.314270676276108052e-01,6.263855846085936152e-01,1.992600783333694781e-01,1.320812880621764773e-01,3.781851545128039338e-01,2.517521736065318483e-01,1.045677602321318928e-01,1.597344817806035100e-01,3.765832143443085395e-02,4.310156605133908525e-01,3.022796859747632903e-01,2.571382499171531166e-01,3.008306401308410427e-01,3.301288696851855664e-01,8.574101028989396245e-02,1.664510426090913264e-01,4.852527061635233258e-02,7.011060098270305296e-01,4.458505010068815611e-01,3.616207885370943953e-01,-5.428530539590175480e-02,1.742776407950042683e-01,2.535752890018441175e-01,2.814013017233618630e-01,2.241122945639255903e-01,1.713951097050993855e-01,1.370227117981502596e-01,4.525465073897719237e-01,1.475038344858142780e-01,8.537097156942393683e-01,3.758378840583810887e-01,5.639300158731417323e-01,2.388270477210918952e-01,7.601538846426907359e-01,1.429541812287902502e-01,5.946843741527729765e-01,1.463268342583504689e-01,1.833007206533890099e-01,4.323208920683126455e-01,2.413287960640042862e-01,6.090905168929375280e-02,7.853159767814295311e-02,4.325650275153963831e-02,4.159431519008883749e-01,3.249139698665425846e-01,2.476275353783793376e-01,3.389299862141622599e-01,3.472922577067014127e-01,4.993606305264628592e-02,1.060585153111745366e-01,8.103119213122096653e-02,6.533993340613911682e-01,3.910834041037385966e-01,2.975888378785746524e-01,1.797823450073649659e-02,2.386870140360980441e-01,1.698483999298609770e-01,3.407970011173157565e-01
4.779606274613026340e-01,-1.810210565819031503e-01,6.772925119784397596e-01,9.615581238044433598e-02,5.272004668165205382e-02,4.281508788647045427e-01,1.000000000000000000e+00,4.489769293021356189e-01,5.204175066522152004e-01,3.103812346758654805e-01,4.633866288535259392e-01,1.977941798415279173e-01,7.060648041087933535e-01,7.675327394449148466e-01,3.532108317363700789e-01,-1.049296449458065120e-02,1.723900334532744993e-01,6.748912474576748144e-01,4.663566784151335631e-01,5.974031624860695611e-02,1.074488360060113779e-01,2.519142903813058609e-01,-8.500883331141870225e-02,5.134894247999473027e-01,3.242985606436765145e-01,6.033252583863479845e-01,4.547589818942571749e-01,1.510189566547163187e-01,3.507573423423095416e-01,1.570015501109706391e-01,3.365771616171059355e-01,2.778040534629762082e-01,7.270295061446031826e-02,-1.560347027251881569e-01,1.691160837509335935e-01,-2.202000145635479578e-01,2.768826410566523344e-01,1.003329173047378814e-01,6.374964123797521864e-02,4.012216613443768676e-01,6.693940512529794606e-01,2.629229075157338280e-01,4.256847848754594654e-01,3.502932460300967610e-01,3.789987346097483667e-01,1.534812096724207930e-01,6.723335504075149682e-01,6.638460223140594252e-01,3.424890906248435618e-01,-1.043781659233949527e-01,-1.946125274013351114e-01,4.859433230249796121e-01,-1.037516080887252029e-01,1.595375527292505063e-02,1.354131898419459468e-01,-1.435883007472170056e-02,-5.980372784404014430e-02,3.066192131182312597e-01,1.756522422183846854e-01,5.502856101331837779e-02,2.734468857099331407e-02,5.942766108044007789e-02,3.470556101103439151e-01,-2.039669650535049783e-01,3.010303380301425635e-01,4.047072386596903826e-01,3.247422355056578391e-02,-8.997881671314665597e-02
2.402485703529090300e-01,2.224153621838147188e-02,3.632439300096184098e-01,1.219217547535867141e-01,1.971396800987962883e-01,5.448215349474710978e-01,4.489769293021356189e-01,1.000000000000000000e+00,-1.224384611866605535e-02,3.301104823936705235e-01,1.990140645564273114e-01,2.058309606895846466e-01,1.885646021185989341e-01,2.412561505827215402e-01,2.504769937944318348e-01,2.396678300936933570e-01,2.159227909580870297e-01,3.622307817129205576e-01,1.774066789863506244e-01,8.418873664177581317e-02,1.323147118494027719e-01,2.311151134644384153e-01,2.203024553057428836e-01,1.131645925786607387e-01,-5.760004382650535382e-02,2.570206937687152804e-01,5.581043736960616952e-02,5.170484125728376235e-01,2.954661663531586990e-01,4.828659281186130636e-01,-1.519759067897372695e-01,2.151653266110669094e-01,1.740950683915899744e-01,2.820636665616832461e-01,8.028545390388278080e-02,7.901763841684140977e-02,1.908122571474612783e-01,1.196316004180576625e-01,1.854384682250523053e-01,4.364451914470698357e-01,2.797016851877751065e-01,6.530170662671970216e-01,8.199490715638776961e-02,3.153160654855893807e-01,2.848725138277880542e-01,1.986514588369258927e-01,1.453542992564405001e-01,2.232250826164997315e-01,2.387992928620292499e-01,2.316258514107633060e-01,5.692077598370672009e-02,2.632066327179783394e-01,6.876899575966580538e-03,9.845088288403196219e-02,1.796490134355127888e-01,2.192283965052309047e-01,2.383942744929470614e-01,1.000669135443064128e-01,-1.023455124133407779e-01,1.356707701633318719e-01,-1.062142000243158392e-02,4.708779252916640012e-01,2.018197555537256938e-01,3.363942903836412146e-01,-5.858602084381433345e-02,2.773114434780040161e-01,7.561053094278948061e-02,3.069486650052150045e-01
2.658751388809340033e-01,-8.696866555346903158e-03,1.730091915013711179e-01,4.003182626860241761e-02,1.837892602499836478e-02,1.353031769251488159e-01,5.204175066522152004e-01,-1.224384611866605535e-02,1.000000000000000000e+00,1.580942789860504960e-01,3.416637401037548316e-01,1.434239532150869967e-01,4.944908935329027089e-01,4.178268763508076189e-01,2.469822944206596371e-01,-3.614762808281864886e-02,-6.222699280811438277e-02,2.264538363522263509e-01,1.523257117631046653e-01,3.514286762345314452e-02,1.531800048428455796e-01,2.352173910100701648e-01,-8.537354800282652423e-02,6.128420186301781758e-01,5.103925111289563388e-01,3.029489359652170477e-01,3.348922489099571687e-01,-7.544588967016817305e-02,2.856139032750541484e-01,-1.269410947540012824e-01,3.283003555235635695e-01,1.469890220509396939e-01,1.281528010444361043e-01,-8.714525454190605314e-02,1.330768720290191887e-01,-3.790775801156894692e-02,3.437927078870622183e-02,6.016897622586139804e-02,1.179201232169905644e-03,1.021364164701045046e-01,3.714600499693291313e-01,-7.762466507242272995e-02,5.691536332612942006e-01,1.888057309349933099e-01,1.942818999027595417e-01,7.864942173340348786e-02,4.812522792838629382e-01,3.098039906124371301e-01,1.703627408988944714e-01,-1.109822157486091559e-01,-2.026486134468570566e-01,1.079529842289295855e-01,-9.816871534571805502e-02,6.179761938670420016e-04,1.199598987057391430e-01,6.243403365854677950e-02,-8.294511532954486344e-02,4.146949484779605122e-01,4.587447268026742520e-01,3.116718165031386045e-02,6.976945117619651193e-02,-9.521157240358223139e-02,3.184741303845546323e-01,-2.660955747713176223e-01,2.753970066025129837e-01,1.674646620581390632e-01,8.416220950553798819e-02,-3.699760601536929150e-02
2.701332058549053561e-01,1.042918365172112866e-01,1.119704877623789036e-01,5.630098691455319715e-01,3.977865411207977958e-02,7.691218311209425673e-01,3.103812346758654805e-01,3.301104823936705235e-01,1.580942789860504960e-01,1.000000000000000000e+00,1.437279230820562304e-01,7.306736018297477209e-01,1.581842051720725451e-01,1.132006852361447241e-01,1.870506961479151964e-01,1.653052168463912119e-01,1.211851273327550771e-01,1.259585374690667392e-01,5.696818384974445398e-02,6.218499953175906647e-01,2.382759778885045754e-01,2.289000026905889662e-01,2.497335976330911367e-01,2.921806355307322023e-01,1.193935767822713045e-01,1.554028155305160475e-01,6.830331616647625226e-02,6.441851996101615185e-01,3.639053480873001289e-01,2.905988803791446640e-01,4.323525439499424639e-02,9.662642748502033030e-02,2.108576336466839174e-01,1.919894052990973876e-01,2.658129976794922356e-01,1.959598279310010016e-01,1.527830432129431149e-01,5.453597636023085338e-01,1.074154765501042358e-01,7.346660161919067455e-01,2.972095849175303006e-01,4.019162270695046391e-01,2.430082105075699883e-01,9.428016986091544149e-01,1.496008126604542743e-01,7.159919685903415321e-01,1.300199477839539819e-01,1.735410094356391597e-01,2.405047719568160491e-01,1.451951409323524178e-01,1.293485390186393247e-01,7.628537629997947378e-02,1.160752089910084134e-01,6.003548381448318150e-01,2.604797664147796010e-01,2.203756563774394717e-01,3.072070782231893782e-01,2.850326896467008653e-01,1.222754425075518597e-01,1.330197138825058856e-01,1.345537848451006657e-01,5.940434545514390319e-01,3.189636375233621535e-01,2.663600306892885405e-01,1.252909375635385125e-01,1.769456341731473759e-01,1.081607958812631498e-01,2.806281399108851438e-01
2.035776518990127515e-01,8.429164814168381425e-02,3.666086768774164395e-01,3.010017067486127698e-02,1.039035206748266521e-01,1.314270676276108052e-01,4.633866288535259392e-01,1.990140645564273114e-01,3.416637401037548316e-01,1.437279230820562304e-01,1.000000000000000000e+00,8.130679349674199696e-02,5.260540769355581681e-01,4.455855847183237683e-01,9.553906469799641754e-02,-7.867269789240388667e-02,3.019412174376256419e-01,5.648911543558897685e-01,5.342136778012765985e-01,1.997323019827461354e-02,-2.867254073104148412e-02,1.976518465843879468e-01,-1.362032459332908063e-01,2.400453418981646769e-01,5.050833217062636882e-01,5.811686160896423203e-01,3.946116637535997396e-01,-4.055132180488955213e-02,1.582573018028957390e-01,7.398631632673573211e-02,2.676383213558093388e-01,1.944537339779068008e-01,4.739630678972577005e-02,4.223169949884690577e-03,8.172028456628592508e-02,-2.361323308665991966e-02,1.594836698862050484e-01,2.611390983358442136e-02,8.876584451343892679e-02,1.217540935717267014e-01,2.893839936563533666e-01,8.205905931852805479e-02,2.499307751838984182e-01,1.967451869983109503e-01,5.273637699894462294e-01,5.543087849609810297e-02,4.746038327854820715e-01,3.208228885933565033e-01,4.568424502878334209e-02,-1.435720969215577014e-01,-3.259176160837947561e-02,3.845430602645035778e-01,1.255312844248205051e-01,8.824115929158032196e-03,-3.038585004874551701e-02,3.269112472125180330e-02,-1.131166085044039288e-01,8.189935815498602945e-02,3.415185703869658695e-01,1.536765947949506050e-01,5.583617502906001312e-02,-7.734261769823906618e-02,1.710626005337473610e-01,-1.448273478456903463e-01,2.545577826609261574e-01,2.049044815481061987e-01,-3.525821782583070125e-03,2.379874707972751482e-02
2.063632717132664052e-01,1.946688085073565999e-01,9.584120977075930026e-02,7.893885008148777693e-01,5.348279828456210111e-02,6.263855846085936152e-01,1.977941798415279173e-01,2.058309606895846466e-01,1.434239532150869967e-01,7.306736018297477209e-01,8.130679349674199696e-02,1.000000000000000000e+00,2.456010067665144112e-02,-9.900400451397456045e-03,2.042178141391993440e-01,1.902108268870452701e-01,1.811368829156630167e-01,6.414994520495254787e-03,6.857229338405181757e-03,8.232195645626866343e-01,2.428149942225624192e-01,2.855435122528354186e-01,2.715956375710965598e-01,3.735674470364517274e-01,1.378392713053592511e-01,1.907827188813407404e-01,1.015103573393136421e-01,6.014647032669628857e-01,3.209740236577101058e-01,3.083004366986396017e-01,-2.156547613433152863e-02,1.551491562262348554e-03,2.658118530986205430e-01,2.480701397158227017e-01,2.209254439659764091e-01,2.764163970276259374e-01,1.855898645791493606e-01,7.707207701475129458e-01,7.983407615368130761e-02,6.262078476865613474e-01,2.438650744555319883e-01,2.905482122838141668e-01,2.619208821330649695e-01,6.922759274183082345e-01,8.981453756068515093e-02,8.783516844701377835e-01,7.889692850817855638e-03,6.273587589170248613e-02,2.420831490210886838e-01,2.193685919472817547e-01,2.096460139371167652e-01,-3.649515991376783841e-02,1.629619430701186034e-01,8.053057730413006876e-01,2.767276585242632314e-01,2.839497116090181073e-01,3.418995465470701101e-01,3.688636865194837577e-01,1.218130785369481717e-01,2.112702534110708630e-01,2.219647467580960765e-01,5.351849594505330154e-01,2.865650999575547475e-01,2.987881139906519157e-01,5.927487583926955433e-02,7.261886756775602636e-02,1.471072207922258790e-01,3.133785181535003739e-01
3.056608135923543079e-01,-2.255428947180239951e-01,4.307657706554241517e-01,-4.891364224938444388e-02,9.176142799228856686e-03,1.992600783333694781e-01,7.060648041087933535e-01,1.885646021185989341e-01,4.944908935329027089e-01,1.581842051720725451e-01,5.260540769355581681e-01,2.456010067665144112e-02,1.000000000000000000e+00,7.057986180608480931e-01,2.949683863784234861e-01,-7.065307431752949896e-02,1.768842116335293119e-02,6.518868293814986670e-01,4.570647618133443224e-01,-4.908272036530860610e-02,6.161883537272654088e-02,3.981366986056637108e-02,-1.439027207976319722e-01,2.756765548020768120e-01,4.290888438288290585e-01,3.311388087804598146e-01,5.031525951101033511e-01,-1.128092179785360888e-01,2.620455163231646400e-01,-9.385162881352725195e-02,5.291770079086404177e-01,3.937604658023812210e-01,-5.282085322337553082e-03,-2.320560219194134910e-01,5.120711317161129317e-02,-2.996504079405421517e-01,-6.450785075396582580e-02,-7.310605444547289833e-02,5.728432903537176990e-02,2.082333553089638911e-01,3.322096901996499652e-01,3.032810638567909420e-03,2.910838588044281638e-01,2.135372958830940582e-01,3.202447569521152393e-01,-1.172207514629751424e-02,8.000962540202914974e-01,4.892741344587606123e-01,2.301558307558646543e-01,-1.899492042071930231e-01,-3.764940555924954912e-01,4.333602029414205803e-01,-1.469131147105717794e-01,-9.961367461930800693e-02,6.887556704054345613e-02,-1.888994240417095904e-01,-1.319527945100688882e-01,3.164463796600372469e-02,2.688998301024522197e-01,-2.557788419789125967e-01,-5.263257382610422169e-02,-1.664347577530075895e-01,2.821341479496997096e-01,-3.987981395867249423e-01,2.728388217603130439e-01,3.882957931469863677e-01,1.130872963133467551e-02,-1.897872677199361202e-01
6.123797944675972715e-01,-1.882160294771234310e-01,4.905996541109381437e-01,-3.981922103497043119e-02,2.979380811931460482e-02,1.320812880621764773e-01,7.675327394449148466e-01,2.412561505827215402e-01,4.178268763508076189e-01,1.132006852361447241e-01,4.455855847183237683e-01,-9.900400451397456045e-03,7.057986180608480931e-01,1.000000000000000000e+00,1.671686507001621524e-01,-3.747236946492345146e-03,2.611201556190745343e-01,6.454014686320664884e-01,6.148622800809963040e-01,-4.589840876784121587e-02,6.755052769917220534e-02,1.890990062276725336e-01,-1.124140367536154567e-01,3.206643931371410683e-01,3.104314820435550293e-01,4.746377176332682302e-01,5.776000492871080638e-01,-9.004462578252712956e-02,3.424512519650030340e-01,1.200637553260538171e-01,6.180994530421110023e-01,2.972807084842514214e-01,-8.587301203682135703e-03,-2.397866560313421103e-01,3.035361351425959198e-01,-2.372370140347403178e-01,1.706163212513415461e-01,-5.199369380247718941e-02,8.841112181204223430e-03,1.300323576416210214e-01,4.938958058914083571e-01,8.649412402620300366e-02,2.605633193973496131e-01,1.610615542595760230e-01,3.342067369878949368e-01,-2.915248474680371543e-02,6.996902527877502109e-01,7.021999629066840720e-01,9.823010168531781661e-02,-1.357745213053670186e-01,-1.264179030878549714e-01,4.731990330005706458e-01,4.677386704542416812e-02,-9.457385228872199068e-02,9.012064137920410001e-02,-9.398711257818245790e-02,-9.530790659935545195e-02,1.109211771480571873e-01,1.685510633349802667e-01,-7.495500173991578863e-02,1.094998178542848366e-01,-1.583515891246513319e-01,3.460277872309969749e-01,-2.568596986011338901e-01,3.839027151722457787e-01,3.494293631245547482e-01,-4.149475530710029086e-02,-1.702170541349809774e-01
9.668228695413781659e-02,-1.252305024998776918e-02,1.930927161477698217e-01,7.113520339064188791e-02,9.195161076509333897e-02,3.781851545128039338e-01,3.532108317363700789e-01,2.504769937944318348e-01,2.469822944206596371e-01,1.870506961479151964e-01,9.553906469799641754e-02,2.042178141391993440e-01,2.949683863784234861e-01,1.671686507001621524e-01,1.000000000000000000e+00,1.414156084393153601e-01,-1.408427199065917165e-02,1.505416344680466367e-01,4.221543958073590425e-02,7.621188566322240066e-02,1.388766552385229947e-01,1.441541184910308249e-01,7.753897269014529969e-02,3.256991386974747993e-01,1.769594364807018927e-01,9.661987223351450882e-02,1.476276380898512153e-01,2.218086443125811269e-01,2.008041125129946258e-01,6.122911859949917851e-02,6.888694822582357158e-02,1.729022623559256233e-01,1.143599647407029379e-01,5.103635039117582206e-02,-2.309906910925113230e-02,2.858842784625570139e-03,6.659074962746118487e-02,8.206320813705077211e-02,6.570342243412354011e-02,3.334442478816554423e-01,2.762346360937876222e-01,1.895242646565101496e-01,2.149632053663077524e-01,1.904024142291828314e-01,9.266675468218700529e-02,1.610078524247172682e-01,2.511187175783898828e-01,1.684588118334657270e-01,4.259581621943448471e-01,9.741673816430571065e-02,-8.556773363792882781e-02,8.446502043288720007e-02,-4.400760114800687101e-02,6.195188294887390285e-02,1.244418459691067347e-01,6.997266943417776441e-02,6.071911049684294154e-02,2.760071443759828935e-01,9.983242148558436890e-02,9.799723321336904769e-03,7.783911884621838584e-02,1.781077074327420406e-01,2.154812897792838799e-01,-1.942345167998040315e-02,7.360023616249315725e-02,1.918185605602986676e-01,3.899817398696196064e-02,5.948856827495259403e-02
2.095790900940834867e-01,3.721724696939779919e-01,-3.740209448515880667e-03,1.209416893675519522e-01,1.058789140979448512e-01,2.517521736065318483e-01,-1.049296449458065120e-02,2.396678300936933570e-01,-3.614762808281864886e-02,1.653052168463912119e-01,-7.867269789240388667e-02,1.902108268870452701e-01,-7.065307431752949896e-02,-3.747236946492345146e-03,1.414156084393153601e-01,1.000000000000000000e+00,2.007791129592418067e-01,-1.455490114979825778e-01,-1.407169445182936962e-01,6.560838193128573637e-02,6.764777103862356089e-01,3.815961185497491748e-01,7.827993017611345472e-01,2.767657809941271863e-01,-2.137274050575607362e-02,2.247946968292735721e-03,3.490096664456799336e-01,5.398450791150308792e-01,4.145534069732670357e-01,5.325421718147371752e-01,-6.419926111976205496e-02,-6.843185076624380692e-02,3.781796381643581229e-01,4.786161215897327681e-01,2.565201951203581188e-01,3.981232961381246382e-01,5.361638672156242291e-02,1.818846764596807608e-01,5.769504195432519078e-02,1.925961192354972706e-01,2.990359879344182958e-02,2.467168132307089867e-01,8.980266392153103683e-02,1.382816588906128907e-01,-5.121592827141069337e-02,2.368066558600628591e-01,-9.555103716289690963e-02,-4.224449630402308392e-02,1.263731274874451693e-01,8.595450766708935264e-01,2.099733044851611885e-01,-1.672598224739960671e-01,3.737003054042713907e-02,1.418314212658609574e-01,6.726303241475856121e-01,4.309717553687310021e-01,7.266060212184078937e-01,3.273566277565765903e-01,-6.160796940320880516e-02,1.020206873028930983e-01,4.075152638019825524e-01,5.630593259219922597e-01,3.682055455247221221e-01,5.183099855312841564e-01,-4.889540654988603491e-02,4.333254646264651528e-04,2.046162103449395975e-01,5.374450847056154723e-01
4.502402184775017857e-01,2.605732198413672207e-01,3.724615329221315774e-01,1.608435639463752787e-01,6.329459499436279613e-02,1.045677602321318928e-01,1.723900334532744993e-01,2.159227909580870297e-01,-6.222699280811438277e-02,1.211851273327550771e-01,3.019412174376256419e-01,1.811368829156630167e-01,1.768842116335293119e-02,2.611201556190745343e-01,-1.408427199065917165e-02,2.007791129592418067e-01,1.000000000000000000e+00,2.176877708565220504e-01,5.472563179269261946e-01,1.799362210271745199e-01,1.262650319006661803e-01,3.793653175531124799e-01,2.551730667466881597e-01,1.014411006797479586e-01,1.000200095019181945e-01,5.053455421030881300e-01,3.730782185405354112e-01,2.043382544171797321e-01,2.709257101944242963e-01,5.542900282229511477e-01,6.810787280634617025e-02,-9.157128985791905540e-02,1.457904035056280245e-01,2.397874481250420742e-01,4.034455943589223548e-01,2.947835111419130349e-01,3.353670373599713095e-01,1.309397277370888402e-01,2.298205251595496212e-02,9.993098162646803229e-02,1.793699086613778915e-01,2.188924715350889227e-01,1.143810997358263824e-02,1.191492868867436716e-01,2.710008218907361544e-01,1.703254824694522551e-01,3.210203682718341294e-04,1.763752563374575422e-01,-3.078628259068464518e-02,1.669630650759546253e-01,4.995397716751848183e-01,1.402714908563680030e-01,5.122662868556390192e-01,1.780017158302741875e-01,1.563508530876424607e-01,2.588347209978124064e-01,2.585691623464745348e-01,5.412360626554655468e-02,3.805066817730816398e-02,3.120449548714397947e-01,3.435174807313451373e-01,1.238459013704151374e-01,2.341614598600949559e-01,3.382687464231189378e-01,5.395189407212730437e-02,8.836639658140158990e-03,2.474262445441993696e-02,3.032565953239902967e-01
1.835602900819069960e-01,-3.020923430807272436e-01,5.936712402813617562e-01,-3.245156277613690798e-02,6.127024496306426871e-02,1.597344817806035100e-01,6.748912474576748144e-01,3.622307817129205576e-01,2.264538363522263509e-01,1.259585374690667392e-01,5.648911543558897685e-01,6.414994520495254787e-03,6.518868293814986670e-01,6.454014686320664884e-01,1.505416344680466367e-01,-1.455490114979825778e-01,2.176877708565220504e-01,1.000000000000000000e+00,7.010354446072836199e-01,-2.583712108171617658e-02,-1.012798098781331618e-01,1.394753029378375392e-02,-2.316339852437061808e-01,-2.207252450958746212e-02,1.717630332618265143e-01,4.916869415143951261e-01,3.443070603002588159e-01,-9.374669310677902212e-02,6.392662624827910589e-02,3.789118409313456393e-02,3.232782451080176700e-01,3.327367408177072661e-01,-6.408750594462103711e-02,-2.424485913660977265e-01,-3.890072164255137244e-02,-3.415813858950849102e-01,1.428372658855760480e-01,-6.800583851010445768e-02,6.161132410691197436e-02,1.683277305094436349e-01,3.204563686473917983e-01,1.675821988549774377e-01,1.056207892326901931e-01,1.956663315308688478e-01,5.210176828511683400e-01,-1.136623806592802939e-02,6.432301187322635450e-01,5.137915951833200712e-01,1.097378204587516198e-01,-2.243097936277144988e-01,-2.178412718636975332e-01,6.906818533667988813e-01,1.890085311020636358e-02,-5.344756196183711450e-02,-7.717301984480806620e-02,-1.811215521013589125e-01,-1.896817219077669425e-01,-1.924300687356810258e-01,6.960799880025186123e-04,-9.660120991546204683e-02,-1.474424081534540520e-01,-1.396925303226407011e-01,6.878814828731674713e-02,-2.683315767523538620e-01,2.570492418145428060e-01,3.780583661369401050e-01,-7.824230348003562152e-02,-1.987575518472095570e-01
4.070323819538562149e-01,-1.440840432531698412e-01,4.744998110737845276e-01,-1.564826313138971067e-02,1.218947269770604552e-02,3.765832143443085395e-02,4.663566784151335631e-01,1.774066789863506244e-01,1.523257117631046653e-01,5.696818384974445398e-02,5.342136778012765985e-01,6.857229338405181757e-03,4.570647618133443224e-01,6.148622800809963040e-01,4.221543958073590425e-02,-1.407169445182936962e-01,5.472563179269261946e-01,7.010354446072836199e-01,1.000000000000000000e+00,2.144187104550037207e-02,-1.160473726443420062e-01,9.973094280356968599e-02,-2.172742226498783347e-01,-1.481121614527826195e-02,2.343072844644454034e-01,5.177969969292560704e-01,4.055276715023491962e-01,-1.732011394845585917e-01,1.029511475936132903e-01,1.051062166771987716e-01,4.184365751584251947e-01,1.678463101453264161e-01,-9.461706113891169001e-02,-1.840437261380641898e-01,1.686997878108514592e-01,-1.566455825321451112e-01,1.593765005884588970e-01,-6.627772579100482675e-02,-1.521515904254856083e-03,4.770876367442703631e-02,2.374220544998308091e-01,5.191818588398724316e-02,3.310863537484827479e-02,1.255029076317243919e-01,4.842534397095654697e-01,-2.941591134939049168e-02,4.780232900686696151e-01,4.180645709847476965e-01,-2.817984115566034981e-02,-2.333921255177587029e-01,5.920564316847386210e-02,5.611483426899230853e-01,3.557966580910857379e-01,-1.792613453719420213e-02,-1.045574396930320782e-01,-1.412363813463243800e-01,-1.898818125728166106e-01,-1.964993748587421374e-01,8.462282232920592673e-02,-3.175163931224633806e-02,-5.123086180955110057e-03,-2.408124044922889395e-01,9.665914543062963105e-02,-2.350322968322077766e-01,2.371950617727019150e-01,2.052111302582499686e-01,-1.430549923468083795e-01,-1.431472706984729393e-01
1.226689797146608141e-01,1.566770829709038526e-01,2.461198119958067643e-02,8.182271211154564794e-01,3.557579836422975622e-02,4.310156605133908525e-01,5.974031624860695611e-02,8.418873664177581317e-02,3.514286762345314452e-02,6.218499953175906647e-01,1.997323019827461354e-02,8.232195645626866343e-01,-4.908272036530860610e-02,-4.589840876784121587e-02,7.621188566322240066e-02,6.560838193128573637e-02,1.799362210271745199e-01,-2.583712108171617658e-02,2.144187104550037207e-02,1.000000000000000000e+00,6.700590743269449479e-02,1.998375789980006700e-01,1.393560659398321300e-01,2.319531050270645933e-01,7.762325078713629145e-02,1.120468669778051651e-01,2.678415273381091685e-02,4.395181917778757108e-01,1.642111840312360516e-01,2.141559288446003850e-01,9.609612327218033934e-03,-1.276240621816635522e-02,1.666857356054901873e-01,1.748275840457658159e-01,1.768476328368323858e-01,2.626620621864539928e-01,1.900497907152050581e-01,7.523735628373492412e-01,7.655076511492422964e-02,4.385281977754874605e-01,1.606765827215181908e-01,2.057581352821559184e-01,1.548959623144428310e-01,5.554799363505740217e-01,6.393202454211106833e-02,8.041785967566063009e-01,-4.973630337387646705e-02,3.859042458489317373e-02,1.279744040720933174e-01,1.105431640349074512e-01,2.806816362396496456e-01,-3.987260746955999940e-02,2.556586976083675689e-01,8.926987939340143008e-01,9.551773025205598233e-02,2.140072126345633208e-01,2.264565274001421880e-01,2.520692377932990946e-01,7.286208774950367340e-02,2.190117066833250081e-01,2.059267168569176576e-01,3.877962698505276751e-01,1.412794495247414461e-01,2.659266738987337009e-01,4.550333347377909232e-02,3.954000626551885944e-02,7.066365249916706226e-02,2.237346921869179384e-01
2.736840804217182677e-01,2.594346901035916586e-01,5.614041765566348680e-02,1.128252143561408599e-01,7.666020253604700907e-02,3.022796859747632903e-01,1.074488360060113779e-01,1.323147118494027719e-01,1.531800048428455796e-01,2.382759778885045754e-01,-2.867254073104148412e-02,2.428149942225624192e-01,6.161883537272654088e-02,6.755052769917220534e-02,1.388766552385229947e-01,6.764777103862356089e-01,1.262650319006661803e-01,-1.012798098781331618e-01,-1.160473726443420062e-01,6.700590743269449479e-02,1.000000000000000000e+00,3.122245014969718402e-01,8.347076729728570843e-01,3.259332466262237493e-01,4.826496442854436714e-02,5.853114542948897187e-02,3.186927357760744872e-01,4.764780749895468626e-01,5.200444374855496266e-01,4.486542773216400382e-01,2.009755650926503198e-02,2.564674053060421108e-02,4.156774417107781394e-01,4.070892753863704638e-01,3.316469278942175136e-01,2.811684939156530727e-01,1.312036355886652371e-02,1.728779852469894129e-01,4.761737404595555237e-03,2.736494481710919358e-01,1.063879961882373271e-01,1.521941595665609881e-01,2.332142485270148058e-01,2.313649558244055271e-01,-2.358939151878665721e-02,2.720508095972177243e-01,4.552525364388364942e-02,2.919225598545922146e-02,1.355076085100636596e-01,6.280439506447540454e-01,5.647400653787512659e-02,-1.322291853370387849e-01,-4.145263470651964349e-02,1.106979984393397093e-01,9.307800464976556665e-01,3.245318131628760483e-01,7.864560785533709630e-01,3.322453081059967284e-01,2.086026004266626488e-02,5.560347224134838673e-02,2.964613983425513632e-01,4.761428746061376893e-01,4.941253236853249686e-01,3.418180380208928892e-01,1.393638435910178012e-04,6.390114684180704663e-02,2.843644370797023813e-01,4.740783882941581595e-01
3.398685726812895602e-01,4.440654341988440335e-01,1.952946389806207717e-01,2.513065818567514764e-01,1.035051850853451888e-01,2.571382499171531166e-01,2.519142903813058609e-01,2.311151134644384153e-01,2.352173910100701648e-01,2.289000026905889662e-01,1.976518465843879468e-01,2.855435122528354186e-01,3.981366986056637108e-02,1.890990062276725336e-01,1.441541184910308249e-01,3.815961185497491748e-01,3.793653175531124799e-01,1.394753029378375392e-02,9.973094280356968599e-02,1.998375789980006700e-01,3.122245014969718402e-01,1.000000000000000000e+00,3.380829439625977484e-01,5.409505638462092092e-01,2.788735470761062318e-01,3.903855938798351244e-01,4.287461098131824522e-01,3.966708304519795947e-01,3.989077519229898838e-01,5.218119788045243457e-01,5.796393891328656400e-02,-1.153533536841414159e-01,3.363865607507042221e-01,3.948565571400218799e-01,3.713164035089598358e-01,4.525654168830501312e-01,3.105232009120870718e-01,3.108688461793526203e-01,4.691137807474166088e-02,2.153568201969394968e-01,3.431982930335859550e-01,2.554977953211453601e-01,3.548552961428415031e-01,2.154291089779669655e-01,1.684998272195809832e-01,3.109356265949513309e-01,1.930584340372742957e-02,1.902967329990198631e-01,1.438748520358659744e-01,3.672850410011044842e-01,3.559806102643701675e-01,-5.243875572681068464e-02,2.213520345714356519e-01,2.133165477650720010e-01,3.188811744705070672e-01,5.699590562290856033e-01,3.438983480416566429e-01,5.301686060324882765e-01,2.423946964773239510e-01,3.802416147396304735e-01,5.092644869431772747e-01,3.616368838663641117e-01,3.954538231509385771e-01,4.310076343040731839e-01,1.581863798406255017e-01,6.283341728099385570e-02,1.666288825709645594e-01,4.330632502218653701e-01
1.981569931979774990e-01,3.755619164054176395e-01,1.955324403975598757e-02,1.959370219575801153e-01,8.645001762484072483e-02,3.008306401308410427e-01,-8.500883331141870225e-02,2.203024553057428836e-01,-8.537354800282652423e-02,2.497335976330911367e-01,-1.362032459332908063e-01,2.715956375710965598e-01,-1.439027207976319722e-01,-1.124140367536154567e-01,7.753897269014529969e-02,7.827993017611345472e-01,2.551730667466881597e-01,-2.316339852437061808e-01,-2.172742226498783347e-01,1.393560659398321300e-01,8.347076729728570843e-01,3.380829439625977484e-01,1.000000000000000000e+00,2.025827307564404267e-01,-1.111926269409591467e-01,-8.231530463105514797e-03,2.611395320781428331e-01,6.504009725959782884e-01,4.687613089495011875e-01,6.384493948493715765e-01,-1.615048307262895722e-01,-7.755053025781333265e-02,4.084703843766945286e-01,5.341306304711105346e-01,3.425634918322608136e-01,4.367143555047275916e-01,3.555731736802249243e-02,2.416805345673315175e-01,3.919519036834494957e-02,2.780363083409924663e-01,-4.121669578610618473e-02,2.790090757361658458e-01,8.786437237442314141e-02,2.133976569994926464e-01,-1.017130033638340286e-01,3.375352790457520347e-01,-1.907734201957690945e-01,-1.323044915802887855e-01,1.010734302307864096e-01,7.851741599263387661e-01,2.418023145819591102e-01,-2.500523904595103875e-01,3.968434609061111118e-02,2.148478409904753805e-01,8.416256760221838551e-01,4.266104187845926599e-01,9.234268135270657929e-01,2.763184274246922589e-01,-1.097805402785107798e-01,1.252956623307702466e-01,3.851750981643170535e-01,6.369048248677187107e-01,4.277864514035200072e-01,6.030461454323510218e-01,-1.505117193881033155e-01,-1.761849792410835266e-02,2.570336279514089939e-01,6.113523458976229952e-01
