1.000000000000000000e+00 4.232179295571162903e-01 3.727946646469814107e-01 4.708781202609414462e-01 9.081927843611940776e-02 4.657464948480116718e-01 3.918703318367049993e-01 4.061158780838969307e-01 2.816228181534303765e-01 4.468034234936328897e-01 3.967373224102374030e-01 5.452202250432358621e-01 1.357540216825959267e-01 3.406610620938917977e-01 1.915445434130250979e-01 3.547338634128177626e-01 6.323555794368451721e-01 1.970121039894272563e-01 5.633045222269402741e-01 5.798703351255408700e-01 3.420973705915346108e-01 4.268577225236983019e-01 4.092508633636564586e-01 4.559256124545389977e-01 2.248348581498801624e-01 4.864709660861969986e-01 5.064377015819541139e-01 4.426958032652508201e-01 6.562912117510319998e-01 5.775048660373633957e-01 7.981142724214876361e-02 2.534662673180464176e-02 4.512102421183470380e-01 4.190590698260998059e-01 3.883424035240525818e-01 4.140890671638977061e-01 2.306602324751422517e-01 4.837373595785527947e-01 6.596444719406098500e-02 4.171149030170674954e-01 3.386161382666119657e-01 3.107387645300260792e-01 2.589449157634963750e-01 4.852277306417442926e-01 2.639366375843900658e-01 5.279594084271643784e-01 1.570449666374808539e-01 3.126966498102344838e-01 2.602316654013672736e-01 3.604232867500866133e-01 4.063566439714036971e-01 1.314514136856321236e-01 4.773859196077827050e-01 5.724889409018758535e-01 3.036544670145279179e-01 4.302710566880502685e-01 2.990657910039570266e-01 4.129654585670837763e-01 2.511489238780816313e-01 3.008281567406357881e-01 3.251737468390906716e-01 4.464906912177829534e-01 4.851493076815476813e-01 5.789755970828009968e-01 5.459142035064651344e-02 7.618645407994126262e-02 4.077232810098397886e-01 4.379976106351620713e-01
4.232179295571162903e-01 1.000000000000000000e+00 1.361712153789654822e-01 3.799161018435477377e-01 8.604188686816215126e-02 3.046792797225207905e-01 1.875835530975713816e-01 2.397665767054709129e-01 2.389953893425861842e-01 2.963067738330568135e-01 3.748483281115149168e-01 4.370004035085325311e-01 4.659240558178483205e-02 1.429894873167587843e-01 1.498799937256807824e-01 3.184944535775616758e-01 4.400591052501258149e-01 7.122961455643153639e-02 3.003612933084127690e-01 5.336041648370708490e-01 3.333793263467533796e-01 5.015493481135007148e-01 3.489976733889891269e-01 4.001002593702305821e-01 2.429000375066246997e-01 3.736100921662585672e-01 3.437144697639276658e-01 4.389660376869349845e-01 4.626655399790882139e-01 5.458590485977621309e-01 1.775863915018012495e-02 -1.501689878692761410e-02 4.693052393350720664e-01 5.121496997776925353e-01 1.699010986086380570e-01 5.548044662590785325e-01 6.454104716477281067e-02 3.652184087629024023e-01 4.979190926525169786e-02 2.412071442026982870e-01 2.041056984009478603e-01 2.311519249995842573e-01 2.223743482937169946e-01 3.261814967554300670e-01 2.151916144420518151e-01 4.384530200279274093e-01 1.191574302848875527e-01 1.617891394876847799e-01 1.694416743200082287e-01 3.259391046676096138e-01 2.502666290288462214e-01 8.433323976445389336e-03 2.743156015534062853e-01 4.950245598393608337e-01 2.686845068719250218e-01 5.115433787766062723e-01 2.324009773224713915e-01 3.692734697407192290e-01 2.747892331826693457e-01 2.485104820341559329e-01 1.744170412966811190e-01 4.258873785630654663e-01 3.432238034130160043e-01 6.321835107906810247e-01 -4.537048333065032274e-02 1.081186980755628009e-03 3.929885486424165020e-01 5.136256009980603165e-01
3.727946646469814107e-01 1.361712153789654822e-01 1.000000000000000000e+00 2.649752464209272906e-01 8.298262286394594844e-02 3.481390506069541591e-01 8.928189699092251574e-01 6.283737603288860329e-01 3.707286882609330814e-01 2.496309312665078717e-01 3.521780607103782157e-01 3.722190956200329692e-01 2.971208871249663153e-01 7.319908519470359476e-01 2.826939848329372285e-01 2.899093223738383740e-01 4.951590169819986564e-01 4.994200852590978679e-01 4.324995516328480893e-01 3.903582928767904692e-01 2.326809495010915552e-01 3.637406658912469837e-01 3.411306011043572228e-01 5.365668385354629422e-01 2.964610821063232704e-01 5.661388578956059181e-01 8.600208475768712502e-01 2.897606901309421890e-01 4.055840610198463425e-01 4.467289440815702672e-01 1.914499598596478003e-01 1.455045441226657799e-01 3.123621350374844452e-01 2.646915991958265213e-01 3.172786813529457350e-01 2.088149275563178364e-01 7.800644516646304538e-01 3.243047251737088410e-01 9.849603192998913903e-02 3.679582297040923100e-01 6.981640558313646494e-01 5.375956481100392370e-01 3.610928435925409574e-01 2.910942030428034788e-01 4.057188883965174853e-01 3.466118813606556270e-01 3.513227032507442726e-01 6.121859839419752092e-01 2.983870332100755918e-01 2.457138934283605303e-01 5.332210067196815340e-01 3.878586686687715557e-01 5.374992632593178499e-01 4.226902182506854233e-01 2.071844554168556507e-01 3.158302771930360242e-01 2.933553237182824902e-01 4.935579574093010846e-01 2.582965160117651759e-01 4.801017595436395946e-01 7.000091470592130216e-01 2.810962310062483649e-01 4.285444502512695264e-01 3.826557041684334193e-01 2.042033056019443016e-01 1.027183208429911787e-01 3.303241052505385134e-01 2.987206081548905434e-01
4.708781202609414462e-01 3.799161018435477377e-01 2.649752464209272906e-01 1.000000000000000000e+00 1.410978041865166843e-01 7.856076131378622041e-01 5.204312882697794684e-01 3.817333089550212222e-01 4.541127255606808300e-01 6.292079757331433543e-01 3.775468727529217583e-01 1.242276111991284182e+00 3.590132467070265565e-01 2.898696680687801730e-01 3.263154852394599126e-01 6.932766657256457243e-01 2.487598581185958557e-01 1.994685687896029513e-01 1.798909892764467278e-01 1.022256883108322967e+00 7.992162971365229795e-01 4.700539027523910063e-01 6.501881164797687074e-01 6.944630847002395413e-01 3.632267919733989103e-01 2.721281009143503016e-01 5.060454233113449440e-01 7.828114294825186947e-01 6.852633670074823602e-01 2.914354917486142171e-01 8.531938009100718812e-02 1.364279653732073105e-01 6.690568414259195906e-01 4.820163673406487881e-01 6.176177912327066588e-01 3.564171810338928603e-01 3.409185805800685198e-01 1.211686839900475432e+00 1.106114795537704032e-01 7.869335281944965788e-01 6.561300563151105658e-01 5.157348781916750724e-01 4.824313027324682590e-01 6.922755596888836571e-01 3.180518612108829135e-01 1.168683559826596108e+00 3.879338460812516431e-01 4.921567698457171014e-01 4.609787852383822604e-01 7.348599566327181920e-01 2.669752444212830644e-01 1.975995057318291614e-01 2.947863588432266813e-01 1.013096389481061177e+00 8.164695931056624723e-01 4.772701796941250518e-01 5.814602358135674276e-01 7.679238704846460539e-01 2.637138919491816003e-01 2.780883804289634442e-01 4.760268790111243931e-01 9.358982090168109780e-01 7.480583054441484192e-01 5.172637173165191005e-01 1.942060441142217930e-01 1.022579404708242878e-01 6.003760765354818618e-01 5.294029662090081745e-01
9.081927843611940776e-02 8.604188686816215126e-02 8.298262286394594844e-02 1.410978041865166843e-01 1.000000000000000000e+00 1.462171917594316528e-01 1.156350358265395145e-01 1.319509979500511354e-01 6.507683916359073562e-02 8.078935941259623998e-02 1.033804831577857519e-01 1.425926357608758299e-01 7.391984168511887832e-02 1.053040491406825596e-01 8.823209477745093399e-02 8.147976078964111468e-02 9.735545638915825417e-02 6.659730706794211863e-02 8.603690938502020491e-02 1.141137010918817501e-01 1.198257712714003304e-01 8.331781771983329254e-02 1.339125060237577880e-01 1.075676547020381624e-01 5.591055410911078410e-02 8.207166820317472744e-02 1.309908724533982993e-01 1.334412466135703468e-01 1.089897961675603683e-01 9.254680560082778618e-02 1.046164289904734195e-02 7.310181772380427989e-02 9.700213784943484407e-02 1.057681853058743682e-01 9.013025291255608029e-02 7.227666989599296210e-02 8.785269964635324114e-02 1.292286752985362386e-01 3.826720291394396234e-02 1.325961514430493704e-01 1.180524084990420969e-01 1.287885275565848475e-01 7.196206929553604359e-02 9.108468445750295128e-02 8.166427502671788630e-02 1.251977059494804034e-01 5.782268661784175506e-02 1.065394680634288160e-01 8.655946058059088566e-02 9.076433728407938550e-02 9.279765991382060708e-02 6.490959031160570269e-02 8.941755246308367988e-02 1.068166423730935732e-01 1.130889797783652950e-01 7.459851623455192315e-02 1.316794456588058493e-01 1.079258174760894945e-01 4.598064073831158866e-02 7.396250219097570688e-02 1.034299157208845299e-01 1.394223682249448593e-01 1.263364826179056988e-01 1.152993288774740999e-01 2.547924175764453708e-02 2.022330046793294200e-02 9.036306432980301118e-02 1.001322410229877613e-01
4.657464948480116718e-01 3.046792797225207905e-01 3.481390506069541591e-01 7.856076131378622041e-01 1.462171917594316528e-01 1.000000000000000000e+00 5.128763327047940468e-01 5.450948603576403206e-01 3.370438412717267629e-01 5.778142093674181190e-01 3.466895461268737488e-01 9.393096511307844620e-01 3.051769024319518353e-01 3.071676949251345712e-01 4.222487881747616911e-01 5.704330970895450381e-01 2.738904697542409172e-01 2.127637161861597459e-01 2.033859394496665141e-01 6.468588628548307407e-01 6.305275085479933317e-01 3.217844351579864370e-01 6.674455107035347501e-01 4.987403564676030632e-01 2.925080024282018520e-01 2.511376718338541592e-01 5.463137239088509123e-01 7.283618473899056145e-01 6.370318073870500086e-01 3.292685097308161168e-01 7.786754535079046247e-02 1.191576188012610782e-01 5.180739067858867175e-01 4.474522181334320003e-01 5.648607997340582276e-01 2.898464556641326961e-01 4.335672267965657301e-01 7.102529371272604530e-01 9.385669308747607298e-02 9.991025797429835542e-01 5.603509814539637812e-01 6.062262945759935295e-01 3.595739758349568160e-01 5.867007764285830929e-01 3.155997421567916517e-01 8.154304453946743525e-01 3.242340740136259170e-01 4.238615426005069020e-01 4.775144529696486728e-01 5.867928504271250345e-01 3.019656152795056059e-01 1.731458684891994948e-01 3.392374999068152319e-01 6.697397971345909751e-01 6.575047833724130264e-01 3.425549635230619172e-01 6.152188802372251519e-01 5.312099146552834439e-01 2.000138754007604880e-01 2.522820859386800119e-01 4.943202265054468802e-01 7.910344719897661747e-01 7.069166371934167969e-01 4.926489769827742116e-01 1.995484928194360130e-01 1.070081204138811914e-01 4.816531937987073575e-01 4.731447690519209326e-01
3.918703318367049993e-01 1.875835530975713816e-01 8.928189699092251574e-01 5.204312882697794684e-01 1.156350358265395145e-01 5.128763327047940468e-01 1.000000000000000000e+00 8.147999015244005161e-01 5.812637770145668847e-01 5.239230209656082771e-01 4.127470846418974659e-01 5.868994065291116558e-01 4.295022670434361367e-01 1.003851229852382954e+00 3.222973938761764523e-01 3.683768291849869314e-01 3.152506949341832843e-01 5.492506886306337544e-01 2.946396224659200147e-01 5.844795635345961804e-01 3.987967823209765950e-01 5.175461072553106945e-01 3.003675383638068075e-01 9.163214649893907104e-01 3.541403156159808607e-01 6.232313513266324323e-01 8.080726484536877585e-01 6.062510161741284653e-01 4.639105688194041788e-01 4.545755717881328484e-01 2.368695835331374178e-01 1.790421464449130362e-01 4.191583738660716874e-01 2.858851026403332884e-01 3.950059907360461420e-01 2.047209984771909130e-01 6.304586274677355107e-01 6.172813097367897406e-01 1.282886090947561730e-01 5.267930611316476996e-01 1.167528718369366558e+00 7.325992264598896186e-01 5.386794081787587007e-01 5.613956057832997226e-01 4.283715536698272097e-01 5.482980597843697401e-01 5.091900693670878830e-01 8.788744756414947901e-01 3.572296829182463052e-01 3.420325008626739494e-01 3.250646993643997451e-01 4.448367875177065001e-01 3.571332653007779911e-01 6.103813824103276886e-01 3.521378625091263204e-01 4.829856517788665982e-01 2.211874788615764420e-01 8.369380231959419048e-01 3.297770605465529803e-01 5.490733208259795939e-01 7.081135695540741182e-01 5.974952561708811727e-01 4.690338771715862887e-01 3.656481584906979276e-01 2.420023361816448781e-01 1.053454605431504709e-01 3.590205667360809039e-01 3.001378650689576211e-01
4.061158780838969307e-01 2.397665767054709129e-01 6.283737603288860329e-01 3.817333089550212222e-01 1.319509979500511354e-01 5.450948603576403206e-01 8.147999015244005161e-01 1.000000000000000000e+00 2.874489797636866073e-01 4.278301460415435686e-01 4.130349383814977404e-01 4.563278620931432994e-01 2.029132017628614837e-01 6.965443278163409024e-01 2.715666993283734065e-01 3.337140098839814217e-01 4.477258568926782423e-01 4.772894355590235338e-01 3.265019969959290780e-01 4.201269141559490494e-01 3.738455326925995137e-01 4.326039765915805635e-01 4.063719150861727636e-01 4.934496643595420728e-01 1.903390406245314970e-01 5.904843178838639073e-01 5.950027365265060375e-01 6.781395624830125479e-01 4.685487643894004628e-01 6.848048596495277529e-01 1.369780425258868561e-01 7.986059073811314912e-02 3.585193572814623364e-01 3.716566377949128142e-01 3.103498636669047572e-01 2.343885172965668173e-01 4.566025131268101611e-01 4.125530431384352159e-01 9.139601192936207263e-02 4.653337562725886611e-01 6.219589484114864675e-01 7.894762993148585206e-01 2.798467966448439648e-01 4.269296133877752975e-01 3.921793365656958130e-01 4.061700317535981153e-01 2.493407803767095643e-01 5.332015925811384172e-01 2.686379154750658249e-01 3.100936899076677244e-01 3.965761620087417949e-01 3.122273894265683025e-01 4.268843785385347256e-01 4.415942063796586825e-01 3.339737374136076409e-01 3.899575291491272910e-01 3.022478551753100540e-01 4.527452137155472678e-01 1.563758811926548586e-01 4.134603435880945810e-01 4.311400741917199020e-01 6.041705557956937866e-01 4.158942464605592804e-01 5.307088013585375963e-01 1.077200224939138251e-01 6.981862651721423840e-02 3.039301068311770493e-01 3.604320510848658676e-01
2.816228181534303765e-01 2.389953893425861842e-01 3.707286882609330814e-01 4.541127255606808300e-01 6.507683916359073562e-02 3.370438412717267629e-01 5.812637770145668847e-01 2.874489797636866073e-01 1.000000000000000000e+00 3.966737885181318424e-01 2.887538117854380193e-01 4.966292020990718536e-01 4.037498645414592247e-01 3.802734585484073837e-01 2.672189512016128199e-01 3.911214014723554122e-01 1.717265030986154239e-01 1.754959607736846228e-01 1.498131964163750551e-01 5.219330832399563525e-01 3.915600332383741833e-01 4.482560849828252092e-01 2.736413447893980555e-01 7.682361170083442659e-01 4.028467032213863819e-01 2.947980172108028984e-01 5.244784554631750639e-01 3.496546749171411395e-01 4.029125896079430724e-01 1.939387938199460815e-01 1.358412391500034844e-01 1.242580897960608166e-01 4.147108074804841116e-01 3.001411473841281707e-01 3.016590017113611744e-01 2.824867596982130191e-01 3.387319739333644053e-01 5.110883792562249672e-01 8.172160085653207284e-02 3.775915046956303533e-01 6.029713617556136107e-01 3.303127480317348819e-01 5.850531458552171715e-01 4.192283706056294523e-01 2.929435781736930422e-01 4.739516566713203871e-01 4.804382848145191121e-01 4.500697173112340743e-01 3.194437431352442625e-01 3.488619357074790872e-01 1.927943815448518172e-01 1.763620110500342952e-01 1.905831068356684532e-01 5.161776925901815360e-01 3.516422595632692216e-01 4.498849928140244425e-01 2.279111773896842497e-01 7.512760729350786981e-01 3.771171172337315358e-01 3.323236398215561049e-01 4.985371712225351026e-01 3.945022309753908329e-01 4.175353834992062696e-01 2.946686042286941198e-01 1.861671038585988314e-01 7.604729542190603875e-02 3.768847727727374641e-01 3.238399733997001650e-01
4.468034234936328897e-01 2.963067738330568135e-01 2.496309312665078717e-01 6.292079757331433543e-01 8.078935941259623998e-02 5.778142093674181190e-01 5.239230209656082771e-01 4.278301460415435686e-01 3.966737885181318424e-01 1.000000000000000000e+00 3.702317647708091575e-01 6.359346674461836546e-01 2.636958224643295434e-01 3.715615801838298982e-01 1.894626274926916876e-01 4.210591970825482422e-01 2.557870881139281960e-01 2.434214436366297085e-01 2.384935870718670747e-01 6.735649666747749453e-01 4.684342849123858676e-01 4.630531675737928343e-01 3.351956946487399946e-01 5.910536891431883433e-01 2.976642685740586991e-01 4.505181414275472029e-01 4.472973501439395094e-01 7.155731636296832621e-01 4.935786088938489691e-01 3.399327698123588704e-01 9.500764956161023012e-02 5.820190435609175206e-02 4.521847225924762737e-01 3.384966270396222443e-01 4.376415874341977874e-01 2.437044987554203568e-01 2.075905306601300571e-01 7.697029416947047675e-01 9.954429985884333254e-02 5.361525108749711777e-01 5.292878708083951222e-01 4.519938117339817873e-01 3.807675101852772692e-01 1.392327997580836252e+00 2.807861938310101113e-01 6.200038262499460995e-01 3.222071843445233896e-01 4.235206362161350602e-01 2.575452994793027139e-01 4.264002013107997535e-01 1.998676379806086090e-01 1.849926328347981652e-01 2.708621585296036027e-01 6.467699497065430014e-01 4.457412825030839243e-01 4.991904428714114550e-01 2.681825875636740797e-01 6.121952548185213283e-01 2.579126326635473032e-01 3.530004265762840543e-01 3.533603610763081937e-01 7.438281749107450436e-01 4.628379236121380469e-01 3.852005390357793324e-01 1.036773856292298873e-01 3.383255956288025446e-02 3.588108317508336143e-01 3.710342292940979059e-01
3.967373224102374030e-01 3.748483281115149168e-01 3.521780607103782157e-01 3.775468727529217583e-01 1.033804831577857519e-01 3.466895461268737488e-01 4.127470846418974659e-01 4.130349383814977404e-01 2.887538117854380193e-01 3.702317647708091575e-01 1.000000000000000000e+00 4.360383804674189956e-01 1.864232337965660846e-01 3.744937473002320494e-01 2.027884885785155022e-01 3.122861453948501120e-01 5.222507561424707401e-01 2.913956915786110602e-01 4.604019096610581507e-01 4.689015946030484772e-01 2.755081088199623496e-01 4.334943328671777563e-01 3.220055383022725759e-01 4.091845484544402445e-01 3.116337344160007850e-01 5.153492098769517638e-01 5.030809184842788273e-01 4.035935836344494154e-01 4.429198689179799087e-01 4.757295845818481084e-01 9.599921345000826667e-02 5.456730727231931533e-02 3.837642993457569540e-01 4.290780025476189641e-01 2.740379802536065945e-01 3.573090615022279648e-01 2.587371785055356810e-01 3.937393548722357695e-01 9.316787025204628647e-02 3.231002201724776368e-01 3.775417146082601372e-01 3.778359611972888499e-01 2.701542686733353071e-01 4.003177024305000775e-01 3.364525043742988553e-01 4.292675076914191368e-01 2.330756784625574729e-01 3.415599623609956170e-01 2.610959586988320646e-01 2.949085170684114243e-01 3.716477565527412930e-01 2.002343378455288814e-01 4.134922201169736189e-01 4.620989980463239832e-01 2.610973798782978972e-01 4.226348332012894726e-01 2.385311877895042731e-01 3.918284860623494903e-01 2.803458079305315431e-01 3.606361593617076200e-01 3.315549186704690454e-01 4.036336829334855048e-01 3.794551514340250287e-01 4.855476222786892504e-01 3.864658635681154919e-02 4.879688095518181640e-02 3.680942028655380116e-01 4.327473976759603769e-01
5.452202250432358621e-01 4.370004035085325311e-01 3.722190956200329692e-01 1.242276111991284182e+00 1.425926357608758299e-01 9.393096511307844620e-01 5.868994065291116558e-01 4.563278620931432994e-01 4.966292020990718536e-01 6.359346674461836546e-01 4.360383804674189956e-01 1.000000000000000000e+00 3.687110909612723586e-01 3.401054891780991296e-01 4.077762219596702820e-01 6.998522757221559143e-01 3.413330758585083613e-01 2.289538984677513267e-01 2.417089456971170114e-01 1.159413159668488902e+00 7.973051347184448856e-01 5.023959216874047673e-01 7.262182402287404859e-01 7.339294796138589039e-01 3.934581194005487004e-01 3.259268100947410041e-01 6.390162689976143229e-01 8.083335895698674500e-01 7.667092882219113115e-01 3.793505444296900175e-01 8.599128350374647678e-02 1.279479213192375453e-01 7.196885691289688358e-01 5.583495993027820514e-01 6.332944790894486919e-01 4.261969892605820820e-01 4.411217569901041413e-01 1.129472358131265564e+00 1.132198372280173310e-01 9.127694879095956670e-01 7.139870002063423149e-01 5.912476083403378491e-01 5.308150678724832261e-01 6.969309736006081835e-01 3.626850698011021001e-01 1.376192036705996546e+00 4.223235759029260183e-01 5.320266522404053511e-01 5.212329461186417934e-01 7.301916073954274333e-01 3.669921678339151394e-01 2.199602812818945430e-01 3.895157261862737252e-01 1.149825644896075971e+00 7.943455601963758106e-01 5.229137730423639718e-01 6.393214151644033283e-01 8.076427922109707946e-01 3.300634616778775343e-01 3.524382936686265566e-01 5.871850395154756264e-01 9.411494495182635145e-01 8.285559390768560961e-01 6.421065501530809350e-01 1.985992501300558599e-01 1.206417309231278823e-01 6.779594919529252639e-01 6.010655224892403892e-01
1.357540216825959267e-01 4.659240558178483205e-02 2.971208871249663153e-01 3.590132467070265565e-01 7.391984168511887832e-02 3.051769024319518353e-01 4.295022670434361367e-01 2.029132017628614837e-01 4.037498645414592247e-01 2.636958224643295434e-01 1.864232337965660846e-01 3.687110909612723586e-01 1.000000000000000000e+00 2.797696276118644687e-01 1.989458666270191300e-01 3.174417698048195291e-01 -4.364435729151668053e-02 2.217789653082047063e-01 1.473817095284593245e-02 3.137377686682414901e-01 3.849645663656700578e-01 1.298561652720476300e-01 2.736267152868754327e-01 4.417747799373132334e-01 4.170606215364758285e-01 4.402652617656321876e-04 4.788967965427661233e-01 2.330594453804600841e-01 2.807201174517798270e-01 -8.945984404245568844e-02 1.933827762028604014e-01 1.521165599634899390e-01 2.834641180112175141e-01 1.459565583013086865e-01 3.298082670636227620e-01 5.457646366989490211e-02 2.933796231581016767e-01 3.867291229201093028e-01 7.445479446911171251e-02 3.901141924101704794e-01 4.546265711786710018e-01 2.816972058477851260e-01 3.968334514340612351e-01 2.918543117377230267e-01 2.155028268350717979e-01 3.468833550901070373e-01 5.485655356423044804e-01 3.592868231015943215e-01 2.639873926683409811e-01 2.914893501392295527e-01 1.175830399129541848e-02 1.359070537054448136e-01 4.167585715918045719e-02 3.270336092035827646e-01 3.774834590224809827e-01 1.302766090586478520e-01 2.666236052316667271e-01 4.371774981351375655e-01 2.558809367579762961e-01 4.532612859016034446e-02 4.541929028897469522e-01 3.030617627398800029e-01 3.707921372465581289e-01 2.617802889688322643e-02 3.467309738490069182e-01 8.596473988698169477e-02 2.747256127383805313e-01 1.761208659652581943e-01
3.406610620938917977e-01 1.429894873167587843e-01 7.319908519470359476e-01 2.898696680687801730e-01 1.053040491406825596e-01 3.071676949251345712e-01 1.003851229852382954e+00 6.965443278163409024e-01 3.802734585484073837e-01 3.715615801838298982e-01 3.744937473002320494e-01 3.401054891780991296e-01 2.797696276118644687e-01 1.000000000000000000e+00 1.845103178066056782e-01 2.285772892368110598e-01 3.871218057733942786e-01 6.110373948773046848e-01 4.006805391752344958e-01 3.747048131298044704e-01 2.545795872141861649e-01 4.080003278227020136e-01 2.032040381395576190e-01 5.155671151671586960e-01 2.931771794328083547e-01 5.945459799444620108e-01 7.059478686445005424e-01 3.256390300575824903e-01 3.696831539261835609e-01 4.479963349315378984e-01 2.152146169686219856e-01 1.377330666253562264e-01 3.119952504594541431e-01 2.143315279964852493e-01 2.765715639474999321e-01 1.461548219792765946e-01 4.735101773663167313e-01 3.775307354075164157e-01 1.151828062536546793e-01 2.985309184612650601e-01 7.377066866844230741e-01 5.413208858151512537e-01 3.436007204566759454e-01 3.974694298724601449e-01 3.863645016786145803e-01 3.036100601221770057e-01 3.606786580063653935e-01 7.555797079845871789e-01 2.102916440708360313e-01 1.932229313044724617e-01 3.197224489637709999e-01 4.930829055496791513e-01 3.819857506799214653e-01 3.933145553260548599e-01 2.152564786368945104e-01 3.841018741260366909e-01 1.347217201040238621e-01 4.741385434188195580e-01 2.772278658326236545e-01 4.916521034186197570e-01 5.920004604145997495e-01 3.242228494909251135e-01 3.226109073597773214e-01 2.898259762662796502e-01 1.373756357771365455e-01 7.364331437050078422e-02 2.509995417144773033e-01 2.325147543044716603e-01
1.915445434130250979e-01 1.498799937256807824e-01 2.826939848329372285e-01 3.263154852394599126e-01 8.823209477745093399e-02 4.222487881747616911e-01 3.222973938761764523e-01 2.715666993283734065e-01 2.672189512016128199e-01 1.894626274926916876e-01 2.027884885785155022e-01 4.077762219596702820e-01 1.989458666270191300e-01 1.845103178066056782e-01 1.000000000000000000e+00 2.448744672472687456e-01 1.716699155177972558e-01 1.307836708395702374e-01 1.316565233338653496e-01 3.293150466055346781e-01 2.358235375094599739e-01 1.888321491613717540e-01 2.731715875703492613e-01 3.327236555532746554e-01 1.902120385629706145e-01 1.310820098552711033e-01 3.233952902417069897e-01 2.774020403528207335e-01 2.895667048701673907e-01 1.659323627472239493e-01 3.773591506809392121e-02 1.213949366007704561e-01 2.657010710194604441e-01 2.300106595418297262e-01 2.212934172899629626e-01 1.759323569336130599e-01 2.808580361857417884e-01 3.147574423791856812e-01 6.142930520910472314e-02 3.742001683793184097e-01 3.123822688748152387e-01 2.890709419568853189e-01 2.396434043448400775e-01 1.978942113733331842e-01 2.116184453699880286e-01 3.460542904006610465e-01 2.260371439210242528e-01 2.350015644173995000e-01 3.348410733188296184e-01 2.422759721512362241e-01 2.014884200531774916e-01 1.098496626772985929e-01 1.996525129743029203e-01 3.378044148151944093e-01 2.411614782860976580e-01 1.859843305294758276e-01 2.479772383964675420e-01 3.361754945372462666e-01 1.576349184882495369e-01 1.412724567361271499e-01 2.860602956242986883e-01 2.914785187524084331e-01 3.200841254314880091e-01 2.273440457065138420e-01 1.180920406000183498e-01 8.758446983917267392e-02 2.526610099518394326e-01 2.390985052806071653e-01
3.547338634128177626e-01 3.184944535775616758e-01 2.899093223738383740e-01 6.932766657256457243e-01 8.147976078964111468e-02 5.704330970895450381e-01 3.683768291849869314e-01 3.337140098839814217e-01 3.911214014723554122e-01 4.210591970825482422e-01 3.122861453948501120e-01 6.998522757221559143e-01 3.174417698048195291e-01 2.285772892368110598e-01 2.448744672472687456e-01 1.000000000000000000e+00 2.067366273425977896e-01 1.315859468953901601e-01 1.350744339969333074e-01 5.819305621727338673e-01 8.962626243060289877e-01 3.536132595611337637e-01 8.346604303422302529e-01 5.198924043241210935e-01 3.165569101339458791e-01 2.033885885335574017e-01 5.595467757723217028e-01 6.043410503281609891e-01 6.085110019301598339e-01 2.916552491727750773e-01 1.153402342762727684e-01 8.284983568614533167e-02 6.013739597623970479e-01 5.139548912701141781e-01 5.383412966571204938e-01 3.249948100919758387e-01 3.712930634570318356e-01 6.167582052770006484e-01 7.984079222628956418e-02 5.941342098657584891e-01 4.660496188119047645e-01 4.282604342601695202e-01 3.991751793695756390e-01 4.386181471390848685e-01 2.638878537736127350e-01 6.646012595496424424e-01 3.307724923661717331e-01 3.817405557618648304e-01 3.733328630216455335e-01 8.500707052733583735e-01 2.504435578139489471e-01 1.278049221874705543e-01 2.868753814238264588e-01 5.809915363121042065e-01 8.931026393114350759e-01 3.801248833695463070e-01 7.708988095167006449e-01 5.592434209770401621e-01 2.504226958012263360e-01 2.405258563828842622e-01 5.020574893408211725e-01 6.781848261045887449e-01 7.375412934182752345e-01 5.226728791048734779e-01 1.890308761677612914e-01 1.079147874879819724e-01 5.459430997653722528e-01 5.411007388865086698e-01
6.323555794368451721e-01 4.400591052501258149e-01 4.951590169819986564e-01 2.487598581185958557e-01 9.735545638915825417e-02 2.738904697542409172e-01 3.152506949341832843e-01 4.477258568926782423e-01 1.717265030986154239e-01 2.557870881139281960e-01 5.222507561424707401e-01 3.413330758585083613e-01 -4.364435729151668053e-02 3.871218057733942786e-01 1.716699155177972558e-01 2.067366273425977896e-01 1.000000000000000000e+00 3.276557886034342504e-01 8.367269059947194387e-01 4.379052107226883983e-01 1.353219799629829245e-01 4.639753986406516262e-01 3.289924753933155532e-01 2.859567115547083094e-01 1.822645453445328745e-01 6.389958843043745951e-01 5.269147709943808877e-01 2.920412745199022497e-01 4.627598138423508201e-01 7.835677021186325808e-01 5.286943196560856678e-02 -1.889135298102233296e-02 3.572068598467698641e-01 4.664327673935578233e-01 1.644691316701104022e-01 4.354290392333088344e-01 2.155710311169088400e-01 2.665655315701279116e-01 6.626762274443499801e-02 1.912262006043375928e-01 1.947555598293960744e-01 2.854578974878894115e-01 1.415920321463966236e-01 2.988217534787759866e-01 3.289171547336229295e-01 3.402290356105876490e-01 4.514850264485538445e-02 2.267668643543286344e-01 1.868679528769938702e-01 2.149490603049531157e-01 5.928389747831301904e-01 1.972117254503060746e-01 6.446063969156826667e-01 4.264852552894990989e-01 1.203030545912913002e-01 4.246184453607942388e-01 2.137406360057681198e-01 2.273940771331087740e-01 1.921384143303487557e-01 3.277067629192973452e-01 2.622683383880531349e-01 2.572797273579995325e-01 3.149507697381432325e-01 6.374600878355154432e-01 -5.612271489609241271e-02 3.147009153388819619e-02 3.288195083679310016e-01 4.711337736147050981e-01
1.970121039894272563e-01 7.122961455643153639e-02 4.994200852590978679e-01 1.994685687896029513e-01 6.659730706794211863e-02 2.127637161861597459e-01 5.492506886306337544e-01 4.772894355590235338e-01 1.754959607736846228e-01 2.434214436366297085e-01 2.913956915786110602e-01 2.289538984677513267e-01 2.217789653082047063e-01 6.110373948773046848e-01 1.307836708395702374e-01 1.315859468953901601e-01 3.276557886034342504e-01 1.000000000000000000e+00 3.821389924610096300e-01 2.429843664441458662e-01 1.208174921703540350e-01 2.333889820182510066e-01 1.024399108250490242e-01 2.300973676675647506e-01 2.075408912076071866e-01 3.504915233242870132e-01 4.895222705710574052e-01 1.842037293381880714e-01 1.994660070990962319e-01 2.204078589343358430e-01 1.527053662071132800e-01 1.320036793589847990e-01 1.673972374197841839e-01 9.931941366616658939e-02 2.286785018798347946e-01 4.575311896782192911e-02 2.638798449407713242e-01 2.693715823903597428e-01 6.505448210094223749e-02 2.171079723045681309e-01 3.852994699234590925e-01 3.666788369488546140e-01 1.827331517374414516e-01 2.824826264489908034e-01 2.688538160413437850e-01 2.173846286277523465e-01 2.130501087896668200e-01 4.150430546421957079e-01 1.364045323472394267e-01 1.120659524024069792e-01 2.515865881093814482e-01 3.894906421975074529e-01 3.228730195157727412e-01 2.647845142095941462e-01 1.553552167755634927e-01 1.652543240418352377e-01 8.864544363223997303e-02 1.966734496952776690e-01 1.375780737537354859e-01 2.124996131128363830e-01 3.452284131881082629e-01 2.005802922762832674e-01 2.167142614498955289e-01 1.308046914085944090e-01 1.101794463833871002e-01 3.168634666793539861e-02 1.512169904524987285e-01 1.248362606816180581e-01
5.633045222269402741e-01 3.003612933084127690e-01 4.324995516328480893e-01 1.798909892764467278e-01 8.603690938502020491e-02 2.033859394496665141e-01 2.946396224659200147e-01 3.265019969959290780e-01 1.498131964163750551e-01 2.384935870718670747e-01 4.604019096610581507e-01 2.417089456971170114e-01 1.473817095284593245e-02 4.006805391752344958e-01 1.316565233338653496e-01 1.350744339969333074e-01 8.367269059947194387e-01 3.821389924610096300e-01 1.000000000000000000e+00 3.086410009907541441e-01 4.650925033850036860e-02 3.696185263499909279e-01 1.420829328286309923e-01 2.469619305575059820e-01 1.815187652541428442e-01 4.799198944963868341e-01 4.274428630623787195e-01 1.693709104791178699e-01 3.772760993407708874e-01 4.777949140176899201e-01 1.233576852650034306e-01 9.846190603968647120e-03 2.467921800258913168e-01 2.827037739686134588e-01 1.369777419419361542e-01 2.991110633418536668e-01 1.142896356440346040e-01 2.184433338166927863e-01 7.657072544018549143e-02 1.359854330621043106e-01 1.497741409940252233e-01 1.822568469873434294e-01 1.240296292384346355e-01 2.888202462536627602e-01 2.613500394367421209e-01 2.323486948799042273e-01 5.426882767315520384e-02 2.251297201580485241e-01 1.327768598707001479e-01 1.325975384740729623e-01 3.966938612417558740e-01 1.739399145847059791e-01 5.893288635071771697e-01 3.098254623880493108e-01 6.156248932477226266e-02 2.997653646611534439e-01 7.685431288172492326e-02 1.832895047950244549e-01 1.876506413677492824e-01 2.046490278896110071e-01 1.813570739047079272e-01 1.629814494817263260e-01 2.362551782726433069e-01 3.709364545796152712e-01 9.963448303976009043e-03 3.046995885887903224e-02 2.350926678578304230e-01 3.056033516840762077e-01
5.798703351255408700e-01 5.336041648370708490e-01 3.903582928767904692e-01 1.022256883108322967e+00 1.141137010918817501e-01 6.468588628548307407e-01 5.844795635345961804e-01 4.201269141559490494e-01 5.219330832399563525e-01 6.735649666747749453e-01 4.689015946030484772e-01 1.159413159668488902e+00 3.137377686682414901e-01 3.747048131298044704e-01 3.293150466055346781e-01 5.819305621727338673e-01 4.379052107226883983e-01 2.429843664441458662e-01 3.086410009907541441e-01 1.000000000000000000e+00 6.092331630735052794e-01 6.233864351275575366e-01 5.434367347187738506e-01 7.889500453192886953e-01 4.014884307427857846e-01 4.337112001836536668e-01 6.248399190534179581e-01 6.963007618084461336e-01 6.843538016467898277e-01 4.850944536964981735e-01 8.496545196634448793e-02 9.713412601303768323e-02 7.340270551225243079e-01 5.323986342362128088e-01 4.931382172283544918e-01 4.987441568746144305e-01 3.620824734329226580e-01 1.075686665890230653e+00 9.187331092201070359e-02 6.157550952522836685e-01 6.667078325323519961e-01 5.081208652940824022e-01 5.358009125593853339e-01 7.359417657245723721e-01 3.786932744905167625e-01 1.115453551533080123e+00 3.912036082780270263e-01 5.208771759286983105e-01 4.315876595243147706e-01 5.925279396635032558e-01 3.914398319636510637e-01 2.352382073467493839e-01 4.090619790844864934e-01 1.401676720524516417e+00 5.512896534550697503e-01 6.407793286863057158e-01 4.177922961380459155e-01 8.338203027267921952e-01 3.866479141346677029e-01 4.172839838434342363e-01 5.123915994445066291e-01 7.711962745253513329e-01 6.489027212597112682e-01 6.867391708773369352e-01 1.245685811116042097e-01 6.779855324364492120e-02 6.735697668244741143e-01 5.995025541956999771e-01
3.420973705915346108e-01 3.333793263467533796e-01 2.326809495010915552e-01 7.992162971365229795e-01 1.198257712714003304e-01 6.305275085479933317e-01 3.987967823209765950e-01 3.738455326925995137e-01 3.915600332383741833e-01 4.684342849123858676e-01 2.755081088199623496e-01 7.973051347184448856e-01 3.849645663656700578e-01 2.545795872141861649e-01 2.358235375094599739e-01 8.962626243060289877e-01 1.353219799629829245e-01 1.208174921703540350e-01 4.650925033850036860e-02 6.092331630735052794e-01 1.000000000000000000e+00 3.263339641628161258e-01 1.177267639806184540e+00 5.621941927960347751e-01 2.969678263989523059e-01 1.637044546814109269e-01 5.948442250900694006e-01 8.175460714420930142e-01 6.830211176745014656e-01 3.056808171422704667e-01 7.976271839425637389e-02 7.612572095244034276e-02 7.015252264311816477e-01 5.860750699945063147e-01 5.810484788537760847e-01 3.235651375304753885e-01 3.631107350201440709e-01 7.049649235050372553e-01 8.656562869103212599e-02 6.608047152130352986e-01 5.298927037378052818e-01 4.966940349807206223e-01 4.188918078665959666e-01 4.783755591797549389e-01 2.455214497036039001e-01 7.505632591447783941e-01 3.554550276684174115e-01 4.083194490525453024e-01 3.704521075986917933e-01 9.085986077861104571e-01 1.883287859437153544e-01 1.177332279508708224e-01 2.058543636965679824e-01 6.273853240039488632e-01 1.458629238111198045e+00 3.829666807467312917e-01 9.890435502127831180e-01 6.107704145057697431e-01 2.213664010406350968e-01 2.170576708300366031e-01 5.430817291772951361e-01 9.065688980959187848e-01 8.136385347729893081e-01 6.034878630638018659e-01 2.251992726278201351e-01 1.062932342681683073e-01 5.981966385013274268e-01 5.818535463975296196e-01
4.268577225236983019e-01 5.015493481135007148e-01 3.637406658912469837e-01 4.700539027523910063e-01 8.331781771983329254e-02 3.217844351579864370e-01 5.175461072553106945e-01 4.326039765915805635e-01 4.482560849828252092e-01 4.630531675737928343e-01 4.334943328671777563e-01 5.023959216874047673e-01 1.298561652720476300e-01 4.080003278227020136e-01 1.888321491613717540e-01 3.536132595611337637e-01 4.639753986406516262e-01 2.333889820182510066e-01 3.696185263499909279e-01 6.233864351275575366e-01 3.263339641628161258e-01 1.000000000000000000e+00 2.873674001919433452e-01 6.510259913044591507e-01 3.153569524863987228e-01 6.102127763308924369e-01 4.973938606780475835e-01 5.176106709792209770e-01 4.916735472390153516e-01 6.191692934602238685e-01 7.325781313802444406e-02 3.226393932693916167e-02 4.704366361906734961e-01 4.400361369583961624e-01 2.013733859094595235e-01 4.660205950822922105e-01 2.170612933131046973e-01 5.143505579607469125e-01 1.030026016000972489e-01 3.056634997969586154e-01 4.790321352292111756e-01 4.069218700170506575e-01 3.896827975841538061e-01 5.047123082278470729e-01 3.103377655294743409e-01 5.027629899370411604e-01 2.528428331616230929e-01 4.111628422357450630e-01 2.385197418315115336e-01 3.336479007978905287e-01 3.250310592097657159e-01 2.077135779977585250e-01 3.577540818813443879e-01 5.951598639562087900e-01 2.728982585059750443e-01 7.065847522856584240e-01 1.695560940431369845e-01 6.149552341536257405e-01 3.857670450562097342e-01 4.723337795331351008e-01 3.441476578899674843e-01 5.041554423409887464e-01 3.661985574169643320e-01 5.827106768366067113e-01 -6.047478436952899439e-05 4.806087210545591931e-02 3.912050682580649474e-01 4.456770155749703033e-01
4.092508633636564586e-01 3.489976733889891269e-01 3.411306011043572228e-01 6.501881164797687074e-01 1.339125060237577880e-01 6.674455107035347501e-01 3.003675383638068075e-01 4.063719150861727636e-01 2.736413447893980555e-01 3.351956946487399946e-01 3.220055383022725759e-01 7.262182402287404859e-01 2.736267152868754327e-01 2.032040381395576190e-01 2.731715875703492613e-01 8.346604303422302529e-01 3.289924753933155532e-01 1.024399108250490242e-01 1.420829328286309923e-01 5.434367347187738506e-01 1.177267639806184540e+00 2.873674001919433452e-01 1.000000000000000000e+00 3.885603706670575641e-01 2.391330391300615366e-01 2.064613172204646796e-01 6.502690782228389699e-01 6.927402778547774309e-01 7.061940684387945089e-01 4.078768541625723554e-01 6.879476413707499849e-02 3.798780851053208674e-02 6.579305478769326143e-01 6.434221028252821162e-01 5.470422246190140836e-01 3.604605796805305240e-01 4.676918641481596639e-01 5.190207822995943632e-01 7.481634796706104762e-02 6.641911199990173653e-01 3.744213330839689657e-01 4.924063059783134189e-01 3.061439082373713094e-01 3.471098377189983375e-01 2.823861369943643784e-01 6.628367558951788752e-01 2.419728367219422527e-01 3.128855211738350017e-01 3.931761398483349379e-01 8.249784925275921443e-01 3.800627200317495680e-01 1.059353381329400934e-01 3.405436708647893718e-01 5.535037447454618231e-01 1.041962119860398328e+00 3.312330395884323653e-01 1.323807512799829444e+00 4.146821680770841900e-01 1.671141466924608854e-01 2.066155939570047673e-01 5.636197300260764598e-01 7.095564844906367963e-01 8.265477373034409991e-01 7.037120317703597916e-01 1.698951999614591035e-01 1.207998161539653725e-01 5.999001661675653629e-01 6.592877662902467684e-01
