1.000000000000000000e+00 9.992062319703715056e-02 2.200889182125713717e-01 1.601069910683244890e-01 9.150423053354286851e-02 2.713265977960312991e-01 2.422273892294836695e-01 2.687865410271241262e-01 1.252509215512551399e-01 2.349753555052644383e-01 1.078318621300621005e-01 1.680322903835735904e-01 8.579298013844577353e-02 3.534652872163385195e-01 9.191710120084203850e-02 1.364170628750284719e-01 3.178319003246013463e-01 1.384660287526101596e-01 3.183829091368767239e-01 1.442145746058143274e-01 2.187492104670442639e-01 1.149398599275491539e-01 2.020031164568794058e-01 1.865423450189378496e-01 1.148110588022554501e-01 1.445720571858302994e-01 2.474020754243307918e-01 1.842273374193260649e-01 3.639595805676257290e-01 2.364146340896281784e-01 1.455590252367364446e-01 1.087837231991176934e-01 2.186661102712616489e-01 1.934510028024885031e-01 3.235504710405845974e-01 1.158629447231101783e-01 1.595197442720905912e-01 1.584573067176236472e-01 3.064525773686545967e-02 2.106466775463624042e-01 2.195317607381969127e-01 2.090940621754825424e-01 1.110906399701674235e-01 2.420191561536649827e-01 9.826690911611687951e-02 1.415483821962607025e-01 1.131690824275836810e-01 2.609712699761130295e-01 8.458005196129675385e-02 1.452629599295573448e-01 1.941167947168649932e-01 1.304194385895679209e-01 2.826252196534155825e-01 1.228503157100953869e-01 1.756235561592734973e-01 8.306556260099923206e-02 1.847700689048343281e-01 1.730680115183202972e-01 4.999873705567503546e-02 1.136616185524320366e-01 2.208771766095982136e-01 1.607532296033682695e-01 3.175560023431354129e-01 1.295349522909658435e-01 1.227270356267836093e-01 9.237458699210106261e-02 1.406525412565949040e-01 1.476781257208840681e-01
9.992062319703715056e-02 1.000000000000000000e+00 2.215666929808879915e-01 2.884075725689710934e-01 9.288252797068380362e-02 2.564977629127483394e-01 1.574347511636103036e-01 1.814176540099221024e-01 1.516130969350096003e-01 2.315971160581692390e-01 2.318719609529701908e-01 2.955525192725715344e-01 2.616350626329298767e-02 9.466150720081867309e-02 1.529533997156537206e-01 3.406284870258821096e-01 3.949786368540629811e-01 -3.338935212435196077e-03 1.746044826758076096e-01 3.146956517918296781e-01 3.411604819364613683e-01 3.554791662821054632e-01 4.340057975816629665e-01 2.646278031286831700e-01 1.967445410254652638e-01 4.193726902737933138e-01 3.977969255066141074e-01 3.366410789226721434e-01 2.612993625977702017e-01 3.038414475909979040e-01 -2.120690459101878117e-02 1.400260009023001490e-02 2.958439321003116240e-01 4.217423792534741311e-01 2.263622153912869805e-01 4.585618143841739269e-01 2.607264528188500408e-01 2.581635837120933030e-01 6.939384047581349801e-02 2.943514292384759590e-01 2.298003171224463903e-01 2.530056243638892366e-01 1.840955417878113731e-01 2.481690078016537959e-01 1.707359628313031008e-01 2.977872917065021996e-01 3.105972152907218384e-02 1.958687300688412569e-01 1.396520300104518442e-01 3.473453324952023302e-01 3.921837140955958256e-01 1.216202834680561451e-01 2.175501298147161089e-01 3.047162007441220899e-01 3.106461171173436342e-01 3.864061755400679532e-01 4.617636863017744453e-01 2.715633796065515249e-01 1.374007263395163880e-01 3.985082347782004653e-01 4.396852575037060173e-01 3.757486740717360663e-01 2.827792799471655627e-01 3.893351487343127415e-01 -3.450597729146230586e-02 2.969830803302790645e-02 2.422625894330156238e-01 4.086267538357503115e-01
2.200889182125713717e-01 2.215666929808879915e-01 1.000000000000000000e+00 1.904890258436976458e-01 1.574117044718583991e-01 3.575760584966071742e-01 5.373601911301310041e-01 3.604413677112298098e-01 4.602808012288266415e-01 2.935471374431832814e-01 1.906899093742767115e-01 2.628618875293311508e-01 2.472257708728439196e-01 4.569561877045287268e-01 2.887480279646894021e-01 3.359991144388922990e-01 3.689024480208277779e-01 3.765877744525983895e-01 3.489813845549415428e-01 2.999217522055590002e-01 3.880203733197614135e-01 3.884584933036126508e-01 4.353882369124935647e-01 5.090337898479426748e-01 3.010392237223579737e-01 5.322402559836758584e-01 6.874871315540924677e-01 3.520807722142717533e-01 3.945957313460176086e-01 3.311457916148684566e-01 2.211743760560036520e-01 8.783487113486707076e-02 3.142516607154431374e-01 3.109261017499327373e-01 3.738840257372825771e-01 2.479561863321242676e-01 5.854277282293165463e-01 2.092772133224692077e-01 7.981681908023463556e-02 3.066931125964454385e-01 5.585806732120954798e-01 3.497625919562063479e-01 4.603395094709635815e-01 3.115019115130460703e-01 1.916356533187959510e-01 2.648778575132795243e-01 2.106897531899492304e-01 5.545600234889960234e-01 2.045042415689447557e-01 3.035137048342819166e-01 2.825378155002154501e-01 2.771492369973839742e-01 2.472236148633795705e-01 2.901373063445292777e-01 3.503382036034000113e-01 3.248610509999498852e-01 3.320426012528560067e-01 5.121206754210489986e-01 1.554169602111140913e-01 3.426575246573978495e-01 5.799662459032444151e-01 3.097886154351987553e-01 4.338493045504152046e-01 2.569124482500074746e-01 1.525241990600505471e-01 8.311830287952007290e-02 2.623123208623415192e-01 2.035894759472275384e-01
1.601069910683244890e-01 2.884075725689710934e-01 1.904890258436976458e-01 1.000000000000000000e+00 9.411045488894501099e-02 4.739623033760441695e-01 3.381739159438308939e-01 2.124576331846996791e-01 2.759255334054319664e-01 5.581227178413576961e-01 1.119536844581945634e-01 8.005815654102136358e-01 1.170940714020366896e-01 1.411765997888001223e-01 2.185982586560702989e-01 4.301216545561570292e-01 2.775117034596812360e-01 -6.974558302937577947e-02 9.262791499736862388e-02 7.528404086167503895e-01 5.629985890415681871e-01 3.145391713316524340e-01 4.991792158839085669e-01 5.408785178458893617e-01 9.854136634981035259e-02 2.808898791047050869e-01 2.570267370261464790e-01 6.863820610896190777e-01 3.294312817095580437e-01 3.418208362095563890e-01 2.373901331284777524e-02 5.519389289125698622e-02 3.677279643757285776e-01 3.606237208720941001e-01 3.149741695955752263e-01 2.751647277151986204e-01 2.096299231347552028e-01 8.258211759466734803e-01 6.613570676484546718e-02 5.296706606350378710e-01 4.004931721268244482e-01 3.200506288883966932e-01 3.285258181127326260e-01 5.643413503372941564e-01 1.732976519918789093e-01 7.672949930325995149e-01 1.473826837908231990e-01 2.439266960211261825e-01 2.701060660291995652e-01 4.422694112020287283e-01 2.833897687538562415e-01 9.674414630101195456e-02 1.959057285557089245e-01 7.094568285463995760e-01 5.313449854942116080e-01 3.439182433146404372e-01 5.433866986553823608e-01 5.521565607605071202e-01 8.931972220087137926e-02 3.303274491754573661e-01 3.216440801566318175e-01 7.267032965512395526e-01 3.870664271018595670e-01 4.166054220614212600e-01 7.691650143238971948e-02 7.471332380586913346e-02 3.138910008534314122e-01 4.102142344319805733e-01
9.150423053354286851e-02 9.288252797068380362e-02 1.574117044718583991e-01 9.411045488894501099e-02 1.000000000000000000e+00 1.661449730957860471e-01 1.545975767682085389e-01 1.226675439749702751e-01 1.027163431834625662e-01 1.172573090683148023e-01 8.239066079761502015e-02 9.815998270957126959e-02 8.042250110171519917e-02 1.361860838103711169e-01 9.189262839935233296e-02 9.777246051853090425e-02 1.479992305501289518e-01 6.327008753459073542e-02 1.103625711179463259e-01 1.046149579106969429e-01 1.227583707483012182e-01 8.975662513804003040e-02 1.377218023757331433e-01 1.289454729014081757e-01 8.855913182283649265e-02 1.347469918811612655e-01 1.390823829309618676e-01 1.415655376530185472e-01 1.413582237845719125e-01 1.312642259717395898e-01 5.611691829375112239e-02 1.078962021851409547e-01 9.145924040399283639e-02 1.078200334590994625e-01 1.383935482280563012e-01 7.668330676798489065e-02 1.421040345141099948e-01 1.004634349814485100e-01 6.088108800721149516e-02 1.489594690531370613e-01 1.655494148576447666e-01 1.538641969292731670e-01 1.076528323522098207e-01 1.344213402568235072e-01 6.579782381702151128e-02 1.007423615519918714e-01 5.170678523818146577e-02 1.720754031406016571e-01 5.809396848939252234e-02 8.919849338324281618e-02 1.258004082649093469e-01 8.782466643397959793e-02 1.147691377737008744e-01 9.561680248409876182e-02 1.090956016117817784e-01 9.977179897626160809e-02 1.277563263006890604e-01 1.433308513163786824e-01 5.530741882390194375e-02 1.065244122347729361e-01 1.392137818656406234e-01 1.394126450136138617e-01 1.480394147770578428e-01 1.161283485310764391e-01 5.353787714872329517e-02 5.184069255259341619e-02 6.475118742458214893e-02 8.483480456621218802e-02
2.713265977960312991e-01 2.564977629127483394e-01 3.575760584966071742e-01 4.739623033760441695e-01 1.661449730957860471e-01 1.000000000000000000e+00 3.787977211154620605e-01 4.193950034251054948e-01 2.692015100524982052e-01 5.989742530392061504e-01 8.689613833934883846e-02 5.320678378051458823e-01 2.156640167421406407e-01 2.948184977469738843e-01 2.899648539691791482e-01 3.276185906574253792e-01 3.502290179120821634e-01 7.450823607149412164e-02 2.716622857617154718e-01 4.924915518460848407e-01 4.688391503987595077e-01 2.520479076653375783e-01 4.676019150733733976e-01 4.122016490802621336e-01 1.523995019276469520e-01 3.321974569332774019e-01 3.474560798954297591e-01 5.394912678198230394e-01 4.067312287727224973e-01 3.338123979095070082e-01 9.594174631531716957e-02 1.261499845785189755e-01 3.190936411148815877e-01 3.302794566319123826e-01 4.277254798780453227e-01 2.485781849058804893e-01 3.811445920628991901e-01 4.772899930344107755e-01 1.192704406654266913e-01 6.157810182716350056e-01 4.875830189919069246e-01 4.869739344835741779e-01 2.939674280837596965e-01 6.155687201995014846e-01 2.172875677162934838e-01 5.029363668129736009e-01 1.933112026377961645e-01 4.394502108116517536e-01 2.865296815081650461e-01 3.283976401836563586e-01 3.889728585026409058e-01 1.598200529651205015e-01 3.486409628170627495e-01 4.807417903094995948e-01 4.449188198419768980e-01 2.628952941923186071e-01 4.524336121478358952e-01 4.769557107321827361e-01 9.560714609279655218e-02 3.534609926558675008e-01 3.871267441884188032e-01 5.779708268151528827e-01 4.219778174269490645e-01 3.891805027254452432e-01 1.291876026913989506e-01 1.557361439061771546e-01 2.283322664960502069e-01 3.294092213642269562e-01
2.422273892294836695e-01 1.574347511636103036e-01 5.373601911301310041e-01 3.381739159438308939e-01 1.545975767682085389e-01 3.787977211154620605e-01 1.000000000000000000e+00 3.619553844545561061e-01 4.808265162101889589e-01 4.177429069935529871e-01 1.389832117145748391e-01 3.446610350494626607e-01 2.596615277784470321e-01 4.430888058141287944e-01 2.899822374084591314e-01 3.153227922872934297e-01 1.999559483958516237e-01 1.659364486596163202e-01 1.650424284004092246e-01 3.543984563250696107e-01 4.159338014779125903e-01 3.828499554913082914e-01 3.338429081775771134e-01 5.996971923136842353e-01 2.776156840323945607e-01 3.400722258733263059e-01 4.433373481568128049e-01 5.403520937965744508e-01 3.585022223538321118e-01 4.639227898559773466e-01 2.008978865479323916e-01 5.375442192807072805e-02 2.525780673844388313e-01 2.195336333955618391e-01 3.089599955604857007e-01 1.866685566477328528e-01 3.768210518188715996e-01 3.353895460037978893e-01 4.202250871789743603e-02 3.705208900287850771e-01 5.409032062217202785e-01 3.390721023933291889e-01 4.659902162186244645e-01 4.119163269021226537e-01 1.680815071825785267e-01 3.411723367578224919e-01 2.786141890008997368e-01 4.603650073412312027e-01 2.435389420077193612e-01 2.739187523267317959e-01 2.041735326074180512e-01 1.368580364359418544e-01 1.651988004099737839e-01 3.446042664378355935e-01 3.443057913832920924e-01 3.653757119231616501e-01 2.721153062436801329e-01 5.754953240149126570e-01 1.515735915475313611e-01 2.443483006861089935e-01 3.796382447571864938e-01 3.737032446360286642e-01 3.548037677506866716e-01 2.206766760338842448e-01 1.363445411514833949e-01 9.001373099617232532e-02 2.081137019503204733e-01 1.893735078553552553e-01
2.687865410271241262e-01 1.814176540099221024e-01 3.604413677112298098e-01 2.124576331846996791e-01 1.226675439749702751e-01 4.193950034251054948e-01 3.619553844545561061e-01 1.000000000000000000e+00 2.054978538659388010e-01 3.350099501727970552e-01 1.199991742828713931e-01 2.543481695175239254e-01 1.403669268247355884e-01 3.753595010339747517e-01 1.790776436722590348e-01 2.092006434264070958e-01 2.939542293877960288e-01 1.443857254377008126e-01 2.668737710590417533e-01 2.306260695836584440e-01 2.947432101635769630e-01 2.148389001557972078e-01 3.157845802650647293e-01 2.734611179955226956e-01 1.614458788418162982e-01 3.040042117847382430e-01 3.322586018269977348e-01 3.665350453469585212e-01 3.338149055601530302e-01 3.955708288010573170e-01 1.338648593230276351e-01 9.879121543001215255e-02 2.140757781144835004e-01 2.449525080229285057e-01 3.412859922770892784e-01 1.746657112807345480e-01 3.017990379150446989e-01 2.272536538196518463e-01 1.097782512336170774e-01 3.635015135179315293e-01 3.698397979466029883e-01 4.031781720062544427e-01 2.057583571982253279e-01 3.432803833650156511e-01 1.690249718811722701e-01 2.243261129521132435e-01 1.626503675149746087e-01 3.988513473174146728e-01 1.414005999447159878e-01 1.858757257723568646e-01 2.524737007095040342e-01 1.695601296207458752e-01 2.758179840766840085e-01 2.119763723072012052e-01 2.504691487458991506e-01 1.945969108014677373e-01 2.623346664196985478e-01 2.908965747796493639e-01 9.201665712012022103e-02 2.183846651103325265e-01 3.019391844237971356e-01 3.349777215356689042e-01 3.165538571837989146e-01 2.856381038764752578e-01 8.973686943813263817e-02 1.118761479525443719e-01 1.667277898626704502e-01 1.836892776788262016e-01
1.252509215512551399e-01 1.516130969350096003e-01 4.602808012288266415e-01 2.759255334054319664e-01 1.027163431834625662e-01 2.692015100524982052e-01 4.808265162101889589e-01 2.054978538659388010e-01 1.000000000000000000e+00 2.582268992478080061e-01 1.222879555591541573e-01 3.124786244621984843e-01 2.921862140290872323e-01 3.312494660544487712e-01 3.085765775244994624e-01 3.182031554802068340e-01 1.225864059917455007e-01 1.358762737493450223e-01 6.853215126982054040e-02 3.294045824624778351e-01 3.560757976354878562e-01 4.077223825944893965e-01 2.819874774038969023e-01 6.129343100773552155e-01 3.073060840193841958e-01 2.174908410310241458e-01 4.780084071406857094e-01 3.074940287835569164e-01 3.147298356906018668e-01 1.534165471445625983e-01 1.848919337694834852e-01 5.819029143520175473e-02 2.619320330240673123e-01 2.010153472534625396e-01 2.648682259438233655e-01 1.817638537771735785e-01 2.606813512885546302e-01 3.164396566084590190e-01 5.396015262436897053e-02 2.847938338390370028e-01 4.173789414418926924e-01 2.077207169116539742e-01 5.421454892120437519e-01 3.001280712378811000e-01 7.893815800107591152e-02 3.122994816205202917e-01 2.923122343240309728e-01 3.691818405821747362e-01 2.292768851650943129e-01 2.846131400990572491e-01 9.234203609040164684e-02 6.233313788988666115e-02 7.127219825038957901e-02 3.093095980226016062e-01 3.466818941432751044e-01 3.453579520545838055e-01 2.498721292833772922e-01 5.239193342023787947e-01 1.448443981557072935e-01 1.325166894796823425e-01 3.610493306801361713e-01 2.834361427993825067e-01 3.951294605278208305e-01 1.442821837998650991e-01 5.031937212097555012e-02 6.996970715561977305e-02 2.816044191602858904e-01 1.772058403913904789e-01
2.349753555052644383e-01 2.315971160581692390e-01 2.935471374431832814e-01 5.581227178413576961e-01 1.172573090683148023e-01 5.989742530392061504e-01 4.177429069935529871e-01 3.350099501727970552e-01 2.582268992478080061e-01 1.000000000000000000e+00 1.113567080444139018e-01 5.818076567182204339e-01 1.850607155180208629e-01 2.280480665545958074e-01 2.215259663666523104e-01 3.127484932753133995e-01 2.664919068432023419e-01 3.870233964101294638e-02 1.818885102345210170e-01 5.901715359736987576e-01 4.656885198168007056e-01 2.868971692248080130e-01 4.362860826242336287e-01 4.312486488061911816e-01 1.171688390940687774e-01 3.250115866877828497e-01 2.629011984808914404e-01 5.949002715187092782e-01 3.632852900684248043e-01 3.487789182714915448e-01 6.329397993972110670e-02 6.863599428313295336e-02 3.204961317482516447e-01 3.355543510548351094e-01 3.912890034223603930e-01 2.530945254696561064e-01 3.795449599396161777e-01 5.578641115754825464e-01 1.064649977589080670e-01 5.883729109941744362e-01 5.059433173608527401e-01 4.223110334710195035e-01 2.986527791791012687e-01 8.375518568219882942e-01 2.592038379157738381e-01 5.721049361650749621e-01 1.891142241646132094e-01 3.772121571670393192e-01 2.310329289423659338e-01 3.038971632210947793e-01 3.872776965104406388e-01 1.730407883818920467e-01 3.073885114556542120e-01 6.336340134027952375e-01 4.188193701557816340e-01 2.998123771202519938e-01 4.224721464043085795e-01 4.836459009609437310e-01 9.472929189678913620e-02 3.886814842710758500e-01 3.688089734295547650e-01 6.122169316405741135e-01 3.857522540160293056e-01 3.776969545753039448e-01 1.430817442915548188e-01 1.178652518947814337e-01 2.661205827484289244e-01 3.615010122911438417e-01
1.078318621300621005e-01 2.318719609529701908e-01 1.906899093742767115e-01 1.119536844581945634e-01 8.239066079761502015e-02 8.689613833934883846e-02 1.389832117145748391e-01 1.199991742828713931e-01 1.222879555591541573e-01 1.113567080444139018e-01 1.000000000000000000e+00 9.396549055739844558e-02 1.146061673053084262e-01 1.447412570470324455e-01 7.570654916291702508e-02 1.409203461774063415e-01 2.804420568852949436e-01 2.125308025847102433e-01 2.433309573256520475e-01 9.855257160423153140e-02 1.016900946132332506e-01 2.791844541147994740e-01 1.614340663287443245e-01 1.749114691519001730e-01 2.074699517313294272e-01 3.557927487402435807e-01 3.040536545284328040e-01 1.327670989163191873e-01 1.774576843663085712e-01 1.789433227923120373e-01 8.225263446832251080e-02 5.973490654584236170e-02 1.113097326393224368e-01 2.594397037903186098e-01 1.415381004829863454e-01 2.563596607971847519e-01 1.130774336316652529e-01 1.038021769549449941e-01 3.804956538695094398e-02 9.151502879581593919e-02 1.341685792788519238e-01 1.192494341741107133e-01 1.377123909623000908e-01 1.105945553215881005e-01 1.535319795690930356e-01 1.086002126412958513e-01 4.715137293515804517e-02 1.284027565618776900e-01 6.098120250441182999e-02 1.194259051929983662e-01 2.524487081788750475e-01 1.236481361373303750e-01 1.527241943267740043e-01 1.065681357640131249e-01 6.069687630454660004e-02 2.614183527971836729e-01 1.566571704588110570e-01 1.351270934532363133e-01 1.123280476078837853e-01 2.154502886675015716e-01 2.627935211818329120e-01 1.092566708755253607e-01 1.363304645182434049e-01 1.465023840636550390e-01 8.732623001361156101e-03 7.234330303065706833e-03 1.253638148377339834e-01 1.619701809810595583e-01
1.680322903835735904e-01 2.955525192725715344e-01 2.628618875293311508e-01 8.005815654102136358e-01 9.815998270957126959e-02 5.320678378051458823e-01 3.446610350494626607e-01 2.543481695175239254e-01 3.124786244621984843e-01 5.818076567182204339e-01 9.396549055739844558e-02 1.000000000000000000e+00 1.276160597337337721e-01 1.709489497772966327e-01 2.869677553574935258e-01 4.334128506809998282e-01 2.919806288773122982e-01 -4.681423920190708188e-02 1.282286494680669742e-01 8.060329761514468672e-01 5.916697756023758803e-01 3.292579871400952984e-01 5.240072393826934460e-01 5.535762482986594790e-01 1.240721848627202029e-01 3.074130873363918326e-01 3.289920438763682675e-01 6.562186350248178091e-01 3.534346075425696676e-01 3.351563678987892758e-01 3.803751792829197093e-02 4.938544563094184742e-02 4.127948057356350953e-01 3.803120489563170947e-01 3.350493487884795840e-01 2.912710904196624817e-01 2.700245569476696361e-01 7.857581421018253742e-01 6.000536722836991022e-02 5.741288140027820397e-01 4.401347738591804282e-01 3.382464323700618558e-01 3.576076803540780280e-01 6.021787103892726201e-01 2.060704429796484938e-01 7.983469736055314181e-01 1.582358836603005858e-01 2.879546451639747873e-01 3.175379367364781213e-01 4.475806704920550771e-01 3.153962790728470078e-01 9.985606758116490067e-02 2.310648177044667129e-01 7.695955712745439214e-01 5.629111410559685114e-01 3.492739580125447940e-01 5.532347992232331535e-01 5.844365497053367609e-01 8.804320443738274105e-02 3.654006399789658799e-01 3.819031359322916375e-01 7.024982539898715350e-01 4.236486964639956110e-01 4.265151604610425418e-01 8.410548775119588982e-02 7.207647499000263691e-02 3.330716570931647746e-01 4.216608379606232027e-01
8.579298013844577353e-02 2.616350626329298767e-02 2.472257708728439196e-01 1.170940714020366896e-01 8.042250110171519917e-02 2.156640167421406407e-01 2.596615277784470321e-01 1.403669268247355884e-01 2.921862140290872323e-01 1.850607155180208629e-01 1.146061673053084262e-01 1.276160597337337721e-01 1.000000000000000000e+00 2.539920983920024300e-01 1.946561604728787309e-01 1.628005631815294951e-01 1.472613022398001209e-03 1.533881008825618286e-01 1.689356629691307621e-02 1.365018315221582790e-01 2.264236007866851086e-01 1.249748719358840521e-01 1.708238754679876903e-01 2.598560636122618783e-01 2.977803446262343168e-01 2.758209826798455749e-02 2.835451771562480516e-01 1.343066208238076764e-01 2.460828649574841043e-01 -9.596261759371046973e-03 2.303033260668891358e-01 1.464593579121977740e-01 1.286061245864341673e-01 1.111108791690695319e-01 1.363794005194165215e-01 4.978600973968692195e-02 9.405555785327915364e-02 1.584953226850508157e-01 7.866086043880486656e-02 1.928270005800540032e-01 1.739950453477838721e-01 1.231824040369945555e-01 2.630518890960928391e-01 2.103510104594258912e-01 1.345079202089965731e-01 1.402898799024032972e-01 3.718108762628464237e-01 2.083915508813470319e-01 1.453449316296343274e-01 1.674516553845279421e-01 6.119472653071486579e-03 6.541588473011493432e-02 -2.044958320217968306e-02 1.404906519220350258e-01 2.426943804816866501e-01 9.227510347331913110e-02 1.487685479713315440e-01 2.377679064673769993e-01 1.884711233862076396e-01 -2.903773717204009841e-02 1.610876434542933000e-01 1.371968188272673084e-01 2.412161244810861471e-01 -5.018960695571152153e-03 1.772291239650576888e-01 1.367728700418162913e-01 1.231168272016040233e-01 8.716033756098966190e-02
3.534652872163385195e-01 9.466150720081867309e-02 4.569561877045287268e-01 1.411765997888001223e-01 1.361860838103711169e-01 2.948184977469738843e-01 4.430888058141287944e-01 3.753595010339747517e-01 3.312494660544487712e-01 2.280480665545958074e-01 1.447412570470324455e-01 1.709489497772966327e-01 2.539920983920024300e-01 1.000000000000000000e+00 2.045377224518066250e-01 2.069563507042507799e-01 2.977191625071566317e-01 3.358729852058215393e-01 3.557624722915223026e-01 1.494589343690159722e-01 2.873829652075184926e-01 2.183154557667140172e-01 2.567737594073064011e-01 3.252580545187260808e-01 2.518389025052845676e-01 1.970125272762913715e-01 4.610524061601735113e-01 2.245808949854593839e-01 4.232897944708796101e-01 2.287689157116349348e-01 2.939114904565469089e-01 1.747942767589868718e-01 2.193709463969676920e-01 2.324068019819130193e-01 3.845728038387015157e-01 1.418485000072047530e-01 2.476331922208751812e-01 1.833307954015634678e-01 4.102943836263053118e-02 2.606640567064304470e-01 3.440676828048985225e-01 2.705239113123366623e-01 2.941667199078620287e-01 2.364587162185136648e-01 8.899486943712703324e-02 1.447410314046929380e-01 2.306194015939784236e-01 4.778024999319333554e-01 1.196586912784178558e-01 1.796825123977603966e-01 1.623575982649667904e-01 1.751092869887102832e-01 2.407777619202945418e-01 1.341222416055072308e-01 2.557823936543280330e-01 1.662726601812940519e-01 1.908813258202465835e-01 2.915398455457702265e-01 1.188834553097361940e-01 5.157053200862564413e-02 3.051689322779992386e-01 1.831413802658023171e-01 3.906414477821235076e-01 1.300883867156630291e-01 1.563216255033716140e-01 1.145167493786675428e-01 1.782315541044840745e-01 1.267954819991374826e-01
9.191710120084203850e-02 1.529533997156537206e-01 2.887480279646894021e-01 2.185982586560702989e-01 9.189262839935233296e-02 2.899648539691791482e-01 2.899822374084591314e-01 1.790776436722590348e-01 3.085765775244994624e-01 2.215259663666523104e-01 7.570654916291702508e-02 2.869677553574935258e-01 1.946561604728787309e-01 2.045377224518066250e-01 1.000000000000000000e+00 2.342476574320686289e-01 1.160248672667464620e-01 5.449395599092479725e-02 6.863708001418142302e-02 2.894861789897690829e-01 3.016060841950564120e-01 2.625926584534721275e-01 2.620412350198044193e-01 3.996789254799633095e-01 1.735709570140092084e-01 1.830190227486671040e-01 3.249993668636792510e-01 2.884164024817169603e-01 2.320986341536802611e-01 1.426368715657783670e-01 1.061375116429828097e-01 4.082515128718570280e-02 2.172081214745787692e-01 2.046306618861509219e-01 1.962169923622140710e-01 1.616566529903992744e-01 2.555593279933736084e-01 2.488669754166001336e-01 6.128909082124351509e-02 2.769243730616960386e-01 3.346791125966694924e-01 2.118606873487214881e-01 3.120237253352606821e-01 2.664057123852698328e-01 1.022973290532581542e-01 2.810017556936070804e-01 1.825784211220942144e-01 2.772611949413700261e-01 2.569082962362647105e-01 2.608827984716291515e-01 1.523342737833922877e-01 8.037428265799317906e-02 1.161769147163148608e-01 2.603449298421687819e-01 2.859789921269297319e-01 2.300738814994569836e-01 2.414649470103529816e-01 4.014110450214560255e-01 9.825409198082113438e-02 1.935245363329739232e-01 2.999477649069396401e-01 2.672623233537846366e-01 2.937305111208025621e-01 1.705485183563515972e-01 3.725197103262646581e-02 7.364062591075870579e-02 1.891355585812579954e-01 1.570290027168171065e-01
1.364170628750284719e-01 3.406284870258821096e-01 3.359991144388922990e-01 4.301216545561570292e-01 9.777246051853090425e-02 3.276185906574253792e-01 3.153227922872934297e-01 2.092006434264070958e-01 3.182031554802068340e-01 3.127484932753133995e-01 1.409203461774063415e-01 4.334128506809998282e-01 1.628005631815294951e-01 2.069563507042507799e-01 2.342476574320686289e-01 1.000000000000000000e+00 3.032525605890994957e-01 3.576390223128848855e-02 1.071366873728123448e-01 4.195764545759032016e-01 6.359798199602642033e-01 3.980364965089446816e-01 6.198098113658173647e-01 4.639804610002963292e-01 2.176899885727283657e-01 3.263106665218242775e-01 4.745648704639492399e-01 4.859643642193645086e-01 4.022890929336779831e-01 3.106436703873114435e-01 5.104366469412575935e-02 2.040093880956969294e-02 4.085902627215599603e-01 4.295062222404811836e-01 2.703437424041080783e-01 3.168077899645390105e-01 2.969707420276588294e-01 4.218854840085895508e-01 6.722258275031482710e-02 3.768735769080633347e-01 3.436084242512686959e-01 2.782370780982450498e-01 3.405522520161076705e-01 3.464598101311571754e-01 1.477143914070827846e-01 4.337877352449237556e-01 1.661506744913887612e-01 3.133273852243135815e-01 2.479939768355820529e-01 6.332049063879674478e-01 2.505037953351972324e-01 1.230492631562892514e-01 1.073276570852469830e-01 3.939457931188434792e-01 6.107589285245507149e-01 4.049222626195733143e-01 5.928275693007638569e-01 4.946094461813902443e-01 1.306582561656048913e-01 3.208944838218703022e-01 4.685431078696251639e-01 5.046530568531998329e-01 4.471000839355833145e-01 4.075098391054484126e-01 5.492588107029737488e-02 6.108051852351996380e-02 3.414651760195421826e-01 4.185144720936847529e-01
3.178319003246013463e-01 3.949786368540629811e-01 3.689024480208277779e-01 2.775117034596812360e-01 1.479992305501289518e-01 3.502290179120821634e-01 1.999559483958516237e-01 2.939542293877960288e-01 1.225864059917455007e-01 2.664919068432023419e-01 2.804420568852949436e-01 2.919806288773122982e-01 1.472613022398001209e-03 2.977191625071566317e-01 1.160248672667464620e-01 3.032525605890994957e-01 1.000000000000000000e+00 2.080106480125469837e-01 5.434154716219136150e-01 2.786193822303453804e-01 3.439176166189638062e-01 3.084962385717410771e-01 4.747003705791720263e-01 2.442626504832241530e-01 1.409708486164917840e-01 4.989274484450110236e-01 4.554952842793925649e-01 3.269401583618248286e-01 4.196989491153672036e-01 4.224593190845282176e-01 1.234428567048433817e-01 1.024993689602577696e-01 3.397196071603063583e-01 4.899277965672843571e-01 4.321166362537182115e-01 3.825369956094857304e-01 3.472206233718886370e-01 2.520270910220180349e-01 7.515017339487402304e-02 3.280722264289282486e-01 3.011235273454480610e-01 3.034997558447971588e-01 1.256659097209062714e-01 2.717170765098182450e-01 2.097154240902511235e-01 2.545932684502008048e-01 2.469508963996673578e-02 3.226614940464243575e-01 1.229670885868656971e-01 2.973422223991188940e-01 5.214241964065248203e-01 2.204034409950159090e-01 4.543955399546566465e-01 2.447810357871917364e-01 2.860058966856416918e-01 2.801134088462877703e-01 4.416399182307905180e-01 2.671507731158739851e-01 7.987743568606334166e-02 3.778298857724515791e-01 4.708232657262051979e-01 3.296298339243058928e-01 3.778065409060711866e-01 3.848309027191666454e-01 9.884199341633209679e-02 6.194090517115496963e-02 2.442215211405501518e-01 3.594132060853818533e-01
1.384660287526101596e-01 -3.338935212435196077e-03 3.765877744525983895e-01 -6.974558302937577947e-02 6.327008753459073542e-02 7.450823607149412164e-02 1.659364486596163202e-01 1.443857254377008126e-01 1.358762737493450223e-01 3.870233964101294638e-02 2.125308025847102433e-01 -4.681423920190708188e-02 1.533881008825618286e-01 3.358729852058215393e-01 5.449395599092479725e-02 3.576390223128848855e-02 2.080106480125469837e-01 1.000000000000000000e+00 3.556593903898220832e-01 -1.880299789585607173e-02 2.861793925622775625e-02 1.037359465445938933e-01 5.875009980743696458e-02 6.744058684340668852e-02 1.612717091064530262e-01 2.301394836470548599e-01 3.255484639590935925e-01 -3.997100862586040748e-02 1.639873100046278231e-01 3.051872861791969996e-02 1.739303823989035713e-01 1.181318214483558504e-01 6.742433494477356737e-02 9.521026280053332402e-02 1.861137165723875941e-01 1.365682304521894687e-02 1.874462904949156239e-01 -3.456952738440757789e-02 3.747597107841898340e-02 1.009192623044205019e-02 1.751879296673999331e-01 9.049814887742017866e-02 1.146281216525011359e-01 5.414049064784562382e-02 9.499177442018656714e-02 -4.243140073141189045e-02 8.046694462446490892e-02 2.766749825962833143e-01 -1.376691034735421336e-02 2.064330687045505888e-02 5.208135555281577511e-02 2.429246930636776991e-01 1.205308076953141572e-01 -1.279291517133234954e-02 3.917449969447975300e-02 4.526297722432923859e-02 1.218327350333685451e-02 5.237907727054187668e-02 6.210599734200249189e-02 3.214068569883234139e-02 1.821119853208875705e-01 -3.919682772011845451e-02 1.518368270598940972e-01 -2.387892392633254521e-02 1.098129680558094790e-01 5.271066360201313861e-02 4.211809180644197209e-02 -7.650016155644787791e-03
3.183829091368767239e-01 1.746044826758076096e-01 3.489813845549415428e-01 9.262791499736862388e-02 1.103625711179463259e-01 2.716622857617154718e-01 1.650424284004092246e-01 2.668737710590417533e-01 6.853215126982054040e-02 1.818885102345210170e-01 2.433309573256520475e-01 1.282286494680669742e-01 1.689356629691307621e-02 3.557624722915223026e-01 6.863708001418142302e-02 1.071366873728123448e-01 5.434154716219136150e-01 3.556593903898220832e-01 1.000000000000000000e+00 1.202556626810011992e-01 1.295911606591574616e-01 1.577695048961599289e-01 2.201298972876464810e-01 1.314128723478440453e-01 1.224971134347725560e-01 3.503580321062101932e-01 3.743948965839566378e-01 1.455357428092362848e-01 3.278025757965237208e-01 2.517007004417518568e-01 1.756227363006403475e-01 1.398402802435297354e-01 2.004805806214337571e-01 2.812744910161648626e-01 4.117799817173143917e-01 1.710417309798998031e-01 2.668499527282149897e-01 1.037613496037085026e-01 5.883497122661825174e-02 2.105489199823873669e-01 2.233304240398556462e-01 2.533966048946334482e-01 6.070328818749791411e-02 2.164360986750273885e-01 1.407892662208872214e-01 1.082847686728392600e-01 -1.806063593772505235e-02 3.463699465395680965e-01 6.113498302495930237e-02 1.216062733957805758e-01 3.752180941951622772e-01 2.342200841405556455e-01 4.880107254418703522e-01 1.267891353094645623e-01 1.152698239161875082e-01 1.049761651226962383e-01 1.753952417003586395e-01 1.283576535658051132e-01 2.229033066214269367e-03 2.109825916472640173e-01 3.101457176825737627e-01 1.386388342196679668e-01 3.010053810790543904e-01 1.877502024180974782e-01 1.053806768181851927e-01 6.138086953841550425e-02 1.435991800606413460e-01 1.542406581239334773e-01
1.442145746058143274e-01 3.146956517918296781e-01 2.999217522055590002e-01 7.528404086167503895e-01 1.046149579106969429e-01 4.924915518460848407e-01 3.543984563250696107e-01 2.306260695836584440e-01 3.294045824624778351e-01 5.901715359736987576e-01 9.855257160423153140e-02 8.060329761514468672e-01 1.365018315221582790e-01 1.494589343690159722e-01 2.894861789897690829e-01 4.195764545759032016e-01 2.786193822303453804e-01 -1.880299789585607173e-02 1.202556626810011992e-01 1.000000000000000000e+00 5.780465234492436766e-01 3.565673097440525963e-01 5.260100025473940510e-01 5.712291964027385038e-01 1.471031360486567963e-01 3.319755595296411399e-01 3.501327876559387486e-01 6.374484689958781480e-01 3.293255426414554710e-01 3.386220544473258487e-01 4.564622057779765818e-02 4.076831548681734974e-02 4.205812759172067317e-01 3.998194861024227942e-01 3.167711700746013159e-01 3.042303755844229518e-01 3.086726215148582475e-01 7.158158922423909498e-01 7.994500629184868312e-02 5.280381760793836365e-01 4.528355377008516092e-01 3.132619064071745507e-01 3.668578907648371024e-01 5.929573142849895451e-01 2.346670584825970018e-01 7.688771704672840990e-01 1.726455402037435360e-01 2.802395042922389834e-01 2.912879603213456847e-01 4.355364015366107178e-01 3.218018128527116994e-01 1.228849258302561892e-01 2.298052610506100546e-01 8.275311452327984707e-01 5.411403253043651773e-01 3.737512244854397370e-01 5.540441081841630533e-01 5.952674974779610384e-01 1.054326991733868929e-01 3.856558830096383783e-01 4.212674046652031823e-01 6.540736495344730006e-01 3.954547259637703482e-01 4.238732307268042732e-01 9.490702208953172292e-02 7.091031731760805146e-02 3.670823394952621443e-01 4.371517082211506255e-01
2.187492104670442639e-01 3.411604819364613683e-01 3.880203733197614135e-01 5.629985890415681871e-01 1.227583707483012182e-01 4.688391503987595077e-01 4.159338014779125903e-01 2.947432101635769630e-01 3.560757976354878562e-01 4.656885198168007056e-01 1.016900946132332506e-01 5.916697756023758803e-01 2.264236007866851086e-01 2.873829652075184926e-01 3.016060841950564120e-01 6.359798199602642033e-01 3.439176166189638062e-01 2.861793925622775625e-02 1.295911606591574616e-01 5.780465234492436766e-01 1.000000000000000000e+00 4.100122965686877063e-01 8.110746623220558282e-01 5.494511750827378860e-01 2.445473314849163915e-01 3.600826504774256587e-01 4.980586232414133674e-01 6.653835324294457010e-01 5.309470698266380850e-01 4.443353750019406467e-01 6.470011587190364899e-02 5.702292760613337369e-02 5.412870335917825404e-01 5.159216863415609922e-01 3.630929012119945565e-01 3.481505384337432174e-01 3.084494275603845148e-01 5.604294843274567617e-01 7.483959084126534655e-02 4.682410732020797495e-01 4.107949268283790922e-01 3.429516774219147912e-01 4.022108295391491062e-01 4.872662297350578431e-01 1.890977347949749365e-01 5.705300919432084727e-01 2.359121211602154822e-01 3.409821739029801346e-01 2.776151878435844100e-01 6.244526122719797900e-01 2.548760296507896483e-01 1.126861916121030538e-01 1.381758449689426127e-01 5.381749333257300760e-01 8.043774682403398435e-01 4.137716524146121122e-01 7.003653714844925160e-01 5.884714646657094317e-01 1.781608635008255226e-01 3.105854541094978383e-01 4.594814865513983104e-01 6.373615584966604297e-01 5.419693234068204690e-01 4.797515674591091850e-01 1.078295960856551494e-01 9.247287514287835797e-02 4.086689701308093836e-01 5.011883270477091035e-01
1.149398599275491539e-01 3.554791662821054632e-01 3.884584933036126508e-01 3.145391713316524340e-01 8.975662513804003040e-02 2.520479076653375783e-01 3.828499554913082914e-01 2.148389001557972078e-01 4.077223825944893965e-01 2.868971692248080130e-01 2.791844541147994740e-01 3.292579871400952984e-01 1.249748719358840521e-01 2.183154557667140172e-01 2.625926584534721275e-01 3.980364965089446816e-01 3.084962385717410771e-01 1.037359465445938933e-01 1.577695048961599289e-01 3.565673097440525963e-01 4.100122965686877063e-01 1.000000000000000000e+00 4.024715609072266886e-01 5.620515188990816702e-01 2.820242283908314107e-01 4.793461188550218743e-01 4.989155841295668248e-01 4.101297191928138242e-01 3.018652925953491661e-01 3.247993630702583068e-01 5.792810399502791585e-02 1.807062644620257424e-02 3.213420642425574014e-01 3.645572859577089764e-01 2.560681354881488847e-01 3.670198078762146876e-01 3.074320506464118252e-01 3.215653766465018104e-01 6.902026779240809373e-02 2.890060307992808886e-01 4.289106490653418202e-01 2.452203409248850108e-01 4.153432110106676234e-01 3.053249992491801623e-01 1.650081349711769174e-01 3.320055517859676342e-01 1.375167788154809667e-01 3.305618561941546796e-01 2.253461958558984346e-01 3.726128941195304134e-01 2.874768671700204670e-01 1.119832643498382685e-01 1.872127385485482798e-01 3.415642213500832969e-01 3.369923571667255424e-01 5.464503775194378132e-01 3.762750509624524509e-01 4.979306717696130313e-01 1.360769731551392248e-01 3.756251026180005836e-01 4.706636161280759456e-01 3.793081594971677850e-01 3.571494635452426847e-01 3.345835398663885574e-01 2.628825477726668552e-03 3.477642226310862644e-02 3.106717121181841734e-01 3.537771737247693560e-01
2.020031164568794058e-01 4.340057975816629665e-01 4.353882369124935647e-01 4.991792158839085669e-01 1.377218023757331433e-01 4.676019150733733976e-01 3.338429081775771134e-01 3.157845802650647293e-01 2.819874774038969023e-01 4.362860826242336287e-01 1.614340663287443245e-01 5.240072393826934460e-01 1.708238754679876903e-01 2.567737594073064011e-01 2.620412350198044193e-01 6.198098113658173647e-01 4.747003705791720263e-01 5.875009980743696458e-02 2.201298972876464810e-01 5.260100025473940510e-01 8.110746623220558282e-01 4.024715609072266886e-01 1.000000000000000000e+00 4.452713607703042697e-01 2.303630231395220052e-01 4.687722621907012832e-01 5.479723792015417372e-01 6.329967191761635137e-01 5.123172572763561305e-01 4.766929685054380750e-01 1.100566206598142284e-02 7.129131840009342302e-02 5.155577076161157457e-01 5.846908514184414596e-01 3.691100630393374105e-01 4.353561508544023795e-01 3.862872722947955917e-01 4.892055872391100069e-01 9.929484829361276410e-02 4.710442043199162265e-01 3.854335853436903214e-01 4.099982702801311385e-01 3.267666549824471134e-01 4.447350235070857138e-01 2.263819863767885798e-01 5.178258833336393252e-01 1.707638625790700859e-01 3.612135599948841924e-01 2.296320652502753801e-01 6.112545773588615727e-01 3.951642191878851351e-01 1.465079433423183142e-01 2.152043668741713267e-01 4.848911058623525117e-01 7.359235724051259586e-01 4.112057217290658873e-01 7.738475925241374842e-01 4.964873581202601804e-01 1.747352888245303215e-01 4.127771353462554860e-01 5.394994300196500614e-01 6.572212562319139639e-01 5.169814653588941100e-01 5.847410710130542810e-01 9.736406129465056958e-02 7.417070064480796310e-02 3.904015261245747381e-01 5.273010282801231519e-01
