1.000000000000000000e+00 2.413781095137690347e-01 4.020982618773929484e-01 3.155140294808313484e-01 6.991789889927889357e-02 3.499739775171442080e-01 3.842606179804721744e-01 2.641927413664075797e-01 1.010432066488267805e-01 3.394676865369380958e-01 2.280645704520365691e-01 3.592532699693804510e-01 1.206523943848425290e-01 4.921752562423963306e-01 -9.748716955087152747e-03 1.891501191134522530e-01 4.104262744644769922e-01 3.128852716626097652e-01 3.361566061937226180e-01 2.641172279619680707e-01 3.828482617718993453e-01 2.614091111829199843e-01 4.204772778023629365e-01 3.330415912939693746e-01 1.130042246823874663e-01 3.931141471355296124e-01 4.479071442789056001e-01 2.671976062584675571e-01 5.512647678802521378e-01 4.368596178766649407e-01 1.619674082923548697e-01 1.626372681549059784e-01 2.100859366466500955e-01 3.101114991749695515e-01 3.263972841905919964e-01 2.924345111845088607e-01 2.596288287986692200e-01 3.235929470743866276e-01 6.767208001557160901e-02 2.826736716011434281e-01 2.417195624702629386e-01 2.038858390372301210e-01 9.496749105274002178e-02 3.059620528408755202e-01 1.349815519096360383e-01 3.279616784634880045e-01 1.312610693111272535e-02 3.197320883710860762e-01 1.538631824792399856e-02 2.137276669449919564e-01 2.995332986542750264e-01 1.492930960095317783e-01 3.387999272923255534e-01 2.547695761767539424e-01 3.532425385484296299e-01 2.979900362310329287e-01 3.843346913669991038e-01 2.154224822750147317e-01 3.955235340213907741e-02 2.743093794729382084e-01 3.139983492078714522e-01 2.936763381183785659e-01 3.879524682529817414e-01 3.323239403076474474e-01 4.265734232603844711e-02 4.619042471181684928e-02 1.643717390159793734e-01 2.876629307517231116e-01
2.413781095137690347e-01 1.000000000000000000e+00 8.067669997580154129e-02 1.674147637419626244e-01 2.686497686989649386e-02 2.346081735371545185e-01 6.756079720442723612e-03 1.865041886123414427e-01 -8.926527695654853933e-02 2.406370665453272939e-01 1.211439418675161334e-01 2.002388452510828754e-01 -8.970017397417852367e-03 5.041627415008763380e-02 -2.519159797963086214e-03 1.142507826182413699e-01 1.858020455266298221e-01 3.268440679172825852e-02 1.548616962025665955e-01 1.335513465000902344e-01 2.132430333887809226e-01 2.324515869219999642e-01 2.807498784215093357e-01 7.856233124260288136e-02 7.478689912801665673e-02 2.018397338391294815e-01 1.603930354654704571e-01 2.634362775352837582e-01 2.677330137358199247e-01 2.798912609631844517e-01 -9.532012240249160273e-02 3.999270879594150896e-02 1.586547673510412537e-01 3.554743679604801532e-01 2.448473151563266281e-01 3.918782286212497135e-01 1.276985973396963792e-01 1.827090062903194423e-01 5.651177930395365201e-03 2.488092683315045739e-01 9.196369535173237741e-02 1.877770131518637364e-01 -7.443520639723258392e-02 2.454468484573212039e-01 3.762895074705314979e-02 2.105412059667438052e-01 -6.944156988160325727e-02 7.145696136691201406e-02 3.193428274580444731e-02 1.131851426506057801e-01 2.465191481735109491e-01 -1.068844690432933786e-01 3.153438436642536091e-01 1.487943377204241358e-01 2.011792531005959228e-01 2.134197313708852684e-01 3.363391935925527099e-01 7.288743690912058426e-02 7.316787509402526701e-02 1.220744270830662614e-01 1.524469820787688334e-01 2.766346569093391938e-01 3.434553516670836859e-01 3.357251876061696505e-01 -1.015155093862553370e-01 -2.184902359165032462e-02 1.178988300086910856e-01 3.227965628258053221e-01
4.020982618773929484e-01 8.067669997580154129e-02 1.000000000000000000e+00 2.056371902980325961e-01 7.430899915122003707e-02 3.545603935428966458e-01 7.494310330695134192e-01 4.735853062038998251e-01 1.654271173520066307e-01 2.719433514289604781e-01 3.548170078185959309e-01 3.952201052712438489e-01 1.081350015220457379e-02 5.777330115219632134e-01 -1.500704100887751552e-03 1.179891547156649012e-01 6.179502599911391725e-01 4.585605853346411687e-01 5.352417492740620952e-01 3.095645652941791393e-01 3.400918222411746794e-01 3.183505292848056167e-01 4.508199664916116012e-01 4.450906171898073582e-01 4.446493122469968168e-02 7.283550134424164879e-01 6.259811179517508206e-01 4.522702189198981593e-01 3.955782130765030935e-01 6.303954730590686228e-01 1.444052977262201276e-01 1.215623021449193930e-01 2.179453851471381265e-01 2.660267553163184195e-01 1.568394261833709891e-01 1.557615915263163009e-01 5.453547129362462664e-01 2.586235687704179775e-01 5.020263583715761646e-02 3.156093890820114156e-01 4.573241112870374270e-01 3.907384911353231072e-01 1.992680931963095592e-01 2.322531838146326688e-01 2.704122807920253946e-01 3.474578623846596992e-01 -6.389499950775245907e-02 4.807303972638775069e-01 3.201581568574892595e-02 1.152552030762764579e-01 3.807854931643215868e-01 2.823545112785489364e-01 2.342571262335107485e-01 3.119755002612455974e-01 3.097753686666188111e-01 2.169512870561288165e-01 3.789873072124845255e-01 2.980279715307530553e-01 -1.168807589529188284e-01 4.518508117312136085e-01 3.936162869386709562e-01 4.170483606885587169e-01 3.006674662431134681e-01 4.220166612189241162e-01 6.759339636579064781e-02 2.296581722970206935e-03 2.102839018472200672e-01 1.589143788349935416e-01
3.155140294808313484e-01 1.674147637419626244e-01 2.056371902980325961e-01 1.000000000000000000e+00 5.816331730423415780e-02 3.834175045922523228e-01 2.067153515983462531e-01 2.272001355675066503e-01 1.289163977611010314e-01 5.981404523737995360e-01 1.091532813033338212e-01 6.289301046956047303e-01 5.754411938653375413e-02 1.552273356747689292e-01 5.459396611045380654e-02 2.267751617534488895e-01 1.612501765013641397e-01 5.860060225486317387e-02 9.550157689864499644e-02 6.731885126355523496e-01 3.595742284793616017e-01 1.944818754273547334e-01 3.678555239301449231e-01 3.141165687496891845e-01 4.452346127160152628e-02 2.595056415280549422e-01 1.743783328308566027e-01 3.891711042639377505e-01 2.766111025152083180e-01 2.517157023663780802e-01 -1.019609544262982913e-02 3.772911729666003633e-02 1.648879601438153764e-01 2.399443421335795967e-01 2.170347763652140105e-01 2.569851225266996941e-01 2.407754104478507240e-01 7.425334373270164878e-01 4.177089543361593715e-02 3.581513462533534309e-01 2.548266572621551429e-01 2.444731325430565538e-01 1.709333555262819160e-01 5.692244381817583854e-01 3.483024859574629373e-02 6.415560517050641343e-01 2.483212316581679541e-03 2.098948242813245824e-01 1.086771242493332623e-01 2.019976631856754690e-01 2.000259180290335226e-01 5.597940374237734586e-03 1.315523284933626524e-01 6.673299687408907888e-01 3.282947130563518834e-01 2.601130008198986321e-01 3.906683513402255947e-01 2.769110901792417589e-01 3.777411356888497884e-02 2.514373197570185514e-01 1.609834287099004002e-01 4.164348461867381501e-01 2.642357918626402347e-01 3.016058530782043667e-01 -1.476660327538069015e-02 -4.187720958120670633e-02 1.071394189946828085e-01 1.627078143504422370e-01
6.991789889927889357e-02 2.686497686989649386e-02 7.430899915122003707e-02 5.816331730423415780e-02 1.000000000000000000e+00 1.100495135876026209e-01 7.320120195692118858e-02 1.414983164681067329e-01 2.675901955094972529e-02 5.962791015168482367e-02 8.652826623645985815e-02 6.377813346304254949e-02 5.292608222829790765e-02 9.957173477571967801e-02 7.417815939341994291e-02 5.729040067546739556e-02 9.576721107159964774e-02 7.487100626482726118e-02 8.584796606786300466e-02 5.205992196620530532e-02 1.203469639761087229e-01 3.575347383865076778e-02 1.042363578547263470e-01 4.638904976647567624e-02 6.470068683933477560e-02 1.024749305165902902e-01 8.573513521510126023e-02 6.898306183810926084e-02 1.061524586775734746e-01 7.961638722132236001e-02 5.350854687411246702e-02 1.156212556741214176e-01 7.210968040712661953e-02 7.327660266889352014e-02 1.452137926555240391e-02 3.389879850727604144e-02 1.025485280321503101e-02 4.463066646780865232e-02 3.246568935057195238e-02 2.884234463080936200e-02 -5.101801294561808531e-03 4.771482998582171620e-02 3.906981529216587562e-02 2.975241248302439023e-02 6.396003466114241753e-02 1.871951914851925636e-02 2.201831364340155889e-02 1.373615809916292965e-02 2.373070810609755055e-02 7.557762223643198218e-02 2.596429428896274150e-02 4.079942914016397582e-02 5.096387137782723564e-02 8.389433115221490295e-03 9.077027747737084762e-02 2.878125642764524372e-03 6.958161264291895520e-02 1.448639418629553768e-02 -3.137756769692974512e-02 2.021592895506810206e-02 -1.442040464755560587e-02 6.392847844736043728e-02 5.347414407159697958e-02 2.885178838187288375e-02 -3.133482139893822155e-02 3.174334598678413277e-02 3.322881571031492676e-02 5.864513120226849674e-02
3.499739775171442080e-01 2.346081735371545185e-01 3.545603935428966458e-01 3.834175045922523228e-01 1.100495135876026209e-01 1.000000000000000000e+00 3.263305571514385495e-01 4.783108446706525463e-01 3.515450418812932076e-02 4.831850179204527085e-01 2.509328470614223261e-01 5.068749710940271269e-01 -4.287227363415913040e-04 2.589117613873535007e-01 1.607044192192446375e-01 1.711699773630152022e-01 3.484643506430853410e-01 2.166419322029489447e-01 3.130700378515930415e-01 3.698005685696079681e-01 3.544694694830290427e-01 2.278304645063509437e-01 4.205021903405500860e-01 2.566695962048254342e-01 3.077046225945371388e-02 4.061581665970493416e-01 2.881303852597992821e-01 5.126102724609200578e-01 3.850825170751575044e-01 4.526184386162890871e-01 -2.651057030992989144e-02 8.302928643365034556e-02 1.956048147404040038e-01 3.573371960359766897e-01 2.293824806006437567e-01 2.976672561691996455e-01 3.161109007995576703e-01 3.933602920601116937e-01 6.276903542008749337e-02 4.315850258503307058e-01 2.674307381550161122e-01 3.911806460825542620e-01 8.647464802334925427e-02 3.490712218431597513e-01 1.268406148901775887e-01 4.220197808989887278e-01 -5.219130905219333816e-02 2.373955149136810494e-01 1.054277533376654918e-01 1.688835058882383611e-01 2.734530753742193121e-01 -3.674452054209359150e-03 2.577288708725886113e-01 3.565955825296597270e-01 3.294927485424128943e-01 2.374617175108167944e-01 4.191860629860364451e-01 2.069603516782867747e-01 -2.499359078963116904e-02 2.732161896544435531e-01 1.965320693053531909e-01 4.820957895237968360e-01 3.572473175225294173e-01 4.287484037720002972e-01 -4.637586489564636538e-02 -1.378396786374164185e-02 1.885387491604273436e-01 2.773862433642551029e-01
3.842606179804721744e-01 6.756079720442723612e-03 7.494310330695134192e-01 2.067153515983462531e-01 7.320120195692118858e-02 3.263305571514385495e-01 1.000000000000000000e+00 4.092463346185555295e-01 4.042554465257179874e-01 1.997365922480581479e-01 3.270054720304020335e-01 4.005995265404236338e-01 1.673322473588740866e-01 7.037029154031022582e-01 7.642301551890098854e-02 1.195886735261127154e-01 5.368872385057085195e-01 4.563727142176331464e-01 4.368047725452532948e-01 3.071437630868987800e-01 3.508325628634700877e-01 3.757892226992112228e-01 3.840933080276585643e-01 6.917218652505420229e-01 1.865483703874926402e-01 6.609391115049080279e-01 6.568363228731721737e-01 3.378660096565038740e-01 3.353403117797545963e-01 5.453147275253080739e-01 2.496771821984281048e-01 1.320939555723462666e-01 1.863433699036542157e-01 1.957142779163891233e-01 1.348887834331918834e-01 1.201908751633281591e-01 5.742943332503724907e-01 2.339156707287436965e-01 8.070979050797477683e-02 2.870904351136961408e-01 6.566185690870736114e-01 3.494458192462789881e-01 4.181032070545122048e-01 1.923764188777936646e-01 2.723081057293537111e-01 3.660854515806997167e-01 1.046590578729424681e-01 6.265030237800147672e-01 9.241819136969608994e-02 1.307192133217407737e-01 3.653757416906094901e-01 3.621269121321121220e-01 1.362740215184989334e-01 3.047912110754940618e-01 3.152401385440660730e-01 2.964895894582803004e-01 3.114538143448682406e-01 5.413495170822080205e-01 -4.235385292293140924e-02 4.957279464696685012e-01 5.042724655587145222e-01 2.958906160022543030e-01 2.529159118256130712e-01 3.299178724460956613e-01 1.937128075959303197e-01 2.965534143718590032e-02 1.763086898541245673e-01 1.095204254876352701e-01
2.641927413664075797e-01 1.865041886123414427e-01 4.735853062038998251e-01 2.272001355675066503e-01 1.414983164681067329e-01 4.783108446706525463e-01 4.092463346185555295e-01 1.000000000000000000e+00 -7.110862595363526273e-02 3.062477450433830350e-01 3.838889999989626434e-01 4.014075023939858156e-01 -1.196774333238841692e-01 3.030468494340801677e-01 1.426118002902845572e-01 1.682541688159963078e-01 5.196711409687581051e-01 2.384696277434911749e-01 4.902961229391469278e-01 3.357796822575632723e-01 3.701479985922138116e-01 2.209293048255296654e-01 4.755236106767906090e-01 1.594777739882042855e-01 -1.225785597867038446e-01 5.960358295511090088e-01 2.477578869059211542e-01 6.277166607677491239e-01 3.335554472169118267e-01 6.623601615254353092e-01 -1.291799058545224921e-01 3.937011494991142502e-02 1.811804556695386648e-01 3.791442900253370052e-01 1.035377629641540953e-01 2.003151288777906824e-01 3.643595846523169923e-01 2.543165738244403951e-01 3.809895834147365712e-02 3.641380322350651344e-01 2.467681422923624357e-01 5.631095495415298080e-01 5.426110218788800232e-02 1.871590945649274085e-01 2.415491438114105993e-01 2.997427826742173895e-01 -1.665340936526685522e-01 1.989104646917436992e-01 8.865138061444624573e-02 1.172767094379403574e-01 3.194281375673047596e-01 1.638980124742925315e-02 2.104421761109966649e-01 2.908117616392450477e-01 3.286960181019866756e-01 1.092930791348582231e-01 4.356543009050986570e-01 1.060289089777516902e-01 -1.850808077704453602e-01 3.177338136953015701e-01 1.702294856766082415e-02 5.735191102398867757e-01 2.362297783985577715e-01 5.167249785734990830e-01 -1.399314515223462063e-01 -6.776767078471604422e-02 1.738886804106306028e-01 2.402917830021008283e-01
1.010432066488267805e-01 -8.926527695654853933e-02 1.654271173520066307e-01 1.289163977611010314e-01 2.675901955094972529e-02 3.515450418812932076e-02 4.042554465257179874e-01 -7.110862595363526273e-02 1.000000000000000000e+00 5.677469209621756330e-02 1.116256376326953126e-02 1.561287672590199460e-01 3.450404411471237331e-01 2.823342438353526607e-01 1.094635530762478881e-01 3.976917545429041467e-02 -1.852426265188509766e-02 5.311132177528607445e-02 -5.942434366106034982e-02 1.407750006946241195e-01 1.425822084747004337e-01 1.917526242596258590e-01 3.513729516779751094e-02 5.512932411056890025e-01 3.150396003613801788e-01 7.551998407157986537e-02 2.654025162694715889e-01 -1.217618774751045019e-01 6.850921601746766398e-02 -1.022741002542948835e-01 2.339863605378807443e-01 6.398838206915047344e-02 5.759615668637629166e-02 -4.759427280128910448e-02 5.071289302709522384e-02 5.873946338308313336e-05 1.780066159702487771e-01 1.052828274421874488e-01 5.453736920839497709e-02 1.794002887166337365e-02 3.623368785704765838e-01 -3.113466310842867221e-02 4.737060945135196932e-01 8.701097896057288783e-02 6.975591562733360340e-02 1.566472068002901508e-01 3.559508922526355423e-01 3.072638521871356998e-01 1.091447372851596515e-01 4.869832186238060023e-02 3.579855189102394697e-02 1.489249652678564517e-01 -1.076822596241871488e-01 1.201789243186184852e-01 1.036568234501950847e-01 2.130237778557970696e-01 2.708250644945857724e-03 4.511636485801826524e-01 1.382671565773078703e-01 1.549636487509054583e-01 3.162511902122219221e-01 -1.288656284434669952e-01 6.354138243900761540e-02 -1.259396541421437810e-01 2.440784517817006782e-01 5.493405014379594553e-02 3.195754327389948440e-02 -2.262147655525625217e-02
3.394676865369380958e-01 2.406370665453272939e-01 2.719433514289604781e-01 5.981404523737995360e-01 5.962791015168482367e-02 4.831850179204527085e-01 1.997365922480581479e-01 3.062477450433830350e-01 5.677469209621756330e-02 1.000000000000000000e+00 1.561553363372593373e-01 5.245878619425670131e-01 3.304247795119337472e-02 1.464168518391710527e-01 1.330567735873002151e-02 2.085221861059698145e-01 2.013874509426585024e-01 6.847205822827061306e-02 1.605906477255114595e-01 5.932583218980151951e-01 3.735823615167574441e-01 1.932411458321059705e-01 4.140812456328024638e-01 2.287390053929942435e-01 5.310221721804812139e-02 3.133583254341910096e-01 2.128730912833775579e-01 4.757955364331446502e-01 3.551380874853485303e-01 2.917349109119661277e-01 -6.425638060283632436e-02 4.823611797779440991e-02 2.145595723588226422e-01 3.064628273228491850e-01 2.143597602329702090e-01 3.451226766689887704e-01 2.734631891387230840e-01 5.834446889328988028e-01 4.216002724521902834e-02 4.332106282205383518e-01 2.265059420092856712e-01 3.101025665320916724e-01 1.222953170216044272e-01 7.128461635680698461e-01 8.672611538589625191e-02 5.228555578046965024e-01 -1.370014893327260383e-03 1.914834786972636205e-01 5.822414080904584482e-02 2.103797083472285778e-01 2.534920632566982079e-01 -1.597462823854507719e-02 1.961702528556778791e-01 5.267682192984276535e-01 3.406672388435784127e-01 2.803448818574697521e-01 4.612847050597572163e-01 2.035368784465602932e-01 6.184034234566040955e-02 2.810483611557238470e-01 1.944431019067993927e-01 4.778531099133326299e-01 3.580454827323344413e-01 3.584345306505949957e-01 -4.977038280984370094e-02 -4.028756558054377018e-02 1.554998595420488128e-01 2.540284772608008557e-01
2.280645704520365691e-01 1.211439418675161334e-01 3.548170078185959309e-01 1.091532813033338212e-01 8.652826623645985815e-02 2.509328470614223261e-01 3.270054720304020335e-01 3.838889999989626434e-01 1.116256376326953126e-02 1.561553363372593373e-01 1.000000000000000000e+00 1.940976907940545337e-01 9.076329768196016168e-02 3.298981506088782267e-01 6.286634219898461218e-02 8.775339664639381088e-02 4.705086429546090354e-01 3.777890541462147755e-01 4.912684801523610756e-01 1.600543080715260413e-01 2.311055533687892405e-01 1.928211849490769070e-01 3.002022263070824870e-01 1.250459082349658357e-01 3.317501643793441257e-02 4.028575454173383141e-01 3.175515437015759002e-01 2.690851629425403679e-01 2.436487744904808628e-01 4.037844694283115876e-01 2.499866387307056112e-02 9.569989745215970456e-02 1.506036876818966919e-01 3.060646117338163830e-01 1.169293920428490230e-01 1.373054569677423231e-01 1.716923618925795536e-01 1.179432654858247193e-01 5.361384668528468289e-02 2.014499506969831266e-01 1.200171830918778104e-01 2.470170456416662663e-01 4.579581518254571826e-02 1.396578447361901121e-01 2.339085761554087484e-01 1.691834567686281710e-01 -4.778332449676898908e-02 2.030808844433283356e-01 1.200058933149989945e-03 7.016917463689351098e-02 2.482141180979221540e-01 1.685564099768215585e-01 2.219168638085759482e-01 1.432978440682794452e-01 2.185605174777221493e-01 9.484094801392989327e-02 2.530133801121295933e-01 1.315987533668356788e-02 -8.115273308158067744e-02 1.608135170690493942e-01 1.093102887914776528e-01 2.333438966855028440e-01 1.807529076191933537e-01 2.700494512326951924e-01 -2.224931792653326093e-03 -1.656941614521892370e-02 9.928683047825724584e-02 1.769948724998767209e-01
3.592532699693804510e-01 2.002388452510828754e-01 3.952201052712438489e-01 6.289301046956047303e-01 6.377813346304254949e-02 5.068749710940271269e-01 4.005995265404236338e-01 4.014075023939858156e-01 1.561287672590199460e-01 5.245878619425670131e-01 1.940976907940545337e-01 1.000000000000000000e+00 -9.796300055541998925e-04 2.764057129867840135e-01 1.338707759453136859e-01 1.666024155638291537e-01 3.259583689345517676e-01 1.658652255204129122e-01 2.617071635183172984e-01 6.305484162493726341e-01 3.717011879935532281e-01 2.660193044259636652e-01 4.336762264877421225e-01 3.822605454749594678e-01 1.978666035588549227e-02 4.379577779894943679e-01 2.890868850836227910e-01 5.196394806157147439e-01 3.618362163031410006e-01 4.378061569674623899e-01 -1.787752177162032358e-02 2.150081736184174253e-02 2.264410794086468282e-01 3.101872113837370604e-01 2.163128521443122287e-01 2.897211656309946481e-01 4.252808967601306445e-01 6.371144557646428730e-01 8.083289887055575274e-02 4.399894261085054992e-01 4.008314146666877020e-01 3.752401865438956818e-01 2.252392353171723816e-01 4.422590133134203239e-01 1.396989973906159199e-01 6.640313560473356524e-01 -2.596663071797818134e-02 3.149827156758776558e-01 1.428056237046302357e-01 1.548771372506397015e-01 3.281454679538557406e-01 5.068012099414753724e-02 2.106974328113458972e-01 6.476344703365479738e-01 3.329443387091472473e-01 2.902358867701192446e-01 4.515712635198529945e-01 3.497137459164487705e-01 -9.947780496865989142e-03 3.791038046017269902e-01 2.488870415882863951e-01 5.106649641202103407e-01 3.449733812058553561e-01 4.417312612492138024e-01 -9.437540651698356209e-03 -1.739734840385468578e-02 1.707055893369272270e-01 2.322359048078837529e-01
1.206523943848425290e-01 -8.970017397417852367e-03 1.081350015220457379e-02 5.754411938653375413e-02 5.292608222829790765e-02 -4.287227363415913040e-04 1.673322473588740866e-01 -1.196774333238841692e-01 3.450404411471237331e-01 3.304247795119337472e-02 9.076329768196016168e-02 -9.796300055541998925e-04 1.000000000000000000e+00 2.134670158621600200e-01 6.340698875545733304e-02 6.634948748701652299e-02 -5.506868983666948769e-02 8.356160069830127768e-02 -6.825181329756940807e-02 -1.999849919526444988e-02 1.487566862044151506e-01 1.072530422927560484e-01 4.595204005225451971e-02 2.977082682859514273e-01 4.269277115894155039e-01 -4.426023630644093654e-02 2.626147839058872169e-01 -1.673646445614526690e-01 1.083201669482442148e-01 -1.618433421256634808e-01 2.685957961415732509e-01 1.373631190411510328e-01 3.677207614541080916e-02 1.687521492316676822e-02 8.295101051664503788e-02 3.892553939137822355e-02 -3.584355773719892502e-02 3.845842289157594407e-02 6.174004518102843564e-02 -4.005375953882585327e-02 5.477630479989866602e-02 -1.363289230215075365e-01 2.543749622312704295e-01 4.369049963843273099e-02 1.896274139802647113e-02 2.110968294273284432e-02 3.767662846218120531e-01 1.050814013387211532e-01 2.522966743059639264e-02 1.011923108181623510e-01 -7.555239203248585722e-02 7.853644786377150799e-02 -1.191440911111845899e-02 -4.468049069427008912e-02 1.418333867906883539e-01 1.170796707123514524e-01 2.350219988678264871e-02 1.890588141269410327e-01 1.942770154694615503e-01 -6.270372574758234507e-02 1.835109426903226704e-01 -1.498558751631591801e-01 6.634068590429925694e-02 -1.840329929669806686e-01 1.878211871832876356e-01 1.115605028876012483e-01 7.771744800476302131e-03 3.005265831243909141e-02
4.921752562423963306e-01 5.041627415008763380e-02 5.777330115219632134e-01 1.552273356747689292e-01 9.957173477571967801e-02 2.589117613873535007e-01 7.037029154031022582e-01 3.030468494340801677e-01 2.823342438353526607e-01 1.464168518391710527e-01 3.298981506088782267e-01 2.764057129867840135e-01 2.134670158621600200e-01 1.000000000000000000e+00 -1.389303443018126243e-02 1.108143722785885354e-01 5.254566835508602818e-01 5.694047968022329931e-01 4.535595866091297612e-01 1.675419425833817311e-01 3.232390800864936020e-01 3.391360657977398052e-01 3.385117463912831193e-01 4.570443848325240754e-01 1.760217389252406173e-01 4.630426419737969645e-01 6.539462115690488631e-01 1.235720205226627788e-01 4.186609048079502626e-01 4.758099611338728052e-01 3.514678066648202481e-01 2.435725343723860181e-01 1.540161237652395432e-01 1.911829903018048005e-01 2.049838959905428415e-01 1.233310593355412405e-01 3.202078570030446047e-01 1.685035129876945592e-01 8.479831411564361932e-02 2.059511921798570788e-01 3.627651164032270059e-01 1.712784602243608845e-01 2.269676326128236832e-01 1.422950459689120428e-01 2.457716181043844705e-01 2.364549454581967303e-01 8.327781553546446947e-02 5.663933927261859402e-01 1.443967973530399171e-02 1.749065364642937437e-01 3.094036840900668550e-01 4.231585446528021155e-01 2.763072323626220017e-01 1.552812679864391809e-01 2.826166781953818319e-01 2.528296593081643673e-01 2.552403444049969883e-01 2.568001371687542722e-01 -3.202832025702363750e-02 2.883845795653225963e-01 4.092391028078959936e-01 1.083659501534484648e-01 2.545028550498393827e-01 2.399055087120564589e-01 2.119499778657608635e-01 9.482894430649241313e-02 1.415592743880800808e-01 1.631674071110016944e-01
-9.748716955087152747e-03 -2.519159797963086214e-03 -1.500704100887751552e-03 5.459396611045380654e-02 7.417815939341994291e-02 1.607044192192446375e-01 7.642301551890098854e-02 1.426118002902845572e-01 1.094635530762478881e-01 1.330567735873002151e-02 6.286634219898461218e-02 1.338707759453136859e-01 6.340698875545733304e-02 -1.389303443018126243e-02 1.000000000000000000e+00 4.279879915355892968e-03 -4.169626006542973690e-03 -5.902038424012225754e-02 1.076888713559441893e-02 9.867103693107914797e-02 4.908066623010193252e-02 -2.382885026028978143e-02 2.730766709349694010e-02 1.699616418096469572e-01 3.192358860161295664e-02 4.071233122510434232e-02 -4.175504659294553694e-02 1.386707229370645611e-01 1.923255702019205371e-02 1.853143403668780498e-02 -4.486334234527340065e-02 -4.910035948450323581e-03 1.983289902422944936e-02 4.465095072450710884e-02 4.406829357288320065e-02 9.166621347268059591e-03 8.509112966394610789e-02 5.991751905239893483e-02 7.962933218388638934e-03 8.428015064551977464e-02 1.313817222586907141e-01 9.487682186417792374e-02 1.370976796996471458e-01 -2.569373855096979825e-02 2.584189413157003332e-02 7.580588766710481818e-02 7.748316577014238704e-02 -8.754304785788558432e-03 2.124195144642960498e-01 -3.061247866609839371e-02 -3.239871052098557136e-02 -1.122017779765340367e-01 -1.126451280475715931e-02 1.044685416601782435e-01 4.175734468719582287e-02 -1.954312226143641029e-02 3.739117395190560966e-02 2.249606373529051684e-01 -2.982086793314133941e-02 1.253091166546098714e-02 -3.062952837093509129e-02 1.107441697763375532e-01 2.118521965884943847e-02 2.027238951984228210e-02 -1.317822151832355806e-02 -6.228669179169438012e-03 -3.504719155654042930e-03 -9.360603311796085804e-03
1.891501191134522530e-01 1.142507826182413699e-01 1.179891547156649012e-01 2.267751617534488895e-01 5.729040067546739556e-02 1.711699773630152022e-01 1.195886735261127154e-01 1.682541688159963078e-01 3.976917545429041467e-02 2.085221861059698145e-01 8.775339664639381088e-02 1.666024155638291537e-01 6.634948748701652299e-02 1.108143722785885354e-01 4.279879915355892968e-03 1.000000000000000000e+00 8.703206073804654885e-02 4.496326897358480373e-02 5.696512044920996887e-02 1.534191897471745558e-01 3.767329248260878338e-01 1.742536605830444785e-01 3.932080816730064710e-01 1.563007491644518854e-01 6.154263470103010780e-02 1.623378650668200196e-01 1.899244652252737586e-01 2.280943228947877044e-01 1.927637410969240683e-01 1.564377297731276983e-01 -6.826768297184720828e-03 8.907314318490081040e-02 9.846375158380837878e-02 1.562459747890099226e-01 1.414034953677705819e-01 1.337311247668430403e-01 1.005080946755308041e-01 1.847773866896538497e-01 6.266334223451052940e-03 1.436331186293412221e-01 1.010468136255460447e-01 1.392799545582325549e-01 5.870322426022524243e-02 1.889488651809893560e-01 1.779505122636201170e-02 1.882723446878351026e-01 2.461886368532443733e-02 1.038713683591420411e-01 4.536407751303934976e-03 3.812789779584140337e-01 9.217313536455852552e-02 -1.640672618848332959e-03 6.071913467081944960e-02 1.458385409122766874e-01 3.770930855516688163e-01 1.575227244163299178e-01 3.635178129208134212e-01 1.130689088849204382e-01 2.531908700755297614e-02 1.097022469701432607e-01 1.078294147880931031e-01 2.419361220685555813e-01 1.667999088532856056e-01 1.883627383586798931e-01 3.049437326917628713e-03 -1.098322790417748974e-02 5.928323098128401858e-02 1.230035948751379837e-01
4.104262744644769922e-01 1.858020455266298221e-01 6.179502599911391725e-01 1.612501765013641397e-01 9.576721107159964774e-02 3.484643506430853410e-01 5.368872385057085195e-01 5.196711409687581051e-01 -1.852426265188509766e-02 2.013874509426585024e-01 4.705086429546090354e-01 3.259583689345517676e-01 -5.506868983666948769e-02 5.254566835508602818e-01 -4.169626006542973690e-03 8.703206073804654885e-02 1.000000000000000000e+00 5.050756153907474122e-01 7.297066915724711444e-01 2.399319644885035130e-01 3.198909282363754381e-01 2.871348095264131262e-01 4.744969572337216501e-01 2.209326217574424656e-01 -4.925378891103660700e-02 6.499033930989761565e-01 5.091467724193821098e-01 3.941265976419991990e-01 4.005115675136556308e-01 6.956718361144721419e-01 4.763529119379494858e-02 9.179529051317839028e-02 2.054632809128962845e-01 3.795509559604440808e-01 1.867226621381548324e-01 2.019825841861178639e-01 3.916872953172788607e-01 2.143912383130993082e-01 5.449870532017765667e-02 2.855393577290138429e-01 2.610574892750056608e-01 3.674083009007207412e-01 5.745519176445711834e-02 1.627437128954293821e-01 3.160435132718335538e-01 2.739002490889675956e-01 -1.703220715718239131e-01 3.869999879711165658e-01 1.665625062544529023e-03 1.142904549727037644e-01 4.569671905464310901e-01 2.575057510803692717e-01 3.817449409667436622e-01 2.486388119337500646e-01 2.920059414873739101e-01 1.691504138019404857e-01 3.796445586524718196e-01 8.125199326964566149e-02 -1.740776710168462083e-01 3.492667741809843962e-01 2.607176964638103223e-01 3.570060324490275105e-01 2.973182443910576955e-01 4.676706166049412472e-01 -2.285005719379245431e-02 3.714403841899612327e-03 2.010589565596033745e-01 2.477200500168368902e-01
3.128852716626097652e-01 3.268440679172825852e-02 4.585605853346411687e-01 5.860060225486317387e-02 7.487100626482726118e-02 2.166419322029489447e-01 4.563727142176331464e-01 2.384696277434911749e-01 5.311132177528607445e-02 6.847205822827061306e-02 3.777890541462147755e-01 1.658652255204129122e-01 8.356160069830127768e-02 5.694047968022329931e-01 -5.902038424012225754e-02 4.496326897358480373e-02 5.050756153907474122e-01 1.000000000000000000e+00 5.003527435187509198e-01 6.383629610400939902e-02 2.093471440060418742e-01 2.022077273722624191e-01 2.456093478384619444e-01 1.377650198122116476e-01 8.135260754606855882e-02 4.007482496267568139e-01 5.559874931336679094e-01 8.518082021448389329e-02 2.750742110054466560e-01 3.892139271701664516e-01 2.452056184304740039e-01 1.758096339102447336e-01 1.054588830020555257e-01 1.401858823129303322e-01 1.360078551278806891e-01 6.928951094541904721e-02 1.499910736998685268e-01 1.100377945457357565e-01 5.590551946370682368e-02 1.551835287482086212e-01 8.730342744334682048e-02 1.130281745861548837e-01 1.026187177868986139e-02 5.957949243342629264e-02 1.575881702708480381e-01 1.293925633897098360e-01 -9.173696183844884389e-02 3.232583719344203632e-01 -6.994394013260955834e-02 7.145197929835719886e-02 1.883006417056920234e-01 3.519209986710410965e-01 2.364659252776183940e-01 8.050128519459522070e-02 1.752258937724436028e-01 9.480737769598568399e-02 1.667569178926210371e-01 -6.465217557661599723e-02 -1.101548686119966508e-01 1.235303475555295377e-01 2.452376014362417367e-01 5.029853440137099785e-02 1.596656145941482974e-01 1.643748969366550516e-01 7.489105847404882443e-02 4.499359809809243271e-02 1.098288929415908721e-01 1.071879428784176247e-01
3.361566061937226180e-01 1.548616962025665955e-01 5.352417492740620952e-01 9.550157689864499644e-02 8.584796606786300466e-02 3.130700378515930415e-01 4.368047725452532948e-01 4.902961229391469278e-01 -5.942434366106034982e-02 1.605906477255114595e-01 4.912684801523610756e-01 2.617071635183172984e-01 -6.825181329756940807e-02 4.535595866091297612e-01 1.076888713559441893e-02 5.696512044920996887e-02 7.297066915724711444e-01 5.003527435187509198e-01 1.000000000000000000e+00 1.978317966313712095e-01 2.444357680173239733e-01 2.059016427268326732e-01 4.019700083990307427e-01 1.094563036936064687e-01 -8.620137736766730896e-02 5.647975624598845501e-01 4.239575444215776812e-01 3.504969243902220644e-01 3.331058506004277442e-01 6.085435837403572190e-01 3.957356390640971722e-02 9.093803233831006250e-02 1.627199730930453114e-01 3.278467405907714016e-01 1.580623551185241504e-01 1.381831735389524862e-01 2.796201409509367353e-01 1.574209238681508471e-01 5.636393326763056155e-02 2.431798003295416177e-01 1.403719019900043219e-01 3.197533432241744800e-01 1.269011749414625766e-02 1.016772701964079872e-01 2.932336907973630558e-01 1.981713190181705331e-01 -1.769219241984052726e-01 2.780733602688565398e-01 6.715227190077586311e-03 8.581768101230072276e-02 3.569007696200841573e-01 2.318038239218379593e-01 3.543672703902501220e-01 1.963560210158538100e-01 2.403671219435671302e-01 7.585050719030339561e-02 3.237301276022210850e-01 -2.964539894799978967e-02 -2.066394862657258968e-01 2.150044219718365013e-01 1.273978832240534320e-01 3.146805394784470966e-01 2.572035874829913804e-01 3.787560652871045930e-01 -3.467318096208868439e-02 1.124974756075128660e-03 1.630631445886631115e-01 2.030366782038114659e-01
2.641172279619680707e-01 1.335513465000902344e-01 3.095645652941791393e-01 6.731885126355523496e-01 5.205992196620530532e-02 3.698005685696079681e-01 3.071437630868987800e-01 3.357796822575632723e-01 1.407750006946241195e-01 5.932583218980151951e-01 1.600543080715260413e-01 6.305484162493726341e-01 -1.999849919526444988e-02 1.675419425833817311e-01 9.867103693107914797e-02 1.534191897471745558e-01 2.399319644885035130e-01 6.383629610400939902e-02 1.978317966313712095e-01 1.000000000000000000e+00 3.120335977121961868e-01 1.813262125188961349e-01 3.652326374108728624e-01 3.287204595150635678e-01 -2.369108778512491603e-02 3.557407278757475089e-01 1.753467362186038048e-01 4.605719374601349170e-01 2.579347692024283600e-01 3.401865936491350051e-01 -4.920784708305248056e-02 1.387049025781863371e-02 1.854158711430695661e-01 2.447542946237278583e-01 1.450445078844726510e-01 1.889094631185851969e-01 3.408727144024914502e-01 6.487149467010226989e-01 2.400157102103712969e-02 3.661565072227850326e-01 3.330698207540675471e-01 3.148547749522210282e-01 2.126787192406015825e-01 5.182005116384527099e-01 1.128618034361782152e-01 6.413205174243604700e-01 -3.930738699189402496e-02 2.243863108756623537e-01 1.386812507923122495e-01 1.286984823332389116e-01 2.431493897192522902e-01 2.031524420411820464e-02 1.078756579602864196e-01 7.427786806861754743e-01 2.702106811084765137e-01 2.167479971213586987e-01 3.806319870084958201e-01 3.223036458036254714e-01 -3.747982871207529432e-02 3.164128271016563576e-01 1.487957215056051885e-01 4.480353603948752372e-01 2.363751728209774750e-01 3.376920517050175929e-01 -4.331795339190803312e-02 -3.901709563414231668e-02 1.169485174897848118e-01 1.468165717987648944e-01
3.828482617718993453e-01 2.132430333887809226e-01 3.400918222411746794e-01 3.595742284793616017e-01 1.203469639761087229e-01 3.544694694830290427e-01 3.508325628634700877e-01 3.701479985922138116e-01 1.425822084747004337e-01 3.735823615167574441e-01 2.311055533687892405e-01 3.717011879935532281e-01 1.487566862044151506e-01 3.232390800864936020e-01 4.908066623010193252e-02 3.767329248260878338e-01 3.198909282363754381e-01 2.093471440060418742e-01 2.444357680173239733e-01 3.120335977121961868e-01 1.000000000000000000e+00 2.794320431907765245e-01 7.416671404348108565e-01 3.181070557916674812e-01 1.127328757869754117e-01 3.992558059673741999e-01 4.105183152795688351e-01 4.593659637329357559e-01 4.256907172935731620e-01 4.209327081466673892e-01 5.187504647723342743e-02 1.187472184686179238e-01 2.409058992289220269e-01 3.774478155457313133e-01 2.242445363815952220e-01 2.909726956292824074e-01 3.030680399980885120e-01 3.358180518086374411e-01 3.592602326636510496e-02 2.699039607887278036e-01 2.711866017775808047e-01 2.892649354327733180e-01 1.573223691782016098e-01 3.143391189695507459e-01 1.327017046604772044e-01 3.437966332954806026e-01 6.789058679136336649e-02 2.962663884948898985e-01 1.908724533845545385e-02 3.815442852919407324e-01 2.512015214744037217e-01 1.220131708075776478e-01 2.039867748404928793e-01 2.709717221526008468e-01 7.332596096318189094e-01 2.804832798462080223e-01 6.283844456596062722e-01 2.502593356691675264e-01 1.788519371538148037e-02 2.811190740337321525e-01 2.898829698244079767e-01 4.312911210910810866e-01 3.522739201570660450e-01 4.302295222157832555e-01 4.258198291077938680e-02 -1.711999605620721787e-02 1.642216311287365560e-01 2.978062646468436214e-01
2.614091111829199843e-01 2.324515869219999642e-01 3.183505292848056167e-01 1.944818754273547334e-01 3.575347383865076778e-02 2.278304645063509437e-01 3.757892226992112228e-01 2.209293048255296654e-01 1.917526242596258590e-01 1.932411458321059705e-01 1.928211849490769070e-01 2.660193044259636652e-01 1.072530422927560484e-01 3.391360657977398052e-01 -2.382885026028978143e-02 1.742536605830444785e-01 2.871348095264131262e-01 2.022077273722624191e-01 2.059016427268326732e-01 1.813262125188961349e-01 2.794320431907765245e-01 1.000000000000000000e+00 3.170917915218814942e-01 3.582502877145793962e-01 1.634577189107944140e-01 3.856902164862636706e-01 3.657460336831702685e-01 1.902967524726431603e-01 2.680695776097259952e-01 3.520213801387137575e-01 4.898725698192281375e-02 6.015508935198837087e-02 1.786460743660008288e-01 2.760603739156635150e-01 1.978841257540771281e-01 2.567112277949533672e-01 3.159733674691473371e-01 2.023528854539870525e-01 5.331147985908438885e-02 2.021781593652210440e-01 3.195229422446852485e-01 1.943086329411984059e-01 1.807692810833220753e-01 2.132723290075691502e-01 1.266463145530304368e-01 2.554510156710576019e-01 5.376235200684635618e-02 3.323896104133609031e-01 -1.082769054904866163e-03 1.529920214463620365e-01 3.043495676691749252e-01 1.424126238877383988e-01 2.218788528116583392e-01 1.673623785595168556e-01 2.631710740481179034e-01 3.556816007750451814e-01 3.180670253972147643e-01 2.477822503545038524e-01 5.263683340284378703e-02 3.174964370796279911e-01 3.201788339327688582e-01 1.985771108074378677e-01 2.742260878894701714e-01 3.112265004061470774e-01 3.191020748659958994e-02 1.572957286032188734e-02 1.376332383180182972e-01 2.321605773164789055e-01
4.204772778023629365e-01 2.807498784215093357e-01 4.508199664916116012e-01 3.678555239301449231e-01 1.042363578547263470e-01 4.205021903405500860e-01 3.840933080276585643e-01 4.755236106767906090e-01 3.513729516779751094e-02 4.140812456328024638e-01 3.002022263070824870e-01 4.336762264877421225e-01 4.595204005225451971e-02 3.385117463912831193e-01 2.730766709349694010e-02 3.932080816730064710e-01 4.744969572337216501e-01 2.456093478384619444e-01 4.019700083990307427e-01 3.652326374108728624e-01 7.416671404348108565e-01 3.170917915218814942e-01 1.000000000000000000e+00 2.813718430907900525e-01 2.076406848341599137e-02 5.378520437078577743e-01 4.362613994659488847e-01 5.869732015711541795e-01 4.703754039759613925e-01 5.884351265544864873e-01 -1.540528845511010721e-02 9.564971851277570547e-02 2.643345775770473693e-01 4.594276863243379472e-01 2.503125209765452164e-01 3.311902550124016242e-01 3.871035031537565230e-01 3.796103950420519069e-01 4.842627972025207589e-02 3.538600082060089358e-01 3.142747154782312147e-01 3.951094985883353283e-01 1.124667443418310153e-01 3.450414561494328791e-01 1.815784778275757461e-01 4.089875246379467422e-01 -1.912269086996578119e-02 3.160004557197158004e-01 1.342638645737410236e-02 3.983852383435208533e-01 3.651381207832445908e-01 1.120219202188061092e-01 2.873748834705257549e-01 3.525936561638324807e-01 6.710741953485739320e-01 3.105383483364751451e-01 7.335039538946306337e-01 2.241847786806495657e-01 -4.240103332541571290e-02 3.690035760071092019e-01 3.126891489067716856e-01 5.521640335680885192e-01 4.144146122581872094e-01 5.783892966932335788e-01 -1.971544562016302321e-02 -2.162148968262640747e-02 2.159871880321657667e-01 3.403366667624070363e-01
