1.000000000000000000e+00 2.012362549501230946e-01 3.667329816716470847e-01 4.961131682057190462e-01 1.265506867061344798e-01 6.248500243295873613e-01 2.826946010165582446e-01 3.584764349249884852e-01 1.292346930860749366e-01 4.418232016653481642e-01 3.706197338442798750e-02 5.177596264236742352e-01 1.319476431065633726e-01 5.539920924022002646e-01 2.293332596410556645e-01 4.385396992162057805e-01 1.652763804271288883e-01 7.481966560201919192e-02 4.690270202604529537e-01 3.052025136698780505e-01 6.886637414390817113e-01 5.115690398938180228e-02 5.812946207723220793e-01 3.752721901281570460e-01 -1.492723921689061983e-01 5.774397119072829931e-02 2.180641826549537532e-01 5.346521728019200115e-01 1.032916597529352831e+00 3.180085063117034094e-01 3.549339657907247814e-01 3.036556133137074953e-01 3.050530920160436366e-01 2.814152802559453104e-01 8.222417742205805347e-01 9.384888339672181612e-02 2.147802990803342471e-01 4.828515471714902585e-01 3.052230146622219795e-02 6.419399218667828366e-01 1.665025329963505663e-01 3.413312144804942494e-01 1.376693352897858935e-01 4.872029914137729900e-01 -1.445513239970636944e-04 5.300816501876973730e-01 1.224024183615342182e-01 3.871314114434671882e-01 2.662031598634820861e-01 4.641665183496759273e-01 -6.816624681199083546e-03 -1.238350154451871646e-02 3.910478517813622545e-01 3.224593443373216517e-01 6.907039866681203844e-01 6.931792834488845201e-03 5.892926046538798923e-01 3.814166395815492550e-01 -5.359381984798517601e-02 8.992684217135389624e-02 1.282836392953123072e-01 6.145493534135557656e-01 9.088472862965795152e-01 3.521630188344880286e-01 1.833037272246791083e-01 1.037151575943484338e-01 3.012465977255874838e-01 3.738272074363492292e-01
2.012362549501230946e-01 1.000000000000000000e+00 1.777063652000442084e-01 4.259413460317895694e-01 7.812863021841046085e-02 3.032587530676329468e-01 2.668857117099466270e-01 2.738664340723017676e-01 1.694953981865400250e-01 3.410627338304718092e-01 2.070154901153137272e-01 4.723393830310662622e-01 8.755079271431390198e-03 1.856019092562841144e-01 2.146456117223532190e-01 3.438957575284785628e-01 3.233911901507611764e-01 -4.685598675775652644e-02 2.090098307076015127e-01 4.994808327319015806e-01 3.111578091202700236e-01 4.436648629335991911e-01 4.163074812202605668e-01 4.193161706952585055e-01 2.326746151726679368e-01 3.960352460922039741e-01 3.451446583167613880e-01 4.362761663130904077e-01 2.334771199884175807e-01 5.984068771754519345e-01 -3.728498583879042566e-03 1.237287367394243609e-01 4.524780074783641415e-01 5.328580127229156638e-01 1.961977362664495961e-01 5.337147452499634293e-01 2.271658167591950883e-01 4.409881078027036994e-01 3.253469441984113003e-02 2.936397732067175248e-01 2.439403220171381947e-01 2.643259271709237357e-01 2.351223769150090903e-01 3.505430254120870392e-01 1.769953421913118552e-01 4.502710384152177614e-01 2.422826256968184377e-02 1.736508183305702779e-01 1.758631337995643085e-01 3.084060583046660531e-01 3.437445249947226888e-01 1.118236460213521341e-02 2.734677633350880432e-01 5.221788487927743194e-01 2.811768697383110749e-01 4.389486890570348243e-01 3.397787857597749372e-01 4.383187938012961804e-01 1.635260169961995913e-01 3.859107884693082080e-01 3.688087844777354629e-01 3.929560989543114946e-01 2.497827762062368451e-01 5.527744676090591280e-01 -1.462234504028507923e-02 1.245165639392016750e-02 3.750534607421199262e-01 4.735323778476579482e-01
3.667329816716470847e-01 1.777063652000442084e-01 1.000000000000000000e+00 2.199215616620449065e-01 1.192986248455814580e-01 2.134199902922548076e-01 7.895653944914499123e-01 5.465584660253691718e-01 3.334257129759425342e-01 2.181487017029824504e-01 4.742248036415470658e-01 2.599901211227244602e-01 3.641774724327250801e-01 7.904058132980366080e-01 2.235302630199745844e-01 1.662897007852245090e-01 5.942685342039517593e-01 5.787930910603726886e-01 5.009959045856875459e-01 3.444772492668547459e-01 2.367485687810346184e-01 3.096088309684901785e-01 2.332008505872004145e-01 4.408769321170679101e-01 2.255127584789631823e-01 6.149206841399141865e-01 8.657567039795187602e-01 2.330214820380184793e-01 3.003899041977614592e-01 4.817719941066267442e-01 2.108844044119640437e-01 1.513295633213069535e-01 2.720360845985634324e-01 1.613023366788430835e-01 3.019414711090270820e-01 1.440838775270483763e-01 5.698629057063706593e-01 1.932360150078402394e-01 7.668227036112705564e-02 2.328577481263471305e-01 5.114672594288867113e-01 3.708052572720424434e-01 3.316676993956060304e-01 2.561605373942107966e-01 2.727575277235260720e-01 2.722324611581399267e-01 2.838329291972953028e-01 5.480586947913108631e-01 1.372000306717526263e-01 1.278890731809780301e-01 2.438992559087845569e-01 4.188682621936792305e-01 2.471907307647309426e-01 3.326976848545847854e-01 2.382712635819165259e-01 1.585783448086885428e-01 1.631698687440776840e-01 3.424857900186198956e-01 1.892304016090247676e-01 3.624310813864511926e-01 6.600804827038673217e-01 2.253370171718647730e-01 2.905581547008799781e-01 2.232429754172789715e-01 5.957010056156592653e-02 2.437799253771093938e-02 2.775241998097943141e-01 1.852893356547835324e-01
4.961131682057190462e-01 4.259413460317895694e-01 2.199215616620449065e-01 1.000000000000000000e+00 1.281722210370588311e-01 6.725517687311880488e-01 4.793625358078613119e-01 4.194163870177783915e-01 3.214024127268969577e-01 7.775633165819860748e-01 1.143154299396949986e-01 1.166910284597082681e+00 1.547890880478169917e-01 4.213153899766324817e-01 3.619333280523871488e-01 5.254008543770339879e-01 1.596465207608003811e-01 8.759592959155574482e-03 2.311472776410317953e-01 8.720186147076847138e-01 6.475140669819415828e-01 3.579935773837939483e-01 5.600388785342431675e-01 7.431803142707493759e-01 4.847353197903015581e-02 2.773795210127674160e-01 3.016896987747424430e-01 9.545050740543035150e-01 5.566997379443098248e-01 4.942825419240843288e-01 1.460170941481216123e-01 2.183791382461195141e-01 4.489566963745743600e-01 4.226821459331258635e-01 4.698177085599960501e-01 3.825979712737910265e-01 2.491119740508359603e-01 1.304718012299418861e+00 2.977202934899166736e-02 6.879606941388964891e-01 4.018891753325800620e-01 4.243794340762544470e-01 4.151478409423224880e-01 7.345285684020792516e-01 9.956902246675940205e-02 1.132897733291871489e+00 1.652918359960049988e-01 3.458045538856590051e-01 2.639596136512905589e-01 4.554413613518475401e-01 1.892002573854466851e-01 1.793518866738168238e-02 2.679915825789240258e-01 8.858243217895969135e-01 5.882849468363138268e-01 3.519880863059703380e-01 5.302298879953331046e-01 7.731594527061602662e-01 1.196570047925113456e-01 3.138517475614283625e-01 3.255380727434524779e-01 9.345868626525472012e-01 5.375077331039261885e-01 5.793635613059296974e-01 1.291746365268699459e-01 7.955205563903433585e-02 4.051323917019849508e-01 4.651448361235142603e-01
1.265506867061344798e-01 7.812863021841046085e-02 1.192986248455814580e-01 1.281722210370588311e-01 1.000000000000000000e+00 2.035114043516028093e-01 1.440880255334579529e-01 1.771033074437506905e-01 8.055724237808647992e-02 1.314295374302711095e-01 1.074610124376393916e-01 1.611697557280435955e-01 8.718529881885390964e-02 1.775664106676587140e-01 1.414240149229187837e-01 7.898407410350184732e-02 9.803582155876602866e-02 9.030333638103679728e-02 9.332554795092039279e-02 1.346121066312666592e-01 1.278487770795427581e-01 4.875444174199322633e-02 1.194052049588653214e-01 1.389688019517945072e-01 4.278147397223661802e-02 1.079380973196934629e-01 1.049053954158646607e-01 1.563366589716227439e-01 1.494374380097014121e-01 1.146608562489301042e-01 5.621191618323747446e-02 1.696392319120570980e-01 9.518597716606613801e-02 1.372859799552033078e-01 1.160193145417171001e-01 1.026868974546240459e-01 4.769796002203047225e-02 1.233890481046697463e-01 5.389420119479099852e-02 1.579858117673814122e-01 9.936393780258537256e-02 1.501788021258177452e-01 8.691033210614432236e-02 1.280169347265971425e-01 5.722334786301040005e-02 1.552854587971375655e-01 7.568507113471487080e-02 1.387232812489984646e-01 9.194160198687074959e-02 6.912987722102398314e-02 4.018391171909056064e-02 6.351966164232557277e-02 5.135016104490781885e-02 1.385906531915620521e-01 1.138645967103808498e-01 4.774559958216445521e-02 8.829826937420101607e-02 1.246773969917952113e-01 7.070744053294274190e-02 6.413617745233307632e-02 1.091711745028563496e-01 1.559774279973813460e-01 1.267535382359347984e-01 9.630146373789472136e-02 -8.283851050763174975e-04 8.151785625242715175e-03 1.000079280651854086e-01 9.749496720206096700e-02
6.248500243295873613e-01 3.032587530676329468e-01 2.134199902922548076e-01 6.725517687311880488e-01 2.035114043516028093e-01 1.000000000000000000e+00 4.510010006082230682e-01 4.850207165038716295e-01 2.374088519133891184e-01 8.780768706071292451e-01 6.174400632631119046e-02 8.444690654431247223e-01 1.567620148976339445e-01 4.366899279760078634e-01 4.252081673737756473e-01 4.377124816979679478e-01 9.883704964681884475e-02 1.686430303505685735e-02 2.306244248513424355e-01 4.900281047991487116e-01 5.876097712128535155e-01 1.935223248381803818e-01 5.009997983943881295e-01 5.474873693680208930e-01 -3.852132140413541683e-02 1.726053633754912608e-01 1.632898331078547205e-01 8.372682104362132449e-01 6.592300757118390031e-01 3.826239143952404609e-01 1.983660216275784927e-01 2.716017264585983693e-01 3.228521071148633959e-01 3.581325713591549942e-01 5.496679068544686464e-01 2.200932869591992747e-01 2.311810210118342424e-01 6.670110742707857643e-01 9.349590928978863957e-02 1.000499272247644011e+00 3.516959309169401249e-01 5.102592104766048298e-01 3.034726452296979682e-01 8.609006890028768622e-01 5.516677992526510671e-02 7.696144247787584103e-01 1.787431846449742123e-01 3.780594331538005282e-01 3.427867288967615389e-01 3.959943447147038498e-01 9.541138205463392530e-02 8.010117027320327182e-03 2.476172757478573572e-01 5.189812281051460197e-01 5.308300248432731294e-01 1.850307032249613459e-01 4.606888044718210895e-01 5.842271932223261910e-01 4.279878673604187167e-02 2.476290393175205329e-01 1.812007507652398375e-01 8.576709505262531952e-01 5.871582112598757730e-01 4.600671884244338372e-01 1.339449415650927899e-01 1.150862783397820777e-01 2.540183476729243606e-01 3.732854656819745154e-01
2.826946010165582446e-01 2.668857117099466270e-01 7.895653944914499123e-01 4.793625358078613119e-01 1.440880255334579529e-01 4.510010006082230682e-01 1.000000000000000000e+00 7.722889172881978181e-01 6.457414812765509549e-01 5.590513424529298669e-01 4.321248515234124010e-01 5.457762980084177595e-01 4.691358633496298669e-01 9.149200592652343422e-01 4.049128459151638548e-01 2.749881898248008882e-01 3.566934958407589895e-01 4.157464135009527606e-01 2.044232153635381077e-01 5.459188957055917113e-01 2.691127518922370454e-01 5.282980213462415975e-01 1.746141700743745195e-01 9.482665346516652161e-01 3.236593500516136146e-01 6.417033894098271851e-01 7.033050845746540158e-01 5.088381827816620406e-01 2.741797246140182387e-01 5.596529825417949633e-01 1.271261348218105935e-01 1.708076233765057905e-01 3.384003431872000256e-01 1.942702675241358146e-01 2.911352514044686091e-01 2.697232985877126565e-01 5.951195637199679922e-01 4.546674417719227534e-01 9.288476790644120684e-02 4.052613419943396078e-01 1.035880916192005285e+00 5.822756840093894493e-01 6.487434787942575332e-01 5.250558430117149289e-01 2.793845648351319100e-01 5.165277624585334904e-01 4.301828256840702913e-01 7.069897584236790600e-01 2.225283576611250813e-01 1.330646436518865550e-01 2.654571134945308275e-01 3.959318700476107677e-01 1.193018261031899424e-01 5.246692931936726145e-01 2.343358491116643849e-01 3.869490067262915667e-01 1.252630803538384296e-01 7.707140984311287024e-01 3.367209996998791199e-01 5.149989546776367888e-01 7.344061027195057934e-01 4.669745779019800480e-01 2.567233771844757984e-01 3.468053553856223492e-01 6.937899741878253423e-02 3.679033036933264389e-02 2.767405636687549353e-01 1.862060842673026462e-01
3.584764349249884852e-01 2.738664340723017676e-01 5.465584660253691718e-01 4.194163870177783915e-01 1.771033074437506905e-01 4.850207165038716295e-01 7.722889172881978181e-01 1.000000000000000000e+00 3.451087318498470280e-01 4.623929440882647013e-01 3.918608219502954237e-01 4.925013023604735141e-01 2.602729246838992316e-01 7.034504094026539089e-01 3.049185074992260547e-01 2.476116793723338039e-01 3.627793193327494281e-01 2.760373919640816687e-01 3.340483538791464979e-01 4.130110645736134733e-01 3.064259602271048877e-01 3.393204533554591840e-01 2.926297796350892377e-01 5.361673728154086049e-01 1.333588209631651200e-01 5.914319108227976685e-01 4.409268971758702471e-01 5.947721218592871839e-01 3.372450396031343445e-01 5.604701271171752541e-01 1.136651661940949049e-01 1.723327868579214717e-01 2.780132419625376272e-01 2.484788458660924793e-01 3.130224384996677656e-01 2.343754543020551140e-01 4.054681372211796919e-01 4.001521771452526410e-01 8.186803974153168684e-02 4.251148000743417699e-01 5.543020654670626213e-01 6.947161173379821086e-01 3.918637064294793193e-01 4.362223119089033707e-01 2.306118429089536737e-01 4.519507478953121438e-01 2.023044144507772923e-01 4.898029045628651823e-01 1.861304268176154908e-01 1.495716685544801472e-01 2.619907145736181109e-01 2.747274031261680016e-01 1.797501718731259746e-01 4.106850726423908471e-01 2.598919121622355055e-01 2.921379320125884749e-01 2.096288917442010458e-01 4.808033887860868605e-01 1.338880202973895539e-01 4.711571182724657025e-01 4.542748836469658325e-01 5.269882363223268307e-01 2.822834114303150455e-01 3.914327133427126237e-01 3.109516577029471096e-02 2.964920685505113493e-02 2.183269630538992034e-01 2.280749851430747543e-01
1.292346930860749366e-01 1.694953981865400250e-01 3.334257129759425342e-01 3.214024127268969577e-01 8.055724237808647992e-02 2.374088519133891184e-01 6.457414812765509549e-01 3.451087318498470280e-01 1.000000000000000000e+00 3.334627003553976565e-01 1.801131247647173028e-01 3.699625642419335225e-01 4.401401378391901487e-01 4.701505837963848022e-01 3.076295824283473146e-01 1.849300769503781361e-01 4.615092511803681880e-02 1.591053715888380293e-01 -3.948016846191834683e-02 3.691427589028168366e-01 1.913193507522372994e-01 3.976287012821753120e-01 7.224370050653265707e-02 6.654320107142460694e-01 2.600335056900759390e-01 2.507441810585955277e-01 3.967304453087908134e-01 2.669226366897160529e-01 1.797473224102638101e-01 2.168008041221414217e-01 1.096372162477106948e-01 1.289507371316910012e-01 2.255977294111031206e-01 9.697469661479718450e-02 1.544981447235777572e-01 1.546651526156619660e-01 2.655690038820479604e-01 3.242681934470491578e-01 5.563084397834978240e-02 2.332563917575462831e-01 5.150649070550742392e-01 3.044644538927950839e-01 4.919829719885424058e-01 3.156248501410569007e-01 1.212230743753416745e-01 3.478558370345326001e-01 4.345647543706505633e-01 3.994033396424857552e-01 1.615517336427346740e-01 9.583661047601825522e-02 4.515698267681678146e-02 1.458448850737265323e-01 -1.986022678992808294e-02 3.569119535445064995e-01 1.605283706615716066e-01 2.915463734227314307e-01 5.925616912305868567e-02 5.342894580648912539e-01 3.139920173941908588e-01 1.890627773178051863e-01 4.152621042887846281e-01 2.524974450799503667e-01 1.877522966440126617e-01 1.535837167716208040e-01 6.460564372480528950e-02 4.206761654880170065e-02 1.972886253579974880e-01 9.952562667221384607e-02
4.418232016653481642e-01 3.410627338304718092e-01 2.181487017029824504e-01 7.775633165819860748e-01 1.314295374302711095e-01 8.780768706071292451e-01 5.590513424529298669e-01 4.623929440882647013e-01 3.334627003553976565e-01 1.000000000000000000e+00 1.377402881965066328e-01 9.079756762113224688e-01 1.467645384508562967e-01 4.306629292956003496e-01 3.500119093944252802e-01 4.248011617515672911e-01 1.327620046076578020e-01 2.361399871724369909e-02 1.966599633211911224e-01 6.519628290370187429e-01 4.932340505165044853e-01 3.489985191101891981e-01 4.114376702749646952e-01 6.654830411901830889e-01 8.370750319428334196e-02 2.649733141806615011e-01 2.093302775697632179e-01 8.217355788076461387e-01 4.418569796547719974e-01 4.540246406538726021e-01 8.376143678387620861e-02 1.915835059987092692e-01 3.476396904703806245e-01 3.400888671984820810e-01 4.131830161778769495e-01 3.066036695946211532e-01 3.053689880717492255e-01 7.592398508755059394e-01 5.826369526728537862e-02 7.950026271363711539e-01 5.309549086909406412e-01 5.029458696205502122e-01 4.241250763861904582e-01 1.577368406864347872e+00 1.719652628432482289e-01 8.257306885872142121e-01 1.811383107197873377e-01 4.185324991730832722e-01 2.525845515264175112e-01 3.285974623697663355e-01 2.143504795065304114e-01 1.082306531574423747e-01 2.899270553584663013e-01 6.801981931044946972e-01 4.193709577586349768e-01 3.508956799454054365e-01 3.675583421263275974e-01 6.805181599040419638e-01 1.258859218185057194e-01 3.808903492164452675e-01 3.045539858850589976e-01 8.056626686031634899e-01 4.055649298113112033e-01 5.119380696495410277e-01 8.372758555787745971e-02 8.777684378492359163e-02 2.532962719360817849e-01 3.399387442453485897e-01
3.706197338442798750e-02 2.070154901153137272e-01 4.742248036415470658e-01 1.143154299396949986e-01 1.074610124376393916e-01 6.174400632631119046e-02 4.321248515234124010e-01 3.918608219502954237e-01 1.801131247647173028e-01 1.377402881965066328e-01 1.000000000000000000e+00 1.184188646132287859e-01 1.970570029260854672e-01 3.728428782833507760e-01 1.359801379964982460e-01 3.220186669763008824e-02 4.800287615634347138e-01 4.741686203608612149e-01 3.740189439843389918e-01 2.299102363358890289e-01 -3.632448295543362279e-03 3.206049527671975263e-01 4.856350055035887209e-02 2.427212857603097684e-01 2.905556881238425815e-01 5.419178199930505535e-01 4.795155280892999250e-01 1.057108032879410242e-01 1.361087916804512923e-02 3.905549502191895117e-01 -3.199923759767925140e-03 7.218303770552053633e-02 1.732845442663763780e-01 2.037763384586242787e-01 5.160212224120433455e-02 2.195983584603161676e-01 3.060563946871728835e-01 8.473654115993552172e-02 6.223504059965932755e-02 3.561354567910703095e-02 3.342501319804512816e-01 2.305301849472823350e-01 1.928525900554553529e-01 1.401886764549325481e-01 3.912972696605656608e-01 1.277303043663893245e-01 8.132610486624446133e-02 2.924746546856374918e-01 2.350796368374137926e-02 -5.599438508286151001e-03 3.356883804047690600e-01 4.009570727470042062e-01 2.299764747300197532e-01 2.236422407869755324e-01 -1.130613820100199833e-02 2.327607262129415822e-01 -1.346401703314728006e-02 1.811576339505568400e-01 1.785682284919742624e-01 3.617158864292413512e-01 4.191124651795125611e-01 5.076584344632534274e-02 -6.577878167887759794e-03 1.908949605521844672e-01 -2.484801554033413615e-02 -6.763330144218770296e-03 1.347239395583275379e-01 1.446869264445792558e-01
5.177596264236742352e-01 4.723393830310662622e-01 2.599901211227244602e-01 1.166910284597082681e+00 1.611697557280435955e-01 8.444690654431247223e-01 5.457762980084177595e-01 4.925013023604735141e-01 3.699625642419335225e-01 9.079756762113224688e-01 1.184188646132287859e-01 1.000000000000000000e+00 1.873230907624858499e-01 4.647835251754790509e-01 4.375030090515682479e-01 5.646283049068462345e-01 1.905158982094937725e-01 5.003106927489295655e-03 2.426803863449057130e-01 1.036213900779920705e+00 7.017499855967692657e-01 3.656792007877751605e-01 6.141847911304508800e-01 7.802630382889635952e-01 7.147627747071222393e-02 3.032647723082554370e-01 3.194869699353274917e-01 1.061869600481881948e+00 6.010792750063262968e-01 5.323141196688541132e-01 1.711193508935726360e-01 2.355781921696422088e-01 5.334979446695962135e-01 4.894017288150810940e-01 4.882123704131927644e-01 4.075201746555134896e-01 2.718023716136505064e-01 1.172619245265920540e+00 6.326783742834976576e-02 8.347316051309184859e-01 4.211087210593669750e-01 5.025539446951162725e-01 4.453946936156020220e-01 8.605796878202787159e-01 1.116637310788500120e-01 1.426827904259427182e+00 1.970010372530737186e-01 3.646711679298832443e-01 3.436954447115740940e-01 4.938790832735906466e-01 2.039203728036614038e-01 3.189389943097144936e-02 2.677890096968917888e-01 1.079000100759393455e+00 6.300039997581545759e-01 3.585768732626519184e-01 5.552695917662150427e-01 8.163038069104096017e-01 1.336829407526222147e-01 3.427127603142636758e-01 3.446005209996741980e-01 1.037255887885271344e+00 5.780995803401610678e-01 6.286994817650717327e-01 1.322545014605620017e-01 8.266200597881560863e-02 4.511531693857557257e-01 5.092869742829945201e-01
1.319476431065633726e-01 8.755079271431390198e-03 3.641774724327250801e-01 1.547890880478169917e-01 8.718529881885390964e-02 1.567620148976339445e-01 4.691358633496298669e-01 2.602729246838992316e-01 4.401401378391901487e-01 1.467645384508562967e-01 1.970570029260854672e-01 1.873230907624858499e-01 1.000000000000000000e+00 4.854782615454167338e-01 2.728526766633271872e-01 1.545809616319206437e-01 -8.778522314788470005e-03 2.803235053700079416e-01 -3.844793522090841909e-02 2.006285674237235084e-01 2.186797172670166822e-01 1.112947612482129006e-01 8.821601325676371730e-02 3.447251787621580243e-01 2.500469336687846100e-01 1.017999273384393305e-01 4.525664092214706224e-01 1.231590089672808253e-01 2.112614046883969088e-01 3.373793692584210746e-02 2.593478084867629208e-01 1.805091930951459311e-01 1.040504730068021466e-01 1.261924337450014838e-02 1.530525310327215394e-01 -2.969220510291881512e-02 1.285569673516143430e-01 1.374509256416719949e-01 1.019381629317513138e-01 1.791781902064604470e-01 2.486417189673802430e-01 1.966694382827008369e-01 3.182437150585886165e-01 1.524569631506431933e-01 5.451567910222852864e-02 1.943021223279244036e-01 5.533587667111976582e-01 3.134415911107598651e-01 1.592988445978512357e-01 1.043373658433138645e-01 -1.324206713511451583e-01 1.531974424422840320e-01 -9.436530867874831641e-02 1.806264456748863934e-01 2.186010796010353086e-01 8.013330989501459001e-03 9.265652313926957262e-02 2.561361390384527814e-01 2.598330805912001940e-01 -5.677578544779862679e-02 3.261664855573765953e-01 1.548582379416382215e-01 2.285010348577597439e-01 -3.737652386409974492e-02 1.337716191360796836e-01 6.315512704225154095e-02 1.438892689012377379e-01 3.244700772086073215e-02
5.539920924022002646e-01 1.856019092562841144e-01 7.904058132980366080e-01 4.213153899766324817e-01 1.775664106676587140e-01 4.366899279760078634e-01 9.149200592652343422e-01 7.034504094026539089e-01 4.701505837963848022e-01 4.306629292956003496e-01 3.728428782833507760e-01 4.647835251754790509e-01 4.854782615454167338e-01 1.000000000000000000e+00 3.052388215809578309e-01 2.724001870798250513e-01 3.078333534411622496e-01 5.451051835900192488e-01 3.746427771571496645e-01 3.932500485153561653e-01 3.966057662659127625e-01 2.832828024978513159e-01 2.713257430157529071e-01 5.988421305228801561e-01 1.317087710744930251e-01 3.715776183404360666e-01 6.161636030783721463e-01 4.387114763300645204e-01 5.552972494881099896e-01 4.497198490650283209e-01 3.150403412160640015e-01 3.116797038798371222e-01 3.083100099438306207e-01 1.865200162499503767e-01 4.878849752005158802e-01 1.365651619758639357e-01 4.185953584406407191e-01 3.768248703676969624e-01 8.650206022959833208e-02 4.309900614793202855e-01 5.771132894536408209e-01 5.251310103792576900e-01 4.262640679247539088e-01 4.385891377247724821e-01 2.124993704147007945e-01 4.554225042641386612e-01 4.266922957004944950e-01 8.062759317660836977e-01 1.948071680835939679e-01 2.016309466973595088e-01 1.217589928610141453e-01 4.033250932731875515e-01 2.145723192278997937e-01 3.913935388329026765e-01 3.806893942909450601e-01 1.525875829395562655e-01 2.378574346470723189e-01 4.918821011531382958e-01 2.100442675871671550e-01 2.666011573234457477e-01 5.383016941670799582e-01 4.396766907008404224e-01 5.003830311597213809e-01 2.730850226243664025e-01 1.642723930299437307e-01 1.074277486445127938e-01 2.672440710350892923e-01 2.129085627358152377e-01
2.293332596410556645e-01 2.146456117223532190e-01 2.235302630199745844e-01 3.619333280523871488e-01 1.414240149229187837e-01 4.252081673737756473e-01 4.049128459151638548e-01 3.049185074992260547e-01 3.076295824283473146e-01 3.500119093944252802e-01 1.359801379964982460e-01 4.375030090515682479e-01 2.728526766633271872e-01 3.052388215809578309e-01 1.000000000000000000e+00 2.682284868977568015e-01 1.025955949740614548e-01 8.120266326683166225e-02 7.558957006720494476e-02 3.644054173097498461e-01 3.292489750482843758e-01 2.223262549835976487e-01 2.701510286889922119e-01 4.583916435770304942e-01 1.334220302064023922e-01 1.947918741635134565e-01 2.661071579178320157e-01 3.530143167486599065e-01 3.025293876118103076e-01 2.558337954452328811e-01 1.294289913435800465e-01 1.618508517033533933e-01 2.457310613305827007e-01 2.442128576501739756e-01 2.369859292607913726e-01 1.520271231616985852e-01 1.878204150575364662e-01 3.731354768787680243e-01 7.180782143677236218e-02 3.928627972770219468e-01 3.139772204949357604e-01 2.883416229463387492e-01 2.943038777994841371e-01 3.400276952560340460e-01 6.988192274507021295e-02 4.227870756217791959e-01 2.496722794383500199e-01 2.527641597116475070e-01 3.064420592755364159e-01 2.371945626239748139e-01 8.413824532281702351e-02 6.796273333148739049e-02 7.663611817220951361e-02 3.660388472835026108e-01 3.004132679685748153e-01 1.692734843117401355e-01 2.367186326842090349e-01 4.211218038455856183e-01 1.325479039458903607e-01 1.723824157266598267e-01 2.562462538075991336e-01 3.550126460373517201e-01 2.908302542984954053e-01 2.507217794326278004e-01 6.475764804587225143e-02 7.093870781686324734e-02 2.221689176125290488e-01 2.381193955525863215e-01
4.385396992162057805e-01 3.438957575284785628e-01 1.662897007852245090e-01 5.254008543770339879e-01 7.898407410350184732e-02 4.377124816979679478e-01 2.749881898248008882e-01 2.476116793723338039e-01 1.849300769503781361e-01 4.248011617515672911e-01 3.220186669763008824e-02 5.646283049068462345e-01 1.545809616319206437e-01 2.724001870798250513e-01 2.682284868977568015e-01 1.000000000000000000e+00 9.501513231196874465e-02 -5.445438206998211295e-02 1.473907352688479944e-01 4.201572962587621918e-01 8.853192683849860911e-01 2.604305345645379077e-01 7.888396758038813683e-01 4.467942168366644817e-01 -5.136118011491185020e-03 1.487764351624533687e-01 3.006273835551500628e-01 5.810446782210865191e-01 5.449377581036374263e-01 4.043472117616875305e-01 1.504029565434739646e-01 1.472021121008777744e-01 4.324368645628001717e-01 4.493593098944237418e-01 4.060917722657285123e-01 2.188561800220002462e-01 1.599112618934334651e-01 5.359843605325426141e-01 5.817644034695368394e-02 5.091145805169388083e-01 2.113717688192160438e-01 2.695336108943541253e-01 2.502367722530749461e-01 4.445617706219341381e-01 2.654267385633636567e-02 5.592207194703747719e-01 1.565636359954840351e-01 2.014011416586283798e-01 2.317805703750030477e-01 7.936144868620668147e-01 1.030338351332736602e-01 -3.176893219856832123e-02 2.244042631442122182e-01 4.338977330693744028e-01 8.540300336877436616e-01 2.368550400668986144e-01 7.995462086618423392e-01 4.940452096240373070e-01 7.610776081328698983e-02 1.759322452092888789e-01 2.787352334498913731e-01 6.319392710399254209e-01 6.035806453493076651e-01 5.207386510796639945e-01 6.438553067048971568e-02 4.788118347335377362e-02 3.968282159514395224e-01 4.941626374433127911e-01
1.652763804271288883e-01 3.233911901507611764e-01 5.942685342039517593e-01 1.596465207608003811e-01 9.803582155876602866e-02 9.883704964681884475e-02 3.566934958407589895e-01 3.627793193327494281e-01 4.615092511803681880e-02 1.327620046076578020e-01 4.800287615634347138e-01 1.905158982094937725e-01 -8.778522314788470005e-03 3.078333534411622496e-01 1.025955949740614548e-01 9.501513231196874465e-02 1.000000000000000000e+00 3.296087626361343670e-01 7.221529422383741181e-01 3.242690417859300789e-01 9.655981607427534252e-02 3.137098815724390088e-01 2.644946447278214152e-01 2.146361403276947077e-01 1.603121009511862538e-01 6.130272220017951579e-01 5.003088290345236722e-01 1.731723225110312070e-01 7.905654261758954249e-02 5.945125592067915798e-01 2.586509457692967237e-02 3.571444255041163890e-02 2.890930533693775173e-01 3.591466839812026413e-01 1.254032419762809158e-01 3.224315500773035637e-01 4.145025932213758368e-01 1.559109644269764394e-01 3.500711063241394860e-02 7.944360794426333361e-02 2.738099456042205615e-01 2.112874348618040132e-01 1.390415425667990423e-01 1.582960191618978107e-01 3.197532452969025218e-01 1.988871709982288349e-01 -7.289545815609189960e-02 2.150878347130568691e-01 5.072864688416062195e-02 1.059375651998264861e-01 5.422628144198702316e-01 2.885036054778234438e-01 4.434098878176143677e-01 3.187273950403087808e-01 8.535663255384182135e-02 2.479191089497458922e-01 1.447219258177533940e-01 2.005629181312253428e-01 8.899287762204090291e-02 4.562129760016830904e-01 4.262672802203604783e-01 1.327304387482198811e-01 7.818158504013734966e-02 3.523670939072455210e-01 -6.718184851154646031e-02 -4.922344584277911494e-02 2.519709700385610041e-01 2.918778667065207166e-01
7.481966560201919192e-02 -4.685598675775652644e-02 5.787930910603726886e-01 8.759592959155574482e-03 9.030333638103679728e-02 1.686430303505685735e-02 4.157464135009527606e-01 2.760373919640816687e-01 1.591053715888380293e-01 2.361399871724369909e-02 4.741686203608612149e-01 5.003106927489295655e-03 2.803235053700079416e-01 5.451051835900192488e-01 8.120266326683166225e-02 -5.445438206998211295e-02 3.296087626361343670e-01 1.000000000000000000e+00 3.808913222223745954e-01 5.907156523004150617e-02 1.919388570993067755e-02 8.848401082925480554e-02 -2.056033594313110349e-02 9.504702457675288929e-02 9.584949300254083648e-02 2.679042796468982246e-01 4.664030115965841494e-01 -2.501143718777082414e-02 5.390902562158489397e-02 1.657518495365738198e-01 1.069354440971717335e-01 1.047980091512560191e-01 4.437571604123602409e-02 -2.946625012527705895e-02 6.388450295927551592e-02 -4.243568112845554074e-02 2.057847120114952577e-01 -4.060039352879100949e-02 5.646002293983207188e-02 2.568066478017000734e-02 2.206564167883937888e-01 1.474996681117118902e-01 1.352715845561198171e-01 3.984891750111126119e-02 2.446315839889112720e-01 1.548799079859267645e-02 1.900523616234627566e-01 3.372059414090990970e-01 2.266897924836492467e-02 -5.535068617630817256e-02 8.284863487041914387e-02 5.300379509323516203e-01 1.027391772635173617e-01 5.539576637618520011e-02 3.017408625585905890e-02 -4.042763969933928919e-02 -4.351560378309833610e-02 1.735359914601479481e-02 1.061279935114073786e-01 7.341839297910464357e-02 2.891188674415056115e-01 -3.609483022208280489e-02 4.686043070245861364e-02 -2.952783319077862886e-02 6.909396046552060411e-02 1.575090318431480313e-02 5.469242006966142794e-02 -1.309765336222341696e-02
4.690270202604529537e-01 2.090098307076015127e-01 5.009959045856875459e-01 2.311472776410317953e-01 9.332554795092039279e-02 2.306244248513424355e-01 2.044232153635381077e-01 3.340483538791464979e-01 -3.948016846191834683e-02 1.966599633211911224e-01 3.740189439843389918e-01 2.426803863449057130e-01 -3.844793522090841909e-02 3.746427771571496645e-01 7.558957006720494476e-02 1.473907352688479944e-01 7.221529422383741181e-01 3.808913222223745954e-01 1.000000000000000000e+00 2.318211379385339554e-01 2.502073217569402153e-01 1.182316003413675792e-01 3.626825102889752461e-01 1.302631483773207810e-01 -4.950644088220360062e-02 3.295740669663525524e-01 3.484676480054322290e-01 2.484411787325923326e-01 3.269164495605926812e-01 4.494510500044563983e-01 1.815567735717457942e-01 1.272148241425254400e-01 2.367579186089674437e-01 3.003237010053804723e-01 3.253785909287112421e-01 1.814161035132336453e-01 2.554704411283080234e-01 2.067258452341330377e-01 9.761076210337199521e-03 2.155395501414268389e-01 8.653114683234142124e-02 2.325805961661437937e-01 2.493434041358420089e-02 2.370868251537149307e-01 2.017587250337112559e-01 2.498854862775395924e-01 -1.003547339281895684e-01 2.175532475151776279e-01 8.722130210810838391e-02 2.032180257407539825e-01 2.989031497165633433e-01 2.047014773121544340e-01 5.795203459719789896e-01 2.461174691540937709e-01 2.619464063166750956e-01 6.429661484933739402e-02 2.859075795716573554e-01 1.269863579307961565e-01 -4.530886170504842131e-02 2.401281018994198269e-01 1.971597509268750992e-01 2.394574171479642855e-01 3.140737867337341505e-01 3.063079833785455897e-01 3.687570005888528984e-02 -3.668150015355562538e-03 2.349225079340508948e-01 3.140697587367824450e-01
3.052025136698780505e-01 4.994808327319015806e-01 3.444772492668547459e-01 8.720186147076847138e-01 1.346121066312666592e-01 4.900281047991487116e-01 5.459188957055917113e-01 4.130110645736134733e-01 3.691427589028168366e-01 6.519628290370187429e-01 2.299102363358890289e-01 1.036213900779920705e+00 2.006285674237235084e-01 3.932500485153561653e-01 3.644054173097498461e-01 4.201572962587621918e-01 3.242690417859300789e-01 5.907156523004150617e-02 2.318211379385339554e-01 1.000000000000000000e+00 4.496526019103030958e-01 4.764441844573694684e-01 4.337943909904052875e-01 7.227318721063462625e-01 2.398725523395422166e-01 3.931491082286485139e-01 4.464490867601365043e-01 6.488010006938911278e-01 3.446184050198466409e-01 5.698036829681952797e-01 9.663431335166121350e-02 1.660251306923244963e-01 5.885645381262548659e-01 4.769823305587578277e-01 3.162966981211263739e-01 5.138321169382694675e-01 3.674504962032549837e-01 9.090558047892534077e-01 7.312191320644893799e-02 4.867130707686180280e-01 4.627456776184040166e-01 3.871721620401111785e-01 4.537458962036265420e-01 6.284696302696055614e-01 1.914901775596539457e-01 9.897451928888363337e-01 2.024438204996069079e-01 3.486866548658710263e-01 2.676891311027057019e-01 3.528906400088084871e-01 3.440544953485423774e-01 1.183559824318561743e-01 2.867289272157863000e-01 1.305545416476942666e+00 3.968624107087125874e-01 4.455149592419002103e-01 3.748611324312965398e-01 7.480444070547136448e-01 2.331305696034102759e-01 4.254620984500186998e-01 4.964257620654193848e-01 6.095981773893539568e-01 3.525306195921230068e-01 5.548436350650882698e-01 7.232718233071577796e-02 3.164938372868875138e-02 5.005259091348227551e-01 4.750128932658537750e-01
6.886637414390817113e-01 3.111578091202700236e-01 2.367485687810346184e-01 6.475140669819415828e-01 1.278487770795427581e-01 5.876097712128535155e-01 2.691127518922370454e-01 3.064259602271048877e-01 1.913193507522372994e-01 4.932340505165044853e-01 -3.632448295543362279e-03 7.017499855967692657e-01 2.186797172670166822e-01 3.966057662659127625e-01 3.292489750482843758e-01 8.853192683849860911e-01 9.655981607427534252e-02 1.919388570993067755e-02 2.502073217569402153e-01 4.496526019103030958e-01 1.000000000000000000e+00 1.426589833499163629e-01 1.172225667987911724e+00 4.479714623878406909e-01 -1.122315712498690166e-01 6.789949380187951244e-02 3.057708907312133295e-01 7.570163417174283760e-01 8.734992090754651883e-01 4.280212956617237552e-01 2.879978950151472761e-01 2.314692857855131514e-01 4.670871371877152733e-01 4.995389003156319729e-01 5.801495952560521419e-01 1.396103009090857439e-01 1.433838587436886691e-01 6.618014643648288953e-01 6.447573012522951619e-02 7.203232118155040720e-01 1.360040544161417453e-01 3.456728255136835570e-01 2.346606331870358109e-01 5.251986390065811472e-01 -2.783594037757210551e-02 7.223350806235844246e-01 1.969081064137971626e-01 2.433618659232547887e-01 3.206426221096193574e-01 8.861969451568796341e-01 9.294673061216944532e-03 -4.243429109398341031e-02 2.537179796786055985e-01 4.929545018711275484e-01 1.539013193549723102e+00 1.122389422434121597e-01 1.162050615209711646e+00 4.832277011654657617e-01 2.371451091775632347e-03 6.595998277622715233e-02 2.258841857842723011e-01 8.560791655833831504e-01 8.845705864869787272e-01 5.577892240618592679e-01 1.617796812271857787e-01 1.124026919538609615e-01 4.535306966585691546e-01 5.695695700010492413e-01
5.115690398938180228e-02 4.436648629335991911e-01 3.096088309684901785e-01 3.579935773837939483e-01 4.875444174199322633e-02 1.935223248381803818e-01 5.282980213462415975e-01 3.393204533554591840e-01 3.976287012821753120e-01 3.489985191101891981e-01 3.206049527671975263e-01 3.656792007877751605e-01 1.112947612482129006e-01 2.832828024978513159e-01 2.223262549835976487e-01 2.604305345645379077e-01 3.137098815724390088e-01 8.848401082925480554e-02 1.182316003413675792e-01 4.764441844573694684e-01 1.426589833499163629e-01 1.000000000000000000e+00 1.600346780570442162e-01 5.885588447603127271e-01 3.832312878638566289e-01 5.721260584052996201e-01 4.341003750360029056e-01 3.240442987339087200e-01 4.170189275806706480e-02 5.788193276454236535e-01 -8.993221143949509111e-02 5.264528240550728905e-02 3.669060397569033904e-01 3.203700070091213270e-01 8.285264979982130684e-02 4.515609229816990866e-01 3.563554158718500453e-01 3.645348583971835810e-01 5.034950752350165343e-02 1.575211894775344346e-01 5.212067394018387034e-01 2.976334230681879078e-01 4.320653127100950730e-01 3.334633374052553001e-01 2.431383472298785653e-01 3.442142723440705931e-01 1.281679727670337887e-01 2.849408801977155736e-01 9.100636419966115498e-02 1.152106216756784290e-01 3.550928292418084609e-01 1.339383531902866853e-01 1.614617686547677178e-01 4.705888559035558694e-01 9.205580000746450831e-02 6.453840025824342241e-01 1.001765561138450028e-01 5.459563351650978946e-01 3.135523497232838852e-01 5.036275035622845841e-01 5.135069059074244269e-01 2.593318575930712577e-01 5.547585553395688318e-02 4.457857856789081419e-01 -7.465705935674873950e-02 -3.195802804094172861e-02 2.722150733022007385e-01 2.657975489579074146e-01
5.812946207723220793e-01 4.163074812202605668e-01 2.332008505872004145e-01 5.600388785342431675e-01 1.194052049588653214e-01 5.009997983943881295e-01 1.746141700743745195e-01 2.926297796350892377e-01 7.224370050653265707e-02 4.114376702749646952e-01 4.856350055035887209e-02 6.141847911304508800e-01 8.821601325676371730e-02 2.713257430157529071e-01 2.701510286889922119e-01 7.888396758038813683e-01 2.644946447278214152e-01 -2.056033594313110349e-02 3.626825102889752461e-01 4.337943909904052875e-01 1.172225667987911724e+00 1.600346780570442162e-01 1.000000000000000000e+00 3.297128755332663919e-01 -1.007156418171891998e-01 1.663191904304101298e-01 3.435997050394134500e-01 7.110442204933278276e-01 6.914237919842534108e-01 5.266501998796645490e-01 2.118698353336339324e-01 1.890579017487815372e-01 4.555993670345890312e-01 6.024893483523408033e-01 4.543379966210392418e-01 2.318435322542792276e-01 1.740900692200780808e-01 5.733180858992602547e-01 4.880419605238715819e-02 5.965041936938175748e-01 7.449099686910758134e-02 3.000375744976083725e-01 1.435290198455970445e-01 4.406498723937620765e-01 1.720630801567236967e-02 6.195006892293770662e-01 7.059961171690930237e-02 1.473128892609113505e-01 2.618121767406721423e-01 8.252020727981851378e-01 1.538806312686539501e-01 -6.963832989094503878e-02 3.485676034618932495e-01 4.761119459193142167e-01 1.046772959534509662e+00 1.611874881657562320e-01 1.205163867588290971e+00 3.989714984280953169e-01 -3.693150463938989214e-02 1.555020029901682532e-01 2.564565442179136401e-01 7.605221886319454283e-01 6.933396312120346794e-01 6.272048718392009281e-01 9.923930654499794890e-02 6.076498247844143441e-02 4.290120949762978309e-01 6.323717470843743804e-01
