1.000000000000000000e+00 1.520707742166912402e-01 4.371658681553178827e-01 2.334793078705023617e-01 9.898736554517365005e-02 2.308334517885159698e-01 4.232428390672236529e-01 3.210679305542162298e-01 2.630946839935453530e-01 2.317276972890311149e-01 3.129958588642007822e-01 1.906571173001239961e-01 1.755958575508971831e-01 6.091399765551879231e-01 3.116193838690799189e-02 2.385426847189934529e-01 4.491133964530548139e-01 4.711890702926364027e-01 5.817018624652421366e-01 1.875687100205444269e-01 2.781889606049200436e-01 3.202557385760883557e-01 3.095538349813772294e-01 2.673947849944839916e-01 9.995008745603460587e-02 3.713033419091312792e-01 4.532557357040806201e-01 1.466857740950016642e-01 4.277770934781452983e-01 3.705336419391372926e-01 2.079605466072934061e-01 1.349738502323050149e-01 2.420537097518992986e-01 2.615629986163355847e-01 4.701498368635869118e-01 2.228814637978950852e-01 3.364157788652845094e-01 2.037592757224854223e-01 5.802508263191337445e-02 2.434069849936049412e-01 3.573105542173510285e-01 2.758524767087208174e-01 1.952241513795123506e-01 2.853656865953660415e-01 1.696040645827880389e-01 2.002748793028734098e-01 1.070852857887386322e-01 4.926461493040991124e-01 -7.017610460020428514e-03 2.320188291666187841e-01 2.908540619266790639e-01 3.702060228104995798e-01 3.318062552469686066e-01 1.882411995922839421e-01 2.766389177715509184e-01 1.956368763987531012e-01 2.839590072550614019e-01 2.576506798896907036e-01 8.220360260211609371e-02 2.114040441029959860e-01 3.303952706181042531e-01 1.449536867544564678e-01 3.810714663650643930e-01 2.501633271635972933e-01 1.002339632856465851e-01 5.465052721958299498e-02 1.575211461960228654e-01 1.884238124944066506e-01
1.520707742166912402e-01 1.000000000000000000e+00 7.990134375408451672e-02 2.064087410407669243e-01 6.233180900104465932e-02 1.410744358611610016e-01 8.031562488504158381e-02 1.075175071505615337e-01 2.006347753778752602e-02 1.368875456804423962e-01 1.640717259712718701e-01 1.656944385089816618e-01 7.782480534454339766e-03 5.614354162760565314e-02 -1.664369959059547668e-02 2.198438173268711382e-01 2.578667510298043308e-01 5.248468154792762519e-02 2.006244941712690966e-01 1.706097532213352308e-01 1.751321922609205273e-01 2.009493088942870265e-01 2.908774342112089850e-01 1.933648428924501506e-01 5.193694319005460330e-02 1.890239741923453176e-01 2.589446657795552165e-01 2.077312455528550206e-01 2.365378807285849205e-01 3.025254204941481562e-01 -2.325316422950552547e-02 2.355723072993744227e-02 2.082677205332043036e-01 2.625476870591790801e-01 2.693545635906278157e-01 2.901445343964741408e-01 9.984074742792539703e-02 2.367073986109686501e-01 5.920587513930755663e-02 1.969702710365656140e-01 1.360236790266570184e-01 2.088073806395726040e-01 2.246505516894078264e-02 1.930026486051479584e-01 1.169789802960121139e-01 1.716215069666055526e-01 -1.634701051645851000e-02 7.604490377089286046e-02 3.947882175417925799e-02 2.113488727243802989e-01 1.951254430757794200e-01 3.970836210240772865e-03 2.389214882035703980e-01 1.733792398222793463e-01 1.860397255806911510e-01 2.083259329251880287e-01 2.834689061633305918e-01 1.709957038971974819e-01 7.519048792913683721e-02 1.780828755548223286e-01 1.914515732649985646e-01 2.253401418478906126e-01 2.553264716973240311e-01 3.254508833783771315e-01 1.008790523017069445e-02 -1.499011939738922015e-02 1.565538436377852394e-01 2.961526788798283238e-01
4.371658681553178827e-01 7.990134375408451672e-02 1.000000000000000000e+00 6.279829508306838948e-02 1.205927362613327253e-01 1.388184127551230218e-01 7.253944860582336451e-01 6.318951274790743922e-01 4.572759578375203415e-01 6.065899076066606777e-02 3.994143563524888418e-01 5.745597793038870194e-02 3.216100964430456122e-01 7.091536809650319517e-01 1.228346965348582343e-01 2.270507918007780845e-01 2.434845147415414246e-01 6.497328953359986503e-01 4.119207118956620950e-01 4.551553358339600203e-02 3.656616992608841543e-01 4.959700605446230592e-01 2.681188949810257571e-01 3.736663945561151112e-01 2.805683755781891442e-01 7.372668454633569679e-01 6.385358522112738466e-01 1.814102768854666536e-01 2.163767650956605060e-01 3.021755711142425360e-01 3.569734706466463625e-01 1.761242609710122475e-01 2.004616089712076554e-01 2.081023018771306354e-01 2.276176396559271009e-01 2.261686555875355720e-01 6.772284885218196049e-01 3.112030967943644685e-02 5.312070617143980350e-02 1.879918393081714822e-01 5.859379108805955472e-01 2.785133350283494624e-01 4.234027781631803933e-01 1.462872092470908214e-01 1.925274020726330249e-01 1.021067018559594225e-01 1.591824895996620803e-01 6.694217097827372953e-01 6.521618830205030970e-02 2.303428888489680582e-01 3.947323819930100841e-01 5.044146975258669841e-01 1.995153138336651921e-01 6.796661753357649549e-02 3.511720115684529020e-01 2.940944955162727026e-01 1.970773478650581501e-01 3.590138735683123805e-01 1.260673757854906818e-01 5.186217567108852844e-01 5.375581287647406281e-01 1.683277373942691502e-01 2.660803466409997764e-01 1.685928002777849488e-01 1.356691945463528726e-01 8.414181469429178606e-02 1.993961861553643633e-01 1.326509556683725943e-01
2.334793078705023617e-01 2.064087410407669243e-01 6.279829508306838948e-02 1.000000000000000000e+00 1.329715708399565877e-01 4.215075253396558530e-01 1.347048222663555228e-01 1.421400948619441218e-01 -3.183162458327762345e-02 7.289367598805899240e-01 2.229923883972553256e-01 7.280301280422676324e-01 -4.075851119830686126e-02 1.332004931988827259e-02 2.728356949517635882e-03 2.878247214081723904e-01 4.043945119094945473e-01 9.019150080685400805e-02 3.478625742058457648e-01 8.348530159875799939e-01 2.851261471508956258e-01 1.593088485354463846e-01 4.900798930292196154e-01 3.842662941242967478e-01 -7.054422566447440812e-02 9.585082488609573959e-02 1.431364121567479386e-01 5.946367413117739087e-01 4.688122384421183897e-01 3.927330888176306378e-01 -1.082116064848250292e-01 2.522027415324303717e-02 3.575833218966630866e-01 3.418491514464448988e-01 5.348548161139579094e-01 2.119079614910067688e-01 9.026819453644202573e-02 8.438106402139866624e-01 9.938514069270371065e-02 5.331953464083584171e-01 1.825066510883761317e-01 3.717639466611729615e-01 -3.058735770240491106e-02 7.591001828027423848e-01 2.130862221174341098e-01 6.641453950652128624e-01 -3.447630387973266847e-02 5.979963588804983188e-02 4.160581757486562365e-02 2.868292778011116706e-01 2.960690614822214517e-01 5.576452918335431802e-02 3.611056291553021436e-01 8.281287151327443308e-01 2.686234896508187253e-01 1.404343386315234921e-01 5.061762273535721501e-01 2.017894802197170712e-01 -7.421434501868379510e-03 1.250501484858469736e-01 4.178947690481160659e-02 5.392261332055299228e-01 4.841688752751221458e-01 4.185788940799676783e-01 4.869033941068495741e-03 -3.124881955621950855e-03 2.210805282768711355e-01 3.416773691602500440e-01
9.898736554517365005e-02 6.233180900104465932e-02 1.205927362613327253e-01 1.329715708399565877e-01 1.000000000000000000e+00 2.060012826243902972e-01 1.580679564282823080e-01 1.955039398291896491e-01 8.137500613567050234e-02 1.585504985160257341e-01 1.280682789716434122e-01 1.169933554873435755e-01 7.244937452538285916e-02 1.209495391833943778e-01 8.039617118454689404e-02 1.577862044935344488e-01 1.633970754345300813e-01 1.254303245035286452e-01 1.416231872255883095e-01 1.237829468923044296e-01 1.953348670940708576e-01 1.244565993717796359e-01 2.080225175294208306e-01 1.411923122382369167e-01 2.245294304510741731e-02 1.169090835672621925e-01 1.278157710987650741e-01 2.105251735388235790e-01 1.845021190474135375e-01 1.993816714313471627e-01 4.387852085767074417e-02 1.465733378515119978e-01 1.331901732102437341e-01 1.727562761467090202e-01 1.550815420621113605e-01 8.033166507553478330e-02 1.119866511164832046e-01 1.280697430864916608e-01 5.742124203914147212e-02 2.120037416546232123e-01 1.762066467222629940e-01 1.669233957477112562e-01 5.461534658641407913e-02 1.639933901937822014e-01 1.219975531401727431e-01 1.484966884404035070e-01 5.177802727136488620e-02 1.298060220002345555e-01 4.940128925109672775e-02 1.651378608013406579e-01 1.319168698777151150e-01 7.693190602383788435e-02 1.204348101291666390e-01 1.302372557080236914e-01 1.722344085164437821e-01 1.198140486437643260e-01 1.793225599655709768e-01 1.170957293342045069e-01 3.374583309428637323e-02 1.226564009729228799e-01 9.066346870000793756e-02 2.111952274146245978e-01 1.767621427906661546e-01 1.839362475304426314e-01 5.686572980505020386e-02 2.413465803392682296e-03 1.113452291868776561e-01 1.229876723908622932e-01
2.308334517885159698e-01 1.410744358611610016e-01 1.388184127551230218e-01 4.215075253396558530e-01 2.060012826243902972e-01 1.000000000000000000e+00 3.710155660475047412e-01 3.974785022500618714e-01 9.430047662575234690e-02 5.634975828595978342e-01 2.484445084059364595e-01 4.860138034603131985e-01 5.976417765173735325e-02 1.437421928029405938e-01 2.197853021040834798e-01 3.115102845691645750e-01 3.794193604336246195e-01 1.082136829418876706e-01 3.041900137773150825e-01 4.346176667509363822e-01 2.967459284960137778e-01 2.129357694267738910e-01 4.652174381355380639e-01 4.827410233145636997e-01 9.273174831352301584e-03 1.354744123198345362e-01 1.655754152848479543e-01 5.971217677880497066e-01 4.715126241361116133e-01 4.912957394140378131e-01 -1.728170482084712828e-02 4.389920610766738507e-02 3.125369461437081942e-01 3.340398960459853295e-01 3.877016602688935776e-01 1.897598646151987256e-01 2.181925660232493791e-01 4.224189641123740624e-01 1.235051558005357264e-01 6.212345160441632430e-01 4.203550386146179263e-01 5.248286242181281480e-01 5.083788753327746213e-02 5.294863304227021006e-01 2.485519663770611454e-01 4.643539382424685114e-01 1.226911493880628173e-01 1.984170817363345996e-01 2.083779909013008802e-01 2.857699126939686751e-01 3.113516318230138413e-01 1.029935200899819991e-01 3.192742213846899713e-01 4.129152682144188180e-01 2.601783840459781505e-01 1.518652336607831388e-01 4.506593889351595550e-01 3.738861196652494279e-01 5.212149004090570192e-02 1.987783563687788857e-01 1.320535334898907120e-01 5.698693634166454025e-01 4.221736452225608449e-01 4.430463606750565386e-01 6.007129241872262437e-02 1.262042786903819908e-02 1.504474526949308444e-01 2.870481720383147861e-01
4.232428390672236529e-01 8.031562488504158381e-02 7.253944860582336451e-01 1.347048222663555228e-01 1.580679564282823080e-01 3.710155660475047412e-01 1.000000000000000000e+00 6.818052870225238538e-01 6.344189190739211170e-01 2.255930924475159360e-01 3.348988128061586300e-01 2.184846288084628385e-01 4.036653535713042862e-01 7.044765836068691556e-01 3.112230251038531903e-01 3.164574942095427779e-01 1.849024728282250285e-01 5.272920447471803884e-01 3.081976412632368989e-01 1.460016472721064051e-01 3.881156359280903412e-01 5.497271922947772893e-01 2.813150075834250918e-01 7.159806227363928466e-01 3.102418611554230710e-01 6.208432840518492979e-01 5.839795656943349567e-01 3.573716043941836396e-01 2.871694127307878874e-01 3.925786337288048045e-01 4.041678964491495218e-01 1.804794315032553498e-01 2.546726280669793785e-01 2.192350558917619818e-01 2.412537449334357376e-01 1.856965974804370145e-01 6.329066670853433774e-01 1.173369399766849841e-01 8.586585060573014017e-02 4.118962730617616863e-01 8.366271309415530544e-01 4.429929873277820285e-01 5.470207197963163903e-01 3.012823639783098195e-01 2.082830893144134443e-01 2.871735470193745310e-01 2.615671378009939430e-01 7.220712391185570844e-01 2.827465325407352847e-01 2.785920370511436039e-01 3.261429360173084269e-01 4.101145963215782619e-01 1.314045235855625660e-01 1.542091690716765329e-01 3.731468528829827713e-01 3.129425009893617160e-01 2.432251809966519129e-01 6.957868572740943947e-01 1.977787468525870895e-01 5.129341536136190483e-01 5.430530522156993278e-01 3.549671929509445878e-01 3.302700818460139187e-01 2.378479536932967264e-01 1.809603723348366111e-01 1.313977697850883253e-01 2.003726672630818662e-01 1.581966644584589521e-01
3.210679305542162298e-01 1.075175071505615337e-01 6.318951274790743922e-01 1.421400948619441218e-01 1.955039398291896491e-01 3.974785022500618714e-01 6.818052870225238538e-01 1.000000000000000000e+00 2.978114187250257561e-01 2.455681518354497772e-01 4.015304117499045589e-01 1.663244180739021638e-01 2.302472158305491623e-01 5.779602188799062290e-01 1.569444477934008042e-01 3.079071562364076864e-01 3.152367876787846024e-01 5.213219275344080916e-01 3.665579395136926433e-01 1.379127896951651833e-01 3.953936788171109606e-01 4.418554053898853806e-01 3.868018014953963357e-01 4.268426751179227319e-01 1.811722419308984533e-01 5.821157674812986738e-01 4.297650307505135325e-01 4.725026147632130913e-01 3.607284459396295495e-01 5.660810081814812156e-01 2.000064466776879657e-01 1.552716231932878554e-01 2.926067533826103295e-01 3.293915984734701041e-01 2.926595843250043849e-01 1.954431318731026379e-01 5.538310683082341423e-01 1.441632499119390454e-01 1.082413860771875569e-01 4.058630794599368818e-01 6.278860065980661487e-01 5.172055486529731905e-01 2.623928139984612051e-01 2.741607932229637723e-01 2.802492073017008867e-01 2.088624055156604042e-01 1.661285803960804996e-01 5.663043957528487438e-01 1.354595686877045346e-01 2.866561709587578943e-01 4.227870213020173407e-01 4.024067495725872634e-01 2.910649802589209689e-01 1.424981134076100109e-01 3.481900965203035825e-01 2.752386094020899954e-01 3.045648904120457079e-01 3.740706759821600391e-01 9.486619134508407492e-02 4.874944830381124361e-01 3.465278200198778635e-01 4.482573149780598731e-01 3.875176809457995253e-01 4.188605972158073731e-01 1.342393783602324753e-01 8.953521389201990477e-02 1.896564818328012880e-01 2.408688520296093094e-01
2.630946839935453530e-01 2.006347753778752602e-02 4.572759578375203415e-01 -3.183162458327762345e-02 8.137500613567050234e-02 9.430047662575234690e-02 6.344189190739211170e-01 2.978114187250257561e-01 1.000000000000000000e+00 -2.074819901305042374e-02 1.222924052105777010e-01 1.032890196107438541e-01 5.337238744723160622e-01 5.455624854386731393e-01 3.323082607490360774e-01 2.064229102746368283e-01 -9.830444287196510311e-02 3.281728406043831203e-01 6.705011361719276364e-02 1.847016253006109054e-02 3.808291522252992278e-01 4.861409085219510207e-01 1.008141509591992391e-01 5.077420186712269246e-01 3.393479451784514600e-01 3.373136619443537487e-01 5.329351624326137404e-01 -1.120263130782357675e-02 9.802469514960390762e-02 1.458489959716941474e-02 5.216437266320463895e-01 1.874361412293876483e-01 1.074347339191614459e-01 1.121985129097060191e-01 -7.986373664086701685e-02 8.414166613605314482e-02 3.796530254965149731e-01 -1.045303806077691189e-01 4.031121838900125764e-02 1.100973834062264622e-01 5.208771696904821447e-01 1.115341064650544611e-01 6.864467162100743591e-01 7.657586999271152883e-03 4.240877792736782309e-02 1.242341872020957666e-01 3.062008159857676493e-01 5.437254776840010351e-01 2.736603626212735230e-01 2.041600626151909292e-01 2.081164898892148146e-02 2.108672476218228231e-01 -1.774216911376454431e-01 -7.110289646364814642e-03 3.808683254133818918e-01 2.915853990305768972e-01 7.562973521904899077e-02 6.138498568518618859e-01 2.551494957088656368e-01 2.734665502950285321e-01 5.759745107597525893e-01 -1.124546908545934892e-02 1.186302215305629210e-01 -1.104113111161236643e-01 1.986258976198203019e-01 1.611567677047725244e-01 1.578926549783585265e-01 3.987069866924634887e-02
2.317276972890311149e-01 1.368875456804423962e-01 6.065899076066606777e-02 7.289367598805899240e-01 1.585504985160257341e-01 5.634975828595978342e-01 2.255930924475159360e-01 2.455681518354497772e-01 -2.074819901305042374e-02 1.000000000000000000e+00 2.300503250879354089e-01 6.641464631911346839e-01 -3.012940615932340610e-02 3.685487304745993509e-02 4.620786892633063636e-02 2.669454603545455829e-01 4.069436478513926425e-01 1.002970480732729153e-01 3.320374376575547792e-01 7.055641932246470294e-01 2.597937816744386730e-01 1.507835977620478052e-01 4.799697811733034669e-01 3.874288001225754119e-01 -5.152685991899136342e-02 8.354055095077174420e-02 1.194422797268425707e-01 7.047508658748166122e-01 5.049026205771022235e-01 4.719050375468552549e-01 -8.156912312237749041e-02 2.871086716448797982e-03 3.636910482940203804e-01 3.312729969775894956e-01 4.969657034519579519e-01 1.842827670907382920e-01 9.969656679732827320e-02 6.873082149725848744e-01 1.121398490230424566e-01 6.346028452076174498e-01 2.595175579520354603e-01 4.578297976911127609e-01 -2.720922658312964135e-02 8.639833605972936370e-01 2.483744869365893393e-01 6.779722420268784466e-01 1.430151773881407906e-02 8.183308724222010389e-02 8.509555974497329256e-02 2.538878608091107436e-01 2.551797120906273975e-01 6.237385967623938071e-02 3.253086763499665746e-01 7.459839616381227501e-01 2.216070270668877296e-01 1.263843893087888970e-01 4.683637073465872214e-01 2.273090562114852275e-01 1.476555459587401871e-02 1.219267272042973277e-01 1.618562385547633181e-02 6.245502341537767510e-01 4.917610655935837904e-01 4.483761897596735824e-01 3.599966885313912734e-02 -4.281325007734480478e-03 1.804962276356892326e-01 3.037522940973697017e-01
3.129958588642007822e-01 1.640717259712718701e-01 3.994143563524888418e-01 2.229923883972553256e-01 1.280682789716434122e-01 2.484445084059364595e-01 3.348988128061586300e-01 4.015304117499045589e-01 1.222924052105777010e-01 2.300503250879354089e-01 1.000000000000000000e+00 2.052979364015377062e-01 1.639624441820010381e-01 3.091579202364871937e-01 3.972404438150810985e-02 2.320576951693014423e-01 3.963323521193604648e-01 3.947523368135382738e-01 4.367019208874792779e-01 1.968636115073150727e-01 2.408994940439147248e-01 3.076996935788431919e-01 3.346586766801561419e-01 2.611525599621941085e-01 1.405245492112330019e-01 4.617629571468667149e-01 3.935006809039242048e-01 3.276326779853092619e-01 3.278668142049196432e-01 4.215525285194594574e-01 8.097179890242135747e-02 8.077301720467897073e-02 2.428811346080150257e-01 3.342258019488165144e-01 3.590129680137958967e-01 2.556345414808471328e-01 3.593707915100810557e-01 2.403730888007485356e-01 7.369243951279945415e-02 3.071773221725770942e-01 3.356977647787378061e-01 3.428004389481101866e-01 1.217759891807823347e-01 2.922850085388595809e-01 2.629279456126913939e-01 2.306056346909909904e-01 6.642399670636375819e-02 3.235793877172188360e-01 2.545458309316643228e-02 2.174438754107780869e-01 3.960832998938141336e-01 2.386345195013161724e-01 3.474272992560214490e-01 2.147532471375354635e-01 2.338649139116021347e-01 2.274520804025152998e-01 3.217363030001209045e-01 2.267882325121998444e-01 9.071324759550822292e-02 3.648334550387334341e-01 2.744924373005829255e-01 3.127320621966790393e-01 3.604367534014356611e-01 3.847968239055208350e-01 5.114400903100718709e-02 3.490850325277256028e-02 1.909409268645057001e-01 2.881769677344210301e-01
1.906571173001239961e-01 1.656944385089816618e-01 5.745597793038870194e-02 7.280301280422676324e-01 1.169933554873435755e-01 4.860138034603131985e-01 2.184846288084628385e-01 1.663244180739021638e-01 1.032890196107438541e-01 6.641464631911346839e-01 2.052979364015377062e-01 1.000000000000000000e+00 4.506602678712920418e-02 2.041309565684064353e-02 1.457240635400587347e-01 2.873973069727743801e-01 3.449140844649499216e-01 5.667789342974833416e-02 2.784971361709727145e-01 7.539916008922051827e-01 2.974089572739960774e-01 1.901390916720858693e-01 4.546839600669312365e-01 4.898732845602919439e-01 -2.690359667842627533e-02 6.544404099234682470e-02 1.418104064988917334e-01 5.504447279426436523e-01 4.386353853629209043e-01 3.545220957709839804e-01 -4.017083550787148988e-02 2.092051116892248985e-02 3.370828260641805518e-01 3.204710258122241973e-01 4.225966902932984381e-01 1.683127526142716712e-01 1.198418080151115311e-01 6.855117992925612302e-01 1.099091381932109784e-01 5.571409769856274785e-01 2.685454996950659146e-01 3.730888240389682586e-01 6.404098673897012928e-02 6.721302471958899849e-01 2.109204115760752729e-01 7.298242267976994269e-01 4.371715604492566742e-02 1.031455240291955233e-01 1.597494803957094367e-01 2.724088477755199911e-01 2.661698870764320213e-01 5.631554987406937884e-02 2.730189062006088130e-01 7.359243210009923652e-01 2.889840369989988833e-01 1.456788846461054276e-01 4.660716828717199056e-01 3.375074918350561282e-01 3.442178574502475358e-02 1.207719173017852282e-01 9.990206923830145802e-02 5.064794830610049869e-01 4.388260939292015772e-01 3.611731639615823330e-01 3.325192957723793752e-02 3.390286915421172886e-02 2.099204594521162925e-01 3.173716023733336167e-01
1.755958575508971831e-01 7.782480534454339766e-03 3.216100964430456122e-01 -4.075851119830686126e-02 7.244937452538285916e-02 5.976417765173735325e-02 4.036653535713042862e-01 2.302472158305491623e-01 5.337238744723160622e-01 -3.012940615932340610e-02 1.639624441820010381e-01 4.506602678712920418e-02 1.000000000000000000e+00 4.069419551170672111e-01 2.076712996836294622e-01 1.603300216007760293e-01 -7.101501136679307102e-02 2.698917365313346362e-01 6.778743949030739679e-02 5.021598090421333128e-03 2.990886775168171141e-01 2.913605712884329568e-01 8.656737812504405882e-02 2.652764582039125463e-01 2.619450043361519764e-01 1.758789798560333739e-01 3.557660687625786577e-01 -1.599175395948419787e-02 7.749942787409608291e-02 -3.314461750956652908e-02 4.339729235481971648e-01 1.551173626278947726e-01 7.495245997273400351e-02 8.634985641642166365e-02 -1.077722267155711983e-01 2.035973008619277810e-02 2.829831095311240996e-01 -9.521723638763046615e-02 1.552791128311374960e-02 6.235453414047320564e-02 3.189258671508626852e-01 6.221765387298553579e-02 4.674123599738822521e-01 -4.169004415990767987e-02 5.225590792401672846e-02 7.115905173997090494e-02 2.577104340857035991e-01 3.925233523053880402e-01 1.808832299918080033e-01 1.437713841264856851e-01 3.385103755965213068e-02 2.140322728292501087e-01 -1.097683919781309581e-01 -8.602926785342135396e-03 3.020308590151402628e-01 1.851744293814723274e-01 4.986702860073235349e-02 3.494493750144027633e-01 1.698619235807157790e-01 1.768024673419286152e-01 3.939536484559706953e-01 -1.669742573997746310e-02 6.711528529164276224e-02 -1.035614558358444182e-01 1.945560318739104899e-01 1.173370856958974445e-01 1.167580676852811306e-01 3.250095012622294943e-02
6.091399765551879231e-01 5.614354162760565314e-02 7.091536809650319517e-01 1.332004931988827259e-02 1.209495391833943778e-01 1.437421928029405938e-01 7.044765836068691556e-01 5.779602188799062290e-01 5.455624854386731393e-01 3.685487304745993509e-02 3.091579202364871937e-01 2.041309565684064353e-02 4.069419551170672111e-01 1.000000000000000000e+00 1.326629985405465006e-01 2.172569899291031947e-01 2.162418712004477994e-01 6.881065892390387795e-01 4.516426351138112527e-01 -8.920648682694477111e-03 3.594584663059005591e-01 4.458559196415415871e-01 1.908416858621250489e-01 3.128804833550563602e-01 2.549453455356465170e-01 5.566230161086961337e-01 5.895696982550107101e-01 4.472440006239017385e-02 2.474306781845587722e-01 2.532291235509569471e-01 4.752051892089644847e-01 2.245380095901723383e-01 1.671117970625130844e-01 1.769771022636430768e-01 2.001892993121371644e-01 1.276120914192476474e-01 5.226630091919246546e-01 -2.990223561980847461e-02 5.483098396939112273e-02 1.237597474173364465e-01 5.361274655369268061e-01 2.167909448616980039e-01 4.559123911862670298e-01 8.561869818995108961e-02 1.123697881315268987e-01 4.816016381174340055e-02 2.413120436665725510e-01 7.167650271285251895e-01 4.902868333905355258e-02 2.202194958087207444e-01 2.466475167993091855e-01 5.301541499652152600e-01 1.333360654765611553e-01 4.345873044633420321e-03 3.432094127950820472e-01 2.609968082962630387e-01 1.293790778424657173e-01 3.465909277211587369e-01 1.385165602236086979e-01 3.368066787567365328e-01 4.938866828527634922e-01 4.183302725074883321e-02 2.388939443562504983e-01 7.196029497531587771e-02 1.869080786820835893e-01 1.393087334223017670e-01 1.517192926652817520e-01 8.154041438485536142e-02
3.116193838690799189e-02 -1.664369959059547668e-02 1.228346965348582343e-01 2.728356949517635882e-03 8.039617118454689404e-02 2.197853021040834798e-01 3.112230251038531903e-01 1.569444477934008042e-01 3.323082607490360774e-01 4.620786892633063636e-02 3.972404438150810985e-02 1.457240635400587347e-01 2.076712996836294622e-01 1.326629985405465006e-01 1.000000000000000000e+00 1.520758431013985168e-01 -4.874804509540697772e-02 3.035174323351793463e-02 -1.999008165970812129e-02 6.262947601330119685e-02 1.919889296346965202e-01 1.569706270680236715e-01 9.651905056647780423e-02 3.439316715683362058e-01 1.335443212975749860e-01 6.349017850315596956e-02 1.256597530935896767e-01 1.138292752448890333e-01 9.485018847529615160e-02 6.214071721352108779e-02 1.721715769909899496e-01 7.266166561893769305e-02 8.283894309677936052e-02 8.628198841401173158e-02 -4.996344398386102365e-02 1.631408849394979516e-02 1.465267882232922370e-01 -2.971788382387657509e-02 5.483502624183007879e-02 1.897883513181913839e-01 2.979270845583505967e-01 1.482538428348015858e-01 2.542091103237090755e-01 3.072363682163771828e-02 6.272355964809327167e-02 1.441847078586815656e-01 1.510878099229558957e-01 1.904037331660421994e-01 2.674358748286103094e-01 1.257729248384405196e-01 1.555987541716050832e-02 1.419184853394359416e-02 -6.842443162133050871e-02 3.351328418195975711e-02 1.903271889525769145e-01 8.461473286177133291e-02 9.311693608990180560e-02 3.828238848357699009e-01 1.226308289760718873e-01 1.206183091135323016e-01 2.119026577931035493e-01 1.241657431039434045e-01 8.127869064681439437e-02 1.267031761014729765e-02 9.676705094998426515e-02 5.398945855403216448e-02 8.453618513876612339e-02 5.203650475085899729e-02
2.385426847189934529e-01 2.198438173268711382e-01 2.270507918007780845e-01 2.878247214081723904e-01 1.577862044935344488e-01 3.115102845691645750e-01 3.164574942095427779e-01 3.079071562364076864e-01 2.064229102746368283e-01 2.669454603545455829e-01 2.320576951693014423e-01 2.873973069727743801e-01 1.603300216007760293e-01 2.172569899291031947e-01 1.520758431013985168e-01 1.000000000000000000e+00 3.427350136821825655e-01 1.553178518305459166e-01 2.839974386141653762e-01 2.875893533165521654e-01 6.227361518694201070e-01 3.521128356351827526e-01 6.170217885566013916e-01 4.386402224957817175e-01 6.467963641823923360e-02 2.606251075071923662e-01 3.799984406581902174e-01 4.584107059155156927e-01 4.553283495443192219e-01 4.913805750528854599e-01 8.705793613407594722e-02 1.032541694895317136e-01 3.660211301969591435e-01 4.653442794379107905e-01 3.504631863570791817e-01 2.423232187277025163e-01 2.610509360995301176e-01 2.681299517957113077e-01 1.553724817850871964e-01 3.912383485633870173e-01 3.609967638976787629e-01 3.942081107119730365e-01 1.686667016561661514e-01 2.898048487798060013e-01 2.738321839232800148e-01 2.911292569393557073e-01 1.155364491446509434e-01 2.948990875779378129e-01 1.971785495099618868e-01 5.783682916182242284e-01 3.030041394935955590e-01 1.523472658889785114e-01 2.923959226450919546e-01 2.744344965895020860e-01 6.185270236053589388e-01 2.972577474769997341e-01 5.803395713923360510e-01 4.153762187554077001e-01 1.039016196880341997e-01 2.995339755624418787e-01 3.377851008735939797e-01 4.798882152963179770e-01 4.902336221962816376e-01 4.574692092585803671e-01 1.296813975332037072e-01 6.227909186661167995e-02 2.973851550678805467e-01 4.745418882240033942e-01
4.491133964530548139e-01 2.578667510298043308e-01 2.434845147415414246e-01 4.043945119094945473e-01 1.633970754345300813e-01 3.794193604336246195e-01 1.849024728282250285e-01 3.152367876787846024e-01 -9.830444287196510311e-02 4.069436478513926425e-01 3.963323521193604648e-01 3.449140844649499216e-01 -7.101501136679307102e-02 2.162418712004477994e-01 -4.874804509540697772e-02 3.427350136821825655e-01 1.000000000000000000e+00 2.819028088522013697e-01 6.591446249776387045e-01 3.710854024249370386e-01 2.997737207202159082e-01 2.280507581950411700e-01 5.605386577520262703e-01 2.476036281932988414e-01 -5.851538251292736498e-02 3.084511003933448903e-01 3.148381690170352076e-01 4.642875512109858605e-01 5.710346698296470125e-01 6.239767544781845698e-01 -9.401894760361183268e-02 3.905682162713497441e-02 3.767193369075836351e-01 4.940067990895751215e-01 6.277222340739043727e-01 3.321210439827986249e-01 2.407999927804910234e-01 4.502048095676969286e-01 1.319479646268311712e-01 4.664692234575156249e-01 2.569821424729447079e-01 4.750484091638348394e-01 -1.142671988367536251e-01 4.609591799307957150e-01 3.339178345759334365e-01 3.466822432192775416e-01 -6.753209947421810744e-03 2.444613755027887358e-01 7.153651731315524218e-04 3.214933506068683444e-01 5.255323367160144032e-01 2.383608804741123577e-01 6.089472179991548551e-01 3.633196864448122732e-01 2.963158791072045273e-01 1.887442138625615162e-01 5.377743523451415930e-01 1.405302698654659621e-01 -1.084833104172672896e-02 2.206134735175598882e-01 1.254252023303989994e-01 4.673160823932971386e-01 5.660124145876264112e-01 6.295333755865968328e-01 2.194159796526854930e-02 5.928654462046257373e-03 2.287412722090459427e-01 4.538268092786658658e-01
4.711890702926364027e-01 5.248468154792762519e-02 6.497328953359986503e-01 9.019150080685400805e-02 1.254303245035286452e-01 1.082136829418876706e-01 5.272920447471803884e-01 5.213219275344080916e-01 3.281728406043831203e-01 1.002970480732729153e-01 3.947523368135382738e-01 5.667789342974833416e-02 2.698917365313346362e-01 6.881065892390387795e-01 3.035174323351793463e-02 1.553178518305459166e-01 2.819028088522013697e-01 1.000000000000000000e+00 5.379041609686607828e-01 5.067026829914429709e-02 2.906984170206534102e-01 3.797310039926445335e-01 1.962460630205844492e-01 1.833440631951752386e-01 1.772033990864084196e-01 5.729299594110327520e-01 5.024248356278016026e-01 1.260286345448433931e-01 1.961485201040500115e-01 2.805477438416663638e-01 3.457192568793059362e-01 1.885739134855578814e-01 1.401051635479614588e-01 1.897806632928416559e-01 2.379435955697487559e-01 1.393597300065105848e-01 4.587835897509039418e-01 7.133303303692611896e-02 5.227242041945072415e-02 1.453391467295980788e-01 3.987543920234546402e-01 2.249726693450220805e-01 2.879526387716454527e-01 1.642797460584280445e-01 1.291123109953010439e-01 7.730787866953287013e-02 1.420237965373847555e-01 5.676851085031736632e-01 -7.593003002362491358e-03 1.760163783188724018e-01 3.005799935095087028e-01 5.267132103728080494e-01 2.227540990991503655e-01 9.382376544664286500e-02 2.758349901159127815e-01 2.095718179926467917e-01 1.576958804981843654e-01 1.636812370026737296e-01 4.440708747983033305e-02 3.090867328107487211e-01 3.598970555192831933e-01 1.206276006320233518e-01 2.313201707710949573e-01 1.508239990522971530e-01 1.042080508905282032e-01 1.088444142471081816e-01 1.313680622683214561e-01 1.086461432601327631e-01
5.817018624652421366e-01 2.006244941712690966e-01 4.119207118956620950e-01 3.478625742058457648e-01 1.416231872255883095e-01 3.041900137773150825e-01 3.081976412632368989e-01 3.665579395136926433e-01 6.705011361719276364e-02 3.320374376575547792e-01 4.367019208874792779e-01 2.784971361709727145e-01 6.778743949030739679e-02 4.516426351138112527e-01 -1.999008165970812129e-02 2.839974386141653762e-01 6.591446249776387045e-01 5.379041609686607828e-01 1.000000000000000000e+00 3.024845221144284446e-01 2.889227080719568574e-01 2.903096812986407094e-01 4.363783389872945007e-01 2.179030774042406970e-01 3.378622854423176530e-02 4.089498621959869462e-01 4.202134005979275555e-01 3.263205503040830791e-01 4.580405852606892481e-01 5.089363579592000031e-01 8.821867601058783204e-02 1.136123383341576532e-01 2.977595329465481111e-01 3.945391985161133541e-01 5.825475305158047679e-01 2.726233259370492990e-01 3.197295239033390857e-01 3.629239068866073614e-01 1.189963397362265168e-01 3.849083194088945836e-01 3.126092259918303307e-01 4.092872656188377145e-01 3.685091959273668893e-02 4.141979349590674264e-01 2.401303096688038041e-01 2.833621656528667598e-01 4.585939922503811522e-02 4.081420809062642485e-01 -1.232575223923348430e-02 2.729260627774847681e-01 4.841866463222317396e-01 4.047200093388073627e-01 5.605304515474875959e-01 3.198585794461719645e-01 2.881032607017920966e-01 2.164519891896701242e-01 4.338086682719197174e-01 1.487044656128953812e-01 -1.091742890377976963e-02 2.125231818413674256e-01 2.355720805022876174e-01 3.249302890464991767e-01 4.729334960320388248e-01 4.764086466349943816e-01 7.425556095831969960e-02 6.670136200939272286e-02 2.018174291776536344e-01 3.463156943166376123e-01
1.875687100205444269e-01 1.706097532213352308e-01 4.551553358339600203e-02 8.348530159875799939e-01 1.237829468923044296e-01 4.346176667509363822e-01 1.460016472721064051e-01 1.379127896951651833e-01 1.847016253006109054e-02 7.055641932246470294e-01 1.968636115073150727e-01 7.539916008922051827e-01 5.021598090421333128e-03 -8.920648682694477111e-03 6.262947601330119685e-02 2.875893533165521654e-01 3.710854024249370386e-01 5.067026829914429709e-02 3.024845221144284446e-01 1.000000000000000000e+00 3.128088157756340193e-01 1.648126432516326401e-01 4.932447351132034363e-01 4.087526226231919524e-01 -5.668500475826623169e-02 4.912471140454006957e-02 1.231709663372593383e-01 5.551324711884846330e-01 4.462940274503598426e-01 3.613385960824269105e-01 -8.073734621060935090e-02 1.829422531490950896e-02 3.528849022336087438e-01 3.263324073813234083e-01 4.516889402877082293e-01 1.781878042673590290e-01 9.976110452799219486e-02 7.250384296251360938e-01 9.532601445545989260e-02 5.298746901914250795e-01 1.994232100383760975e-01 3.620705768045067718e-01 1.142708118171500628e-02 6.993771867379143803e-01 2.143049273344135308e-01 6.858469985577781980e-01 1.368424384047254444e-02 7.331446422138099273e-02 1.075679665998643675e-01 2.774271229177657783e-01 2.883586674224344337e-01 5.500083794541861526e-02 3.158091104403631943e-01 7.960543006907105923e-01 2.990302064554768435e-01 1.304801092301781373e-01 5.010552781277023415e-01 2.498905399066902455e-01 1.722711383468207569e-02 1.054027748833009093e-01 5.308771382004965483e-02 5.049467637036411105e-01 4.529054095600692498e-01 3.757779445746980973e-01 1.228958732730163483e-02 1.452725449392431450e-02 2.186850146812834572e-01 3.260331318409486201e-01
2.781889606049200436e-01 1.751321922609205273e-01 3.656616992608841543e-01 2.851261471508956258e-01 1.953348670940708576e-01 2.967459284960137778e-01 3.881156359280903412e-01 3.953936788171109606e-01 3.808291522252992278e-01 2.597937816744386730e-01 2.408994940439147248e-01 2.974089572739960774e-01 2.990886775168171141e-01 3.594584663059005591e-01 1.919889296346965202e-01 6.227361518694201070e-01 2.997737207202159082e-01 2.906984170206534102e-01 2.889227080719568574e-01 3.128088157756340193e-01 1.000000000000000000e+00 4.204777427659701083e-01 7.242729407876998815e-01 3.914193919291754642e-01 1.130094419571225361e-01 2.748065080377140035e-01 4.417290035538911086e-01 4.229975037521535586e-01 5.116306435137578656e-01 4.214992232119524895e-01 2.216551763280016074e-01 1.693915847593693846e-01 3.928187194339503030e-01 5.292350016279486757e-01 2.511271574712555799e-01 2.138119988658822579e-01 3.680229715555296544e-01 2.031349395012590486e-01 1.533832171042019410e-01 3.495061414469216032e-01 3.751448526551185436e-01 3.489958940518558261e-01 3.126167756098878203e-01 2.185392190872166851e-01 2.563908803718836227e-01 2.745359057547858694e-01 1.894727383051261482e-01 3.904976145699913803e-01 1.969835509288364594e-01 6.188923594838202646e-01 3.162593342210379133e-01 2.645660709980636738e-01 2.291982837630536785e-01 2.705358395000552196e-01 8.524540499071853183e-01 3.154952497667439792e-01 6.334671411796241047e-01 3.875195993598145039e-01 1.269512799751593701e-01 3.077206910031015097e-01 4.360759634494082437e-01 4.076971429529863133e-01 5.031941377684054917e-01 3.300103443549892157e-01 1.702211793521919148e-01 1.047359824131353645e-01 3.703114684854087457e-01 4.457960493134824898e-01
3.202557385760883557e-01 2.009493088942870265e-01 4.959700605446230592e-01 1.593088485354463846e-01 1.244565993717796359e-01 2.129357694267738910e-01 5.497271922947772893e-01 4.418554053898853806e-01 4.861409085219510207e-01 1.507835977620478052e-01 3.076996935788431919e-01 1.901390916720858693e-01 2.913605712884329568e-01 4.458559196415415871e-01 1.569706270680236715e-01 3.521128356351827526e-01 2.280507581950411700e-01 3.797310039926445335e-01 2.903096812986407094e-01 1.648126432516326401e-01 4.204777427659701083e-01 1.000000000000000000e+00 3.539965703044469225e-01 4.931832515675095285e-01 2.905582374557394987e-01 5.454022280716777082e-01 5.992385332289996702e-01 2.485358577929353552e-01 3.092679136656185102e-01 3.904337353699746660e-01 2.517862280796324681e-01 1.437921006698218152e-01 2.884507980018846118e-01 3.386770895113177526e-01 2.410908705804941377e-01 2.916184869226107756e-01 4.344721182849868857e-01 1.293325228239202707e-01 8.923388065813550596e-02 2.839547083392585658e-01 5.156408256120887934e-01 3.255970820329175397e-01 4.491739576239928700e-01 2.140918390280416028e-01 1.798485779251687844e-01 2.193232475492461198e-01 1.644609320210515258e-01 4.797876152121572924e-01 1.781963438223966301e-01 3.417053417291010531e-01 2.603289384045683885e-01 2.082606232634903465e-01 1.459682957566001971e-01 1.439726121256157121e-01 4.302507395575134175e-01 4.078945009213144068e-01 3.339272282313746620e-01 5.198248921719519355e-01 2.309370779017275721e-01 4.191982753360275482e-01 5.134802132050064749e-01 2.687635814513740229e-01 3.625111835865530985e-01 3.092639760209670019e-01 1.117466624725036717e-01 9.414687299210697247e-02 2.752264749721045622e-01 2.635178022772881046e-01
3.095538349813772294e-01 2.908774342112089850e-01 2.681188949810257571e-01 4.900798930292196154e-01 2.080225175294208306e-01 4.652174381355380639e-01 2.813150075834250918e-01 3.868018014953963357e-01 1.008141509591992391e-01 4.799697811733034669e-01 3.346586766801561419e-01 4.546839600669312365e-01 8.656737812504405882e-02 1.908416858621250489e-01 9.651905056647780423e-02 6.170217885566013916e-01 5.605386577520262703e-01 1.962460630205844492e-01 4.363783389872945007e-01 4.932447351132034363e-01 7.242729407876998815e-01 3.539965703044469225e-01 1.000000000000000000e+00 4.177294863796045532e-01 8.520585320982206751e-03 2.830590320855449482e-01 3.989513702572296538e-01 6.559249303867376035e-01 6.305258637666809607e-01 6.445761941508195703e-01 6.810794870537754953e-03 8.204659650680107275e-02 4.671642337914737042e-01 6.036783063015850326e-01 5.103896715721528698e-01 3.575914586551645069e-01 2.992913833270642865e-01 4.607930025404259333e-01 1.879789189671534633e-01 5.494690568086344484e-01 3.335101845777181384e-01 5.238341903564129876e-01 6.891536833105071924e-02 4.651256792864036926e-01 3.576251199386699109e-01 4.408010897053721844e-01 7.344525259382564397e-02 2.554690141562330208e-01 1.581426135089239182e-01 5.846111618976947977e-01 4.759758633670928551e-01 1.803027627880549044e-01 4.611886791581584211e-01 4.645543328889211177e-01 6.628002666155006217e-01 2.835784242015716439e-01 7.735841405111372193e-01 3.225956897370070298e-01 5.167892861165324092e-02 3.096623842555913386e-01 3.087760985947264336e-01 6.262966934434609501e-01 6.279785937322820422e-01 6.085883406433760801e-01 9.459328931697544296e-02 4.561620077956749647e-02 3.499298073684981025e-01 5.607338330116913294e-01
