1.000000000000000000e+00 1.547979202313232161e-01 4.779590805119763863e-01 2.406967499545145106e-01 9.943498039941413291e-02 2.360574638468705688e-01 4.546243708186630261e-01 3.366716019261056791e-01 2.754698615580079002e-01 2.395248502452450301e-01 3.247058770488144841e-01 1.937149463343200428e-01 1.778632815372757081e-01 7.213478176614759318e-01 3.120056905697658409e-02 2.525418222183980488e-01 4.841508101660321750e-01 5.185257153155002907e-01 6.652121506706168974e-01 1.906361150305222185e-01 2.945372235444307929e-01 3.354361970202356380e-01 3.224387851293178398e-01 2.793572074351997614e-01 1.003667647272749319e-01 3.989059606386764489e-01 4.950029141524782128e-01 1.487142895395208442e-01 4.673444572686779597e-01 3.898604234288297610e-01 2.118790709400926731e-01 1.367432912932650124e-01 2.486598850754826451e-01 2.691109283147532505e-01 5.210569417886741217e-01 2.274697812000016639e-01 3.537439653056988487e-01 2.130289282068394130e-01 5.844167950704483305e-02 2.493252008053648550e-01 3.760058583002727772e-01 2.843503551706373367e-01 1.988634876444019817e-01 2.973275961636010489e-01 1.718581644905752548e-01 2.040500545885662043e-01 1.077552898114649965e-01 5.458577792106467097e-01 -7.006234222691115621e-03 2.412744725406647528e-01 3.004104565875653776e-01 3.909377492153835454e-01 3.480867634269603772e-01 1.918818480471563281e-01 2.956152257852912024e-01 2.004826173833394454e-01 2.979645220634397074e-01 2.683213812528543185e-01 8.249363539616270946e-02 2.173798212243370498e-01 3.472725031552600927e-01 1.469273790434616478e-01 4.113021674965059993e-01 2.568537433541043802e-01 1.008179921221029618e-01 5.510779299440112661e-02 1.604716963417121833e-01 1.949308485278969105e-01
1.547979202313232161e-01 1.000000000000000000e+00 8.262984609566939587e-02 2.106197429113851327e-01 6.251852844041369539e-02 1.421658957189486372e-01 8.394658501331576927e-02 1.088911972856026755e-01 2.176672385797339543e-02 1.378051680047291117e-01 1.668954084378456992e-01 1.679413976133515563e-01 8.590822663959170324e-03 5.754362775833994637e-02 -1.666940469759603874e-02 2.293815899876414377e-01 2.643385347535976981e-01 5.331290423164589815e-02 2.057026785593500384e-01 1.732471822045046628e-01 1.818058271816943017e-01 2.077361054661357453e-01 3.021173005931366284e-01 2.017544574041470196e-01 5.310508161951500716e-02 1.944752031869260989e-01 2.723245545755446639e-01 2.115154476928944038e-01 2.416564432704307319e-01 3.145696225425632098e-01 -2.318407454836612924e-02 2.363860542654279764e-02 2.123329331115222929e-01 2.716631319722383475e-01 2.779847698275627055e-01 2.998292004281016832e-01 1.044908366683517664e-01 2.434522795754467395e-01 5.944756076967138564e-02 2.014259786691535992e-01 1.427389359716149386e-01 2.138293209401189998e-01 2.386855214849777779e-02 1.982777879522864550e-01 1.182121123001529384e-01 1.745039118922142030e-01 -1.641754567556187594e-02 8.185275485949757013e-02 3.980123413421354783e-02 2.181128708296435348e-01 1.994147632666772030e-01 5.143971528716488779e-03 2.445573372025547365e-01 1.759676527867742035e-01 1.942844369094747503e-01 2.143052398157862803e-01 2.943693264379302343e-01 1.789502605144529246e-01 7.536520048204031763e-02 1.843726630720495807e-01 2.003193436836406827e-01 2.315482474428569304e-01 2.635872145047220561e-01 3.396932925754075350e-01 1.016756530530148195e-02 -1.494027192612607836e-02 1.592786773594824790e-01 3.076876341312568264e-01
4.779590805119763863e-01 8.262984609566939587e-02 1.000000000000000000e+00 6.234989587346633638e-02 1.218364475954469284e-01 1.440700885369581852e-01 9.239863983781579915e-01 7.495323333081030936e-01 5.007008132841339609e-01 6.298601974061270037e-02 4.297352351997595354e-01 5.820063688919495382e-02 3.356345580989281152e-01 8.915156789336597942e-01 1.241508444794175992e-01 2.325276025059902496e-01 2.556289156410958552e-01 7.754031211455958417e-01 4.493936205602288569e-01 4.484398005856543579e-02 3.859218113097429015e-01 5.524361837412149479e-01 2.810635447264397402e-01 4.022269721580409296e-01 2.895755583621044127e-01 9.481921330627117728e-01 7.636338476341300030e-01 1.907286371974280248e-01 2.296452987151997860e-01 3.244402948532338349e-01 3.766592314786454954e-01 1.785472684524067044e-01 2.054536369410740471e-01 2.143163813263472273e-01 2.403945206856097916e-01 2.336682348118466757e-01 8.319284565617854899e-01 3.285384976511849381e-02 5.427680159761169576e-02 1.974859782827752819e-01 6.802753827013391374e-01 2.995412195935550637e-01 4.550198015514120287e-01 1.524841369342950781e-01 1.976767710244974607e-01 1.032356404528850108e-01 1.648139352233050636e-01 8.155508310953758500e-01 6.589861983359782127e-02 2.359347182608756144e-01 4.304417017175359850e-01 5.664367024485589264e-01 2.103799240542955362e-01 6.823039445981729512e-02 3.708647453487116663e-01 3.042703233432988985e-01 2.077798871333800812e-01 3.853220658208488802e-01 1.278090291218636487e-01 5.794958131245183663e-01 6.089832098340410838e-01 1.755208035972011804e-01 2.797348866100248799e-01 1.764602716862835874e-01 1.385475266526157989e-01 8.652241732177629041e-02 2.043094785777206379e-01 1.402080538096550921e-01
2.406967499545145106e-01 2.106197429113851327e-01 6.234989587346633638e-02 1.000000000000000000e+00 1.341134927764997542e-01 4.601751336751681021e-01 1.386964774258041821e-01 1.456394023312225228e-01 -3.552982889367706926e-02 9.590449569081351822e-01 2.284107936363824753e-01 9.400540622591759821e-01 -4.455010556452725090e-02 1.055091147197295166e-02 2.752974299331873570e-03 3.134153788374642868e-01 4.296837173730552184e-01 9.226449996525226682e-02 3.635341209866458922e-01 1.223618133813798581e+00 3.143167257669501335e-01 1.658529218666082994e-01 5.392780500894338580e-01 4.225660024752864730e-01 -7.129726197268146382e-02 9.886252030605038876e-02 1.512521812653604691e-01 6.893993629249971500e-01 5.087998077619059201e-01 4.151566578869541058e-01 -1.145983118641129145e-01 2.522956935608822171e-02 3.768004572746432856e-01 3.614855086100428050e-01 5.996816580821610065e-01 2.162171497333047476e-01 9.141488250219613476e-02 1.241178527161680201e+00 1.002138747034821142e-01 5.996206182523131645e-01 1.883505625051198895e-01 3.911204133024481777e-01 -3.414291845645885115e-02 1.013161667889492801e+00 2.205825356709935625e-01 8.229224132138801551e-01 -3.513710046489015859e-02 6.153305425320048511e-02 4.331167035273536525e-02 3.026139857321606397e-01 3.053554088245453157e-01 5.665316762360449176e-02 3.788863932045145044e-01 1.192982850086588664e+00 2.973121809319486109e-01 1.440739741683565445e-01 5.622023413156493898e-01 2.148050710930606011e-01 -7.823001617286069048e-03 1.278034342212953089e-01 4.311196516950900615e-02 6.056596785780818948e-01 5.296512866512361750e-01 4.467407633828827107e-01 3.221944356385945951e-03 -2.883186842816350820e-03 2.294000585893266886e-01 3.649785236682794309e-01
9.943498039941413291e-02 6.251852844041369539e-02 1.218364475954469284e-01 1.341134927764997542e-01 1.000000000000000000e+00 2.104656590543552974e-01 1.605074140324512233e-01 2.002881840991958262e-01 8.185868846197781601e-02 1.609527429557991440e-01 1.296076616663719150e-01 1.176594493198916819e-01 7.296072448208289207e-02 1.221216266830372488e-01 8.088252280919189241e-02 1.601927263870428220e-01 1.663174886591549106e-01 1.264953251968023717e-01 1.433272161484838714e-01 1.246508783401102383e-01 1.997356445917564671e-01 1.256261339268881227e-01 2.129179864973070324e-01 1.425756044930294453e-01 2.250293176644925161e-02 1.184502638757600895e-01 1.291288295185832602e-01 2.159052047608362168e-01 1.879441278390037717e-01 2.039394894839066663e-01 4.412634575204573556e-02 1.481165386664251848e-01 1.346006832215446702e-01 1.756947400145394689e-01 1.573237385009783051e-01 8.056221224360060607e-02 1.129969337685100272e-01 1.292422080143460772e-01 5.755488296905113266e-02 2.169568012900485732e-01 1.793328271998182455e-01 1.696572443792728202e-01 5.498635502168824213e-02 1.662139057460877423e-01 1.228328824245167872e-01 1.499681186483221851e-01 5.184696509081836158e-02 1.309724825179109375e-01 4.952080001353219296e-02 1.676140777043265695e-01 1.331906979092228605e-01 7.713745574694558238e-02 1.212649909129332459e-01 1.311794581182334218e-01 1.755771612392361680e-01 1.208142104727464583e-01 1.823298119726733946e-01 1.180768180342654100e-01 3.382846112590371518e-02 1.239435964197166257e-01 9.116891058801063208e-02 2.163295941083031859e-01 1.799856460325581775e-01 1.870418575037376130e-01 5.707038627941970338e-02 2.349574865034446958e-03 1.122662024309946521e-01 1.238340926729440405e-01
2.360574638468705688e-01 1.421658957189486372e-01 1.440700885369581852e-01 4.601751336751681021e-01 2.104656590543552974e-01 1.000000000000000000e+00 3.968409741951340886e-01 4.338986868218224768e-01 9.588292959269414939e-02 6.663277040612191060e-01 2.572128541821120384e-01 5.524152844407159701e-01 6.042924835655541504e-02 1.481245017235107431e-01 2.235538024851327910e-01 3.237265479296714821e-01 4.095974687013828608e-01 1.104154837876776540e-01 3.179711229334705180e-01 4.807956303827576883e-01 3.209533632487456822e-01 2.190961732746834201e-01 5.163411949213048135e-01 5.302497158173308245e-01 9.249735418133404885e-03 1.425360350541384769e-01 1.720952258994991602e-01 7.223969628366496698e-01 5.190769918168833819e-01 5.497558820406448499e-01 -1.788909278681255488e-02 4.420626015288224575e-02 3.262327204109131129e-01 3.496895306444208207e-01 4.179960922195807838e-01 1.930941192773337201e-01 2.263173720123977106e-01 4.633876024787528802e-01 1.245291627750470809e-01 7.594137854058401471e-01 4.548904563493515463e-01 5.987752519877898028e-01 5.113086335980498304e-02 6.146094705739924002e-01 2.547480484479083818e-01 5.189044509198961208e-01 1.248502729177838888e-01 2.019907214779031734e-01 2.118569517311696127e-01 2.972605250710840252e-01 3.255918874366384164e-01 1.040847412016182860e-01 3.343100630997321021e-01 4.497336587118795359e-01 2.733022099599106691e-01 1.558948658822672528e-01 4.932803674308924302e-01 3.937316511427233490e-01 5.257666756967314253e-02 2.069408622552201260e-01 1.347126134690256605e-01 6.726514440798461170e-01 4.579804286234862576e-01 4.928969158294902453e-01 6.031416132536290831e-02 1.264831356213510713e-02 1.529037656764828390e-01 2.964609805377868001e-01
4.546243708186630261e-01 8.394658501331576927e-02 9.239863983781579915e-01 1.386964774258041821e-01 1.605074140324512233e-01 3.968409741951340886e-01 1.000000000000000000e+00 8.358775658476669257e-01 7.539835420709727343e-01 2.343172292685481994e-01 3.510115477889406144e-01 2.256922833013972896e-01 4.285819111725472919e-01 8.767941512046641961e-01 3.227930640860292577e-01 3.331370870938798467e-01 1.889266766726352131e-01 5.865613247794625451e-01 3.219983627321903463e-01 1.495339639069942217e-01 4.145145532124479004e-01 6.232587703933863965e-01 2.951301646898326081e-01 9.142005791095935141e-01 3.219329521283031958e-01 7.352048777622798292e-01 6.753609843261680901e-01 3.853635058161245519e-01 3.014636028722937899e-01 4.215429172050108031e-01 4.321647823464284666e-01 1.826269173130554146e-01 2.632933070666865771e-01 2.241939078331020019e-01 2.534556756749033468e-01 1.892319931112069198e-01 7.568200081566294202e-01 1.251924857566404925e-01 8.735697859738103532e-02 4.491239041511467800e-01 1.215662790567597185e+00 4.877640189333463661e-01 6.175874487336132646e-01 3.189030737102244162e-01 2.134363242199504296e-01 2.967800644650850916e-01 2.739984360273743924e-01 9.265934399225961293e-01 2.938302058576740539e-01 2.901750657669176503e-01 3.434777503238656271e-01 4.526038668975231882e-01 1.372877067298499398e-01 1.581200288166811352e-01 4.012972070869740282e-01 3.256182036136320290e-01 2.600089072565459070e-01 8.781344972374778290e-01 2.013978476619006086e-01 5.719527589133654999e-01 6.214249823302023801e-01 3.784758285434778879e-01 3.477657014878539066e-01 2.464221787068302805e-01 1.868061382747870369e-01 1.358138804992313209e-01 2.059615773200320077e-01 1.688331785369510674e-01
3.366716019261056791e-01 1.088911972856026755e-01 7.495323333081030936e-01 1.456394023312225228e-01 2.002881840991958262e-01 4.338986868218224768e-01 8.358775658476669257e-01 1.000000000000000000e+00 3.073893643519340912e-01 2.567578197121944683e-01 4.330777661906749509e-01 1.711663896447032651e-01 2.346726557461264739e-01 6.654781329580888860e-01 1.587382706874049254e-01 3.188052765766204999e-01 3.364023061974175666e-01 5.808300218234832002e-01 3.921924500764566446e-01 1.410011889266337137e-01 4.336922593738240517e-01 4.775749867188779918e-01 4.259873230913694409e-01 4.581623432728932910e-01 1.847244466284479469e-01 6.746242876425652124e-01 4.627312671029716884e-01 5.251835635105910338e-01 3.997540429111196003e-01 6.611287397372294095e-01 2.050492924352064761e-01 1.570728377756455130e-01 3.052961358250923518e-01 3.481256703833036648e-01 3.063432853995449179e-01 1.992985384806486293e-01 6.243684695628811676e-01 1.469729740434473908e-01 1.098700280669402535e-01 4.410393183324665123e-01 7.395074176306595248e-01 5.857020397132464140e-01 2.703601211617620570e-01 2.849595163739730985e-01 2.895203237448383815e-01 2.126674628253729105e-01 1.714375278199908315e-01 6.433661726399330094e-01 1.380714758657668739e-01 2.964999091482605209e-01 4.560017452428287710e-01 4.306344300971200467e-01 3.030943423356755595e-01 1.454180109339610893e-01 3.719785185515381842e-01 2.832697963455533818e-01 3.240701647725175993e-01 3.955237624914633709e-01 9.579432644761018412e-02 5.340688009936616076e-01 3.626997647346076326e-01 4.907902978984892695e-01 4.193285531145733991e-01 4.550008070694563367e-01 1.353420497083435703e-01 9.211623874478806762e-02 1.935688807066642814e-01 2.487655671586498363e-01
2.754698615580079002e-01 2.176672385797339543e-02 5.007008132841339609e-01 -3.552982889367706926e-02 8.185868846197781601e-02 9.588292959269414939e-02 7.539835420709727343e-01 3.073893643519340912e-01 1.000000000000000000e+00 -2.290123094243293883e-02 1.235425514237811079e-01 1.087180116912334626e-01 5.993341415874389178e-01 6.235123344097014408e-01 3.464050680554689454e-01 2.135968214197664916e-01 -1.015116731215675860e-01 3.425605342853502155e-01 6.874843293732110783e-02 1.729330518303533876e-02 4.055381776230485569e-01 5.333851687419349785e-01 1.056238687291390643e-01 5.758718154734914219e-01 3.555118945656100538e-01 3.529924023541946565e-01 5.998698111946038081e-01 -1.260756034507184986e-02 9.949901673201891339e-02 1.456768598274012748e-02 5.824951608044351969e-01 1.897192759661818773e-01 1.094786394641577010e-01 1.139538701634840445e-01 -8.311257001886149243e-02 8.508056455504005300e-02 4.064776450729456481e-01 -1.061116790931727338e-01 4.077044363984856645e-02 1.171055402923568689e-01 5.841557539927701992e-01 1.164465866199653477e-01 8.436064525366748779e-01 1.091005875047523430e-02 4.274424586004846316e-02 1.339906888521577299e-01 3.201957058357609021e-01 6.183241550092758443e-01 2.820032505043320592e-01 2.094896817606415329e-01 2.173834845174325847e-02 2.194724391761140869e-01 -1.847306407708372844e-01 -6.589604150934333382e-03 4.064338576133370018e-01 3.012694077464553311e-01 8.314763009847168929e-02 7.249088880588456796e-01 2.619360981978870462e-01 2.831134889641409025e-01 6.587252923127537851e-01 -1.148491430559349380e-02 1.225084836466805993e-01 -1.128135554173802235e-01 2.059865325522121648e-01 1.646892927574307997e-01 1.606050690612701726e-01 4.377619689480397036e-02
2.395248502452450301e-01 1.378051680047291117e-01 6.298601974061270037e-02 9.590449569081351822e-01 1.609527429557991440e-01 6.663277040612191060e-01 2.343172292685481994e-01 2.567578197121944683e-01 -2.290123094243293883e-02 1.000000000000000000e+00 2.367201609642142213e-01 8.209151951457226426e-01 -3.334197695151892848e-02 3.965861459675820710e-02 4.648862979463596473e-02 2.775308889605744289e-01 4.386663690414753791e-01 1.024612240106506367e-01 3.488193671595393730e-01 8.977519789740366907e-01 2.760987822191643404e-01 1.533004260814933295e-01 5.249564539012112618e-01 4.091843086783151229e-01 -5.188963414735554835e-02 9.035424572917419295e-02 1.241188999839501067e-01 8.901597808497018205e-01 5.640172078730938399e-01 5.162584555361195982e-01 -8.450223961240080350e-02 2.495323529148722047e-03 3.868339530800397608e-01 3.458035731546010294e-01 5.642435541435324442e-01 1.881038753454277179e-01 1.017606491267319668e-01 8.725915255776977020e-01 1.129576722388200699e-01 7.741063178112653764e-01 2.684600249985531484e-01 5.018259339943147435e-01 -2.964205033793979732e-02 1.450484138202971174e+00 2.558250739086327386e-01 8.416941650593680047e-01 1.529278540217637872e-02 8.300934917492315546e-02 8.615236663534130146e-02 2.633082257532750603e-01 2.633764040945202889e-01 6.283565601294305303e-02 3.418243401232538003e-01 9.852899961425258812e-01 2.313961691503592655e-01 1.300939933740799803e-01 5.099268458047635511e-01 2.322975580216278535e-01 1.467771148434181619e-02 1.258775061464109946e-01 1.565404623143242316e-02 7.436860591929916886e-01 5.430742706853839419e-01 4.922243801478621283e-01 3.597337639348290039e-02 -4.259695849946168109e-03 1.852461808854752312e-01 3.159414639167353878e-01
3.247058770488144841e-01 1.668954084378456992e-01 4.297352351997595354e-01 2.284107936363824753e-01 1.296076616663719150e-01 2.572128541821120384e-01 3.510115477889406144e-01 4.330777661906749509e-01 1.235425514237811079e-01 2.367201609642142213e-01 1.000000000000000000e+00 2.089951008481572559e-01 1.661019473731116247e-01 3.224035290836030354e-01 3.980279573697897977e-02 2.376651128233421839e-01 4.224663626962380514e-01 4.212386002534651008e-01 4.715304483953811632e-01 2.000477516746302642e-01 2.532320080131270634e-01 3.198748210326457508e-01 3.543109525407383553e-01 2.700063430689279009e-01 1.417487430513507951e-01 5.077832997359554845e-01 4.185654021104018851e-01 3.441366651656272424e-01 3.464377941312040132e-01 4.562284647657607883e-01 8.164170561759347133e-02 8.144272057746176907e-02 2.493988203799236414e-01 3.504726896611601861e-01 3.780423099828831290e-01 2.617205191758464888e-01 3.789436330353552762e-01 2.473353041479802172e-01 7.427572114178512819e-02 3.190851786611628715e-01 3.514063553478338209e-01 3.600881625712066825e-01 1.235637855048433292e-01 3.041341566242722894e-01 2.698543207475390671e-01 2.351074955577189818e-01 6.690320353307670220e-02 3.371202323345721674e-01 2.554084297649522606e-02 2.232774567507656849e-01 4.221677438352071654e-01 2.453529194329459040e-01 3.652005245101725972e-01 2.192159334015326699e-01 2.441121147982324158e-01 2.338548428316924443e-01 3.378143282350531962e-01 2.333162589041254398e-01 9.115289696970862998e-02 3.859844188148111588e-01 2.838362336878019754e-01 3.265731209112886502e-01 3.811735423699950109e-01 4.095480498454662222e-01 5.126625978427656882e-02 3.537836853508780771e-02 1.949492819958852929e-01 2.992199965949348117e-01
1.937149463343200428e-01 1.679413976133515563e-01 5.820063688919495382e-02 9.400540622591759821e-01 1.176594493198916819e-01 5.524152844407159701e-01 2.256922833013972896e-01 1.711663896447032651e-01 1.087180116912334626e-01 8.209151951457226426e-01 2.089951008481572559e-01 1.000000000000000000e+00 4.625498050486737817e-02 1.982485406431307509e-02 1.468132428770443088e-01 3.008253469094620547e-01 3.645060103366381532e-01 5.737482559067966226e-02 2.862692443481693605e-01 9.987753399818739553e-01 3.212052985784807912e-01 1.952018915696101531e-01 4.935624561649229469e-01 5.410853515630047461e-01 -2.707706530676613765e-02 6.597608126121995431e-02 1.460686022119962735e-01 6.322007942317671159e-01 4.722093316611235547e-01 3.777405392461238298e-01 -4.088945595752675050e-02 2.100008033150791223e-02 3.512255966347677116e-01 3.337057997971359380e-01 4.583774691652974242e-01 1.707049333144735614e-01 1.221724350796436626e-01 8.546688642573851968e-01 1.108772293897670458e-01 6.416159407040947782e-01 2.784193083254271062e-01 4.017491007881384690e-01 6.594032559898113655e-02 8.236420529092454146e-01 2.166912984716158341e-01 9.469285474584607787e-01 4.533266517013976454e-02 1.046469028473809570e-01 1.624813379464883911e-01 2.814062421149540194e-01 2.753777274181579138e-01 5.727544529015646951e-02 2.838755206561487943e-01 9.588707012443741240e-01 3.105493073079048094e-01 1.479324675349234230e-01 5.098793401825419958e-01 3.561013864482606150e-01 3.449013147306884131e-02 1.231799295326533178e-01 1.021766514735740899e-01 5.657068545973201745e-01 4.733221521562442913e-01 3.884832404211095991e-01 3.323804161530442836e-02 3.411725687620667524e-02 2.146921313632012829e-01 3.318248757588064257e-01
1.778632815372757081e-01 8.590822663959170324e-03 3.356345580989281152e-01 -4.455010556452725090e-02 7.296072448208289207e-02 6.042924835655541504e-02 4.285819111725472919e-01 2.346726557461264739e-01 5.993341415874389178e-01 -3.334197695151892848e-02 1.661019473731116247e-01 4.625498050486737817e-02 1.000000000000000000e+00 4.368960573676503034e-01 2.117837303977270214e-01 1.636798606321668015e-01 -7.291211564838066816e-02 2.770838432835596166e-01 6.872224964232942490e-02 2.907584066241417249e-03 3.104275271112960644e-01 3.005044047774380611e-01 8.960234560221658207e-02 2.753901133438713678e-01 2.702682806793418324e-01 1.785624792051715981e-01 3.724594301305704236e-01 -1.863308816553779779e-02 7.871584071108210512e-02 -3.427081735356035663e-02 4.692716892488637548e-01 1.567540590585649873e-01 7.558112224140826896e-02 8.779608020452840667e-02 -1.131455462731743855e-01 2.034273990463260004e-02 2.910185986865114760e-01 -1.005742465362312599e-01 1.554367099367591661e-02 6.480997994919890370e-02 3.314283184419001271e-01 6.417481353904945507e-02 5.089466292081618048e-01 -4.557687394223741001e-02 5.271311642407927600e-02 7.456957548036106942e-02 2.655414264311276584e-01 4.157037520323549895e-01 1.833449314374205885e-01 1.461853263599268982e-01 3.414368491808994488e-02 2.188476046518099405e-01 -1.132532390573846998e-01 -1.015697757951172960e-02 3.128503387028218619e-01 1.876676104967949510e-01 5.215633538134666070e-02 3.665549274638043586e-01 1.723771469170968795e-01 1.799485906047452177e-01 4.179737682620091044e-01 -1.857891453862584030e-02 6.888784023452111660e-02 -1.076335939157688631e-01 2.003502104395713801e-01 1.182869722510269117e-01 1.177545137815412674e-01 3.412242200353169524e-02
7.213478176614759318e-01 5.754362775833994637e-02 8.915156789336597942e-01 1.055091147197295166e-02 1.221216266830372488e-01 1.481245017235107431e-01 8.767941512046641961e-01 6.654781329580888860e-01 6.235123344097014408e-01 3.965861459675820710e-02 3.224035290836030354e-01 1.982485406431307509e-02 4.368960573676503034e-01 1.000000000000000000e+00 1.336027656430856525e-01 2.235599825944006580e-01 2.249156668543610127e-01 8.460810311629759495e-01 4.963025046048187283e-01 -1.144838551200768814e-02 3.771575551662041947e-01 4.821045432066065062e-01 1.970011043553296370e-01 3.281030755507937657e-01 2.646210015480039979e-01 6.327824258393255352e-01 6.869618450643694141e-01 4.823705564925429706e-02 2.611575083796721652e-01 2.686490770084432045e-01 5.273979052970978465e-01 2.285395069630584419e-01 1.711428402687555916e-01 1.811797906256001067e-01 2.133024043407619197e-01 1.297203500845890423e-01 5.816528889088674603e-01 -3.260353444379904958e-02 5.574323137809648887e-02 1.280910595466816515e-01 6.004082366032698070e-01 2.284206660205536643e-01 4.967741666881455576e-01 8.849844748708707298e-02 1.143285567127227953e-01 4.870632316734475886e-02 2.549648580981117019e-01 9.029714953679545131e-01 4.924622971617882705e-02 2.253246304059516592e-01 2.579826079080927981e-01 5.955808119703176473e-01 1.409048653172925714e-01 2.447161059257236919e-03 3.597041394967822603e-01 2.672649848779177773e-01 1.337998344384998817e-01 3.643388268208851422e-01 1.411297620209930326e-01 3.552457608217242657e-01 5.429811371156961775e-01 4.381718357861289631e-02 2.495076059065496066e-01 7.436351503764078441e-02 1.934933845431365818e-01 1.427053590115967829e-01 1.540569741720194674e-01 8.441534083110374675e-02
3.120056905697658409e-02 -1.666940469759603874e-02 1.241508444794175992e-01 2.752974299331873570e-03 8.088252280919189241e-02 2.235538024851327910e-01 3.227930640860292577e-01 1.587382706874049254e-01 3.464050680554689454e-01 4.648862979463596473e-02 3.980279573697897977e-02 1.468132428770443088e-01 2.117837303977270214e-01 1.336027656430856525e-01 1.000000000000000000e+00 1.546184014555385677e-01 -4.894608015901161235e-02 3.048795059002396349e-02 -2.002835203855056131e-02 6.312323778733434920e-02 1.971862979069625432e-01 1.591124422237074620e-01 9.769275041045087649e-02 3.603285267599867225e-01 1.344723102632575940e-01 6.393929844003148899e-02 1.278224989405342404e-01 1.155857298925005577e-01 9.560866551590006812e-02 6.262177137492433432e-02 1.748701190534193428e-01 7.285268187408307228e-02 8.324597795374531761e-02 8.706055715204580325e-02 -5.008220220634496123e-02 1.638992176975027915e-02 1.481215364190988648e-01 -2.976723831514765245e-02 5.493792750926047852e-02 1.930457668311617581e-01 3.093910827204165992e-01 1.499188945808658802e-01 2.608005772722166160e-01 3.078906888113864745e-02 6.298127225214043834e-02 1.455314698457295108e-01 1.524719166521696645e-01 1.934194095506899802e-01 2.744286646615238245e-01 1.277517879825777192e-01 1.559885255090849923e-02 1.421792901958640262e-02 -6.862955330450531966e-02 3.361915780455478758e-02 1.956193049740881096e-01 8.506140329257363963e-02 9.411124262069646418e-02 4.069017283816723785e-01 1.233555493399613734e-01 1.213743528367727670e-01 2.160312283905967690e-01 1.258189397164881096e-01 8.207784192323766548e-02 1.240226485548399059e-02 9.747450115019670736e-02 5.408316325836998173e-02 8.505114350809654666e-02 5.255327959528607873e-02
2.525418222183980488e-01 2.293815899876414377e-01 2.325276025059902496e-01 3.134153788374642868e-01 1.601927263870428220e-01 3.237265479296714821e-01 3.331370870938798467e-01 3.188052765766204999e-01 2.135968214197664916e-01 2.775308889605744289e-01 2.376651128233421839e-01 3.008253469094620547e-01 1.636798606321668015e-01 2.235599825944006580e-01 1.546184014555385677e-01 1.000000000000000000e+00 3.609188659873961980e-01 1.576158281648478154e-01 2.983494909867664968e-01 3.086813927551754766e-01 7.410084652488961865e-01 3.736481107496687493e-01 7.367798022335125818e-01 4.846182503765942284e-01 6.505595994872367949e-02 2.676469017269892392e-01 4.106005057294602745e-01 5.023257767528340745e-01 5.054514987345357646e-01 5.473275569930424744e-01 8.773368749873555750e-02 1.038052835962157694e-01 3.869970133083970865e-01 5.145742745846183519e-01 3.829922055036412698e-01 2.498378349047661318e-01 2.703874619637994248e-01 2.960347327041890075e-01 1.574843767579365006e-01 4.206653876037206308e-01 3.818524729237278703e-01 4.214010926572976379e-01 1.725079594964122887e-01 3.140903331313343871e-01 2.839597708105696117e-01 3.059750595513572313e-01 1.166311526475367899e-01 3.148735370090862129e-01 2.006471945418687453e-01 6.807028775537301568e-01 3.159474276103033663e-01 1.576273816909027070e-01 3.078055411654055940e-01 2.957209444707675772e-01 7.454104269242217695e-01 3.101587721763962024e-01 6.889418404678515628e-01 4.520356417254610126e-01 1.043337887195525254e-01 3.135208163639032208e-01 3.558456788522501579e-01 5.322195864968076728e-01 5.536058345608464437e-01 5.042461423135092824e-01 1.309599055866084716e-01 6.294670772721827623e-02 3.111560916690301881e-01 5.324136554060306947e-01
4.841508101660321750e-01 2.643385347535976981e-01 2.556289156410958552e-01 4.296837173730552184e-01 1.663174886591549106e-01 4.095974687013828608e-01 1.889266766726352131e-01 3.364023061974175666e-01 -1.015116731215675860e-01 4.386663690414753791e-01 4.224663626962380514e-01 3.645060103366381532e-01 -7.291211564838066816e-02 2.249156668543610127e-01 -4.894608015901161235e-02 3.609188659873961980e-01 1.000000000000000000e+00 2.972566725012916189e-01 7.969573896989350370e-01 3.938805549609804557e-01 3.226922927070248193e-01 2.344664894449053349e-01 6.388679097186067413e-01 2.540818198939548411e-01 -5.874253115873595554e-02 3.281863962752571418e-01 3.335600273723831055e-01 5.084860304509097872e-01 6.522668965260460805e-01 7.346811700488895536e-01 -9.556736300277990370e-02 3.933888545162021744e-02 3.968384929202959377e-01 5.444521084896811747e-01 7.406752386815015354e-01 3.458623438417787188e-01 2.500952221027119560e-01 4.871989533440250764e-01 1.331863718199496893e-01 5.099363865316774991e-01 2.640875216919973401e-01 5.185652699986710301e-01 -1.166752492644309719e-01 5.010415231728490015e-01 3.477459558285568297e-01 3.667013633140112638e-01 -6.437365210701394280e-03 2.534433229172006752e-01 7.323054059484197797e-04 3.378171850514492536e-01 5.847993783143619062e-01 2.469931323898183484e-01 7.080460671076036494e-01 3.833413971940393683e-01 3.153827949137679720e-01 1.947886240402255942e-01 6.012430769014390775e-01 1.429290889605653869e-01 -1.085131786187057239e-02 2.300668259018132100e-01 1.291403950156404801e-01 5.085403925443516826e-01 6.484093840361165872e-01 7.422305611557626914e-01 2.192304866569374372e-02 6.048966688727421687e-03 2.353681092528415175e-01 4.924738612187158915e-01
5.185257153155002907e-01 5.331290423164589815e-02 7.754031211455958417e-01 9.226449996525226682e-02 1.264953251968023717e-01 1.104154837876776540e-01 5.865613247794625451e-01 5.808300218234832002e-01 3.425605342853502155e-01 1.024612240106506367e-01 4.212386002534651008e-01 5.737482559067966226e-02 2.770838432835596166e-01 8.460810311629759495e-01 3.048795059002396349e-02 1.576158281648478154e-01 2.972566725012916189e-01 1.000000000000000000e+00 6.128511897008730447e-01 5.087919985657848171e-02 3.018477228546991298e-01 4.024687292903426084e-01 2.018664846502803145e-01 1.896805221658624530e-01 1.802063980881918603e-01 6.535022968298638268e-01 5.543530859526899501e-01 1.292664926736938336e-01 2.056651264472025842e-01 2.930934635340892713e-01 3.620494020556302983e-01 1.910904031474844889e-01 1.419703225098042920e-01 1.951683264718805377e-01 2.485748375578414882e-01 1.411532560799056424e-01 4.981913406689594259e-01 7.617232339690427345e-02 5.360499434445244182e-02 1.503525382739651084e-01 4.235865961033605243e-01 2.342285684915228205e-01 2.975707622445934453e-01 1.713725717200834664e-01 1.308382059987608093e-01 7.833589594485169949e-02 1.460442495094242954e-01 6.456967586779787105e-01 -7.393259601581689960e-03 1.793780629922936132e-01 3.158654377079843645e-01 5.891375740563585817e-01 2.327677742850219056e-01 9.552364481112274319e-02 2.871189943291785895e-01 2.130999097613948123e-01 1.635935177751771108e-01 1.678684997476188046e-01 4.510513585877309883e-02 3.214840846548309705e-01 3.780681476933814289e-01 1.232110916227321940e-01 2.402883013312460958e-01 1.547801055874783449e-01 1.053850151779617966e-01 1.111898325863430598e-01 1.331799287267972365e-01 1.129261576036972442e-01
6.652121506706168974e-01 2.057026785593500384e-01 4.493936205602288569e-01 3.635341209866458922e-01 1.433272161484838714e-01 3.179711229334705180e-01 3.219983627321903463e-01 3.921924500764566446e-01 6.874843293732110783e-02 3.488193671595393730e-01 4.715304483953811632e-01 2.862692443481693605e-01 6.872224964232942490e-02 4.963025046048187283e-01 -2.002835203855056131e-02 2.983494909867664968e-01 7.969573896989350370e-01 6.128511897008730447e-01 1.000000000000000000e+00 3.125389087485542228e-01 3.095096808135175959e-01 3.037848331577396310e-01 4.721987290526497572e-01 2.272574801051749915e-01 3.400806365613827376e-02 4.472681040848449641e-01 4.597810575785375997e-01 3.395767472944141163e-01 4.991101006287798070e-01 5.639389347114167617e-01 8.889950594558358732e-02 1.155418458068395438e-01 3.076932202686464279e-01 4.202232440379176648e-01 6.701306841947547444e-01 2.806156959378646176e-01 3.375724102914930969e-01 3.836684757314396399e-01 1.206013025275700645e-01 4.062158916386142682e-01 3.264297518205949156e-01 4.352191750101849221e-01 3.823827714998057764e-02 4.429088153376480319e-01 2.461376158460074903e-01 2.927900030540769860e-01 4.630151850018363047e-02 4.429286615579274833e-01 -1.228770209470085237e-02 2.853839552678832936e-01 5.336600410727257993e-01 4.350153412083005433e-01 6.372668357337341050e-01 3.328294866517588768e-01 3.100623300004474725e-01 2.242780171502767872e-01 4.710740013390972147e-01 1.540176620468911572e-01 -1.092406905769341754e-02 2.207556608665224851e-01 2.481896003210755375e-01 3.380175929321854178e-01 5.216757260554510944e-01 5.199692338413561821e-01 7.449319137762253074e-02 6.785532710798566902e-02 2.072671622336286490e-01 3.689549853997198259e-01
1.906361150305222185e-01 1.732471822045046628e-01 4.484398005856543579e-02 1.223618133813798581e+00 1.246508783401102383e-01 4.807956303827576883e-01 1.495339639069942217e-01 1.410011889266337137e-01 1.729330518303533876e-02 8.977519789740366907e-01 2.000477516746302642e-01 9.987753399818739553e-01 2.907584066241417249e-03 -1.144838551200768814e-02 6.312323778733434920e-02 3.086813927551754766e-01 3.938805549609804557e-01 5.087919985657848171e-02 3.125389087485542228e-01 1.000000000000000000e+00 3.460342878906843556e-01 1.696840451254918170e-01 5.427245845330312957e-01 4.430700736167594300e-01 -5.736447954493788942e-02 4.976727773134093091e-02 1.280410383656844231e-01 6.301787931785173269e-01 4.810566008720665865e-01 3.796345668226293046e-01 -8.453198241717765904e-02 1.814536056411003226e-02 3.700154118704165329e-01 3.432711407916427815e-01 4.953952060122690515e-01 1.810136764732314940e-01 1.015432337601231139e-01 9.404756042262150117e-01 9.610608219929737961e-02 5.962816880136627695e-01 2.051904569877743001e-01 3.820759107296034518e-01 8.860317441187511370e-03 8.780326423179547479e-01 2.210090843190859466e-01 8.609632586928911424e-01 1.416784823015243555e-02 7.418378391624119716e-02 1.095810561264568550e-01 2.905425549370787008e-01 2.976694684635795007e-01 5.552647834663351767e-02 3.293981443043600410e-01 1.111665202475435654e+00 3.284256160753856735e-01 1.334157387773299008e-01 5.551180582050301293e-01 2.620603070142839552e-01 1.709776768921068835e-02 1.073365528710870792e-01 5.386197426854423542e-02 5.583900957103821172e-01 4.890873645077484233e-01 4.002616064064032364e-01 1.140543507433202167e-02 1.469407119582462687e-02 2.256531259090723551e-01 3.442342307222907571e-01
2.945372235444307929e-01 1.818058271816943017e-01 3.859218113097429015e-01 3.143167257669501335e-01 1.997356445917564671e-01 3.209533632487456822e-01 4.145145532124479004e-01 4.336922593738240517e-01 4.055381776230485569e-01 2.760987822191643404e-01 2.532320080131270634e-01 3.212052985784807912e-01 3.104275271112960644e-01 3.771575551662041947e-01 1.971862979069625432e-01 7.410084652488961865e-01 3.226922927070248193e-01 3.018477228546991298e-01 3.095096808135175959e-01 3.460342878906843556e-01 1.000000000000000000e+00 4.576645295271027369e-01 1.000241662739304482e+00 4.355749346285024415e-01 1.135487836979822696e-01 2.881234583186231824e-01 4.807462451289374883e-01 4.780552250717295948e-01 6.073153965089248540e-01 4.769895630375265982e-01 2.275632799400366113e-01 1.711869596067990273e-01 4.238454042715830150e-01 6.103244151057055644e-01 2.693495384818808125e-01 2.235382922285278351e-01 3.939005118145635365e-01 2.272405025029277659e-01 1.559842580112938970e-01 3.866345618524116290e-01 4.055546013894677504e-01 3.818732597620818625e-01 3.257479360010514524e-01 2.349991354289269752e-01 2.661969255492001585e-01 2.997374900748414617e-01 1.932461441345049991e-01 4.188868138134955732e-01 2.015361565223266205e-01 7.266288373651318411e-01 3.393726976357833158e-01 2.735609658568087799e-01 2.407897394600494456e-01 2.960543963164447567e-01 1.303479162690305948e+00 3.299831794082931369e-01 8.087022486273627297e-01 4.255598216070226592e-01 1.280928039203728386e-01 3.258617280125118421e-01 4.722827216529666416e-01 4.534791029605514945e-01 5.896281503721968464e-01 3.603599745637220408e-01 1.725498098269462599e-01 1.062734285934923140e-01 3.924016713395523936e-01 5.004806265250781872e-01
3.354361970202356380e-01 2.077361054661357453e-01 5.524361837412149479e-01 1.658529218666082994e-01 1.256261339268881227e-01 2.190961732746834201e-01 6.232587703933863965e-01 4.775749867188779918e-01 5.333851687419349785e-01 1.533004260814933295e-01 3.198748210326457508e-01 1.952018915696101531e-01 3.005044047774380611e-01 4.821045432066065062e-01 1.591124422237074620e-01 3.736481107496687493e-01 2.344664894449053349e-01 4.024687292903426084e-01 3.037848331577396310e-01 1.696840451254918170e-01 4.576645295271027369e-01 1.000000000000000000e+00 3.781247341874119372e-01 5.542510273396075160e-01 3.014210503657053786e-01 6.178555331668001971e-01 7.020588152191290510e-01 2.583525875709642983e-01 3.249273023679493111e-01 4.162534338158972447e-01 2.576017003441522513e-01 1.449128683867714207e-01 2.982762531137026496e-01 3.543060415923003914e-01 2.532713972161906302e-01 3.030576819294958923e-01 4.786784071137449859e-01 1.411954843581177121e-01 9.054000748176833924e-02 3.009136934482672943e-01 5.806164082800568949e-01 3.443316534133185058e-01 4.858920934702420369e-01 2.300725255684715198e-01 1.834243367444594042e-01 2.271853726702704190e-01 1.668911844406532341e-01 5.339070254200384280e-01 1.814874459548135310e-01 3.615706094773173396e-01 2.721725259626391336e-01 2.180199320964285592e-01 1.516820773961702618e-01 1.499215161250140316e-01 4.735936913863703079e-01 4.352286298529596809e-01 3.627280492978166571e-01 5.895666626432960467e-01 2.369421014414423154e-01 4.501255217345009330e-01 5.785700396129092038e-01 2.830877528264617027e-01 3.841386221962500569e-01 3.244339857531354787e-01 1.129335551290270023e-01 9.560210893906190277e-02 2.853396493454564697e-01 2.823413293876624319e-01
3.224387851293178398e-01 3.021173005931366284e-01 2.810635447264397402e-01 5.392780500894338580e-01 2.129179864973070324e-01 5.163411949213048135e-01 2.951301646898326081e-01 4.259873230913694409e-01 1.056238687291390643e-01 5.249564539012112618e-01 3.543109525407383553e-01 4.935624561649229469e-01 8.960234560221658207e-02 1.970011043553296370e-01 9.769275041045087649e-02 7.367798022335125818e-01 6.388679097186067413e-01 2.018664846502803145e-01 4.721987290526497572e-01 5.427245845330312957e-01 1.000241662739304482e+00 3.781247341874119372e-01 1.000000000000000000e+00 4.545090615322406880e-01 8.542117449169429194e-03 2.980125935553549765e-01 4.347374824792440973e-01 7.942201779726121291e-01 7.587740046895194990e-01 7.856801485335841440e-01 6.964258918651690389e-03 8.273379909450284675e-02 5.094121086432111811e-01 7.134930290184302581e-01 5.651766837000437027e-01 3.757804093743732921e-01 3.181608174173698456e-01 5.021942021433631886e-01 1.908585583612141812e-01 6.226203059127336514e-01 3.553662590717250325e-01 5.871101408221082174e-01 7.108948267400472254e-02 5.058465499346922467e-01 3.770467628378263436e-01 4.745570220237712578e-01 7.525941119514299726e-02 2.683668327917355101e-01 1.611710047049050576e-01 6.837787307624904054e-01 5.220692024580111390e-01 1.859784926831321017e-01 5.005014718848084243e-01 5.050897755434743397e-01 8.508645493890358846e-01 2.968489361469779930e-01 1.050106656249095716e+00 3.448522651255023219e-01 5.192870146260497588e-02 3.352097252618742029e-01 3.289592924561047238e-01 7.445685057481351565e-01 7.476440221342239845e-01 7.139661962212945356e-01 9.581270827442447957e-02 4.629812270778992100e-02 3.702006077591821764e-01 6.475240984556009938e-01
