1.000000000000000000e+00,1.706544045944030294e-02,5.268132880667270035e-01,6.484638699161998643e-02,-3.009305280894736256e-02,2.848630651188714946e-01,5.992034400935166705e-01,3.181509476085645494e-01,3.667409394175147330e-01,9.850699367021120700e-02,1.679393688593560918e-01,1.295700703508849416e-01,3.406839016116607333e-01,6.696788443532643020e-01,2.641543133935584375e-01,2.165713390008546513e-01,5.808585773288273968e-01,3.133552231713244152e-01,4.579694194089385939e-01,1.469971597686235698e-01,1.794711230747102204e-01,2.641582937435938416e-01,1.581502790875323472e-01,5.249216446006701453e-01,1.428197860665837982e-01,3.700620671191353073e-01,4.990045825536432722e-01,9.244000060817030018e-02,5.290287463487753916e-01,3.162904869084227077e-01,3.476756614465006390e-01,1.883517627611343975e-02,4.807622951777895670e-02,5.451533351893226437e-02,4.367394134131112327e-01,-7.129751738021317120e-02,3.792360827684676527e-01,9.723646053411144630e-02,-1.804009859177542127e-02,2.734188667335832323e-01,4.819427423281650302e-01,2.206778242333135853e-01,3.926352962093407339e-01,1.377318766321353194e-01,1.681037497191710181e-02,1.660346147344362866e-01,3.018427926315964127e-01,5.857237296455299891e-01,2.374108870100117563e-01,1.484464961185469056e-01,1.410602763096754919e-01,2.835105898687171333e-01,1.999008779414529202e-01,1.360606430204903960e-01,1.887087409445570851e-01,6.649934829057274621e-02,1.329181332327427356e-01,4.671841699037343476e-01,1.010983101162907932e-01,1.829654486657478762e-01,3.807858473039044123e-01,5.503154020041596539e-02,4.707166603593038734e-01,3.340034380097404998e-02,2.772076596927323111e-01,4.329500953011098871e-03,1.452962133685051227e-01,-3.852325409775151505e-03
1.706544045944030294e-02,1.000000000000000000e+00,-7.504401727331551364e-02,3.047019809346448449e-01,-4.229983807900813964e-02,2.537697877672782099e-01,-1.081233181658986936e-01,3.973008724638017741e-02,-5.779329750873419408e-02,2.617993483630728924e-01,1.951330333533353167e-01,2.629289328269177051e-01,1.680518274811616461e-02,-1.074546543131021381e-01,6.794313580086632116e-03,1.545052576818906620e-01,2.218366454693057321e-01,-2.207146597640458618e-01,1.277776567423717646e-01,2.788510425328937226e-01,2.743945075192192884e-01,2.110168080858129125e-01,4.152308133693070613e-01,8.323407774177316032e-02,1.175583311536343017e-01,1.770694313402488840e-01,2.631133109518811741e-01,3.943983086659661463e-01,2.660671579885383053e-01,3.578902201699292740e-01,1.110106508018137393e-02,-5.086386280546367766e-02,2.392227314912712399e-01,4.560002840762167331e-01,2.849436968305015250e-01,3.641766299129232665e-01,1.322336869539686606e-02,3.047249379797719593e-01,-4.664518357153357719e-02,2.480252390602809276e-01,-2.493247311785634288e-02,1.876435875367112593e-01,-4.496404040731404733e-02,2.865460555264680576e-01,2.194214115512205798e-01,2.828781538256420203e-01,-3.961854429382761014e-03,1.266158604123606042e-02,6.575483374080119681e-02,2.220167632794039225e-01,3.744750510980114355e-01,-1.652040898628688581e-01,2.848792904411659999e-01,3.059991300956472204e-01,2.022448046480581352e-01,3.023237171057434614e-01,3.921318652404682803e-01,1.846889147792304675e-01,1.184645762753141623e-01,1.435224396955285253e-01,3.045709398503561038e-01,3.770399910210791572e-01,2.158528859509840081e-01,4.540598487213535206e-01,-1.371350390371731398e-01,1.070595030181134902e-02,2.233072430466627456e-01,3.926772126677957053e-01
5.268132880667270035e-01,-7.504401727331551364e-02,1.000000000000000000e+00,6.354508986949243543e-02,-2.855667163257459215e-02,2.292740182791580539e-01,8.798093491768771424e-01,4.576784657251295463e-01,4.536768688375100167e-01,-2.056353858971085233e-02,1.441405482916950365e-01,2.135952852693474846e-01,3.629382913976043068e-01,6.650442143208696866e-01,3.434386398421883646e-01,1.933194569327116585e-01,3.131717038405993359e-01,5.645295977024171741e-01,1.781570843542210347e-01,2.178473254413945126e-01,1.672515562681882173e-01,2.882773320867041411e-01,2.152984780790213326e-01,5.786133806710247462e-01,6.244508829513392700e-02,7.030863208928647134e-01,5.404688737730326542e-01,1.440341728348975558e-01,1.526022505628907011e-01,3.728718140007302173e-01,1.829971474470884485e-01,-5.535813224170123975e-02,7.504717358232086688e-02,-1.617274656813303194e-02,7.114523148005362507e-03,-1.662800186760351462e-01,6.361766010948911587e-01,3.984933739507251493e-02,2.806681973792103484e-03,1.260117671336035972e-01,6.398110773659052564e-01,2.682634264258692003e-01,4.112486528567110278e-01,-5.910010825962183634e-02,7.784905995598682960e-02,1.733504933138856063e-01,2.234501549207535132e-01,4.508338776030598183e-01,2.823629950400667887e-01,9.740318005900633347e-02,-1.300299639220379999e-02,4.272786696998944200e-01,-1.124560340977577982e-01,1.408186732675195396e-01,1.397550510768598986e-01,1.787925874144176072e-02,6.384472908373048372e-02,3.975958365122948535e-01,7.118185930933025596e-02,3.487115325568370672e-01,3.370134673955921256e-01,2.586692979441142931e-02,1.961354244947571268e-01,-1.127770498206333988e-01,2.390727020088982968e-01,-9.011817869460789221e-02,1.248633032907239399e-01,-1.259328261226447254e-01
6.484638699161998643e-02,3.047019809346448449e-01,6.354508986949243543e-02,1.000000000000000000e+00,-8.375548002866406438e-02,4.523675203376089637e-01,4.422330830668402823e-02,6.732969440337426004e-02,5.517306294557239310e-02,5.695728894107556783e-01,1.524103882139214161e-01,8.349201858528365605e-01,6.422282168744156139e-02,-2.646058904077434187e-02,5.572354117590185701e-02,2.213241820057122722e-01,1.268111769735660310e-01,-9.959391849813453712e-02,4.779825762725727067e-02,8.456435318382845567e-01,2.999849705851900250e-01,1.763167243806376683e-01,4.097098230758915438e-01,1.202041145162289215e-01,1.268899708050406361e-01,1.637544635873034726e-01,2.013330812615181931e-01,5.201989160631773634e-01,2.884756179929037767e-01,2.221244336096309391e-01,-5.127835944979543953e-02,-6.863891190669876852e-02,2.201584740448845889e-01,2.938948325680626472e-01,2.234475808341671310e-01,2.533266766324375752e-01,1.292453037744466515e-01,9.008347747932543559e-01,-1.222699343272294764e-01,4.803276425045024389e-01,9.347873963837659284e-02,1.226623131466908351e-01,9.855287727442504919e-02,5.391434817348367270e-01,9.636833599767861969e-02,8.610442460879857984e-01,5.087241954957431866e-02,-5.119176005124316357e-03,1.714235074619266108e-01,1.957024960811109549e-01,2.234558701724703722e-01,-9.169912141888814094e-02,1.043710971243034386e-01,8.558280755198498513e-01,2.950851913328464415e-01,2.102524734284841601e-01,3.926802766976797421e-01,2.535443589849438739e-01,1.346716222044925526e-01,1.561741599491029975e-01,2.311198001750662534e-01,5.192218055153569045e-01,1.501046924035241426e-01,2.902931484386582217e-01,-1.412270511766849646e-01,-3.509867909839060190e-02,1.866605000067040887e-01,1.860162555709542198e-01
-3.009305280894736256e-02,-4.229983807900813964e-02,-2.855667163257459215e-02,-8.375548002866406438e-02,1.000000000000000000e+00,7.238685483108525665e-02,-2.622471473516208799e-03,9.285604542690907570e-02,8.491337681174337265e-03,-1.537618195919477071e-01,2.716353994583306508e-02,-9.034092729810208611e-02,-1.362455966029330360e-03,-4.933098170998512222e-02,4.132030691704714070e-02,-6.434494479663684097e-02,-6.868457421877352531e-02,-7.891446118395942233e-03,-4.801334992866733431e-02,-9.877604649022318772e-02,-4.090268987443647364e-02,-6.394820772307846513e-02,-1.767028011522927752e-02,6.917340783439557272e-03,-4.077336042976664049e-02,-6.601247074397531556e-02,8.731677938529780122e-03,-5.960296239437851140e-02,-5.547473506978014418e-02,-8.026777076435762104e-02,-8.955862895417715866e-03,1.905837204570635657e-01,-2.380162138158225041e-02,-3.730581216643029385e-02,-5.945316277029979307e-02,-6.747141719550869832e-02,-9.433407709687184617e-02,-9.621703917434235032e-02,2.472225362256264269e-01,7.807078078103894814e-02,-8.561465834469728087e-02,2.599941446964711481e-02,-2.652006489048053944e-02,-1.431922663054982781e-01,2.955259674826343774e-02,-1.128483499534855689e-01,-9.586421050677917943e-03,-4.663293642253412558e-02,1.022364021401135775e-01,-1.002107419444587264e-03,-6.182734163960182383e-02,-1.094892258176667771e-01,-4.314959210801852518e-02,-7.420990991947902515e-02,6.887914607867493726e-04,-7.583580172852258383e-02,-4.456597960597494246e-02,-4.260343699598834882e-02,-2.426323043376915622e-02,-1.455468291919706503e-01,-6.439110900064352883e-02,-5.359642009684843084e-02,-1.016713108934367074e-02,-6.760814603337943207e-02,3.273307700751398874e-02,2.629916755456694899e-01,-4.264125780242333102e-02,4.308026316309556542e-02
2.848630651188714946e-01,2.537697877672782099e-01,2.292740182791580539e-01,4.523675203376089637e-01,7.238685483108525665e-02,1.000000000000000000e+00,3.157015319328577152e-01,4.866910297100574545e-01,1.379742473365982991e-01,5.618365315617087630e-01,2.678271870900401086e-01,5.554416277737026508e-01,2.064747766120985095e-01,1.488023139821572638e-01,3.327275312359304626e-01,2.909817972182390799e-01,1.729524142094283901e-01,9.297297562796666415e-02,9.859865021118821571e-02,4.718715549890603045e-01,2.788336268816736241e-01,2.162203457683413432e-01,4.539236447873218339e-01,2.729453865307749916e-01,8.021547065038100999e-02,1.681870554273867946e-01,2.199150186490304859e-01,6.213229481190136738e-01,3.557524867507306787e-01,3.721807023776105838e-01,4.448918333445025380e-02,3.558401823435756745e-03,2.151530023749236575e-01,3.131096840361965450e-01,2.102051433255470725e-01,1.686254704590112175e-01,1.895900870639087021e-01,4.999810026080929726e-01,2.232347126386560049e-02,7.934838697881557712e-01,2.008109045290359107e-01,3.373932827593714712e-01,1.963143906996520360e-01,5.426508202212909637e-01,1.947822977802833033e-01,5.642861690557574583e-01,1.612331950293046656e-01,9.645193897030068797e-02,4.094437762635932399e-01,3.101489123990412433e-01,1.726098924932886469e-01,-1.461304210424774729e-02,1.571436273157667540e-01,4.975300719416821948e-01,3.103121796172718661e-01,1.493025585736320326e-01,3.917919657550266721e-01,3.044320599945135597e-01,1.077685312626104897e-01,1.293054410774961867e-02,1.903232866031983606e-01,6.057484146416780568e-01,2.779493210543907411e-01,2.997520166577665734e-01,1.420027862005887875e-01,-1.530062118140121039e-02,1.765014516078160789e-01,2.335004412888835867e-01
5.992034400935166705e-01,-1.081233181658986936e-01,8.798093491768771424e-01,4.422330830668402823e-02,-2.622471473516208799e-03,3.157015319328577152e-01,1.000000000000000000e+00,4.868770754200815731e-01,6.117915156183720837e-01,-1.657147333514247343e-03,1.511486108116588956e-01,2.033470256860033243e-01,4.969123501087157613e-01,7.182919829618493734e-01,4.739753863660594591e-01,2.156839540024243218e-01,2.107847097855487239e-01,5.248709775041223713e-01,7.678051559591635156e-02,1.937354074350821631e-01,1.586045258700332361e-01,3.244787490185315204e-01,1.203902820831896647e-01,7.356443416294075055e-01,1.594631362239215810e-01,5.735531347640220323e-01,4.805648118663172763e-01,1.487374668339295491e-01,1.999471656131007191e-01,3.107480885569121054e-01,2.302778517968657734e-01,1.981685879454129356e-02,5.802203430591612587e-02,-2.882962046040119658e-02,3.554574397794068447e-02,-1.815690293934817401e-01,5.516329327478649569e-01,3.876963622846939239e-02,-1.632796360861411659e-03,2.389586842570045055e-01,6.610905710895169651e-01,2.553491063034469821e-01,5.848934561761376383e-01,-3.886305777661640259e-02,1.448772874583940766e-02,1.784748172037648184e-01,3.852633342738612798e-01,4.878957142996075969e-01,3.888763557573512997e-01,1.382605515470399782e-01,-1.279013865590816479e-01,3.463784732445441827e-01,-1.944789680556875677e-01,1.222771342046822113e-01,1.378577866224152959e-01,9.012352747497356931e-03,2.327993730883928455e-02,5.410356550484872740e-01,1.416508674994378936e-01,1.970808099538452207e-01,2.996157910246016742e-01,4.898427968270703536e-02,2.699905345259553391e-01,-1.682342170039300699e-01,3.470096234440108174e-01,-7.646389158794167362e-02,1.200800803500596259e-01,-1.093679699745992301e-01
3.181509476085645494e-01,3.973008724638017741e-02,4.576784657251295463e-01,6.732969440337426004e-02,9.285604542690907570e-02,4.866910297100574545e-01,4.868770754200815731e-01,1.000000000000000000e+00,1.066000990075171156e-01,9.360827780136569964e-02,2.744216848833849753e-01,1.682575293245485160e-01,2.313360097821430816e-01,3.629093154702449642e-01,1.829676520614488544e-01,2.302347570343144245e-01,1.992552813181332760e-01,5.191681106835033255e-01,1.819520432804951349e-01,1.554512023096309425e-01,1.818289214298342837e-01,2.849425042790463825e-01,2.935347438863674108e-01,1.736323638832572569e-01,5.877428632113417678e-03,3.502185386580701776e-01,2.660140922561252119e-01,3.170142457312579709e-01,1.878353770559804126e-01,4.784104911864202614e-01,2.076606173430413718e-02,2.299655083555412344e-02,5.846643358697099085e-02,1.722689308905955285e-01,-6.762996388817405641e-03,1.383331497767339123e-02,2.366935296873716454e-01,7.394649517305509900e-02,9.945183844245523985e-02,3.683521941585909398e-01,2.929890740108126446e-01,4.755717054791889220e-01,1.401783265479048524e-01,9.287049227009591679e-02,2.299312070375973127e-01,1.515285678003825964e-01,9.731593637360988480e-02,1.843996388589319857e-01,2.003524994450986418e-01,2.299161691197186275e-01,7.733214216585074241e-02,2.436033272432539809e-01,1.032813981346759023e-02,1.562590724056125979e-01,1.733313357085369821e-01,7.223068528283352330e-02,1.610687280033200330e-01,7.533700955984198866e-02,9.134567849995020236e-03,6.665665332513416586e-02,1.302283509324010102e-01,2.501879023129084390e-01,1.815481027641342726e-01,1.526648855668847893e-01,1.806234006185514773e-01,-4.256373866505688830e-02,7.698585492323156698e-02,9.302955353429367968e-02
3.667409394175147330e-01,-5.779329750873419408e-02,4.536768688375100167e-01,5.517306294557239310e-02,8.491337681174337265e-03,1.379742473365982991e-01,6.117915156183720837e-01,1.066000990075171156e-01,1.000000000000000000e+00,1.264654451406780917e-03,4.462581367592372006e-02,1.624505833366455265e-01,4.632772015522679809e-01,4.213812623404707969e-01,4.383499801034570487e-01,1.067479402311796305e-01,1.816306115268581309e-02,1.309493932024585194e-01,-6.368745358431959769e-02,1.416501852267240402e-01,1.037864853347333360e-01,2.391220233063788558e-01,1.477804409413668429e-03,6.926186585866952461e-01,2.571133819970549683e-01,2.344389377874973868e-01,2.856857046478759599e-01,7.941453488271708883e-03,1.729032007849539976e-01,-5.804216286420109047e-03,2.103511551468710550e-01,8.711875101503413488e-02,1.028855255810930125e-01,-2.714186493681800677e-02,2.340404679152893741e-02,-1.164500504090682093e-01,2.072381881837618289e-01,4.142924255331231070e-02,-1.917498544774976551e-03,1.321508384222322419e-01,3.077231801590663007e-01,-4.072113113883663732e-02,6.019952692038281761e-01,-3.888213185783252757e-02,-1.088370478218270293e-01,1.310033334344163081e-01,4.022105068244294368e-01,2.487268439254164132e-01,3.383446949983191510e-01,8.173993936859501319e-02,-2.381607236294774055e-01,7.581846207805675864e-02,-2.524558328706460464e-01,9.209615602402426715e-02,1.011793875572624540e-01,-2.281653849930480663e-02,-5.232840429762885756e-03,5.091379178199521016e-01,2.118934262199761720e-01,-2.006332630264312175e-02,1.464140278179946741e-01,-3.913912482348770594e-02,2.330317830657252232e-01,-2.382418480452505871e-01,3.017917982319275882e-01,1.082232784625992983e-02,1.403589264547722981e-01,-5.434570084907201087e-02
9.850699367021120700e-02,2.617993483630728924e-01,-2.056353858971085233e-02,5.695728894107556783e-01,-1.537618195919477071e-01,5.618365315617087630e-01,-1.657147333514247343e-03,9.360827780136569964e-02,1.264654451406780917e-03,1.000000000000000000e+00,1.423258170374349929e-01,5.959668186783033672e-01,6.848515641672719978e-02,4.051675852519427690e-03,3.522221445137027618e-02,2.815450858021912306e-01,8.847563923402894381e-02,-3.161538742566397803e-02,4.992830941587157734e-02,5.608106749236806410e-01,3.848065986281623552e-01,1.435731319259136163e-01,4.361183766831482345e-01,-5.594340354986764713e-02,1.049836586632449525e-01,7.088515995459650221e-02,6.558252763948103914e-02,4.094760610725956540e-01,3.598182588285341321e-01,1.914529674506246781e-01,-7.540410692195093079e-02,-1.305216560280608729e-01,2.916884490817316378e-01,3.025921472829515846e-01,2.365299537232865013e-01,2.775286301341247097e-01,9.183269370463013892e-02,6.540486272724563843e-01,-1.561247623141114871e-01,5.339682753391401526e-01,7.433504580555498620e-02,1.349863034869451528e-01,2.914175827667227561e-02,8.759701154456880356e-01,1.009214609786023981e-01,6.361336388739335934e-01,5.019731584130947277e-02,2.859015283589315566e-03,6.811878561568887602e-02,2.286194026685135217e-01,2.354743014114738242e-01,6.238073799955052429e-02,1.284680843596927025e-01,6.053061041204007564e-01,3.938581708258236946e-01,2.276834830926940667e-01,5.086941601538147451e-01,6.182540243497273991e-02,1.125135368933185137e-01,1.653306600413391447e-01,1.430558451003741682e-01,4.837965216368620980e-01,2.214462680160875496e-01,3.331741018673947119e-01,-2.760876970192264329e-02,-1.628604178457617735e-01,2.371753197958389736e-01,2.254628447945950798e-01
1.679393688593560918e-01,1.951330333533353167e-01,1.441405482916950365e-01,1.524103882139214161e-01,2.716353994583306508e-02,2.678271870900401086e-01,1.511486108116588956e-01,2.744216848833849753e-01,4.462581367592372006e-02,1.423258170374349929e-01,1.000000000000000000e+00,1.898301128747573174e-01,1.443463000937861840e-01,8.318557844904975185e-02,2.250897780777669221e-02,2.337209268849379795e-01,2.245837460974967892e-01,9.562743474166492119e-02,1.957751900943984491e-01,2.018642016660129879e-01,2.239271666005111794e-01,2.132764490044039007e-01,3.093582887281677851e-01,1.590907071151259622e-01,5.678225584653713576e-02,2.848604276986008710e-01,2.321443955503948442e-01,3.147305492104799929e-01,2.276591212939634568e-01,3.583549490650766445e-01,-3.745472835090390973e-02,2.504909968920567345e-02,1.224881293649343894e-01,3.274707734758368627e-01,1.129803148992890582e-01,1.541263879342462950e-01,7.250332127197579857e-02,1.688438831606904889e-01,4.099561582565821455e-02,1.977543095670681872e-01,7.866714022346110724e-02,2.149227922443301964e-01,-2.464083666297556263e-02,1.182227809804108770e-01,2.596602631735685507e-01,1.928363671886638708e-01,7.049408313048027841e-02,1.650077618760521780e-02,1.226852916714426117e-01,2.576443644781793996e-01,1.863494759940734768e-01,-3.847099094353673837e-03,1.688660257647837393e-01,2.093334537609182200e-01,2.216812829894042880e-01,1.988487437091336907e-01,2.447305695428743932e-01,1.478284020967747525e-01,1.121553194695353167e-01,1.158316561487605090e-01,1.241216490893787133e-01,2.759885551374159363e-01,1.850228468401444448e-01,2.791151051131083305e-01,-7.465998263848578134e-03,-5.501320750967539364e-02,1.030171675775815865e-01,1.785253336248247835e-01
1.295700703508849416e-01,2.629289328269177051e-01,2.135952852693474846e-01,8.349201858528365605e-01,-9.034092729810208611e-02,5.554416277737026508e-01,2.033470256860033243e-01,1.682575293245485160e-01,1.624505833366455265e-01,5.959668186783033672e-01,1.898301128747573174e-01,1.000000000000000000e+00,1.249222955417782221e-01,3.035629653553482965e-02,1.979917951754189276e-01,2.395602661706290881e-01,1.275811112027291361e-01,-4.929517650010257351e-02,1.713200284543248478e-02,8.641476900865622257e-01,3.009099410010636633e-01,1.948517781215831357e-01,4.153789324280108830e-01,2.577485112592325378e-01,1.165078417689274781e-01,2.504411860475951324e-01,2.100367477780215320e-01,5.816331895504562866e-01,2.713137009413322254e-01,2.941389020515142727e-01,-4.441857667836367901e-02,-1.038084388768585609e-01,2.198945825371678986e-01,2.810079593954295518e-01,1.775506422613761515e-01,2.303890785401851993e-01,2.252767488967958864e-01,8.481422594234144796e-01,-1.574612005858282704e-01,5.383542000540970651e-01,2.081952216109509146e-01,1.849764914494156920e-01,1.965356316925455094e-01,5.178189850293912766e-01,1.147331892815988408e-01,8.861092885141128583e-01,9.848564121823427664e-02,1.199877608749868804e-02,2.808417401643281686e-01,1.955538810107721182e-01,1.863366707199498318e-01,-2.182664825882983661e-02,6.433334204282126212e-02,8.520226847014983340e-01,2.980744424409594862e-01,1.822623246483980886e-01,3.644989647835465418e-01,3.481715647090251609e-01,1.493530314139843163e-01,1.845511069772271528e-01,2.278045406984266774e-01,5.580859907250595997e-01,1.448713824273742679e-01,2.667653160753818420e-01,-8.120818167885296424e-02,-1.245378298988793625e-01,2.020355771118197974e-01,1.609184297516706164e-01
3.406839016116607333e-01,1.680518274811616461e-02,3.629382913976043068e-01,6.422282168744156139e-02,-1.362455966029330360e-03,2.064747766120985095e-01,4.969123501087157613e-01,2.313360097821430816e-01,4.632772015522679809e-01,6.848515641672719978e-02,1.443463000937861840e-01,1.249222955417782221e-01,1.000000000000000000e+00,5.223044578156894602e-01,2.971131283024999181e-01,2.610418311927222290e-01,3.785920778381506729e-02,2.166652051766138065e-01,2.294312278833461269e-02,1.276597483398462241e-01,2.879254510709629566e-01,1.800793532208036507e-01,1.647050721175337962e-01,4.700700472479718561e-01,3.568432183136721614e-01,7.058782890717843483e-02,4.137573264779886295e-01,4.538917388011198123e-02,2.001732644431385710e-01,2.886780463272447389e-02,2.771337197984343192e-01,1.886391160661904653e-01,4.053408711448001217e-02,-1.048561892220552065e-02,3.336533818099563647e-02,-8.730920077458718953e-02,1.309906500064746647e-02,8.373761525609836609e-02,-1.259282002454326478e-03,2.174318928705931964e-01,1.139878162186948873e-01,8.771217295721723357e-04,4.106800489508611318e-01,6.486906846822010353e-02,-8.158347018236422610e-02,1.319573402242607274e-01,5.386824765317996810e-01,2.295572122795141168e-01,2.390873690887118652e-01,2.311211852869224648e-01,-3.009812372251947088e-01,1.915389444673345695e-02,-2.910315156898116706e-01,1.228052630751818169e-01,2.949851764427170453e-01,-4.888556547235544530e-02,1.936998267850255362e-01,2.661163044351242957e-01,1.235611175029484587e-01,-2.231595125428976756e-01,1.329270093859192536e-01,6.152328663660017877e-02,2.425331518456201041e-01,-1.673124064494483920e-01,3.256175390638907374e-01,1.772414268664375750e-02,1.328265535703544720e-01,-3.178129280737935353e-02
6.696788443532643020e-01,-1.074546543131021381e-01,6.650442143208696866e-01,-2.646058904077434187e-02,-4.933098170998512222e-02,1.488023139821572638e-01,7.182919829618493734e-01,3.629093154702449642e-01,4.213812623404707969e-01,4.051675852519427690e-03,8.318557844904975185e-02,3.035629653553482965e-02,5.223044578156894602e-01,1.000000000000000000e+00,2.687136636593246974e-01,1.904960568688912892e-01,4.104924601560082098e-01,5.872757803390209475e-01,3.645016115602234263e-01,3.135977617792731764e-02,1.657759165234723719e-01,2.638236621743243471e-01,8.739340159928513097e-02,4.616100519127243618e-01,1.843764082034617946e-01,3.942554244595662949e-01,6.184711040236215984e-01,-3.576099777701528121e-02,2.777102126983612140e-01,2.577194860502071139e-01,4.308661368062423058e-01,1.187479003841813152e-01,8.572364866161736804e-03,-9.634287562042889719e-02,1.328401209134187355e-01,-2.166679443457414367e-01,3.193853229274485894e-01,2.895729130573884702e-04,3.344819463579946917e-02,1.588217331140955313e-01,4.134587271178964962e-01,1.255910727918309877e-01,3.758425646327475111e-01,2.365275120211061607e-02,-1.269085043038619132e-01,5.917115471690932021e-02,4.276861027988930752e-01,6.482989921515116549e-01,1.662838236234401301e-01,1.404512492147252656e-01,-1.121020611011966511e-01,4.277302684977652425e-01,-8.547320640769838496e-02,1.875637290986868072e-02,1.397181985319817521e-01,-4.727814510796073816e-02,5.825613713999518162e-02,2.769439730573095004e-01,-1.626812262079234753e-02,8.512563303261873326e-02,3.406718852711413392e-01,-5.422872420859461973e-02,2.835045494478053985e-01,-1.410034822713982505e-01,3.787527448524949936e-01,3.649272876228698559e-02,1.009737540632306557e-01,-1.228982333172672914e-01
2.641543133935584375e-01,6.794313580086632116e-03,3.434386398421883646e-01,5.572354117590185701e-02,4.132030691704714070e-02,3.327275312359304626e-01,4.739753863660594591e-01,1.829676520614488544e-01,4.383499801034570487e-01,3.522221445137027618e-02,2.250897780777669221e-02,1.979917951754189276e-01,2.971131283024999181e-01,2.687136636593246974e-01,1.000000000000000000e+00,1.061791698096482134e-01,4.226549479935572638e-03,2.699014162223775659e-02,-9.035114502271572590e-02,1.202109642113988741e-01,5.366750787009089141e-02,9.983590583892847092e-02,5.010150718751955196e-02,5.589022706611901370e-01,1.970966435470083156e-01,1.725682923426077042e-01,2.106264559247400248e-01,1.977690180027809330e-01,1.532768511221661023e-01,1.153261747774021462e-01,1.246837033107164733e-01,6.729855607430092201e-02,8.638234282259567298e-02,5.480274270803143360e-02,5.226238263567596631e-02,-2.233135367685706862e-02,2.216678995472267932e-01,4.718799244310834667e-02,3.946583044457474543e-02,2.941712605586419005e-01,3.056830159500077415e-01,1.351830972600116532e-01,4.197608137779013093e-01,5.450767182033311627e-03,-2.131497152483306096e-02,1.736795567248282934e-01,2.820773749089132143e-01,2.128261763436605225e-01,4.558557833586249219e-01,9.755762618203066283e-02,-9.698278973805651848e-02,7.532583594446122348e-03,-1.057859426221419569e-01,8.543360774499750288e-02,7.896194976971337987e-02,-1.909505572847366647e-02,3.204819047927739972e-02,4.563107226010696960e-01,1.991632014779650683e-01,-1.144806160045612302e-02,1.498781445420548919e-01,1.584396131055598178e-01,2.057240276139319923e-01,-7.957922621513961736e-02,1.858211668568952868e-01,-2.608403237331815422e-02,1.035493963342959123e-01,2.189970248297365765e-02
2.165713390008546513e-01,1.545052576818906620e-01,1.933194569327116585e-01,2.213241820057122722e-01,-6.434494479663684097e-02,2.909817972182390799e-01,2.156839540024243218e-01,2.302347570343144245e-01,1.067479402311796305e-01,2.815450858021912306e-01,2.337209268849379795e-01,2.395602661706290881e-01,2.610418311927222290e-01,1.904960568688912892e-01,1.061791698096482134e-01,1.000000000000000000e+00,6.738253820459311205e-02,7.023504965768795349e-02,-1.758779101707549919e-02,1.927682998340845555e-01,5.900918677124622480e-01,2.739865291441587192e-01,5.546925561708019314e-01,2.209366251955651728e-01,1.406043339652484347e-01,1.443625443964581256e-01,2.828815999008426618e-01,4.035830868382875858e-01,3.436245786403004376e-01,3.791751459668601387e-01,3.175143353023677367e-02,3.311513531033129926e-02,2.282773576585365172e-01,3.465707467192035152e-01,2.103644880114301230e-01,1.592016291220704483e-01,1.773928577416720997e-01,2.114579067679827895e-01,-1.014664941066526771e-01,2.777291667345929138e-01,2.251110994198039505e-01,2.556928091908223788e-01,1.587993970937690014e-01,2.317712105757592789e-01,9.782649214268024362e-02,2.517611444753607985e-01,2.236783340258291508e-01,1.759006111916809612e-01,1.395975338253202525e-01,6.851144138118666627e-01,1.297761556492113000e-01,5.388030932018472718e-02,2.872941441058037698e-02,2.351815561252979803e-01,4.872449493661915598e-01,2.741720170660508771e-01,5.098057955004475783e-01,2.702839505012387122e-01,1.089477397584754370e-01,9.412040223470032052e-02,2.823874939835558373e-01,3.993614911089453656e-01,3.095178790950145475e-01,2.952104171695790202e-01,9.038655077530395598e-02,-8.404687768128009384e-02,1.404803281989904506e-01,2.214596412876744247e-01
5.808585773288273968e-01,2.218366454693057321e-01,3.131717038405993359e-01,1.268111769735660310e-01,-6.868457421877352531e-02,1.729524142094283901e-01,2.107847097855487239e-01,1.992552813181332760e-01,1.816306115268581309e-02,8.847563923402894381e-02,2.245837460974967892e-01,1.275811112027291361e-01,3.785920778381506729e-02,4.104924601560082098e-01,4.226549479935572638e-03,6.738253820459311205e-02,1.000000000000000000e+00,2.243063148662943485e-01,7.931654785914828976e-01,1.822176476509521914e-01,1.436681819214682687e-01,2.463140379079845066e-01,3.017314216844834696e-01,1.890448926104993654e-01,-2.350772545397996488e-02,4.449834112725039037e-01,5.610072284013167820e-01,1.883577033581638194e-01,4.394659426925651147e-01,4.703786598920962625e-01,2.139455742990974685e-01,-6.525472216195744857e-02,6.259315540480164808e-02,2.301397821740945038e-01,4.199322127358359191e-01,1.033035656817618830e-01,2.718458576875566468e-01,1.602403018628088260e-01,-5.301020333651764241e-03,1.691476512706437119e-01,2.236882926107781611e-01,2.009379251727301807e-01,2.449629991064308093e-02,1.911920771553192178e-01,1.686614642371654094e-01,1.628516547592425145e-01,2.671337721248821101e-02,3.976892545600259621e-01,6.315739428190056404e-02,7.578425062530488865e-02,4.364206808879363964e-01,1.918261391658782899e-01,5.211151447933838332e-01,1.808590825757163678e-01,1.407330062125669856e-01,1.589249490863887393e-01,2.082032962805774601e-01,2.351171782292336698e-01,-7.123221381520075668e-02,2.980503467764252234e-01,3.842503614384802924e-01,1.389364554498678794e-01,3.288891853634854923e-01,3.152668336643146829e-01,1.056781154004027140e-01,2.866948371999844536e-02,1.659037674968500686e-01,1.421372482431745021e-01
3.133552231713244152e-01,-2.207146597640458618e-01,5.645295977024171741e-01,-9.959391849813453712e-02,-7.891446118395942233e-03,9.297297562796666415e-02,5.248709775041223713e-01,5.191681106835033255e-01,1.309493932024585194e-01,-3.161538742566397803e-02,9.562743474166492119e-02,-4.929517650010257351e-02,2.166652051766138065e-01,5.872757803390209475e-01,2.699014162223775659e-02,7.023504965768795349e-02,2.243063148662943485e-01,1.000000000000000000e+00,3.411018904593595136e-01,-2.253392005485515756e-02,-8.975657054263914275e-03,1.978966180599765756e-01,-1.686436760412076546e-02,-3.583387223653191397e-03,-1.141036110369929302e-01,3.073163278744353577e-01,2.600349128833128742e-01,-1.218210585893879649e-01,1.911063323430865768e-02,1.627122094688512044e-01,8.148168292775638533e-02,-8.628742018184296092e-03,-9.074547919199132950e-02,-1.496374310833202270e-01,-5.648925519366086029e-02,-2.141729271729173878e-01,2.802513294433782165e-01,-9.302713686351653244e-02,5.391747461902037658e-02,7.535465076312289345e-02,3.003582034317546778e-01,1.823686734183318225e-01,1.015317238852922882e-01,-7.885013080705647638e-04,4.668417543640562481e-03,-4.662918519537243706e-02,1.122482661466027709e-01,3.041892172508824932e-01,8.247189665573133321e-03,1.732752165410978221e-02,-7.553180801819656121e-02,5.268610480040957222e-01,-4.247410233875453106e-02,-3.355796151083170059e-02,1.558513647725054060e-02,-9.857818663464955333e-02,-5.476989614552201652e-02,-1.261440626668708376e-01,-2.180828980486689828e-01,7.198410249546428885e-02,1.959139784630090433e-02,-1.297072033356031773e-01,9.233472213383438210e-02,-1.623061999917218279e-01,3.183014904198739337e-01,-3.350372541813750882e-02,-2.176983497654101998e-02,-1.813760321996717717e-01
4.579694194089385939e-01,1.277776567423717646e-01,1.781570843542210347e-01,4.779825762725727067e-02,-4.801334992866733431e-02,9.859865021118821571e-02,7.678051559591635156e-02,1.819520432804951349e-01,-6.368745358431959769e-02,4.992830941587157734e-02,1.957751900943984491e-01,1.713200284543248478e-02,2.294312278833461269e-02,3.645016115602234263e-01,-9.035114502271572590e-02,-1.758779101707549919e-02,7.931654785914828976e-01,3.411018904593595136e-01,1.000000000000000000e+00,8.255722346613007800e-02,4.286101573907713513e-02,1.525574716468855729e-01,1.654236627239460689e-01,-1.815461430227214776e-02,-5.467182989848484026e-02,2.499186094829560223e-01,4.898604293482627936e-01,2.654748755085753475e-02,3.586903051497227768e-01,2.540172439777246827e-01,1.656768437642205660e-01,-1.588674056794972533e-02,-3.830279281170733546e-02,1.074074724903795464e-01,3.452266465194428480e-01,3.951409366279007990e-02,7.466606774424026927e-02,8.347401820248469273e-02,3.116938376858372634e-02,1.267255562457930140e-01,1.458716549430594429e-02,9.932399458913716839e-02,-9.368289833135873268e-02,1.795321597698913141e-01,8.616378833231949641e-02,8.066123748696142626e-02,4.400282888681537191e-02,2.681766481224215348e-01,-2.817766193808396089e-02,1.646392696535679823e-02,3.050018582391104127e-01,1.660430225975942364e-01,4.816683254461210928e-01,1.081110180230393236e-01,7.826264736534419009e-02,2.262267706328324052e-02,1.164507643780013646e-01,2.919699820773509480e-03,-1.550943187921708932e-01,8.473927210328288662e-02,1.930469093200941622e-01,2.667220892990065581e-02,2.642471738185238617e-01,1.491469562736931764e-01,1.277141780801284987e-01,6.743008356217268517e-02,1.047553876945870738e-01,3.679180419006192887e-02
1.469971597686235698e-01,2.788510425328937226e-01,2.178473254413945126e-01,8.456435318382845567e-01,-9.877604649022318772e-02,4.718715549890603045e-01,1.937354074350821631e-01,1.554512023096309425e-01,1.416501852267240402e-01,5.608106749236806410e-01,2.018642016660129879e-01,8.641476900865622257e-01,1.276597483398462241e-01,3.135977617792731764e-02,1.202109642113988741e-01,1.927682998340845555e-01,1.822176476509521914e-01,-2.253392005485515756e-02,8.255722346613007800e-02,1.000000000000000000e+00,3.149727484141556233e-01,1.949711564124146090e-01,4.001216611948187896e-01,2.341692928406707841e-01,9.803649172723201410e-02,2.672656557774595876e-01,2.265493490089938167e-01,5.057463136204611853e-01,2.823784439292547077e-01,2.886388981363648965e-01,-6.634950188080243616e-02,-1.226663790025766254e-01,2.063550228405065246e-01,2.900594596735162622e-01,1.830813066081515839e-01,2.101862531542232904e-01,2.161467932610700582e-01,8.421437024543230176e-01,-1.438936177104961356e-01,4.561424323339091091e-01,1.900280153922224713e-01,1.685115147621190079e-01,1.809566492684738515e-01,4.929789278367195937e-01,1.375893416364686594e-01,8.640840965014529029e-01,8.046117350692610914e-02,1.289903637331329261e-02,2.246948615790976544e-01,1.429350109746418684e-01,1.949804412800489051e-01,-5.784081116492198645e-03,7.762684288083850082e-02,8.800503944761260966e-01,3.076813262504862201e-01,1.805256331416786597e-01,3.499649703837106052e-01,3.109896572457254149e-01,1.326185262109818297e-01,1.982433284774857418e-01,2.210600842261754295e-01,4.748575216650285924e-01,1.614216056621929629e-01,2.629349699337478752e-01,-1.114161792046709093e-01,-1.105180932736094940e-01,2.146822108139726792e-01,1.524899245366400646e-01
1.794711230747102204e-01,2.743945075192192884e-01,1.672515562681882173e-01,2.999849705851900250e-01,-4.090268987443647364e-02,2.788336268816736241e-01,1.586045258700332361e-01,1.818289214298342837e-01,1.037864853347333360e-01,3.848065986281623552e-01,2.239271666005111794e-01,3.009099410010636633e-01,2.879254510709629566e-01,1.657759165234723719e-01,5.366750787009089141e-02,5.900918677124622480e-01,1.436681819214682687e-01,-8.975657054263914275e-03,4.286101573907713513e-02,3.149727484141556233e-01,1.000000000000000000e+00,2.923116716148119743e-01,7.354177674630604233e-01,2.183615928663678596e-01,1.784964399905217547e-01,1.773759252394066788e-01,3.577749724067590398e-01,4.047679731128162595e-01,3.673491557664833596e-01,4.241223964624247778e-01,4.953928441960340351e-02,-3.041555145593772755e-03,3.237069056192419247e-01,4.963133672196738400e-01,2.430750563553180643e-01,2.175674956658766313e-01,7.563832347984962567e-02,3.189297754399230689e-01,-4.229291292984654199e-02,2.744988110757435318e-01,9.214147162616033448e-02,2.233296909513073358e-01,1.392370982381518629e-01,3.290359618921783191e-01,1.768775379200364373e-01,3.178880576910828593e-01,2.475248613407380338e-01,1.577117798065797993e-01,6.754170645256427075e-02,5.401444780810120694e-01,1.882564140301707656e-01,-3.000789584210609637e-02,6.376151341118514726e-02,3.374292759214114201e-01,8.289754925662569107e-01,2.519799664466441658e-01,7.686322993131536885e-01,2.034344339799829537e-01,1.434489258625598895e-01,8.754666137081339172e-02,3.153543317183650219e-01,3.998070368067760949e-01,3.418373980745974539e-01,4.253821281723188519e-01,-3.321438415737907983e-03,-2.043810867247041266e-02,2.702463569830139134e-01,3.722907477130261711e-01
2.641582937435938416e-01,2.110168080858129125e-01,2.882773320867041411e-01,1.763167243806376683e-01,-6.394820772307846513e-02,2.162203457683413432e-01,3.244787490185315204e-01,2.849425042790463825e-01,2.391220233063788558e-01,1.435731319259136163e-01,2.132764490044039007e-01,1.948517781215831357e-01,1.800793532208036507e-01,2.638236621743243471e-01,9.983590583892847092e-02,2.739865291441587192e-01,2.463140379079845066e-01,1.978966180599765756e-01,1.525574716468855729e-01,1.949711564124146090e-01,2.923116716148119743e-01,1.000000000000000000e+00,3.425095437807750831e-01,2.830419706583688910e-01,1.178423963230482291e-01,3.673076868029990227e-01,2.849554718590236457e-01,3.554959547100272066e-01,2.911564145513980684e-01,4.896587621370080967e-01,7.350032013459996405e-02,-5.920430193428033450e-02,1.879835407651622159e-01,3.297679252241141334e-01,1.629729182119377395e-01,1.686745497075301525e-01,2.162918265644308280e-01,1.856169550395650458e-01,-5.329178304159632590e-02,1.925787901132892943e-01,2.713636759051149538e-01,2.095527286505441400e-01,2.265003212569647595e-01,1.729398758550965975e-01,1.920404669875921677e-01,2.002198074766126656e-01,1.066997224034709202e-01,2.206231248683757085e-01,9.095093816878903337e-02,2.716625867291534990e-01,2.272030217110497519e-01,8.284171444437052334e-02,1.514975698125612946e-01,1.921542980454691574e-01,2.446458659963227922e-01,3.432856669666887739e-01,3.200350425162570289e-01,3.289602286300537526e-01,6.476141724548752088e-02,2.280417581343902877e-01,2.929397688775586817e-01,2.671953848838709011e-01,2.685892146730629593e-01,3.601953242721397386e-01,6.603460032034212668e-02,-4.073091719951790757e-02,1.652450373559964103e-01,2.630096589089399584e-01
1.581502790875323472e-01,4.152308133693070613e-01,2.152984780790213326e-01,4.097098230758915438e-01,-1.767028011522927752e-02,4.539236447873218339e-01,1.203902820831896647e-01,2.935347438863674108e-01,1.477804409413668429e-03,4.361183766831482345e-01,3.093582887281677851e-01,4.153789324280108830e-01,1.647050721175337962e-01,8.739340159928513097e-02,5.010150718751955196e-02,5.546925561708019314e-01,3.017314216844834696e-01,-1.686436760412076546e-02,1.654236627239460689e-01,4.001216611948187896e-01,7.354177674630604233e-01,3.425095437807750831e-01,1.000000000000000000e+00,1.556858056320443995e-01,1.226152826277073921e-01,3.369028668740995380e-01,4.361495533824226167e-01,6.101746089586641553e-01,4.241755003388812950e-01,5.938791003449180872e-01,-2.647150605710573909e-02,-5.821688807815507405e-02,3.826717602233539184e-01,5.754133680390980388e-01,2.476605453688485170e-01,3.400573297291374364e-01,1.678845143845908161e-01,4.137398257115421085e-01,-3.852255908350655372e-02,4.037131533895199076e-01,1.013798476421704092e-01,3.516391094658000149e-01,2.725635921389485058e-02,4.491165922022794521e-01,3.086204365251855042e-01,4.143776969665159404e-01,5.689891355488036623e-02,5.633765951744526546e-02,1.138694826160724233e-01,5.464307548831938144e-01,3.937924436788783900e-01,-4.912592462124185100e-02,1.972716566197995069e-01,4.550294040132124018e-01,6.723535997568531597e-01,3.592661145279527068e-01,8.321825339152396639e-01,2.041268381150614375e-01,8.429112098027755073e-02,2.099739935864446128e-01,3.672267185649841781e-01,5.674193215288757530e-01,3.138263960043054523e-01,5.879164427969301165e-01,-6.830022814603943504e-02,-3.697032823331702911e-02,3.300748138875571058e-01,4.519189845123164906e-01
