1.000000000000000000e+00,-3.345405362457405316e-03,1.866863812369996822e-01,9.580228497381579333e-02,6.892891227405642876e-03,1.158316451767218841e-01,1.917985164950295474e-01,4.184943335914011880e-02,-2.706095001387784013e-02,7.862858102606283539e-02,-5.276159224182088575e-02,8.612945571198539485e-02,2.071262365787230122e-02,4.244147536262343201e-01,-5.629798236847958354e-02,1.701094483990188422e-01,3.035538002535333457e-01,1.086599569685294114e-01,3.463469532845347976e-01,1.662129897354298891e-02,1.104926073677078846e-01,-4.978438290843193240e-03,7.888469682133872340e-02,1.301818094098194656e-01,-1.015865367191375740e-01,-6.448937143157217056e-02,2.051950650272812982e-01,4.830614973759838390e-04,5.271387676538359379e-01,2.177183416421399897e-01,3.460074193989010061e-02,2.756525712546932863e-02,3.792777205242567340e-02,2.370284930826875927e-02,4.389630850577367904e-01,5.900031842942137124e-03,2.156741632276393261e-01,1.202456319262425605e-01,5.802323807905956921e-02,1.000769223625596338e-01,2.846406602742890257e-01,1.122953173572268648e-01,1.412606263943681079e-02,6.321962282180440540e-02,-8.490972711979298537e-02,1.030162426723698899e-01,-7.087940749815886676e-02,3.415462640855094212e-01,-7.506107435442480047e-02,7.139124242019762034e-02,1.729917556964909731e-01,1.869443041440196629e-01,2.525257878457320415e-01,9.764972936621672817e-02,1.147062565929977823e-01,8.295721812053872754e-03,9.965109942512263841e-02,1.329922547712508729e-01,-1.794582596632064986e-01,1.354998724509993806e-02,2.375850682700908212e-01,5.990831456032477687e-02,2.723080686313694154e-01,1.197693712556588408e-01,6.053979153142817482e-02,1.146060055713709475e-01,-3.851073500649934006e-02,6.901184170464644274e-02
-3.345405362457405316e-03,1.000000000000000000e+00,-1.100129918957250402e-01,2.744943909095702850e-01,-2.423541501776551796e-02,-5.889765384756616255e-03,-1.932077712665777325e-01,2.404396246410578017e-02,-9.991655580313404950e-02,3.883465570832701080e-02,1.238928136975192829e-01,2.208643309780519703e-01,-1.196263591029039786e-01,-1.957800660902739853e-01,-5.976308170231916378e-02,7.528768614410363824e-02,3.008350896701028621e-01,-2.548554712515689880e-01,2.586420774508493836e-01,1.729700757585918847e-01,2.286180948673599556e-01,1.843278040320956157e-01,3.998725142093862428e-01,1.190068253522273689e-01,9.460131870140695703e-03,2.554456080303924570e-01,2.552049017896628191e-01,2.649610525384102355e-01,6.156924914484374067e-02,2.974750449931102825e-01,-1.638055998587141793e-01,-1.795736195764071003e-03,1.042090190823172502e-01,3.602913997246492417e-01,1.277727360600866557e-01,3.497945183319725038e-01,-3.007611288818543352e-02,2.283068332842168313e-01,2.346427973307299922e-02,1.167823432478690138e-02,-1.770844796938829957e-01,-9.979515595787337434e-02,-8.791954388011744004e-02,4.592309455683427077e-02,-1.365546378592773502e-01,1.795335927294715583e-01,-2.458369616823128934e-01,-2.354742997384695335e-01,1.570380679196808904e-02,8.351881977099713528e-02,2.134042417025810989e-01,-3.458800467734613471e-01,3.468330600580576961e-01,2.000400947630770754e-01,2.056424685211597769e-01,2.180844126084533208e-01,3.844842915040023734e-01,1.018636325357466510e-01,-1.880807438568704321e-03,1.217568523148832016e-01,1.294893455296711460e-01,2.660124471672689617e-01,1.052965404753223588e-01,4.141876777032316159e-01,-3.056299572604636444e-02,6.316434824697463209e-03,6.999880529510216221e-02,3.538213535981067359e-01
1.866863812369996822e-01,-1.100129918957250402e-01,1.000000000000000000e+00,1.240234348753103122e-01,1.396500572099725335e-01,2.086280137782350608e-01,7.453633123404475036e-01,5.631200328538250588e-01,1.698643692216308398e-01,2.584343410131509922e-01,1.410568048826840726e-01,1.475290973255233284e-01,-2.356124893950826971e-02,5.631001668433042173e-01,2.099989145210773012e-01,1.299763398278127591e-01,3.161028680455844619e-01,4.692901805334142029e-01,6.970844609065886266e-02,1.697760406417501977e-01,1.600525944541731083e-01,2.357571935014076692e-01,1.568347056647409477e-01,2.797117477936109653e-01,-8.584880745466112739e-02,4.781220369053952868e-01,3.834026862811658609e-01,2.717886301663332560e-01,4.529554296217775528e-02,4.450478084665466239e-01,-4.489456078315768456e-02,4.597589257100630211e-02,1.232786308364282601e-01,4.829107903967358451e-02,8.037009799600509929e-02,-7.803121737351016718e-02,6.644668547292811311e-01,1.096510353657968589e-01,1.015190821297470847e-01,2.382244483168804716e-01,5.825534819616594584e-01,4.210363438733846775e-01,2.366033242018227012e-01,2.702535356810666367e-01,3.362817922415397009e-01,1.952292919353963985e-01,3.593638599863190758e-02,4.173955738676868310e-01,1.448167135581971410e-01,1.262305277710812912e-01,3.929404059802416027e-01,4.125859069175045746e-01,7.787369391177657862e-02,2.066173413954431881e-01,2.179640946495206566e-01,5.102016164867055614e-02,1.626357362536588469e-01,2.558831298498012718e-01,-9.035558064849430471e-02,4.453081858376501390e-01,1.840791676775075936e-01,2.431849264018471624e-01,2.102637408552188447e-01,1.809915569463775853e-01,-1.519357960413647846e-01,2.363338416436822943e-03,1.080457800058428480e-01,4.937369142455496490e-02
9.580228497381579333e-02,2.744943909095702850e-01,1.240234348753103122e-01,1.000000000000000000e+00,-4.095128981123844630e-02,1.431556897298430775e-01,1.058193835720855347e-01,2.151268417767932539e-01,1.034086361754295476e-02,4.404936914586012886e-01,6.733560913407750370e-02,7.156223230785568878e-01,-1.409138099691740198e-01,-1.230079140608378134e-02,-2.180938777633728565e-03,1.360539400292963275e-01,3.278003142705813722e-01,-1.693428357739358847e-01,2.531956862351684157e-01,7.065059150826764611e-01,2.687881963372830141e-01,2.424801880566337942e-01,3.667455196051093713e-01,2.873389023730110736e-01,-5.178550956457534521e-02,3.404113950642264630e-01,2.812136509839949228e-01,4.938003975428705283e-01,2.243675690545253020e-03,3.255401353649744478e-01,-1.903722591595050917e-01,-1.036871117948141019e-01,1.793481319650339356e-01,3.093588681719319777e-01,2.448548155613685939e-01,3.138610989183450717e-01,2.517778514048910621e-01,8.170930943941023816e-01,5.599522145071112594e-02,1.758756266438527005e-01,2.984896151884628215e-02,8.368724257938734735e-04,8.936891079928786785e-02,4.058384922077669654e-01,-9.073672279055659817e-02,6.760329643711608938e-01,-2.361546655887725998e-01,-1.305677481154094155e-01,9.021313088390454926e-02,1.642794327911816787e-01,3.315265596926980640e-01,-1.996716906997022256e-01,3.957171603072860977e-01,7.273267176899969044e-01,3.132771520797955622e-01,2.551890681674728323e-01,4.751180402999656271e-01,2.889735321002697699e-01,-3.359880940185816511e-02,2.966473360091166911e-01,1.803488212222822962e-01,5.124890785401815529e-01,9.999526536277510147e-02,4.724380680330374505e-01,-3.313214201917697582e-02,-4.708390038597668609e-02,1.726958325329953914e-01,3.672946857912806062e-01
6.892891227405642876e-03,-2.423541501776551796e-02,1.396500572099725335e-01,-4.095128981123844630e-02,1.000000000000000000e+00,1.369727091340258718e-01,1.195478006104071372e-01,1.205186858103005493e-01,3.920000020447651778e-02,6.121147390556129497e-02,1.260885973418550410e-01,-1.195290879007617803e-02,6.247273663955624223e-02,1.287496498398934264e-01,1.125364044343329373e-01,-3.215962826819626641e-02,8.452055338217620561e-02,1.677556304053718916e-01,5.523857522523449581e-02,1.972331646928617357e-02,-6.758199424151763168e-02,9.998928077926520774e-02,-1.518529292469575180e-02,3.147242194034351181e-02,4.076463449763627171e-03,1.018033398862380340e-01,4.821139856432272996e-02,4.004382798591958614e-02,-2.941111370305312181e-02,7.354873680026902116e-02,6.495149853021069120e-02,1.582718075396070401e-01,-2.173461276572407827e-02,-1.253547180573458958e-02,-2.935615860251412912e-02,1.913007574068893019e-02,3.919473691454632841e-02,-2.053544492297199736e-02,1.140385290088438558e-01,6.811693811968853873e-02,6.980079194249338981e-02,1.217272905248561327e-01,6.741507412060533666e-02,8.994080375225549373e-02,1.544780505918695590e-01,4.482544801112825147e-03,8.078781455660623279e-02,5.301032874837310199e-02,4.823609074880708114e-02,-3.827161559157719883e-02,7.399362023793253085e-02,9.482958052501866408e-02,1.490408547936422287e-02,-3.137411824697722111e-03,-5.455990592102139686e-02,3.911388421276938004e-02,-4.849192268686345481e-02,1.062264459120305579e-02,2.979437170466235976e-02,6.568107755096211364e-03,-6.129265864050524766e-03,1.061031550185499717e-02,3.181943990080726703e-02,-2.127218314193450501e-03,-1.630428484180725113e-02,4.852681686191359645e-02,4.517588618248474797e-02,-1.388132392984457383e-02
1.158316451767218841e-01,-5.889765384756616255e-03,2.086280137782350608e-01,1.431556897298430775e-01,1.369727091340258718e-01,1.000000000000000000e+00,2.180186800796439506e-01,2.536028738090033152e-01,1.304756832413473955e-01,2.958058097874237680e-01,3.459688993684296998e-02,3.360861490979548116e-01,7.881939279228487860e-02,6.685044502055699500e-02,2.735669017935496439e-01,1.068742312231550085e-01,-1.592113459719534524e-02,1.470710508816075457e-02,-7.143402665381752559e-02,2.086369325287007748e-01,1.531068322820069993e-01,2.304068987795816412e-02,1.703542742405989296e-01,1.961953769045141904e-01,2.055955118797218525e-02,8.364316396078490257e-02,1.651768325472395549e-01,4.509007347563522283e-01,1.080910832674056160e-01,8.130647384730665950e-02,6.645990297926190893e-02,7.187387631537990595e-02,1.616770983759650490e-02,3.047348628209428992e-02,1.611629486894952945e-01,5.436623598829443821e-02,2.730915968252241588e-01,1.366412390298140933e-01,1.724929154682112442e-01,5.520050812453978217e-01,1.961858030655097007e-01,2.045751469879797113e-01,8.824922730666490134e-02,3.663554345556911396e-01,4.986693182063901136e-02,3.163738216364452294e-01,5.923745736824528874e-02,1.016631126536553797e-01,2.407201321736416599e-01,1.303904948827239452e-01,-1.094208674287474106e-02,2.440538377133126546e-02,-2.602290129051255951e-02,1.204282489437563941e-01,1.872503490302855622e-01,4.012479510450737454e-03,1.628621972897263681e-01,2.051055106009952445e-01,4.218032650933287858e-02,6.328898524881929055e-02,1.723440978468936402e-01,4.079352999156558579e-01,2.241265600418854143e-01,6.627132495463627926e-02,-9.197412824952729687e-03,1.480631644091866782e-02,1.277004426868179054e-01,4.805375596893377704e-02
1.917985164950295474e-01,-1.932077712665777325e-01,7.453633123404475036e-01,1.058193835720855347e-01,1.195478006104071372e-01,2.180186800796439506e-01,1.000000000000000000e+00,5.133243361526177440e-01,3.545417588394746966e-01,2.512015715977398700e-01,7.131040565017598976e-02,1.415345458457116790e-01,1.375947101071618717e-01,6.607905442185624256e-01,3.107472202858281296e-01,9.304152438355384191e-02,8.310711680953385139e-02,4.244565778814651802e-01,-7.781318438406006899e-02,1.355368656401073346e-01,1.056090265289274521e-01,2.377662495994550540e-01,-2.547259324139023937e-02,5.066410376632372037e-01,4.180128166213150850e-03,2.775630696176637491e-01,1.957789717771178384e-01,2.445994936929967722e-01,5.039733068833496948e-02,3.284625326639578624e-01,9.861233101418589997e-02,5.676610860602594039e-02,9.401458242692056766e-02,-1.033427572930485649e-01,6.492484267976789125e-02,-1.323622039734878297e-01,6.886983357178290133e-01,9.668263648631038321e-02,1.008451771666360880e-01,2.766285366718387317e-01,7.878726209090887167e-01,4.837997676340737296e-01,4.289342740067652593e-01,2.640652823300175811e-01,3.543188740416606808e-01,1.845678615659962774e-01,2.464789658345570011e-01,5.670485633904510658e-01,2.358272227586810377e-01,7.687036165937409515e-02,2.586166171233524325e-01,4.824818870848263108e-01,-3.700637078279928743e-02,1.970746548088563310e-01,1.905190085265143218e-01,7.774659801817282445e-02,3.219827401965283387e-02,4.902111602235731391e-01,1.358689339745442794e-02,4.286173645726592540e-01,2.129808511712019403e-01,2.574669553679668765e-01,1.961203135877919723e-01,1.119152043403482399e-01,-4.260371934090045193e-02,1.066730077252174037e-02,8.981671945844403593e-02,-9.097961169332856660e-03
4.184943335914011880e-02,2.404396246410578017e-02,5.631200328538250588e-01,2.151268417767932539e-01,1.205186858103005493e-01,2.536028738090033152e-01,5.133243361526177440e-01,1.000000000000000000e+00,8.521208185253084655e-02,2.611100206931155077e-01,1.375866521610138449e-01,2.002839683449213204e-01,-7.273396902069567682e-02,3.594778284072834840e-01,1.456155374924373858e-01,4.826875008445657284e-02,2.773457507205910888e-01,3.472465078678154127e-01,1.190816685267749031e-01,1.873890649757512239e-01,1.637349547873171995e-01,1.845735711856171246e-01,2.216214357033458315e-01,2.297710096273512248e-01,-8.122974307466820920e-02,4.184782276283404712e-01,2.177176948496992726e-01,4.328895003276513886e-01,-7.493996131166598407e-02,4.517998744541703027e-01,-1.304824308768010865e-01,6.350255667378085223e-02,5.485554857551062924e-02,1.331219054583797912e-01,9.244172602798823857e-02,2.719250033230165894e-03,5.265792055694444862e-01,1.861839261613761898e-01,1.445595827616368290e-01,2.465675069190889079e-01,3.983145930215925556e-01,5.027009393498393930e-01,1.921953015659408626e-01,2.721388027688315114e-01,2.747820877759725722e-01,2.405032211901639294e-01,-4.877431614228592421e-02,2.471441026309206812e-01,1.550475703714322417e-01,1.141233089825464952e-01,3.765164407637882626e-01,2.417169713716286472e-01,1.976020851944270684e-01,2.037440280672510873e-01,2.383254978502847010e-01,5.681963932426714603e-02,2.617447425800247807e-01,2.256242310283198826e-01,-1.239327673566593541e-01,3.569356345871668168e-01,4.951062790536819164e-02,4.082116430808513940e-01,1.153879716118926396e-01,3.346834722542312845e-01,-1.699638814688062827e-01,-1.036566871224097429e-02,8.366249337047129697e-02,1.247411216960974539e-01
-2.706095001387784013e-02,-9.991655580313404950e-02,1.698643692216308398e-01,1.034086361754295476e-02,3.920000020447651778e-02,1.304756832413473955e-01,3.545417588394746966e-01,8.521208185253084655e-02,1.000000000000000000e+00,8.332366673264222923e-02,2.499549089866569263e-02,5.426186126160231771e-02,2.316779101333739099e-01,1.259710926744251613e-01,3.045444906622359338e-01,2.313261338395480524e-02,-1.691915049935748816e-01,-2.623582403104796068e-02,-1.439681630385980793e-01,5.600484372103973346e-02,9.497942458689890427e-03,1.607791508608269748e-01,-8.305549846452180140e-02,4.280093464764511690e-01,2.235816162753118674e-01,4.853997846843465663e-02,4.265281194463167724e-02,3.008195621947603107e-02,-4.871641903409208718e-02,-1.006378518423087058e-02,2.787829844352813224e-01,2.646469914180368116e-02,2.142465886162606137e-02,-9.351078764447709468e-02,-1.572727693611845542e-02,-2.951972462621633292e-02,1.892628637287710747e-01,-1.312742904510859863e-02,8.956567458794709169e-02,1.437995884754021125e-01,2.759927526257072716e-01,1.265309103428935433e-01,3.565531186961852228e-01,1.064460334452175388e-01,1.026427601559065789e-01,3.757495688278048029e-02,2.705273968104435212e-01,1.670369154507465870e-01,2.258407106534917330e-01,1.274755377180063036e-02,-1.066581873127726426e-01,4.058901160791878598e-02,-1.732351717560307036e-01,8.797528758501917123e-02,2.606794022935647256e-02,9.737567432161479963e-02,-8.133100559202149915e-02,3.763560990771225301e-01,2.114066524879633369e-01,1.190940831834588903e-01,1.160416007586618919e-01,3.279927357183424347e-02,5.164245850097624185e-02,-3.709603277010069255e-02,1.127282645881005074e-01,2.626664862928175526e-02,3.327061081878711357e-02,-4.951330360849863499e-02
7.862858102606283539e-02,3.883465570832701080e-02,2.584343410131509922e-01,4.404936914586012886e-01,6.121147390556129497e-02,2.958058097874237680e-01,2.512015715977398700e-01,2.611100206931155077e-01,8.332366673264222923e-02,1.000000000000000000e+00,1.275870190097610490e-01,4.151434547151637844e-01,1.441031416470794045e-02,1.806328123576623756e-01,-1.615794431474169152e-03,2.888720805450078685e-02,1.501380229426983459e-01,1.415965712018619760e-01,2.663820714862661157e-02,5.659377935958099792e-01,1.254757071926787815e-01,2.044760649599911551e-01,1.401751287106616783e-01,1.553146251792247856e-01,-6.333892047873819486e-02,2.632791017780538589e-01,1.300549376477038166e-01,2.989219664686184053e-01,1.637572085695538845e-02,1.692957682446857570e-01,-7.423715655626893228e-02,-6.475102380691188930e-02,1.861394237629730164e-01,3.621939660990169257e-02,1.449796153863155135e-01,6.772760128451986439e-02,3.413956565543567190e-01,3.904581265162195280e-01,9.044694418415148707e-02,1.885282189357180005e-01,1.647575681755416299e-01,1.360893350464055795e-01,1.705716343562663773e-01,8.562241076679664165e-01,1.755561647025523087e-01,4.460375908879574136e-01,4.565171830783656959e-02,1.058188815444039976e-01,-4.977637357152301517e-02,5.967241683623897980e-02,2.056916077046039015e-01,1.220509193952238197e-01,1.455260416159404602e-01,5.709470592751170193e-01,1.947104630181145657e-01,1.103266297530369200e-01,2.255183708547422172e-01,1.329070527375997013e-01,1.489742329394901088e-02,2.722206389228182810e-01,8.748718997197471592e-02,2.351611187843357098e-01,1.598181795204085542e-01,1.572075263617185026e-01,-1.480516046796734320e-01,-3.745246329140898556e-02,1.695588377656636336e-01,9.594755520350807532e-02
-5.276159224182088575e-02,1.238928136975192829e-01,1.410568048826840726e-01,6.733560913407750370e-02,1.260885973418550410e-01,3.459688993684296998e-02,7.131040565017598976e-02,1.375866521610138449e-01,2.499549089866569263e-02,1.275870190097610490e-01,1.000000000000000000e+00,9.265929760030129636e-02,7.795421618676991182e-02,1.272320413582017640e-01,4.264042219736383088e-02,-6.541061589502075724e-02,2.050541624494701953e-01,1.733972987426290746e-01,1.597467500885820513e-01,8.919811312835382311e-02,-5.012031929194581126e-02,2.234563168135302869e-01,4.897776184385008863e-02,6.083799544517652647e-02,8.025961002941149613e-02,2.961242462159036637e-01,1.517954066938170254e-01,6.537284338193702360e-02,-2.648687502095812066e-02,2.201885035886764486e-01,-2.152483531283859788e-02,5.885345056963756788e-02,2.408329955742930309e-02,1.546975086077280181e-01,-4.919751516883406894e-02,1.389812273139646170e-01,4.348085892941834507e-02,4.152014264653652170e-02,6.882814507006748683e-02,-5.665200296923320793e-04,1.400216334011405647e-02,8.836577449945913487e-02,2.530177391163235690e-03,1.523918152903234180e-01,2.177826036098158002e-01,4.226665328769630553e-02,1.922753110323137046e-02,-1.417224573415693835e-02,1.248276964230397162e-02,-5.137999960073372924e-02,1.628858871735441582e-01,1.452241376205616608e-02,1.376035377647632230e-01,6.743579290791053282e-02,-2.397870367895762328e-02,1.401076857426204747e-01,2.443002968189265933e-02,3.472607905462401362e-02,8.443667161939948096e-02,1.379451414554488664e-01,-3.558318532191151462e-02,1.800261654411870055e-02,3.282425177626355911e-02,1.237704903615719360e-01,-8.112618621719949741e-02,8.343149648210073516e-03,5.593028214896181294e-02,6.136108723317064417e-02
8.612945571198539485e-02,2.208643309780519703e-01,1.475290973255233284e-01,7.156223230785568878e-01,-1.195290879007617803e-02,3.360861490979548116e-01,1.415345458457116790e-01,2.002839683449213204e-01,5.426186126160231771e-02,4.151434547151637844e-01,9.265929760030129636e-02,1.000000000000000000e+00,-1.152585550338803971e-01,-3.084040550115725934e-02,1.005754856284501869e-01,1.547217333352941537e-01,2.795042283817181228e-01,-1.921281663587834365e-01,2.122698340598672684e-01,7.424084778275110708e-01,2.566645806770245786e-01,2.584984900454189161e-01,3.635813586221230409e-01,3.162726516411880628e-01,1.804999801661211906e-02,3.645234018154901445e-01,3.218966968375327475e-01,5.509599047512340197e-01,4.191027348153516380e-02,3.245941432926582326e-01,-1.694743235042014406e-01,-6.098116124554479184e-02,1.837536488675620694e-01,2.613637441520355598e-01,2.624640712770949791e-01,3.186393805480275954e-01,2.640399144844971513e-01,6.719218108883268092e-01,6.006848319681969139e-02,3.510563079261132535e-01,4.484946778822841706e-02,2.581374415662733720e-04,5.945488125724597561e-02,4.299168689020373968e-01,-3.425657062390209673e-02,7.552195374161478902e-01,-1.903219906183004351e-01,-1.134684972814754833e-01,1.330269050337865855e-01,1.888923675140972702e-01,2.652277223681706597e-01,-2.242918350418262596e-01,3.389419663436603058e-01,6.834577861924393538e-01,2.893587069494354402e-01,2.470500946651046636e-01,4.042542982364169535e-01,3.218951084904114190e-01,-9.761437980596782138e-03,3.035770398818254945e-01,2.266183658475746376e-01,5.624203008619326205e-01,1.509744669723946664e-01,4.247547978848391081e-01,-1.791554670756993067e-02,-6.068807313938435338e-02,1.762358289667104450e-01,3.233631351607351712e-01
2.071262365787230122e-02,-1.196263591029039786e-01,-2.356124893950826971e-02,-1.409138099691740198e-01,6.247273663955624223e-02,7.881939279228487860e-02,1.375947101071618717e-01,-7.273396902069567682e-02,2.316779101333739099e-01,1.441031416470794045e-02,7.795421618676991182e-02,-1.152585550338803971e-01,1.000000000000000000e+00,1.080926978075705813e-01,1.326140142215819218e-01,2.197570481603180678e-02,-2.101041074997141433e-01,4.888425748204990734e-02,-1.503922907928742780e-01,-1.405613227151261135e-01,-6.754314185321477759e-02,-6.717486314010408244e-02,-1.289098886282754597e-01,8.603734899252467316e-02,2.290329150482993403e-01,-2.279224794493395767e-01,-9.142857359229464298e-02,-1.149132149627856980e-01,1.018368122608487442e-01,-1.291291424196389925e-01,3.789437558799342853e-01,5.050553164336162026e-02,-6.482541807517386290e-02,-8.065247082580620508e-02,-5.448120116047772132e-02,-1.017027535631990776e-01,-8.640447446298396561e-02,-1.482462012119666883e-01,7.076405301080944399e-02,2.492850911880059930e-02,9.841759169909224114e-02,5.308074027537006828e-02,7.477780149359103401e-02,8.146517222781600454e-02,1.062785987888898581e-02,-1.784872713654485632e-01,3.822171920978119086e-01,1.132124831039909435e-01,9.240963266087545702e-02,3.816385222802910759e-02,-2.421523927064004045e-01,5.385723754353437948e-02,-2.862394119965163131e-01,-1.348234112890040193e-01,-3.479815450146749034e-02,-7.349959199101964435e-02,-1.641903681088440758e-01,7.658003115475815747e-02,2.069144854883747109e-01,-2.411904159450860841e-01,-7.342738566755720175e-02,-1.074475694396959946e-01,7.069339115563449960e-02,-1.623032171892627440e-01,1.809727524360663642e-01,3.771267710328860684e-02,1.317209188821342851e-03,-1.089696147577678270e-01
4.244147536262343201e-01,-1.957800660902739853e-01,5.631001668433042173e-01,-1.230079140608378134e-02,1.287496498398934264e-01,6.685044502055699500e-02,6.607905442185624256e-01,3.594778284072834840e-01,1.259710926744251613e-01,1.806328123576623756e-01,1.272320413582017640e-01,-3.084040550115725934e-02,1.080926978075705813e-01,1.000000000000000000e+00,9.633068279326278960e-02,1.024927339134065196e-01,2.187456487031448071e-01,6.013081317797003278e-01,1.362459994649407868e-01,-1.995263872151789922e-02,3.333658317960491724e-02,1.705557040348382181e-01,-9.320615853058897282e-02,1.926757171323378870e-01,-8.883807705941994259e-02,8.190418252141314082e-02,1.322474254693811746e-01,2.085551048039433267e-02,2.767709597081095541e-01,3.259386528940306227e-01,5.060082768725662761e-02,1.168054439813228512e-01,1.078327506557222176e-01,-5.820292792665366505e-02,1.201179349971520649e-01,-1.620268563669058082e-01,4.517980893169593615e-01,-6.831690375285481148e-03,9.668030167991223389e-02,7.182518571930225637e-02,6.410443407168269214e-01,3.982498183147618609e-01,2.084324670059322648e-01,1.440710981223161657e-01,2.916844182624407922e-01,3.372555107482899661e-02,1.499244774329422381e-01,6.462458002566703330e-01,1.975305729049211048e-02,1.301200730946283808e-02,2.675071766613457691e-01,5.946438816862692489e-01,1.256143636146423437e-01,6.938240107865355222e-02,8.066439372967006138e-02,4.776537302037402871e-02,-5.057904095974636444e-02,2.028270295590664241e-01,-1.199938840357250708e-01,2.125922212381106957e-01,1.659010661608473214e-01,4.445457622908036144e-02,2.310691094155434000e-01,8.960409510317582371e-02,-8.017642981085208037e-03,1.084496383987577361e-01,4.707605407449382690e-02,-3.647056566510166464e-02
-5.629798236847958354e-02,-5.976308170231916378e-02,2.099989145210773012e-01,-2.180938777633728565e-03,1.125364044343329373e-01,2.735669017935496439e-01,3.107472202858281296e-01,1.456155374924373858e-01,3.045444906622359338e-01,-1.615794431474169152e-03,4.264042219736383088e-02,1.005754856284501869e-01,1.326140142215819218e-01,9.633068279326278960e-02,1.000000000000000000e+00,6.693471462230421443e-02,-8.377823231845002439e-02,1.649277027121626507e-02,-9.037214788825172207e-02,2.192224185179547299e-02,4.325773525677267112e-02,7.111151224401048021e-02,2.564413241828793558e-02,2.803907098192420788e-01,1.311783884580178250e-01,7.097351514481065049e-02,1.379878971186572767e-01,1.591119890818040450e-01,-1.630978797231403751e-02,4.037746074908130783e-02,1.825873693579594670e-01,9.527890655287361843e-02,1.268902969489230960e-02,-2.675826586667538060e-02,-5.343895586053099694e-02,3.762466871941075666e-03,1.661414305533874258e-01,-1.787715378891579013e-02,1.041246188891891133e-01,2.235396001069355765e-01,2.603261633402633168e-01,1.754931652322671010e-01,1.883145294992266405e-01,5.789033705358188897e-02,7.654315875418717108e-02,7.004183192939701652e-02,1.943231029628569861e-01,8.916844939462800768e-02,3.089500018863951536e-01,5.893983212046299131e-02,-1.611430710474374972e-02,5.629944235381927758e-02,-1.202465268549219729e-01,-1.082560984589680912e-02,6.542515902483106438e-02,6.139776213068173089e-02,-1.090275814515042794e-03,2.770714758166240577e-01,9.630039830834846715e-02,7.723701951941816524e-02,1.246364698939747551e-01,1.442912860751135451e-01,6.925078319876992738e-02,-1.064466566217393481e-02,6.716584327694896661e-02,1.956694942722198363e-02,7.849369584879259398e-02,1.442854763077697743e-02
1.701094483990188422e-01,7.528768614410363824e-02,1.299763398278127591e-01,1.360539400292963275e-01,-3.215962826819626641e-02,1.068742312231550085e-01,9.304152438355384191e-02,4.826875008445657284e-02,2.313261338395480524e-02,2.888720805450078685e-02,-6.541061589502075724e-02,1.547217333352941537e-01,2.197570481603180678e-02,1.024927339134065196e-01,6.693471462230421443e-02,1.000000000000000000e+00,9.280547308089233394e-02,-1.971474426448930131e-02,2.141819911764451800e-02,4.160459550059122241e-02,3.811264480141425270e-01,3.415090702013502677e-02,3.281731269985594390e-01,7.684517594725860656e-02,-1.911678482715612262e-02,4.082643415239956691e-02,2.888610634700969904e-01,1.760959874133485870e-01,2.727324183910321831e-01,1.966546135034736853e-01,3.582310746888912184e-02,-3.810206942298511451e-02,2.045485152487869773e-01,1.620761900556823842e-01,2.436961244537086402e-01,8.968967317718795629e-02,9.799292844239881894e-02,1.434326108815272560e-01,1.418080605212796060e-02,1.577642684268714679e-01,1.158032316520680172e-01,3.188233846190132587e-02,1.178278202979513673e-03,2.076608141168194074e-02,-7.090683636926890798e-02,1.467555431185996462e-01,-2.409646034704992362e-02,1.215558331360726690e-01,4.656229637587029624e-02,3.746348826866997550e-01,1.178889390625041667e-01,5.540597087735918760e-03,-2.004791534685061109e-03,8.057451724459341325e-02,3.419355207671563868e-01,1.128040146574196545e-01,3.421128620098731754e-01,1.128823804470946573e-01,-6.317903688259127355e-03,9.802111400366109173e-02,2.001550886670658835e-01,2.221670286902295566e-01,2.892978713977092387e-01,1.968456944961672062e-01,3.277992805194743231e-02,6.315142608892121423e-02,1.232631056780876533e-01,2.070311991874478341e-01
3.035538002535333457e-01,3.008350896701028621e-01,3.161028680455844619e-01,3.278003142705813722e-01,8.452055338217620561e-02,-1.592113459719534524e-02,8.310711680953385139e-02,2.773457507205910888e-01,-1.691915049935748816e-01,1.501380229426983459e-01,2.050541624494701953e-01,2.795042283817181228e-01,-2.101041074997141433e-01,2.187456487031448071e-01,-8.377823231845002439e-02,9.280547308089233394e-02,1.000000000000000000e+00,1.440298620945322516e-01,6.604719420751561376e-01,2.957066828487447396e-01,1.810899865409038301e-01,2.269743861976160904e-01,4.286053521259799437e-01,1.080062008937874435e-01,-1.643181832849933965e-01,4.726257523655023607e-01,4.758936953243553258e-01,2.463346206842011443e-01,1.091399837770495873e-01,5.741619947663387791e-01,-2.767370706376973133e-01,1.350796813417214082e-02,8.611240317414603496e-02,3.882797732875021834e-01,2.290487113902086314e-01,2.839342016506352651e-01,2.272257736878992018e-01,3.374379761953301138e-01,8.702164832228739821e-02,-3.035445730126622166e-02,3.577383550306298399e-02,6.356051451536302854e-02,-8.264910244979242759e-02,1.541547177806252000e-01,3.500017592576761677e-02,3.055978323793805962e-01,-3.622779247980182915e-01,-4.647866927386873348e-02,-4.985646754312447054e-02,1.273427620664706605e-01,5.788316853129500394e-01,-8.370849943392136283e-02,6.461528607839571725e-01,3.472529090514555050e-01,1.731537226586679912e-01,1.734301047416840491e-01,4.092392474001688152e-01,6.701195715612869030e-02,-2.535169753983852470e-01,2.177780811497484759e-01,2.041664093879421438e-01,2.400730993998174967e-01,7.883824536132748306e-02,4.888486330648670886e-01,-1.147204331102892327e-01,-9.407048818749244937e-03,3.225122415451908003e-02,3.398258518944781148e-01
1.086599569685294114e-01,-2.548554712515689880e-01,4.692901805334142029e-01,-1.693428357739358847e-01,1.677556304053718916e-01,1.470710508816075457e-02,4.244565778814651802e-01,3.472465078678154127e-01,-2.623582403104796068e-02,1.415965712018619760e-01,1.733972987426290746e-01,-1.921281663587834365e-01,4.888425748204990734e-02,6.013081317797003278e-01,1.649277027121626507e-02,-1.971474426448930131e-02,1.440298620945322516e-01,1.000000000000000000e+00,8.432123861873684623e-02,-1.275886598627021529e-01,-1.431157035160407209e-01,8.206953854202787835e-02,-2.060302532843653611e-01,-1.613097887942515907e-01,-1.846653034033443608e-01,5.352480949569297236e-02,-1.774466610917589671e-02,-9.392768788141206415e-02,9.057611244657861813e-03,8.858465155830209936e-02,-7.123899985330222305e-03,1.223702349842967635e-01,7.238597916815730365e-03,-1.477597074181429548e-01,-9.066533057968374776e-02,-2.821051605246611693e-01,2.384159426626552836e-01,-1.543347528457960360e-01,1.299598342560947528e-01,-1.994456953856201323e-02,3.180570501593784627e-01,3.303595289430152349e-01,3.803041945662840456e-02,1.217764120850518134e-01,3.973207827490082833e-01,-1.332400280483274635e-01,1.066444416243385457e-01,3.593709914095375990e-01,-2.886479879006581192e-02,-4.616493486460795242e-02,1.353426081446605644e-01,5.845300398564398092e-01,-1.799830040713893547e-02,-1.013469101105649584e-01,-7.201434844807387547e-02,-9.810338169134524833e-02,-1.774733014479373538e-01,-1.493696598409926801e-01,-1.713623446533068528e-01,3.843925897985520090e-02,-1.629497841804508074e-01,-1.304602208623257542e-01,4.332221414577233642e-02,-1.474265006423772784e-01,-1.616449802669842895e-01,5.720044497810070766e-02,1.369506757860851354e-02,-2.048821540995000856e-01
3.463469532845347976e-01,2.586420774508493836e-01,6.970844609065886266e-02,2.531956862351684157e-01,5.523857522523449581e-02,-7.143402665381752559e-02,-7.781318438406006899e-02,1.190816685267749031e-01,-1.439681630385980793e-01,2.663820714862661157e-02,1.597467500885820513e-01,2.122698340598672684e-01,-1.503922907928742780e-01,1.362459994649407868e-01,-9.037214788825172207e-02,2.141819911764451800e-02,6.604719420751561376e-01,8.432123861873684623e-02,1.000000000000000000e+00,2.285064620926375023e-01,7.618729130591844756e-02,1.489883334638844592e-01,2.426927491690502314e-01,9.786041012168007758e-02,-1.367780024947172490e-01,2.149347978905474521e-01,3.403910993934288198e-01,1.411048511260227512e-01,1.085820712401228405e-01,3.938185522398754967e-01,-1.722502900785380375e-01,5.541887769558651727e-02,5.499667064090183431e-03,2.969090681991878866e-01,1.637786840284989887e-01,2.289612526966995076e-01,1.522376502440216106e-02,2.854166087590458978e-01,1.020683885745609920e-01,-7.500842944199355433e-02,-8.415408539552247935e-02,1.230415944888480807e-02,-1.441865671179338726e-01,2.459316478839926670e-02,-5.709444414498830722e-02,2.481440857609171213e-01,-3.137436784433603187e-01,-8.958816426830662483e-02,-5.057474885794806946e-02,3.537229202058827376e-02,3.474771242869560961e-01,-1.284020852973182802e-01,6.635148714242300461e-01,2.727972346344613164e-01,2.589685194509054600e-02,1.301603989200844358e-01,2.342504337681433069e-01,5.509189418313640424e-02,-2.316850349195956615e-01,-3.211028852639603165e-02,1.458342132343933839e-01,1.268040322969108402e-01,-2.098151325356210906e-02,3.882126427673685543e-01,-2.773485649051989077e-02,3.958940397054409865e-02,-5.997680222878293277e-02,2.632310829558724419e-01
1.662129897354298891e-02,1.729700757585918847e-01,1.697760406417501977e-01,7.065059150826764611e-01,1.972331646928617357e-02,2.086369325287007748e-01,1.355368656401073346e-01,1.873890649757512239e-01,5.600484372103973346e-02,5.659377935958099792e-01,8.919811312835382311e-02,7.424084778275110708e-01,-1.405613227151261135e-01,-1.995263872151789922e-02,2.192224185179547299e-02,4.160459550059122241e-02,2.957066828487447396e-01,-1.275886598627021529e-01,2.285064620926375023e-01,1.000000000000000000e+00,2.023196425451598834e-01,2.609447223834980290e-01,2.990084375231125136e-01,2.430004638519407956e-01,1.796621437822137901e-02,3.886297896791723883e-01,2.611196548651937288e-01,3.815925626657596381e-01,-9.506958823772204692e-02,2.857910315572799731e-01,-1.549350616744986087e-01,-9.039304760139052486e-02,1.763186482297113278e-01,1.944567027093051792e-01,1.325124816021490404e-01,2.682423985859206939e-01,2.627257257659120215e-01,6.435284335017287249e-01,5.218821599422217988e-02,2.060528250632845948e-01,4.846734871221671306e-03,-3.923765845261624648e-03,1.165464068442643858e-01,5.392929690309259394e-01,2.709543640091462494e-02,6.961034005298444294e-01,-1.537609126274838145e-01,-1.010539257412713110e-01,2.318821992868212029e-02,7.896340521486973352e-02,2.558415830525093138e-01,-1.311681694103637996e-01,3.212611731283077643e-01,8.086705699077586518e-01,2.261847251341922438e-01,2.311284910263440850e-01,3.314667609321316766e-01,2.258545712332700739e-01,2.498946638090478178e-02,2.871227152838630725e-01,1.635524073895640307e-01,3.536111791426657103e-01,3.265485443649528141e-02,3.439544783906883785e-01,-4.036972696462957227e-02,-8.478755197946888367e-02,1.806054587048507853e-01,2.659029052308030106e-01
1.104926073677078846e-01,2.286180948673599556e-01,1.600525944541731083e-01,2.687881963372830141e-01,-6.758199424151763168e-02,1.531068322820069993e-01,1.056090265289274521e-01,1.637349547873171995e-01,9.497942458689890427e-03,1.254757071926787815e-01,-5.012031929194581126e-02,2.566645806770245786e-01,-6.754314185321477759e-02,3.333658317960491724e-02,4.325773525677267112e-02,3.811264480141425270e-01,1.810899865409038301e-01,-1.431157035160407209e-01,7.618729130591844756e-02,2.023196425451598834e-01,1.000000000000000000e+00,1.240555129011754465e-01,7.076663417554606150e-01,2.366816847868888352e-01,-7.212242583053400657e-02,2.499844298764288542e-01,4.277618299848894856e-01,4.341010978255405162e-01,2.419291620696775169e-01,4.444695265146844099e-01,-1.081636974434432991e-01,-7.518552005508151448e-02,3.161575560285190267e-01,3.756882627304165556e-01,2.908424130125571438e-01,2.358626076394606530e-01,2.560325869174627789e-01,2.895441715662107063e-01,3.060517159052397046e-02,2.482774803212975945e-01,1.403031413448089515e-01,8.050770591192149550e-02,6.094911376777194939e-02,6.423978872749565305e-02,-1.655893479537942359e-01,2.741061966166936648e-01,-1.572325644847145376e-01,1.481664645556170223e-01,7.793818500837955410e-02,3.654068803088094120e-01,2.544135320852251581e-01,-1.364838849436528778e-01,1.494066141152780858e-01,2.509004468187023273e-01,7.804685691806670933e-01,1.525725788142658634e-01,6.973082379164631250e-01,2.426008097132095198e-01,-6.202167500549143203e-02,2.529345012546084237e-01,3.482699773703838431e-01,4.498747752905559172e-01,3.515542870677665910e-01,4.849600392996770704e-01,-6.237948908363660783e-02,-8.194246345067140308e-03,2.492627161817748127e-01,4.397187974018021417e-01
-4.978438290843193240e-03,1.843278040320956157e-01,2.357571935014076692e-01,2.424801880566337942e-01,9.998928077926520774e-02,2.304068987795816412e-02,2.377662495994550540e-01,1.845735711856171246e-01,1.607791508608269748e-01,2.044760649599911551e-01,2.234563168135302869e-01,2.584984900454189161e-01,-6.717486314010408244e-02,1.705557040348382181e-01,7.111151224401048021e-02,3.415090702013502677e-02,2.269743861976160904e-01,8.206953854202787835e-02,1.489883334638844592e-01,2.609447223834980290e-01,1.240555129011754465e-01,1.000000000000000000e+00,1.725447489819976754e-01,3.803990222432626633e-01,4.538115370510667490e-02,4.335926721009452645e-01,2.323901757880238728e-01,2.146062656497157994e-01,1.147694178562093164e-03,3.503436211800161626e-01,-1.065082278686028949e-01,1.142568809545436645e-02,1.709335115756658863e-01,1.683264245943888460e-01,3.787499570605313420e-02,2.547501114264405508e-01,1.826663216097673959e-01,2.204680229627845600e-01,9.746608889216704097e-02,5.479172579472806753e-02,1.667305080423253649e-01,1.257234366632354050e-01,2.129109166594654878e-01,1.689050811466168700e-01,1.758056409138036291e-01,2.427836018940550122e-01,-5.689671560306945597e-02,2.621614371864714257e-02,2.463592277259071470e-02,4.606111967388233641e-02,2.720132952574658702e-01,-1.252146774922971483e-03,2.551370645463446607e-01,2.766871517662528590e-01,1.292626678992107869e-01,3.670126964983217444e-01,1.681851683325227276e-01,3.338742845345117893e-01,3.616929915828289571e-02,3.846142294094009872e-01,1.505295842950770124e-01,2.274580297221582281e-01,1.097128415141854912e-01,2.922520388867849150e-01,-6.144043293293329627e-02,-3.020789763505048880e-02,1.079863927949197278e-01,1.827846759586748415e-01
7.888469682133872340e-02,3.998725142093862428e-01,1.568347056647409477e-01,3.667455196051093713e-01,-1.518529292469575180e-02,1.703542742405989296e-01,-2.547259324139023937e-02,2.216214357033458315e-01,-8.305549846452180140e-02,1.401751287106616783e-01,4.897776184385008863e-02,3.635813586221230409e-01,-1.289098886282754597e-01,-9.320615853058897282e-02,2.564413241828793558e-02,3.281731269985594390e-01,4.286053521259799437e-01,-2.060302532843653611e-01,2.426927491690502314e-01,2.990084375231125136e-01,7.076663417554606150e-01,1.725447489819976754e-01,1.000000000000000000e+00,2.028828986445249949e-01,-4.313512501250153092e-02,3.981998899378301204e-01,5.426780935270324457e-01,5.471393762554347395e-01,1.932185835689701203e-01,5.669676837878657727e-01,-1.630429648630249140e-01,-5.010334019681857154e-02,2.541100667290120407e-01,5.421850316083638432e-01,3.214486824820431687e-01,3.786721319864461144e-01,2.012891806071172296e-01,3.678621498362706910e-01,-1.196177212731937842e-03,2.188243983345881660e-01,-1.533388479378921219e-02,2.303630093722810676e-02,-4.446593500695179141e-02,1.253705063291660204e-01,-1.886282248394504368e-01,3.352428330476195373e-01,-2.935351105467916000e-01,-6.213850864834881416e-02,7.695066435301357866e-02,3.608510802144384022e-01,3.714699463704462801e-01,-3.267494932679184672e-01,3.339768743648945382e-01,3.105450265236444074e-01,6.463611040091751248e-01,2.036199989515740660e-01,7.964488783966569008e-01,1.941291711046805035e-01,-7.800352664296453242e-02,2.113135291063545362e-01,3.313279042608520686e-01,5.329623179558173884e-01,2.900033363471634651e-01,6.308350460994378572e-01,-6.735743934899654506e-02,4.650055263638401201e-03,2.076295101956170397e-01,5.503213078531642433e-01
