1.000000000000000000e+00 2.574537870733314415e-01 6.953882144384619934e-01 2.053297800386627570e-01 1.576293686872108080e-01 6.650916247866365261e-01 5.869538533290191706e-01 6.309422097529879814e-01 3.198284107396495712e-01 4.412681406679104801e-01 2.985275134540972264e-01 3.483806135066497833e-01 2.675072908291530882e-01 7.430849260184829719e-01 3.616190575113766292e-01 5.292985153130526088e-01 6.536104683491685829e-01 4.409232868137029082e-01 5.791001501643899818e-01 1.414448602096067265e-01 6.841868489036648793e-01 3.464432464221097185e-01 7.449879720595291577e-01 4.635903518789284417e-01 2.469183413830210172e-01 4.199531250078423206e-01 6.903319618473894304e-01 5.404202913220745863e-01 1.027767199458362590e+00 7.993035296417960733e-01 1.837733413081476253e-01 1.962109254566108407e-01 4.568933574738697212e-01 5.129041407488532656e-01 8.315870565874072806e-01 1.984841996859092461e-01 5.666566882903742997e-01 1.768475487232099019e-01 2.076681462751320262e-01 6.276166302949377496e-01 5.965119360430318762e-01 5.179832181704525640e-01 2.865006013111809358e-01 4.141695148807991167e-01 2.595870996539583753e-01 3.661836191947587804e-01 2.974541016076998057e-01 7.064855513038258428e-01 3.665291896885083944e-01 5.102538558219174014e-01 3.185741083230539394e-01 3.600809554442042648e-01 3.997801742342051434e-01 1.533987616888040639e-01 6.274865779888032513e-01 3.224257396793959174e-01 5.393261711730492625e-01 4.854123970855805381e-01 1.982707659137542822e-01 2.760183111096690123e-01 4.955267452393158356e-01 4.934454953899051755e-01 7.622429795359131344e-01 4.180004887171272498e-01 1.548681302455029440e-01 9.299883522404110703e-02 3.131161644218206641e-01 3.854703658992100213e-01
2.574537870733314415e-01 1.000000000000000000e+00 2.733197657413954929e-01 3.220176865305225955e-01 1.019942608881757168e-01 2.927874690421385928e-01 3.667041275160212721e-01 2.696288182097902886e-01 3.484376300201390553e-01 3.910037095097511628e-01 2.617121484107157725e-01 3.835463599734982854e-01 1.417452756036078620e-01 1.458786468634521161e-01 1.985703268928350196e-01 3.370351941854927702e-01 2.960011233568964895e-01 3.408747243390352483e-02 2.387664594053291456e-01 3.774468752973241248e-01 3.786219740796454292e-01 5.306842006065866091e-01 3.893283009665010064e-01 4.982405718710842257e-01 3.052282679889460892e-01 5.109168003870510066e-01 4.221388040856792756e-01 4.514581735575453059e-01 3.695689821422348809e-01 4.284465027803865400e-01 2.163606368368255900e-02 2.266543301265411953e-02 4.204645680704282018e-01 5.534038359225235126e-01 3.908069606165684995e-01 5.615246490116287958e-01 2.617646715239332900e-01 3.589276194574281820e-01 1.111056080381353228e-01 3.233301123608606775e-01 3.456207005322735060e-01 3.113756035778336706e-01 2.900615984920275614e-01 3.797053737322860778e-01 3.930852457007712464e-01 3.952559719245944958e-01 1.716916042463093595e-01 2.673827370476612453e-01 2.299673941995921123e-01 3.828855843202866871e-01 3.267903237044917364e-01 1.959434847510243549e-01 3.690294222691651860e-01 3.627428579853313462e-01 3.805647331054750615e-01 5.128961556677059663e-01 4.384419073367085140e-01 5.070081165878340679e-01 3.181889906407933122e-01 4.822603989417646453e-01 5.053055168972345745e-01 4.486330937315376466e-01 4.216206101327924505e-01 4.997834040637130215e-01 2.701470430138796369e-02 -1.269843093909334662e-02 4.214340664659004254e-01 5.487456968395906243e-01
6.953882144384619934e-01 2.733197657413954929e-01 1.000000000000000000e+00 2.151378351108672315e-01 1.781102145190165964e-01 6.401620297530588033e-01 1.151380323922719828e+00 8.874784521615746158e-01 5.223377622516368612e-01 5.237366404124219610e-01 3.272052438428139642e-01 4.753771623514881917e-01 2.723879445758703444e-01 9.759837009000040808e-01 4.173565438830573182e-01 4.186725008603020548e-01 8.550405068098330119e-01 5.450278218706363642e-01 6.932851914570968832e-01 3.249979694282341125e-01 5.306579638199118154e-01 4.743115037652086974e-01 5.785517473818111434e-01 7.347013043963137591e-01 3.360462346845599635e-01 8.641624674790499006e-01 9.767543234209304925e-01 6.274086432233269006e-01 6.102892427975301626e-01 8.617898531094315695e-01 1.657358869971968518e-01 1.917340681552949788e-01 3.893398159329632957e-01 4.309090616198755219e-01 5.709375040057599326e-01 2.184899236588543070e-01 1.025422787038074102e+00 2.113372077356356904e-01 2.148657058747961424e-01 5.971133344220546091e-01 9.647168245387462981e-01 7.387329249790837160e-01 4.397543681846829422e-01 4.875070533312207410e-01 2.701162016475730510e-01 4.716348319462241867e-01 3.572739609030243235e-01 8.285800388853461484e-01 3.860486424501712310e-01 3.818592328621591148e-01 4.081956006441074258e-01 4.644478735066397967e-01 4.470163691920783777e-01 3.465160652216250359e-01 5.049296881939501214e-01 3.730356836194946846e-01 4.210549483429417705e-01 6.558391857896314070e-01 2.312321010484563455e-01 5.683933959529440250e-01 7.300823991460310136e-01 5.504120356411440484e-01 4.980230750289286190e-01 4.378027161147530766e-01 1.437771970267332222e-01 5.763249974129346087e-02 2.905865119207889369e-01 3.048523768034513970e-01
2.053297800386627570e-01 3.220176865305225955e-01 2.151378351108672315e-01 1.000000000000000000e+00 9.424220684564334205e-02 2.976630714957203550e-01 3.365603630953376557e-01 1.846897108281735367e-01 3.897506036752358960e-01 4.279272506071905013e-01 2.201024987960137347e-01 9.940281425885555411e-01 1.155166633102852614e-01 1.311887376230836399e-01 2.379438459338780176e-01 4.112489728766432484e-01 1.825207790580528067e-01 5.768148313638234159e-02 2.078884237903155519e-01 8.433478630765701700e-01 5.003261754161729691e-01 3.720271224037168256e-01 3.301022060571169314e-01 4.932894245320534887e-01 1.515879146348926287e-01 3.607500194631958479e-01 2.280763006533541026e-01 6.100565131354152015e-01 3.252034935775039992e-01 2.632033842096911380e-01 5.044307667549875057e-02 5.104196797972238714e-02 3.548381957890809346e-01 3.517986296947342439e-01 3.220704746608920588e-01 3.016521698879530144e-01 2.167866322792882938e-01 1.345180907013154847e+00 1.251942186532273016e-01 3.406653210067920878e-01 3.465622473462808828e-01 2.575902434642993177e-01 4.138887352485032811e-01 4.256949099999950969e-01 2.775766789202832041e-01 1.032104942367617628e+00 1.189833624667826217e-01 2.280539927647060594e-01 3.022711202470816927e-01 4.095856518023047732e-01 2.412679052475249497e-01 2.064607383542128027e-01 3.080424825868083860e-01 7.270484726094307293e-01 5.254553580106368083e-01 3.432194780460133821e-01 4.299443411326219211e-01 5.494044037260804592e-01 1.622431276082428597e-01 3.880699228762267694e-01 3.196476998945265158e-01 6.623064952109344317e-01 3.033039785800571431e-01 4.014643127321863014e-01 5.283437112374629596e-02 -6.507134895419649373e-03 3.370807416598788908e-01 3.865517126009392346e-01
1.576293686872108080e-01 1.019942608881757168e-01 1.781102145190165964e-01 9.424220684564334205e-02 1.000000000000000000e+00 1.912090626579002473e-01 2.030607409509458949e-01 1.961381964897588315e-01 1.361375392083059854e-01 1.547121098176190979e-01 1.312156517276338863e-01 1.512574234335964940e-01 1.017550919942322163e-01 1.834121342541135125e-01 1.529922184328424972e-01 1.493935143643279617e-01 1.577168659970991649e-01 1.138171240457249156e-01 1.570517850477862187e-01 7.737217886035703540e-02 1.879004832767115218e-01 1.485645253036345648e-01 1.775935525522968628e-01 1.646454325772699900e-01 1.188796127435843147e-01 1.553884437517586703e-01 1.816693934125339083e-01 1.753353878296679269e-01 2.002343586622533367e-01 2.045047792179249535e-01 2.878927256180819488e-02 1.021224171769696820e-01 1.488837738288898427e-01 1.539765312846503031e-01 1.672646810116649174e-01 9.841172361621985942e-02 1.719273580833740878e-01 8.406056550412542572e-02 6.839270426492399801e-02 1.926008100658125055e-01 1.940216888301938836e-01 1.829340129035046947e-01 1.232844649729201991e-01 1.494463686861333129e-01 1.249172518027709539e-01 1.421290397545873774e-01 1.044998172151345994e-01 1.985963842492989850e-01 1.211260872818144124e-01 1.455545864176302218e-01 1.194701193358643498e-01 1.458602317292809758e-01 1.326519597844991183e-01 8.741223617033805349e-02 1.862474399888681131e-01 1.280893953462106660e-01 1.562256634812033973e-01 1.760542168145184105e-01 9.059910305047258472e-02 1.187805245421783285e-01 1.808495804710023580e-01 1.787659472965245633e-01 1.848159003745663831e-01 1.625558965398044287e-01 3.193131232424128996e-02 1.341044212938335978e-02 1.002777978188429259e-01 1.500127793697989542e-01
6.650916247866365261e-01 2.927874690421385928e-01 6.401620297530588033e-01 2.976630714957203550e-01 1.912090626579002473e-01 1.000000000000000000e+00 7.884143392197658917e-01 8.139861345352548128e-01 4.571958528100144026e-01 8.433280797602014101e-01 3.010707892166933353e-01 5.906173863452156558e-01 3.164007162218034908e-01 6.035897026806847920e-01 4.769511242271323725e-01 4.667689916706937447e-01 4.275580186709992958e-01 3.242793423662805319e-01 3.807571538660263766e-01 3.407697020154003553e-01 5.661470063267235453e-01 4.456505698727928344e-01 5.981237289536512902e-01 5.846198721970613521e-01 3.136801606991843627e-01 4.419890559877446834e-01 5.974805229065214274e-01 8.498629742269393494e-01 6.189580425001894870e-01 6.270049297709943126e-01 1.607826742089097372e-01 1.844561656901113067e-01 3.638474028804297156e-01 4.823417452895057966e-01 5.158009812532581284e-01 2.782925498637447981e-01 5.531718122135061977e-01 2.891042022699281677e-01 2.106346225149025586e-01 1.246671926807660036e+00 6.683340189124833408e-01 6.650372718686017315e-01 4.139952316554409983e-01 7.984497343516457901e-01 2.386263028175141243e-01 5.592202592476289702e-01 3.652666999814944138e-01 6.131397597692503920e-01 4.653324245889632893e-01 4.711879553063819670e-01 2.476492361362465644e-01 3.196823206599839762e-01 3.391782035891311997e-01 3.619554088928706448e-01 5.376090499501366970e-01 4.024067663420586305e-01 5.122283733202221967e-01 6.087300968290944025e-01 2.368163279830030055e-01 2.995290191043235017e-01 4.965547297118662606e-01 7.544353865579173091e-01 5.280291340085385698e-01 4.234528937307728280e-01 1.710141176631531368e-01 3.884008710508131401e-02 2.883693765897651917e-01 3.901819305634798285e-01
5.869538533290191706e-01 3.667041275160212721e-01 1.151380323922719828e+00 3.365603630953376557e-01 2.030607409509458949e-01 7.884143392197658917e-01 1.000000000000000000e+00 1.051564892470433055e+00 7.395617520311601467e-01 8.140590945269896572e-01 2.954152624451067410e-01 6.340722198555549527e-01 2.883717261604146764e-01 8.876380233859504365e-01 4.897662465601372306e-01 4.620319613640805345e-01 5.867202009240451988e-01 3.806841713142682937e-01 4.639633723459838377e-01 4.374306551106201812e-01 5.412762839322508013e-01 6.701995328156213905e-01 4.982948869624325705e-01 1.087335757731840102e+00 4.097842024647162518e-01 9.574440613716517223e-01 8.220834392696402260e-01 9.433811148581552342e-01 5.669824700659578109e-01 8.148585434005505279e-01 1.291668631686949120e-01 1.901514674098794266e-01 4.195619156100208191e-01 4.608379798490527257e-01 5.186390190448004756e-01 3.332833027937772696e-01 9.350696732905505737e-01 3.328884793493250838e-01 2.261910506507463225e-01 7.562934738450133310e-01 1.299903312782198839e+00 9.653956203217696208e-01 6.252955428673470095e-01 7.757230080788091175e-01 3.195882420342263663e-01 6.335343225958811608e-01 4.135755185082287677e-01 8.644690435806881013e-01 4.433754520012762601e-01 4.387742954247695892e-01 3.457726838387572554e-01 4.328033800216285476e-01 3.994253482540268130e-01 4.548777407179256937e-01 5.210270685249251965e-01 5.330658367073178860e-01 4.314940176513814007e-01 9.750022298540811372e-01 3.251396739021720217e-01 6.917597162948373457e-01 7.397026980844714217e-01 8.523503467836806013e-01 4.949221243912918511e-01 5.383538900785582726e-01 1.423962187921302691e-01 2.186935486851681459e-02 3.528444558161825118e-01 3.905584475028834324e-01
6.309422097529879814e-01 2.696288182097902886e-01 8.874784521615746158e-01 1.846897108281735367e-01 1.961381964897588315e-01 8.139861345352548128e-01 1.051564892470433055e+00 1.000000000000000000e+00 4.092329415186654051e-01 5.730656719393877330e-01 2.488734797215289840e-01 4.092810993881332848e-01 2.319567073395950585e-01 8.030784234224931373e-01 3.965439918755833126e-01 3.780183843532275434e-01 5.977955629035067719e-01 4.137887767713829268e-01 4.842699157326227910e-01 2.276915846164929702e-01 4.578301111045491312e-01 4.700731451737149014e-01 5.015518680587677247e-01 5.765927581912455580e-01 2.684218590784706593e-01 6.708276317170800418e-01 6.114397066305170547e-01 7.367549792461756120e-01 5.464404683429736620e-01 8.287658285457593088e-01 9.607389889382549064e-02 2.044393908461213660e-01 3.341125142754891031e-01 4.179419571569500391e-01 4.530333891776673894e-01 2.680149199284835859e-01 7.135376626517204723e-01 1.795692978946075713e-01 2.221267821087122285e-01 7.378875729227951652e-01 8.963283176708674027e-01 9.938800581611326734e-01 3.605007265556716689e-01 5.546317913703552316e-01 2.107646437241822990e-01 4.046069505431174607e-01 3.209002305260375554e-01 7.040113292715557414e-01 3.664140333738881705e-01 3.527606699245019461e-01 3.621806594757450704e-01 3.525237158404425086e-01 3.480157117310954118e-01 2.384100401413329073e-01 4.107280898922870405e-01 4.007536251590703702e-01 3.972683146093619055e-01 5.708356242499039723e-01 1.687358189920356577e-01 5.023647031673105223e-01 5.355446283885720860e-01 6.619036916920550961e-01 4.546297412799131243e-01 5.070103715566912639e-01 8.176788116111186056e-02 1.800816769035421677e-02 2.547229912985930489e-01 3.164927933013032546e-01
3.198284107396495712e-01 3.484376300201390553e-01 5.223377622516368612e-01 3.897506036752358960e-01 1.361375392083059854e-01 4.571958528100144026e-01 7.395617520311601467e-01 4.092329415186654051e-01 1.000000000000000000e+00 6.345676148535699390e-01 2.906849897778592262e-01 5.904743114727952769e-01 3.519059022042621554e-01 5.274744958932948702e-01 4.145350468448978365e-01 3.650590308011144591e-01 2.240014418484571612e-01 1.921302846283740595e-01 2.323905018236758491e-01 5.244465968405116474e-01 4.467137627614666817e-01 5.719812195191333881e-01 3.023475122607623411e-01 8.460324235656795366e-01 4.865902424328138465e-01 4.843062536039643429e-01 6.026719267925829682e-01 5.030105088716398942e-01 4.652034812486739446e-01 3.217425508455933891e-01 1.390517723060306077e-01 1.614335834453094753e-01 3.836800619765889930e-01 3.599551755997913993e-01 3.907764433896683820e-01 2.941733935593542903e-01 4.673101049592641165e-01 3.957313882392214932e-01 1.747222356024095702e-01 4.220328865635439852e-01 5.571554100322474445e-01 3.954821010716499385e-01 7.392234570602300714e-01 6.144954321129240116e-01 3.141545022290835321e-01 5.841170291031615447e-01 4.336911383234149930e-01 5.595388992948326923e-01 3.319235198083926863e-01 3.389589976632526591e-01 8.765570313876500097e-02 3.307859361760118744e-01 2.520397372239308598e-01 5.555119719538360590e-01 4.541566474814662802e-01 4.081861280038610040e-01 2.835800882679950230e-01 6.885059136080041720e-01 4.386636929701381860e-01 3.809411758327361230e-01 5.099241568818364545e-01 5.005324534239069534e-01 4.114497307470973420e-01 2.465508786861787538e-01 2.049153366038825030e-01 4.051483762604141114e-02 4.036952825953321611e-01 3.605261986349304615e-01
4.412681406679104801e-01 3.910037095097511628e-01 5.237366404124219610e-01 4.279272506071905013e-01 1.547121098176190979e-01 8.433280797602014101e-01 8.140590945269896572e-01 5.730656719393877330e-01 6.345676148535699390e-01 1.000000000000000000e+00 2.663783465502273518e-01 7.730330575203827603e-01 2.477892274685872809e-01 4.221476910593027210e-01 3.945423370682872855e-01 4.237761510229759443e-01 2.422860826198738327e-01 1.850227196799836826e-01 2.416651409403152428e-01 6.664763316496438161e-01 4.989202856394897578e-01 5.639876805127569392e-01 4.302173196748151351e-01 6.817522172618903920e-01 3.429109359120820488e-01 5.212676998576794007e-01 5.111327813388801822e-01 9.406456749839984255e-01 4.948991197830547306e-01 4.281140359277844087e-01 1.414295909305384458e-01 1.160767321147636033e-01 4.175441560504692395e-01 4.062898475477862981e-01 4.403293692230468848e-01 3.590570467544132449e-01 4.943202143800593529e-01 5.060353086457696214e-01 2.073338566057408572e-01 8.526722201253700284e-01 6.594096465124633655e-01 6.330585301432550827e-01 5.540938975547974321e-01 1.882074819844524072e+00 3.335786131041278968e-01 7.847201851047319598e-01 3.480218125009715835e-01 5.258820335763080278e-01 3.963644679270800220e-01 4.185449403905336374e-01 1.915564167604271451e-01 3.148234130106021267e-01 3.523083402455767787e-01 7.301301589636839395e-01 4.958604368887186142e-01 4.912588254993880410e-01 4.423959569166651673e-01 6.942358667511631110e-01 3.324829879135270949e-01 4.509420244016150714e-01 5.262489963496362888e-01 8.978003202804749616e-01 4.407009914524033234e-01 4.043979868597190608e-01 1.569250529539153727e-01 2.402224137345479113e-02 3.826783364577618918e-01 4.299645112322000307e-01
2.985275134540972264e-01 2.617121484107157725e-01 3.272052438428139642e-01 2.201024987960137347e-01 1.312156517276338863e-01 3.010707892166933353e-01 2.954152624451067410e-01 2.488734797215289840e-01 2.906849897778592262e-01 2.663783465502273518e-01 1.000000000000000000e+00 3.050711864879249724e-01 2.646805057153061025e-01 2.998086754063142290e-01 2.118944543039203710e-01 2.616566337967577427e-01 3.909464523616784093e-01 2.663330138394018887e-01 4.378121682779914647e-01 2.683129647220082181e-01 3.331846183440899667e-01 3.066076243728261264e-01 3.271426649909630058e-01 3.253972555846657566e-01 2.650812935223088029e-01 3.340065463126096756e-01 4.323704898129333007e-01 2.899903372857108308e-01 3.712044500897518917e-01 3.588047325878129801e-01 1.384898097025478725e-01 1.136789155861175904e-01 3.104902918165663994e-01 4.238934929735153623e-01 3.878463836555574584e-01 2.348575091635387857e-01 3.035031200098783910e-01 2.187225651762104983e-01 1.491245237840610194e-01 2.732655862844804440e-01 2.990729147261638188e-01 2.296532027945803189e-01 2.532965050683365638e-01 2.540618230245711429e-01 3.859089526714534202e-01 3.102820542770522994e-01 2.339833389730998636e-01 3.524773999364113619e-01 2.368328086017408574e-01 2.577662436041565086e-01 2.959989278056651685e-01 3.401807226937011985e-01 4.375212388520048901e-01 2.847343588488289168e-01 3.324525378945709653e-01 2.928214030220997466e-01 3.072906998850800653e-01 3.472501564050960998e-01 2.502797353261522750e-01 2.722639530019868581e-01 4.106950369344670726e-01 2.700248796617463198e-01 3.655879032024421105e-01 3.141299390670834191e-01 1.095014212510266177e-01 2.613007720153626839e-02 2.658660643315439165e-01 3.834070565964329824e-01
3.483806135066497833e-01 3.835463599734982854e-01 4.753771623514881917e-01 9.940281425885555411e-01 1.512574234335964940e-01 5.906173863452156558e-01 6.340722198555549527e-01 4.092810993881332848e-01 5.904743114727952769e-01 7.730330575203827603e-01 3.050711864879249724e-01 1.000000000000000000e+00 2.491987419690256389e-01 3.400311292480905911e-01 4.012645054901166075e-01 4.886843066051717588e-01 3.286013002540669747e-01 1.937529555515652979e-01 3.436634869171838469e-01 1.093004870448901267e+00 6.360481620143686454e-01 5.118418129555979412e-01 4.801690531058814271e-01 6.957330855856905805e-01 2.864714434044298708e-01 5.373877776829054653e-01 4.763972006063804665e-01 8.519398435310310269e-01 4.767132992097483646e-01 4.396899277599875533e-01 1.070773496365186039e-01 9.147008725507302374e-02 4.858198425810609233e-01 4.858817083975572881e-01 4.528477845134801782e-01 3.434545752843408128e-01 4.585665390144840203e-01 1.017564615980237397e+00 1.889274986404902157e-01 6.033704933308711160e-01 6.004883855882108268e-01 4.520070349004316479e-01 5.969126789955331303e-01 7.266579112123939810e-01 3.611972451393157812e-01 1.417619136501128585e+00 2.748159812830056059e-01 4.449334791177770865e-01 4.372415914190646014e-01 4.929476376584585595e-01 3.053315311654899999e-01 3.601700276553210234e-01 4.104342718306683846e-01 9.978375961416802165e-01 6.287844939063672589e-01 4.432563827712773241e-01 5.112888365429415494e-01 7.670821031271904955e-01 2.628845793274693365e-01 5.038946789131776294e-01 5.212401603280860662e-01 8.596984437272943147e-01 4.457517227114787262e-01 4.632116414963165507e-01 1.279614887176715454e-01 1.100716518974399066e-02 4.485471023478851960e-01 4.716704365140065858e-01
2.675072908291530882e-01 1.417452756036078620e-01 2.723879445758703444e-01 1.155166633102852614e-01 1.017550919942322163e-01 3.164007162218034908e-01 2.883717261604146764e-01 2.319567073395950585e-01 3.519059022042621554e-01 2.477892274685872809e-01 2.646805057153061025e-01 2.491987419690256389e-01 1.000000000000000000e+00 3.919541772835092308e-01 2.317800069632355575e-01 2.630534405386384944e-01 1.495915485773756104e-01 2.461304075050955165e-01 2.060092902015395189e-01 1.620110938922764421e-01 3.107697218266636807e-01 1.628957245439863755e-01 2.646070651256079986e-01 2.718088757699110292e-01 3.769465800026152169e-01 8.598228225616130760e-02 3.991285889919556351e-01 2.213618556836470241e-01 3.508507729361067806e-01 1.876770429350845260e-01 2.267404494488865496e-01 1.509921357390897056e-01 1.669594395976760348e-01 2.297407649060119184e-01 2.427106668953016022e-01 7.840229296398672221e-02 2.249776894328018584e-01 1.132737824463601328e-01 9.451986127964763507e-02 2.823585787652375667e-01 2.151344843364771386e-01 1.850088222406487681e-01 3.056384027341225162e-01 2.341134549437527967e-01 1.721223987871782490e-01 2.407579197891787370e-01 3.997059773063434962e-01 3.683986795565588057e-01 2.348950878408701815e-01 2.223915069482523266e-01 -2.460711927294700202e-02 2.022858299241799551e-01 1.194327758022997454e-01 1.776039465194890199e-01 2.989105500619025357e-01 1.153328324471189631e-01 1.907799717428143305e-01 2.448334768955996166e-01 2.404562178830928765e-01 -8.203796571983518887e-03 2.446671514714238160e-01 2.133727002912809978e-01 2.518127316529729098e-01 5.623049083597198017e-02 2.007830903020964008e-01 4.973630659825925560e-02 1.686069721978346869e-01 1.873970499016912872e-01
7.430849260184829719e-01 1.458786468634521161e-01 9.759837009000040808e-01 1.311887376230836399e-01 1.834121342541135125e-01 6.035897026806847920e-01 8.876380233859504365e-01 8.030784234224931373e-01 5.274744958932948702e-01 4.221476910593027210e-01 2.998086754063142290e-01 3.400311292480905911e-01 3.919541772835092308e-01 1.000000000000000000e+00 3.959380679898355515e-01 3.280566062607063182e-01 5.993671301679373009e-01 7.844094707460856908e-01 6.032930389888808698e-01 1.750714117914377310e-01 4.543778285154190799e-01 3.239583556918316787e-01 3.989659797958780008e-01 4.955078112259422851e-01 3.651869973220008836e-01 4.187192367368378076e-01 8.505572054618679712e-01 4.122461222478330245e-01 7.019579691777537711e-01 5.879289324606531419e-01 2.708400760708855604e-01 3.645831589531565720e-01 2.630164620527954966e-01 3.024781759304122075e-01 5.406300455175860886e-01 9.040949611177925838e-02 7.500486450485914780e-01 1.105332570878372056e-01 1.896440749628608424e-01 5.107509149714610786e-01 7.474678480884665577e-01 6.195285747241399132e-01 4.325759725269648359e-01 3.935695526393582777e-01 1.537049090786490879e-01 3.356957387565068784e-01 4.628469965199271119e-01 1.028364557643869137e+00 3.203660644806706204e-01 2.747583430793444359e-01 1.520558290902212784e-01 5.588753504649914827e-01 3.453644113085070355e-01 2.064754214887907224e-01 4.238354302520803141e-01 2.052896316742168492e-01 2.282994507330884937e-01 4.352106701990461346e-01 2.621956129476631925e-01 2.385425503250431789e-01 5.299575363987845122e-01 3.769696026463272287e-01 4.270149477599837207e-01 1.948437419209087529e-01 2.635737925739669585e-01 1.109712909195079283e-01 1.957832719816463007e-01 2.034807203257826547e-01
3.616190575113766292e-01 1.985703268928350196e-01 4.173565438830573182e-01 2.379438459338780176e-01 1.529922184328424972e-01 4.769511242271323725e-01 4.897662465601372306e-01 3.965439918755833126e-01 4.145350468448978365e-01 3.945423370682872855e-01 2.118944543039203710e-01 4.012645054901166075e-01 2.317800069632355575e-01 3.959380679898355515e-01 1.000000000000000000e+00 2.955484246523134573e-01 2.737971987658677220e-01 2.265171749680254532e-01 2.660289151028633059e-01 2.681434384085962797e-01 3.741291831589695915e-01 3.093549658737977381e-01 3.385598004669478356e-01 4.615281109258044245e-01 2.638780718905177070e-01 3.297425355985607598e-01 4.109953349972878534e-01 4.287356106359781482e-01 4.044384975206061217e-01 3.582227332787645269e-01 1.006375332025165742e-01 1.493052879315402426e-01 2.786799145229494901e-01 3.275352326559193838e-01 3.449837174003018148e-01 1.799741646753766355e-01 3.548010169026170613e-01 2.151816259188495395e-01 1.574910770149028638e-01 4.106534896513308053e-01 4.340483562731904943e-01 3.438852299884632702e-01 3.929884542287780391e-01 3.752516263983199929e-01 2.006403199779311364e-01 3.802291494937236616e-01 2.709014661392568080e-01 4.107992255992000685e-01 3.484125553075510529e-01 2.922477020835813066e-01 1.523647954182895670e-01 2.691339127622539018e-01 2.259686590897922731e-01 2.808290799826778095e-01 3.693998715483584605e-01 2.950799027402623009e-01 2.680045414693640882e-01 4.242610310265116924e-01 2.019890021808040115e-01 2.333979694898065116e-01 3.376327636802953780e-01 3.932885762566148413e-01 3.563628544973987400e-01 2.482920785849306589e-01 1.092108668937954163e-01 3.980891145974687489e-02 2.715889464776670148e-01 2.793908894629794637e-01
5.292985153130526088e-01 3.370351941854927702e-01 4.186725008603020548e-01 4.112489728766432484e-01 1.493935143643279617e-01 4.667689916706937447e-01 4.620319613640805345e-01 3.780183843532275434e-01 3.650590308011144591e-01 4.237761510229759443e-01 2.616566337967577427e-01 4.886843066051717588e-01 2.630534405386384944e-01 3.280566062607063182e-01 2.955484246523134573e-01 1.000000000000000000e+00 3.519297791470506476e-01 1.809587561022323599e-01 3.184043306301639342e-01 3.196235699345462700e-01 9.209962411703902507e-01 4.407375667704512834e-01 8.450644550968838820e-01 5.300353936584057957e-01 2.976780963299032190e-01 3.805031046714804077e-01 5.382767882722154784e-01 6.001384413684941466e-01 6.291491207507289296e-01 5.710272208680313710e-01 1.015429755109349269e-01 7.819649903611763930e-02 4.781570147884330879e-01 5.517390099435198758e-01 5.134353900166284124e-01 3.075882637079533355e-01 4.212491878578853988e-01 3.942566860653877736e-01 1.762168817770374818e-01 4.849939858052532138e-01 4.688929703209471223e-01 3.979258694727485501e-01 3.557145258622713690e-01 4.113663526916213065e-01 3.372736920996369792e-01 5.185399109432722309e-01 2.816579294543226641e-01 4.229056111091177850e-01 3.485475414619454981e-01 9.073793091095904151e-01 2.974236610632035038e-01 2.935233388521089060e-01 3.500689453031792242e-01 3.185376974944638118e-01 9.280406880826617133e-01 4.374860959219312173e-01 8.243949819133816748e-01 5.620548299128257375e-01 2.827214945531337231e-01 3.061634736824764280e-01 5.031615684578598646e-01 6.085682879748341989e-01 6.075556055500175301e-01 4.890181549186325416e-01 1.287460755670988000e-01 3.550625702345191342e-02 4.191629854494033913e-01 5.146862359775411511e-01
6.536104683491685829e-01 2.960011233568964895e-01 8.550405068098330119e-01 1.825207790580528067e-01 1.577168659970991649e-01 4.275580186709992958e-01 5.867202009240451988e-01 5.977955629035067719e-01 2.240014418484571612e-01 2.422860826198738327e-01 3.909464523616784093e-01 3.286013002540669747e-01 1.495915485773756104e-01 5.993671301679373009e-01 2.737971987658677220e-01 3.519297791470506476e-01 1.000000000000000000e+00 5.401551380023503768e-01 9.915636418044160294e-01 2.056005434581177072e-01 4.856501829587824837e-01 4.059108155593096345e-01 6.471335760121439407e-01 4.312382169155193345e-01 1.996584347668241277e-01 7.518958498930210510e-01 7.706706727515837407e-01 4.157328077232741448e-01 5.702337587984198652e-01 9.238596158331612296e-01 7.718817615833800660e-02 1.174615695709618213e-01 4.220454986992842050e-01 5.928471346968322564e-01 5.967802263388255479e-01 2.809352748871390970e-01 6.831021987823845398e-01 1.585644132427422859e-01 1.878098591998431099e-01 4.054542466884067387e-01 6.325158548359236521e-01 4.785822386753011415e-01 1.922624654180391246e-01 2.105759363430252940e-01 3.708595046050059407e-01 3.283802466160399280e-01 1.727573102297184637e-01 5.671792417404283304e-01 3.039828804758032965e-01 3.687825050762311152e-01 6.883279538753490634e-01 4.705100887421688194e-01 6.206698226507509908e-01 2.113373076057376287e-01 4.339204070445173422e-01 3.497334234654854157e-01 4.886530697568925441e-01 4.548114258622097950e-01 1.348845027470235158e-01 5.507188235299396162e-01 6.912603951452473972e-01 3.572678221490766526e-01 5.315014086571310248e-01 5.577117491985686959e-01 1.598954765330284217e-02 4.975507777359017281e-02 2.626424538415251808e-01 3.790187429004134301e-01
4.409232868137029082e-01 3.408747243390352483e-02 5.450278218706363642e-01 5.768148313638234159e-02 1.138171240457249156e-01 3.242793423662805319e-01 3.806841713142682937e-01 4.137887767713829268e-01 1.921302846283740595e-01 1.850227196799836826e-01 2.663330138394018887e-01 1.937529555515652979e-01 2.461304075050955165e-01 7.844094707460856908e-01 2.265171749680254532e-01 1.809587561022323599e-01 5.401551380023503768e-01 1.000000000000000000e+00 6.753944345848258424e-01 9.488052148728917667e-02 2.771430013081180310e-01 1.195047632352482930e-01 2.669667507623031399e-01 1.228039159018007587e-01 1.530811546705080073e-01 2.011715593423672732e-01 5.180740380902589814e-01 1.717702916603475738e-01 3.999315171733965890e-01 3.294679748175517453e-01 1.885167137290431894e-01 2.716137275788933492e-01 1.562031438702387032e-01 1.830184713081879078e-01 3.390747152552776589e-01 -3.418859198718841863e-02 4.543213925482336157e-01 4.675625726544983124e-02 1.354537391327718943e-01 2.690937936176401868e-01 3.834722219438915225e-01 3.113278348866631018e-01 1.891404769767069394e-01 1.714870208259198225e-01 1.239544164308278712e-01 1.880302322132057224e-01 2.786769973934142275e-01 5.914835127183148966e-01 1.925397828598771621e-01 1.590729596335099805e-01 1.803582475036880906e-01 6.046048301487888521e-01 3.971243867372203362e-01 1.250556554691805433e-01 2.511534181928268827e-01 4.484257567719874410e-02 1.503238884106650186e-01 1.406177468935536634e-01 9.836190878615316824e-02 1.039279506107658041e-01 3.524638552045333273e-01 1.604611192122773755e-01 2.494312450201516262e-01 9.012522596107186423e-02 1.762250886299597252e-01 7.752230257566856964e-02 8.167644491891000447e-02 9.092543581544405840e-02
5.791001501643899818e-01 2.387664594053291456e-01 6.932851914570968832e-01 2.078884237903155519e-01 1.570517850477862187e-01 3.807571538660263766e-01 4.639633723459838377e-01 4.842699157326227910e-01 2.323905018236758491e-01 2.416651409403152428e-01 4.378121682779914647e-01 3.436634869171838469e-01 2.060092902015395189e-01 6.032930389888808698e-01 2.660289151028633059e-01 3.184043306301639342e-01 9.915636418044160294e-01 6.753944345848258424e-01 1.000000000000000000e+00 2.659138198977887280e-01 4.542780152625606194e-01 2.912440568135742369e-01 5.306831477143756359e-01 3.248909609118924569e-01 1.660642068537122040e-01 4.996421737654905826e-01 6.734517374494330966e-01 3.702270150932814308e-01 5.700943294636531267e-01 6.688060002241074109e-01 1.334457207188627370e-01 1.488907809609009703e-01 3.698296122990061274e-01 4.884173628906556819e-01 5.678774700649324991e-01 2.139417197783953783e-01 5.740076485531167005e-01 1.950821095821883011e-01 1.579250160276405301e-01 3.534258338495521734e-01 5.152794828729729826e-01 3.963968547165345191e-01 2.098514843817955167e-01 2.133949963740318090e-01 3.811464543593316989e-01 3.483811249425896039e-01 1.987905489577687645e-01 5.710344208185162973e-01 2.810438619203777244e-01 3.078400354445584575e-01 5.385164589328824691e-01 5.821775983809286403e-01 6.819032501554080916e-01 2.700633658441059515e-01 4.183570462524456857e-01 2.360545496989393532e-01 4.025732653815642936e-01 3.652037568442402238e-01 1.158250121073773481e-01 3.789822799064862524e-01 5.634419772457067710e-01 3.293113310637990621e-01 4.609304468894760420e-01 3.889506196760832979e-01 7.877499232802939733e-02 4.841213710831562822e-02 2.434786258112796586e-01 3.285788504892049877e-01
1.414448602096067265e-01 3.774468752973241248e-01 3.249979694282341125e-01 8.433478630765701700e-01 7.737217886035703540e-02 3.407697020154003553e-01 4.374306551106201812e-01 2.276915846164929702e-01 5.244465968405116474e-01 6.664763316496438161e-01 2.683129647220082181e-01 1.093004870448901267e+00 1.620110938922764421e-01 1.750714117914377310e-01 2.681434384085962797e-01 3.196235699345462700e-01 2.056005434581177072e-01 9.488052148728917667e-02 2.659138198977887280e-01 1.000000000000000000e+00 4.038826286371751673e-01 4.398147822011285180e-01 2.869583260364528821e-01 5.534902329677454658e-01 2.426215650289381132e-01 4.457052108911963018e-01 3.395851442800613684e-01 5.724319710453398269e-01 2.989853069077592074e-01 2.464588221037747329e-01 6.725957465102264110e-02 2.888098862633647207e-02 4.302152222253370351e-01 3.633749524128129238e-01 3.088969257510749133e-01 3.283024558261630199e-01 3.289279746484946587e-01 9.228306106601775749e-01 1.179994486733269843e-01 3.545890208161586732e-01 4.061526039182774550e-01 2.858606582926184192e-01 5.255679090341481841e-01 6.276013214920032057e-01 3.704736147361118448e-01 1.058149938007736601e+00 1.923089376952639151e-01 2.759779408304455228e-01 2.818483836786920826e-01 3.291777931945477076e-01 2.398914014060613276e-01 3.025430984770441922e-01 3.785376926710249945e-01 1.447414934460403035e+00 4.190619113974060062e-01 3.675699962505025731e-01 3.515542361076137157e-01 5.838579588041531432e-01 2.622082001112265304e-01 4.631027132667802082e-01 4.307409691537423257e-01 5.862809512115758626e-01 2.736074836433636803e-01 3.181396822381602485e-01 7.270270627940007835e-02 -1.191201554294808035e-02 4.058154814748898831e-01 3.837733253293088564e-01
6.841868489036648793e-01 3.786219740796454292e-01 5.306579638199118154e-01 5.003261754161729691e-01 1.879004832767115218e-01 5.661470063267235453e-01 5.412762839322508013e-01 4.578301111045491312e-01 4.467137627614666817e-01 4.989202856394897578e-01 3.331846183440899667e-01 6.360481620143686454e-01 3.107697218266636807e-01 4.543778285154190799e-01 3.741291831589695915e-01 9.209962411703902507e-01 4.856501829587824837e-01 2.771430013081180310e-01 4.542780152625606194e-01 4.038826286371751673e-01 1.000000000000000000e+00 5.030915078127287110e-01 1.130717173171292167e+00 5.813323940278539714e-01 3.166802330699058921e-01 4.821796786256510869e-01 6.817916281505636000e-01 7.490681205744388338e-01 8.030646654731741219e-01 7.765467588317814807e-01 1.385216967882467454e-01 1.059119268770961908e-01 5.863004875497126456e-01 7.022897242576071619e-01 6.233596873055298193e-01 3.213338499507741863e-01 5.291446408152885583e-01 4.874239976040928846e-01 2.045587954716164003e-01 5.699844918840133445e-01 5.613082254656915904e-01 4.606861603372873759e-01 4.118385416213412586e-01 4.684861941104269678e-01 3.890000497259815671e-01 6.641444215371592463e-01 3.381915912736712659e-01 5.509849697827172710e-01 3.907543072884076540e-01 8.332442742649740497e-01 3.676095822353077636e-01 3.857332135192552136e-01 4.417411472394096594e-01 4.137693020565764712e-01 1.450121273262346522e+00 4.934328364385063281e-01 9.280347653857962120e-01 6.342264596654750841e-01 2.770480207568219999e-01 3.787875682745927564e-01 5.955564417627509100e-01 7.401319201017788618e-01 7.143822879423742389e-01 6.036278855331407289e-01 1.655459472585262826e-01 6.495794570799846845e-02 4.839415345650866507e-01 6.037310388796892635e-01
3.464432464221097185e-01 5.306842006065866091e-01 4.743115037652086974e-01 3.720271224037168256e-01 1.485645253036345648e-01 4.456505698727928344e-01 6.701995328156213905e-01 4.700731451737149014e-01 5.719812195191333881e-01 5.639876805127569392e-01 3.066076243728261264e-01 5.118418129555979412e-01 1.628957245439863755e-01 3.239583556918316787e-01 3.093549658737977381e-01 4.407375667704512834e-01 4.059108155593096345e-01 1.195047632352482930e-01 2.912440568135742369e-01 4.398147822011285180e-01 5.030915078127287110e-01 1.000000000000000000e+00 4.452630439859663336e-01 7.877966108463066996e-01 3.859545562321900491e-01 7.526410305995171468e-01 5.374898196419508611e-01 5.738069341838837323e-01 4.629403336844538086e-01 6.122717826059114188e-01 2.118184952236150734e-02 5.822307443442858998e-02 5.007180641960338185e-01 5.930093262909250651e-01 4.785675861022774535e-01 5.164816089700569046e-01 4.487864587329091215e-01 3.824327560395451298e-01 1.788423018589355151e-01 4.469962277393909611e-01 5.831990751715355747e-01 4.746898029612797165e-01 4.770406271952869481e-01 5.381262310246248681e-01 4.201206676933622042e-01 5.262967838852958824e-01 2.357244286982100034e-01 4.505406890188798363e-01 3.212439562047181285e-01 4.626932218534018371e-01 4.071178272155209776e-01 2.841969623810005618e-01 4.216988866810884029e-01 4.643726281664435906e-01 5.139766793518566468e-01 7.108694969928842644e-01 4.861526983902276777e-01 7.425203174383943061e-01 3.710818322740541131e-01 6.679147308990949217e-01 6.342387244575314886e-01 5.625775470081378904e-01 5.461764168662344154e-01 6.537880364506578612e-01 4.491482618380176345e-02 9.047881516767761201e-03 5.189936795636634903e-01 5.904917632710782183e-01
7.449879720595291577e-01 3.893283009665010064e-01 5.785517473818111434e-01 3.301022060571169314e-01 1.775935525522968628e-01 5.981237289536512902e-01 4.982948869624325705e-01 5.015518680587677247e-01 3.023475122607623411e-01 4.302173196748151351e-01 3.271426649909630058e-01 4.801690531058814271e-01 2.646070651256079986e-01 3.989659797958780008e-01 3.385598004669478356e-01 8.450644550968838820e-01 6.471335760121439407e-01 2.669667507623031399e-01 5.306831477143756359e-01 2.869583260364528821e-01 1.130717173171292167e+00 4.452630439859663336e-01 1.000000000000000000e+00 4.935026527273086439e-01 2.576998961672692379e-01 5.075269938689779270e-01 7.664377145946685843e-01 7.211700149279524075e-01 7.663604906583422194e-01 9.331910407583785538e-01 1.328038409190238078e-01 1.079785229472075003e-01 5.636705969880231315e-01 7.385384704150075308e-01 6.348150470903708431e-01 3.283003545901351239e-01 5.701425233763236511e-01 3.123068005827888682e-01 1.941002286461682713e-01 6.029850999897669039e-01 5.372983562091280252e-01 4.822824976338244141e-01 2.947028000994696972e-01 3.928338845430955351e-01 3.632428558641869198e-01 4.957681509923338448e-01 2.837877281080861125e-01 5.137360418737244583e-01 3.770956461694991990e-01 8.335065319792129834e-01 4.951554119099180751e-01 3.169199114741446666e-01 4.629307569556956325e-01 2.829524641489488124e-01 9.992277866445595791e-01 4.745493284970533354e-01 1.146456269407224005e+00 5.880711021825193452e-01 2.028805622506037742e-01 3.792648655615605824e-01 6.861285553456208941e-01 6.614574892824226504e-01 7.270499751882325556e-01 6.783657383658214801e-01 1.306489797740621461e-01 5.870748790621636848e-02 4.237843654997662246e-01 5.888830987109978654e-01
