1.000000000000000000e+00,1.798768210335500717e-01,4.652978106860541363e-01,3.321069999297696640e-01,-1.415746905601636407e-01,4.032512921102677228e-01,4.580522871778239802e-01,3.331757637595805788e-01,2.167990401585863369e-01,3.704523273420441964e-01,4.478909691095701862e-02,4.252425428087486803e-01,-1.359119321631134247e-01,5.387937172508087125e-01,1.297347902463299174e-01,2.898105591278496429e-01,4.898843503822751244e-01,2.580728314795535661e-01,5.263982547157433078e-01,5.037921748094111862e-01,3.274265783950608411e-01,3.626013719244713940e-01,3.250687534106085352e-01,4.031635273410804632e-01,-9.803111631706870610e-02,4.113565278090557942e-01,4.212495538081081348e-01,2.284830408569675786e-01,4.968023935626530996e-01,4.921803859645652035e-01,5.347363873985931659e-02,-2.779352909209074629e-01,3.707120487587723945e-01,2.005375215887648110e-01,6.582498131553756737e-01,1.329995768921819754e-01,3.841991697561230601e-01,3.198684890334699826e-01,-2.033253558257334392e-01,3.577977139271587559e-01,4.191125704360470494e-01,3.426463596362026576e-01,2.686320302019338802e-01,3.657270596702881238e-01,2.333610862335210034e-01,4.553947048263375375e-01,2.474651587994025279e-02,4.869773210481296855e-01,2.316598421314618461e-01,3.743058368902801858e-01,3.528146101836969195e-01,1.198585358594811412e-01,4.757704804172805946e-01,4.871509120616153710e-01,3.643635381293251485e-01,2.965886441367062698e-01,3.896910311667023952e-01,3.682680755675384332e-01,-8.941174208183934324e-02,3.988437727082261852e-01,4.010860424359132259e-01,2.672153179189366012e-01,4.959459627220614286e-01,3.521078390482730303e-01,5.858242744528821891e-03,-1.543836434042825390e-01,4.117617804757395250e-01,2.534855921012918456e-01
1.798768210335500717e-01,1.000000000000000000e+00,3.838948489617673154e-02,2.133895750982963135e-01,-1.284514616251479849e-02,2.013576978379104376e-01,6.884604499785822174e-02,5.026776502338035219e-02,-2.834198665553211427e-02,4.394661461595114615e-02,2.254384692444752203e-01,2.419135207075318039e-01,-5.838004453416777845e-02,-4.758448817064155241e-03,1.641517592798221944e-02,4.311263145684147702e-01,4.702412256069333774e-01,-2.015016290007300703e-01,1.310976569855292762e-01,2.804846871525232821e-01,4.128980892311275297e-01,4.484751458557186266e-01,4.971325986110258777e-01,3.279192277519362153e-01,-7.505166963848550199e-02,4.458752321016207221e-01,3.867690084491626767e-01,4.595971130721367981e-01,2.470514065569556217e-01,4.914543716302818277e-01,-6.962184600346869867e-02,-2.347518502282392935e-02,2.869142980207707860e-01,4.333177027100665324e-01,2.343246550451001942e-01,5.635449126015560362e-01,1.325399227215348086e-01,2.056067090552983201e-01,1.087473627957322442e-01,2.583932199612737901e-01,1.040108150264770770e-01,1.775836130072112884e-01,6.017891042041265820e-02,1.891381592887760379e-02,2.568157734639771039e-01,2.558355870648064689e-01,-9.979063965364323718e-02,6.818233871169004923e-02,1.951415480339723785e-01,4.635352180160038915e-01,5.351316821127937162e-01,-2.512291936096790468e-01,3.886319791301025006e-01,2.814679313693561613e-01,3.997119494867942824e-01,4.402805983588276573e-01,5.199526684889643757e-01,4.423518594923981362e-01,-6.923337679720670268e-02,3.596594306345506364e-01,4.984433751548551506e-01,4.582742176913268684e-01,3.699696356075206083e-01,6.374768366402377984e-01,-1.148382493363956924e-01,3.738239538303159137e-02,3.225490010366631188e-01,4.684141804779460849e-01
4.652978106860541363e-01,3.838948489617673154e-02,1.000000000000000000e+00,4.425257018114461816e-01,-8.546239822493616189e-02,5.048479108155136119e-01,7.899959977966942715e-01,6.037285996077416117e-01,4.089929842511359492e-01,3.679212454928688092e-01,3.135733317098538669e-02,5.319972607756243699e-01,-2.881030195775890479e-01,6.030662879328231307e-01,3.293211755142400610e-01,3.383725857570682449e-01,4.490829524558231367e-01,3.938649259321508334e-01,5.852795949041423862e-01,5.560332156301327489e-01,3.077357513231055441e-01,4.900395931352533596e-01,3.470894884300629868e-01,5.515710216120195408e-01,-1.632850835143660473e-01,6.528618633680283168e-01,5.894501903049713665e-01,3.949701600596652318e-01,3.243424971840281335e-01,6.501079325850825930e-01,2.154907522276818255e-01,-3.465518222187403130e-01,4.678775036106879170e-01,1.573421340208668584e-01,3.936371135906325813e-01,1.112805093787876121e-02,7.359252019268267553e-01,4.252862000684211052e-01,-1.115636733842053502e-01,4.070117884746530801e-01,6.794131401377535573e-01,5.416258905866964124e-01,4.482166241756276315e-01,3.567393544617240009e-01,2.443749777881325524e-01,5.424032094140759375e-01,-1.126987045723602254e-01,6.044067986943361115e-01,3.749407153780724422e-01,4.347715113703466416e-01,2.624694443640374075e-01,2.549029509900598289e-01,3.548076908521437534e-01,5.490963935866545187e-01,3.688592789034307873e-01,3.757816212911507803e-01,4.203306156127984416e-01,4.914478446081184670e-01,-2.542477228703579617e-01,5.964077741642879182e-01,5.288510449577131789e-01,3.792737071617026112e-01,4.227117199506697509e-01,3.776822813538375234e-01,1.896266101468543908e-02,-1.842729665286626239e-01,4.747995015449343881e-01,2.051397207737052641e-01
3.321069999297696640e-01,2.133895750982963135e-01,4.425257018114461816e-01,1.000000000000000000e+00,-8.435177278987371352e-02,5.495677728418023600e-01,4.797495426259517637e-01,3.762453239816928585e-01,3.099073386884312331e-01,4.342930649606589477e-01,2.566198066190667967e-02,7.752817097631186094e-01,-2.510465518539543028e-01,3.212448363924424455e-01,2.083026438771398980e-01,4.169311561649490794e-01,4.079059072242954831e-01,1.238414395580475086e-01,3.608917267143224028e-01,7.889100119689218538e-01,5.105354061628921691e-01,5.626204846709447205e-01,5.508162870106977360e-01,4.655252064817860802e-01,-1.756831020705936219e-01,4.756230905576113166e-01,3.187169935352434091e-01,6.226180387009760953e-01,4.756167525070303381e-01,4.958523616493984432e-01,9.328604910106830239e-02,-1.886983955973388638e-01,5.860759714777240559e-01,3.208694997551077011e-01,4.287873714382974266e-01,1.769861358841312571e-01,5.122584396187672695e-01,8.860697211299904952e-01,-4.092770482903105439e-02,4.716191372910893964e-01,5.569587574429619714e-01,4.753688548045088003e-01,3.926236933160494047e-01,3.735047614860227405e-01,2.395779484384539249e-01,7.738804180940179744e-01,-1.750420964206322316e-01,4.311982823364539086e-01,3.762553993934726337e-01,5.614643135283445829e-01,3.842195728890077655e-01,5.441435369335539951e-02,3.400549553144930348e-01,8.049792377370901253e-01,4.805134101453676365e-01,5.168839331870991316e-01,5.680687799293117068e-01,5.849158075313073413e-01,-1.872229003331635222e-01,6.155661196498608545e-01,4.792692992989496248e-01,6.060893992776149597e-01,5.613478893607112274e-01,4.434216482476401877e-01,-8.535227366942185756e-02,-1.064173413301174181e-01,5.526742506498659724e-01,3.379555132843589660e-01
-1.415746905601636407e-01,-1.284514616251479849e-02,-8.546239822493616189e-02,-8.435177278987371352e-02,1.000000000000000000e+00,9.569717230462843408e-03,-8.430607174176954488e-02,9.310428559607200616e-02,1.551392673465461745e-02,-1.354999683025340240e-01,5.665643190116647493e-02,-2.310870551927658376e-02,6.470225259369920268e-02,2.749309472900393278e-02,1.415850434916436640e-01,-7.389573440282775491e-03,-8.181322996603367093e-02,2.197847349113045759e-02,-6.542048079741423494e-02,-1.250467339042133919e-01,-4.588707676366917364e-03,-4.160021226496715338e-03,3.863843461186874245e-02,-3.049138124991829235e-02,9.030494183017367948e-02,-8.616600232282475846e-02,-2.692679946495550938e-02,3.899145356518651101e-03,2.939450987130199852e-02,-6.079461782709495721e-02,1.788575494965610399e-02,2.233276097171773833e-01,-2.453224857497068520e-03,4.568892422165460321e-02,-1.257994948578343153e-01,-2.786514050879062773e-02,-5.465749885899991167e-02,-6.365326537037377386e-02,1.893714758686219357e-01,3.298907630511120539e-03,-9.226639759966255572e-02,8.318449449666384318e-03,5.030754840207864870e-02,-1.383896588707808351e-01,-8.609858041702347919e-03,-2.303114859409408424e-02,-9.293840001154849914e-03,-4.763135856843474236e-02,4.604267167033652963e-02,-4.978138218011291666e-02,-6.813264166808290223e-02,-1.711835374411981373e-02,-1.011604818643843384e-01,-7.290324136160768187e-02,-4.227943276054601379e-02,1.988878501402255652e-02,-1.446293662325532671e-02,-3.834718758895581253e-02,5.992952449372502925e-03,-1.274530774159366719e-01,-5.613733219433159755e-02,-1.213026560704115160e-03,-6.196710755042030006e-03,-7.757725102268746287e-02,4.261094069730719802e-02,1.846307025002572599e-01,-5.847698136468228863e-02,6.054038798798463961e-02
4.032512921102677228e-01,2.013576978379104376e-01,5.048479108155136119e-01,5.495677728418023600e-01,9.569717230462843408e-03,1.000000000000000000e+00,4.536737878643093413e-01,6.546289293973870382e-01,1.599344310063105512e-01,6.614842489903616229e-01,1.321262190881240250e-01,7.539212115441495943e-01,-1.463126165087089703e-01,2.728889186296277747e-01,4.171671868742046763e-01,3.679848400165394162e-01,6.261599446273107272e-01,1.105571705726024895e-01,5.476248625932661485e-01,5.854278994611269438e-01,2.888774053656936180e-01,4.846835560566347678e-01,4.436808916463917396e-01,3.137030258153528650e-01,-9.241388450209182814e-02,4.402349925564719713e-01,3.595658866581006308e-01,7.303348490541948790e-01,4.044072975242888890e-01,5.483023779682980603e-01,1.789127925320079526e-01,-9.676069627944601514e-02,4.656289581079749995e-01,3.122434080137859169e-01,4.108440549324855473e-01,1.652392508160050177e-01,5.498022505556476869e-01,5.805359773731536555e-01,-9.220572221985228606e-03,8.643651270951554499e-01,4.778286278151277489e-01,7.248417012591831243e-01,2.155651920306876079e-01,5.744271989936378109e-01,1.892626119326446810e-01,7.430385552452100084e-01,-1.594209646535415803e-01,3.801280316945945814e-01,5.638572348311091664e-01,5.423595337000385319e-01,5.739032930817832279e-01,1.017575985638740632e-01,4.620168891931921151e-01,6.107943196316060197e-01,2.572744066679971686e-01,4.709496401682105038e-01,4.874587382699421823e-01,4.894843160409940164e-01,-2.049283852398575967e-01,5.039624301971962206e-01,4.383121856295910668e-01,7.516465416895747875e-01,4.810281604398984889e-01,5.082850765680784200e-01,8.244698676708397955e-02,-1.237438433227102536e-01,4.541003399068560542e-01,3.976188143763317862e-01
4.580522871778239802e-01,6.884604499785822174e-02,7.899959977966942715e-01,4.797495426259517637e-01,-8.430607174176954488e-02,4.536737878643093413e-01,1.000000000000000000e+00,6.237919261953417394e-01,5.835607537581781745e-01,3.097810458556071178e-01,1.935469569145893687e-02,5.170717600626462129e-01,-2.769914378876571770e-01,7.036551266927263404e-01,3.660333146162688678e-01,4.529397032714506111e-01,3.526013203038751431e-01,4.002496652183265002e-01,5.464164621801604893e-01,6.223771614548497810e-01,4.373790747316271821e-01,5.782744942234442354e-01,4.341456151753130266e-01,7.278654663614453346e-01,-1.230238140601973978e-02,6.521249959317492184e-01,6.339144116424489939e-01,3.803646444711453745e-01,4.276695288093233516e-01,6.618350062429799729e-01,1.994454379189045667e-01,-3.348168715073138180e-01,5.710044261665199183e-01,2.458190649943314265e-01,4.478031725818906184e-01,3.263416309979238344e-02,7.566472809048859771e-01,4.445193836313084956e-01,-1.453065020786284411e-01,3.318559174318442828e-01,8.061130268866124604e-01,5.357586156337443839e-01,6.376589649541487548e-01,3.141607063683021228e-01,2.584384082918703696e-01,5.486012788709122567e-01,-1.572285229575998491e-02,7.286458158932724860e-01,4.477709560094498831e-01,5.037160794866742952e-01,1.829872056072089359e-01,2.478100397593667736e-01,3.002494882832281164e-01,5.950328638086206379e-01,4.760637211220279941e-01,4.382429262269261772e-01,4.957998712482028503e-01,6.401742764435215394e-01,-1.421404884493306098e-01,6.375191410578162632e-01,6.059054024135369643e-01,3.437050205252298318e-01,5.252734616560231773e-01,3.933794764325827531e-01,-3.623616557826094681e-02,-1.716949716561251005e-01,5.632697960928680914e-01,2.370141109858774908e-01
3.331757637595805788e-01,5.026776502338035219e-02,6.037285996077416117e-01,3.762453239816928585e-01,9.310428559607200616e-02,6.546289293973870382e-01,6.237919261953417394e-01,1.000000000000000000e+00,3.083908643738742517e-01,3.630742107003684938e-01,1.507070519021030119e-01,5.002955663168436873e-01,-1.453736937150650887e-01,4.683407956475045264e-01,4.115992902535298148e-01,3.424133613371853624e-01,4.817910985728917628e-01,2.999422033967397705e-01,5.600549184637827471e-01,4.676380960769923045e-01,2.823446835139103994e-01,3.951321533318402079e-01,4.163565946824161479e-01,3.337845790165236415e-01,-5.081319342996318787e-03,4.510532555024484025e-01,4.367374709260982701e-01,5.085031711511704966e-01,4.033499930887030072e-01,5.573039859623184489e-01,2.742931231774007328e-01,-1.400137039263357197e-01,4.776441004690892833e-01,2.921466268579857584e-01,3.231426923647299776e-01,-1.396721495648229824e-02,6.398484341454819813e-01,3.752087333853560969e-01,-8.241202755405749661e-03,5.365062436674996604e-01,5.436157053602437284e-01,6.600310416664687541e-01,3.456645855775236087e-01,3.233966265633166359e-01,2.037199181150526617e-01,5.372661676772070294e-01,-8.930681905793129427e-02,4.857498451555153918e-01,4.222901292737794021e-01,4.295700823991566164e-01,3.241672500602255091e-01,2.227574265147639898e-01,3.083601485482369564e-01,4.731645909992223120e-01,2.644822799542050351e-01,3.456688889063070369e-01,4.171665972286560664e-01,3.690664490613508320e-01,-2.052224528062493447e-01,4.226516413165470887e-01,4.013495909915725801e-01,4.893253689149991703e-01,4.396294869069772293e-01,3.676711557304950806e-01,1.127745084475778314e-01,-9.498645707171932129e-02,4.117729620080223807e-01,3.020314304383172055e-01
2.167990401585863369e-01,-2.834198665553211427e-02,4.089929842511359492e-01,3.099073386884312331e-01,1.551392673465461745e-02,1.599344310063105512e-01,5.835607537581781745e-01,3.083908643738742517e-01,1.000000000000000000e+00,7.234325110030379036e-02,-8.921764978891422171e-02,3.216399321968853586e-01,-1.235613906350719465e-01,5.369200473536678286e-01,3.088494211037144388e-01,2.576145614081502000e-01,-3.533566431794478435e-02,3.084275606244892831e-01,1.956408277429781406e-01,3.934718608476817647e-01,2.717481913777630709e-01,3.523909625768736342e-01,2.018555656434375400e-01,5.871112330610174235e-01,1.496432121398995063e-01,2.676591180731561215e-01,3.623636776822529715e-01,6.160802997301888934e-02,3.010687493184940888e-01,2.301564024589092816e-01,9.710233449162807007e-02,-1.942544173406129671e-01,3.930185967771234190e-01,1.154706690169808869e-01,2.395661880364430285e-01,-1.753053162168277668e-02,4.179328002807786158e-01,2.959442107234817598e-01,-9.513132123189822764e-02,6.872084537016884265e-02,5.082692336616134732e-01,2.120575247209494085e-01,6.022573092313934229e-01,1.085847669696878709e-01,7.122209518237028469e-02,3.488375924485200286e-01,1.142501605905130030e-01,5.015205448605428717e-01,3.064949436726172038e-01,2.245114269297151799e-01,-7.842078170764973932e-02,1.945173138663308099e-01,2.820556527395083959e-02,4.017470381989752259e-01,2.737519296559333681e-01,2.611402494226604531e-01,2.265738287293179998e-01,4.542697311111782432e-01,6.601127007926248236e-02,3.026807203734500074e-01,3.453609175620591665e-01,3.448649056805870583e-02,2.965496162136493363e-01,4.788684809561689210e-02,-5.152986715180429139e-02,-3.435865026472730704e-02,3.578446954658535129e-01,6.921794576875833771e-02
3.704523273420441964e-01,4.394661461595114615e-02,3.679212454928688092e-01,4.342930649606589477e-01,-1.354999683025340240e-01,6.614842489903616229e-01,3.097810458556071178e-01,3.630742107003684938e-01,7.234325110030379036e-02,1.000000000000000000e+00,1.880955129482190374e-02,5.029478778362586056e-01,-1.596456751274206998e-01,2.085562031408403350e-01,1.713204200263873100e-01,2.841529081112441624e-01,3.991029211983415093e-01,5.098427183603933266e-02,3.235054764189453369e-01,5.944195903785620683e-01,2.893074748180011757e-01,3.320785233388320878e-01,3.024154905976750296e-01,1.357488939933644279e-01,-1.383895816563642245e-01,3.099362251401285295e-01,1.677492846550376615e-01,3.232427797205895681e-01,4.177399638837806517e-01,3.606182757085711899e-01,1.903790900539839353e-03,-9.299515368814799399e-02,3.573267461808022349e-01,1.440224876703179446e-01,4.736152482634056193e-01,8.952867593208807540e-02,4.012074707605953749e-01,4.415809766920034130e-01,-1.235392488919348775e-01,5.703383636806190760e-01,4.149749068670207097e-01,5.546131044627580220e-01,1.687337544944637335e-01,9.470856283668984688e-01,1.568401349289199886e-01,4.982586168910638214e-01,-1.441916131032587242e-03,3.779607158218902252e-01,3.161930747970853606e-01,3.956028286470967270e-01,3.549455306258750831e-01,6.645701465137382469e-02,2.610624663908016618e-01,5.156510491545212016e-01,2.917786000996596685e-01,2.606041447580553228e-01,3.525951947757529070e-01,2.454778328018561717e-01,-5.810945816581597478e-02,4.507656408413588944e-01,2.889999238459755038e-01,3.441839327376331470e-01,4.201748998023180359e-01,3.053601794800505087e-01,5.244144672730973594e-02,-2.145752025538232022e-01,4.460090505292474972e-01,1.704268720404523707e-01
4.478909691095701862e-02,2.254384692444752203e-01,3.135733317098538669e-02,2.566198066190667967e-02,5.665643190116647493e-02,1.321262190881240250e-01,1.935469569145893687e-02,1.507070519021030119e-01,-8.921764978891422171e-02,1.880955129482190374e-02,1.000000000000000000e+00,3.377374404477293673e-02,2.188020191796775094e-01,-4.283670051810610502e-02,8.112050422048505682e-02,5.852434781912481399e-02,3.034397022740637495e-01,3.869692744678571855e-02,2.599116697709467072e-01,4.888764000672284754e-02,-2.582067433911364521e-02,9.729286969342207381e-02,5.622844391093363703e-02,-1.390249331745855785e-02,1.649552081988013563e-01,1.717818077359500595e-01,1.435633005398216366e-01,1.891763317644410136e-01,1.323242204583967019e-01,2.101123057163815644e-01,9.745703562273945464e-02,1.246583831284188149e-01,5.702353957709318383e-02,2.625878864136569346e-01,4.424054682043539188e-02,1.995555691374704954e-01,6.077544084650771811e-02,4.511143352049863664e-02,8.226610755292773636e-02,1.796256459412363671e-01,-6.599676654215511258e-03,1.473603693195790765e-01,-4.698721128832575311e-02,-9.107396741559610834e-03,2.812694853783313520e-01,3.379931422987252077e-02,1.419098314147867745e-01,6.287344089850328832e-02,1.243482150832404126e-01,9.747693637301878267e-02,2.662994772695506107e-01,1.531837834117405206e-01,3.122502853824095648e-01,4.363108693504180735e-02,-1.623941497190365887e-02,8.835552818691659593e-02,6.291845955077383923e-02,7.942501173763849565e-02,1.102240400642048729e-01,1.206056257310033214e-01,1.917725661035950269e-01,1.740182717251584910e-01,1.262607092070731352e-01,2.499138216156035763e-01,1.498846019462761747e-01,3.085913557595642079e-02,9.406899198540823182e-02,1.609628919900016608e-01
4.252425428087486803e-01,2.419135207075318039e-01,5.319972607756243699e-01,7.752817097631186094e-01,-2.310870551927658376e-02,7.539212115441495943e-01,5.170717600626462129e-01,5.002955663168436873e-01,3.216399321968853586e-01,5.029478778362586056e-01,3.377374404477293673e-02,1.000000000000000000e+00,-2.806426129459217989e-01,3.786464345271722820e-01,3.408746461379384418e-01,4.267888352456763457e-01,5.324296667305871145e-01,1.486328000016486905e-01,4.555708299995464561e-01,7.721625433335517208e-01,4.569073735650857615e-01,6.112625132977096420e-01,5.282501125280046894e-01,5.029467285935477205e-01,-1.648278464863010551e-01,5.442931057767655956e-01,4.058218076872839308e-01,6.895414488070410464e-01,4.751236431724243925e-01,5.827983907686287157e-01,1.150476964765616561e-01,-2.136252889122760013e-01,5.957546486557890875e-01,3.443956780377503968e-01,4.788304165380213306e-01,2.059174856938061626e-01,5.901292367072631384e-01,7.933066387989142765e-01,-4.116799365619430023e-02,6.976493800488942076e-01,5.825737533409545144e-01,5.893704773278741760e-01,3.866665588557174904e-01,4.379881638483958395e-01,2.405670521802308892e-01,8.928373698148589499e-01,-2.111310817049985578e-01,4.497765406450237591e-01,5.079860521011874130e-01,5.774963735755834771e-01,4.940970946195331059e-01,5.491840527201613531e-02,4.154241310755836247e-01,8.069727336275339669e-01,4.190805093908482881e-01,5.755049445559992094e-01,5.616178477251712042e-01,6.264207964631157699e-01,-2.009106242689454591e-01,6.268365409187238724e-01,5.158020249938576329e-01,6.867074296659143595e-01,5.818214407286378398e-01,5.112267701735428993e-01,-3.425910590761251096e-02,-1.183338197052951346e-01,5.610597336022421500e-01,4.188657449652712361e-01
-1.359119321631134247e-01,-5.838004453416777845e-02,-2.881030195775890479e-01,-2.510465518539543028e-01,6.470225259369920268e-02,-1.463126165087089703e-01,-2.769914378876571770e-01,-1.453736937150650887e-01,-1.235613906350719465e-01,-1.596456751274206998e-01,2.188020191796775094e-01,-2.806426129459217989e-01,1.000000000000000000e+00,-2.388059829702531278e-01,3.194145321721478942e-02,-1.505784172119396525e-01,-1.628062333474164791e-01,-1.340946159326560916e-01,-9.996432856662434974e-02,-3.134679016030618159e-01,-2.355597693518728941e-01,-3.097679913870071133e-01,-2.112084773996150411e-01,-2.253428751168971567e-01,3.655834973201302907e-01,-3.539001711181296028e-01,-1.067718259814822296e-01,-1.945853968808608503e-01,-2.110199941051770778e-01,-3.309062253731325232e-01,1.232048545276598905e-01,2.497198190124307882e-01,-3.440781411019154801e-01,-8.506436519740871727e-02,-1.982066571532869470e-01,-1.130285587212766056e-02,-4.065418300056666268e-01,-2.560131099686577261e-01,7.065915618002886756e-02,-8.792190184329788660e-02,-4.218696517356245179e-01,-1.969287870219699754e-01,-2.133340630574709906e-01,-1.609104341722144282e-01,-6.072359220938118585e-02,-2.758522375454439124e-01,3.995782255379543568e-01,-2.291229476457577741e-01,-7.107723474790518525e-02,-2.015372190294205113e-01,-1.719453941494003824e-01,-3.589871769254535105e-02,-9.437599681908920290e-02,-2.950029585200965587e-01,-2.113184148442170951e-01,-2.872438092755147387e-01,-2.166554411088897347e-01,-2.580808750984160960e-01,2.722751092594839495e-01,-4.478886571898425539e-01,-2.480646882032538358e-01,-1.886561700901036587e-01,-2.508441881099317539e-01,-2.360298323385879027e-01,2.585752642176633587e-01,2.642664104776304423e-01,-3.362579205257716364e-01,-9.374487420920189773e-02
5.387937172508087125e-01,-4.758448817064155241e-03,6.030662879328231307e-01,3.212448363924424455e-01,2.749309472900393278e-02,2.728889186296277747e-01,7.036551266927263404e-01,4.683407956475045264e-01,5.369200473536678286e-01,2.085562031408403350e-01,-4.283670051810610502e-02,3.786464345271722820e-01,-2.388059829702531278e-01,1.000000000000000000e+00,2.578278800580180441e-01,3.339090281719452880e-01,1.861165993454731438e-01,6.655412457754044109e-01,4.432315846393602987e-01,4.971394220114770945e-01,3.875353095512925061e-01,3.954452545513267303e-01,3.284008461393155276e-01,5.567846027663796438e-01,-3.402775984053457714e-02,3.989434982551650632e-01,5.270730974899843213e-01,1.225435007109929586e-01,4.519192649045308263e-01,4.675199027712244604e-01,-3.470297247343759328e-02,-2.952901462724151771e-01,4.834767985802759238e-01,1.810123947511964870e-01,5.012473176750025239e-01,-3.648501127546835421e-02,5.443718204182441678e-01,3.057526312110552813e-01,-1.588410079262769503e-01,1.759386639335301372e-01,6.417655146087428708e-01,3.564747177066612815e-01,5.417409488919274763e-01,2.302408663955557155e-01,1.561854004414517938e-01,4.252002536891030249e-01,2.665891734834172425e-02,7.280838051594068494e-01,2.979064367397116220e-01,3.326577644953066515e-01,8.246487807759365907e-02,3.105095475869187327e-01,2.720881771668797189e-01,4.907573413473456658e-01,4.236359177992460312e-01,3.173374557276024688e-01,3.939285471085021695e-01,4.176216752017903322e-01,-1.235314690929169013e-01,3.853515913589620201e-01,4.483749822491539527e-01,1.425643763226630834e-01,4.547225655780329223e-01,2.329125195963223649e-01,-4.190492313736787766e-02,-6.303567396180595472e-02,4.563235956981518404e-01,1.781126734534233813e-01
1.297347902463299174e-01,1.641517592798221944e-02,3.293211755142400610e-01,2.083026438771398980e-01,1.415850434916436640e-01,4.171671868742046763e-01,3.660333146162688678e-01,4.115992902535298148e-01,3.088494211037144388e-01,1.713204200263873100e-01,8.112050422048505682e-02,3.408746461379384418e-01,3.194145321721478942e-02,2.578278800580180441e-01,1.000000000000000000e+00,1.925780750150250242e-01,1.553403921134503263e-01,1.465783823209092784e-01,2.344054613304707158e-01,2.387163028567709788e-01,1.135123573260038154e-01,2.480931542169673987e-01,1.680305566494228187e-01,3.169724049366980934e-01,1.754147971608278900e-01,1.914567035426965325e-01,3.146631421716672983e-01,2.632120913657653438e-01,1.692256315147843693e-01,2.172386102289010634e-01,1.083712149420014009e-01,-3.244329175207543575e-02,2.530514994543847096e-01,1.582605225860803655e-01,1.273633347132022420e-01,-3.539558755961767951e-03,3.473988528537641507e-01,2.129971324308240765e-01,3.982833388513576378e-02,3.674250984952178722e-01,3.329539350159377298e-01,3.409174081451066263e-01,3.427490375029997871e-01,1.636416360048488228e-01,7.805360925422977214e-02,3.589003156103242609e-01,1.048415501927052323e-01,3.090490393802201585e-01,4.029304024150192620e-01,2.279438679333910811e-01,1.128554068268488447e-01,1.713424750925006401e-01,1.291473473170812736e-01,2.605793428692637637e-01,1.010627660501111913e-01,2.172825838703677237e-01,1.726677046857059417e-01,3.366066924385329728e-01,4.128378030043480112e-02,2.184955606923647820e-01,2.820896560078590687e-01,2.691197918714985926e-01,1.997294779406462439e-01,1.354172906139584076e-01,1.270066295406483692e-01,2.046710489570093341e-02,2.130185805357248940e-01,1.560742178277090830e-01
2.898105591278496429e-01,4.311263145684147702e-01,3.383725857570682449e-01,4.169311561649490794e-01,-7.389573440282775491e-03,3.679848400165394162e-01,4.529397032714506111e-01,3.424133613371853624e-01,2.576145614081502000e-01,2.841529081112441624e-01,5.852434781912481399e-02,4.267888352456763457e-01,-1.505784172119396525e-01,3.339090281719452880e-01,1.925780750150250242e-01,1.000000000000000000e+00,3.604874158750246416e-01,1.542961789334656476e-02,2.522116003637153159e-01,5.617465299295336667e-01,7.351179190225987092e-01,5.929166383276570640e-01,7.725945222580441474e-01,5.241221053694056220e-01,-3.871186014083353305e-02,5.277204998542909253e-01,5.893290924547379683e-01,4.827515151103258795e-01,4.683814875564234481e-01,6.013887264268203969e-01,1.224364442306748700e-02,-1.957093746254083833e-01,5.879573185467084073e-01,3.895177158554570251e-01,3.484408592593024601e-01,3.466334683219934876e-01,4.722649147914815271e-01,3.768594959500595198e-01,5.720181394243163686e-03,3.221499133278452609e-01,4.885044054664976487e-01,3.603001091530781963e-01,3.867906385615044185e-01,2.799905163715138978e-01,1.967465455505611194e-01,4.816892058774266405e-01,-1.227035840025458846e-02,3.785013325632107795e-01,3.487459618895026869e-01,7.945498172497097444e-01,3.554316511177154636e-01,-1.007801313904966717e-01,2.543911536065316392e-01,5.426574455127565200e-01,7.431892248640572518e-01,5.466299377838238494e-01,7.868032530963778859e-01,6.026792655358500506e-01,-1.418583519337777710e-01,5.427349119519436771e-01,6.629915052977486400e-01,4.675964473587205239e-01,5.662104976311610471e-01,5.896778922407337475e-01,-7.730246805594846726e-02,-2.481070313100321514e-02,6.042295645075591581e-01,4.103387173293576162e-01
4.898843503822751244e-01,4.702412256069333774e-01,4.490829524558231367e-01,4.079059072242954831e-01,-8.181322996603367093e-02,6.261599446273107272e-01,3.526013203038751431e-01,4.817910985728917628e-01,-3.533566431794478435e-02,3.991029211983415093e-01,3.034397022740637495e-01,5.324296667305871145e-01,-1.628062333474164791e-01,1.861165993454731438e-01,1.553403921134503263e-01,3.604874158750246416e-01,1.000000000000000000e+00,1.727075766759915421e-02,6.332849197935298546e-01,5.007608766603509620e-01,3.224530388211038212e-01,4.899868501756460271e-01,5.030864066636713261e-01,3.083917690596296168e-01,-2.059809708372972725e-01,6.557695334303079715e-01,4.464084990989030666e-01,6.818387270635299924e-01,4.010847495158262332e-01,7.360665462449793583e-01,1.169515751698149975e-01,-1.511366158341030941e-01,3.996749207761930989e-01,4.420484999444330154e-01,4.867326148961162446e-01,3.776342092927418848e-01,4.610477786639839426e-01,4.042340246216277189e-01,-1.285600221586923053e-02,6.169686263519286173e-01,3.412724709513558219e-01,5.454521781953234338e-01,5.969634943885670370e-02,3.229860414658141110e-01,3.428193953718277065e-01,5.460418312721947443e-01,-2.049513956892657085e-01,2.890409663429425180e-01,3.540575475671412509e-01,5.255934205242047685e-01,7.535158614973999081e-01,-2.984833641281448013e-02,6.688811887540241363e-01,4.943665427727012562e-01,3.293437847972376376e-01,4.562655932301499795e-01,5.623445508208730903e-01,4.470399722825552091e-01,-2.413854877116002884e-01,5.492580484281649467e-01,5.207426605884386550e-01,6.956384965390591812e-01,5.165522262218830152e-01,7.325090176722786062e-01,4.427424933194709991e-03,-1.561656468596225589e-01,4.310927907801625492e-01,5.136061466581988144e-01
2.580728314795535661e-01,-2.015016290007300703e-01,3.938649259321508334e-01,1.238414395580475086e-01,2.197847349113045759e-02,1.105571705726024895e-01,4.002496652183265002e-01,2.999422033967397705e-01,3.084275606244892831e-01,5.098427183603933266e-02,3.869692744678571855e-02,1.486328000016486905e-01,-1.340946159326560916e-01,6.655412457754044109e-01,1.465783823209092784e-01,1.542961789334656476e-02,1.727075766759915421e-02,1.000000000000000000e+00,3.987813551508835319e-01,1.939822913921950276e-01,6.578253183952943728e-02,6.524881959020756295e-02,1.980171957104398528e-02,1.307220204148231701e-01,-1.386474542699592596e-02,8.531847392316074807e-02,2.380949882396385942e-01,-6.034538465596415990e-02,2.087520537377677565e-01,1.478613622606042566e-01,1.592199638044208138e-02,-2.014695409040281882e-01,2.487305225057268032e-01,-4.496439690725094820e-03,2.401836970761934142e-01,-2.046911689148509239e-01,2.919875033786923924e-01,1.386378715010941343e-01,-1.049943034957643712e-01,5.057098472040807979e-02,3.493339481479684761e-01,1.564691951642805945e-01,2.503836577096241744e-01,7.889979541857601586e-02,1.239608502949349905e-01,1.778007828637291343e-01,3.818530366547261135e-02,4.492871732406176766e-01,7.800399425046887492e-02,6.163718461550695554e-02,-6.843125853260449698e-02,5.247750213883077830e-01,1.856147971443773970e-01,2.076163802732403918e-01,9.513438733973410277e-02,4.816631212694119646e-02,5.983885037573551807e-02,3.906086944406706590e-02,-8.581943529821561834e-02,9.529822124115809590e-02,1.122967952334273101e-01,-3.237932551942909049e-02,1.826551588128405290e-01,-3.303009307178781523e-02,1.060913711063700138e-01,-5.774079076391187837e-02,2.019861560867902694e-01,-1.399527109542043207e-02
5.263982547157433078e-01,1.310976569855292762e-01,5.852795949041423862e-01,3.608917267143224028e-01,-6.542048079741423494e-02,5.476248625932661485e-01,5.464164621801604893e-01,5.600549184637827471e-01,1.956408277429781406e-01,3.235054764189453369e-01,2.599116697709467072e-01,4.555708299995464561e-01,-9.996432856662434974e-02,4.432315846393602987e-01,2.344054613304707158e-01,2.522116003637153159e-01,6.332849197935298546e-01,3.987813551508835319e-01,1.000000000000000000e+00,4.636782749278076654e-01,2.393492459616447243e-01,3.437457225617731038e-01,3.351259407426693815e-01,3.102741206401838370e-01,-6.352825052284587215e-02,4.963484543548903338e-01,4.141050329743978797e-01,4.560146151990057684e-01,3.703919072616628783e-01,5.801450798592395763e-01,2.764770195824768906e-01,-2.238904531858908753e-01,3.816320907090834935e-01,2.565897364573282990e-01,4.411888132616916258e-01,8.670674711316472827e-02,4.834012516619577426e-01,3.525653314995845222e-01,-1.236149850755010604e-01,4.869392386462488842e-01,4.249478842472295126e-01,4.962244158477168710e-01,2.027336509734996295e-01,2.826504065042729219e-01,3.239870970257701654e-01,4.884731617889264133e-01,-2.453977682209104033e-02,4.754673088895470801e-01,3.307424119365000026e-01,3.934198519260442284e-01,4.467863824572086417e-01,2.874404404735165230e-01,5.929104539978220512e-01,4.625931775985808736e-01,2.502464191953115979e-01,3.031828903681552112e-01,3.822247281818021425e-01,3.331858426464076595e-01,-1.812853229128693067e-01,3.931972510580727942e-01,3.616655610170196877e-01,4.611938408741569906e-01,4.495334989996127573e-01,4.348125668034933389e-01,1.281655286576439401e-01,-1.213618282961837352e-01,3.746713313068579798e-01,3.057075657497539956e-01
5.037921748094111862e-01,2.804846871525232821e-01,5.560332156301327489e-01,7.889100119689218538e-01,-1.250467339042133919e-01,5.854278994611269438e-01,6.223771614548497810e-01,4.676380960769923045e-01,3.934718608476817647e-01,5.944195903785620683e-01,4.888764000672284754e-02,7.721625433335517208e-01,-3.134679016030618159e-01,4.971394220114770945e-01,2.387163028567709788e-01,5.617465299295336667e-01,5.007608766603509620e-01,1.939822913921950276e-01,4.636782749278076654e-01,1.000000000000000000e+00,6.466557934068862812e-01,6.427736784542836812e-01,6.339921083642945376e-01,5.684420221920376548e-01,-1.212840022953774882e-01,6.286407257251295233e-01,4.778243052959058601e-01,5.285605851600542193e-01,6.395726680870835734e-01,6.554856291816033576e-01,4.493090088306889857e-02,-3.011217549810306093e-01,7.191884321993997631e-01,3.946949205814143102e-01,6.047974792571327862e-01,2.353600226515240312e-01,6.709537984205145023e-01,7.541873608351299385e-01,-1.531891859941571232e-01,4.941441061279540636e-01,7.181114576089894230e-01,5.433069444951131866e-01,4.914637404003190935e-01,5.651182180546037159e-01,3.110384480325922296e-01,8.052210392114256265e-01,-6.945977226069924293e-02,6.202871779334037106e-01,4.366654984906099823e-01,6.616357292417884839e-01,4.543062892225012139e-01,1.250207770699683363e-01,4.519635004069895157e-01,9.003722596783001464e-01,6.209645933576724008e-01,5.655171772711603539e-01,6.636443553273277951e-01,6.504954390756109150e-01,-1.284481029155636889e-01,7.456237432946926091e-01,6.508788064049505495e-01,5.122574259758130300e-01,6.902651803123663887e-01,5.611135762037918751e-01,-7.494350125062601564e-02,-2.196431251866686474e-01,7.232384182952089624e-01,3.843684577387380674e-01
3.274265783950608411e-01,4.128980892311275297e-01,3.077357513231055441e-01,5.105354061628921691e-01,-4.588707676366917364e-03,2.888774053656936180e-01,4.373790747316271821e-01,2.823446835139103994e-01,2.717481913777630709e-01,2.893074748180011757e-01,-2.582067433911364521e-02,4.569073735650857615e-01,-2.355597693518728941e-01,3.875353095512925061e-01,1.135123573260038154e-01,7.351179190225987092e-01,3.224530388211038212e-01,6.578253183952943728e-02,2.393492459616447243e-01,6.466557934068862812e-01,1.000000000000000000e+00,5.717458176361513988e-01,8.937351131742919952e-01,5.260105140335206153e-01,-1.498554371084230841e-01,5.614284983846121735e-01,4.528934169581819158e-01,4.328923747158056612e-01,5.856521094322402199e-01,5.795060442927253419e-01,-3.203713722576080614e-02,-2.312214220888878513e-01,6.959098505993041028e-01,4.749840765872327952e-01,4.590259711704650636e-01,3.181707138262392931e-01,4.455278051178411802e-01,4.565347808767603599e-01,-1.307427584481474572e-02,2.320233942566186647e-01,4.993036699401179890e-01,3.213791866664724717e-01,4.463593592085128292e-01,2.915117309565170012e-01,2.070329901822350605e-01,5.170450739312476562e-01,-8.460080436772772494e-02,4.056359124304849684e-01,2.343435973927517901e-01,7.082935261282575778e-01,3.634729262580172482e-01,-1.435256938748010747e-01,2.492926649036719955e-01,6.108051677253799605e-01,9.172444282708791530e-01,5.602458602827776746e-01,8.647878585862377454e-01,5.806497722382698568e-01,-1.769354520733601999e-01,5.525188337837967367e-01,5.668812514801331304e-01,4.088562284338037589e-01,6.579960273881907407e-01,5.595463134630580537e-01,-1.891332555293405160e-01,-6.622606408197389584e-03,6.644313309692257974e-01,5.051285939599398089e-01
3.626013719244713940e-01,4.484751458557186266e-01,4.900395931352533596e-01,5.626204846709447205e-01,-4.160021226496715338e-03,4.846835560566347678e-01,5.782744942234442354e-01,3.951321533318402079e-01,3.523909625768736342e-01,3.320785233388320878e-01,9.729286969342207381e-02,6.112625132977096420e-01,-3.097679913870071133e-01,3.954452545513267303e-01,2.480931542169673987e-01,5.929166383276570640e-01,4.899868501756460271e-01,6.524881959020756295e-02,3.437457225617731038e-01,6.427736784542836812e-01,5.717458176361513988e-01,1.000000000000000000e+00,6.153263468086638266e-01,6.810854190754108695e-01,-1.277089404622525071e-01,6.957653662919491833e-01,5.360253666707973652e-01,6.035926605978970683e-01,4.939080349724289665e-01,7.193487853784356068e-01,3.108310306685845709e-02,-2.012760384795792834e-01,6.443168933588806491e-01,4.308778709096487414e-01,4.151713103442290498e-01,3.725935279672736300e-01,6.172125834522999011e-01,5.469834444828236553e-01,1.550738806013144365e-02,4.443032134252244414e-01,6.396473068675064821e-01,5.035971292485412754e-01,5.073523529243455510e-01,3.130440133896593147e-01,3.232461938886933006e-01,6.150630720304195442e-01,-1.667284219001162193e-01,5.001805768025607835e-01,4.267835085048432009e-01,6.533700483127227177e-01,5.106856675112163568e-01,-5.769632412585135733e-02,3.866891098306481922e-01,6.235643944248168147e-01,5.400170770917452900e-01,6.909015437742400678e-01,6.493374417873474247e-01,7.842424509221513906e-01,-1.451949293405217223e-01,7.409109945371161743e-01,7.129482563927006522e-01,5.781134678595412080e-01,6.176767075113382965e-01,6.657413063895425420e-01,-1.639349569983018229e-01,-8.397095063846174434e-02,6.396516683145589965e-01,4.575467827117051245e-01
3.250687534106085352e-01,4.971325986110258777e-01,3.470894884300629868e-01,5.508162870106977360e-01,3.863843461186874245e-02,4.436808916463917396e-01,4.341456151753130266e-01,4.163565946824161479e-01,2.018555656434375400e-01,3.024154905976750296e-01,5.622844391093363703e-02,5.282501125280046894e-01,-2.112084773996150411e-01,3.284008461393155276e-01,1.680305566494228187e-01,7.725945222580441474e-01,5.030864066636713261e-01,1.980171957104398528e-02,3.351259407426693815e-01,6.339921083642945376e-01,8.937351131742919952e-01,6.153263468086638266e-01,1.000000000000000000e+00,5.026462899413884911e-01,-1.447710971096866361e-01,6.138771303445504923e-01,5.397165618492504313e-01,6.400523989320895391e-01,5.815847293920809458e-01,6.931930232966313499e-01,1.871127173138460373e-02,-1.914598590087429053e-01,6.859818896788296705e-01,5.187656927297239484e-01,4.395003187731003069e-01,3.528688262302451806e-01,4.817687339609609265e-01,4.996963458682581738e-01,4.774732813210472854e-02,3.961295642419347396e-01,4.700806179207291380e-01,4.452130784216142834e-01,3.729373789220337687e-01,2.683577204353372880e-01,2.387060651324118821e-01,5.867781063121356722e-01,-1.520151680271941419e-01,3.692321888883706715e-01,3.143931546436906643e-01,7.887378768379531557e-01,4.916138185303911001e-01,-1.724621921983740258e-01,3.285060853657682522e-01,6.281859376874943113e-01,8.407704711556044375e-01,6.144558758694563805e-01,9.208614542206861042e-01,6.128890195516848438e-01,-2.426866573751361444e-01,5.749736745388219772e-01,6.349120936813427152e-01,6.155205681590822930e-01,6.957973258401348726e-01,6.863823960942629920e-01,-1.289740316497537398e-01,1.995939046231105796e-02,6.370045276186176997e-01,5.835325431634665883e-01
