1.000000000000000000e+00,9.380721050585164381e-03,3.539438936301965155e-01,9.219906071631973898e-02,5.519875720367854038e-02,1.216327161437164017e-01,2.250108833824873700e-01,1.511922075363188178e-01,1.202061591870619804e-02,9.773733364686586211e-02,-9.926161704331156951e-03,4.220035084173213991e-02,-8.253843482853750330e-03,7.253156363862952594e-01,1.067424035988812737e-05,2.741686059459401414e-02,5.418529266664976474e-01,2.431137107802148756e-01,6.192118771226846619e-01,3.258276850916463213e-02,9.738098579064904947e-02,-1.132123709457638766e-01,8.355735803068446710e-02,1.952817896573476319e-01,-5.432181647132484220e-03,1.068973580663584860e-01,3.145179106316127737e-01,-8.818298697868322267e-02,7.957898878311120416e-01,1.266734189656067155e-01,1.422076133948175503e-01,2.475307475180655303e-01,3.513710364386302687e-01,6.867078269169258481e-03,7.785257205012787729e-01,-3.865908515215370211e-02,2.205404757741521171e-01,9.034527436505981890e-02,-9.573230086260611782e-03,7.800875959058389819e-02,2.133979651552903312e-01,2.492516454170821683e-01,-2.974333328682717686e-02,3.859812980054221770e-02,3.084270598398248381e-02,4.743465788376435149e-02,-2.104584447076547279e-02,7.107563467465835005e-01,3.367057618676320974e-02,3.991911859441917010e-02,2.413946685512471380e-01,9.831908292497137936e-02,4.691080071391714457e-01,3.185001973727695501e-02,1.676173020562179705e-01,-1.295926135330514872e-01,1.091445017798578082e-01,1.315416521117200588e-01,-4.707206485616816788e-02,7.464411900953862866e-02,1.842099336016807531e-01,-6.850508453808401566e-02,6.905853815667342133e-01,-7.503276169044875710e-02,2.399584309663024551e-01,2.204320912016545231e-01,3.124630873825153254e-01,8.034078317731042918e-03
9.380721050585164381e-03,1.000000000000000000e+00,1.313277232365668568e-01,3.387906655496082942e-01,-1.160524110698138954e-02,2.479861980044528180e-01,2.143835267348415674e-01,1.438641146958760941e-01,4.018593134268447775e-01,2.422069657145558552e-01,4.541879080298034665e-01,3.304086342182293023e-01,2.601360968990346634e-01,5.655885771338677037e-02,2.688876402343173266e-01,5.307968722158501462e-01,3.471694710886833457e-01,-8.430092879581811693e-02,2.222678074668196502e-01,3.033917690415554036e-01,5.172629723190144135e-01,6.473306718762387169e-01,6.441206242267331072e-01,4.715852688011166749e-01,4.813418713507776059e-01,4.135759464442752553e-01,5.696787745864764219e-01,5.357739034538434586e-01,2.965533578077056975e-01,4.927713909737834741e-01,2.066526309289343916e-02,-6.749511690984835721e-02,4.434024823863366715e-01,6.775695687291671820e-01,2.457620987857022099e-01,7.071912595931290069e-01,2.915178748321444746e-01,3.115424337043299352e-01,7.815786265051938297e-02,2.791383517439033901e-01,1.976397484500746760e-01,1.698560686250706886e-01,3.464604489417347777e-01,2.504706830071073975e-01,4.791894573818323844e-01,3.281981615240301409e-01,2.747612459545653030e-01,4.574975087215483321e-02,3.258205157784346828e-01,5.316027272726349118e-01,4.064897072875003348e-01,-1.098556928041201086e-01,2.981684635675483364e-01,3.494719700007244967e-01,4.666354752931147765e-01,6.625820759619059919e-01,5.917515741133121399e-01,4.992881698728102724e-01,4.356503671911143849e-01,3.704737622489991389e-01,5.638934025778776782e-01,5.076510369277342782e-01,4.101089708741862960e-01,5.952073869800819095e-01,8.237028576188565321e-02,1.338230277286858554e-02,4.939176125115173899e-01,6.415334101234486663e-01
3.539438936301965155e-01,1.313277232365668568e-01,1.000000000000000000e+00,1.357260060085760389e-01,-2.027092506425472521e-02,3.151805239342392317e-01,6.045710672519165607e-01,4.032276835881491994e-01,3.126309948953966411e-01,3.120167546887177012e-01,3.199754662265129612e-01,1.922623989219862106e-01,3.985237538627475762e-01,4.884398465137609890e-01,1.953694955336781336e-01,2.954366037617987134e-02,6.875033420225769021e-01,5.872314051881245556e-01,6.232724406734654332e-01,2.265937756215957166e-01,2.100690293300616351e-01,1.932825898618531213e-01,1.800808147171864271e-01,1.887290232363992293e-01,2.806988712261989649e-01,6.071428354437349295e-01,5.804712245559278117e-01,5.867602728999550543e-02,2.055061818631958304e-01,4.488701810552729321e-01,4.030856040744967839e-01,1.471349448454060682e-01,1.934794242203762005e-01,2.388935502630371854e-01,1.743051143541674841e-01,1.332245579118485068e-01,6.341911224010113868e-01,6.518065341728712658e-02,1.370130057044279502e-02,2.009082399633631000e-01,4.213461497678425705e-01,2.655720760206624620e-01,3.572014251613069291e-01,1.801087160699695877e-01,3.323809532074907813e-01,1.253991825845438557e-01,2.710913711135028992e-01,3.724449900101664546e-01,2.001210254179797421e-01,9.487856280116808982e-02,4.376318531086765273e-01,5.533079156050081382e-01,4.522474655768139451e-01,1.443758447891929642e-01,2.291349927225010130e-01,1.182756628202633609e-01,2.116758462903366722e-01,6.288288167283437313e-02,2.661099232536371928e-01,4.905144242421707879e-01,4.218801640855055490e-01,7.358433900494366908e-02,1.712277297096779505e-01,1.218860974226338989e-01,2.315760919387520878e-01,1.000614025760404452e-01,2.446462479450296768e-01,2.820520815233974465e-01
9.219906071631973898e-02,3.387906655496082942e-01,1.357260060085760389e-01,1.000000000000000000e+00,-6.876626351455646102e-02,2.124063617776534296e-01,4.286777113273163575e-01,-8.268733225056472402e-02,4.930902655690027059e-01,3.859006965673580924e-01,3.832889610731332608e-01,9.077330974311190737e-01,2.787545979648228811e-01,1.626734240886262284e-01,3.195692018478838436e-01,6.552688521992052761e-01,2.428026321434959556e-01,9.945441283292669188e-02,2.241844828130595546e-01,8.679685102208157810e-01,6.540000818632834001e-01,4.380694891202112640e-01,6.103586725703542548e-01,7.443372579161121605e-01,2.744342801960463762e-01,4.842179468284892874e-01,4.888693517113760767e-01,5.426770119944125392e-01,1.746199043584565069e-01,2.509358116394700411e-01,9.108686061070279949e-02,-1.127613289799677954e-01,4.143804430941142036e-01,4.623367512463109064e-01,2.574962342359252698e-01,3.546276610767812310e-01,2.477892897657280880e-01,9.434014317235905889e-01,4.048568073196832928e-02,2.489167215904067032e-01,4.107167912458487558e-01,-4.162892665123540947e-03,3.682578445503364994e-01,3.819196250642069579e-01,4.237440853248795047e-01,8.774696635509517950e-01,3.492126889470518747e-01,2.254607165337686736e-01,4.052349229539609632e-01,6.524568405359565393e-01,2.657878348686306680e-01,1.429893887061022273e-01,3.945983714973618217e-01,8.813489200122918144e-01,6.631897076241667355e-01,5.115248145963294801e-01,6.173228543407072166e-01,7.332958919511893825e-01,3.537856593924697535e-01,4.392345393871890935e-01,5.633727543692608197e-01,4.749639313028046206e-01,2.798728609336968987e-01,3.324240450334450259e-01,1.742418675858225796e-01,4.340693338163332388e-02,4.675662575437249391e-01,4.945930608932970762e-01
5.519875720367854038e-02,-1.160524110698138954e-02,-2.027092506425472521e-02,-6.876626351455646102e-02,1.000000000000000000e+00,2.152541138844184243e-01,-6.295127263359752423e-02,1.467802094335653729e-01,-1.894414201031635950e-02,6.717052441546976504e-02,4.888765874503382680e-02,-1.066234036392297094e-02,4.366524685963264069e-02,4.953843104849240536e-02,1.046271523628551359e-01,-7.070103995883846026e-02,1.680865056599594246e-02,-5.526425625880408872e-03,5.615293396913996482e-02,-9.613781484496550581e-03,-8.908166156276202396e-02,-6.037707215446436182e-02,-7.584669812353367346e-02,-9.211436892097203677e-02,1.680059487836196592e-03,-1.623695349421401812e-01,-5.533345279651821769e-02,-8.180934700627935652e-02,5.883935036888001541e-02,-3.890730526734293565e-02,3.495447615450818918e-02,1.878336027903476368e-01,1.956866995281805049e-02,5.478648740472551182e-02,2.954877751856303456e-02,-2.589470559041645841e-04,-7.325045561972476360e-02,-5.949980373840510484e-02,7.333536908287820177e-02,1.827162917432655909e-01,-9.804001975352527598e-02,1.198289178109589320e-01,-4.106352738452498374e-02,8.250852100840271042e-02,1.277825404574141517e-02,8.134104392168621869e-03,-3.685550975385590549e-03,2.517702352406040595e-02,6.657859396064967628e-02,-8.319017074491245889e-02,-1.418462856578565738e-02,-5.764543127906768955e-02,6.797768420473702770e-03,-8.554060137603528013e-03,-6.478904153379387576e-02,-7.212298185095665504e-02,-4.750893678192942560e-02,-8.907101646528529926e-02,-3.817058521331881393e-02,-1.756541897700396315e-01,-7.955955882090626208e-02,-7.465387401733214467e-02,1.510986370980392686e-02,-4.056322971586848181e-02,-3.389618535063976951e-02,8.326027979516455180e-02,-4.534473338804510117e-02,5.087757969198179742e-02
1.216327161437164017e-01,2.479861980044528180e-01,3.151805239342392317e-01,2.124063617776534296e-01,2.152541138844184243e-01,1.000000000000000000e+00,4.050927376536291313e-01,6.441024123128563650e-01,2.006592212864122815e-01,7.494750328724563149e-01,4.012077669994109086e-01,4.121765314725745477e-01,3.092065395206832767e-01,3.211746910772480534e-01,4.476423254261021056e-01,1.783097749141379640e-01,3.101716362724322718e-01,1.580529055350158307e-01,3.458041628322208738e-01,3.604523038121435485e-01,3.124561920230331524e-01,1.586037343405050648e-01,2.705969369124129331e-01,2.081046914477441279e-01,1.272553138471458622e-01,1.219853396580353189e-01,2.593704481504370274e-01,3.617115108565731041e-01,2.227869197132372747e-01,3.538444906146628877e-01,2.724757725197583524e-01,1.863348790407089173e-01,2.555159396064831112e-01,4.038391453181401358e-01,2.362374933530763110e-01,2.049654312256757593e-01,3.997069749416164997e-01,2.049792102663118842e-01,7.049278223178648273e-02,8.929067975335578389e-01,3.071356709397372042e-01,6.488184210929226481e-01,1.841592354327550862e-01,7.365812496255370601e-01,3.608785878297679495e-01,4.313789580516781408e-01,2.638158281373336744e-01,3.480841628385155651e-01,4.871180793470805126e-01,2.074511497395133408e-01,3.149697553962386709e-01,1.047067515228982254e-01,3.940194448663330573e-01,3.481796161716486648e-01,2.814701082561031353e-01,1.485187951356856106e-01,2.985172632755955235e-01,2.647972325251283787e-01,9.636546466928541665e-02,1.206580005484664542e-01,2.793919817509309400e-01,3.994415841491257280e-01,2.629039907783828345e-01,3.670750531888494761e-01,2.064153570651191538e-01,1.658662939005199899e-01,2.187934910421758250e-01,3.778905869728222400e-01
2.250108833824873700e-01,2.143835267348415674e-01,6.045710672519165607e-01,4.286777113273163575e-01,-6.295127263359752423e-02,4.050927376536291313e-01,1.000000000000000000e+00,4.046774209097357966e-01,5.811355670514503080e-01,5.205948739673973424e-01,3.533162164563480867e-01,4.660282650859220999e-01,5.027748913894072302e-01,6.099738145182996840e-01,3.902931967690507209e-01,3.228918198833022335e-01,2.735006587468651329e-01,4.350508531552144120e-01,2.725156371998210814e-01,4.118436698673038077e-01,4.552563452522015441e-01,4.233884129137550634e-01,3.586653380101758604e-01,6.622149901135482297e-01,2.636413360234645120e-01,6.750256111142279858e-01,5.189406245479549762e-01,4.695691785521718398e-01,1.906977028202323232e-01,4.803435174292411958e-01,4.243077496861976661e-01,9.817732435722556494e-02,2.569676705126707206e-01,3.139739763860707744e-01,2.538730788455345611e-01,1.654525418944628179e-01,5.942624587137930181e-01,3.911756979259407574e-01,2.879861764035310939e-02,3.713522171145882123e-01,8.006671528392631521e-01,3.892559429684394612e-01,5.479318620651801863e-01,4.454978603062403897e-01,3.778059477740645100e-01,4.334630406837446381e-01,4.225497382655529766e-01,5.478196462514363096e-01,4.166227403364682891e-01,3.555453354055613802e-01,2.395996563983802119e-01,4.038117153926163438e-01,3.725842055937888531e-01,3.783422202054437800e-01,4.039076601138675837e-01,3.698959132204691636e-01,3.256872038576357764e-01,5.643055020593966686e-01,3.119034505505404731e-01,6.076740953860797489e-01,5.133207164200380701e-01,4.606896816537533468e-01,2.546415130642191160e-01,3.197980460270857250e-01,3.500545310244742581e-01,7.691271930093096509e-02,3.047138707253846390e-01,3.109698411481612301e-01
1.511922075363188178e-01,1.438641146958760941e-01,4.032276835881491994e-01,-8.268733225056472402e-02,1.467802094335653729e-01,6.441024123128563650e-01,4.046774209097357966e-01,1.000000000000000000e+00,1.633899220774257671e-02,4.489229757281998356e-01,3.275439980289235886e-01,4.753161364332345734e-02,2.074433666267058440e-01,4.649485948187521700e-01,1.930785847595152815e-01,-2.365421078588085188e-03,2.263485650522764903e-01,2.754830520406647554e-01,2.884477860313232056e-01,1.121558280298554783e-02,9.665682046388249238e-02,6.788088575379308542e-02,1.117580009905006777e-01,1.434731582183478016e-02,3.834998870883121053e-02,2.004121257797156497e-01,2.018055432257890858e-01,2.934894068125334932e-01,1.553526894982614759e-01,5.084248761967028463e-01,3.016780790495294795e-01,1.667402004306424435e-01,7.381103816694710440e-02,2.077250091086507988e-01,1.955357890346541005e-01,7.465029967984210257e-02,3.705427273692139534e-01,-7.357655544301812400e-02,-9.836687346194909753e-03,5.689129495056152175e-01,2.309183889230382314e-01,7.946028090751467987e-01,3.521250928896434845e-02,4.166843343474416761e-01,2.362196508469385781e-01,6.135492125539647457e-02,8.433124401032666972e-02,3.365924515254943294e-01,2.001319212361463706e-01,3.686826918787695917e-02,2.307863599028155410e-01,9.629374842506022159e-02,2.346077353978593405e-01,1.063827552818990760e-02,3.932527739462524097e-02,1.584371090714580335e-02,9.077130693303656073e-02,3.772778525808134775e-02,-1.149198544003826941e-02,1.052937137289126635e-01,1.293378117047545850e-01,3.471215856390553189e-01,1.682548263666879818e-01,3.454951085170413494e-01,2.030479820524727363e-01,9.423294268268068985e-02,5.677884535517555703e-02,1.325189614058042697e-01
1.202061591870619804e-02,4.018593134268447775e-01,3.126309948953966411e-01,4.930902655690027059e-01,-1.894414201031635950e-02,2.006592212864122815e-01,5.811355670514503080e-01,1.633899220774257671e-02,1.000000000000000000e+00,3.093223561301267632e-01,4.071902202596024423e-01,5.012769985456613231e-01,4.880721349119786501e-01,1.311212882402673086e-01,4.162480105615387060e-01,4.506585831786565910e-01,2.219504243860487558e-01,5.851822217186873620e-02,1.476264295813860816e-01,4.261027076268644742e-01,4.694282304183261534e-01,6.049205232739508498e-01,4.429808265220275265e-01,7.064663114877296479e-01,4.912692028806238675e-01,4.977344876385628170e-01,4.667899112464762301e-01,3.671731835555210322e-01,1.370006436723606447e-01,2.407843930959857326e-01,2.090063381519430830e-01,-3.620505267049703435e-02,3.562178931271399174e-01,4.760832500444870941e-01,1.132800848531148180e-01,4.250206934006889870e-01,3.123139458910704769e-01,4.660753933834795304e-01,8.779645056100177092e-02,1.982209636669849395e-01,4.646148625213748495e-01,3.389924955327833916e-02,7.100589789265787655e-01,2.616857919397995724e-01,4.200372746677668578e-01,4.661988445523746472e-01,4.826798086408920496e-01,1.614004964422173227e-01,4.269509740065581815e-01,4.595828358834291860e-01,2.379714410779029121e-01,1.585069015528957903e-01,2.994871131491306238e-01,4.527114443929167731e-01,4.642340655560861507e-01,5.874396129593457694e-01,4.465289691555788809e-01,5.861819719065461953e-01,5.183383975116977460e-01,4.651612831179089969e-01,5.208801893771636271e-01,3.432144348590667193e-01,2.216311890276237984e-01,2.999673214913689545e-01,1.742694497308486801e-01,5.143637743357346720e-02,3.863993878928183023e-01,4.828661317252790353e-01
9.773733364686586211e-02,2.422069657145558552e-01,3.120167546887177012e-01,3.859006965673580924e-01,6.717052441546976504e-02,7.494750328724563149e-01,5.205948739673973424e-01,4.489229757281998356e-01,3.093223561301267632e-01,1.000000000000000000e+00,3.429812949966676849e-01,5.131668019331212527e-01,3.031417588284104903e-01,3.148239052813275873e-01,3.740785998843718652e-01,2.642154951027887999e-01,2.411067263331072019e-01,1.394014889200415885e-01,2.497552651005359448e-01,5.269344267061406573e-01,4.280592139685984732e-01,2.524975830748590333e-01,3.367648672398713128e-01,3.592946247300123352e-01,1.489508042061329085e-01,2.934623529355645521e-01,2.899212818976747430e-01,4.997620281701696254e-01,1.607139657262592058e-01,3.542180311841366391e-01,3.095209104511256193e-01,6.864140190563872146e-02,2.516306912098411619e-01,3.559670189934845963e-01,1.976486781061093378e-01,1.893496950199701490e-01,4.537472117018306328e-01,3.796642379441486082e-01,5.197278771513703238e-02,7.244340982465348189e-01,4.367946980748476093e-01,5.029531936641571388e-01,2.825035254435888099e-01,9.262848542976553912e-01,3.866957128882446137e-01,5.456885155128767817e-01,3.301195791711709071e-01,3.366501251563655539e-01,4.518501853306968741e-01,2.966963609983646610e-01,2.407742921101820865e-01,1.305841518208578633e-01,3.542447889363244395e-01,5.065409499428419338e-01,3.791161571134219477e-01,2.478938025787331689e-01,3.398701815265873782e-01,4.081021235739828446e-01,1.566058279277274534e-01,3.098650557563312757e-01,3.388430100888325525e-01,5.293089321676451853e-01,2.278112650411281692e-01,3.542735934673429399e-01,3.152148492891665987e-01,8.682228833788058209e-02,2.623894455965937178e-01,3.564672094068179753e-01
-9.926161704331156951e-03,4.541879080298034665e-01,3.199754662265129612e-01,3.832889610731332608e-01,4.888765874503382680e-02,4.012077669994109086e-01,3.533162164563480867e-01,3.275439980289235886e-01,4.071902202596024423e-01,3.429812949966676849e-01,1.000000000000000000e+00,4.360679702633625254e-01,4.148959449794602516e-01,1.149511025277988041e-01,3.801046231855497726e-01,3.676575026848138972e-01,4.005625264673839392e-01,6.572210221535992880e-02,3.353807793799117309e-01,3.754904942743911844e-01,3.977790279435650667e-01,4.789332140521768144e-01,4.692998825349135039e-01,4.207910698385891046e-01,4.330657088905074947e-01,4.403061156822882238e-01,5.222188674283020360e-01,4.239582575624459837e-01,1.886336242218392134e-01,4.783626288089373735e-01,1.103018586406731422e-01,1.064110930641237567e-02,3.339124895211154076e-01,5.571217188584089985e-01,1.811368591545207407e-01,4.837153718063520458e-01,3.897303633501764120e-01,3.377553365126729767e-01,4.950584742929653448e-02,3.638831748483987716e-01,2.721136546716368954e-01,2.451384985234566771e-01,3.391556836394148955e-01,3.066138681630029006e-01,5.856791822872357001e-01,4.025804463210165274e-01,3.439661218320967939e-01,1.267256814190896308e-01,3.728002982310626989e-01,3.645927433947749874e-01,5.105233430914829507e-01,1.343670521868180201e-01,4.958058470482780145e-01,3.955215224863876111e-01,3.720531074860261578e-01,4.496351410626978629e-01,4.670225988207803991e-01,4.048509073692960203e-01,4.398562616394678382e-01,3.772309727093782206e-01,5.500971877702557356e-01,3.783501396273294959e-01,2.521856831776939090e-01,5.038344815403928978e-01,4.149933790574915349e-02,5.926793433974968106e-02,3.344637437291200222e-01,5.122304520764772162e-01
4.220035084173213991e-02,3.304086342182293023e-01,1.922623989219862106e-01,9.077330974311190737e-01,-1.066234036392297094e-02,4.121765314725745477e-01,4.660282650859220999e-01,4.753161364332345734e-02,5.012769985456613231e-01,5.131668019331212527e-01,4.360679702633625254e-01,1.000000000000000000e+00,3.032606574436534363e-01,1.625979553189206006e-01,4.271115675104752429e-01,6.039079517678699327e-01,2.781570536239202918e-01,1.409124558117405834e-01,2.647440502583055522e-01,9.204149967866664950e-01,6.330868866828686103e-01,4.091735198250439076e-01,5.671222047767717767e-01,6.901104513711123767e-01,2.377870895105975158e-01,4.405705818325083012e-01,4.595249119219875222e-01,5.675125798437592461e-01,1.366599512343392164e-01,2.841978240661252042e-01,1.403361704896743112e-01,-7.584454037694593476e-02,3.968737082608805866e-01,4.865520530340295413e-01,1.971425780821067508e-01,3.343311972393213649e-01,3.002285677862678304e-01,8.632228498786780335e-01,4.127964474766512154e-02,4.164281963431241129e-01,4.201883207193792269e-01,1.142283506926760062e-01,3.609713919780044855e-01,5.018191478513646109e-01,4.620457664940192943e-01,9.360881085129564294e-01,3.523806199683275908e-01,2.220943090792391883e-01,4.915348829621978277e-01,6.131957076217658953e-01,3.031413115915295720e-01,1.723643032743770731e-01,4.164851677145116615e-01,9.066469488600430449e-01,6.234123867911325334e-01,4.806359181842379535e-01,5.811640017902803823e-01,6.983201798164340168e-01,3.199124154764321215e-01,4.000240757666619906e-01,5.322823159324430176e-01,5.095676542602273207e-01,2.328550860584625293e-01,3.619535106068547115e-01,1.912750767101777383e-01,3.560329697968225154e-02,4.224541673832235000e-01,5.135533458803169804e-01
-8.253843482853750330e-03,2.601360968990346634e-01,3.985237538627475762e-01,2.787545979648228811e-01,4.366524685963264069e-02,3.092065395206832767e-01,5.027748913894072302e-01,2.074433666267058440e-01,4.880721349119786501e-01,3.031417588284104903e-01,4.148959449794602516e-01,3.032606574436534363e-01,1.000000000000000000e+00,2.236364552770347125e-01,4.211020518337745822e-01,2.649869772576779470e-01,1.866889131432161453e-01,1.992898830616839367e-01,1.594606781262170314e-01,2.421227526429943488e-01,3.377198136194421996e-01,3.257971780187841615e-01,2.773943245969475169e-01,3.795512251916584590e-01,5.437805466582927849e-01,3.783418890620472430e-01,3.884593869653448217e-01,2.492787943087102775e-01,7.493129653393716672e-02,1.449107445758366919e-01,3.718658893302470014e-01,1.363298081580082977e-01,1.924702733535461896e-01,4.080843472609624878e-01,1.201004811541450147e-02,2.642475103496155775e-01,3.033514027726502138e-01,2.623579161687109029e-01,5.576084898300049525e-02,2.790176442864840123e-01,3.128202449161563981e-01,1.627547414477538978e-01,4.111356277061185005e-01,2.661149659145943258e-01,3.674661639940577373e-01,2.972391531485205629e-01,6.320609786589383994e-01,1.795327343536234910e-01,3.883880934204346214e-01,2.677929099056338136e-01,1.174478619185231609e-01,1.504618225478453475e-01,2.074181941096580883e-01,2.521640027902317671e-01,3.223697825250331772e-01,2.755360393415132170e-01,2.867837397795469645e-01,2.964524282749642081e-01,4.615707848902530497e-01,3.082505934664262481e-01,3.751936257255911178e-01,2.631071286519011676e-01,1.366071413191015660e-01,1.526244456556909435e-01,2.416177594786822203e-01,1.068452960800416185e-01,2.164392321276157605e-01,3.952075124673384288e-01
7.253156363862952594e-01,5.655885771338677037e-02,4.884398465137609890e-01,1.626734240886262284e-01,4.953843104849240536e-02,3.211746910772480534e-01,6.099738145182996840e-01,4.649485948187521700e-01,1.311212882402673086e-01,3.148239052813275873e-01,1.149511025277988041e-01,1.625979553189206006e-01,2.236364552770347125e-01,1.000000000000000000e+00,1.581764187191872506e-01,1.355481068988215743e-01,4.098564638913024250e-01,4.701955216942683702e-01,5.205608753026735869e-01,1.317941503483330556e-01,2.221711636709590432e-01,2.437523560563552988e-02,1.814339456152320174e-01,3.240684952330569746e-01,4.521060938623402969e-02,3.434530537281351714e-01,4.164976580147501939e-01,1.574985485868407031e-01,5.742229997801457930e-01,3.684604838698254392e-01,3.961907690071959642e-01,2.724903175843133019e-01,2.586868062737552876e-01,1.417248931233953957e-01,6.765715830499229311e-01,-4.617646913646931278e-02,4.348179089788131724e-01,1.569279081906668483e-01,6.571577241861087902e-03,2.824169016131934384e-01,5.292585416470382276e-01,5.182150467222907952e-01,1.224461198223960878e-01,2.439055835916418280e-01,1.695651411276504483e-01,1.667389771538047849e-01,1.756137881355788188e-01,8.714619564482457559e-01,1.680977970171445290e-01,1.579010025379806725e-01,2.380305821532583965e-01,3.116495121884279573e-01,4.596608316821210738e-01,1.119797931860549156e-01,2.480971159271651849e-01,7.233582886952544082e-03,1.739736923351426212e-01,2.757214544931179678e-01,3.989434831826974004e-02,3.022693484002776931e-01,3.260374456777388463e-01,1.813322634759827745e-01,5.429117018611173684e-01,1.411485972929292787e-01,4.088332935237921628e-01,2.122396729279101557e-01,2.547460299208935686e-01,1.246181418101951349e-01
1.067424035988812737e-05,2.688876402343173266e-01,1.953694955336781336e-01,3.195692018478838436e-01,1.046271523628551359e-01,4.476423254261021056e-01,3.902931967690507209e-01,1.930785847595152815e-01,4.162480105615387060e-01,3.740785998843718652e-01,3.801046231855497726e-01,4.271115675104752429e-01,4.211020518337745822e-01,1.581764187191872506e-01,1.000000000000000000e+00,3.528884602273026916e-01,1.591645108274501730e-01,7.971128260956465705e-03,1.555853848877646051e-01,3.246267105431691613e-01,3.558612959624147254e-01,2.860879241517781946e-01,3.278096497602185355e-01,4.352475234669377913e-01,2.897088738473538871e-01,2.135359403082528196e-01,2.531681485373611928e-01,3.329787552497515124e-01,1.448986490829914375e-01,1.411768612028144743e-01,1.397420976407930948e-01,6.764597926754220558e-02,2.240706578459858711e-01,4.070977121590024783e-01,1.072923510034540645e-01,2.733230981247734004e-01,3.051349254117070031e-01,3.083120252922748050e-01,7.422825713560646244e-02,4.200069644726400764e-01,3.404821455209697811e-01,2.400676928777932539e-01,3.313843187386578681e-01,3.528050779450916385e-01,3.667401487398903037e-01,4.193265637762837450e-01,4.149197545170691392e-01,2.125698595270991142e-01,5.341327976312181258e-01,3.346087957030998150e-01,2.223388240340808120e-01,1.117073415073070175e-01,3.047781864654715567e-01,3.487130329900294257e-01,3.093162725946217440e-01,3.195236677634998856e-01,3.109877954623642693e-01,4.331969287355801335e-01,2.819391413044280981e-01,2.485587379384783246e-01,3.470954280663093861e-01,3.126368909101336357e-01,1.893530121419801648e-01,2.553695741337798086e-01,1.557750541132573441e-01,1.301158334161907348e-01,1.882018916790003382e-01,3.930642271667730281e-01
2.741686059459401414e-02,5.307968722158501462e-01,2.954366037617987134e-02,6.552688521992052761e-01,-7.070103995883846026e-02,1.783097749141379640e-01,3.228918198833022335e-01,-2.365421078588085188e-03,4.506585831786565910e-01,2.642154951027887999e-01,3.676575026848138972e-01,6.039079517678699327e-01,2.649869772576779470e-01,1.355481068988215743e-01,3.528884602273026916e-01,1.000000000000000000e+00,1.943493289666771151e-01,-5.492005310853326910e-02,1.701402300736819806e-01,5.284296751648888124e-01,7.856584932186977399e-01,5.526278244311254584e-01,8.491029814474617687e-01,6.963361904930991386e-01,3.276344803570903630e-01,3.765026500155714273e-01,5.143380309748331047e-01,6.629201688624651867e-01,2.522352743427784816e-01,3.519655160346784606e-01,6.909372327129369162e-02,-9.014100791216678177e-02,4.412558766343471772e-01,6.515658991636947839e-01,2.892331948544233367e-01,5.012833298067748133e-01,2.649155232411969929e-01,6.579116388908266000e-01,6.895537345638398652e-02,2.047928141946326053e-01,3.409895046230326798e-01,3.177668348143902755e-02,3.320505853150673148e-01,2.563155571322890403e-01,4.460909313697651868e-01,5.978910474146486020e-01,3.434418930404768422e-01,1.632203472556252033e-01,4.261455816664697638e-01,9.536973762470289939e-01,2.773359719351432551e-01,2.814562643165554115e-02,3.452202167120155263e-01,5.917476034650218653e-01,7.520610505294718084e-01,6.506432698795795444e-01,7.923076941805784479e-01,7.389803240201734402e-01,4.166704960282030523e-01,3.958644051129661667e-01,6.318204933780330324e-01,6.295882401988983634e-01,3.762314698945061209e-01,5.259905596009525341e-01,2.197147939967641350e-01,3.507981450402077733e-02,4.888488094906963677e-01,6.502261039301950873e-01
5.418529266664976474e-01,3.471694710886833457e-01,6.875033420225769021e-01,2.428026321434959556e-01,1.680865056599594246e-02,3.101716362724322718e-01,2.735006587468651329e-01,2.263485650522764903e-01,2.219504243860487558e-01,2.411067263331072019e-01,4.005625264673839392e-01,2.781570536239202918e-01,1.866889131432161453e-01,4.098564638913024250e-01,1.591645108274501730e-01,1.943493289666771151e-01,1.000000000000000000e+00,3.512156666505876212e-01,8.637431439947536038e-01,3.037282968296246000e-01,3.214293451204990881e-01,2.425109613392458230e-01,4.009388834597425455e-01,2.375324854968415000e-01,2.701274960765027711e-01,4.331074135407385062e-01,6.964436769171955532e-01,1.196465711732296877e-01,4.891850279608438989e-01,4.878460708223564812e-01,2.241454557352180743e-01,1.044576155376029519e-01,3.914617924086645218e-01,3.892884708752337719e-01,4.782140339549731944e-01,3.357184412507200899e-01,5.241855305286358124e-01,1.703778374222476855e-01,5.672051214238265499e-02,2.269402890052473754e-01,2.391128158451449048e-01,1.777085944116394700e-01,2.286574862248357543e-01,1.623474005796591013e-01,4.100882648915560313e-01,2.300110700831350385e-01,1.548243938057136115e-01,3.909277005023136242e-01,2.129284892606689850e-01,2.387068090398309639e-01,7.059921741621574265e-01,3.615755921862737754e-01,7.103991451138313984e-01,2.625518541395873706e-01,3.706515254205350884e-01,2.362916293178953520e-01,4.347297894339706148e-01,1.946094546699523586e-01,2.527307984238422733e-01,3.633527707193646705e-01,5.661143042960590233e-01,1.079264380688812891e-01,4.518441473345081172e-01,2.686471294387562381e-01,1.518899941951058485e-01,1.444924255557714365e-01,4.257908825309173473e-01,4.295723290760738999e-01
2.431137107802148756e-01,-8.430092879581811693e-02,5.872314051881245556e-01,9.945441283292669188e-02,-5.526425625880408872e-03,1.580529055350158307e-01,4.350508531552144120e-01,2.754830520406647554e-01,5.851822217186873620e-02,1.394014889200415885e-01,6.572210221535992880e-02,1.409124558117405834e-01,1.992898830616839367e-01,4.701955216942683702e-01,7.971128260956465705e-03,-5.492005310853326910e-02,3.512156666505876212e-01,1.000000000000000000e+00,4.204076378713031414e-01,1.701048027161395915e-01,1.337020046931000905e-01,-4.182701177532197057e-02,3.769372118813573563e-02,-1.536002190504914822e-02,7.647772902776840860e-03,4.171157744336831397e-01,3.657288367541420837e-01,-7.292965777844054309e-02,6.259223629264380750e-02,2.588193202640814983e-01,3.667956094812074852e-01,1.306356603338403033e-01,8.101454520370064694e-02,3.890188591145478381e-02,1.239929364962539249e-01,-1.289025824207872539e-01,1.792433375217269975e-01,9.087657122687499422e-02,1.435144768730513797e-02,1.350141975574446207e-01,2.235240315808737221e-01,1.372183055832598975e-01,1.254942131707155184e-01,1.186143280538559802e-01,3.403792577335393310e-02,1.198996862740948771e-01,6.325478928149887159e-02,3.188391127556157167e-01,2.381667675121650063e-02,2.683508438649065062e-02,4.677910729720858446e-02,5.901712470443045699e-01,1.456125380373863021e-01,1.126394690694178941e-01,1.884676706123838974e-01,-1.010739221257904719e-01,7.898714345419753646e-02,-7.139640290805235323e-02,-7.439872350192575610e-03,2.073675736883034970e-01,1.545057215235605130e-01,-3.381543632626986262e-02,8.100911457898930801e-02,-9.460825292263354280e-02,1.491709074724498763e-01,3.524156392316222380e-02,1.621979968147677920e-01,1.209000170576491201e-01
6.192118771226846619e-01,2.222678074668196502e-01,6.232724406734654332e-01,2.241844828130595546e-01,5.615293396913996482e-02,3.458041628322208738e-01,2.725156371998210814e-01,2.884477860313232056e-01,1.476264295813860816e-01,2.497552651005359448e-01,3.353807793799117309e-01,2.647440502583055522e-01,1.594606781262170314e-01,5.205608753026735869e-01,1.555853848877646051e-01,1.701402300736819806e-01,8.637431439947536038e-01,4.204076378713031414e-01,1.000000000000000000e+00,2.790637734427210415e-01,2.931298280236395715e-01,9.283790263477691151e-02,3.336265168946789816e-01,1.984220055964032448e-01,1.572573745261876266e-01,3.366323776702411785e-01,5.925045412377850651e-01,5.791759904186068869e-02,5.465041227328735207e-01,4.141839780046927544e-01,2.547281293579308215e-01,1.693682181224468730e-01,4.119867005550638672e-01,3.101643707248544213e-01,5.715842098210420774e-01,1.864489953819775114e-01,4.335924245520379472e-01,1.745082308351385836e-01,6.206527419077421948e-02,2.603416426056283095e-01,2.117508196561985745e-01,2.576987916233066667e-01,1.431792554198158818e-01,1.721336757003251727e-01,3.392956423158217660e-01,2.289676499488142447e-01,1.308463316441637048e-01,4.874378355088031523e-01,1.967836349265279228e-01,2.264357335033560514e-01,5.842999783882966147e-01,3.374295318630967655e-01,7.446169612559162543e-01,2.470155988928294521e-01,3.642799491423673874e-01,1.035578776840598847e-01,3.845499783293161999e-01,1.610054523287081929e-01,1.490040992551950050e-01,2.639717608685835937e-01,4.537579138088088659e-01,7.419801426541956790e-02,5.048771274701153722e-01,2.143903933564227926e-01,2.268916307545406630e-01,1.717210294313762931e-01,4.252004347600711887e-01,3.502532431677899960e-01
3.258276850916463213e-02,3.033917690415554036e-01,2.265937756215957166e-01,8.679685102208157810e-01,-9.613781484496550581e-03,3.604523038121435485e-01,4.118436698673038077e-01,1.121558280298554783e-02,4.261027076268644742e-01,5.269344267061406573e-01,3.754904942743911844e-01,9.204149967866664950e-01,2.421227526429943488e-01,1.317941503483330556e-01,3.246267105431691613e-01,5.284296751648888124e-01,3.037282968296246000e-01,1.701048027161395915e-01,2.790637734427210415e-01,1.000000000000000000e+00,5.734168132798012074e-01,3.990963145743401386e-01,5.220167326499043359e-01,5.916321392140067026e-01,2.144325027123447081e-01,4.254604888312079058e-01,4.541930735560304466e-01,4.889372808746532684e-01,1.134783725375694829e-01,2.906429877572504483e-01,1.397059884724434764e-01,-7.505381821382799135e-02,3.888506891759907491e-01,4.453179833362243545e-01,1.501094409178522771e-01,3.160336104471961893e-01,3.008735650574811960e-01,7.903233590717537727e-01,6.287239551404030791e-02,3.438367210566609655e-01,3.789329966965935270e-01,4.533351222153825938e-02,3.407685669813645957e-01,4.904962191978176622e-01,4.273960242867839709e-01,8.606039931412010624e-01,3.040627542703093766e-01,1.684488279473325412e-01,4.028369084341657524e-01,5.429396025977569762e-01,2.915445756984791914e-01,2.045876082465419299e-01,3.819615434334420190e-01,9.100939579315991956e-01,5.695661332724575310e-01,4.531664265602175501e-01,5.343210525698404156e-01,5.907514106023523670e-01,2.841221619966433631e-01,3.866570984407671774e-01,4.987323600188838246e-01,4.214181974332426028e-01,1.853475984721373038e-01,3.211176053167618671e-01,1.940579405435218785e-01,3.670009232849656688e-02,4.296319086337807014e-01,4.864505857478547690e-01
9.738098579064904947e-02,5.172629723190144135e-01,2.100690293300616351e-01,6.540000818632834001e-01,-8.908166156276202396e-02,3.124561920230331524e-01,4.552563452522015441e-01,9.665682046388249238e-02,4.694282304183261534e-01,4.280592139685984732e-01,3.977790279435650667e-01,6.330868866828686103e-01,3.377198136194421996e-01,2.221711636709590432e-01,3.558612959624147254e-01,7.856584932186977399e-01,3.214293451204990881e-01,1.337020046931000905e-01,2.931298280236395715e-01,5.734168132798012074e-01,1.000000000000000000e+00,5.340050356635094309e-01,8.997536890726447467e-01,6.497703844618802904e-01,2.590568477200199671e-01,4.720248709632110518e-01,5.701601599545873533e-01,6.895625159181794084e-01,3.026763420474575805e-01,4.575017237514041324e-01,1.911354333035540365e-01,-5.863526511273319669e-02,5.382511337350970315e-01,6.885996333596543506e-01,3.195046123665043480e-01,4.752591422227769868e-01,3.843562869384014591e-01,6.549233265108168611e-01,9.324470286613940895e-02,3.311235551776938180e-01,4.294606934654167651e-01,1.092077254537053427e-01,4.167943300455991817e-01,4.045482973359550427e-01,4.893020741311054356e-01,6.239614053600400778e-01,3.847107349130702292e-01,2.455923812575150356e-01,4.672608730108167574e-01,8.285517271330683498e-01,3.206109545937849137e-01,1.775679372643339804e-01,4.328853394989718995e-01,6.022893800178104051e-01,9.122650006663336475e-01,6.084304161673703693e-01,8.598938790819042888e-01,6.841624622733786243e-01,3.849561549909826241e-01,4.748563926111261657e-01,6.597441643281036772e-01,6.859490057381920636e-01,4.270939634780227534e-01,5.622608984727410775e-01,2.926128117043086951e-01,3.857002345790477849e-02,6.196136422237300545e-01,7.063323333294072581e-01
-1.132123709457638766e-01,6.473306718762387169e-01,1.932825898618531213e-01,4.380694891202112640e-01,-6.037707215446436182e-02,1.586037343405050648e-01,4.233884129137550634e-01,6.788088575379308542e-02,6.049205232739508498e-01,2.524975830748590333e-01,4.789332140521768144e-01,4.091735198250439076e-01,3.257971780187841615e-01,2.437523560563552988e-02,2.860879241517781946e-01,5.526278244311254584e-01,2.425109613392458230e-01,-4.182701177532197057e-02,9.283790263477691151e-02,3.990963145743401386e-01,5.340050356635094309e-01,1.000000000000000000e+00,6.159438303385915692e-01,6.389982465058092753e-01,5.143099721481336761e-01,5.995162014445122312e-01,6.077166247271682531e-01,5.609868082291288305e-01,1.517832020659689307e-01,5.673424154194746105e-01,4.153037329029903024e-02,-1.292909474239518353e-01,3.853248612699665121e-01,5.895828481046563319e-01,1.584517123921728721e-01,6.375978905762119675e-01,4.027076943967903833e-01,4.088565754200553792e-01,7.192761098387487340e-02,1.698871722360211778e-01,4.369948512368290738e-01,5.426821866793751781e-02,6.140327293655664098e-01,2.282563543821531094e-01,5.203306732258002887e-01,3.934775962515156822e-01,3.817543758360301132e-01,4.655833857201577275e-02,3.200585925522275166e-01,5.493821827414104852e-01,4.346262636714580130e-01,1.242623964300885869e-01,3.239637931185037067e-01,4.291543018653441455e-01,4.732677698900059626e-01,8.441338005972163216e-01,5.709960170144728897e-01,6.007031062258370024e-01,5.805072711550266495e-01,5.914409115265015782e-01,6.910621296376801004e-01,5.197881441952467707e-01,2.657494552122945386e-01,6.415045427222448859e-01,7.609640558454208725e-02,-8.440420994330213866e-02,4.724157256690256212e-01,5.945154743919891516e-01
8.355735803068446710e-02,6.441206242267331072e-01,1.800808147171864271e-01,6.103586725703542548e-01,-7.584669812353367346e-02,2.705969369124129331e-01,3.586653380101758604e-01,1.117580009905006777e-01,4.429808265220275265e-01,3.367648672398713128e-01,4.692998825349135039e-01,5.671222047767717767e-01,2.773943245969475169e-01,1.814339456152320174e-01,3.278096497602185355e-01,8.491029814474617687e-01,4.009388834597425455e-01,3.769372118813573563e-02,3.336265168946789816e-01,5.220167326499043359e-01,8.997536890726447467e-01,6.159438303385915692e-01,1.000000000000000000e+00,6.455732048137365897e-01,3.252871201005385626e-01,4.626486193880338660e-01,6.831834734080558524e-01,7.220523595308291354e-01,3.459636303003081337e-01,5.560965485141599052e-01,1.127059410627307690e-01,-7.665458170897608559e-02,5.169330281722326337e-01,7.205300186265901630e-01,3.608316232955161018e-01,5.961550539371075486e-01,3.847336671147788545e-01,5.924031409238654788e-01,9.204620867753728064e-02,2.818833113530718193e-01,3.464153415062083408e-01,9.034342925668359392e-02,3.707107104410769516e-01,3.132879851554662420e-01,5.275202824886083830e-01,5.513273490503339813e-01,3.254225010127220208e-01,1.847459420581602785e-01,4.236553699447075938e-01,8.526766922950739236e-01,4.441342407385531765e-01,8.877999288144799994e-02,4.663018014840666359e-01,5.587212321186609820e-01,8.317544895855653042e-01,6.804773741562396561e-01,9.243611271044421818e-01,6.871558598845067811e-01,4.264595072278609122e-01,4.483772769295681360e-01,7.492118520339337007e-01,6.773695992690423884e-01,4.697388478174150395e-01,6.548383393276050457e-01,2.040747369815920087e-01,4.315305045378133725e-02,6.011207616584740565e-01,7.268028772561856421e-01
