1.000000000000000000e+00,-9.706250363141673276e-02,3.073588786343803281e-01,-4.062421744376511039e-03,-6.036523770609960454e-02,2.237543580899997719e-01,1.187776065697042083e-01,1.662861704033920807e-01,1.061888811925166577e-02,1.747008282949398528e-01,3.862290056279251566e-02,2.139809516357970426e-02,4.976603913951944264e-02,4.302184132030147934e-01,-5.412572660059184436e-03,3.479068090128257379e-02,5.402066898904059888e-01,1.316000424838283667e-01,5.380407874539246960e-01,3.196573346116612230e-02,1.685598625925776584e-01,-1.805522372738500858e-01,2.711957300105640734e-01,-7.445495795745622758e-02,-1.545606069401679328e-01,2.922659932925890814e-03,1.906720417124334876e-01,2.794261572964536200e-02,5.077901512625236924e-01,1.276756809281063831e-01,1.265037055644564756e-01,9.305495428638005384e-02,-8.088532630149532221e-02,-9.162029508245407572e-02,3.438846770067061076e-01,-7.258772599573547202e-02,4.965677906690542896e-03,-2.063946877838880242e-02,-2.336940441757747247e-02,8.033854086876066058e-02,-1.151558349836268313e-01,1.448679502703004440e-01,-3.615749314713879309e-02,1.461189043586516856e-01,-2.287904022129887416e-01,1.138566750232868942e-02,-1.443065666874646102e-01,3.751966672442118289e-02,3.596193160193419426e-03,7.059086281768806037e-02,-8.203363989458005087e-03,-4.959490028531097355e-02,-2.955974631545563343e-03,-3.217758295386095608e-03,2.247969125646655519e-01,-3.026513567189749176e-01,1.879686339354676994e-01,-1.894535865114478634e-01,-1.738569470473564360e-01,-2.730664705115620761e-01,-1.340935497189539582e-01,-2.254811853569661795e-02,2.942289848871216251e-01,-1.344974127650492013e-01,-4.603896880381227324e-02,3.032263439990996387e-02,-8.058119474279364786e-04,-8.601746400632208356e-03
-9.706250363141673276e-02,1.000000000000000000e+00,-3.395310181653064530e-01,1.059521812730031265e-01,1.412617635758937895e-02,-9.352578179986677231e-02,-3.796306605606467599e-01,-2.351696917424236921e-01,-2.723843429646135017e-01,-8.393016469493101706e-02,3.598365973843502957e-02,9.242794676760487937e-02,-2.478100206129039140e-01,-3.345163940901804689e-01,-1.548151176354761183e-01,1.012285153625898798e-01,6.680331571262189969e-04,-3.670084253477990388e-01,-5.563840621322859586e-02,7.669372118137453287e-02,2.361829920903483204e-01,1.445210786094087430e-01,1.935554418452619385e-01,-6.141761573658849338e-02,-5.192874929801961914e-02,-1.221102123271012446e-02,3.079203745779090715e-02,1.268314290162985136e-01,2.573693337367169518e-03,1.579146213215929517e-01,-2.416255684411350024e-01,-1.011643275653644203e-01,1.452406652159450584e-01,4.306117234724212706e-01,-1.218073391393591220e-02,3.923738718070301501e-01,-2.256570628088473418e-01,1.430031951548298152e-01,-7.565426655790399510e-03,-3.244451253819893161e-02,-2.740049879991083848e-01,-6.884481758307334220e-02,-1.569762232372965138e-01,-5.107252522355103935e-02,1.000037349797621988e-01,1.207638558886360708e-01,-1.841541495135208539e-01,-2.405568370708887627e-01,-9.116491701485236743e-02,1.173260780411892051e-01,3.936161254610835436e-01,-3.593558467896661446e-01,2.269493532042952955e-01,5.505553767531527753e-02,1.591598707662343626e-01,2.891193801170255373e-01,2.207991357464109405e-01,2.189326724716441144e-02,3.334483669319124322e-02,9.129999291719792520e-02,1.217106908497926354e-01,2.056165870286183195e-01,8.202528478848869486e-02,3.574705822540329425e-01,-2.194347058632612202e-01,-2.132937270389804185e-01,1.013746411572924583e-01,4.320313338232928402e-01
3.073588786343803281e-01,-3.395310181653064530e-01,1.000000000000000000e+00,1.911973156268511817e-02,3.546677676317795680e-02,2.622844747402114929e-01,7.029002358459548461e-01,6.349702615040847542e-01,2.721705933823601042e-01,1.531858653381032997e-01,2.675574017764890677e-01,2.042049872362312196e-02,2.748055083225449113e-01,5.756441130675553630e-01,1.963831963949219939e-01,-6.583401277085565440e-02,3.965263693407813372e-01,5.513911253500871634e-01,3.933448378078274743e-01,5.886604526046716745e-02,5.831869606841810771e-02,-8.829310446308628879e-02,1.663446622901631755e-01,1.564458609654268695e-01,-3.347142686812756146e-02,5.164027971545493978e-01,2.826429714489926970e-01,2.557777001659035099e-01,1.811575617344624578e-01,2.461553570469558472e-01,2.145902567832692898e-01,1.366557433663792287e-01,-5.361180505001213181e-02,-1.594698366354427577e-01,4.342161016114660932e-02,-2.986920956951226724e-01,4.798035373515705526e-01,2.005062270200580390e-03,-2.520923218790284762e-02,6.829218415296471612e-02,3.186366196679058516e-01,2.800808819641788516e-01,1.924001909989041526e-01,1.100763889431208842e-01,-3.307576369363096624e-02,-2.017381138350410330e-02,7.550734079430540535e-02,2.277599964852582426e-01,4.985298292840840972e-02,-3.299852853114290663e-02,-2.126720728110984837e-01,4.606640727854074413e-01,-1.185194608509077402e-01,4.103106325546621719e-02,1.363760819801689839e-01,-3.180989321509013479e-01,8.084143821704581345e-02,-1.462209444306730999e-01,-1.730853389442497670e-01,-7.075559459117217176e-02,-1.567209558811770709e-01,8.148026110064394978e-02,9.310545464072168820e-02,-1.430833948621236529e-01,1.879391613917474890e-01,1.550201211300587523e-01,6.274894326958807078e-04,-1.519434874125230595e-01
-4.062421744376511039e-03,1.059521812730031265e-01,1.911973156268511817e-02,1.000000000000000000e+00,-1.523731078397130567e-01,5.267158043823808589e-01,1.268416109348671494e-01,3.175407913329421523e-03,1.473607501473411519e-01,6.912103403869127582e-01,1.940567811322438038e-02,8.787355786621344755e-01,-7.506274092334662418e-02,-4.161418942781319047e-02,1.074993674979965036e-01,-3.363726698821439820e-02,1.086977760433760626e-01,-7.643940211194115431e-02,9.510524509398607385e-02,8.853663599139062201e-01,8.117832597922314264e-02,5.514301549581300532e-02,6.907059360506045964e-02,1.216461388458387749e-01,-7.047662462585081722e-02,-1.843317362491634498e-02,1.146536522951332874e-04,4.240730466086248263e-01,2.175090142700956269e-02,1.665134617454409882e-02,1.294229376817518928e-01,4.464191138918005564e-02,1.651902897135515691e-01,1.430636787031605295e-01,-2.552503751243865304e-01,9.435763425125666404e-02,5.742551876076122663e-02,9.228307548045846520e-01,-1.248726103606916660e-01,3.559646448798274299e-01,-1.054378660943834228e-01,-8.983721364578374502e-02,1.918094894155090158e-01,6.908734705334580450e-01,-5.156540183505949407e-03,8.578373478748489989e-01,-8.941109821509546363e-02,-2.273782539983592865e-01,5.936070483904577061e-02,-3.636080767185294327e-02,1.458520640127877188e-01,-7.402327503266577235e-02,9.295499644353473478e-02,8.680560213109861367e-01,3.239688778471663810e-02,1.467526282392424553e-01,6.138800231799280971e-02,1.276509582786511665e-01,-1.212543722884062286e-01,-3.926389762667408662e-02,-6.367756771917598702e-02,3.561897043534857921e-01,-1.898456817916399086e-01,-7.325299156800298833e-03,-2.559696006854479851e-03,-2.398395430400775408e-01,1.607241870673087880e-01,2.127773730340220271e-01
-6.036523770609960454e-02,1.412617635758937895e-02,3.546677676317795680e-02,-1.523731078397130567e-01,1.000000000000000000e+00,-5.283160502561473626e-02,1.452242380372720937e-02,8.565135251313057974e-02,-3.163259653235835772e-02,-1.868005656125202030e-01,6.607774989171324997e-02,-1.709947573872187820e-01,6.791862205666306107e-02,-1.590174938394638832e-02,6.279810644348036985e-02,2.678217855308427306e-02,2.609627376721262906e-03,3.140039506761050508e-02,-2.724909975016377717e-02,-1.686557569317303495e-01,3.351219121514808358e-02,4.778500526184745884e-02,4.749214208587879127e-02,-2.930160866511405740e-02,1.412540187004410891e-02,2.011857339193722297e-02,-2.684792510275271424e-02,-6.558894136526924323e-03,-4.851623487632546888e-02,3.881486511234422815e-02,-1.455129145456375214e-02,9.143621179177871539e-02,-3.919880502349984419e-02,9.110976043183063866e-02,-4.129593403221736708e-02,-3.175038007212821478e-02,-7.484032974045300157e-02,-1.469325263186441466e-01,8.195499366331414348e-02,-3.349528933787231100e-02,-2.578403945905196129e-02,2.512102877644088739e-02,-1.924614069682120676e-02,-1.870198995076695903e-01,5.862676827474402191e-02,-1.690366555046772523e-01,-2.637405313653955891e-02,-1.785906885432947400e-02,3.036834805496765877e-02,-3.814694687055474737e-02,3.457364229738771073e-03,1.948116672535913849e-02,2.318423881735439448e-03,-1.699454114992384746e-01,5.411363950966953384e-02,1.396005888665797926e-03,5.785884118212684252e-02,-1.024282196175519688e-01,1.054784470981528317e-03,-6.845731443363031743e-02,-8.325808200182674423e-02,-1.549024379348675970e-02,2.958356430618217306e-02,5.284921323032158724e-02,9.088681126289690007e-03,7.275665152619187857e-03,-1.810520006008555643e-02,3.297462307969026979e-02
2.237543580899997719e-01,-9.352578179986677231e-02,2.622844747402114929e-01,5.267158043823808589e-01,-5.283160502561473626e-02,1.000000000000000000e+00,3.777637725737874042e-01,3.122039459190395494e-01,2.758808854416890943e-01,6.622417153022541747e-01,1.091339058469505963e-01,6.319845168962096027e-01,1.664434854989761681e-01,2.093247815329758454e-01,2.391930041274707985e-01,-5.509944821311072577e-02,2.784441363213959186e-01,1.199511826677437942e-01,2.779616973734913010e-01,5.973420788285110916e-01,-4.446227681983095509e-02,-5.472399623863768992e-02,1.355646423863744905e-02,1.566185743421985854e-01,-2.949623936903165641e-02,3.551719633867139042e-02,4.148163586117939450e-02,3.529541497914837067e-01,1.886532064476742765e-01,4.113950629745684318e-02,2.373449247714635446e-01,1.385110054748995290e-01,6.334353965304138911e-02,-3.112192278710971052e-02,-1.948884663021954733e-01,-6.276336907645856111e-02,8.680565083549070249e-02,5.051959105711079090e-01,-6.221529447244555922e-02,5.397573842677301226e-01,-3.388665789473703505e-02,1.971598599402352991e-01,2.463462838807126687e-01,6.285693552349788105e-01,-3.770339749158481413e-02,5.998916993502685369e-01,-3.612286534576608383e-03,-1.133172208617121840e-01,1.572003557285714670e-01,-4.972483315594642544e-02,-1.933308687012753185e-02,2.055690804425238868e-02,1.685208438193678410e-02,6.119227162537453912e-01,1.626052038530186386e-02,-8.547054549906943355e-02,-2.281113186482954924e-04,5.523784497913344221e-02,-1.169944180538184386e-01,-2.253094780254603913e-01,-2.065380451375350979e-01,2.493983057749855903e-01,-1.925428588722273918e-02,-8.124807947797291208e-02,1.200848017735995366e-01,-1.582567939203234283e-02,6.775655589575960147e-02,5.470161904053711527e-02
1.187776065697042083e-01,-3.796306605606467599e-01,7.029002358459548461e-01,1.268416109348671494e-01,1.452242380372720937e-02,3.777637725737874042e-01,1.000000000000000000e+00,5.692812229878565500e-01,5.468126860037614279e-01,3.203098728297196773e-01,1.795817610501649064e-01,1.401273083083267867e-01,4.662918847384003862e-01,5.982665402332644211e-01,3.819459079566852600e-01,-1.770075561169353814e-02,1.085178117375871776e-01,5.291387828268209192e-01,1.380956869444250890e-01,1.964755809211093385e-01,8.478584819570847766e-03,8.574922964046891027e-02,-3.798417534998829032e-02,5.200463748771348982e-01,2.579592722910548641e-01,3.330965150559198618e-01,2.795726305719308247e-01,2.720998598195689677e-01,8.446015508425122609e-02,1.043894283018571151e-01,3.629021906081013604e-01,2.134636195844867579e-01,5.587816844607993577e-02,-2.404949553329043810e-01,-7.587073311843942069e-02,-3.008449019037718886e-01,5.090495506628842648e-01,1.161279041929659389e-01,3.107328917521596807e-03,1.906109420391980391e-01,5.905404801193591124e-01,2.211607392136449302e-01,4.398420431149315801e-01,2.616617309649813539e-01,3.923950387432082604e-02,9.722805973967690862e-02,3.981237655652619112e-01,3.769122888780687131e-01,2.193364572180752370e-01,-2.068293069664140643e-02,-3.280702036279422029e-01,4.768895264406307066e-01,-1.744804505829873897e-01,1.966092094915335986e-01,9.234743930796820988e-02,-1.030272085744071281e-01,1.170186856556626812e-02,2.656001583362895269e-01,5.187300657092052542e-02,-2.896150028295400858e-02,1.682114899976582673e-02,1.538059806926755368e-01,1.428643311299537810e-02,-1.527180013171188788e-01,4.701701912891084190e-01,1.914702051920020298e-01,4.754795711537052744e-02,-1.983921816760805534e-01
1.662861704033920807e-01,-2.351696917424236921e-01,6.349702615040847542e-01,3.175407913329421523e-03,8.565135251313057974e-02,3.122039459190395494e-01,5.692812229878565500e-01,1.000000000000000000e+00,1.394455944468763475e-01,1.868316709022440902e-01,2.543691965611312167e-01,1.137739867429457367e-02,2.406109050904682578e-01,5.272299250686091066e-01,1.319106946609522324e-01,5.985740844772507313e-02,2.295053793936160658e-01,4.537926723616009239e-01,2.784042483263484136e-01,3.167186144373743822e-02,7.108365309476402660e-02,-6.203242301052801048e-04,1.762041001443820087e-01,-1.579581847901056265e-03,3.908293599225984294e-02,3.640362418120652865e-01,1.840724347733070088e-01,3.215876153349370159e-01,7.346322861268539395e-02,2.971855006323290693e-01,1.250728288916244935e-01,1.585633880835975729e-01,-2.407984425096556646e-03,-7.147022136239264412e-02,1.164637695474980000e-02,-2.383188213484300488e-01,3.359751093916035769e-01,-7.172229528543292050e-03,-1.447706146337219592e-02,1.724633862657671546e-01,2.568374910816887957e-01,3.889704974440700846e-01,8.274310261770448371e-02,1.614437825534769944e-01,4.603721546430150635e-02,-2.473167445649192536e-03,8.489340106592239976e-02,2.899040520442223712e-01,2.527158823132227145e-02,6.263979453388326957e-02,-1.470363453848770041e-01,4.281118435351577989e-01,-3.259724474441538095e-02,1.501576315362576630e-02,1.562971378052870342e-01,-1.524789154803646851e-01,1.501706266835141634e-01,-2.068101673984251709e-01,-1.188759032178676039e-01,-8.861873324260757800e-02,-1.878968628001923546e-01,2.236526727671082071e-01,6.945703669548564108e-02,8.148160228166768937e-02,1.367087954168071939e-01,1.675175672658336390e-01,1.583785997546613075e-02,-5.603229610385453141e-02
1.061888811925166577e-02,-2.723843429646135017e-01,2.721705933823601042e-01,1.473607501473411519e-01,-3.163259653235835772e-02,2.758808854416890943e-01,5.468126860037614279e-01,1.394455944468763475e-01,1.000000000000000000e+00,1.976956381905290439e-01,1.016040885184410075e-01,1.498509608447327335e-01,5.078632171972174980e-01,3.267814811994107504e-01,4.254706297894449429e-01,-1.042222550663916003e-01,-1.298811231872378652e-02,2.293449312894646486e-01,1.331131218833751968e-02,1.656548203141095243e-01,-3.109476845266797088e-02,7.145995848149072627e-02,-1.259381777727284490e-01,5.878794080928793075e-01,4.027274294185404502e-01,2.281240947880990022e-02,2.833670353424486699e-01,1.131882392856386164e-02,4.456743344326953571e-02,-2.376045180010612767e-01,3.832204276849442426e-01,1.655156965132103808e-01,7.412777655012006695e-02,-1.499620634746077763e-01,-1.103431017937798464e-01,-1.445465774330249586e-01,1.710476302679307392e-01,9.752447956450777111e-02,1.220857281510135534e-02,1.233522760266672069e-01,3.399718937898298932e-01,9.553052498602401799e-02,4.839393816675304771e-01,1.206427829604657109e-01,6.840814296377220605e-02,9.204158272148853237e-02,5.164542345904520326e-01,2.180416569905867796e-01,3.266058252870516765e-01,-6.522825260641115785e-02,-2.639139364146834699e-01,1.972535991792242205e-01,-8.584334807715270077e-02,1.734102071520358668e-01,9.813613248963484054e-03,-2.745698883563717219e-02,-6.475219858680393570e-02,4.216278088486044018e-01,2.774801527211395724e-01,-7.130258695238539390e-02,1.743539939035554376e-01,-6.251582967688405768e-02,6.446455826636488667e-03,-3.210719773352075368e-01,5.019957772907435167e-01,1.165515228497836925e-01,9.946642236472116871e-02,-1.457031389541931510e-01
1.747008282949398528e-01,-8.393016469493101706e-02,1.531858653381032997e-01,6.912103403869127582e-01,-1.868005656125202030e-01,6.622417153022541747e-01,3.203098728297196773e-01,1.868316709022440902e-01,1.976956381905290439e-01,1.000000000000000000e+00,2.173823966876605709e-04,7.227162364548642692e-01,2.194337642706306601e-02,1.661552206745473825e-01,1.476923066861612621e-01,5.202438710909416952e-02,1.403892495028115917e-01,7.204640355388491901e-02,1.517288787574204434e-01,7.367540448638763007e-01,2.313951838065367306e-02,4.404711259969866337e-03,5.247123972636046595e-03,8.811915626885240271e-02,1.980873845060762001e-03,3.467878961861132342e-02,7.319092208897870488e-02,4.116704178983232043e-01,1.445187450489145153e-01,1.887204592182413314e-03,1.923002390548466112e-01,7.432201887804990026e-02,1.425202042129238289e-01,-6.623203781451461603e-02,-1.422221087435983911e-01,-5.338117201955673574e-02,1.784093631544597658e-01,6.327334999376004188e-01,-1.287459257185177841e-01,4.249861484077974150e-01,2.271150407147869837e-02,6.269664520335856139e-02,2.094656119744289502e-01,9.363192739670459508e-01,-4.337877932760375588e-02,7.035433496314866808e-01,2.026357833667314506e-02,-5.976614361635306655e-02,9.478133273598630948e-02,4.699440597703406081e-02,-2.668185006125700989e-02,7.699590073314244165e-02,5.139065834458754478e-02,7.094763358194033920e-01,5.639976731978312008e-02,-7.223798324026144482e-03,3.671953998613650128e-02,8.157952885141563082e-02,-8.159403636633130730e-02,-4.525241342790889409e-02,-6.640872026601138400e-02,3.441498612961846337e-01,-4.259398470151672111e-02,-5.290509341999528881e-02,7.665182354278284038e-02,-1.085461717501046836e-01,9.002134962965314957e-02,3.163213561430795739e-02
3.862290056279251566e-02,3.598365973843502957e-02,2.675574017764890677e-01,1.940567811322438038e-02,6.607774989171324997e-02,1.091339058469505963e-01,1.795817610501649064e-01,2.543691965611312167e-01,1.016040885184410075e-01,2.173823966876605709e-04,1.000000000000000000e+00,5.003764265311139159e-02,2.157147263586857988e-01,1.015020922108925139e-01,3.115836850475334208e-02,6.831817928320746414e-02,3.315840857328228308e-01,3.298182483620989425e-01,2.925004143040102478e-01,4.561940499112567687e-02,-3.761422050945912449e-02,2.273340423136194222e-01,8.073215899870515855e-02,8.184341882804399559e-02,9.927019819373728016e-02,4.579878801246234366e-01,2.757553143012351771e-01,1.418837399653295472e-01,-1.165513075837013371e-02,1.918412184010166444e-01,-2.657580133094571487e-03,3.338560953827093142e-02,-4.234640646829368471e-02,1.353729563060881158e-01,-8.203975715686645520e-02,5.701072002307314146e-02,2.463598519709193219e-02,-7.432162105102488748e-04,2.924210377384897641e-02,8.560314470234299533e-02,-6.310087563499963692e-02,1.696017142525455268e-01,4.345525095893452983e-02,7.747610544421459564e-03,3.527847145577135968e-01,3.869315689958360144e-02,3.294088805291476435e-02,-9.559084222579534995e-02,2.858727627805779034e-02,9.079493844450177431e-02,1.441960726475219612e-01,1.246575555762446941e-01,1.896858462651799804e-01,4.724602099634954422e-02,5.550699952093307056e-03,3.520217046411480699e-02,7.848812088630066630e-02,-1.171816847396173894e-01,9.897973695453746168e-02,1.368179949669465212e-01,-8.337550866643070324e-02,1.070492467111405499e-01,3.620285407604034028e-02,8.144286567594580251e-02,-1.338252761627019803e-02,-6.474609830031530233e-02,1.708627316256778814e-02,1.134734595256568501e-01
2.139809516357970426e-02,9.242794676760487937e-02,2.042049872362312196e-02,8.787355786621344755e-01,-1.709947573872187820e-01,6.319845168962096027e-01,1.401273083083267867e-01,1.137739867429457367e-02,1.498509608447327335e-01,7.227162364548642692e-01,5.003764265311139159e-02,1.000000000000000000e+00,-6.355492375351218248e-02,-7.369667063462911893e-02,1.232779528962354709e-01,-6.139611245125941447e-02,1.549764874962806238e-01,-8.320903642561781888e-02,1.239626980115763055e-01,9.017004205295878760e-01,3.511991749492299197e-02,3.952917965998993532e-02,4.788230379016642640e-02,1.085266635348454828e-01,-1.204760354455315652e-01,-2.547014973736807381e-02,-5.176082320259335623e-02,4.357785352678560375e-01,8.617404722626882674e-02,2.965564833993675209e-02,9.549570471948951034e-02,2.330014353630525600e-02,1.556105144626859504e-01,1.427943989268680158e-01,-2.636121083030660839e-01,7.399508739951300706e-02,5.949708714756388184e-02,8.517402133983256185e-01,-1.039273642766846417e-01,4.569751983764012704e-01,-1.240871357101662187e-01,-4.323733711130216262e-02,1.890160979168193922e-01,7.366356255415662524e-01,2.609169272950697185e-02,9.376603695548177964e-01,-1.132107035935950440e-01,-2.697480140932626558e-01,7.352000805698595542e-02,-6.336503845492529041e-02,1.622021740539604517e-01,-8.504602447810276356e-02,1.160580483722391115e-01,9.224171076796325863e-01,-3.343720271692951235e-03,1.069005832886018720e-01,1.404269353634648478e-02,1.106985254604228169e-01,-1.407389991157751707e-01,-5.758534938230538969e-02,-1.049176600919307784e-01,3.553836497721910570e-01,-1.432097968043470060e-01,2.561372540248636320e-03,-1.440435549636706961e-02,-2.120202688628780308e-01,1.613646997978566144e-01,1.960189578825413947e-01
4.976603913951944264e-02,-2.478100206129039140e-01,2.748055083225449113e-01,-7.506274092334662418e-02,6.791862205666306107e-02,1.664434854989761681e-01,4.662918847384003862e-01,2.406109050904682578e-01,5.078632171972174980e-01,2.194337642706306601e-02,2.157147263586857988e-01,-6.355492375351218248e-02,1.000000000000000000e+00,4.555462717845150111e-01,2.895489753179703030e-01,-1.643207794650170320e-02,6.481525101098881136e-02,4.014482339188245597e-01,1.492940586296477024e-01,-4.900609673700809243e-02,-6.167723833035600178e-02,2.837470454007363918e-02,-8.530324890660571924e-02,3.322012687106717377e-01,4.684183688800726553e-01,-5.092555980211218962e-03,4.073170600675154462e-01,-1.237050304178654719e-01,-2.200472986280384985e-02,-1.841237360227210573e-01,3.887978497783060594e-01,2.035602281134022418e-01,-8.763084805566502544e-02,-2.007505648650442787e-01,-1.718016077250231199e-02,-1.925307547700259303e-01,3.449605143623275111e-02,-1.198326632264766212e-01,-2.021792336700563991e-02,8.399668062521052636e-02,2.162049775906038362e-01,1.116837867468862405e-01,3.187290671794844599e-01,-4.025452590528547786e-02,7.781329511964603374e-02,-9.984285960077581012e-02,5.493216388477768497e-01,3.063917188118004953e-01,2.130575325243955764e-01,-1.738166564862245189e-02,-3.281142236335130580e-01,2.544024500815881829e-01,-8.636224467671375915e-02,-2.962402643697485682e-02,9.118695633218570906e-03,-1.769460716257497401e-01,-4.207896101781973680e-02,1.462011954547412229e-01,2.582279297963629983e-01,-1.847655001837327782e-01,1.043386654547901332e-01,-1.534483862311457336e-01,-2.772758075176640080e-02,-3.079940171476204802e-01,4.822236229179429068e-01,1.890781861549530041e-01,-3.711976225534784762e-02,-1.696421961061388428e-01
4.302184132030147934e-01,-3.345163940901804689e-01,5.756441130675553630e-01,-4.161418942781319047e-02,-1.590174938394638832e-02,2.093247815329758454e-01,5.982665402332644211e-01,5.272299250686091066e-01,3.267814811994107504e-01,1.661552206745473825e-01,1.015020922108925139e-01,-7.369667063462911893e-02,4.555462717845150111e-01,1.000000000000000000e+00,1.768048570789285401e-01,2.823001536641004880e-02,2.774788940464064102e-01,5.749899350629837924e-01,4.336196993564540580e-01,1.053283494928992058e-02,5.999956655051683768e-02,-6.139104437998047642e-02,7.605262841690274556e-02,1.328184087430536453e-01,2.384404863561637444e-01,1.071879081309728976e-01,4.333855479830041046e-01,-3.867277914338296263e-02,1.872526065999338685e-01,7.047141204777403189e-02,3.921047763587845458e-01,2.534688677834431303e-01,-4.325364124772588387e-02,-2.925871922482882193e-01,2.460514232561131220e-01,-3.088520095226260365e-01,2.712412560332688738e-01,-5.093391122939008864e-02,-6.176889859961529755e-02,5.574258627809458577e-02,3.576097467889686188e-01,1.806523584925413262e-01,1.918572801422369078e-01,1.335039120310715366e-01,-9.896513761106096041e-02,-7.449997182766462944e-02,3.118556870637004264e-01,5.932796479523489985e-01,9.883009594239346163e-02,6.944320783959197219e-02,-3.036848385808597062e-01,4.467580805738377014e-01,-4.962168191407236029e-02,-8.882037835126165015e-03,1.745699054334114708e-01,-2.830334396870161640e-01,1.056725552525055317e-01,-3.893622579215220980e-02,1.203624558687103364e-02,-1.891812665523642523e-01,4.788516616284341221e-02,-6.088828108226277541e-02,1.131306461544997477e-01,-2.665407847248906781e-01,3.744548210745120009e-01,2.541379014084332311e-01,-2.857849561666599147e-02,-1.981999158609818734e-01
-5.412572660059184436e-03,-1.548151176354761183e-01,1.963831963949219939e-01,1.074993674979965036e-01,6.279810644348036985e-02,2.391930041274707985e-01,3.819459079566852600e-01,1.319106946609522324e-01,4.254706297894449429e-01,1.476923066861612621e-01,3.115836850475334208e-02,1.232779528962354709e-01,2.895489753179703030e-01,1.768048570789285401e-01,1.000000000000000000e+00,-5.778563806925438029e-02,1.517336207285736698e-02,1.468639331457732566e-01,-2.947328263062819718e-03,1.249187551231754484e-01,7.204883885317907993e-03,-5.331591787547833999e-02,-6.910383052871714449e-02,3.720515103726591555e-01,2.157735885689652522e-01,-7.591677323884269031e-03,1.385713282124850232e-01,5.304552981025287967e-02,6.511945020307181864e-02,-1.351593554983730461e-01,2.398890751251076814e-01,1.651337831997346239e-01,7.598666393899207450e-02,-6.492465460282267897e-02,-1.464759033143352707e-01,-1.165979880392901125e-01,1.423399153016857155e-01,8.528827229434243762e-02,3.299687400812744559e-02,1.819679409152915872e-01,2.254812848043432072e-01,1.284467861356477503e-01,3.267657980349882307e-01,6.535952047311595348e-02,-3.559619222498110885e-02,7.905491760646572719e-02,2.798049899388750372e-01,9.832562014910228854e-02,2.464217746260398412e-01,-4.439657282552934153e-02,-1.902152025210478714e-01,1.013956055196510581e-01,-9.833862199183729391e-02,1.349742932566080633e-01,4.382621664253590760e-02,-5.173918225860517361e-02,-1.506027182031612066e-02,2.667341248832716949e-01,8.210225427215013527e-02,-9.807575030083116874e-02,8.129890384937488168e-02,-7.537727104507551193e-03,4.032430347969760687e-02,-1.643421357226447777e-01,2.978310399732659319e-01,5.778216013472162182e-02,1.002067928720174472e-01,-6.850065561683922610e-02
3.479068090128257379e-02,1.012285153625898798e-01,-6.583401277085565440e-02,-3.363726698821439820e-02,2.678217855308427306e-02,-5.509944821311072577e-02,-1.770075561169353814e-02,5.985740844772507313e-02,-1.042222550663916003e-01,5.202438710909416952e-02,6.831817928320746414e-02,-6.139611245125941447e-02,-1.643207794650170320e-02,2.823001536641004880e-02,-5.778563806925438029e-02,1.000000000000000000e+00,-7.452262749285181072e-03,-1.399577034335349086e-02,5.257440434129579017e-03,-6.554879431884499952e-02,3.523863357312015943e-01,1.787658026613816176e-01,3.108961579517986462e-01,2.220945535556194048e-02,6.679460791291493005e-02,8.258048294060976735e-02,1.839729066589525786e-01,1.346852502420838871e-01,1.414968913801853689e-01,1.968766611211335005e-01,-1.030253246854835603e-01,1.862980733157889104e-02,9.555419020341171521e-02,1.117793532413852708e-01,1.419988735416800874e-01,6.989532661781369671e-02,5.452033372435208247e-02,-4.963610762965973630e-03,2.499800201305397984e-02,-7.127008576669123692e-03,5.265482004711892483e-02,1.313169578810931826e-01,-4.717506135305467307e-02,7.456207311490915812e-02,1.052967755604141548e-01,-3.139874572878654374e-02,7.274433316571121688e-02,9.315452361816711768e-02,1.642422828213172675e-02,5.312732858280501125e-01,9.766667144260900157e-02,6.815485435009906168e-03,1.027924348813250982e-01,-8.295505116363573184e-02,3.720239239631475958e-01,2.056325725003494143e-01,4.147017108614248215e-01,6.724608020812936071e-02,9.507263702671457650e-02,1.047403976290849359e-01,1.532245118551404106e-01,2.577562246782250654e-01,2.268235639470166098e-01,2.863401317268222668e-01,-6.865460480477961203e-02,-1.666144290116549915e-04,4.699696660393470546e-03,1.860594246217101566e-01
5.402066898904059888e-01,6.680331571262189969e-04,3.965263693407813372e-01,1.086977760433760626e-01,2.609627376721262906e-03,2.784441363213959186e-01,1.085178117375871776e-01,2.295053793936160658e-01,-1.298811231872378652e-02,1.403892495028115917e-01,3.315840857328228308e-01,1.549764874962806238e-01,6.481525101098881136e-02,2.774788940464064102e-01,1.517336207285736698e-02,-7.452262749285181072e-03,1.000000000000000000e+00,1.881063038097534612e-01,7.201557069290979163e-01,1.658855913934055848e-01,1.092263334797472923e-01,-4.515398281907494898e-02,3.938796723895729990e-01,-2.364466148676653071e-02,-2.101788293520530371e-01,2.902596530175550193e-01,2.703914696549675756e-01,2.670922917817932785e-01,3.500632399855524990e-01,4.369025364268889766e-01,8.057757670360661539e-02,2.338191828497997518e-02,-8.890902089901252248e-02,1.066025716001506030e-01,1.190073600118013580e-01,-1.711325531984241033e-02,8.319975481612206999e-03,1.011000234131283759e-01,-2.114345053960868179e-02,1.403948257965536295e-01,-2.257933368344059721e-01,1.483554650238035622e-01,-6.740453869187382208e-02,1.021085500517609490e-01,-1.974029265802309738e-02,1.374527541032831979e-01,-2.600612509850552811e-01,-2.132667201430933357e-01,4.245125763749252762e-05,5.515022906921941692e-02,2.175623129485828866e-01,-8.284736304112572114e-02,1.951990185474307971e-01,1.366751794912400564e-01,1.486438846414873116e-01,-2.309746012378280644e-01,2.487445951040700709e-01,-2.464125749074628779e-01,-2.482832348635891084e-01,-2.277351047340872570e-01,-1.983265760973327851e-01,1.407520389862547683e-01,1.465850740790246853e-01,4.500693691249909451e-02,-1.213800442166416138e-01,-8.749272421433469671e-02,2.641305045628805290e-02,1.185142283177724187e-01
1.316000424838283667e-01,-3.670084253477990388e-01,5.513911253500871634e-01,-7.643940211194115431e-02,3.140039506761050508e-02,1.199511826677437942e-01,5.291387828268209192e-01,4.537926723616009239e-01,2.293449312894646486e-01,7.204640355388491901e-02,3.298182483620989425e-01,-8.320903642561781888e-02,4.014482339188245597e-01,5.749899350629837924e-01,1.468639331457732566e-01,-1.399577034335349086e-02,1.881063038097534612e-01,1.000000000000000000e+00,3.082780539693542599e-01,-4.518268429925025725e-02,-1.307776378032045328e-01,8.711966289684364845e-03,-1.157601842618959376e-01,2.631896408989771625e-03,1.734679045142406284e-01,3.341557126979671222e-01,2.682608490496207754e-01,-1.412606420348255509e-01,-2.248780520215628784e-02,-5.346046636563432652e-02,3.116728820018481172e-01,1.337157146131649210e-01,-1.115139946745546951e-01,-2.867437953692856811e-01,6.092563942305880692e-02,-3.166465392874348028e-01,2.045758660337517743e-01,-9.162036786218821782e-02,-1.796159227891103161e-02,5.247595983194662528e-02,2.417036199924462170e-01,1.281183128426068296e-01,1.112134243927883348e-01,6.245931954826978993e-02,8.659751511975795346e-02,-9.650655109526537490e-02,2.280803353170799408e-01,3.652107565807507505e-01,6.880055824528336084e-02,-8.845129069472698613e-03,-2.944498326180525760e-01,5.702278860764165014e-01,-4.049341644912536620e-02,-3.714546229495094970e-02,-7.069739116265932009e-03,-2.581540617489929135e-01,-7.816551716776863612e-02,-1.955633299401710046e-01,-3.689911476345803226e-03,-1.213480390847181817e-02,-1.085906373987319817e-01,-1.776475421085733641e-01,-1.136223835690709956e-02,-3.084504858516022296e-01,2.550399084668358851e-01,1.898254649142228911e-01,-6.063864573780926998e-02,-2.388415313778560478e-01
5.380407874539246960e-01,-5.563840621322859586e-02,3.933448378078274743e-01,9.510524509398607385e-02,-2.724909975016377717e-02,2.779616973734913010e-01,1.380956869444250890e-01,2.784042483263484136e-01,1.331131218833751968e-02,1.517288787574204434e-01,2.925004143040102478e-01,1.239626980115763055e-01,1.492940586296477024e-01,4.336196993564540580e-01,-2.947328263062819718e-03,5.257440434129579017e-03,7.201557069290979163e-01,3.082780539693542599e-01,1.000000000000000000e+00,1.367505127804811982e-01,4.846954930085776297e-02,-1.011182566566797419e-01,2.508695372827434711e-01,-1.163212005030088009e-01,-1.346884970336016674e-01,2.031136719476150931e-01,3.028671803430048604e-01,1.028011841414215310e-01,2.770257606721628907e-01,2.613802131803538153e-01,1.518235857315840265e-01,8.110395617309586191e-02,-9.019286321163956510e-02,6.947850697852219794e-03,1.300846392695063358e-01,-4.481747145745110933e-02,-8.816314553400070309e-02,7.402057398677268363e-02,-7.723886907392925327e-02,1.435802728243222859e-01,-2.565854923939505650e-01,1.617901073123187150e-01,-9.206250073344879326e-02,1.234965704103073436e-01,-8.130367060300934534e-02,1.089571777579785850e-01,-1.798497546383801549e-01,-8.004132535582665631e-02,-4.390174919085414185e-02,2.842460975795349856e-02,9.031440629094274197e-02,-1.200438204779561736e-02,1.807290001207894070e-01,1.170449713020434435e-01,1.416916750778251799e-01,-3.119056184212992133e-01,1.664003651924710059e-01,-3.273829088100072560e-01,-2.312887485657963149e-01,-3.358417276409447205e-01,-2.265576107558401608e-01,2.668393295026711895e-02,1.061044361010865245e-01,-8.285683812583809205e-02,-6.230904692184848631e-02,-5.675034856209208722e-02,1.343020105975162651e-02,4.606482086908130630e-02
3.196573346116612230e-02,7.669372118137453287e-02,5.886604526046716745e-02,8.853663599139062201e-01,-1.686557569317303495e-01,5.973420788285110916e-01,1.964755809211093385e-01,3.167186144373743822e-02,1.656548203141095243e-01,7.367540448638763007e-01,4.561940499112567687e-02,9.017004205295878760e-01,-4.900609673700809243e-02,1.053283494928992058e-02,1.249187551231754484e-01,-6.554879431884499952e-02,1.658855913934055848e-01,-4.518268429925025725e-02,1.367505127804811982e-01,1.000000000000000000e+00,5.605249701678546165e-02,5.683456286831230914e-02,6.458254826968400086e-02,1.495399654711049298e-01,-7.957406757082155502e-02,1.641273903106242951e-02,-5.495270762839891965e-03,4.532547179615484811e-01,6.568605496440185765e-02,6.116073296927209552e-02,1.183106616709583975e-01,4.545715873794600737e-02,1.655610378633427526e-01,1.051043585919530232e-01,-2.602406803449982542e-01,5.431657155203385712e-02,1.449793457813685071e-01,8.577588777643841977e-01,-1.192775087665488287e-01,4.142115463175872758e-01,-4.462564340077604386e-02,-8.183286344471650542e-02,2.131114860713831105e-01,7.479583811905187174e-01,1.991376976998712744e-02,8.768050792302596319e-01,-8.894259181759721355e-02,-2.164510082426175375e-01,7.779218807497931265e-02,-5.177595526008190591e-02,1.499368356520137668e-01,-3.500621773292379030e-02,1.229107850969231863e-01,9.359834198231602453e-01,2.494091252181400431e-02,1.169827579290906028e-01,5.810064114442115013e-02,1.450031379339814241e-01,-1.417757802638410503e-01,-1.530055982441870521e-02,-7.230107794324708292e-02,3.925164923248476989e-01,-1.747902446421349398e-01,-5.517766838403591464e-04,1.753004664617035732e-02,-2.187609019623511508e-01,1.851510218933299645e-01,1.771572960013035325e-01
1.685598625925776584e-01,2.361829920903483204e-01,5.831869606841810771e-02,8.117832597922314264e-02,3.351219121514808358e-02,-4.446227681983095509e-02,8.478584819570847766e-03,7.108365309476402660e-02,-3.109476845266797088e-02,2.313951838065367306e-02,-3.761422050945912449e-02,3.511991749492299197e-02,-6.167723833035600178e-02,5.999956655051683768e-02,7.204883885317907993e-03,3.523863357312015943e-01,1.092263334797472923e-01,-1.307776378032045328e-01,4.846954930085776297e-02,5.605249701678546165e-02,1.000000000000000000e+00,5.273427683973986452e-02,7.240942655140608641e-01,1.180279718148837947e-01,-5.972192320935492543e-02,8.232497531302968019e-02,2.541459357214741477e-01,3.191139864850239261e-01,4.112613124895467820e-01,2.967701477271739718e-01,-1.206023187241549444e-01,2.463817191927619374e-02,3.695137414331636783e-01,3.982166648978709422e-01,2.601571751501414176e-01,1.810978548276534761e-01,1.480466693683587243e-01,1.187253748118163310e-01,3.326192233249643943e-02,-4.381195233759452301e-02,9.410570813293682446e-02,5.043499137847711616e-02,3.671852779523111093e-02,2.994463019398886650e-02,1.234274825869732459e-02,6.616410302772063323e-02,-5.745521954886122218e-02,5.136306488987366081e-02,3.793493202267554654e-02,3.545688951167483283e-01,1.919177720333257176e-01,-8.545144535543888753e-02,1.179039552369950394e-01,8.241520322218394336e-04,8.496220137156625940e-01,1.965848911906584173e-01,7.474672087934806086e-01,1.358669350539179199e-01,-2.232654154968303009e-02,9.641892587861497499e-02,2.710346576574814703e-01,3.683201350926648687e-01,4.455448620561568429e-01,3.545425825877025483e-01,-6.269350020045866279e-02,-7.016435982779108127e-02,2.927383327233991639e-01,4.369013466234944465e-01
-1.805522372738500858e-01,1.445210786094087430e-01,-8.829310446308628879e-02,5.514301549581300532e-02,4.778500526184745884e-02,-5.472399623863768992e-02,8.574922964046891027e-02,-6.203242301052801048e-04,7.145995848149072627e-02,4.404711259969866337e-03,2.273340423136194222e-01,3.952917965998993532e-02,2.837470454007363918e-02,-6.139104437998047642e-02,-5.331591787547833999e-02,1.787658026613816176e-01,-4.515398281907494898e-02,8.711966289684364845e-03,-1.011182566566797419e-01,5.683456286831230914e-02,5.273427683973986452e-02,1.000000000000000000e+00,6.420834442086091609e-02,2.716519095262575068e-01,1.721998610683021791e-01,2.558540718047598861e-01,1.377406674171643142e-01,1.480116530870888847e-01,-4.214068161659232509e-02,1.870951349859385771e-01,-9.052822045667120732e-02,-3.183447133760052006e-02,8.509956127835589801e-02,1.740733855041076417e-01,-5.574560696658648062e-02,1.749659117637356598e-01,7.996642562080130689e-02,8.179116969787517122e-02,5.689452690990374345e-02,8.596778266521960116e-03,1.442294232439649548e-01,-1.377685882730241181e-02,6.704240621730676863e-02,4.147300248160510489e-02,3.621986681245698558e-01,4.422285220404952033e-02,1.339629897937133773e-01,5.600669583668611146e-02,2.780860301855530431e-02,1.420438909689574758e-01,1.885935502610494863e-01,-7.266454567612527608e-03,1.672978534400148265e-01,7.063682714358592019e-02,-1.686715001682439867e-03,4.681026259282295432e-01,8.529410748327045932e-02,2.120899492850127355e-01,2.393783470442610584e-01,3.181343090599940138e-01,1.619079059314586511e-01,1.921075004711604306e-01,-1.498570398130094107e-02,2.508865928617612928e-01,5.176479866491674742e-02,-4.402711953326163968e-02,6.519368496926053469e-02,1.576643894805534740e-01
2.711957300105640734e-01,1.935554418452619385e-01,1.663446622901631755e-01,6.907059360506045964e-02,4.749214208587879127e-02,1.355646423863744905e-02,-3.798417534998829032e-02,1.762041001443820087e-01,-1.259381777727284490e-01,5.247123972636046595e-03,8.073215899870515855e-02,4.788230379016642640e-02,-8.530324890660571924e-02,7.605262841690274556e-02,-6.910383052871714449e-02,3.108961579517986462e-01,3.938796723895729990e-01,-1.157601842618959376e-01,2.508695372827434711e-01,6.458254826968400086e-02,7.240942655140608641e-01,6.420834442086091609e-02,1.000000000000000000e+00,1.252109338876879370e-02,-1.814920188646411414e-01,1.850811008040749717e-01,3.013148227502913667e-01,4.654599742025536946e-01,3.880907795901611945e-01,5.670372866284140168e-01,-1.355869586448714414e-01,-1.657157858398174838e-02,2.169444631513107735e-01,3.858964327127626381e-01,2.391184193588876961e-01,1.485025125352739395e-01,8.999890400244280053e-02,1.031383235855953540e-01,8.599510353763096387e-03,-2.134865565061872320e-02,-6.364631680623655807e-02,6.527998934265848152e-02,-9.197524969387423088e-02,-2.979481326477252754e-03,1.807390960610122778e-03,7.016341363704042822e-02,-2.011937002275411002e-01,-1.014145551607207180e-01,-3.816117650186783700e-02,3.225450750601729921e-01,2.583210150295262575e-01,-1.563178836139142158e-01,1.304876039984612934e-01,8.401776691651385159e-03,6.571764504468194934e-01,8.139628404802749795e-02,7.476488017232068017e-01,-5.156059196202793238e-02,-1.403629801761576423e-01,-3.612198354908082581e-02,1.087168128621944507e-01,3.876840802927731255e-01,3.489532414521548387e-01,3.925540981310319810e-01,-1.589920267725974390e-01,-1.051790362983337501e-01,2.099990743225076117e-01,3.676570865955176570e-01
