1.000000000000000000e+00,-2.210632576660140347e-02,4.220929068641171567e-01,-3.744876210352892504e-02,2.878198684224896747e-02,-8.890460135978718592e-02,2.373618927916965604e-01,-9.202079700861846845e-02,3.271561919146757230e-02,7.463758497440167727e-02,7.463079162426571045e-02,-8.878535198356393709e-02,1.769301509649006954e-01,4.669752219054799647e-01,-1.660927244827682114e-01,-1.149930270655034475e-01,2.885052178234730480e-01,1.601803911286339699e-01,5.283564911312000900e-01,-8.989292951564008261e-02,1.733455590158258786e-02,7.762602069932543480e-02,-1.574225769244666073e-03,-4.832004233080247624e-02,7.878775971054134686e-02,5.917501800212034146e-02,3.117068422573143205e-01,-2.420130368868400050e-01,4.535360146476173915e-01,-2.609177738577425631e-02,1.985842563476903910e-01,1.218726815567119058e-02,-5.573258452186848760e-02,-1.404601269035966327e-01,2.647678363647227306e-01,-5.636385441644899304e-03,-7.563323931871258898e-02,-1.158290366671674808e-02,1.680886606875799799e-02,3.601178201546464432e-03,6.513554655698287291e-04,-8.371415560531002276e-02,-8.900832851032816281e-03,2.213094894365639775e-01,3.038120241962405464e-03,-4.789358118123631519e-02,8.516647058823735572e-02,1.450993233612093980e-01,-1.004802453441809296e-01,-1.092002620964520332e-01,-1.772386930434225460e-01,2.130412732561230982e-01,4.047349185384042231e-02,-9.082309690277282077e-02,3.740456639158584728e-02,-6.295639822264104124e-02,-1.170713977489440810e-01,-8.836580270466333487e-02,8.719244012819840628e-02,-1.430095790953608836e-01,2.603662205581785960e-02,-1.140463717980095132e-01,6.988985199312006125e-02,-2.225030119570917120e-01,1.064128653380697759e-01,7.663825565083222380e-02,-1.206165919337522921e-03,-1.244483687786777371e-01
-2.210632576660140347e-02,1.000000000000000000e+00,1.478427698996040152e-01,3.412573893743433007e-01,-1.101841579845515284e-02,1.993243262057455001e-01,1.352646996916130953e-02,2.135343172648174748e-01,9.997236692317409967e-02,1.769871807945409825e-01,2.058486915001682127e-01,3.708145296375216504e-01,7.984321606041126090e-03,1.380289186896863259e-02,5.030561761011428934e-02,4.294376461304480475e-01,3.191116535450090330e-01,-2.891956967305726878e-02,5.417559144909465246e-02,3.901294075156276353e-01,3.997801493182275845e-01,3.229162672772529219e-01,5.144088950416376704e-01,2.810063374969630212e-01,9.316946157413803775e-02,3.269408532933172351e-01,4.679178300808798929e-01,5.022623215731337742e-01,2.381545128985616544e-01,4.335649041504046619e-01,-1.294194650135258307e-01,-3.562689705466337564e-02,3.750199155734156853e-01,5.104927917968747897e-01,2.318859449746475399e-01,4.065650677915227940e-01,1.709638977576149674e-02,3.658807457785803186e-01,6.571258805198154640e-02,2.103463370121311238e-01,5.027730637384097284e-02,2.649158365958279582e-01,1.315383577645762025e-01,1.610128839802294765e-01,1.889588217116184299e-01,3.564893724976998524e-01,4.598415901907060288e-02,7.937262275540547807e-02,2.404901000621725848e-02,4.338335154929391368e-01,4.177154801814185192e-01,-4.535490417942088237e-02,2.509295030200965337e-01,3.969764977342517542e-01,4.585385146618033425e-01,4.088102101752933426e-01,5.442742401833841059e-01,3.251420061398082595e-01,1.551462113591140224e-01,2.465610079462013104e-01,4.197105153897386365e-01,4.717921687446058332e-01,3.707545074744313385e-01,4.650822556077138792e-01,-5.021587388213383241e-02,3.276795999252200137e-02,2.965384467089012821e-01,4.602891180962573325e-01
4.220929068641171567e-01,1.478427698996040152e-01,1.000000000000000000e+00,2.167608172988649828e-01,2.736014254868925077e-02,3.043427245491273081e-01,5.983356329188050937e-01,3.398915713700290109e-01,1.393287891848319082e-01,1.968271147041416591e-01,2.351437202026923634e-01,2.229259346759613625e-01,9.126276575267672220e-02,5.288362865634543830e-01,1.503154359271187124e-01,1.872404125222046078e-01,6.647735128735848820e-01,3.877705259136147720e-01,6.728534981562166450e-01,1.752831811330962941e-01,1.332774648558509301e-01,3.694753884363513041e-01,2.499335296654476846e-01,2.864527276538774148e-01,-9.922421497606156646e-03,6.021033136475704151e-01,5.151837786780067985e-01,2.529473562034296186e-01,2.483383147840456662e-01,4.807818792067328761e-01,2.506077452817663878e-02,-3.751934966266407684e-02,1.906673438812224175e-01,1.516329508046555807e-01,2.408291125467003080e-01,1.152782322177459684e-01,3.289658497030474305e-01,2.465636897993055965e-01,6.656255922903753230e-02,3.081761795347043864e-01,3.329568025472964821e-01,2.016428000207007021e-01,1.393864286943265474e-01,3.448617176410603835e-01,2.607170332233826882e-01,2.794480269391285687e-01,6.874653070305070113e-02,2.763021306376770014e-01,6.550254810643658943e-02,1.353852281216886277e-01,2.374127196952069696e-01,1.938116710248938557e-01,3.684032073252321293e-01,1.733815435590964904e-01,2.146964793269688365e-01,1.583453458865982100e-01,1.998397975205212229e-01,1.750495530765417695e-01,2.911866507579279756e-02,2.667811219670767064e-01,3.201561059545467991e-01,2.900417440644009193e-01,2.632473416057782845e-01,2.208667930474243202e-01,-9.295680249959147740e-03,2.469169541281040006e-02,1.489873165160470192e-01,1.718565023997256636e-01
-3.744876210352892504e-02,3.412573893743433007e-01,2.167608172988649828e-01,1.000000000000000000e+00,1.663073600616395836e-02,3.737500947037815657e-01,2.327753467562015399e-01,1.739428174462488985e-01,2.108440375917118859e-01,5.304939902140212160e-01,1.611968531467390664e-01,8.192833421694479812e-01,1.486448731987184213e-03,5.306167907634044140e-02,1.834451828863207790e-01,3.624857996762318457e-01,2.435633164693249975e-01,4.567401186012987058e-02,9.849953351748284847e-02,8.263896213365395926e-01,2.430285704589861262e-01,3.149098770191978702e-01,3.459609396790337410e-01,3.720993753396878434e-01,1.624050612697150453e-01,3.657287960426538476e-01,3.248700123348119417e-01,4.483187930177641722e-01,2.619133485706673925e-01,2.577947038771902233e-01,-8.400589259714949519e-02,-3.233442926350792862e-02,4.091756686251811770e-01,3.200104069536235940e-01,2.676471985705738965e-01,3.859988958136374992e-01,2.975178267725935299e-01,8.971770876775887471e-01,1.009292039479242342e-01,3.619849263270801254e-01,3.503433889034390791e-01,2.186941658399145505e-01,2.975851966400904769e-01,4.373947768282355764e-01,3.303266436188664334e-01,8.025567982777096487e-01,1.449323399914103361e-01,2.225386815046946354e-01,1.220476256881915245e-01,2.309399597734126952e-01,4.301573017230237439e-01,1.584754918120879486e-01,3.554846390787843036e-01,8.349521976976771453e-01,3.295026419576211896e-01,4.684263907875923505e-01,4.105404800395219267e-01,4.842368792405395972e-01,2.391736435940822192e-01,4.208381285907427660e-01,5.265339186381778891e-01,4.885734383116030477e-01,3.824078999541489221e-01,3.553844853924253977e-01,-9.161089941608167864e-02,2.363902384642511262e-02,2.305657226341055466e-01,2.946657368385522391e-01
2.878198684224896747e-02,-1.101841579845515284e-02,2.736014254868925077e-02,1.663073600616395836e-02,1.000000000000000000e+00,9.051719901308589999e-02,6.798307997785517365e-02,6.962742669611274304e-02,4.673332259885397411e-02,5.555154645137359154e-02,2.350663939830162016e-02,1.776834260513817168e-02,1.003723094945669636e-01,7.272850832242939989e-02,9.404352870820371912e-02,-1.086826032427458399e-02,8.099819584475394588e-03,4.429934979035918263e-02,3.573760736068090638e-02,4.637758632038055211e-03,1.701337147461914889e-02,4.141735839880551773e-02,-3.403199089143703684e-04,3.836907533513586599e-02,3.570928395540963474e-02,3.209286386767919164e-02,3.299866333790668627e-02,2.150224191322746073e-02,6.652564770622620971e-02,1.123480653466100293e-02,2.460536005533743228e-02,1.086598025289692571e-01,4.599665969858961201e-02,4.743686274848703949e-02,3.363738383081904537e-02,5.145037401056615223e-02,3.445749518176985382e-02,1.858756157522556060e-02,4.950728191205487627e-02,9.546894394663875405e-02,5.859096961151071675e-02,8.314135160672835034e-02,6.143833933002165043e-02,5.544034004209112687e-02,5.030478449732393026e-02,2.866493511759439852e-02,6.945038555853250140e-02,7.221348553099724010e-02,5.017489801096462060e-02,-4.331689805838617735e-03,1.325117025690634651e-02,3.754604577184891823e-02,8.703432389632947963e-03,2.053560575385961900e-02,4.520131746815347212e-02,1.355471097749133894e-02,2.176995308176834371e-02,2.065735356019362395e-02,6.569531551474135089e-02,2.204872087774828460e-02,2.891497501261270850e-02,3.556070683157714490e-02,6.463267138506875731e-02,1.614355081848736426e-02,4.817414474869238100e-02,8.356884040951503834e-02,-2.075589168185247655e-04,5.948026537543670000e-02
-8.890460135978718592e-02,1.993243262057455001e-01,3.043427245491273081e-01,3.737500947037815657e-01,9.051719901308589999e-02,1.000000000000000000e+00,4.132002362853059441e-01,5.708583368232964528e-01,2.162921332658417350e-01,4.106962707307523774e-01,2.005638879671076125e-01,4.768398762074467223e-01,1.132057047867942312e-01,2.299271101495245773e-01,4.224981442434757040e-01,2.543809017129645689e-01,2.734918169849502312e-01,2.249837676292215372e-01,2.423425203054167254e-01,3.262805233021375262e-01,4.274253777956885797e-02,2.468681703661714522e-01,1.937478095349734197e-01,3.286334456809463234e-01,1.203501997845368432e-01,3.103480736269885742e-01,2.338522042787188615e-01,4.585828688547519683e-01,1.607666461504668187e-01,3.033109733710306344e-01,3.202030749838943868e-02,2.729295786504198906e-02,2.463917272608499576e-01,2.469973950092280990e-01,1.748464147261317436e-01,2.100154670863640660e-01,2.387696076478229568e-01,3.947559589474989306e-01,1.374191848499280999e-01,7.007255149184251630e-01,3.899972348322461868e-01,4.750923692653736263e-01,2.225927551435972485e-01,4.248237128341729174e-01,3.194917246541822409e-01,4.895497427710215899e-01,1.875090872065518777e-01,2.969117645963005314e-01,2.257244890456922559e-01,1.712617551616231193e-01,3.996421049468231734e-01,7.237690736322002771e-02,4.065907661374384419e-01,3.661698414665395251e-01,1.491177799964012729e-01,2.084938687920619427e-01,2.583457347597120646e-01,3.469876105616288564e-01,1.707738397066184410e-01,2.623235558498870912e-01,3.164425418289164016e-01,4.893132231759669826e-01,3.559213739113273878e-01,3.391926069896847307e-01,1.573853067851883544e-02,1.826455832468253382e-01,1.822599837370260933e-01,2.861486030870608599e-01
2.373618927916965604e-01,1.352646996916130953e-02,5.983356329188050937e-01,2.327753467562015399e-01,6.798307997785517365e-02,4.132002362853059441e-01,1.000000000000000000e+00,3.917797943311950304e-01,4.782820972996559838e-01,2.263120348109603497e-01,2.068668142718448621e-01,2.479907806932154513e-01,1.989618565914504367e-01,6.901503385678245950e-01,3.839599313961852833e-01,1.306568304966935767e-01,3.361103590771382099e-01,5.498276356723315050e-01,5.225693960282837836e-01,1.109767396881461837e-01,2.420524156758060638e-02,4.320357594718514660e-01,2.504534397572742710e-02,5.615382857877179168e-01,1.300031025834728626e-01,5.560357304813311474e-01,4.413027535401479740e-01,2.295346120129551915e-01,9.071420213169151259e-02,3.707857817280456048e-01,1.002589151192035538e-01,3.459505433257637624e-02,1.501327921511009522e-01,1.055468060261034562e-02,1.868743067059945584e-01,2.251380281625118759e-02,5.397598704952257798e-01,2.610644075442521417e-01,9.869077833669120947e-02,3.901365108756232325e-01,7.317031254321186839e-01,2.702791917077911332e-01,4.655660220925459947e-01,3.211283162969114646e-01,3.656399468902557515e-01,3.084278855533125752e-01,3.063172893422749232e-01,5.905624048265692982e-01,1.694704203715767521e-01,4.956627900650066587e-02,1.662316345807141604e-01,4.375682728642595887e-01,2.828460654950066266e-01,1.303835986225370114e-01,1.006925664411590787e-01,2.206125347192267050e-01,5.164784167346047478e-02,4.503902956372213828e-01,1.292160184099978015e-01,3.612231889765351589e-01,3.884180871048900086e-01,2.410313006460806928e-01,1.995777008483304582e-01,1.445617794882556317e-01,2.072279658213989698e-02,1.492178829009704333e-01,1.128210374796589782e-01,3.810233187059263588e-02
-9.202079700861846845e-02,2.135343172648174748e-01,3.398915713700290109e-01,1.739428174462488985e-01,6.962742669611274304e-02,5.708583368232964528e-01,3.917797943311950304e-01,1.000000000000000000e+00,1.305323198052665556e-01,2.390332105647972050e-01,2.365523677115318191e-01,2.691964278768280705e-01,7.217666996802173107e-02,3.477052042236344898e-01,2.873159190931540152e-01,2.938804228056400292e-01,2.934389581966155847e-01,2.771529496386149205e-01,2.308437576181851525e-01,1.803509080340144899e-01,1.195458716071877009e-01,3.423713903850162388e-01,2.416741473670779572e-01,2.797218797689646208e-01,5.972233477851790484e-02,4.042650371932743347e-01,2.518130724360830852e-01,5.204228600255756954e-01,8.260496545328341322e-02,4.595258833037261237e-01,-6.441546977090638337e-02,7.191182060845947854e-02,1.790615456427167296e-01,2.734412360258396402e-01,1.514778249696965007e-01,1.863090471399738990e-01,2.702064141722138602e-01,2.007682069396418412e-01,1.149736838098968095e-01,5.070046794150202540e-01,3.443203075118280720e-01,5.417673800303881571e-01,1.663191693560779338e-01,3.028612168879881161e-01,2.967018106397564248e-01,2.489207108459525752e-01,8.355138123159758234e-02,3.151625968853513093e-01,1.461453399017100530e-01,2.414436656548045734e-01,3.864511572802437067e-01,7.728115971261531603e-02,3.257546735057219589e-01,1.924525002724502554e-01,2.160166255368196342e-01,2.766496310679466553e-01,3.056253848427792352e-01,2.756484729735022010e-01,9.398617468783521112e-02,2.966651434024435430e-01,2.889112121410608025e-01,4.966543452226562239e-01,2.933687541185447945e-01,4.568850462484707053e-01,-5.595681909092616729e-02,1.621340599492784584e-01,1.785384492697595638e-01,2.742644530946884984e-01
3.271561919146757230e-02,9.997236692317409967e-02,1.393287891848319082e-01,2.108440375917118859e-01,4.673332259885397411e-02,2.162921332658417350e-01,4.782820972996559838e-01,1.305323198052665556e-01,1.000000000000000000e+00,1.242409919190379658e-01,1.185998315576644591e-01,2.614836666141501231e-01,1.670418041404840570e-01,2.391164606691467132e-01,2.853417264648931972e-01,1.456188633110915842e-01,3.698399815402747537e-02,1.850850065496617847e-01,1.603583993570132926e-01,1.821836692905957344e-01,1.715619956597461138e-01,2.700625371602913827e-01,9.136699728630381934e-02,5.346852933147726583e-01,1.941835332755527388e-01,2.426907050774645136e-01,3.192236773176749809e-01,1.638441453075408782e-01,1.264285833796920389e-01,1.369841456707974470e-01,1.516604278504845027e-01,5.111291184717959429e-02,1.950720564644102539e-01,9.058627600740914998e-02,1.079224586579530382e-01,1.333970043800803695e-01,2.076699930604875011e-01,2.119442461370406317e-01,5.884694061379355107e-02,2.168624581193704104e-01,3.937536567382793340e-01,1.194499166272489088e-01,4.623987916718029778e-01,1.297450556243965880e-01,2.391714776484269445e-01,2.699566593307593521e-01,2.839292487871298842e-01,3.078869352516188096e-01,1.434280343634483090e-01,1.458890482831364521e-01,4.990942617597376313e-02,1.909977243161577465e-01,1.106937098971449429e-01,2.015059065939579230e-01,1.912727909762383660e-01,2.122855607843300296e-01,1.263445140020950375e-01,4.495959915157193287e-01,2.084256479364061665e-01,2.274614559165691052e-01,2.947507775284355924e-01,1.906844083476766927e-01,1.826031037381924127e-01,5.427350441056320168e-02,6.260466065479003417e-02,1.029634336805195088e-01,1.094214910210425939e-01,1.060877569227583889e-01
7.463758497440167727e-02,1.769871807945409825e-01,1.968271147041416591e-01,5.304939902140212160e-01,5.555154645137359154e-02,4.106962707307523774e-01,2.263120348109603497e-01,2.390332105647972050e-01,1.242409919190379658e-01,1.000000000000000000e+00,1.154774880058392628e-01,5.261799156000689370e-01,2.296335104674744262e-02,8.840223637080081576e-02,1.002850830446453401e-01,2.367940499150974210e-01,1.304264820604979225e-01,8.497887393256323141e-02,1.224590314640677663e-01,5.287675786155495716e-01,1.798976426725542033e-01,3.172750187725582038e-01,2.590206208341062077e-01,1.679610580309874868e-01,1.084046519240379758e-01,2.793478662117325761e-01,2.175584489224070550e-01,2.364773628238780179e-01,2.771760680829483681e-01,1.583985329545211929e-01,-1.154377325644960206e-01,9.975035607582788053e-03,3.570982167465655555e-01,1.560963387813889269e-01,3.429565812673264769e-01,2.999812006832302536e-01,3.105843411032797041e-01,5.742508097850077542e-01,1.261938126636377722e-01,3.922479744148917313e-01,3.347185082728266758e-01,2.324245056851917401e-01,2.281053764653220850e-01,8.803117128596643637e-01,4.212757861918994262e-01,5.055831279598018702e-01,1.884370688361124702e-01,3.642032572520667588e-01,-9.033661077793391642e-03,1.083169365206710227e-01,3.358032497403378169e-01,2.789640528335181613e-01,3.054273715916709375e-01,5.394248994223774796e-01,2.467336988632087280e-01,3.617051358730296040e-01,2.919936536548007333e-01,2.816209353873671550e-01,2.076113404269810947e-01,4.214355498452235782e-01,4.838286740351014914e-01,3.344167464026050474e-01,3.881812999203509973e-01,2.916011866994834278e-01,-1.076456654387074330e-01,1.420956026232051694e-01,1.890505991410635633e-01,1.731720016493437930e-01
7.463079162426571045e-02,2.058486915001682127e-01,2.351437202026923634e-01,1.611968531467390664e-01,2.350663939830162016e-02,2.005638879671076125e-01,2.068668142718448621e-01,2.365523677115318191e-01,1.185998315576644591e-01,1.154774880058392628e-01,1.000000000000000000e+00,2.028181862952327663e-01,1.954848956013900685e-01,2.261991141396638150e-01,1.641810748297193590e-01,1.483735004104097532e-01,3.503034555547615003e-01,1.872068455655670205e-01,2.672116710611413537e-01,1.845371951907140429e-01,3.713096921511147008e-02,2.284989090718215765e-01,1.223992229511835367e-01,2.492825899012344470e-01,1.232671367413670643e-01,3.034082714882162524e-01,2.428979371022685352e-01,2.701071573360980804e-01,1.267461031687478201e-01,2.880961291986192663e-01,-3.603618287011186444e-02,2.763615196691670411e-02,1.158846850356589769e-01,2.230875573194109340e-01,7.434230834234895058e-02,1.649353638681783363e-01,1.335531346541287134e-01,1.818587753278910202e-01,4.735952794545884859e-02,1.829209898304294535e-01,1.675876556616887059e-01,1.849192105978424983e-01,1.372167981264783565e-01,1.444450065102829694e-01,3.211007497883493489e-01,2.117056423508731633e-01,1.370833473596081986e-01,1.323919087688188445e-01,8.447511137014857008e-02,1.336884843886991803e-01,2.289713565090420178e-01,1.612126296256897184e-01,2.554584819922667283e-01,1.852485343006559371e-01,6.914130827756242992e-02,2.243078624357705275e-01,1.310299945237182184e-01,2.171163993281490234e-01,1.473674849517369878e-01,1.809930733683380033e-01,2.195132365999727664e-01,2.550039111229293609e-01,1.503325450607053138e-01,2.341750690497969578e-01,-2.204737794842482820e-02,8.599024583229027824e-03,1.339951989430970269e-01,2.158506198075219318e-01
-8.878535198356393709e-02,3.708145296375216504e-01,2.229259346759613625e-01,8.192833421694479812e-01,1.776834260513817168e-02,4.768398762074467223e-01,2.479907806932154513e-01,2.691964278768280705e-01,2.614836666141501231e-01,5.261799156000689370e-01,2.028181862952327663e-01,1.000000000000000000e+00,1.648711282448830917e-02,3.514424566297669889e-02,2.668532116637790663e-01,4.127478299256337468e-01,2.656226768604617594e-01,2.296876785088390951e-02,1.074660017966814901e-01,8.332215722061120378e-01,2.859732154502787616e-01,3.187343353247983346e-01,4.140143723394955622e-01,4.430018382054800030e-01,1.773485804675428157e-01,4.097513079840601202e-01,3.897010508080108182e-01,5.468281773562513326e-01,2.459937436125477495e-01,3.292003172897998153e-01,-6.961685374518213065e-02,-1.354253501250746563e-03,4.152341405592822055e-01,3.706414595171275139e-01,2.399812169541418738e-01,3.986949335397239058e-01,2.797867157438489460e-01,8.217442451893446353e-01,1.001526324762700842e-01,4.549553695514312324e-01,3.687256538001455475e-01,2.633867933087923885e-01,3.508256065026506554e-01,4.304935796610450116e-01,3.607725540651176566e-01,8.513857588760604944e-01,1.626913430946669847e-01,2.358022054261346978e-01,1.678988259846409814e-01,3.133937270422624821e-01,4.309485544697034265e-01,1.286484630913092009e-01,3.671058968878158635e-01,8.333447307579253671e-01,3.890087796576290891e-01,4.765207253495459816e-01,4.851892038104227423e-01,5.418905580379684839e-01,2.368379392151322704e-01,4.386708387936035236e-01,5.415587320834801544e-01,5.798241297281941931e-01,4.084276831125301932e-01,4.086678685300216274e-01,-6.216086650026858562e-02,6.056291515039048667e-02,2.480338185825951280e-01,3.487464373945824980e-01
1.769301509649006954e-01,7.984321606041126090e-03,9.126276575267672220e-02,1.486448731987184213e-03,1.003723094945669636e-01,1.132057047867942312e-01,1.989618565914504367e-01,7.217666996802173107e-02,1.670418041404840570e-01,2.296335104674744262e-02,1.954848956013900685e-01,1.648711282448830917e-02,1.000000000000000000e+00,2.108309032573892350e-01,8.725514757440511193e-02,-4.665441071591743677e-02,7.394363699186835837e-02,1.889293646906650137e-01,2.056304063281152172e-01,-3.626861559783465389e-02,4.425960268917932677e-03,-1.743071411437536068e-03,-3.455459805801778389e-02,7.559610683625243854e-02,3.037692782533646385e-01,-3.377791270934821927e-02,1.062971425667549180e-01,-6.230213276811479017e-02,1.733804738485460462e-01,-5.590813121649038098e-02,2.547046150772315776e-01,9.708624864778592212e-02,-1.847967664025252504e-02,1.704372906143870230e-03,4.158774544634351311e-02,-3.464247505670742938e-02,-6.712395103626771220e-02,8.934263404740366669e-04,3.756935470425827595e-02,1.293505033784598246e-01,1.322989185296906747e-02,4.994916804364214064e-02,8.637470948111676539e-02,7.103099810052579399e-02,4.339857437784348793e-02,3.163176168173699454e-02,2.542526683554066080e-01,8.650384416215194106e-02,3.171680987886028175e-02,-4.098567820006333157e-02,-3.385962928682573897e-02,5.274762499208440064e-02,5.425265755416398827e-02,-1.418684035873971419e-02,-8.978902733771819758e-03,-9.457218911342507583e-02,-6.512188064863856651e-02,1.349710420243379824e-02,1.275104790116388664e-01,-1.318569961088700282e-01,-4.860031641850616826e-03,-2.949417948841948425e-02,7.144868464778020289e-02,-1.217522054938944692e-01,1.314886522365670551e-01,1.217809171878105751e-01,4.964983460926705033e-02,2.089974297472749903e-02
4.669752219054799647e-01,1.380289186896863259e-02,5.288362865634543830e-01,5.306167907634044140e-02,7.272850832242939989e-02,2.299271101495245773e-01,6.901503385678245950e-01,3.477052042236344898e-01,2.391164606691467132e-01,8.840223637080081576e-02,2.261991141396638150e-01,3.514424566297669889e-02,2.108309032573892350e-01,1.000000000000000000e+00,2.159357636342297548e-01,7.221254978944201264e-02,3.511865907074744886e-01,5.421976890756859957e-01,5.636602840999715980e-01,-3.701791451466904248e-02,-2.869141097781215469e-02,3.370691947930198884e-01,-2.649266852994932100e-02,2.567367906696183533e-01,1.181746805101138997e-01,3.360802514787514794e-01,3.766512629470957774e-01,5.146763083835871611e-02,1.679867486198310111e-01,2.936943713397695555e-01,1.497243252161448990e-01,9.886817389038354831e-02,2.700897138342378198e-02,-3.516543911606325595e-02,2.053102239067796930e-01,-1.310282442105080609e-02,3.541269695208477120e-01,7.540173023384974527e-02,8.343153359238478228e-02,2.040930647450200086e-01,4.549446422113123112e-01,2.077943764788348913e-01,2.339993487851097786e-01,2.003763463000698408e-01,2.105507243396352035e-01,6.562665892606954487e-02,2.074028249112900846e-01,5.642565958053994413e-01,6.698366806153287223e-02,1.113176280621519174e-02,9.429391897455000060e-02,4.404690672937444096e-01,2.187836753977719928e-01,-3.874528621086597430e-02,4.565834273243736530e-02,1.092575048378377350e-01,-2.172077252735310493e-02,1.795993886958107411e-01,8.276859403171162033e-02,1.141203830367934491e-01,2.620077785253053237e-01,5.491884599222383867e-02,1.143573039178163442e-01,8.349532752495515686e-02,7.863665610279661766e-02,1.836673048624980764e-01,6.680813537430119187e-02,-8.020625766202884102e-03
-1.660927244827682114e-01,5.030561761011428934e-02,1.503154359271187124e-01,1.834451828863207790e-01,9.404352870820371912e-02,4.224981442434757040e-01,3.839599313961852833e-01,2.873159190931540152e-01,2.853417264648931972e-01,1.002850830446453401e-01,1.641810748297193590e-01,2.668532116637790663e-01,8.725514757440511193e-02,2.159357636342297548e-01,1.000000000000000000e+00,1.422371177125754393e-01,9.752003633928418846e-02,2.121501356690945472e-01,1.284805214355086711e-01,1.522314310648046343e-01,-4.090282883550726278e-02,1.927387058784478246e-01,-1.701884472558786885e-03,3.772731317399534157e-01,1.378664003087596290e-01,2.563397910508947719e-01,1.384669919014890060e-01,2.350494271574778693e-01,-5.201217599162333977e-02,2.003241657562865041e-01,2.110158579663938896e-02,2.254954706703302808e-02,1.071489132919342807e-01,1.147435672135329043e-01,3.414753052256006005e-02,2.292317522133622762e-02,2.765796604901008537e-01,2.097762576350873931e-01,5.061670399299388751e-02,3.550020544356199959e-01,4.012434159792607757e-01,2.317931189234464784e-01,2.981354414352364590e-01,1.027673664100591105e-01,2.155518177278847036e-01,2.952634367054318143e-01,2.113518009009308363e-01,2.707576187949570223e-01,2.537686362633096437e-01,9.256433594285823352e-02,1.610594403997778201e-01,1.262340250229422589e-01,1.788466553624486199e-01,1.738761497522644528e-01,-9.374111607440852251e-04,1.641492099796169057e-01,6.793661385561887422e-02,3.496114805514013435e-01,1.249415500848653493e-01,2.362500073992100935e-01,2.125556394969417562e-01,2.124019524159137806e-01,1.349072753969097205e-01,1.551369593371285382e-01,-1.528561968702025695e-02,9.907249353408081882e-02,9.444654281569481169e-02,1.178094769415702486e-01
-1.149930270655034475e-01,4.294376461304480475e-01,1.872404125222046078e-01,3.624857996762318457e-01,-1.086826032427458399e-02,2.543809017129645689e-01,1.306568304966935767e-01,2.938804228056400292e-01,1.456188633110915842e-01,2.367940499150974210e-01,1.483735004104097532e-01,4.127478299256337468e-01,-4.665441071591743677e-02,7.221254978944201264e-02,1.422371177125754393e-01,1.000000000000000000e+00,2.351191818333152328e-01,-2.790610477940452458e-02,4.112334263173318682e-02,4.359625035015460837e-01,5.201550680569920759e-01,4.178340497948208054e-01,6.414519260944143708e-01,4.458694561755014996e-01,3.654090839598981427e-02,4.278431322163031014e-01,5.151423312220806405e-01,6.295243821300798848e-01,2.380222935399514683e-01,5.842481616952975854e-01,-9.244163557166895639e-02,-1.209371731122345188e-02,4.893900041906169562e-01,5.251100175141338866e-01,2.614276559592307314e-01,3.787127272535216749e-01,2.312139730077187871e-01,4.015372239010166489e-01,8.990460800428423660e-02,2.761685220513779293e-01,2.575653814155861032e-01,3.216580657094218476e-01,3.232147696202787301e-01,2.265566007125745240e-01,2.820226147364628955e-01,4.252483100563054785e-01,9.502993819147097232e-02,2.763619200650969110e-01,7.130561502902611759e-02,7.374210619062834260e-01,4.548993883729121057e-01,-1.161621797069114755e-03,2.700905999766398669e-01,4.328021111478868588e-01,5.544075805809300928e-01,5.374567748630642017e-01,6.811741679318931153e-01,4.994578744874408338e-01,1.496373325044694502e-01,4.481715133251412686e-01,5.391425445126564187e-01,6.501068788723056713e-01,4.345769917846764585e-01,6.405626152214646263e-01,-5.827681681120648605e-02,4.402971971784960109e-02,3.520251833654519658e-01,4.729304219377361007e-01
2.885052178234730480e-01,3.191116535450090330e-01,6.647735128735848820e-01,2.435633164693249975e-01,8.099819584475394588e-03,2.734918169849502312e-01,3.361103590771382099e-01,2.934389581966155847e-01,3.698399815402747537e-02,1.304264820604979225e-01,3.503034555547615003e-01,2.656226768604617594e-01,7.394363699186835837e-02,3.511865907074744886e-01,9.752003633928418846e-02,2.351191818333152328e-01,1.000000000000000000e+00,3.007979619001812654e-01,6.149560452534080790e-01,2.492098656299442105e-01,1.525629291145732536e-01,3.207959678798678049e-01,3.456533589085338254e-01,2.116754155876604260e-01,4.212914890280269192e-02,4.970585641844811886e-01,5.505234333692571314e-01,3.449135522466890147e-01,1.990330549082633405e-01,5.293504074534376436e-01,-4.021754182716730935e-02,-5.435624654214332024e-02,1.670074192840610150e-01,2.968853466907643845e-01,1.895150418610814236e-01,2.333017255355895325e-01,1.759425840403831820e-01,2.497940179970538355e-01,2.280402086017919300e-02,2.732897811718713044e-01,1.429432727708365436e-01,2.108101201666598701e-01,6.205092755011699934e-02,2.500703703170542025e-01,2.513123795713570474e-01,2.969405253755234009e-01,-1.946686672825961167e-02,1.277364365210930386e-01,3.235056048418899488e-02,2.276418789563648681e-01,3.515770566020062771e-01,1.110737748097925942e-01,4.269455329735090676e-01,2.501773326582926726e-01,2.636243652075153654e-01,2.036765227360152752e-01,3.101627261621808240e-01,1.331281604125769680e-01,5.903783901363956338e-02,1.948859275192843798e-01,3.594994617074717125e-01,3.617570494660987124e-01,2.158200002256771555e-01,3.298916027544533391e-01,-4.150236735250685711e-03,-3.459513484087575752e-02,1.755859915378613356e-01,2.887410111751275710e-01
1.601803911286339699e-01,-2.891956967305726878e-02,3.877705259136147720e-01,4.567401186012987058e-02,4.429934979035918263e-02,2.249837676292215372e-01,5.498276356723315050e-01,2.771529496386149205e-01,1.850850065496617847e-01,8.497887393256323141e-02,1.872068455655670205e-01,2.296876785088390951e-02,1.889293646906650137e-01,5.421976890756859957e-01,2.121501356690945472e-01,-2.790610477940452458e-02,3.007979619001812654e-01,1.000000000000000000e+00,5.657050574222524109e-01,-4.636957872516422191e-02,-9.502981524524858892e-02,2.265974194352013693e-01,-8.752740885063205190e-02,7.313116131494078187e-02,2.404929355830187285e-02,1.807309720111354712e-01,2.483733494074088222e-01,3.963518201580026185e-02,-6.140056177112353936e-02,1.335942323028306011e-01,1.418064195612174783e-01,5.573999242612716343e-02,-2.219179606443168543e-02,-5.372703159660949246e-02,5.113043513377316107e-02,-9.576025711141220031e-02,1.632750178709194977e-01,7.480767922457996766e-02,2.452957798068391634e-02,2.521093820818797182e-01,2.496486822817265694e-01,1.992550697220824008e-01,1.077726070317536755e-01,2.031855567336784685e-01,1.884745501704529203e-01,7.547953988098991818e-02,2.886234775212952533e-02,3.466089697585108542e-01,2.651306846558672964e-02,-3.917160716338050769e-02,1.059714234530569760e-01,3.768299450236262116e-01,2.512787263371754065e-01,-3.646235803580485935e-02,-4.481288958999513072e-02,-2.572300864634810211e-02,-7.734418166856975307e-02,2.977863585124790498e-03,-6.529116160005025982e-02,-7.478520245698914992e-02,1.033762326649131508e-01,7.912872182963909262e-02,5.468044200666938998e-02,6.781595826285917450e-02,-7.542258689146786980e-03,4.674770029947302591e-02,5.793229578240502442e-02,-3.459830133695323412e-02
5.283564911312000900e-01,5.417559144909465246e-02,6.728534981562166450e-01,9.849953351748284847e-02,3.573760736068090638e-02,2.423425203054167254e-01,5.225693960282837836e-01,2.308437576181851525e-01,1.603583993570132926e-01,1.224590314640677663e-01,2.672116710611413537e-01,1.074660017966814901e-01,2.056304063281152172e-01,5.636602840999715980e-01,1.284805214355086711e-01,4.112334263173318682e-02,6.149560452534080790e-01,5.657050574222524109e-01,1.000000000000000000e+00,6.199436454760749726e-02,3.463985544134120381e-02,2.107557934237021535e-01,9.680608744565505352e-02,1.181239333978136435e-01,6.392197023537664335e-02,3.101884227551160444e-01,4.695570217002197344e-01,6.527245212466910307e-02,2.458374674906654844e-01,2.518162031230986586e-01,1.925952807142785606e-01,-2.362050113382291663e-02,1.934957136992965579e-02,2.597090110492562137e-02,2.139571816509634461e-01,2.235501550783857219e-02,1.213516557382694067e-01,1.201647575563019599e-01,1.106313512346987667e-02,2.708987524490799048e-01,1.926588755451427715e-01,1.251209471745899637e-01,1.144334464702907311e-01,3.135608513635106953e-01,2.006736508296354249e-01,1.752583537278278591e-01,9.502881332942236803e-02,2.883681749605332412e-01,2.827759139002806663e-02,2.004698632912847028e-02,1.103985160712047525e-01,2.619964545964892366e-01,4.139632599809260349e-01,6.109522031861730484e-02,8.176338185481399345e-02,-9.165758046093829686e-03,1.611392178058126262e-02,3.049038701801426096e-02,2.543962933063554852e-02,-2.661560003273122366e-02,1.979032159031038351e-01,1.446915433510918558e-01,1.738362730297061953e-01,2.173206574041065819e-02,3.606816698020137019e-02,4.086169268004181260e-02,7.844177014597436548e-02,6.151870753244557954e-02
-8.989292951564008261e-02,3.901294075156276353e-01,1.752831811330962941e-01,8.263896213365395926e-01,4.637758632038055211e-03,3.262805233021375262e-01,1.109767396881461837e-01,1.803509080340144899e-01,1.821836692905957344e-01,5.287675786155495716e-01,1.845371951907140429e-01,8.332215722061120378e-01,-3.626861559783465389e-02,-3.701791451466904248e-02,1.522314310648046343e-01,4.359625035015460837e-01,2.492098656299442105e-01,-4.636957872516422191e-02,6.199436454760749726e-02,1.000000000000000000e+00,3.385938693377025799e-01,3.032565833527733901e-01,4.539700308590128297e-01,3.780413970626397280e-01,1.517391027524569724e-01,3.667804449190218419e-01,3.857790204474719209e-01,5.281896125839347089e-01,1.981897732450398353e-01,3.231480009463168490e-01,-9.979305789612810673e-02,4.379178492400975960e-03,4.180988982623811689e-01,3.672549353144380357e-01,2.178914473045988065e-01,4.249990861075998994e-01,2.314502799707466307e-01,8.162363763625967161e-01,8.214245535352360239e-02,3.183609524540715885e-01,2.602947350922698577e-01,1.955220596353522133e-01,2.948596385772020989e-01,4.216898723321036990e-01,3.201509332663159957e-01,8.210701899147849758e-01,8.928468196512595600e-02,1.828285012058578907e-01,9.373383306479093902e-02,3.566134376854717680e-01,4.060445351307524486e-01,1.310380859973333256e-01,3.480142698266264212e-01,9.357434274209378566e-01,4.369689446271246558e-01,4.817105895035300733e-01,5.355465587427478136e-01,4.872089374375157544e-01,2.391264206016627536e-01,4.074420706348323984e-01,5.438545945866585241e-01,5.583593768295123105e-01,3.492454528603725628e-01,4.157400465823400948e-01,-8.395430929833874734e-02,4.980615563060256795e-02,2.438803471721686100e-01,3.646625604756998373e-01
1.733455590158258786e-02,3.997801493182275845e-01,1.332774648558509301e-01,2.430285704589861262e-01,1.701337147461914889e-02,4.274253777956885797e-02,2.420524156758060638e-02,1.195458716071877009e-01,1.715619956597461138e-01,1.798976426725542033e-01,3.713096921511147008e-02,2.859732154502787616e-01,4.425960268917932677e-03,-2.869141097781215469e-02,-4.090282883550726278e-02,5.201550680569920759e-01,1.525629291145732536e-01,-9.502981524524858892e-02,3.463985544134120381e-02,3.385938693377025799e-01,1.000000000000000000e+00,3.101755308958547563e-01,8.628141996322388207e-01,2.775258268494592007e-01,7.989046043376721307e-02,3.259315015143390282e-01,5.309427482682909094e-01,5.144249969629043351e-01,3.726004537401196859e-01,5.286035829404445163e-01,-4.914785586436800496e-02,-2.685276574752218804e-03,5.406637347442159180e-01,5.815076456062058252e-01,2.786289287890829081e-01,3.471725289837265804e-01,-2.800319211916956971e-02,2.532661716166488275e-01,9.795207702068568778e-02,1.665472173961079494e-01,2.303543291129257417e-02,2.343385065264360634e-01,2.257265200818980300e-01,1.763337040350752560e-01,1.809188441021258309e-01,2.937595362077345951e-01,5.914881422675773159e-02,1.987444719925507697e-01,1.682000839910974266e-02,5.722297864242419374e-01,2.793621730370004497e-01,-3.732965718349560286e-02,1.425517697425661978e-01,3.371473385610797568e-01,8.428562181565332212e-01,4.116962327018177659e-01,7.555425092468450732e-01,3.150983158165733822e-01,1.263203733134743989e-01,2.567777786032395815e-01,4.076651784596775352e-01,4.635757716740559475e-01,4.921340643385372360e-01,4.829492554917561020e-01,-9.548623877150466677e-02,9.715965393879187617e-02,3.837994696405634953e-01,4.980337760743969722e-01
7.762602069932543480e-02,3.229162672772529219e-01,3.694753884363513041e-01,3.149098770191978702e-01,4.141735839880551773e-02,2.468681703661714522e-01,4.320357594718514660e-01,3.423713903850162388e-01,2.700625371602913827e-01,3.172750187725582038e-01,2.284989090718215765e-01,3.187343353247983346e-01,-1.743071411437536068e-03,3.370691947930198884e-01,1.927387058784478246e-01,4.178340497948208054e-01,3.207959678798678049e-01,2.265974194352013693e-01,2.107557934237021535e-01,3.032565833527733901e-01,3.101755308958547563e-01,1.000000000000000000e+00,3.629389548301640289e-01,5.313055275943513456e-01,6.326734755137469746e-02,6.233321863283173281e-01,4.747795594175869272e-01,4.772110641172991885e-01,1.462288161423124511e-01,5.253092843098334797e-01,-2.143261098995950520e-01,3.323652588729368064e-04,3.549841563767401897e-01,3.517381188081166177e-01,2.411501833256087801e-01,3.021556523114418691e-01,4.322496641153507069e-01,3.420867178748337456e-01,6.761669450918192381e-02,2.410371909138061819e-01,4.684684569802772258e-01,3.322219862142796742e-01,3.962337305469671445e-01,3.141889392998604147e-01,4.649756247752485638e-01,3.227285695553250289e-01,1.790663963433606898e-01,3.917721698144319142e-01,4.013537862257584438e-02,3.785839378965031865e-01,3.925600364111800911e-01,2.266234098938921249e-01,2.550752941804090845e-01,3.014231197463848599e-01,3.624104148588925267e-01,5.924226521025323100e-01,4.180565694065405125e-01,5.309061559285007670e-01,1.432497965423549791e-01,5.816170406683814909e-01,5.336122619086769436e-01,4.859870032622854996e-01,3.187508799504248924e-01,4.767675023418395108e-01,-6.263895941592796668e-02,4.060055546180214164e-02,2.738106386139437798e-01,3.365941382822320027e-01
-1.574225769244666073e-03,5.144088950416376704e-01,2.499335296654476846e-01,3.459609396790337410e-01,-3.403199089143703684e-04,1.937478095349734197e-01,2.504534397572742710e-02,2.416741473670779572e-01,9.136699728630381934e-02,2.590206208341062077e-01,1.223992229511835367e-01,4.140143723394955622e-01,-3.455459805801778389e-02,-2.649266852994932100e-02,-1.701884472558786885e-03,6.414519260944143708e-01,3.456533589085338254e-01,-8.752740885063205190e-02,9.680608744565505352e-02,4.539700308590128297e-01,8.628141996322388207e-01,3.629389548301640289e-01,1.000000000000000000e+00,3.184689558340636495e-01,5.546018202326088303e-02,4.472948973303171871e-01,6.380024229243894673e-01,6.742270458686915324e-01,3.716228146566545876e-01,6.639722611059116764e-01,-1.082052127478138337e-01,-5.707040436696918934e-02,5.514290095867949715e-01,6.579877840384733556e-01,2.940334558801560583e-01,4.337261557326324568e-01,1.382076524548933897e-03,3.734299364671239130e-01,8.371555107080365377e-02,2.858038803815018958e-01,3.481486719232523147e-02,3.126850106119899442e-01,2.075294641972909304e-01,2.660729990668366240e-01,2.337884925397803182e-01,4.168575467983975380e-01,1.861421513849569054e-02,1.589142307951972310e-01,3.191763350138774463e-02,6.743190005460891756e-01,4.224067379406549194e-01,-1.138540105949618492e-01,2.476133868025729989e-01,4.550117202486799184e-01,8.251717852953964760e-01,4.792784707864198857e-01,8.627391502134041934e-01,3.648909916049679070e-01,1.261561230693704905e-01,3.411201237722817914e-01,5.124408146551765464e-01,6.325363222232306404e-01,5.370353317400295978e-01,6.236577883236952280e-01,-1.031615911884068426e-01,7.889737923248746343e-02,4.127690082866509735e-01,5.905342033767788656e-01
