1.000000000000000000e+00 1.554790805595896996e-01 3.326919935645685777e-01 2.767886368170004996e-01 4.171466493841569090e-02 3.270149814365426177e-01 3.189776336535972701e-01 1.735093661774804730e-01 1.089239081474480259e-01 2.212999769912467329e-01 2.030735705479299880e-01 3.240152121509373151e-01 4.758815706350741359e-02 4.321448373745995220e-01 1.118813325282435461e-01 2.339937025235202528e-01 5.161447794871896200e-01 2.596211319133421291e-01 4.197177580178184653e-01 2.657889336296562210e-01 3.348702210965538439e-01 1.575933386369006983e-01 3.920460279509928592e-01 2.203580596413615145e-01 6.927374897192259406e-02 3.252606531435909276e-01 3.799184355662290624e-01 2.529823909089229939e-01 3.844721744787724105e-01 5.009600252255802522e-01 9.056221593663837943e-02 7.804218313259692064e-02 2.418513334959678240e-01 3.090163622239052721e-01 3.697057138882406946e-01 1.164055419652050560e-01 1.531776946959671759e-01 3.165036887179413783e-01 3.250206309714775976e-02 2.718092281846460345e-01 2.880761179163592312e-01 1.823826659396400873e-01 4.085399574156392544e-02 1.974060520867493285e-01 1.471910312924855635e-01 2.905168663031281184e-01 -4.899105508066731868e-03 2.786513776614432114e-01 9.115421757812380843e-02 2.264423570367259941e-01 2.338882619290399423e-01 1.913642474167858709e-01 2.419422487841511038e-01 2.418207130422593276e-01 2.963733323764270455e-01 8.237453668632055415e-02 2.909194056199156386e-01 1.938494422003959328e-01 8.014363856244466344e-02 2.024489365392750928e-01 1.377332340120794585e-01 2.095973618662009819e-01 3.254163344926853663e-01 2.943805644562856871e-01 -7.843024116083226888e-04 3.293977938164942276e-02 2.031217050677701086e-01 2.643316617948902048e-01
1.554790805595896996e-01 1.000000000000000000e+00 7.356461708167796876e-02 2.050341562663898221e-01 1.872641183806516771e-02 1.979265265020435649e-01 5.244760751207767913e-02 6.037208135345063786e-02 8.241758502532563202e-02 1.625478317760264690e-01 1.546877805545429918e-01 2.189842897358837415e-01 2.774800082137505314e-02 2.181528473920751193e-02 1.126052597670979816e-01 1.993497341811828194e-01 2.403086277181644415e-01 6.929637535269633775e-02 1.472265373806428412e-01 2.498250758139296535e-01 1.727242208042638894e-01 1.974623236275809268e-01 2.697720129488403451e-01 1.672698601467494661e-01 1.121314752651822733e-01 2.196489454904595184e-01 2.505929216989541963e-01 2.827555448247896508e-01 1.638315633273619565e-01 2.875978084944114110e-01 4.535421749746892245e-02 4.852865780862249817e-02 1.201032237235567790e-01 2.723728799975879689e-01 1.616597595225604256e-01 2.585786266526182708e-01 -1.688182218526463121e-02 2.335527119591076228e-01 1.596871670372137370e-02 2.361806580890001284e-01 5.958915478365108681e-02 1.170929410893427891e-01 4.010410441134820009e-02 1.811267959284398321e-01 1.366312730657290031e-01 2.487123388247575173e-01 2.930449526208956518e-02 2.799328998691214682e-02 1.129558123944431891e-01 1.828618796959411985e-01 2.198298027891573692e-01 1.184702031816725482e-01 2.107014990171175439e-01 2.941713143311193157e-01 1.845783926547441278e-01 1.816734265787885994e-01 2.572333503039613278e-01 1.829652711235322249e-01 1.054569388218732084e-01 1.015845953481203795e-01 1.653323152319615685e-01 2.196182656756688334e-01 1.789623725048611058e-01 2.969343015857632828e-01 -9.786992124009786381e-03 5.632741913394154198e-02 1.582831723771213062e-01 2.940600876256710960e-01
3.326919935645685777e-01 7.356461708167796876e-02 1.000000000000000000e+00 2.183959214312299890e-01 3.637501099946043037e-02 3.071099335532545549e-01 7.029483459386148825e-01 1.809033033853222061e-01 3.430078692952224784e-01 1.324938935175978549e-01 1.811564485497571819e-01 2.658891625985124185e-01 2.900742194948791042e-01 5.014152074818657434e-01 2.109316321754387269e-01 2.055216201484978966e-01 3.877200576424914558e-01 3.458092335384165272e-01 3.457473840259275288e-01 1.646093827672746868e-01 2.900879130114212834e-01 9.676146504012597682e-02 2.948884262699243419e-01 4.161148737157388533e-01 1.855665012406152448e-01 4.929976423965036769e-01 6.824606756301452304e-01 1.620220425690526711e-01 3.836512177177720528e-01 3.188163172920326360e-01 1.536170043833146037e-01 1.112147446232805981e-01 2.550344333089432647e-01 1.955363875918668115e-01 1.854858387349793414e-01 3.207330683499119012e-02 2.889207128980916250e-01 1.666599001962271731e-01 5.473723090416222903e-03 2.403314699431209900e-01 4.307440366743907068e-01 1.385011258516055943e-01 2.052566970835240368e-01 1.356713728777383943e-01 7.289135767317347914e-02 1.809971237280431355e-01 2.388780585008593860e-01 2.758191460759347180e-01 1.660909407645574654e-01 2.182613119954932013e-01 2.592946861451151525e-02 8.450669965605818457e-02 8.703570881210104249e-02 1.107982042295749397e-01 2.811695099334189929e-01 2.802490045133251839e-02 1.810806147491424711e-01 3.151864206796031742e-01 9.453400036053503930e-02 2.345701066151467673e-01 3.495150867126250449e-01 1.482512062916995499e-01 2.358678854347062703e-01 6.526286534437693299e-02 1.403680940880103201e-01 2.797036568903930182e-02 1.799028855640752989e-01 8.916303731431868274e-02
2.767886368170004996e-01 2.050341562663898221e-01 2.183959214312299890e-01 1.000000000000000000e+00 3.164854559573705012e-02 4.791691958162447862e-01 3.497482498454791422e-01 1.018331795729992967e-01 3.181823464976773486e-01 3.882438208437849481e-01 1.952563201750411315e-01 7.646254263880877255e-01 2.327839643065199582e-01 1.703690561318541019e-01 1.864136619999631483e-01 4.676612501478601969e-01 2.217460195422653046e-01 1.044323484882114239e-01 1.720475362037865164e-01 7.460839406497192794e-01 5.471247219110422222e-01 2.351367108676203910e-01 4.702921491584822200e-01 5.742304290619273388e-01 2.006912289809738570e-01 2.357709020935906952e-01 4.400848273263010535e-01 4.799340006931989144e-01 3.961445382528009929e-01 3.195485103563249774e-01 1.643337740916252510e-01 8.876618277506193033e-02 3.312893480794081857e-01 3.332357741606348234e-01 2.657408460143422246e-01 1.923422358067047033e-01 4.056783712296942179e-02 8.314654623643404907e-01 2.953291586300699212e-02 4.660779223473723865e-01 2.854816520970807625e-01 1.442364933759386902e-01 2.474304553014191332e-01 3.248481856250131083e-01 1.405354799140055566e-01 7.905089739695239093e-01 1.846874078896838522e-01 1.570405207005592663e-01 1.811847883498225176e-01 4.897928507395337694e-01 1.512352127604623120e-01 7.564280426465216922e-02 1.857072038412163340e-01 7.059254238630724432e-01 5.827676891485994437e-01 1.309782245700619463e-01 4.981957591523721307e-01 5.550897835563937122e-01 1.460098356994409541e-01 1.513951873420653071e-01 2.629500607164295123e-01 4.005010842037197705e-01 4.493374340220707142e-01 2.844571403024948042e-01 1.424364312928612097e-01 6.217522853622391849e-02 3.210593797505095215e-01 4.047312981701639556e-01
4.171466493841569090e-02 1.872641183806516771e-02 3.637501099946043037e-02 3.164854559573705012e-02 1.000000000000000000e+00 8.347859205813347450e-02 6.556194515912033838e-02 3.741435666766128321e-02 7.502884481633351199e-02 5.844210791538899386e-02 2.505142332127431939e-02 4.285328306965894424e-02 5.973624837509142887e-02 6.298612953957651028e-02 8.563245153667238541e-02 2.811902114723546092e-02 -3.403331753914490623e-03 3.939720024829658496e-02 1.426221357082132178e-02 3.064443504155824755e-03 3.441259969187303314e-02 1.132669014890126669e-02 3.557819754166209603e-02 5.061632850590987165e-02 4.788762681419619915e-02 3.851423574496935093e-02 7.018458853241245354e-02 4.362466768948539131e-02 2.890510262020042770e-02 2.644636216220100366e-02 4.752541915561901004e-02 5.637875810037158014e-02 1.195872753673398944e-02 2.659345798208048034e-02 2.404517635932278477e-02 2.585387006842521790e-02 2.556148071293342164e-02 4.061525638040008879e-02 1.099914082630731350e-02 4.092346259008247666e-02 5.025813585577523779e-02 2.215633402200697585e-02 3.930037835468910834e-02 7.931089880129385539e-02 3.938436859363540071e-02 3.358927352620977302e-02 5.833189869886208634e-02 6.543329746120726820e-02 2.627914967551969044e-02 2.713367943866507384e-02 2.281832154225726245e-02 5.051425110093309481e-03 -1.172065017148470056e-03 3.010997046530369814e-02 4.637329400601032658e-02 3.112868308932909694e-02 4.701862795693068781e-02 4.332997234005958598e-02 3.300251908691882730e-02 4.690097633521980031e-02 5.322091525350892277e-02 5.377866303375586354e-02 2.137876163951373323e-02 2.302943846881944784e-02 1.815240630832046578e-02 4.672402185832810056e-03 7.600828885091167469e-03 3.910006659868755369e-02
3.270149814365426177e-01 1.979265265020435649e-01 3.071099335532545549e-01 4.791691958162447862e-01 8.347859205813347450e-02 1.000000000000000000e+00 3.468561362736913289e-01 2.302062693905073676e-01 2.548397889872988653e-01 4.219868505953606186e-01 1.947664534965803940e-01 5.474394411508929359e-01 2.339654280248678608e-01 2.239383800587746443e-01 2.747903816381873643e-01 3.880858897225050730e-01 2.814796010234024148e-01 1.882361799661761981e-01 2.212337681594705452e-01 4.528204556355795996e-01 5.505094380509147900e-01 1.703070613418324053e-01 5.241867972316092139e-01 3.587058295254578755e-01 1.804484779570252606e-01 2.757406376704046314e-01 4.580179310673793691e-01 4.403471260908857765e-01 4.383802842758104945e-01 3.825793623467999560e-01 1.076360824608176836e-01 1.239794062904826244e-01 3.273470494353112326e-01 3.555104738804549247e-01 2.867463789171367794e-01 1.763468113517876745e-01 1.013356130813155426e-01 4.779403494958132104e-01 1.488633556363102781e-02 6.119302985557368846e-01 3.245688294356709469e-01 2.458737552044458763e-01 1.627168892915287768e-01 3.629748674660893681e-01 1.645430491268634610e-01 5.163841784260990719e-01 1.979706070630488091e-01 2.348502545821936627e-01 2.117870781349245335e-01 4.086644115754224371e-01 1.908442495367940472e-01 1.235378876210723870e-01 2.483820823918661547e-01 4.300567929462308370e-01 5.289807956956642521e-01 1.501654305060925176e-01 4.795389366145731413e-01 3.968655647393867780e-01 1.181696775042161973e-01 1.774919780064866948e-01 3.242710324749298878e-01 4.162822348748890788e-01 3.988166132665810215e-01 3.540881058804993264e-01 1.439227160918105375e-01 5.932070859845731819e-02 3.040337600437659771e-01 3.819626643119481968e-01
3.189776336535972701e-01 5.244760751207767913e-02 7.029483459386148825e-01 3.497482498454791422e-01 6.556194515912033838e-02 3.468561362736913289e-01 1.000000000000000000e+00 2.406918797698127388e-01 4.867638935360140140e-01 3.093160765421388847e-01 1.323591268172612800e-01 3.829847769608197838e-01 3.608900151978360338e-01 5.517803339519737893e-01 2.379857994303075097e-01 2.401854265943060562e-01 1.262163239472376963e-01 2.586048493477782206e-01 1.080469286778496518e-01 2.372448462920447310e-01 2.952588660533985720e-01 1.993737541954803405e-01 1.995484502998880749e-01 7.337675067595854639e-01 2.488019230986402153e-01 3.955965406816582819e-01 6.197466945034681984e-01 3.032849033698026830e-01 2.769284162340348576e-01 3.082320226984605060e-01 2.042115223424745274e-01 1.393491174442259561e-01 1.856934599313009304e-01 1.016707951616749595e-01 1.973079958903603270e-01 4.742770902763008417e-02 3.281851223644266513e-01 3.044155764296564426e-01 2.767036670983062142e-03 2.346270432458615329e-01 6.847386364713339280e-01 1.254182857579946575e-01 3.965285870765716814e-01 2.047510844243005113e-01 8.195478258551644468e-02 2.825245045144143541e-01 3.350249197645445709e-01 3.493114903996004661e-01 1.904153646726665094e-01 2.315191824251118247e-01 -6.445981350095267293e-02 -1.384031978722692277e-02 1.847401569833559409e-02 2.245607977495805152e-01 3.028656481304551895e-01 1.005146442302289056e-01 1.505728402569618818e-01 6.207538701221839705e-01 1.472240255956808741e-01 2.916755928230452821e-01 4.282017162170612679e-01 2.591645204695220417e-01 1.806687848531887686e-01 5.548280090097916506e-02 2.147525098138843014e-01 4.107244673043010386e-02 9.913875347649386827e-02 5.369029507406892360e-02
1.735093661774804730e-01 6.037208135345063786e-02 1.809033033853222061e-01 1.018331795729992967e-01 3.741435666766128321e-02 2.302062693905073676e-01 2.406918797698127388e-01 1.000000000000000000e+00 2.744045771332697184e-02 2.482035822348339915e-01 1.001014966731950395e-01 9.919989633155590347e-02 2.423142119417805856e-02 2.135160877301545690e-01 6.401092578704047076e-02 9.895309905244922821e-02 1.065458596606708441e-01 1.813352562562324244e-01 5.069337130456742779e-03 3.803180359408145361e-02 1.508894254153153036e-01 1.067839904931291162e-01 2.033651741597177764e-01 9.976427118617971213e-02 -8.664517766733183940e-04 2.149089902454465462e-01 1.687387209008340827e-01 3.777757128878874715e-01 8.133166290111112917e-02 2.242623880010479465e-01 5.938282939446051789e-02 4.900506373510889191e-02 2.740170431871948378e-02 1.073621829546645423e-01 5.214409512580432671e-02 4.506636810371066060e-02 8.090267417932076044e-02 1.263442174067392343e-01 2.029098062348572845e-02 1.002158011994624953e-01 1.356371962225539074e-01 2.719411062301212989e-01 4.987397242359746519e-02 1.687680372084098823e-01 1.018082303986195813e-01 8.091659624447151977e-02 1.700278908686354146e-02 1.096313578003353106e-01 1.087488716103644608e-02 6.145846839703699577e-02 4.854881513942660431e-02 2.902915227865902198e-02 -1.452364206016618087e-02 6.439915499527211484e-02 1.610840172519663049e-01 5.961182465043997347e-02 1.584995249472776480e-01 8.822945307282721583e-02 3.425941137315989538e-02 1.368914248111958165e-01 1.418055690996780915e-01 3.732705057499375867e-01 -1.074713598500756130e-02 1.726453689712356410e-01 3.404509780253126006e-03 2.009867832391351930e-02 -5.406096513198958148e-02 1.472216647170029175e-02
1.089239081474480259e-01 8.241758502532563202e-02 3.430078692952224784e-01 3.181823464976773486e-01 7.502884481633351199e-02 2.548397889872988653e-01 4.867638935360140140e-01 2.744045771332697184e-02 1.000000000000000000e+00 2.304414302100960266e-01 8.655965678907143190e-02 3.570563318303046074e-01 3.079702771984212384e-01 1.906860003463483888e-01 2.168965653005125449e-01 2.214758421609073213e-01 2.159446779165188901e-02 6.619277706720010090e-02 4.155258645533746464e-03 2.709528663653895664e-01 2.388499568825304120e-01 2.256801932238489683e-01 1.468628195596496100e-01 6.061953628763971924e-01 2.167590575837677613e-01 2.040280112195432538e-01 3.814085388594434800e-01 1.454729699649492947e-01 2.251288604801561788e-01 1.024637034015996873e-01 1.430462181224056439e-01 9.331598181556421956e-02 1.603954914117414476e-01 1.000367114727093026e-01 1.218354218213442697e-01 9.464842748317116305e-02 1.705583486048583564e-01 2.553932820477534671e-01 2.213438885379810303e-02 2.315721047010333433e-01 3.693093845833278488e-01 5.008418794995434659e-02 4.117165773436020637e-01 2.316121428289242279e-01 6.185712842613625556e-02 2.979315442840886341e-01 3.042519313113289936e-01 1.644718335804045695e-01 2.024521533407805107e-01 2.332764430250607868e-01 -1.008016765448468272e-02 8.658418236959133929e-03 6.620378279775740449e-02 2.807233678795789666e-01 2.549201071938859697e-01 1.163151487746349466e-01 1.619585520944522572e-01 5.447059326399565915e-01 1.343074896774396620e-01 1.792276251821550148e-01 3.215035954217146386e-01 1.368619563980251752e-01 2.226561539430041703e-01 2.947913971308054049e-02 2.295748776058762486e-01 4.853146849402503737e-02 1.564422061032232081e-01 1.300177299465125058e-01
2.212999769912467329e-01 1.625478317760264690e-01 1.324938935175978549e-01 3.882438208437849481e-01 5.844210791538899386e-02 4.219868505953606186e-01 3.093160765421388847e-01 2.482035822348339915e-01 2.304414302100960266e-01 1.000000000000000000e+00 1.192775989579772378e-01 3.656117718966639396e-01 6.566322440263434868e-02 1.318235171626638003e-01 8.403306578671426719e-02 3.207294364331196856e-01 7.135002352777998491e-02 3.285113621387032029e-02 -1.897793973354916508e-02 3.259813849386768991e-01 2.794103342439806514e-01 3.002176871456837537e-01 2.251075731510393529e-01 4.374574629920818247e-01 5.338087438002956514e-02 3.484754534234789647e-01 2.456365800589232762e-01 4.443119687674993989e-01 1.187903657168343230e-01 1.126012777609980975e-01 8.921534320495677628e-02 5.965881048701821010e-02 6.463755643462956724e-02 1.061852270042452362e-01 1.685600804232719185e-01 1.817286908153825375e-01 1.965519549006392030e-01 4.441320838861424480e-01 7.065852829510191335e-02 3.238670514507360210e-01 2.706792251337737376e-01 2.068300391635158331e-01 2.420128975071345612e-01 1.089692889694529265e+00 1.620281666802659837e-01 3.713843432999242022e-01 9.879719947946009884e-02 1.196128564838448427e-01 6.434369572629766720e-02 2.250911579061013190e-01 1.174774234390836558e-01 8.907332468048705099e-02 1.158665482117007817e-01 5.066325594611560401e-01 3.341698630987644525e-01 1.854193765600165300e-01 2.641089995033826798e-01 4.389691968520841314e-01 1.218819185494670471e-01 3.173339802491454975e-01 2.556604030859058740e-01 5.275856397371766482e-01 1.062770936449550230e-01 1.564872439071613996e-01 1.392228302607764479e-01 7.389108785438176785e-02 8.971603715589383798e-02 1.746034565095017921e-01
2.030735705479299880e-01 1.546877805545429918e-01 1.811564485497571819e-01 1.952563201750411315e-01 2.505142332127431939e-02 1.947664534965803940e-01 1.323591268172612800e-01 1.001014966731950395e-01 8.655965678907143190e-02 1.192775989579772378e-01 1.000000000000000000e+00 2.107978932238183944e-01 1.362441921384846821e-01 1.863377335333966656e-01 8.651856764526121013e-02 1.437125425818968905e-01 2.358162175205407995e-01 2.075672135078900360e-01 2.345359418265807461e-01 2.006544473285759300e-01 1.767254360884565334e-01 8.279119484862543232e-02 2.021985252081069107e-01 1.448414950840871962e-01 1.211216447934232027e-01 2.048683736314882431e-01 2.343231617716092785e-01 1.336853427914569126e-01 1.970828781107528960e-01 2.298484305197848465e-01 8.123888606221409125e-02 7.272816627152746405e-02 1.526910446520310938e-01 2.399833500119701868e-01 1.685032366134912307e-01 9.325422967819034514e-02 2.217203507003565749e-02 1.926291893313250847e-01 9.899349397581636012e-03 1.541434279506796734e-01 1.053128469587714527e-01 8.941158416197417247e-02 3.188711284178324251e-02 1.010285704965935283e-01 1.341357792299353868e-01 2.018970756047306636e-01 3.930476303259856224e-02 1.299469996992506093e-01 8.528452674945831424e-02 1.413276058699503290e-01 1.251810669976886892e-01 1.586869494730872299e-01 1.959988519894396708e-01 1.762477335185770322e-01 1.539217078488346324e-01 6.647445410139039834e-02 1.536710777293330554e-01 1.210609239154213507e-01 1.079839463582717429e-01 6.161544782904505857e-02 9.775353745086910739e-02 1.089052536324616183e-01 1.806849493613367219e-01 1.422767189437842694e-01 6.399255049143147411e-02 3.731977015623477029e-02 1.222818061073364382e-01 1.890279719802209213e-01
3.240152121509373151e-01 2.189842897358837415e-01 2.658891625985124185e-01 7.646254263880877255e-01 4.285328306965894424e-02 5.474394411508929359e-01 3.829847769608197838e-01 9.919989633155590347e-02 3.570563318303046074e-01 3.656117718966639396e-01 2.107978932238183944e-01 1.000000000000000000e+00 2.352545022014597698e-01 2.059324810706180953e-01 2.363330200335614084e-01 4.594813685907106482e-01 2.645732868322931974e-01 1.327537744631736849e-01 2.038549244211852740e-01 8.692390447768492123e-01 5.658028631514946394e-01 2.570845946629541912e-01 4.915881773591408987e-01 5.732286427386087402e-01 2.227275416343165448e-01 2.930352261675752690e-01 4.861085802274734413e-01 4.819514091180580051e-01 4.307273695435426819e-01 3.965646567988397875e-01 1.446403013176966734e-01 8.864855983950110929e-02 3.558106019873730763e-01 3.830909590389673935e-01 2.997983052338564769e-01 2.230717899714542707e-01 1.199783454472420768e-01 7.936183313003395412e-01 3.114974263561792744e-02 4.852620360270564759e-01 3.407301293239079487e-01 1.503112360904429179e-01 2.578188356454615415e-01 3.095468535320501924e-01 1.703894081885804490e-01 9.021122716272883535e-01 1.896883105666861968e-01 1.973309307408917246e-01 2.322151592543188758e-01 4.939443040441788280e-01 2.037872301649740203e-01 1.094588108802695137e-01 2.521228949811074593e-01 7.653627777222546946e-01 5.606072060934012002e-01 1.923981723982913505e-01 4.841034176573558168e-01 5.910377403868396495e-01 1.368884004222795381e-01 2.161090903245421191e-01 3.348470567585462576e-01 3.594078285342583445e-01 4.756044529624806616e-01 3.348822928783402597e-01 1.217064292317373980e-01 9.163585936551160716e-02 3.528359608024762561e-01 4.471898702703641093e-01
4.758815706350741359e-02 2.774800082137505314e-02 2.900742194948791042e-01 2.327839643065199582e-01 5.973624837509142887e-02 2.339654280248678608e-01 3.608900151978360338e-01 2.423142119417805856e-02 3.079702771984212384e-01 6.566322440263434868e-02 1.362441921384846821e-01 2.352545022014597698e-01 1.000000000000000000e+00 1.559711649379610932e-01 1.698323305117708792e-01 1.726630611226534773e-01 1.839008942098461358e-02 1.202231652669657341e-01 1.095846638657781563e-01 2.149879184358863826e-01 2.593407471247392571e-01 2.972382401795655923e-02 1.470515968434300824e-01 3.064771397881242976e-01 2.607101963301653447e-01 4.459619604599109055e-02 3.596394890388294185e-01 5.874413833479442959e-02 2.370317518455054839e-01 5.165050791772869687e-02 1.773164406383459235e-01 1.251269333486712543e-01 2.132656661048256408e-01 7.497913980450231219e-02 6.508445368317719582e-02 1.318893827300304973e-02 7.588935507194333185e-02 1.824957330149915291e-01 4.277486190330945931e-03 2.146660546368570344e-01 2.341150723496442376e-01 7.013563453503426914e-02 2.193796990832613814e-01 5.953637458504663915e-02 5.488672424087897433e-02 2.025690397716235214e-01 3.547202667531761944e-01 1.518196791103311460e-01 1.646477203128700606e-01 1.977136143337066831e-01 -6.025517994638289465e-02 2.090244958412595944e-02 5.887485371964142067e-02 1.439131312825436271e-01 2.527958286418642841e-01 1.000124428921118913e-02 1.732009330265568414e-01 2.489513222155225747e-01 8.913835013850091027e-02 1.893169156185468827e-02 2.533621282160885002e-01 8.891063944652564943e-02 2.097889620112805276e-01 1.588755559922668675e-02 2.289062007834961054e-01 5.321062978893904838e-02 1.738490284559031929e-01 1.171809866125060884e-01
4.321448373745995220e-01 2.181528473920751193e-02 5.014152074818657434e-01 1.703690561318541019e-01 6.298612953957651028e-02 2.239383800587746443e-01 5.517803339519737893e-01 2.135160877301545690e-01 1.906860003463483888e-01 1.318235171626638003e-01 1.863377335333966656e-01 2.059324810706180953e-01 1.559711649379610932e-01 1.000000000000000000e+00 1.240710924954485372e-01 1.778346454331482251e-01 2.684612383024407856e-01 2.852548513875515779e-01 3.043268885307898186e-01 8.659300780470519099e-02 2.343630045355996616e-01 1.044238584364804434e-01 2.081645567251881601e-01 2.812205395276970443e-01 1.078472306250230356e-01 2.544590689748583157e-01 4.073595465570332141e-01 1.301637259783335610e-01 3.039511740100389048e-01 3.322690767564222547e-01 1.692864700300031888e-01 1.210371734450419595e-01 1.590924233544701583e-01 1.474306232029735375e-01 2.644270164345732255e-01 3.593304254278464893e-03 1.967688123704594561e-01 1.625504480945167973e-01 9.690870088033088497e-03 1.563214343600430045e-01 4.008025677576816381e-01 1.106380496664637475e-01 1.018421348086803735e-01 1.144047747620457051e-01 7.167405315976960178e-02 1.315251339050157453e-01 1.141310688758296610e-01 3.901690782624965825e-01 8.215349696905138721e-02 1.609849125612708709e-01 4.475170720534346613e-02 1.499953462265593007e-01 1.269806761054798339e-01 9.035670101842326052e-02 2.077056646544626073e-01 5.643763490677003447e-02 1.319663693922973058e-01 2.198540787066330937e-01 4.144769537635988738e-02 1.778284362330566637e-01 1.918467675185192012e-01 1.197922521317492800e-01 2.155447021191887746e-01 1.052036646727843860e-01 1.456132129350332649e-01 3.358073740693803821e-02 1.062923683008013820e-01 7.143519478285552393e-02
1.118813325282435461e-01 1.126052597670979816e-01 2.109316321754387269e-01 1.864136619999631483e-01 8.563245153667238541e-02 2.747903816381873643e-01 2.379857994303075097e-01 6.401092578704047076e-02 2.168965653005125449e-01 8.403306578671426719e-02 8.651856764526121013e-02 2.363330200335614084e-01 1.698323305117708792e-01 1.240710924954485372e-01 1.000000000000000000e+00 1.495526165046153766e-01 1.158041207426291630e-01 1.261745926863881151e-01 8.982324435267138862e-02 1.951020008051569943e-01 1.952836320597591824e-01 9.747508989393993684e-02 1.720033138527269634e-01 2.242417444900905998e-01 1.415620149019123086e-01 1.258740283576822439e-01 2.452525841367295123e-01 1.491007740917933422e-01 2.355368589151022041e-01 1.342422475710497998e-01 7.385838682434432700e-02 7.512711996427148819e-02 1.650185924368207657e-01 1.510233773200029550e-01 1.010228795024068899e-01 7.768490454181835314e-02 6.433594986671128946e-02 1.768218661296208638e-01 -1.196300402585129784e-02 2.067207086203593225e-01 1.953512185406163781e-01 6.266171305084164422e-02 1.318991303114357694e-01 6.949713498423717994e-02 8.500292314620609690e-02 2.251129334827897954e-01 1.571366630600884995e-01 1.082399615805933885e-01 2.162262687974792486e-01 1.727412869189682287e-01 7.586534922691942628e-02 5.214704616663697057e-02 1.056687665899804229e-01 1.765005587543154175e-01 2.091727075543654280e-01 9.136886728989637718e-02 1.653944892725010829e-01 2.524991321800490462e-01 7.371643436286427764e-02 5.791765406674426186e-02 1.827885932073343989e-01 1.075394624192908266e-01 1.881208700327443584e-01 9.435450223685228066e-02 7.676784616832718622e-02 3.047595958034220176e-02 1.192235659995227598e-01 1.373405617173263926e-01
2.339937025235202528e-01 1.993497341811828194e-01 2.055216201484978966e-01 4.676612501478601969e-01 2.811902114723546092e-02 3.880858897225050730e-01 2.401854265943060562e-01 9.895309905244922821e-02 2.214758421609073213e-01 3.207294364331196856e-01 1.437125425818968905e-01 4.594813685907106482e-01 1.726630611226534773e-01 1.778346454331482251e-01 1.495526165046153766e-01 1.000000000000000000e+00 1.890615584851501052e-01 1.384207907273736771e-01 1.332356950157780329e-01 3.788160601063728095e-01 5.243909531555062120e-01 2.586678198378622451e-01 4.877850839062374266e-01 4.100994904749236114e-01 1.239196069222972818e-01 2.265721076502409670e-01 3.990475488722247110e-01 4.108223887795677820e-01 3.019226733874663116e-01 3.498670683438879769e-01 1.309923140147425669e-01 6.149265977486715468e-02 2.719771777323627959e-01 3.172099889421406971e-01 2.650111765181433210e-01 1.476630079705361087e-01 5.328103387536343993e-02 4.831522297548901390e-01 4.269331502699617864e-02 3.687291892906906510e-01 2.345354218738485153e-01 1.552683810846869072e-01 1.691372554657138427e-01 3.320807775824518582e-01 1.404148691496416301e-01 4.197198394294507362e-01 1.289222355765155537e-01 1.968031197657660880e-01 1.544676606242572359e-01 5.391697192452530318e-01 1.921152746093298391e-01 1.015701192125125080e-01 2.056582989194511990e-01 4.567745702279577547e-01 5.423656621575372316e-01 1.968243679696823345e-01 4.876591587231205449e-01 4.045200250047258361e-01 1.120787763007620869e-01 1.674331688324419420e-01 2.952409762726729281e-01 3.685942320640364089e-01 3.663408474834654593e-01 3.457816711231255224e-01 9.955138191537342418e-02 5.604354110570168579e-02 2.580810367527769378e-01 3.751144695791819306e-01
5.161447794871896200e-01 2.403086277181644415e-01 3.877200576424914558e-01 2.217460195422653046e-01 -3.403331753914490623e-03 2.814796010234024148e-01 1.262163239472376963e-01 1.065458596606708441e-01 2.159446779165188901e-02 7.135002352777998491e-02 2.358162175205407995e-01 2.645732868322931974e-01 1.839008942098461358e-02 2.684612383024407856e-01 1.158041207426291630e-01 1.890615584851501052e-01 1.000000000000000000e+00 2.967442086951528890e-01 6.221532523600386000e-01 2.315891638608811587e-01 2.929852170866714678e-01 1.419940326885827386e-01 4.603081907232245973e-01 1.082620375977775273e-01 4.768316926964977220e-02 4.371969496394932930e-01 4.034813880450277557e-01 2.422313815310754015e-01 4.323163352088666977e-01 5.369393585952504377e-01 5.395764241237701458e-02 4.917834654869693289e-02 2.830083813165492068e-01 4.511069545764599398e-01 3.020071418035401578e-01 1.816191445380559710e-01 9.529170935758102257e-02 2.442755886369594731e-01 1.246870812521430963e-02 2.781859964635289284e-01 1.393190163875099585e-01 1.645614857523128860e-01 -3.008083641185798490e-02 1.027093199387578704e-01 1.805211901812864284e-01 2.564196459203987311e-01 -7.715871979178817730e-02 1.533909140398822257e-01 9.966368222055045634e-02 2.245788780204099333e-01 3.799680126320557072e-01 2.048667278740149422e-01 3.493216779216653523e-01 2.166688986033636355e-01 2.467334991170256342e-01 8.299522610484526275e-02 3.160252411171269316e-01 8.633551239553081957e-02 5.419887129024555245e-02 1.525263558386893981e-01 1.222396991696728802e-01 1.634881304950321357e-01 3.268341349795615414e-01 3.657254616959884075e-01 -7.128068245445530471e-02 3.015636011534491429e-02 2.602326163723658325e-01 3.522905307864349078e-01
2.596211319133421291e-01 6.929637535269633775e-02 3.458092335384165272e-01 1.044323484882114239e-01 3.939720024829658496e-02 1.882361799661761981e-01 2.586048493477782206e-01 1.813352562562324244e-01 6.619277706720010090e-02 3.285113621387032029e-02 2.075672135078900360e-01 1.327537744631736849e-01 1.202231652669657341e-01 2.852548513875515779e-01 1.261745926863881151e-01 1.384207907273736771e-01 2.967442086951528890e-01 1.000000000000000000e+00 3.496268991548592830e-01 8.466593320090284869e-02 1.853126253554524538e-01 6.229989342488002207e-02 2.046869727796438720e-01 4.962353158179451385e-02 5.637220473105461482e-02 2.859250925760514761e-01 3.064641450687494162e-01 1.215383807825117235e-01 2.104076244001132912e-01 3.035890303669384060e-01 8.958116269597217463e-02 5.712118934409886328e-02 1.565651316574322161e-01 1.957548167164603614e-01 1.497102061235091874e-01 4.399748799638600327e-03 8.818169465259804995e-02 9.354122813168860850e-02 1.805130627404802346e-02 1.380957406731406212e-01 1.538435044163356247e-01 1.494482905301025288e-01 -5.771315084063949330e-03 5.073248275740650792e-02 1.594130657464151724e-01 1.015175105434012598e-01 7.650598575507008836e-02 1.597126489441035579e-01 1.058652095829555884e-01 1.417284417581634037e-01 7.645523407775041413e-02 1.772149755730569598e-01 1.200587113464384043e-01 5.760940414853438218e-02 1.840881757562634613e-01 3.149766281350231678e-02 1.331943360975268165e-01 3.768800717987658144e-03 2.390758696074996026e-02 1.311376903160358653e-01 1.108255656931197292e-01 9.153951640206023366e-02 1.494489376780215317e-01 1.388829681118676218e-01 -2.656736527123289976e-02 2.372215276277863868e-03 1.274357646774232078e-01 1.285585937362731246e-01
4.197177580178184653e-01 1.472265373806428412e-01 3.457473840259275288e-01 1.720475362037865164e-01 1.426221357082132178e-02 2.212337681594705452e-01 1.080469286778496518e-01 5.069337130456742779e-03 4.155258645533746464e-03 -1.897793973354916508e-02 2.345359418265807461e-01 2.038549244211852740e-01 1.095846638657781563e-01 3.043268885307898186e-01 8.982324435267138862e-02 1.332356950157780329e-01 6.221532523600386000e-01 3.496268991548592830e-01 1.000000000000000000e+00 1.969992894860704835e-01 2.679961333711416427e-01 2.282792224046673035e-02 3.228887220919609002e-01 3.464397452226034707e-02 1.035258218786226092e-01 2.761185956618862347e-01 3.683285690213851660e-01 6.312674162555431678e-02 4.043836905350721711e-01 3.416843376185659809e-01 1.033590647532910550e-01 4.276267009132939806e-02 2.914431544570828536e-01 3.274254442648417140e-01 2.524049677275704284e-01 7.471722173812636592e-02 4.834500092649658687e-02 1.619232491068956226e-01 1.252581848334875965e-02 2.325497609330770543e-01 7.147958217905087119e-02 9.533620016983439249e-02 -5.927170402970989571e-02 3.361288406344854762e-02 1.129497365170115675e-01 2.013290660006726573e-01 -8.266957401493260638e-04 1.452375095676672889e-01 1.043581991146320803e-01 1.744330643891779664e-01 1.963135961746219904e-01 2.362776335575823838e-01 3.179930165070835035e-01 1.300590145880247961e-01 2.045891672027397856e-01 -1.826552881530645739e-03 2.268041134058695896e-01 -2.008821092025214750e-02 2.176607856346165007e-02 2.870599984265876162e-02 2.051589663088623089e-02 2.702508697549563590e-02 3.410532118794200596e-01 1.521394655385695516e-01 6.952535241069464876e-03 4.164561385259431259e-02 2.871984548674027526e-01 2.778017925558999845e-01
2.657889336296562210e-01 2.498250758139296535e-01 1.646093827672746868e-01 7.460839406497192794e-01 3.064443504155824755e-03 4.528204556355795996e-01 2.372448462920447310e-01 3.803180359408145361e-02 2.709528663653895664e-01 3.259813849386768991e-01 2.006544473285759300e-01 8.692390447768492123e-01 2.149879184358863826e-01 8.659300780470519099e-02 1.951020008051569943e-01 3.788160601063728095e-01 2.315891638608811587e-01 8.466593320090284869e-02 1.969992894860704835e-01 1.000000000000000000e+00 4.897216607845648051e-01 2.217976152754047581e-01 4.554188402627626919e-01 4.589415259072492925e-01 1.983199688154155815e-01 1.982591212105452305e-01 3.992457708349843593e-01 3.696315444388556526e-01 3.947371912036006236e-01 3.313580273274823185e-01 1.314505191558613117e-01 6.682002763765378106e-02 3.658400877393309658e-01 3.767839961291479245e-01 2.305260775491432546e-01 2.408787965011849330e-01 8.245164383876295300e-02 7.571753492244910344e-01 3.761153330855630805e-02 4.389930681517728028e-01 2.524066163596337398e-01 1.472666374497170749e-01 1.969237856335999126e-01 2.708184283342909282e-01 1.701891472173417963e-01 8.121539045806173140e-01 1.654925693305127898e-01 1.276276360400601106e-01 1.882454082841354404e-01 4.347570277649331350e-01 2.038243379641145880e-01 1.080515822273197257e-01 2.551823331960332841e-01 8.690907057862127250e-01 5.001010323884669262e-01 1.654785009342959468e-01 4.651129528185311557e-01 4.630726276290739740e-01 1.443981202723497725e-01 1.511198983896452908e-01 2.635226751523487843e-01 3.056862917270252722e-01 4.331850444988085136e-01 3.057687279174767792e-01 8.924912884825005055e-02 8.696898107212455709e-02 3.708272494220096194e-01 4.714618338893507010e-01
3.348702210965538439e-01 1.727242208042638894e-01 2.900879130114212834e-01 5.471247219110422222e-01 3.441259969187303314e-02 5.505094380509147900e-01 2.952588660533985720e-01 1.508894254153153036e-01 2.388499568825304120e-01 2.794103342439806514e-01 1.767254360884565334e-01 5.658028631514946394e-01 2.593407471247392571e-01 2.343630045355996616e-01 1.952836320597591824e-01 5.243909531555062120e-01 2.929852170866714678e-01 1.853126253554524538e-01 2.679961333711416427e-01 4.897216607845648051e-01 1.000000000000000000e+00 1.542424769867611345e-01 9.193356844777650361e-01 3.589645201141031805e-01 1.881300617221359772e-01 2.221331579329021699e-01 5.256241142777824393e-01 4.693107493141904785e-01 5.962399395200659313e-01 4.995442814346546245e-01 1.523424381996396071e-01 8.638588198400758145e-02 5.016967361700370720e-01 4.769147487216512937e-01 3.270082256827846479e-01 1.412307342324144177e-01 4.758552990009411870e-02 5.691471551356896974e-01 1.344138650765308324e-03 5.449703593915272704e-01 3.069146387559671951e-01 2.022253410137443419e-01 1.756823261296436012e-01 2.535069670361490557e-01 1.207351302782112001e-01 5.327434809797909621e-01 2.158978874482813948e-01 2.333367124472481569e-01 2.077715310765612111e-01 5.812759094765528323e-01 1.949300853919075649e-01 1.008980455661232789e-01 2.485430842628756909e-01 4.265000185953912171e-01 9.500824029163913442e-01 1.160225862016497772e-01 7.676433196150271865e-01 3.895098323600640899e-01 1.254926232203003311e-01 1.249462078520889863e-01 3.138666341630040879e-01 4.077129002611294961e-01 5.841948722018214246e-01 4.124357724467716535e-01 1.270705448704972929e-01 5.786000687912255108e-02 3.947308833214293600e-01 5.051863721825822218e-01
1.575933386369006983e-01 1.974623236275809268e-01 9.676146504012597682e-02 2.351367108676203910e-01 1.132669014890126669e-02 1.703070613418324053e-01 1.993737541954803405e-01 1.067839904931291162e-01 2.256801932238489683e-01 3.002176871456837537e-01 8.279119484862543232e-02 2.570845946629541912e-01 2.972382401795655923e-02 1.044238584364804434e-01 9.747508989393993684e-02 2.586678198378622451e-01 1.419940326885827386e-01 6.229989342488002207e-02 2.282792224046673035e-02 2.217976152754047581e-01 1.542424769867611345e-01 1.000000000000000000e+00 1.777011767609735782e-01 3.262537531001113433e-01 7.116902756525916862e-02 3.075681100710897509e-01 1.984751119484729764e-01 2.856468566299200651e-01 1.028244980008094500e-01 2.517725225720640059e-01 7.789299912597286157e-02 -2.069018043720757122e-02 6.398055021824343436e-02 1.933007131775856535e-01 1.369938842102456644e-01 2.036929000588595939e-01 1.359836310261642311e-01 2.629410024001253010e-01 4.241353692125408165e-02 1.519874154557230295e-01 1.931780441364728262e-01 8.733135799274040212e-02 1.800327591311908504e-01 2.982284824267809054e-01 1.432831384136538100e-01 2.743699291608125423e-01 3.528607564485510689e-02 9.644729163012027984e-02 8.023606263179514086e-02 1.732559105105212494e-01 1.505092128047911260e-01 7.730727106351900635e-02 1.126962691863179072e-01 3.019906328098378445e-01 1.748653337213833259e-01 2.790548790136460622e-01 1.744666430538807933e-01 3.220665827196967368e-01 7.668596482003994796e-02 2.420360698967077284e-01 1.678176910171964020e-01 2.231186617315573661e-01 1.386084761175790936e-01 2.297931972192272521e-01 -8.293395388146083264e-03 5.656774160143920871e-02 9.989238817643018853e-02 1.975548133033841747e-01
3.920460279509928592e-01 2.697720129488403451e-01 2.948884262699243419e-01 4.702921491584822200e-01 3.557819754166209603e-02 5.241867972316092139e-01 1.995484502998880749e-01 2.033651741597177764e-01 1.468628195596496100e-01 2.251075731510393529e-01 2.021985252081069107e-01 4.915881773591408987e-01 1.470515968434300824e-01 2.081645567251881601e-01 1.720033138527269634e-01 4.877850839062374266e-01 4.603081907232245973e-01 2.046869727796438720e-01 3.228887220919609002e-01 4.554188402627626919e-01 9.193356844777650361e-01 1.777011767609735782e-01 1.000000000000000000e+00 2.669929357512235701e-01 1.228543327250473521e-01 3.234687764245866015e-01 5.565852491054561479e-01 6.081840815832696423e-01 5.473182110966181568e-01 6.884128047535817974e-01 1.264265758242318627e-01 5.645654029230469384e-02 4.435936596986880809e-01 5.769008665773690536e-01 2.972146630134681611e-01 2.084835234809435667e-01 1.843697181905756821e-02 5.153373964072337499e-01 2.071173315311903435e-02 4.928657727191453897e-01 2.019220849607952228e-01 2.543127839887305841e-01 7.504185950701873498e-02 2.124657244642717824e-01 1.612941537931521785e-01 4.626022084840795690e-01 9.204273791845019037e-02 1.991940205965122834e-01 1.694675083993386899e-01 5.104752069701928852e-01 3.203122902300619135e-01 9.091838174460707689e-02 2.705918440905434874e-01 3.926544354155596661e-01 7.325216183697045302e-01 1.497905267479702485e-01 8.452158582090900651e-01 2.916422820610136135e-01 1.095554030335280232e-01 1.319079310952397666e-01 3.033791223027622053e-01 4.645793625745649469e-01 4.874297085948632868e-01 5.599412978228811566e-01 3.754934822132344890e-02 4.409386326925571892e-02 3.757861090986396313e-01 5.298006992671104864e-01
