1.000000000000000000e+00,1.557527835006277117e-01,3.004776144521714154e-01,1.791333003418944247e-01,4.669519919724714196e-02,9.369492368405481220e-02,2.281206861056821744e-01,1.822775198983620504e-01,1.759519065199159349e-01,8.637693513656065358e-02,1.772435834048178560e-01,9.587402458439479858e-02,8.692095884757131130e-02,3.675948458761870707e-01,6.048143603356974374e-02,3.749264465348465802e-01,5.545068333870314392e-01,9.910818707664816041e-02,5.472698251094582078e-01,1.381844830843287630e-01,3.589891093924184040e-01,2.484030358475366462e-01,3.255779064443668491e-01,2.592929432068734052e-01,2.019169783738948565e-01,2.836009323016625561e-01,5.480928665227688956e-01,7.273675399189097335e-02,3.766455943656941141e-01,2.517087507035772886e-01,2.231936860662820932e-01,6.208339944075513123e-02,1.689219147122561215e-01,2.719038201588969694e-01,3.248826840328731258e-01,2.040811873590452075e-01,1.557042907335844384e-01,1.627735424180629942e-01,-1.962766076859082109e-02,4.693781213578742534e-02,1.297186562319923020e-01,1.557031240550999993e-02,1.475830070140587424e-01,1.171604536002008035e-01,7.323270498635943426e-02,1.345969583022408878e-01,8.328952481475819514e-02,2.791678717340611016e-01,4.373801694288267927e-02,3.391813999563925708e-01,1.169033430710685467e-01,1.245085534448123026e-02,2.494826096380438341e-01,1.297707024387524666e-01,3.545727362950693573e-01,1.624455137288746409e-01,2.634796592220648992e-01,1.797693344621379974e-01,1.138646396776716307e-01,1.900326542325871670e-01,2.697978497973321788e-01,9.229602966162163413e-02,2.746172400533071212e-01,6.907391633715399826e-02,1.579049806503532438e-01,4.505033535037186732e-02,1.357355198537704422e-01,2.187617247240708218e-01
1.557527835006277117e-01,1.000000000000000000e+00,2.434286233914949305e-01,3.373250055535557679e-01,5.114260272430007359e-02,2.075347268787468558e-01,1.697624362714029445e-01,1.475683970934949241e-01,3.629014280952632537e-02,2.203529181879471111e-01,1.837232129178973938e-01,2.875575524693860241e-01,-1.797881075418938379e-01,1.444081489787103073e-02,1.158791628828160503e-01,2.331123039146534293e-01,2.581989423665956851e-01,-1.552430341348674282e-02,2.030038035170501631e-01,3.518775473582102520e-01,2.291044041773287465e-01,3.034389204602406243e-01,3.556342929147033871e-01,2.932524482222250151e-01,1.786916712611153757e-01,3.437824953801743022e-01,2.751749121202697879e-01,3.367336059197011955e-01,2.210481537782844341e-01,4.023029414574136875e-01,-1.080044654877603677e-01,-5.743304422414742538e-02,1.981343937507957231e-01,3.487011145393431599e-01,2.202223143368117197e-01,3.209554498846998727e-01,2.390242860283811333e-01,3.425742545123076632e-01,5.899375102725069875e-03,2.326467207800100856e-01,2.308273609699555140e-01,2.401591664533071768e-01,1.395777083187886847e-01,2.633195243593719481e-01,1.585878290314659544e-01,3.120880121365041115e-01,-1.458067796414033168e-01,1.187880490459795046e-01,1.221103645207867877e-01,2.421915540982491899e-01,3.380826426907850291e-01,-2.648824454155155814e-02,2.922731759756276304e-01,3.478391269695423893e-01,2.219651649707207741e-01,3.578136725658102035e-01,3.447541451345155217e-01,3.297447423807192135e-01,1.247118529580665824e-01,3.268957760188925810e-01,2.927910845928133887e-01,3.179161940587585389e-01,2.075581245514885875e-01,3.802434420561088269e-01,-7.680990499667510185e-02,-3.723278927309939257e-02,2.083785742008369413e-01,3.361899323370366455e-01
3.004776144521714154e-01,2.434286233914949305e-01,1.000000000000000000e+00,2.974146578548263475e-01,7.944857741103243665e-02,3.572460172172295390e-01,6.827970551183079051e-01,5.440155449320072112e-01,3.184353592273860278e-01,1.173625224782593734e-01,2.183207735125177740e-01,3.070773034429535864e-01,3.429515409550027566e-02,5.546353056188407793e-01,3.164777995573887504e-01,3.308538005009823424e-01,5.089489523834354046e-01,4.604217682606673301e-01,4.521157222217520033e-01,3.258392970843369540e-01,1.993753242707267115e-01,3.366206194446363931e-01,3.072723823932770326e-01,6.267291650012366544e-01,1.673016352943058616e-01,6.571473328386512325e-01,5.871397025094097222e-01,4.453345656762013882e-01,3.294288548457537935e-01,5.707362302771336049e-01,2.924691145603761644e-01,-2.469328706276901347e-02,3.017197817585586805e-01,2.221830758645088055e-01,9.080257496335283895e-02,2.429013062647523424e-01,6.396560280239116381e-01,2.694190302684106864e-01,-3.652833452398178242e-03,2.948798765448278347e-01,6.725631268355126702e-01,3.381295429151448539e-01,3.582863337219633348e-01,2.004929531638604268e-01,1.793188330061074032e-01,3.254444168068758025e-01,1.210033604387216327e-01,3.930394892202253576e-01,3.099668329592221161e-01,2.203595835736238961e-01,3.754310924111389780e-01,3.998592696909571975e-01,3.158974095328636045e-01,3.100251518919556193e-01,1.839809580867520777e-01,2.486593940038538675e-01,2.813558378462064358e-01,5.513644031264492984e-01,8.696708391018316553e-02,5.394226135333176630e-01,4.941932631226654271e-01,3.819568704356433031e-01,2.334916495494652466e-01,1.909976957091539251e-01,2.135019102962459614e-01,-8.850071482633015130e-02,2.481075422973774702e-01,2.230136089078354755e-01
1.791333003418944247e-01,3.373250055535557679e-01,2.974146578548263475e-01,1.000000000000000000e+00,1.125084652790024897e-01,4.072390249051293099e-01,3.388128994583475273e-01,1.891618254982031233e-01,1.660853065192336442e-01,5.257044048707902872e-01,2.306057423286462515e-01,7.218911650665038593e-01,-2.065077695898320242e-01,6.008008825254006202e-02,1.711920550150430320e-01,3.206933175868688646e-01,2.868903588584258424e-01,-4.407485759557903948e-02,2.368551899005579553e-01,8.327356063401895048e-01,4.001549671022537891e-01,3.980726423790268420e-01,4.267973062296832043e-01,4.409417870291464925e-01,2.543558083913372569e-01,3.317606084817686374e-01,3.233127473483310976e-01,5.186104308020387244e-01,3.988047704597669774e-01,4.411819412283616293e-01,-8.697308535254594242e-02,1.536664082077324016e-02,4.046253213949416172e-01,4.246597759057271770e-01,3.209066767778017137e-01,4.441885227534241865e-01,3.924766651957636854e-01,9.159450473241040891e-01,2.815195766108984435e-02,4.430209726931595426e-01,3.787676029693204938e-01,3.085149667307327537e-01,2.370546976114630000e-01,6.048282557043423990e-01,2.533936439962848342e-01,7.368403734179634901e-01,-1.295109463460850652e-01,1.823328470586466077e-01,2.294910089143950005e-01,3.049284758237202908e-01,4.715396681949552971e-01,3.268703195893915558e-02,4.122649721153373581e-01,7.897415687930007255e-01,4.208628697430721322e-01,4.648114918600485534e-01,4.808966414612436679e-01,4.799562457780862657e-01,1.684794056508023274e-01,4.169219066462735435e-01,3.814009876824507317e-01,4.931497188372051532e-01,3.565067473748000371e-01,4.569978962505344966e-01,-8.041972783683806747e-02,-6.704337738489961340e-02,2.967578342620187937e-01,4.574107737716331390e-01
4.669519919724714196e-02,5.114260272430007359e-02,7.944857741103243665e-02,1.125084652790024897e-01,1.000000000000000000e+00,1.416440713253020456e-01,6.388924898033684907e-02,1.301764659001835855e-01,2.308531011073642128e-02,8.785994144570617725e-02,3.736605202938534515e-02,7.164916649397938542e-02,-7.524641086475750140e-02,2.099342106374123620e-02,7.758970370798506933e-02,7.920926524989094220e-02,3.645034207287289191e-02,-2.283061340459386235e-03,-1.110804311566924649e-02,8.220409138211499933e-02,8.154748941086492620e-02,4.884541391963979906e-02,1.150165881238690568e-01,7.593405447342393977e-02,3.987346662158639671e-03,6.646014741638268941e-02,5.706544743784111584e-03,1.531868272683393484e-01,7.452751316544961591e-02,1.295441725597610561e-01,-9.100982968351466196e-02,1.177504337855034833e-01,2.317652686225156120e-02,8.533579251621470352e-02,7.673762796920244322e-02,7.412523081433085304e-02,7.453723178591571685e-02,1.179122160877850989e-01,3.645133945738870951e-02,1.047951672734878936e-01,1.017358029932470820e-01,1.532685159596469948e-01,1.584035787954558502e-02,9.993931134506132963e-02,4.254257018918508604e-02,8.606154862361416191e-02,-7.248574511043069657e-02,7.186736583221502161e-02,7.326535782823272169e-02,7.077407454844043821e-02,7.075782680579818795e-02,9.639768851849212644e-03,3.907506176022649408e-02,1.014212732041109566e-01,7.272567747646101199e-02,9.065508879794764718e-02,1.224723228512478307e-01,1.108362857844713140e-01,-2.500621468190107263e-02,7.942805633831584444e-02,4.730878018911075650e-02,1.518328526172810777e-01,7.476116831388930628e-02,1.303891496370021830e-01,-1.090848692814180149e-01,2.987434958341552912e-02,3.411604795459594400e-04,9.629814390267610325e-02
9.369492368405481220e-02,2.075347268787468558e-01,3.572460172172295390e-01,4.072390249051293099e-01,1.416440713253020456e-01,1.000000000000000000e+00,5.053292745905588745e-01,5.513473098059276101e-01,1.447980110231545381e-01,4.870275681756087716e-01,1.102783736586454288e-01,4.972566653147398319e-01,-1.985244291179509915e-02,1.778878767828450114e-01,3.669672496284909768e-01,2.390414964351538496e-01,2.217115952344540508e-01,2.100362524418546151e-01,1.999094777668747325e-01,3.661093064402760056e-01,1.889899445656564592e-01,2.004130641730521856e-01,3.437326772595082902e-01,3.795829327173228518e-01,1.154261856463099922e-02,2.044896481875530247e-01,1.720128649764239848e-01,5.957840602971586907e-01,3.030095506959504803e-01,3.831398521278390201e-01,-5.032692596755891645e-02,6.004139502887301250e-02,2.574469174591826892e-01,2.736776259243639542e-01,2.991324486540802852e-01,2.249779426626419276e-01,3.460303390916943944e-01,3.820234388967929107e-01,7.073586021141228808e-02,6.824267623158792873e-01,4.335751610321744720e-01,5.535216476716062761e-01,2.188725724782089876e-01,5.703887110340000177e-01,1.853680647883387267e-01,4.881013823544186336e-01,7.459548003611822520e-03,3.257184174344177063e-01,3.878519581015751339e-01,2.294383799715861150e-01,4.124705670959407100e-01,2.105719951390407074e-01,3.131322867511043273e-01,3.527618758329447157e-01,1.887580403578630328e-01,2.619123770778732374e-01,3.811496335633154375e-01,4.176285218683348233e-01,1.593169025035381069e-03,2.415501603253486229e-01,2.586741706901585225e-01,5.610528336344832168e-01,2.820682103745485447e-01,3.406027425627569660e-01,-3.557492740543421322e-02,-3.669441675500444144e-02,2.088944549821827867e-01,2.867999839564200348e-01
2.281206861056821744e-01,1.697624362714029445e-01,6.827970551183079051e-01,3.388128994583475273e-01,6.388924898033684907e-02,5.053292745905588745e-01,1.000000000000000000e+00,5.385646071486694941e-01,5.265164607114037887e-01,2.397798272150278853e-01,1.104579694300288212e-01,4.690784467660139012e-01,2.306387741455595830e-01,6.456251997085594718e-01,4.746028615511804771e-01,2.714524412038528678e-01,3.116114951094125507e-01,4.510568345108651456e-01,3.001599938284533753e-01,3.504603701718727038e-01,1.065490391208855220e-01,3.344205357762428110e-01,1.504639231013066847e-01,7.692519153519751240e-01,1.820213495787885993e-01,3.513776073562430713e-01,4.876564012418446170e-01,5.003944288091988213e-01,2.989243466661789528e-01,3.808905053073210478e-01,4.092664280864195536e-01,6.596940765642229920e-02,3.015902687013387595e-01,1.438228437153529493e-01,8.382529222013111736e-02,1.670620448989735274e-01,5.037545195288797295e-01,2.982936322220935410e-01,-8.177679021022614403e-03,4.476642598586432209e-01,7.735358671523301366e-01,3.448904642371011242e-01,5.758931912215825566e-01,3.266010999544650129e-01,1.293408339146073782e-01,4.420078761566343384e-01,3.274140732021021405e-01,5.478604063667319446e-01,4.911848993583872724e-01,1.300374646671816348e-01,2.384091041430297930e-01,3.926223981687638753e-01,2.028896460356860998e-01,3.375975343083911784e-01,1.084880480622061605e-01,2.485978366916114790e-01,1.483657510080611808e-01,7.232464400494960088e-01,1.221328259523662974e-01,3.206870748550740280e-01,4.409022976211730560e-01,4.061557019829129533e-01,1.920916597822505123e-01,2.491734556575090839e-02,3.411167517958334505e-01,1.238926491197749405e-02,2.450941949455330560e-01,1.160021563704513869e-01
1.822775198983620504e-01,1.475683970934949241e-01,5.440155449320072112e-01,1.891618254982031233e-01,1.301764659001835855e-01,5.513473098059276101e-01,5.385646071486694941e-01,1.000000000000000000e+00,1.538399836353891437e-01,2.710680244684708362e-01,1.096268205603563861e-01,2.232886717860089743e-01,8.639607972165171124e-02,4.592731500270687550e-01,3.177335226760000242e-01,2.688314313363324159e-01,3.457138966474705977e-01,5.361936375017944956e-01,3.445167004337411076e-01,1.960091201717452103e-01,1.914341028721225912e-01,1.416067020316048863e-01,3.489294664992932948e-01,3.335978355212863011e-01,-4.461004425567399734e-02,3.119138196249956474e-01,2.535052828690163018e-01,5.018599976722737388e-01,2.953905896878998849e-01,4.757243088790275021e-01,1.234632848517806109e-01,2.421460855457850322e-02,2.264698580481339374e-01,2.531690392557900959e-01,2.088477990641390003e-01,1.053249545578971574e-01,3.707702448758441460e-01,1.717359919111131894e-01,7.494014710300142545e-02,5.055233740897061567e-01,4.408462308095804083e-01,6.037595743312359486e-01,2.191479814131664372e-01,3.487531264686808963e-01,1.661269692869390968e-01,2.559613877069419341e-01,9.072953151364018809e-02,3.935694715464407301e-01,3.244059970521101510e-01,1.994964256785863588e-01,3.483466502749176796e-01,3.976706871086630457e-01,2.643762108581597658e-01,1.754649262383992103e-01,1.767096019343744329e-01,1.276705205322067882e-01,3.502622532233313768e-01,3.278443176598328512e-01,-1.221069364829144160e-01,2.241341390364709474e-01,2.401911176780518187e-01,4.821357607015314128e-01,2.442952600473438374e-01,3.007645006322620107e-01,5.211099243722287083e-02,-2.882379670304620681e-02,1.815810210101437838e-01,2.250272005534765529e-01
1.759519065199159349e-01,3.629014280952632537e-02,3.184353592273860278e-01,1.660853065192336442e-01,2.308531011073642128e-02,1.447980110231545381e-01,5.265164607114037887e-01,1.538399836353891437e-01,1.000000000000000000e+00,3.899537334775952241e-02,6.312606594503647472e-02,2.994437926864934041e-01,2.563978419698166311e-01,4.080431614890713821e-01,3.209261295503655909e-01,1.222171266624033775e-01,1.072827061510591984e-01,1.801981489002188463e-01,1.257923395910986730e-01,2.180298984519383476e-01,4.179369948594972156e-02,2.902572278874265277e-01,-3.645136622159250023e-02,5.435885802001748646e-01,2.726599454373997422e-01,1.598160955265266192e-01,3.312423214776455960e-01,1.033712850043850412e-01,1.710293816362492836e-01,6.315963418883945024e-02,3.463159443010848104e-01,1.373113128418256522e-02,1.707401590820278037e-01,5.746703177483984681e-02,-6.019810506893117502e-02,1.028622841712786978e-01,2.101567751767668690e-01,1.306658458904518261e-01,-3.913760450365799670e-02,6.349733473489373170e-02,4.211418548321502198e-01,-1.667417477625928249e-02,5.822232724066831455e-01,5.349255058845730354e-02,5.945331233850307401e-02,2.379108367673866131e-01,3.565691173123052837e-01,2.991129061661077504e-01,2.769827090161374739e-01,1.883026584846751728e-02,-1.823907621798647599e-02,1.325293873703452252e-01,-1.865709515919420497e-02,2.177659857129455867e-01,5.070304335978484400e-02,1.834977110492078400e-01,-6.073744299697968890e-02,4.848934516096928826e-01,1.808763074878380339e-01,1.162433319066071696e-01,2.510828539914768953e-01,4.484860127594986895e-02,7.177707966169145914e-02,-1.581437414722734747e-01,2.429648171597242334e-01,8.897134221135532747e-03,1.498296840665902518e-01,8.038756302900533848e-03
8.637693513656065358e-02,2.203529181879471111e-01,1.173625224782593734e-01,5.257044048707902872e-01,8.785994144570617725e-02,4.870275681756087716e-01,2.397798272150278853e-01,2.710680244684708362e-01,3.899537334775952241e-02,1.000000000000000000e+00,1.031724350465419299e-01,6.062576281490080765e-01,-5.064236087047518237e-02,-6.530501660751214348e-03,1.876932382878835626e-01,1.966107631041771886e-01,1.798081283621913995e-01,3.661586762229913916e-02,1.257148613652348812e-01,4.960333508933070790e-01,2.255690486624058744e-01,2.292480023083153517e-01,3.596747613735011839e-01,1.634984377192381100e-01,1.013517333532280712e-01,9.792011408039255627e-02,1.093256986182005730e-01,4.854317317279991939e-01,3.216029035137177305e-01,2.546605992942326813e-01,-1.909162512067311968e-01,1.921760148088390990e-02,2.951821062423695130e-01,2.724852711899828916e-01,3.868529090123320469e-01,2.709161691379168291e-01,1.850578432221469949e-01,4.873076563317159104e-01,2.976649019780366889e-02,6.039911797687830264e-01,2.006754933776052630e-01,4.121845991300693846e-01,8.978180234570008744e-02,9.307672550915080389e-01,1.684464132350236842e-01,6.216702079262506064e-01,-2.406148412130501221e-02,2.001979025583041916e-01,2.278178374870743761e-01,2.288083256672495958e-01,3.995048132955928977e-01,4.605593658561497883e-02,2.942803016015459461e-01,5.188592795100537280e-01,2.231706129830396401e-01,2.841967193717911400e-01,4.460605050956426010e-01,1.969423826131136424e-01,3.881236007336413829e-02,1.774845365631906868e-01,1.796405544042914137e-01,4.495858371216723826e-01,3.194622356262113438e-01,3.736568076363555035e-01,-1.728094279258907684e-01,-7.707024339335640135e-03,2.600806423917473298e-01,3.374747430138905213e-01
1.772435834048178560e-01,1.837232129178973938e-01,2.183207735125177740e-01,2.306057423286462515e-01,3.736605202938534515e-02,1.102783736586454288e-01,1.104579694300288212e-01,1.096268205603563861e-01,6.312606594503647472e-02,1.031724350465419299e-01,1.000000000000000000e+00,1.540803778232374688e-01,-9.497040872091992367e-03,7.618770565149360352e-02,3.219839459143682137e-02,1.492798857131689139e-01,3.061494707505204027e-01,1.431745768194388202e-01,3.141948590297010124e-01,2.163410307834486845e-01,1.326821857839352581e-01,2.440948208573348044e-01,2.091263093370156201e-01,1.980403027702004048e-01,2.006526732368269783e-01,4.036690636235861218e-01,2.830623100844572027e-01,1.855365012824440885e-01,1.828156539238904588e-01,3.230271493772017277e-01,-8.285489455128362823e-02,-6.366611762113288941e-02,1.299520175662125243e-01,2.073302069277635495e-01,1.096446743488743020e-01,2.546306867722515910e-01,2.464301066002098084e-01,2.254660811638488915e-01,1.842674701029913681e-02,8.677326328648450604e-02,2.081512181345740731e-01,1.115357418620092217e-01,6.081796728830939774e-02,1.447735784664297420e-01,2.369304302419764918e-01,1.892006753489894333e-01,-4.705250782017462302e-02,1.254430104488663822e-01,5.591700383940921559e-02,1.544416193307195651e-01,2.773225620702378658e-01,7.914970246880653759e-02,3.337061054091801093e-01,2.089055086260563077e-01,1.306490180974279880e-01,2.383242343482209757e-01,1.789711991607446651e-01,1.698106125073126083e-01,1.551597529283557930e-01,3.312613950402253371e-01,2.485376520487120877e-01,1.793348561132243890e-01,1.570842020823432772e-01,2.137222501364189897e-01,-5.266397188770637061e-02,-7.489203086349258132e-02,1.004243700305474801e-01,1.960881167382545476e-01
9.587402458439479858e-02,2.875575524693860241e-01,3.070773034429535864e-01,7.218911650665038593e-01,7.164916649397938542e-02,4.972566653147398319e-01,4.690784467660139012e-01,2.232886717860089743e-01,2.994437926864934041e-01,6.062576281490080765e-01,1.540803778232374688e-01,1.000000000000000000e+00,-6.956546268050742277e-02,1.167905781835663626e-01,2.590823119378437012e-01,1.874856117334209316e-01,2.220775171403755188e-01,4.443847862817680572e-02,1.734207785863487450e-01,7.682764740713552420e-01,1.534725683297827326e-01,3.388362580943073965e-01,2.229004379303407835e-01,4.958218847149444275e-01,1.980049289139154123e-01,2.378697521303392570e-01,2.738000119710157776e-01,5.118970753663355522e-01,2.592138949403719472e-01,2.783932730270479161e-01,-2.971546422150474123e-03,6.287889262289033873e-03,3.455206303268777424e-01,2.905326206320145710e-01,2.360205393721424294e-01,3.687835259776326979e-01,3.545437250743082580e-01,6.602548823505067777e-01,-6.467603017331480589e-03,5.180538342579968925e-01,4.373507664558632935e-01,3.010914153043666164e-01,3.516529145122031519e-01,6.505514206486301410e-01,2.075178055819880962e-01,8.187837971056962649e-01,1.601137685303114302e-02,2.317659718424348037e-01,3.259310199411426523e-01,1.458670684878904389e-01,3.775022524277394376e-01,1.332113713177264236e-01,2.965082380939960127e-01,7.700333594063574205e-01,1.696403834693753776e-01,3.896851903343175327e-01,2.864218897177873147e-01,5.008062374122911331e-01,1.470859843455396831e-01,3.317023501392929452e-01,3.282380321308279725e-01,4.360067344059742611e-01,1.896056072511557167e-01,2.395651398470243498e-01,1.121098322956955856e-02,-5.688717132850727026e-02,2.821276505300032156e-01,2.911667992776325598e-01
8.692095884757131130e-02,-1.797881075418938379e-01,3.429515409550027566e-02,-2.065077695898320242e-01,-7.524641086475750140e-02,-1.985244291179509915e-02,2.306387741455595830e-01,8.639607972165171124e-02,2.563978419698166311e-01,-5.064236087047518237e-02,-9.497040872091992367e-03,-6.956546268050742277e-02,1.000000000000000000e+00,3.946532747056445412e-01,1.118892844133897307e-01,-2.704134291205101404e-02,6.703703691703064710e-03,3.927899662792628255e-01,1.187114555859876408e-01,-1.499998358429072420e-01,-8.203423036236766330e-02,-8.837901469512988994e-02,-1.872515365539748622e-01,1.982426538962820534e-02,1.013448182512868001e-01,-1.921788985852923848e-01,1.651590398204405008e-01,-2.058864498512806562e-01,2.929474460951345810e-02,-2.662852801221909926e-01,3.882195163629283408e-01,5.771531762349334932e-02,-5.759091699318853730e-03,-1.664735295439058738e-01,-1.004072251438199448e-01,-2.397301309046360185e-01,-1.531369327033043903e-01,-2.371569050844685167e-01,-1.032044147950567613e-02,-6.567185716966141007e-02,-2.036937299688589345e-02,-1.719324716879301052e-01,2.464616562763347063e-01,-9.724483928031388280e-02,-1.319702709014942132e-01,-1.211488133171292336e-01,4.693808668161024156e-01,2.111316594597291707e-01,1.072124947136035428e-01,-7.887914316787375535e-02,-2.904411751779528150e-01,1.693921747738303951e-01,-1.957908775575730731e-01,-1.450706697242075682e-01,-9.196686226130937336e-02,-2.362844158523209337e-01,-2.237230582974413517e-01,-6.741389601870048653e-02,-4.585457571879117226e-03,-3.402012181684772041e-01,-5.251029314876209941e-02,-2.235617120925287582e-01,-4.654254840267912918e-02,-3.977090635129934548e-01,2.886406796034254318e-01,1.448804144224019319e-01,1.531005654265962107e-02,-2.336155566405388462e-01
3.675948458761870707e-01,1.444081489787103073e-02,5.546353056188407793e-01,6.008008825254006202e-02,2.099342106374123620e-02,1.778878767828450114e-01,6.456251997085594718e-01,4.592731500270687550e-01,4.080431614890713821e-01,-6.530501660751214348e-03,7.618770565149360352e-02,1.167905781835663626e-01,3.946532747056445412e-01,1.000000000000000000e+00,2.358166930797803984e-01,2.605331431951043997e-01,3.896224956550060070e-01,6.180278692270692042e-01,4.214280572586859286e-01,6.478035252934068178e-02,2.130206647387617169e-01,1.899205675775552937e-01,1.378050403696277904e-01,3.944507925170755991e-01,1.376692170375192481e-01,3.167501230123679345e-01,6.132267073502200017e-01,8.161859043781478917e-02,3.563643273227041219e-01,3.080625349554252379e-01,6.087731658340782559e-01,1.135900095120946918e-01,2.601608851992009974e-01,9.921251957904497765e-02,4.223217819161909081e-02,3.586850123677207125e-02,3.018479015145361655e-01,3.768263074862910483e-02,-1.414003342264410178e-02,9.105316040773468733e-02,4.379448904859302716e-01,7.211919412858203149e-02,3.921378529290422965e-01,2.280747829516307362e-02,1.910742320417678497e-02,9.766983762469433339e-02,3.761237994039792198e-01,5.954035420673541301e-01,2.018862447766025525e-01,1.706614737640439194e-01,1.608954494471118504e-02,4.211236714781279589e-01,1.138545658803443023e-01,4.189725801691544793e-02,2.047521742013171109e-01,3.669972661797635954e-02,9.937647597875778893e-02,3.058592117604001515e-01,5.972585831495724751e-02,1.677189384324550281e-01,4.189901767218129902e-01,6.986194431614044242e-02,1.992779376867808705e-01,-9.211691313349602839e-02,5.116234207202838835e-01,1.521684442226176326e-01,2.069737138215690941e-01,4.540766719628124004e-02
6.048143603356974374e-02,1.158791628828160503e-01,3.164777995573887504e-01,1.711920550150430320e-01,7.758970370798506933e-02,3.669672496284909768e-01,4.746028615511804771e-01,3.177335226760000242e-01,3.209261295503655909e-01,1.876932382878835626e-01,3.219839459143682137e-02,2.590823119378437012e-01,1.118892844133897307e-01,2.358166930797803984e-01,1.000000000000000000e+00,1.937895737008226982e-01,9.159659109999913895e-02,2.389717717904718819e-01,7.166497269038211992e-02,1.827960319904748943e-01,1.011995772927418435e-01,1.494072513377012745e-01,1.233579627253887506e-01,4.263478632926382961e-01,8.144714739944799997e-02,1.110292987798042197e-01,1.869272292999303031e-01,3.031780903039906772e-01,1.685063291898349636e-01,1.691066283726822550e-01,1.039344320492174567e-01,3.029478868478923184e-02,1.946609349179039550e-01,1.057075352442637950e-01,5.510147568834896509e-02,7.310905451327549820e-02,2.211267285743105382e-01,1.510937030671003767e-01,1.986650529902519655e-02,3.073701795042918516e-01,3.747309996944540589e-01,2.337355390435169600e-01,3.579242333045917768e-01,2.173903535382475938e-01,5.904471999079849431e-02,2.318014305792765184e-01,1.775739009689243364e-01,2.169783534350007703e-01,3.369083921768971090e-01,9.722004600759251436e-02,1.149126592326993740e-01,1.737701847769405061e-01,4.384405080164539142e-02,1.899583345164148340e-01,9.643120717431777345e-02,1.021270806544385262e-01,1.260435610973394960e-01,4.071680094832882957e-01,4.329378515104605890e-02,7.874059575563417679e-02,1.631658211761439214e-01,2.639453731518364710e-01,1.275162576454938745e-01,4.804686433450879035e-02,6.383136379872308974e-02,2.187544008380154503e-02,1.416930019429630816e-01,1.053451024770177408e-01
3.749264465348465802e-01,2.331123039146534293e-01,3.308538005009823424e-01,3.206933175868688646e-01,7.920926524989094220e-02,2.390414964351538496e-01,2.714524412038528678e-01,2.688314313363324159e-01,1.222171266624033775e-01,1.966107631041771886e-01,1.492798857131689139e-01,1.874856117334209316e-01,-2.704134291205101404e-02,2.605331431951043997e-01,1.937895737008226982e-01,1.000000000000000000e+00,3.788680710193052525e-01,7.712885537553601512e-02,3.042276893348168643e-01,2.003277997174988945e-01,7.102265731591280717e-01,3.170153966539161483e-01,6.424892936192365678e-01,3.646270709441415958e-01,2.192410810728143977e-01,3.378407451590185184e-01,4.433950269309273606e-01,3.744866627516537094e-01,5.134253812466612610e-01,4.594567312698231709e-01,2.134191768414700138e-02,5.953683248354407764e-02,3.940508886602901995e-01,4.822664861914592316e-01,3.426729937547590699e-01,2.639955041072938324e-01,3.205789999520536893e-01,3.771363661857218275e-01,4.923654498540548652e-02,2.436358947789337981e-01,3.112439304023283948e-01,2.317287197167262058e-01,2.182040362979938974e-01,2.661618383277294386e-01,1.616550852148359863e-01,2.718242577141371519e-01,5.368446915014098153e-02,3.361364357967622229e-01,2.052081600546354079e-01,6.048005473798337972e-01,3.176359026494765536e-01,8.559068715620890555e-02,3.377075796826130571e-01,1.862984076049662707e-01,6.796219216737603430e-01,2.825889292129677988e-01,6.183508631549883283e-01,3.690538962123811606e-01,1.200050046482052379e-01,3.204946551941020849e-01,4.398763514858113344e-01,4.237249323297399561e-01,4.409261365866042892e-01,4.079681153066109234e-01,9.255033981881018168e-02,-3.432902411634713991e-03,3.117010258957576552e-01,4.628740412716984554e-01
5.545068333870314392e-01,2.581989423665956851e-01,5.089489523834354046e-01,2.868903588584258424e-01,3.645034207287289191e-02,2.217115952344540508e-01,3.116114951094125507e-01,3.457138966474705977e-01,1.072827061510591984e-01,1.798081283621913995e-01,3.061494707505204027e-01,2.220775171403755188e-01,6.703703691703064710e-03,3.896224956550060070e-01,9.159659109999913895e-02,3.788680710193052525e-01,1.000000000000000000e+00,2.869165441615557088e-01,7.251064885730470477e-01,2.827817172782942645e-01,3.340657406127786611e-01,3.357680410893552625e-01,4.062528388036797944e-01,3.159922837953795804e-01,1.798672982706072121e-01,5.458976850268320025e-01,6.371470489083962407e-01,2.652126424289472095e-01,4.139173578435858536e-01,5.040152023247043145e-01,2.454118209179785848e-01,-1.952989671545506817e-02,2.985813312500496530e-01,3.713916061938326574e-01,4.113756375166031654e-01,2.982449757600910134e-01,4.055385231464543883e-01,2.569676117491527245e-01,-2.408448624353936099e-02,1.859923539837846085e-01,3.139313399471583832e-01,1.984993701575001324e-01,1.501556778138071757e-01,2.443333427562504323e-01,2.371669975199222347e-01,2.868339206544201492e-01,-2.562117377224025841e-02,4.048989336005714978e-01,8.359943798040361806e-02,3.602054941481858119e-01,4.310205926827677669e-01,2.394167720057823190e-01,5.558985208270759149e-01,2.841013510155049326e-01,3.243772973586618313e-01,2.626657956652416748e-01,3.586698027927600618e-01,2.670358428925561634e-01,1.406496877630709352e-01,4.285536979535997104e-01,4.720842332691514986e-01,2.489708800100664254e-01,3.665534509222265203e-01,2.506046228185800917e-01,1.770882239921476031e-01,-3.683093982554887236e-02,2.498872335598438521e-01,3.491887594821636021e-01
9.910818707664816041e-02,-1.552430341348674282e-02,4.604217682606673301e-01,-4.407485759557903948e-02,-2.283061340459386235e-03,2.100362524418546151e-01,4.510568345108651456e-01,5.361936375017944956e-01,1.801981489002188463e-01,3.661586762229913916e-02,1.431745768194388202e-01,4.443847862817680572e-02,3.927899662792628255e-01,6.180278692270692042e-01,2.389717717904718819e-01,7.712885537553601512e-02,2.869165441615557088e-01,1.000000000000000000e+00,4.047957262344584195e-01,5.191713694834276804e-02,6.150656370878456207e-04,3.759785459714498623e-02,2.102753278468995693e-02,1.512103488303829513e-01,-8.779995960600859781e-03,2.193581902120666505e-01,2.941061927922189456e-01,2.447268937407287223e-02,1.779127380488662036e-01,2.061727421843539410e-01,3.937291630964814826e-01,2.472795363527989509e-02,1.569471923110040690e-01,2.406700993149144679e-02,-3.111983388513727897e-02,-1.187056089464006980e-01,2.195274217586347110e-01,-8.724753928124895364e-02,2.389740212212985992e-02,1.421148008255825324e-01,2.934876483847848605e-01,1.789370555520916339e-01,1.999123189119941246e-01,3.074200071336317952e-02,8.271344456882546992e-02,2.862169835242444477e-02,3.072960847890576219e-01,3.974530233067785079e-01,1.740062389868452519e-01,4.085727338189655035e-03,8.355280712794757592e-02,5.967212909002855836e-01,1.349281419162186579e-01,3.003408577935669233e-02,-1.354229243597591600e-02,-8.434214708900296398e-02,-2.148706604845339665e-02,8.550347231025555439e-02,-8.693673471779617135e-02,3.212723044371671582e-02,1.572560246418343022e-01,7.641223291995486756e-03,1.096131330123799458e-01,-9.796551751134065233e-02,3.020541711331611312e-01,7.840460819344449717e-02,1.486709966093172630e-01,-3.161969821107762924e-02
5.472698251094582078e-01,2.030038035170501631e-01,4.521157222217520033e-01,2.368551899005579553e-01,-1.110804311566924649e-02,1.999094777668747325e-01,3.001599938284533753e-01,3.445167004337411076e-01,1.257923395910986730e-01,1.257148613652348812e-01,3.141948590297010124e-01,1.734207785863487450e-01,1.187114555859876408e-01,4.214280572586859286e-01,7.166497269038211992e-02,3.042276893348168643e-01,7.251064885730470477e-01,4.047957262344584195e-01,1.000000000000000000e+00,2.673073471494875064e-01,2.414267870288248075e-01,2.745462700633479747e-01,2.781099307586769598e-01,2.771289919941974933e-01,1.321365721088165746e-01,4.390357539890961114e-01,6.025132248345372865e-01,1.573494128274256221e-01,3.725852323954975120e-01,3.914341754743815849e-01,3.342702939286258390e-01,-8.682701849365488667e-03,2.646544690908338437e-01,3.258293855126018213e-01,3.606400852988735917e-01,2.060704684219698546e-01,2.872016531456645372e-01,1.911523523953272408e-01,-1.058534949223574086e-02,1.429657791706718251e-01,2.118747824630487775e-01,1.128668876883608813e-01,1.503582796504628616e-01,1.815604919782889681e-01,2.176590328810842079e-01,2.178677665066331703e-01,4.618953740304900663e-02,4.038457644564141802e-01,4.768030546996939595e-02,2.627677256230380176e-01,3.391857778612966112e-01,2.529491728075858314e-01,5.413611464123884165e-01,2.613741189580805480e-01,2.454752686792613658e-01,1.650183366974368737e-01,2.208165314935040258e-01,2.026644891020064065e-01,1.193888052499571251e-01,2.508807038317820703e-01,3.750257688282851998e-01,1.434576198361583454e-01,3.242979242061470591e-01,1.454304529124082479e-01,2.559013624326864633e-01,-2.022602776726712542e-02,2.422548049753401878e-01,2.731683068444155094e-01
1.381844830843287630e-01,3.518775473582102520e-01,3.258392970843369540e-01,8.327356063401895048e-01,8.220409138211499933e-02,3.661093064402760056e-01,3.504603701718727038e-01,1.960091201717452103e-01,2.180298984519383476e-01,4.960333508933070790e-01,2.163410307834486845e-01,7.682764740713552420e-01,-1.499998358429072420e-01,6.478035252934068178e-02,1.827960319904748943e-01,2.003277997174988945e-01,2.827817172782942645e-01,5.191713694834276804e-02,2.673073471494875064e-01,1.000000000000000000e+00,1.937012770182770516e-01,3.626679058689809554e-01,2.646660447939664929e-01,4.491287270246032137e-01,2.334956111242224852e-01,3.273732689353152647e-01,3.025799468860949082e-01,4.207523820545940318e-01,2.440147061411023777e-01,3.620319939185622227e-01,-1.702403589886501700e-02,-3.007791467964313417e-02,3.345916933742956179e-01,3.509024219704947600e-01,2.201841439283364621e-01,4.018218547039600352e-01,3.651063316541544590e-01,7.841607703773820770e-01,-3.912720872397576662e-03,3.775204569314866143e-01,3.747521782344149233e-01,2.456578459885805643e-01,2.779678558634389729e-01,5.343892968895377349e-01,2.240867956898310864e-01,7.608660371772116848e-01,-1.022218506940957838e-01,1.406302450501517309e-01,2.162010007123676414e-01,1.792253542000547262e-01,4.203092285798339378e-01,8.168486075732091234e-02,3.608586053359458812e-01,8.966203765613349752e-01,2.169145479558964584e-01,4.225974727652644369e-01,2.939123961211855818e-01,4.677830140784479673e-01,1.366240715135700889e-01,3.850996188369354423e-01,3.188036341764994841e-01,3.587364913729688687e-01,1.965270904485372505e-01,3.150188102376551558e-01,-4.340510900947602835e-02,-8.200885788786037300e-02,2.899778533556129911e-01,3.598283831479593409e-01
3.589891093924184040e-01,2.291044041773287465e-01,1.993753242707267115e-01,4.001549671022537891e-01,8.154748941086492620e-02,1.889899445656564592e-01,1.065490391208855220e-01,1.914341028721225912e-01,4.179369948594972156e-02,2.255690486624058744e-01,1.326821857839352581e-01,1.534725683297827326e-01,-8.203423036236766330e-02,2.130206647387617169e-01,1.011995772927418435e-01,7.102265731591280717e-01,3.340657406127786611e-01,6.150656370878456207e-04,2.414267870288248075e-01,1.937012770182770516e-01,1.000000000000000000e+00,2.539121488160437923e-01,7.572135028898810960e-01,2.165147606889826493e-01,2.291953831389555996e-01,2.953532600782959316e-01,3.928397508458727483e-01,3.023242539594087064e-01,6.297513878673479670e-01,5.092166857497325561e-01,-6.645895226852062410e-02,5.483853051757275887e-02,4.548923746483568009e-01,5.831024857971601749e-01,4.320977245889398577e-01,2.764810271769448935e-01,2.408060435324426152e-01,4.695248147011135131e-01,6.477651511162244025e-02,2.015992116336824125e-01,1.554863577817233722e-01,2.004608071830647209e-01,1.084086464151726992e-01,2.900889651189970109e-01,1.450946887513574202e-01,2.469313913933799398e-01,-4.244006907130186412e-02,2.940914441045388572e-01,9.495993405664993059e-02,6.989150026507379154e-01,3.235155712969153829e-01,1.663855283383924508e-02,3.443965955716498106e-01,1.495850788768079420e-01,9.212328346526487133e-01,3.061488064522348007e-01,7.674933210158245700e-01,2.315912641841163244e-01,5.718303057296329067e-02,2.972098266133473832e-01,4.121074125262750854e-01,3.980639311471911301e-01,5.769369952280141156e-01,5.352108984877527176e-01,4.500055987655721124e-02,5.490795144980044340e-02,3.306787569001421456e-01,5.779209768530242375e-01
2.484030358475366462e-01,3.034389204602406243e-01,3.366206194446363931e-01,3.980726423790268420e-01,4.884541391963979906e-02,2.004130641730521856e-01,3.344205357762428110e-01,1.416067020316048863e-01,2.902572278874265277e-01,2.292480023083153517e-01,2.440948208573348044e-01,3.388362580943073965e-01,-8.837901469512988994e-02,1.899205675775552937e-01,1.494072513377012745e-01,3.170153966539161483e-01,3.357680410893552625e-01,3.759785459714498623e-02,2.745462700633479747e-01,3.626679058689809554e-01,2.539121488160437923e-01,1.000000000000000000e+00,3.400841041089981420e-01,4.686216527894184747e-01,3.596337260615763975e-01,5.049476123615812551e-01,4.239197226512105288e-01,3.370645992671142399e-01,3.765670615216288875e-01,4.470874212198276410e-01,7.789552098139721110e-03,-4.820579727770717832e-02,2.941161050655639597e-01,3.503086186529679180e-01,2.329540300881039472e-01,3.664354877326896909e-01,3.890002939580857189e-01,3.768252845131299100e-01,4.453165893421054400e-02,2.103289205136039675e-01,4.253228489436148285e-01,1.521749917745646996e-01,3.210879720410249050e-01,2.796229914678096673e-01,2.524446998509997098e-01,3.754147991956434116e-01,2.680662527648447827e-02,2.913378045271673988e-01,1.434467455971201455e-01,2.524558805677861728e-01,3.765526711736151277e-01,7.422384196244161125e-02,3.821953552599388071e-01,3.470679180289576449e-01,2.459731796889240429e-01,4.940613273615033219e-01,3.101941243107914081e-01,4.796952862786013072e-01,2.839246878041306599e-01,4.978291715390848471e-01,4.552853730887656547e-01,2.803573831634322833e-01,3.486968952188770898e-01,3.078854326198157132e-01,7.281878254329414435e-02,-9.374648868952573100e-02,2.817362627818648657e-01,3.688009608157710728e-01
3.255779064443668491e-01,3.556342929147033871e-01,3.072723823932770326e-01,4.267973062296832043e-01,1.150165881238690568e-01,3.437326772595082902e-01,1.504639231013066847e-01,3.489294664992932948e-01,-3.645136622159250023e-02,3.596747613735011839e-01,2.091263093370156201e-01,2.229004379303407835e-01,-1.872515365539748622e-01,1.378050403696277904e-01,1.233579627253887506e-01,6.424892936192365678e-01,4.062528388036797944e-01,2.102753278468995693e-02,2.781099307586769598e-01,2.646660447939664929e-01,7.572135028898810960e-01,3.400841041089981420e-01,1.000000000000000000e+00,2.484071119576503894e-01,2.041356215544338493e-01,4.263717318774321030e-01,3.852026713373389311e-01,5.315682123057637876e-01,6.145958700708429312e-01,7.054161122997801847e-01,-2.113786270442039872e-01,9.546477302990408198e-03,4.240977862656398201e-01,6.090204233751319585e-01,5.142207614669744853e-01,3.759749194017158458e-01,3.746209117637970820e-01,4.746087146609749841e-01,8.809830969384692401e-02,4.112919673548809385e-01,2.663600476202811485e-01,4.590222473998690211e-01,4.831600266591894871e-02,4.389604522148104482e-01,2.491393266657893901e-01,3.384032597627781302e-01,-1.325019020438535089e-01,3.294428037666921605e-01,1.462297095458463814e-01,6.968933938788046678e-01,5.642762718024020296e-01,4.189343235695145579e-02,4.932851749180619527e-01,2.153392656678556338e-01,7.107596000786298163e-01,4.311394492556309133e-01,8.737131156696033019e-01,2.972227011592816215e-01,7.228809039731064201e-02,4.598640197214056702e-01,5.012323124658708551e-01,6.067894473541298739e-01,5.875511688618163531e-01,7.615854150087030261e-01,-6.197837246352554813e-02,-5.441978748879681450e-03,3.004144774228533210e-01,6.406003136388657149e-01
