1.000000000000000000e+00,3.314650623897387738e-01,4.750815237778645561e-01,3.871818156318342918e-01,-2.677815578002934460e-02,3.591916792775904366e-01,3.909916800523328684e-01,2.561610926793696508e-01,1.444715488751653620e-01,2.025391437413774920e-01,3.632973543470925937e-01,4.067026773191520506e-01,1.746195919929852125e-01,4.234345846469505514e-01,6.100832878180417057e-02,1.737918743297676982e-01,5.007727772907875075e-01,1.911852112212947818e-01,4.582960854568415288e-01,3.893541265875017365e-01,1.137088966071293089e-01,3.859428701211931600e-01,1.865154936960460863e-01,4.643522698614853672e-01,2.372369067067005011e-01,4.130983226701295807e-01,4.302706971503910127e-01,3.898878858292216254e-01,6.018109178929864633e-01,5.226583443970174159e-01,1.503871494269923281e-01,7.964234472082282190e-02,3.595518873309725416e-01,3.238057565822711759e-01,6.449630257258822663e-01,3.382105740465059518e-01,3.831641385225292296e-01,4.032077585818965582e-01,2.113715742497845884e-02,3.116422617189730793e-01,3.696493394413662426e-01,2.240004571329725358e-01,1.542658217402972098e-01,2.053869261490839093e-01,2.112795132681623833e-01,4.192370831277552057e-01,1.642851144762263460e-01,4.414426852592214789e-01,1.165299716595688678e-01,1.974787745364577074e-01,3.975300451382533518e-01,2.473610560839046013e-01,4.255673850172259076e-01,4.054950467921518142e-01,1.041638901004608292e-01,4.285621893064222032e-01,2.149591733311344843e-01,4.688127779160356501e-01,3.082436539755757932e-01,3.767282778499274065e-01,4.386094222866459558e-01,3.906442761028991462e-01,5.424611076523104813e-01,4.190263743465006963e-01,7.079040125876086276e-02,5.937402030929501626e-03,2.899102284137528573e-01,2.907581752832678057e-01
3.314650623897387738e-01,1.000000000000000000e+00,1.935973476348465949e-01,2.483488597099854367e-01,5.845564259949646152e-02,2.097357828279815817e-01,6.882776634782837577e-02,1.203714779775479776e-01,-1.035108317097290561e-03,3.046607872608519257e-02,2.563066994934445897e-01,2.848878577206072071e-01,4.768925463311859958e-02,7.439603810010177176e-02,6.786770817884511808e-02,8.646213736157308538e-02,3.778319042124319016e-01,-6.313262431151692167e-02,2.221388695331513452e-01,2.737618731963212260e-01,-1.580532435584082462e-02,3.856077091423706915e-01,1.231797275429624694e-01,2.281497680065075750e-01,2.004363737407493518e-01,2.683861557502226214e-01,2.888410831137352974e-01,2.749673708559931540e-01,3.512758432413694010e-01,3.431287918372394885e-01,-9.019947971987856902e-03,2.030094134031395700e-02,2.469222829059637414e-01,3.370756673318239804e-01,3.969813457020011094e-01,3.645687052834112873e-01,1.545788624808115685e-01,2.334427324447977126e-01,2.794928830517701482e-02,1.850024148634864529e-01,6.246579405795835149e-02,1.109538869292324009e-01,1.861724979810103903e-02,2.933744869818402656e-02,1.790353269151485072e-01,2.623438483085063777e-01,4.633208776328483214e-02,1.661730618634039702e-01,1.086613127787681016e-01,1.264597703155276587e-01,3.762230305195249369e-01,-4.080003766292975009e-02,2.916079014483893839e-01,3.075014651491960738e-01,-2.570135112598321073e-02,3.502152437736502089e-01,1.308073340095068371e-01,2.426250957448344014e-01,2.350535099290504970e-01,2.335283362469343094e-01,3.091129462425183383e-01,2.728289769014401456e-01,3.742914196865015364e-01,3.907312077587965504e-01,-8.625224223564383064e-02,-8.094423071593354405e-03,2.317420620128649578e-01,3.164544453423050463e-01
4.750815237778645561e-01,1.935973476348465949e-01,1.000000000000000000e+00,4.208415541058309062e-01,-3.675924872127382149e-03,4.626555329008828488e-01,7.075740875171189215e-01,3.671621594364063434e-01,3.831311971112559278e-01,3.373178851174125081e-01,3.698491672072130032e-01,4.584977872073265348e-01,2.874131674003796988e-01,5.000493826205525405e-01,1.597020165881823106e-01,2.373377478131287466e-01,4.833946056052484952e-01,4.290257870404056706e-01,4.818016342638973826e-01,4.778176204641991220e-01,1.864487532641203316e-01,3.609499477984368654e-01,3.181087637648549737e-01,5.833484626549567675e-01,2.720368095219155014e-01,6.851548676552583483e-01,6.850275825483613801e-01,4.805955795309360123e-01,2.838890341010055773e-01,5.882435732729114353e-01,1.863851723263127425e-01,7.385252278279888505e-02,1.949977520225435190e-01,2.104096358322928295e-01,2.569774657149077046e-01,2.458270273915391102e-01,5.750947970220748884e-01,4.452395872041409186e-01,4.799241026137766528e-03,3.871874489997365609e-01,5.322891155153083309e-01,3.557749190529116978e-01,3.106734541771179470e-01,3.617804326952013816e-01,1.846891659425392296e-01,4.835511234702482564e-01,1.871660490874437477e-01,3.106229332919140940e-01,1.711456707590139625e-01,2.522594023542888420e-01,2.984958749709882286e-01,3.538175128924214152e-01,4.087927252438563475e-01,4.714003625534247677e-01,1.574924443425409215e-01,3.278247181274527300e-01,3.242392579567045519e-01,4.943982701458111695e-01,3.117179231444612841e-01,5.141301814082932520e-01,5.481377538305048924e-01,5.115043239706004163e-01,2.046188185329101128e-01,3.347532538980870220e-01,1.345817363758818885e-01,-1.829225951556735438e-02,1.593077003379725631e-01,1.626296139947497055e-01
3.871818156318342918e-01,2.483488597099854367e-01,4.208415541058309062e-01,1.000000000000000000e+00,-9.701991388967049629e-03,4.535094564682340401e-01,4.507913478049384026e-01,2.057978321701162960e-01,3.189901009472371207e-01,5.545856361360983477e-01,2.646787794313943398e-01,8.292362928928862509e-01,2.197199728342719427e-01,2.017342969073217529e-01,3.180460593017697679e-02,4.121633934156475054e-01,3.429177970505299933e-01,6.528255151408243750e-02,1.970186554463102813e-01,8.091645456896393585e-01,4.518537695457391368e-01,4.962110301500154419e-01,5.361388551339906217e-01,5.256560142556494508e-01,2.926891851431902003e-01,5.676809460211978964e-01,4.794376823564347467e-01,7.475746604836434051e-01,3.582887502034252103e-01,6.046165566730339336e-01,6.059010738434036231e-02,3.887916667499600326e-02,2.371841938170094477e-01,3.641670921743437872e-01,3.859444862959701683e-01,3.523085742846899793e-01,3.967399952547645547e-01,9.255969841871674042e-01,1.802954383742764663e-02,4.443949543394569157e-01,4.117376901733785788e-01,2.250886564234367837e-01,3.219580367185245762e-01,5.379564559212863806e-01,1.447372068113665922e-01,8.299237516635539214e-01,1.469198812059341330e-01,1.582485940656669365e-01,6.657773816818488011e-02,4.553413013454922220e-01,3.514919581396070969e-01,1.068519361672483348e-01,2.515103482115514932e-01,7.777969379120887039e-01,3.886313492306138762e-01,5.140623736646082742e-01,5.460732398646932495e-01,4.593315334026678576e-01,3.082514278497680560e-01,4.925676594128516883e-01,4.789503419704509990e-01,7.396885385792333345e-01,3.487118120156139645e-01,5.865840101110140203e-01,-1.302889988263528365e-01,-1.313017176719992185e-01,1.632807784348557500e-01,3.102086910066911840e-01
-2.677815578002934460e-02,5.845564259949646152e-02,-3.675924872127382149e-03,-9.701991388967049629e-03,1.000000000000000000e+00,8.579953914469133636e-02,3.848011140359514776e-02,1.687441514718552443e-02,7.130670852516819702e-02,-1.813429513710815635e-02,7.768575436073427154e-02,1.292272957279254342e-02,6.228921274904357375e-02,5.856799459529011403e-02,7.910241632632245001e-02,2.036951231244774757e-02,1.646652560390934883e-02,7.924906216076570142e-02,3.254522184549497182e-02,-6.140417015030820783e-03,1.535848314886812012e-02,2.864213898620670759e-02,7.819748315867115079e-03,-7.719262109111293090e-03,-9.089976776946827666e-03,-1.320282532674864340e-02,4.870541889256579937e-02,-3.677541663476614764e-02,3.473392173964690716e-02,-1.495146338515378030e-02,-1.014425419350312337e-02,8.355538893903913245e-02,2.538254400850756265e-02,5.892287477743842622e-02,-9.167730364022404904e-03,-7.954717764174168426e-03,-1.036649728589309274e-02,-9.278818994655510174e-03,1.639034064426364221e-02,4.666467848429634024e-02,1.079632683144840337e-02,2.917428952809306489e-02,2.821511964329904282e-02,-1.437248547174208718e-02,4.362551328851774213e-02,9.280549875373635474e-03,7.325863385240075076e-02,4.522104785781221048e-02,1.398965358378036379e-02,3.320252461178581360e-02,-2.833380208057536057e-02,7.829347036238994140e-02,6.759434773577967237e-03,-4.261621269450110820e-03,2.505423982772379127e-02,1.417078697280370857e-02,1.912897572290640086e-02,-2.108664778657918636e-03,1.506023057307385483e-02,-3.132597243851981822e-02,1.741878584398590807e-02,-3.470212270380704234e-02,1.968805373857796318e-02,-3.333146060891637591e-02,4.419928918061764161e-02,6.065399803744984941e-02,2.128244716659499422e-02,5.445190787018455714e-02
3.591916792775904366e-01,2.097357828279815817e-01,4.626555329008828488e-01,4.535094564682340401e-01,8.579953914469133636e-02,1.000000000000000000e+00,5.309213962666780029e-01,3.704226673353080979e-01,2.970916448699892909e-01,3.379487453428366983e-01,2.499905085290735351e-01,5.197503848161533213e-01,2.339384694745078874e-01,3.344751890492658197e-01,2.175924305828402794e-01,3.179154354525841608e-01,2.969866873825683928e-01,1.850266689935594622e-01,2.222683051035024560e-01,4.059294540505466453e-01,2.726339522531477932e-01,4.021488203943489048e-01,3.748098736934208364e-01,4.666416686009103310e-01,2.393754637293149523e-01,4.284159535704162858e-01,4.259324748327476540e-01,5.522995628473870156e-01,3.841697444830932673e-01,4.879832344209750761e-01,9.010953696273286961e-02,1.584692799447652289e-01,2.574799134515517451e-01,3.677464916297271125e-01,2.777332048824501243e-01,2.326489804373641779e-01,3.934908026203756126e-01,4.745774088055814133e-01,7.195783384256225490e-02,6.144527163183148843e-01,4.163543147913488229e-01,3.484332935648241647e-01,2.972026570576203341e-01,3.734848312418221905e-01,2.363227347150707314e-01,5.532459031735023069e-01,2.404592684239202915e-01,2.785101061198017591e-01,2.572443996889502427e-01,3.306067787633483746e-01,2.528280189782174392e-01,2.451981084094683461e-01,2.611175903569908918e-01,4.375083851568514759e-01,2.475663197496400514e-01,3.817350664743748290e-01,3.878763066716586771e-01,4.723517564697642945e-01,2.449300232789060616e-01,3.839196575584229998e-01,4.046903269181324481e-01,5.589895259636122882e-01,3.415330361771236056e-01,4.149767040023461528e-01,1.072654926175391349e-01,5.685652570368725234e-02,2.387228601199686551e-01,3.056591683515685332e-01
3.909916800523328684e-01,6.882776634782837577e-02,7.075740875171189215e-01,4.507913478049384026e-01,3.848011140359514776e-02,5.309213962666780029e-01,1.000000000000000000e+00,3.170802159708054901e-01,6.399176031699227440e-01,5.385695557772606223e-01,2.858984764563571868e-01,4.966246155544092322e-01,4.334406989716079184e-01,6.182771008823819692e-01,2.365216607506713253e-01,2.747207445241827695e-01,1.663050630167944299e-01,4.731483837744511756e-01,2.902601007716634762e-01,4.933114284696242247e-01,2.738811681388013120e-01,3.811065738655794455e-01,2.985178715189324983e-01,7.438540617960259782e-01,3.520761318503120574e-01,6.281381858435776122e-01,6.393262752115821401e-01,5.339707280938857936e-01,2.687260565193284600e-01,5.027661109579556475e-01,2.923343130675470913e-01,1.514160946532603080e-01,1.736298881401606709e-01,1.616049716718391260e-01,2.065316160443217419e-01,1.716482390104251965e-01,6.558130709803847713e-01,5.067454202152730236e-01,4.540803522193478242e-02,4.813170238717535132e-01,7.797536174626762406e-01,4.414328766841227880e-01,5.620835585690678871e-01,5.812718644588757977e-01,1.831558090178056486e-01,5.639034096471917668e-01,4.383901156239792263e-01,4.724577319002347675e-01,2.241486237341251686e-01,2.792005771713343965e-01,1.093017573489818428e-01,4.587394854338279204e-01,2.790387630276706110e-01,4.786802808268911247e-01,2.174437935665645971e-01,4.025255428505308264e-01,3.137167005132608377e-01,6.680632847444430977e-01,4.034647841978320493e-01,5.184737467742359662e-01,5.774066263350472461e-01,5.656866884131545037e-01,1.888003832946248961e-01,2.642915183940254265e-01,2.353386677750474720e-01,6.612960503161416370e-02,1.606649807736159064e-01,1.089924148522101177e-01
2.561610926793696508e-01,1.203714779775479776e-01,3.671621594364063434e-01,2.057978321701162960e-01,1.687441514718552443e-02,3.704226673353080979e-01,3.170802159708054901e-01,1.000000000000000000e+00,1.254800269563464410e-01,7.563920817949641717e-02,2.811888651924238647e-01,2.382424928711548984e-01,1.071367352581329285e-01,2.640257300029190679e-01,8.715552214822769317e-02,1.925092034167176225e-01,3.218516304207934553e-01,2.276140711329377730e-01,2.791582878224818098e-01,2.091007408820329816e-01,1.067324724267876418e-01,2.667598543565469216e-01,2.081661879047537467e-01,2.190507512356206221e-01,1.009935822767022012e-01,3.280969450132659726e-01,2.764890868583306238e-01,3.385306185054618999e-01,2.288915006110018857e-01,4.139543517693214381e-01,6.084285621986702808e-02,6.996293414027827950e-02,1.908840672981405862e-01,2.403777577734522441e-01,1.535683352829478876e-01,1.511237865898697463e-01,2.406388651777081056e-01,2.264445524151371680e-01,1.065935755747406538e-01,3.096251285667429576e-01,2.274288190887841232e-01,3.408619567076048851e-01,1.038452691682031637e-01,1.222191244292085005e-01,2.139147173521518119e-01,2.645661016661053910e-01,6.609421492933062470e-02,1.733341770464469911e-01,1.976346836474016377e-01,1.869911438597004483e-01,2.179137829739193066e-01,2.237433189668398548e-01,2.520803279236644712e-01,2.178158082501618908e-01,8.167965891616570107e-02,2.071957517259351012e-01,2.105501536459028211e-01,2.399265074004975073e-01,1.135733042595954284e-01,2.517428161869840753e-01,2.317749600338748772e-01,3.371225727980008968e-01,1.923019469429033124e-01,3.121529237234421661e-01,4.267051881674970015e-02,3.993370360411431508e-02,1.596816362155567548e-01,2.015404658055715836e-01
1.444715488751653620e-01,-1.035108317097290561e-03,3.831311971112559278e-01,3.189901009472371207e-01,7.130670852516819702e-02,2.970916448699892909e-01,6.399176031699227440e-01,1.254800269563464410e-01,1.000000000000000000e+00,4.706328830823320319e-01,1.660529249673707020e-01,3.341997274203324375e-01,4.467491996594410431e-01,3.497634026805138685e-01,2.369703288270215147e-01,2.692927917036353480e-01,-3.755533098538184344e-02,3.012162005399247056e-01,3.667328126635287927e-02,3.299959920077422670e-01,3.086289673735827521e-01,3.159312643056338965e-01,3.028782091167891988e-01,6.503095043132429698e-01,3.247929051904011044e-01,3.829807609034248661e-01,5.033947684178067261e-01,2.547185553593714902e-01,1.900067813491935209e-01,1.978221926473933134e-01,2.369324655912720956e-01,1.340019674562518415e-01,9.140807446328211294e-02,1.290830098440406415e-01,2.424084620393908429e-02,1.168937089505413252e-01,3.393048518609234065e-01,3.691519242911369680e-01,4.740419847513875629e-02,2.903434200889651873e-01,4.625475679683246910e-01,2.293698605051682771e-01,6.246765720368506747e-01,4.746264385793158014e-01,9.157489595722673181e-02,3.768102179963510601e-01,4.491879798801323709e-01,2.161953601312423534e-01,1.731224084236055727e-01,2.695780685376972241e-01,-1.117662934093623384e-01,1.823613732092408957e-01,-3.921066587859686065e-02,3.137412038563515138e-01,2.680918270074055809e-01,2.864868048914835374e-01,2.792854131476545931e-01,4.680539336007770168e-01,3.561453730779634008e-01,2.564380538714396418e-01,3.764490380236633071e-01,2.906653034649125389e-01,1.067135936787332318e-01,2.867222583406277281e-02,1.537075520730141476e-01,3.051511456443887355e-02,1.048733379659523013e-01,8.400903707775565776e-02
2.025391437413774920e-01,3.046607872608519257e-02,3.373178851174125081e-01,5.545856361360983477e-01,-1.813429513710815635e-02,3.379487453428366983e-01,5.385695557772606223e-01,7.563920817949641717e-02,4.706328830823320319e-01,1.000000000000000000e+00,1.095718348633524797e-01,6.095632236539617610e-01,2.472821599023023453e-01,1.792038391275447839e-01,-1.376932994084266101e-02,2.315163646519943497e-01,5.470342478290917548e-02,8.578433339563704130e-02,-9.869931474581003158e-03,6.103639233309809953e-01,2.844090937088322724e-01,3.461253987601716764e-01,3.053772973643199551e-01,5.065714835562428187e-01,3.333378540054999228e-01,5.573630010398294976e-01,4.011859940094019139e-01,5.625287951010484733e-01,1.518797896953946180e-01,3.417478383475315851e-01,9.688049176858438971e-02,1.342909111484865900e-02,5.823376635595711032e-02,6.693066860672733376e-02,1.816610084714596896e-01,2.048855109084024850e-01,4.779810104371362001e-01,5.960731990160035298e-01,-1.631907372615398061e-02,2.911646720582950487e-01,5.705079113489934795e-01,2.157932801719988358e-01,4.987872329319231746e-01,9.347567037673281121e-01,7.337129189757185532e-02,6.563629220443540913e-01,2.690016039105441181e-01,1.515298269502219908e-01,-1.066645837645522569e-03,2.621369173676366682e-01,1.437929555303637530e-01,1.371060358935013157e-01,1.425385355781592367e-01,6.094081225970295890e-01,1.846739464881907433e-01,4.392871529936427377e-01,2.996406414248604655e-01,4.618341572267815054e-01,3.561484728703694924e-01,5.459002488658266650e-01,4.777091637776677557e-01,5.705298103966461865e-01,1.243232673401339361e-01,2.604593863102386275e-01,-7.758068628016966117e-02,-1.373182557021136174e-01,4.085368992698636820e-02,2.052529217866307445e-02
3.632973543470925937e-01,2.563066994934445897e-01,3.698491672072130032e-01,2.646787794313943398e-01,7.768575436073427154e-02,2.499905085290735351e-01,2.858984764563571868e-01,2.811888651924238647e-01,1.660529249673707020e-01,1.095718348633524797e-01,1.000000000000000000e+00,2.842381142175653963e-01,2.872294786217503559e-01,3.385124652361113373e-01,7.987139371364927742e-02,7.222067092172529401e-02,4.526758933526217055e-01,3.023157736872502666e-01,4.689567883350500010e-01,2.992636922906876662e-01,-1.781937439711313645e-02,3.662379346617133380e-01,9.123960645296901040e-02,2.844621275897922796e-01,2.561348232032926719e-01,4.814994381503724941e-01,4.153954507826960740e-01,2.563319903076143880e-01,2.938420631848007725e-01,4.296193893367440397e-01,7.025094477479881805e-02,7.437117870452253365e-02,2.153594331935883288e-01,3.156996441966357647e-01,2.786028605922165058e-01,2.890765522254922226e-01,2.439222628657291281e-01,2.761327218379614479e-01,3.579006710634018151e-02,2.220522860417587785e-01,2.267967667838427237e-01,1.933449760391526273e-01,7.184003684773056231e-02,1.283445926598954789e-01,3.814545288614589191e-01,2.656081648574694087e-01,1.443372399515582272e-01,2.463579939285912568e-01,5.468848086487503035e-02,7.220076591621356343e-02,3.898112388263596517e-01,3.102909939585357657e-01,4.474322745168838877e-01,3.156154116146154820e-01,-3.037847335992991185e-02,3.159013107477405824e-01,7.488873620435207434e-02,2.491973807878129221e-01,3.279048003980634673e-01,3.535304140448251586e-01,3.575500637487386557e-01,2.571111566014081529e-01,2.693445077661077436e-01,3.013817293926117080e-01,-8.351657684481874136e-03,3.682535963683788993e-02,1.963836358573608776e-01,2.510151654904328455e-01
4.067026773191520506e-01,2.848878577206072071e-01,4.584977872073265348e-01,8.292362928928862509e-01,1.292272957279254342e-02,5.197503848161533213e-01,4.966246155544092322e-01,2.382424928711548984e-01,3.341997274203324375e-01,6.095632236539617610e-01,2.842381142175653963e-01,1.000000000000000000e+00,1.999537201315905732e-01,2.049320018446771918e-01,4.521802181968306161e-02,3.261253131825720408e-01,3.586619461365461725e-01,6.902145395630024383e-02,1.999272577766501580e-01,8.237625427682275792e-01,3.104104142916466746e-01,5.262299218794252997e-01,4.337024010568756860e-01,5.516266463504088113e-01,3.316197322802174052e-01,5.899686816675755452e-01,4.790855154632595037e-01,7.571840138466885417e-01,4.093947780634508149e-01,5.891572537917695307e-01,4.664728882142215455e-02,4.846018428808375467e-02,2.811410368641589774e-01,3.478384951307076367e-01,4.032137556357622832e-01,3.990049800042311245e-01,4.502039512352630224e-01,8.201944195482825384e-01,-8.438266570706884351e-03,4.988095322121255393e-01,4.535700761050742158e-01,2.607103844487190236e-01,3.463103184034883042e-01,5.943790115941902652e-01,1.835041547537452356e-01,8.686925247702586006e-01,1.639820655415450135e-01,1.852647206410434344e-01,9.454975042041387223e-02,3.638742101167006249e-01,3.706916281424830761e-01,1.101334426898351176e-01,2.976397124563075480e-01,8.173965123814409539e-01,2.395835055224761756e-01,5.396710785330126603e-01,4.449009338645910638e-01,5.072192191377674630e-01,3.450762631595501451e-01,5.406820906433176255e-01,5.147303358023179731e-01,7.552703856950522265e-01,3.910502169004161921e-01,5.769089353220075989e-01,-1.170378282853839352e-01,-1.105893029744233341e-01,2.147791849680681653e-01,3.088076943602909297e-01
1.746195919929852125e-01,4.768925463311859958e-02,2.874131674003796988e-01,2.197199728342719427e-01,6.228921274904357375e-02,2.339384694745078874e-01,4.334406989716079184e-01,1.071367352581329285e-01,4.467491996594410431e-01,2.472821599023023453e-01,2.872294786217503559e-01,1.999537201315905732e-01,1.000000000000000000e+00,3.454638420888888617e-01,1.318794029961392889e-01,1.907835365416880591e-01,5.884981611897114467e-02,3.362573175952617843e-01,1.628100541464762574e-01,2.142085817257629032e-01,2.138752610188479897e-01,2.271484905369313967e-01,1.903177508234266124e-01,3.854326061654812507e-01,2.978863187001627999e-01,3.010638780246616131e-01,4.076262954754908407e-01,1.424667502231527771e-01,1.819736201465174397e-01,1.904005789256386083e-01,1.853206375333821543e-01,1.483702102606059281e-01,8.809986582716042292e-02,1.139598826501046769e-01,9.605897753017821061e-02,1.059866469333307776e-01,2.302549593089060209e-01,2.532804628182154794e-01,7.127270551091904882e-02,2.251148825686147270e-01,3.278922691894961550e-01,1.609702144519401246e-01,3.637754813960868416e-01,2.630930332951904593e-01,1.559073464503530626e-01,2.487330435502161097e-01,3.864966417898062501e-01,2.519240839063226489e-01,1.110070259042939406e-01,1.954588277072482061e-01,-1.526385418825073476e-02,2.490759175286420546e-01,6.042862264860810600e-02,2.103438092139943427e-01,2.003109624112891229e-01,1.904247590028198822e-01,1.996116423583668975e-01,2.734606697391663288e-01,3.272333256147501590e-01,1.805994929597550813e-01,3.017770651850520958e-01,1.695064222813437715e-01,1.155160077156001802e-01,3.337563368044933754e-02,1.073160008868791343e-01,1.079740349204665328e-01,1.123465218966067380e-01,6.215070329134306931e-02
4.234345846469505514e-01,7.439603810010177176e-02,5.000493826205525405e-01,2.017342969073217529e-01,5.856799459529011403e-02,3.344751890492658197e-01,6.182771008823819692e-01,2.640257300029190679e-01,3.497634026805138685e-01,1.792038391275447839e-01,3.385124652361113373e-01,2.049320018446771918e-01,3.454638420888888617e-01,1.000000000000000000e+00,1.484225653551003443e-01,1.926032839252896645e-01,2.321985156231037850e-01,5.631470311790457428e-01,5.050791476363191146e-01,1.917845886123959454e-01,2.107870364232134475e-01,1.977903717022862773e-01,1.548490615525011105e-01,4.126620397522911543e-01,2.147817140716860307e-01,3.699694813094867585e-01,5.952294262729861396e-01,1.379418192599292936e-01,3.146008028142703306e-01,3.972348055713642023e-01,3.406464993036961708e-01,2.539191480450009308e-01,1.280317189578200898e-01,2.088413145666123405e-01,2.774566292140639989e-01,1.340744021498397054e-01,3.611433467365424144e-01,2.260016788180014280e-01,7.859385546293581881e-02,3.127316173027248625e-01,4.619805412782192477e-01,2.759664460633601824e-01,2.088907949240940698e-01,2.231347760005679970e-01,1.356164662296771017e-01,2.455710715490230234e-01,3.316196409607350959e-01,6.299191939935323559e-01,1.115233128032616650e-01,2.125979239715178049e-01,9.151227522658342273e-02,5.598106192122759284e-01,2.784460614668253231e-01,1.904243846192472944e-01,2.144431293280193995e-01,2.070508477965848082e-01,1.974869366303891871e-01,2.929343812486476240e-01,3.022213890619674936e-01,2.166595172488735288e-01,4.438922822027179249e-01,1.836841243475208496e-01,2.227086838538422098e-01,1.478651961941325199e-01,2.808492236027718136e-01,1.938808905151400419e-01,1.964945580436220918e-01,1.431486979637426327e-01
6.100832878180417057e-02,6.786770817884511808e-02,1.597020165881823106e-01,3.180460593017697679e-02,7.910241632632245001e-02,2.175924305828402794e-01,2.365216607506713253e-01,8.715552214822769317e-02,2.369703288270215147e-01,-1.376932994084266101e-02,7.987139371364927742e-02,4.521802181968306161e-02,1.318794029961392889e-01,1.484225653551003443e-01,1.000000000000000000e+00,9.588019838961481245e-02,3.561680054530232814e-02,7.829281915082599019e-02,1.522904029005037879e-02,1.357476832018874105e-02,5.711600062004319744e-02,1.290990989258324617e-01,7.140828820476959049e-02,2.432126585835135690e-01,1.220805213647526977e-01,5.593340733418473293e-02,1.647321691875941740e-01,5.823764630623133598e-02,8.510099687461868123e-02,4.648644112207218904e-02,3.694035171878589513e-02,8.320050611577393951e-02,8.720159967895792230e-02,1.333630362852070150e-01,1.298976226227888456e-02,1.341645401230875424e-02,1.187095393323594622e-01,4.736040930491479395e-02,3.793074815089837737e-02,2.145712570958915877e-01,1.202888217210636990e-01,1.039799335217775761e-01,1.974291904553950594e-01,1.054559154483563840e-02,1.013165941869668685e-01,7.388969103668177607e-02,1.856784122705489870e-01,1.091643610947591880e-01,2.679867418509939703e-01,8.712926168391506299e-02,-1.489517562180484554e-02,6.407317952190419441e-02,2.947895500336142685e-02,2.403800647843839025e-02,7.135787873769293410e-02,5.317851297664727417e-02,7.767934252968627939e-02,2.445636675044847996e-01,8.429354374187794652e-02,2.118544421272001294e-02,1.144685855478858177e-01,8.910368800432177938e-02,4.635315757556045940e-02,-3.052874233611157020e-03,1.031020984922475792e-01,9.735752204960076983e-02,5.662546203769400904e-02,8.231063862150911348e-02
1.737918743297676982e-01,8.646213736157308538e-02,2.373377478131287466e-01,4.121633934156475054e-01,2.036951231244774757e-02,3.179154354525841608e-01,2.747207445241827695e-01,1.925092034167176225e-01,2.692927917036353480e-01,2.315163646519943497e-01,7.222067092172529401e-02,3.261253131825720408e-01,1.907835365416880591e-01,1.926032839252896645e-01,9.588019838961481245e-02,1.000000000000000000e+00,1.330010417192604988e-01,1.174746370365736259e-01,3.202065927026484515e-02,2.066778726749613215e-01,7.568399595502833810e-01,3.583865769085537445e-01,8.099066361054506613e-01,3.286113169620889507e-01,1.763520744458709488e-01,2.291385904079165925e-01,4.371012123955031470e-01,3.679659961686040370e-01,3.698660185085723695e-01,4.636444596963539277e-01,1.182728935851088681e-01,7.697742834671614416e-03,2.380217259738134639e-01,4.755574082210792253e-01,1.750093218571428522e-01,1.538814629050263005e-01,1.882631043644321656e-01,4.371771038010883736e-01,7.080772943165103417e-02,3.055337340269370650e-01,2.147848867816823659e-01,1.687077536251236631e-01,2.495163968736577031e-01,2.262130140405201051e-01,1.497924656332065389e-02,3.683211857316998628e-01,1.714537517787900478e-01,1.209273228186767829e-01,1.605709302990772636e-01,8.076191226480256002e-01,1.194061745776800465e-01,8.570431156645683113e-02,3.145441665394088648e-02,2.036705799429164854e-01,7.488198949694186979e-01,3.057041183449266120e-01,7.932754449095110738e-01,2.530912584578915991e-01,1.448525865218577846e-01,1.848921733147486923e-01,3.385386481941152770e-01,4.236892049871114341e-01,3.162706204859873083e-01,4.412052498963875413e-01,4.162291177059795899e-02,-4.161275653432591065e-02,2.410501021668549348e-01,3.948379156512886734e-01
5.007727772907875075e-01,3.778319042124319016e-01,4.833946056052484952e-01,3.429177970505299933e-01,1.646652560390934883e-02,2.969866873825683928e-01,1.663050630167944299e-01,3.218516304207934553e-01,-3.755533098538184344e-02,5.470342478290917548e-02,4.526758933526217055e-01,3.586619461365461725e-01,5.884981611897114467e-02,2.321985156231037850e-01,3.561680054530232814e-02,1.330010417192604988e-01,1.000000000000000000e+00,1.742618326937644124e-01,6.034155829765085466e-01,3.385679233761206275e-01,7.103045825161692986e-03,3.804659391398655388e-01,2.244724459202330491e-01,1.963229516521472207e-01,1.200074735283592070e-01,4.203555314060616332e-01,4.543914793171473510e-01,3.397379956644601129e-01,3.587286696590196722e-01,5.292905720847300710e-01,9.004530809050594053e-03,5.793821729020508238e-02,2.191446274866275523e-01,3.894022267737803911e-01,4.064611510423112306e-01,3.426875837587640694e-01,2.035005106613067827e-01,3.351625718519714026e-01,-2.546792394618420732e-02,2.398787126155878524e-01,1.109816757583433483e-01,1.676658956049074667e-01,-7.943042051214870003e-02,7.327498036417295912e-02,2.496502474090679935e-01,3.326961495698969595e-01,-6.808097045144330395e-02,1.803676939758139530e-01,3.144918683090806161e-02,1.750925183466315316e-01,5.442892045710602256e-01,1.624199107647957274e-01,4.881451955850771851e-01,3.946143201127744193e-01,2.705026777070278568e-02,3.027121226123280495e-01,2.356631398977641623e-01,2.029213748317698629e-01,1.802353991972208136e-01,3.044836012557905480e-01,3.621794913094673052e-01,3.429972209466729538e-01,3.100519996698251624e-01,4.743657248537357929e-01,-1.241276316077543837e-02,-7.637395253440136880e-03,1.469746789685780486e-01,3.580223120882248256e-01
1.911852112212947818e-01,-6.313262431151692167e-02,4.290257870404056706e-01,6.528255151408243750e-02,7.924906216076570142e-02,1.850266689935594622e-01,4.731483837744511756e-01,2.276140711329377730e-01,3.012162005399247056e-01,8.578433339563704130e-02,3.023157736872502666e-01,6.902145395630024383e-02,3.362573175952617843e-01,5.631470311790457428e-01,7.829281915082599019e-02,1.174746370365736259e-01,1.742618326937644124e-01,1.000000000000000000e+00,4.715667171091521004e-01,8.608539572506226922e-02,1.713928109442461600e-01,6.904657116458604027e-02,9.933753550763761708e-02,1.301185238680938883e-01,1.143726754501904336e-01,2.837899335952030477e-01,4.258424839037859289e-01,-5.447463694033981979e-02,1.089391783769092376e-01,1.961204931398364826e-01,1.983495014657298550e-01,1.596756652407239629e-01,3.830822888448406210e-02,8.777000760618873521e-02,-4.628940564556399684e-02,-3.185672349770067580e-02,1.864392477673380843e-01,7.660545240696335634e-02,5.265749062445995721e-02,1.728860748296637273e-01,2.996846113030576797e-01,1.467551225439642226e-01,1.319455113504825750e-01,1.318747456225548842e-01,1.400309415978998329e-01,9.883827055249612414e-02,2.701171264676051065e-01,2.774224692387597946e-01,3.577017056231977018e-03,1.279362629914971849e-01,-6.093541212716514777e-02,5.432662663155413130e-01,1.474454474649602997e-01,9.537623327153765818e-02,1.899356548255365928e-01,-7.754297307944588505e-03,1.175969685627197281e-01,7.419807614289516224e-04,1.671940296321727804e-01,8.496948065896139934e-02,2.286764486649885408e-01,-9.552526658802934501e-03,-4.655996581011731701e-03,-8.552818862002413425e-02,2.299536649271398947e-01,1.272149757521798541e-01,7.847163982091893975e-02,2.588826445430644774e-02
4.582960854568415288e-01,2.221388695331513452e-01,4.818016342638973826e-01,1.970186554463102813e-01,3.254522184549497182e-02,2.222683051035024560e-01,2.902601007716634762e-01,2.791582878224818098e-01,3.667328126635287927e-02,-9.869931474581003158e-03,4.689567883350500010e-01,1.999272577766501580e-01,1.628100541464762574e-01,5.050791476363191146e-01,1.522904029005037879e-02,3.202065927026484515e-02,6.034155829765085466e-01,4.715667171091521004e-01,1.000000000000000000e+00,2.313321964220189653e-01,-3.884674382117752223e-03,2.295935882280845386e-01,5.995963914571904307e-02,1.635981195029478641e-01,1.254859400086725252e-01,3.716064071697053883e-01,4.708010764676199833e-01,1.401734131135622119e-01,2.657838338047762705e-01,4.089124720607895114e-01,1.316071259747221556e-01,1.530329961630139957e-01,1.451459263193667082e-01,2.355401656745108041e-01,3.087610770069253441e-01,2.133606150914257593e-01,2.140117919631811805e-01,2.032979345697994433e-01,-3.635430845728634518e-03,2.103760963896110225e-01,1.839857702175176912e-01,1.653965483515908441e-01,-7.244776883725284611e-02,2.705651163181211835e-02,2.282105867680421230e-01,1.921341652990952442e-01,6.088644690597488224e-02,3.227900815374462606e-01,-1.193976565770400212e-02,5.925176169087927741e-02,3.199059181576399125e-01,3.976363834871894931e-01,4.745003139795905267e-01,2.367557001624789603e-01,1.246957231618323753e-02,1.684422330338788132e-01,8.898822581867354975e-02,1.277330466923289332e-01,1.874570417929396493e-01,1.935537518530588696e-01,3.317457944074099774e-01,1.621906964148562558e-01,1.925225488662577478e-01,2.320276323051122247e-01,6.356778691123410319e-02,1.011486262045017959e-01,1.298217890086978132e-01,1.595797072052421717e-01
3.893541265875017365e-01,2.737618731963212260e-01,4.778176204641991220e-01,8.091645456896393585e-01,-6.140417015030820783e-03,4.059294540505466453e-01,4.933114284696242247e-01,2.091007408820329816e-01,3.299959920077422670e-01,6.103639233309809953e-01,2.992636922906876662e-01,8.237625427682275792e-01,2.142085817257629032e-01,1.917845886123959454e-01,1.357476832018874105e-02,2.066778726749613215e-01,3.385679233761206275e-01,8.608539572506226922e-02,2.313321964220189653e-01,1.000000000000000000e+00,1.571390000417311195e-01,4.976527088905187690e-01,3.049376549636876876e-01,5.373642452021418769e-01,3.426843100420700616e-01,6.360787131882827961e-01,4.849331619687176631e-01,6.806423137779459287e-01,3.009583190248277806e-01,5.291310885788835794e-01,6.756066228750864933e-02,1.612783078868209111e-02,2.052663621301593633e-01,2.155062456076996535e-01,3.742601355082859071e-01,3.887668940678677965e-01,4.857126520041329387e-01,7.821697856927024572e-01,1.056229996754598239e-03,3.741194000653352836e-01,4.698588948753718575e-01,2.450903714063555339e-01,3.536861266819521510e-01,5.895725184363058702e-01,1.778212658921177469e-01,8.092596156912992278e-01,1.631432538314794289e-01,1.676795413510509258e-01,2.535630774532682263e-02,2.512093644344386423e-01,3.728172777802433724e-01,1.102900777403740401e-01,3.249606872778771360e-01,9.115015656638442154e-01,7.894488233643356945e-02,5.365954574919054032e-01,3.098877435308873829e-01,4.955926348160389905e-01,3.880189571964458017e-01,5.781544657448984825e-01,5.280393508429235272e-01,6.633612696231387940e-01,2.844744763816229871e-01,4.986328291902716869e-01,-1.361372668073747572e-01,-1.440287922366144668e-01,1.449864596331299771e-01,1.927437588020270709e-01
1.137088966071293089e-01,-1.580532435584082462e-02,1.864487532641203316e-01,4.518537695457391368e-01,1.535848314886812012e-02,2.726339522531477932e-01,2.738811681388013120e-01,1.067324724267876418e-01,3.086289673735827521e-01,2.844090937088322724e-01,-1.781937439711313645e-02,3.104104142916466746e-01,2.138752610188479897e-01,2.107870364232134475e-01,5.711600062004319744e-02,7.568399595502833810e-01,7.103045825161692986e-03,1.713928109442461600e-01,-3.884674382117752223e-03,1.571390000417311195e-01,1.000000000000000000e+00,2.396788700160649710e-01,8.295872171482766566e-01,2.973259715756844113e-01,1.545638769721113526e-01,1.806476788782194198e-01,3.693217908741063260e-01,3.486028030411042478e-01,3.090681980316549726e-01,4.001307095991782914e-01,9.237875540760231985e-02,5.715477142221896123e-02,1.846197769370002406e-01,4.308444477504832504e-01,1.140757013335112757e-01,7.638252622326623109e-02,1.572042887766448016e-01,4.726638469711083590e-01,9.227937227087894267e-02,2.955400163542452607e-01,2.183787113921603074e-01,1.265452619568171733e-01,2.913623783760432295e-01,2.782176189624782636e-01,-5.545231832775247838e-02,3.587132244457250096e-01,2.150948872239065723e-01,1.304730330346824674e-01,1.284840627527281121e-01,7.478782070610825450e-01,-3.539327949723476002e-02,1.226786420301444885e-01,-9.587448120741569324e-02,1.401628801073535602e-01,9.519064310292371101e-01,2.207951824254061612e-01,8.319241736050823066e-01,1.901807408353317908e-01,9.249028227125803692e-02,9.643002566769004469e-02,2.782916480077751165e-01,4.078501949260576187e-01,2.492350437414771469e-01,3.726403213720017038e-01,1.429949628492831583e-03,-2.958867713081692052e-02,1.917416844057676373e-01,3.461432471008097922e-01
3.859428701211931600e-01,3.856077091423706915e-01,3.609499477984368654e-01,4.962110301500154419e-01,2.864213898620670759e-02,4.021488203943489048e-01,3.811065738655794455e-01,2.667598543565469216e-01,3.159312643056338965e-01,3.461253987601716764e-01,3.662379346617133380e-01,5.262299218794252997e-01,2.271484905369313967e-01,1.977903717022862773e-01,1.290990989258324617e-01,3.583865769085537445e-01,3.804659391398655388e-01,6.904657116458604027e-02,2.295935882280845386e-01,4.976527088905187690e-01,2.396788700160649710e-01,1.000000000000000000e+00,3.982516080035867767e-01,5.278402790997831495e-01,3.753558169008934797e-01,5.489134722828510338e-01,5.168063645769372938e-01,5.431863085938911651e-01,4.220707328930944358e-01,6.027482321367931828e-01,4.271699896557518833e-02,-1.574078402109522351e-03,3.151142690803311330e-01,4.364370344670780999e-01,4.123811891592206180e-01,4.324668382866487804e-01,3.901412534722381031e-01,5.229180618467639263e-01,1.667977913595238351e-02,3.185532417641400160e-01,3.501147528201141168e-01,2.531354761830014732e-01,3.142619789797886920e-01,3.446518622101575335e-01,2.656752179921594292e-01,5.364072151633991759e-01,1.984256104996995063e-01,2.282935312659087890e-01,1.570443704890731873e-01,3.730289084933860466e-01,4.199540972038817710e-01,1.063313545536050814e-01,3.580333346385800031e-01,5.230216276375386775e-01,1.892988471950278750e-01,5.993211442825536750e-01,3.740630331617725846e-01,5.144207558855007356e-01,4.092857457031771617e-01,4.863619726536136390e-01,5.312095448158494770e-01,5.367398761576379629e-01,4.445492529933843251e-01,5.642924925201066033e-01,-9.981343193727323926e-02,-7.747765293855152224e-02,2.360647838184511405e-01,3.842344112554662017e-01
1.865154936960460863e-01,1.231797275429624694e-01,3.181087637648549737e-01,5.361388551339906217e-01,7.819748315867115079e-03,3.748098736934208364e-01,2.985178715189324983e-01,2.081661879047537467e-01,3.028782091167891988e-01,3.053772973643199551e-01,9.123960645296901040e-02,4.337024010568756860e-01,1.903177508234266124e-01,1.548490615525011105e-01,7.140828820476959049e-02,8.099066361054506613e-01,2.244724459202330491e-01,9.933753550763761708e-02,5.995963914571904307e-02,3.049376549636876876e-01,8.295872171482766566e-01,3.982516080035867767e-01,1.000000000000000000e+00,3.764131967640632626e-01,2.059144230522320651e-01,3.350725591632656708e-01,5.019882842844419768e-01,4.883880977242596177e-01,3.606935991829516852e-01,5.710084602398485254e-01,8.318364510305385762e-02,2.351037201779389643e-02,2.282621817370646955e-01,5.058908562186051894e-01,1.972184161672390079e-01,2.076947954270998709e-01,2.387273413957656520e-01,5.593945543938374509e-01,7.316902337783127985e-02,3.672890963502068451e-01,2.323042897752965741e-01,1.779359239919763580e-01,2.888461321046389974e-01,3.040306708139684511e-01,2.211133867247681156e-02,4.731894030085251890e-01,1.617880302520083857e-01,9.169744787959997756e-02,1.557815413969869112e-01,7.998363737771535531e-01,1.984128108259781142e-01,6.671171671785097734e-02,6.064038396518540985e-02,3.081910686663473231e-01,8.055901913440485229e-01,3.456224945418154837e-01,9.088592214749816600e-01,2.902860450466054343e-01,1.450876315142071993e-01,2.660201246528404728e-01,4.048630113822321297e-01,5.293626421382935376e-01,2.978170021477554164e-01,5.251467442147949027e-01,-1.762753976880755344e-02,-7.623763503590254287e-02,2.054886788566106515e-01,4.204758716376645888e-01
