0.000000000000000000e+00 1.070223022252320966e-01 0.000000000000000000e+00 1.790830865502357483e-02 1.758684031665325165e-02 6.827302435413004078e-01 3.250666261650621891e+00 5.401082960888743401e-01 1.112719091121107517e+01 2.455140650272369385e-01 2.359335096552967748e-01 1.437511006370186806e-01 0.000000000000000000e+00 1.328040538355708122e-01 3.705730793066322803e+00 1.950671337544918060e-02 1.839441284537315369e-01 3.815648052841424942e-01 2.294699661433696400e-02 1.350460164248943329e-01 8.574978634715080261e-02 4.401864223182201385e-01 8.563976548612120543e-02 1.035996302962303162e+00 1.214696493931114896e+00 1.680501736700535168e-02 7.332928478717801735e-01 2.022386591881513596e+00 6.560931261628866196e-01 2.748104306869208813e+00 5.215784870088099323e-01 3.674091398715972900e-02 9.523171372711659866e-02 1.291427593678236008e-01 9.060376035049557686e-01 3.717905282974243164e-02 0.000000000000000000e+00 0.000000000000000000e+00 6.323436368256807327e-02 0.000000000000000000e+00 0.000000000000000000e+00 0.000000000000000000e+00 1.035617943853139877e-01 7.176307588815690475e-02 0.000000000000000000e+00 1.226715259253978590e-01 3.428761083632707596e-01 0.000000000000000000e+00 2.284388123080134114e-01 1.799761056900024414e-01 0.000000000000000000e+00 4.752993304282426834e-01 0.000000000000000000e+00 1.345630176365375519e-02 1.149003325030207634e+00 0.000000000000000000e+00 1.970916585996747017e-01 0.000000000000000000e+00 3.459004964679479599e-01 6.755785644054415617e-02 0.000000000000000000e+00 1.874200040474534035e-01 2.706274383701384068e+00 2.369485795497894287e-01 0.000000000000000000e+00 0.000000000000000000e+00 7.399857044219969315e-02 0.000000000000000000e+00 0.000000000000000000e+00 1.862584054470062603e-02
1.070223022252320966e-01 4.780450938269495964e+00 0.000000000000000000e+00 2.010169997811317444e-02 0.000000000000000000e+00 1.337485387921333486e-02 5.668126919306814671e+00 1.468789029028266846e+01 5.542998506128787994e+01 4.263310943730175495e+00 1.950629102066159526e-01 0.000000000000000000e+00 0.000000000000000000e+00 0.000000000000000000e+00 3.293740904890000820e+01 6.556950137019157410e-02 4.765671044588088989e-01 7.280038697645070389e-01 0.000000000000000000e+00 0.000000000000000000e+00 1.271402742713689978e-02 2.926360411569476572e+00 9.857885632663966613e-02 2.613241635262966156e+00 1.830995797179638895e+00 0.000000000000000000e+00 0.000000000000000000e+00 1.006349343806505203e-01 7.867144644260406494e+00 2.570479168463498354e+01 3.289442764222621918e+01 0.000000000000000000e+00 1.506516076624393463e-01 6.179589582607150078e-01 4.406435609795153141e+00 0.000000000000000000e+00 0.000000000000000000e+00 0.000000000000000000e+00 0.000000000000000000e+00 0.000000000000000000e+00 0.000000000000000000e+00 1.941508986055850983e-02 2.397185526788234433e-01 1.127740759402513504e-01 2.262364700436592102e-02 7.061480917036534743e-02 0.000000000000000000e+00 0.000000000000000000e+00 0.000000000000000000e+00 1.493216957896948034e-02 0.000000000000000000e+00 5.765910148620607689e-01 0.000000000000000000e+00 0.000000000000000000e+00 0.000000000000000000e+00 0.000000000000000000e+00 7.749568764120337572e-02 0.000000000000000000e+00 2.549680136144160877e-02 6.187762450426818051e-01 0.000000000000000000e+00 1.944865286350249897e-02 3.487734403461217880e-02 5.761971939355134964e-01 0.000000000000000000e+00 7.207662425935268402e-02 0.000000000000000000e+00 0.000000000000000000e+00 0.000000000000000000e+00 0.000000000000000000e+00
0.000000000000000000e+00 0.000000000000000000e+00 3.692912124097347260e-01 1.285863356664776802e+00 0.000000000000000000e+00 0.000000000000000000e+00 0.000000000000000000e+00 3.133743070065975189e-02 2.486476674675941467e-02 5.278140953741970343e+00 2.328705601394176483e-02 8.186934713274238717e+00 0.000000000000000000e+00 9.348840386606752872e+00 4.470757395029067993e-02 4.149727709591388702e-01 4.688226664438843727e-01 5.475311002694070339e+00 3.714123545214534250e+00 2.657176993787288666e+00 0.000000000000000000e+00 5.133974915370345116e-01 8.827364836819469929e+00 1.523253906518221124e+00 1.197867611795663656e+01 1.075009603984653728e+00 1.442364264093339443e+01 1.122520271390676641e+02 1.690021792426705138e+00 1.396261714398860931e-02 1.037720674648880959e-01 4.341332458890974522e+00 0.000000000000000000e+00 0.000000000000000000e+00 7.265557162463667784e-02 2.480169199407100331e-02 0.000000000000000000e+00 8.799798227846621079e-02 2.319413712248206139e-01 0.000000000000000000e+00 0.000000000000000000e+00 0.000000000000000000e+00 0.000000000000000000e+00 0.000000000000000000e+00 7.210608012974259462e-02 0.000000000000000000e+00 1.612167903222143650e+00 0.000000000000000000e+00 6.811284422874452904e-01 0.000000000000000000e+00 1.759430952370167126e-02 8.297928608953951402e-02 3.262190558016300201e-01 4.630665667355060577e-02 7.545134155079722404e-01 0.000000000000000000e+00 1.565409637987613331e-02 5.392572097480297089e-02 1.342908360995352046e+00 1.444286219775676450e-01 1.053912714123726030e-01 2.126764658838510513e+00 1.013817243929952383e+01 0.000000000000000000e+00 0.000000000000000000e+00 0.000000000000000000e+00 0.000000000000000000e+00 0.000000000000000000e+00 0.000000000000000000e+00 0.000000000000000000e+00
1.790830865502357483e-02 2.010169997811317444e-02 1.285863356664776802e+00 5.041216440685092692e+01 0.000000000000000000e+00 3.807463496923446655e-02 3.352085007354617119e-01 6.175200101919470441e+00 3.644666858017444611e-01 4.423314332962036133e-01 7.209897236898540340e-01 1.432449443265795486e+00 0.000000000000000000e+00 4.339739400893449783e-02 2.886562943458557129e-01 0.000000000000000000e+00 5.876065138727425141e-02 7.824512722343206406e+01 2.341227448545395884e+00 1.069624888151884257e+01 0.000000000000000000e+00 3.313213106989860535e+01 2.724494675174355507e+00 1.303318464010953903e+02 9.545358829200269180e-02 6.370695494115352631e-02 7.065669019892811775e+01 9.361491544358430872e+01 1.025640276540070772e+01 1.126984771341085434e+00 2.670535316690802574e+00 2.117667142301797867e-01 4.210098460316658020e-02 1.138172000646591048e-01 2.601136751472949982e+00 0.000000000000000000e+00 0.000000000000000000e+00 1.024078779853880405e+00 1.162876802962273359e+01 0.000000000000000000e+00 0.000000000000000000e+00 0.000000000000000000e+00 2.368811033666133881e-01 2.640009857714175831e-02 4.947936376556754112e-01 2.896606270223855972e-02 3.302916977554559708e-02 0.000000000000000000e+00 1.468116603791713541e-02 1.439104229211807424e-02 2.230397611856460571e-02 1.637131311930716038e+00 2.707743251696228981e+00 1.979669556021690369e-02 1.098151225596666197e-01 0.000000000000000000e+00 2.849439104087650776e+00 4.091776306740939617e+00 1.554853363521397114e+01 1.907038866542279720e+00 0.000000000000000000e+00 3.566653428599238396e+00 4.635732096992433071e+01 6.279320409521460533e-01 1.662428118288516998e-02 3.142122691497206688e-01 0.000000000000000000e+00 0.000000000000000000e+00 1.533673796802758997e-02 7.188645377755165100e-02
1.758684031665325165e-02 0.000000000000000000e+00 0.000000000000000000e+00 0.000000000000000000e+00 1.391217951793223619e+02 0.000000000000000000e+00 2.756983599532395601e+01 1.581091557350010035e+01 3.824021872133016586e+00 8.422437623143196106e+00 1.831606679121032357e+02 0.000000000000000000e+00 1.662259510429576039e+02 0.000000000000000000e+00 1.369558563455939293e-01 2.113223597407341003e-01 3.711450472474098206e-02 0.000000000000000000e+00 0.000000000000000000e+00 0.000000000000000000e+00 5.795144335646182299e+01 0.000000000000000000e+00 9.226800501346589523e-02 0.000000000000000000e+00 2.485143405944108252e+01 0.000000000000000000e+00 0.000000000000000000e+00 0.000000000000000000e+00 1.593399511482566595e+02 4.195943297818303108e-01 2.627040147781372070e-01 0.000000000000000000e+00 0.000000000000000000e+00 0.000000000000000000e+00 0.000000000000000000e+00 1.839089393615722656e-02 0.000000000000000000e+00 0.000000000000000000e+00 0.000000000000000000e+00 3.868077658116817474e-01 0.000000000000000000e+00 8.630441632121799156e-01 5.403148373588919640e-01 1.814277134835720062e-01 2.623150348663330078e-01 2.262567748315632343e+00 0.000000000000000000e+00 1.623715292662382126e+00 0.000000000000000000e+00 1.216936297714710062e-02 2.713647345080971718e-01 0.000000000000000000e+00 0.000000000000000000e+00 0.000000000000000000e+00 0.000000000000000000e+00 1.761680245399475098e-01 0.000000000000000000e+00 0.000000000000000000e+00 2.297009341418743134e-02 2.466377555392682552e+00 0.000000000000000000e+00 0.000000000000000000e+00 5.711227059364319958e-01 5.051099888049066067e+00 0.000000000000000000e+00 0.000000000000000000e+00 0.000000000000000000e+00 0.000000000000000000e+00 0.000000000000000000e+00 0.000000000000000000e+00
6.827302435413004078e-01 1.337485387921333486e-02 0.000000000000000000e+00 3.807463496923446655e-02 0.000000000000000000e+00 1.960522308945656170e-02 5.401742802932858467e-01 2.107060700654983521e-01 4.269602045416831970e+00 0.000000000000000000e+00 8.140251226723195510e-02 0.000000000000000000e+00 0.000000000000000000e+00 2.318450519815087318e-01 3.099000906571745872e+00 3.082219390198588371e-01 0.000000000000000000e+00 0.000000000000000000e+00 0.000000000000000000e+00 0.000000000000000000e+00 3.285690024495124817e-02 2.722869012504816055e-01 0.000000000000000000e+00 2.041164981201291084e-01 2.892523072659969330e-01 0.000000000000000000e+00 0.000000000000000000e+00 1.659365370869636536e-02 2.775787319988012314e-01 1.658500581141561625e+01 8.738540057092905045e-01 0.000000000000000000e+00 3.218706018291413784e+00 5.826349640265106045e-01 8.808305867947638035e+00 0.000000000000000000e+00 0.000000000000000000e+00 0.000000000000000000e+00 0.000000000000000000e+00 0.000000000000000000e+00 0.000000000000000000e+00 0.000000000000000000e+00 0.000000000000000000e+00 0.000000000000000000e+00 0.000000000000000000e+00 0.000000000000000000e+00 0.000000000000000000e+00 0.000000000000000000e+00 0.000000000000000000e+00 0.000000000000000000e+00 0.000000000000000000e+00 0.000000000000000000e+00 0.000000000000000000e+00 0.000000000000000000e+00 0.000000000000000000e+00 0.000000000000000000e+00 0.000000000000000000e+00 0.000000000000000000e+00 0.000000000000000000e+00 0.000000000000000000e+00 0.000000000000000000e+00 0.000000000000000000e+00 0.000000000000000000e+00 0.000000000000000000e+00 0.000000000000000000e+00 0.000000000000000000e+00 0.000000000000000000e+00 0.000000000000000000e+00 0.000000000000000000e+00 0.000000000000000000e+00
3.250666261650621891e+00 5.668126919306814671e+00 0.000000000000000000e+00 3.352085007354617119e-01 2.756983599532395601e+01 5.401742802932858467e-01 5.372605404071509838e+01 1.148963656062259986e+02 3.197326824255287647e+01 1.368341961130500017e+01 3.358154102461412549e+02 0.000000000000000000e+00 8.224183906801043520e+01 4.792928490787744522e-01 3.718268580548465252e+01 4.627146932296454906e+00 1.313719923608005047e+00 2.893290594220161438e-01 0.000000000000000000e+00 4.198197275400161743e-02 1.544896855205297470e+01 4.772363908588886261e+00 5.231502894312143326e-01 2.860882165841758251e+00 2.335732719767838717e+01 0.000000000000000000e+00 0.000000000000000000e+00 6.325396467000246048e-01 7.264460118860006332e+01 3.181807227246463299e+01 1.058928536809980514e+01 0.000000000000000000e+00 3.630473784171045271e+00 1.789970811456441879e+00 3.158009054418652894e+01 0.000000000000000000e+00 1.109346710145473480e-01 0.000000000000000000e+00 8.667997084558010101e-02 1.113070027902722359e+00 0.000000000000000000e+00 1.600634838454425335e+00 3.997518789954483509e+00 8.618700308725237846e-01 8.965478464961054161e-01 3.636095529422163963e+00 0.000000000000000000e+00 7.100813221186399460e-01 0.000000000000000000e+00 2.891707411035895348e-01 2.150788549333810806e-01 4.229388432577252388e-01 0.000000000000000000e+00 0.000000000000000000e+00 0.000000000000000000e+00 0.000000000000000000e+00 3.880726248025894165e-01 2.185258455574512482e-02 2.453183038160204887e-01 1.082427603006362737e+01 0.000000000000000000e+00 1.547159440815448934e-02 1.354574058204889297e-01 8.734046082012357104e+00 3.036458510905503880e-02 5.492156026884913445e-01 0.000000000000000000e+00 0.000000000000000000e+00 0.000000000000000000e+00 3.531660139560699463e-02
5.401082960888743401e-01 1.468789029028266846e+01 3.133743070065975189e-02 6.175200101919470441e+00 1.581091557350010035e+01 2.107060700654983521e-01 1.148963656062259986e+02 4.086118937488645884e+02 1.080578584130853272e+02 5.506021009478718042e+01 2.670262709567323327e+02 4.203485418111085892e-02 1.002244682237506090e+01 2.821825258433819164e-02 5.455942937918007374e+01 2.301734059117734432e+00 2.119515509344636950e+00 1.434221507515758276e+01 4.231539741158485413e-02 2.335831687785685062e+00 5.686795366927981377e-01 2.668371994607150555e+01 6.936362907290459789e-01 2.090875168330967426e+01 5.487330191489309072e+01 1.947827637195586881e-01 2.778482023626565933e+00 5.128321444615723479e+00 1.535302942246198654e+02 1.520256847981363357e+01 1.110242090439423777e+02 1.248526759445667440e-02 6.901093777269124985e-01 2.875184193253517151e-01 1.893921206053346395e+01 1.863688500598073006e-01 3.850980103015899658e-02 5.298466421663761139e-02 4.930077008903026581e-01 2.370973896235227585e+00 0.000000000000000000e+00 3.458769013173878193e+00 1.177039245422929525e+01 5.769513112492859364e+00 3.310999174602329731e+00 1.381649778597056688e+01 0.000000000000000000e+00 3.667368178255856037e+00 0.000000000000000000e+00 1.607542339712381141e+00 1.808742142282426579e+00 1.055409582331776619e+00 2.473603934049606670e-02 0.000000000000000000e+00 1.580029167234897614e-01 2.927691489458084106e-02 1.321790048852562904e+00 3.828761307522654533e-01 2.097337715327739716e+00 1.648390310909599066e+01 0.000000000000000000e+00 0.000000000000000000e+00 6.393376768566666257e+00 2.617081577889621258e+01 7.650261837989089098e-02 1.756979701109230518e+00 5.542182326316834606e-01 0.000000000000000000e+00 3.288751840591430664e-02 0.000000000000000000e+00
1.112719091121107517e+01 5.542998506128787994e+01 2.486476674675941467e-02 3.644666858017444611e-01 3.824021872133016586e+00 4.269602045416831970e+00 3.197326824255287647e+01 1.080578584130853272e+02 8.222601476684212685e+01 1.358012781944125891e+01 6.365027554519474506e+01 4.680416155606508255e-01 9.793017374351618898e+00 1.720578387379646523e+00 1.867241150112822652e+02 2.688632191158831120e+00 2.646130596287548542e+00 2.483989903703331947e-01 0.000000000000000000e+00 5.324327014386655288e-02 1.734686630778014438e+00 1.214745660312473774e+01 1.220201485790312290e+00 1.399878848064690651e+01 2.123495280742644908e+01 0.000000000000000000e+00 6.452254010364412151e-01 3.067034864798188210e+00 6.464099804684519768e+01 1.297114111781120016e+02 5.864173091668635607e+01 0.000000000000000000e+00 1.029497275967150749e+01 9.223202118650078773e+00 6.851170750800520182e+01 3.360805865377187729e-01 2.581012807786464344e-02 0.000000000000000000e+00 1.936443886719643848e+00 2.433163821697235385e-01 0.000000000000000000e+00 2.585891354829072952e+00 3.146545742638409138e+00 1.008247373625635879e+00 1.915731746703386584e-01 2.469431555829941782e+00 0.000000000000000000e+00 3.760093078017234802e-02 2.274364605545997620e-02 4.729294097051024437e-01 7.061703875660894913e-02 8.204715726897119366e-01 0.000000000000000000e+00 0.000000000000000000e+00 0.000000000000000000e+00 1.794580556452274669e-02 4.631486609578132629e-01 1.720494031906127930e-02 6.065324973314999424e-01 6.199757047928869724e+00 0.000000000000000000e+00 0.000000000000000000e+00 2.451856257393956184e-01 7.049078694544731682e+00 2.522328533232212067e-01 8.630763934925200775e-01 0.000000000000000000e+00 0.000000000000000000e+00 0.000000000000000000e+00 2.757069282233715057e-02
2.455140650272369385e-01 4.263310943730175495e+00 5.278140953741970343e+00 4.423314332962036133e-01 8.422437623143196106e+00 0.000000000000000000e+00 1.368341961130500017e+01 5.506021009478718042e+01 1.358012781944125891e+01 8.388477498665452003e+00 3.568986234348267317e+01 8.406723756343125187e-01 2.817965285852551460e+00 3.113200878724455833e-01 5.877822776325047016e+00 1.619338933378457801e+00 5.328887822106480598e+00 1.217448202893137932e+00 3.061222499236464500e-01 1.853310074657202045e-01 1.276746595278382523e+00 9.601220470853149891e+00 6.685451043769717216e+00 2.733241017907857895e+00 9.191402005217969418e+01 1.486039998009800911e+00 1.605379760265350342e+00 1.812776324898004532e+01 1.236652398770674921e+02 1.278089087456464990e+00 1.385112187638879000e+01 2.071544509381056109e-01 0.000000000000000000e+00 0.000000000000000000e+00 4.378102067857980728e-02 0.000000000000000000e+00 0.000000000000000000e+00 1.259951833635568619e-01 3.725485876202583313e-02 8.084112480282784619e-01 0.000000000000000000e+00 1.351559268310665862e+00 4.694561854004859036e+00 5.951340058818459511e-01 7.066824138164520264e-01 2.666891336441040039e+00 5.838777879253029823e-01 1.626632211729884148e+00 7.026175223290920258e-02 3.108697244897484779e-01 7.597250631079079941e-01 1.118346926756202953e+00 4.390703700482845306e-02 0.000000000000000000e+00 0.000000000000000000e+00 1.618636213243007660e-02 3.854758789762854576e+00 2.412580456584692001e-01 6.926536802202463150e-01 1.058742061164230108e+01 0.000000000000000000e+00 0.000000000000000000e+00 1.093521757982671039e+00 8.737319635227324355e+00 1.423501325771212578e-01 4.279413591139018536e+00 0.000000000000000000e+00 0.000000000000000000e+00 0.000000000000000000e+00 1.304153539240360433e-02
2.359335096552967748e-01 1.950629102066159526e-01 2.328705601394176483e-02 7.209897236898540340e-01 1.831606679121032357e+02 8.140251226723195510e-02 3.358154102461412549e+02 2.670262709567323327e+02 6.365027554519474506e+01 3.568986234348267317e+01 7.139723251629620790e+02 0.000000000000000000e+00 4.310258066933602663e+02 0.000000000000000000e+00 4.949535291641950607e+00 3.513785447925329208e+00 3.253874005749821663e-01 1.557259302586317062e+00 0.000000000000000000e+00 0.000000000000000000e+00 6.679543783795088530e+01 2.116231505759060383e+00 1.414222959429025650e-01 1.497207501903176530e+00 6.003243969939649105e+01 0.000000000000000000e+00 1.639375025406480113e-01 2.207558024674654007e-01 3.306388364071026444e+02 1.019776256754994614e+00 4.877266797237098217e+00 0.000000000000000000e+00 4.557632375508546829e-02 1.626173444092273435e-01 1.272799383848905563e+00 9.294571354985234346e-02 0.000000000000000000e+00 0.000000000000000000e+00 9.739723801612855392e-02 7.834152001887562111e-01 0.000000000000000000e+00 4.651142084039747715e+00 7.900074657984077930e+00 1.982463948428631051e+00 4.517787303775548935e+00 1.289824811834841967e+01 0.000000000000000000e+00 2.692297251895070076e+00 0.000000000000000000e+00 1.333700988441705926e+00 6.790082966908811413e-01 3.748921118676662445e-01 6.983272731304170089e-02 0.000000000000000000e+00 0.000000000000000000e+00 1.370087061077356616e-01 5.326176015660166740e-01 5.173080228269100189e-02 1.363706272095441818e-01 1.583543522469699028e+01 0.000000000000000000e+00 5.978185534477234997e-01 5.280247144401074844e-02 2.350633973628282547e+01 1.115579493343829970e-01 9.350768327713014916e-01 0.000000000000000000e+00 0.000000000000000000e+00 0.000000000000000000e+00 5.786697864532469593e-01
1.437511006370186806e-01 0.000000000000000000e+00 8.186934713274238717e+00 1.432449443265795486e+00 0.000000000000000000e+00 0.000000000000000000e+00 0.000000000000000000e+00 4.203485418111085892e-02 4.680416155606508255e-01 8.406723756343125187e-01 0.000000000000000000e+00 1.993308692704885914e+02 0.000000000000000000e+00 2.825753944739698653e+01 3.472311384975910187e-01 0.000000000000000000e+00 4.673087783157825470e-02 2.403850070200860500e+00 2.860744069423526525e+01 1.010829964838922201e+01 0.000000000000000000e+00 3.708408139646053314e-01 1.145102445036172867e+00 9.344948688521983460e-01 7.804225916042922817e-01 1.106608872115612030e+01 7.054834611061960459e+01 5.511955878883600235e+01 1.423602028749883175e+00 1.457493305206299106e-01 6.079323459416626774e-01 1.199621965270489454e+01 1.806597784161567341e-02 1.742007210850715637e-02 1.612447575666010380e+00 1.499600624665617943e-01 0.000000000000000000e+00 2.185837984085083008e+00 3.227167949080467224e-02 0.000000000000000000e+00 0.000000000000000000e+00 0.000000000000000000e+00 0.000000000000000000e+00 0.000000000000000000e+00 8.357745492830874756e-01 0.000000000000000000e+00 6.676638182066380978e+01 0.000000000000000000e+00 5.127614526823163033e+01 0.000000000000000000e+00 0.000000000000000000e+00 4.774149786680936813e-02 2.282484918832778931e-01 9.912612946704030037e+00 1.757894751615821871e+00 0.000000000000000000e+00 5.795103944838047028e-01 3.706884579733014107e-01 2.889086604118347168e-01 1.509679303504526393e+00 2.611246332526206970e+00 1.861708727665245533e+01 1.545253700204193592e+01 1.270352397114038467e-02 1.438667532056570053e-02 7.106272876262664795e-02 1.369315188191831290e+01 0.000000000000000000e+00 0.000000000000000000e+00 5.536106787621974945e-02
0.000000000000000000e+00 0.000000000000000000e+00 0.000000000000000000e+00 0.000000000000000000e+00 1.662259510429576039e+02 0.000000000000000000e+00 8.224183906801043520e+01 1.002244682237506090e+01 9.793017374351618898e+00 2.817965285852551460e+00 4.310258066933602663e+02 0.000000000000000000e+00 3.190349475853145123e+02 1.079634055495262007e-01 3.474073419347405434e-01 3.017847717739641666e+00 2.656308561563492168e-02 0.000000000000000000e+00 0.000000000000000000e+00 0.000000000000000000e+00 6.156470031943172216e+01 1.976569294929504395e-01 1.400740861892699973e+00 1.587096937000751495e-01 3.668132721446454525e+00 0.000000000000000000e+00 0.000000000000000000e+00 3.397240862250328064e-02 1.048113841051235795e+02 6.139424815773965316e-02 1.096770968288183490e-01 0.000000000000000000e+00 0.000000000000000000e+00 0.000000000000000000e+00 3.439415991306304932e-02 0.000000000000000000e+00 0.000000000000000000e+00 0.000000000000000000e+00 0.000000000000000000e+00 6.548731243237850830e-01 0.000000000000000000e+00 2.624403778463602066e-01 7.023771312087774277e-01 1.642070338129997531e-01 4.375872723758220673e-01 9.954591821879147373e-01 0.000000000000000000e+00 2.285936601459980011e+00 0.000000000000000000e+00 2.371350862085818897e-02 3.866446409374475479e-01 0.000000000000000000e+00 0.000000000000000000e+00 0.000000000000000000e+00 0.000000000000000000e+00 4.381174780428409576e-02 1.647898741066455841e-02 0.000000000000000000e+00 2.897812239825725555e-02 1.517146575264632702e+00 0.000000000000000000e+00 0.000000000000000000e+00 0.000000000000000000e+00 4.284216321073472500e+00 2.260178886353969574e-02 6.277370825409890609e-02 0.000000000000000000e+00 0.000000000000000000e+00 0.000000000000000000e+00 0.000000000000000000e+00
1.328040538355708122e-01 0.000000000000000000e+00 9.348840386606752872e+00 4.339739400893449783e-02 0.000000000000000000e+00 2.318450519815087318e-01 4.792928490787744522e-01 2.821825258433819164e-02 1.720578387379646523e+00 3.113200878724455833e-01 0.000000000000000000e+00 2.825753944739698653e+01 1.079634055495262007e-01 3.088652187399566529e+01 7.383117023855447769e-01 0.000000000000000000e+00 4.776316285133361816e-01 6.538720661774278797e-01 5.537995225749909878e+00 4.157109117135405540e+00 0.000000000000000000e+00 1.199642382562160353e-01 1.680323392152786477e+00 2.632448868826031685e-01 1.068854213692247868e+00 1.206278209853917360e+01 2.123414807859808207e+01 7.191354802716523409e+01 1.394116319715976715e-01 3.981101671233773232e-01 2.207314968109130859e-02 1.360067308414727272e+01 1.843454502522945404e-02 6.223061680793760125e-02 1.414671786129474640e+00 6.428502025082707405e-01 0.000000000000000000e+00 1.163694404065608756e+00 0.000000000000000000e+00 0.000000000000000000e+00 0.000000000000000000e+00 0.000000000000000000e+00 0.000000000000000000e+00 1.284710913896560391e-01 1.966434074565767964e-01 0.000000000000000000e+00 7.986099917907267809e+01 0.000000000000000000e+00 3.259585322905331850e+01 0.000000000000000000e+00 0.000000000000000000e+00 2.126924507319926869e-02 1.540741566568613052e-01 3.170298596844077554e+00 6.858191136270761490e-01 0.000000000000000000e+00 0.000000000000000000e+00 3.255764888599514961e-01 0.000000000000000000e+00 2.044740319252013883e-01 1.621891688555479050e+00 1.866583606507629511e+01 7.974080875515937805e+00 5.106853321194650130e-02 2.433350495994091034e-02 5.278424546122550270e-02 8.222136647440493107e+00 0.000000000000000000e+00 0.000000000000000000e+00 1.328363306820392609e-01
3.705730793066322803e+00 3.293740904890000820e+01 4.470757395029067993e-02 2.886562943458557129e-01 1.369558563455939293e-01 3.099000906571745872e+00 3.718268580548465252e+01 5.455942937918007374e+01 1.867241150112822652e+02 5.877822776325047016e+00 4.949535291641950607e+00 3.472311384975910187e-01 3.474073419347405434e-01 7.383117023855447769e-01 2.528690538872033073e+02 1.661951560527086258e-01 1.473505477420985699e+00 7.992351353168485328e-01 0.000000000000000000e+00 0.000000000000000000e+00 7.256423309445379777e-02 1.194541605748236357e+01 4.926977083086967468e-01 5.731008815579116344e+00 1.234535886906087576e+01 2.303538098931312561e-02 1.151035355404019578e+00 6.933799572288990021e-01 3.190311473980545998e+01 1.803650217428803444e+02 5.845023202989250422e+01 0.000000000000000000e+00 4.746051199734210968e+00 7.908450456336140633e+00 4.836973110027611256e+01 9.503602609038351579e-02 0.000000000000000000e+00 0.000000000000000000e+00 0.000000000000000000e+00 0.000000000000000000e+00 0.000000000000000000e+00 8.369579715654253960e-01 1.511673927307128906e+00 1.223308393731713295e+00 2.466948134824633598e-01 9.160661818459628902e-01 1.264063455164432526e-02 4.356160573661327362e-02 0.000000000000000000e+00 1.481803432106971741e-01 0.000000000000000000e+00 3.052269304171204567e-01 2.142798714339733124e-02 0.000000000000000000e+00 0.000000000000000000e+00 0.000000000000000000e+00 2.096262228675186634e+00 1.834238320589065552e-02 8.027435885742304489e-01 8.108604978770019400e+00 0.000000000000000000e+00 1.153955422341823578e-02 1.842517685145139972e-01 5.845607182942330837e+00 3.883207961916923523e-02 7.698862673714759186e-01 0.000000000000000000e+00 0.000000000000000000e+00 0.000000000000000000e+00 8.552674762904645400e-02
1.950671337544918060e-02 6.556950137019157410e-02 4.149727709591388702e-01 0.000000000000000000e+00 2.113223597407341003e-01 3.082219390198588371e-01 4.627146932296454906e+00 2.301734059117734432e+00 2.688632191158831120e+00 1.619338933378457801e+00 3.513785447925329208e+00 0.000000000000000000e+00 3.017847717739641666e+00 0.000000000000000000e+00 1.661951560527086258e-01 4.299833253026009300e-02 6.141957640647890265e-02 0.000000000000000000e+00 0.000000000000000000e+00 0.000000000000000000e+00 3.432214902713894844e-01 3.556603100150824287e-02 2.985915318131446838e-01 0.000000000000000000e+00 1.234001033008098824e+00 2.846267446875571858e-02 0.000000000000000000e+00 9.739449433982369508e-02 1.681388403289020284e+00 4.318327642977237701e-02 3.928938135504722595e-02 0.000000000000000000e+00 0.000000000000000000e+00 0.000000000000000000e+00 1.881854236125946045e-02 0.000000000000000000e+00 0.000000000000000000e+00 0.000000000000000000e+00 0.000000000000000000e+00 3.426560014486312866e-02 0.000000000000000000e+00 2.118112146854400635e-02 2.628411911427974354e-02 0.000000000000000000e+00 0.000000000000000000e+00 1.730127818882465363e-02 0.000000000000000000e+00 7.961308937519789852e-01 0.000000000000000000e+00 0.000000000000000000e+00 0.000000000000000000e+00 0.000000000000000000e+00 0.000000000000000000e+00 0.000000000000000000e+00 0.000000000000000000e+00 0.000000000000000000e+00 0.000000000000000000e+00 0.000000000000000000e+00 0.000000000000000000e+00 1.953581348061561584e-02 0.000000000000000000e+00 0.000000000000000000e+00 0.000000000000000000e+00 1.625399589538573941e-01 0.000000000000000000e+00 0.000000000000000000e+00 0.000000000000000000e+00 0.000000000000000000e+00 0.000000000000000000e+00 0.000000000000000000e+00
1.839441284537315369e-01 4.765671044588088989e-01 4.688226664438843727e-01 5.876065138727425141e-02 3.711450472474098206e-02 0.000000000000000000e+00 1.313719923608005047e+00 2.119515509344636950e+00 2.646130596287548542e+00 5.328887822106480598e+00 3.253874005749821663e-01 4.673087783157825470e-02 2.656308561563492168e-02 4.776316285133361816e-01 1.473505477420985699e+00 6.141957640647890265e-02 4.987168369442225213e+01 1.537237083539366722e-01 5.923591013997792087e-01 7.599210739135739412e-02 0.000000000000000000e+00 4.776618515327572823e+01 5.919650353118777275e+01 3.387575407046824694e+01 2.097735129389911890e+01 4.230951145291328430e-02 1.020573189482092857e+00 2.070474068261682987e+01 3.206689105927944183e+01 3.501953771337866783e+00 9.043092962354419839e+00 6.587639730423690276e-02 0.000000000000000000e+00 2.209950787946581841e-01 3.928990401327610016e-01 0.000000000000000000e+00 1.898298989981412332e-01 0.000000000000000000e+00 1.567688230425119400e-01 0.000000000000000000e+00 0.000000000000000000e+00 1.066523521207273006e+00 4.234167204238474369e+00 7.399964109063148499e-01 4.755321815609931946e-01 8.467087047174572945e-01 6.474297866225245390e-02 2.221417985856533051e-02 0.000000000000000000e+00 4.533168757334351540e-01 0.000000000000000000e+00 1.783998171333223937e+01 2.561393491923809052e-01 0.000000000000000000e+00 0.000000000000000000e+00 0.000000000000000000e+00 1.189036827068776248e+01 1.465383610688149929e+00 1.791866043396294117e+01 4.331510842777788639e+00 0.000000000000000000e+00 0.000000000000000000e+00 3.859006277285516262e+00 6.021747171878814697e+00 2.613335773348808289e-01 1.123296545166522442e+01 0.000000000000000000e+00 0.000000000000000000e+00 2.989658806473016392e-02 2.646512240171432495e-01
3.815648052841424942e-01 7.280038697645070389e-01 5.475311002694070339e+00 7.824512722343206406e+01 0.000000000000000000e+00 0.000000000000000000e+00 2.893290594220161438e-01 1.434221507515758276e+01 2.483989903703331947e-01 1.217448202893137932e+00 1.557259302586317062e+00 2.403850070200860500e+00 0.000000000000000000e+00 6.538720661774278797e-01 7.992351353168485328e-01 0.000000000000000000e+00 1.537237083539366722e-01 3.948157660663127899e+01 2.378731173463165760e+00 2.136695198807865026e+01 0.000000000000000000e+00 5.213790941424667835e+01 1.703463735058903694e+00 1.218952443031593873e+02 4.381677713245153427e-01 3.304920662194490433e-01 9.790421636868268251e+01 1.354040513327345536e+02 1.412172566540539087e+01 1.064295694231987000e+00 2.078818831127136946e+01 1.608326490968466083e-01 2.387259900569916118e-02 8.756202831864355607e-02 2.517177695408463478e-01 0.000000000000000000e+00 0.000000000000000000e+00 2.786674843169748783e+00 9.211321253329515457e+00 0.000000000000000000e+00 0.000000000000000000e+00 0.000000000000000000e+00 1.910188198089599609e-01 3.857573308050632477e-02 1.081242356449365477e-01 6.039476208388804696e-02 7.837927332147958115e-01 0.000000000000000000e+00 1.330652087926864451e-02 3.778759576380252838e-02 0.000000000000000000e+00 1.297300142236054166e+00 3.451315073296427727e+00 3.182919379323720932e-01 3.145735207945108414e+00 0.000000000000000000e+00 2.832754543051123619e-01 1.474780483171343803e+00 3.144108136184513569e+00 5.404903581365942955e-01 1.343247760087251490e-02 1.224786582775413990e+01 4.809548044763505459e+01 4.205164164304733276e-01 0.000000000000000000e+00 7.249950356781482697e-01 5.518496595323085091e-02 0.000000000000000000e+00 2.339186146855354656e-02 1.502675656229257584e-01
2.294699661433696400e-02 0.000000000000000000e+00 3.714123545214534250e+00 2.341227448545395884e+00 0.000000000000000000e+00 0.000000000000000000e+00 0.000000000000000000e+00 4.231539741158485413e-02 0.000000000000000000e+00 3.061222499236464500e-01 0.000000000000000000e+00 2.860744069423526525e+01 0.000000000000000000e+00 5.537995225749909878e+00 0.000000000000000000e+00 0.000000000000000000e+00 5.923591013997792087e-01 2.378731173463165760e+00 8.535667449235916138e+00 2.211211223527789116e+01 0.000000000000000000e+00 2.179613076150417050e-01 3.328627803362905979e+00 1.024972240440547466e+00 3.454221654683351517e-01 2.536958272568881512e+00 9.449933540634810925e+01 3.942896863631904125e+01 4.957616366446018219e-01 0.000000000000000000e+00 8.619015850126744704e-02 6.739193927496671677e+00 0.000000000000000000e+00 0.000000000000000000e+00 1.190590932965278487e-01 0.000000000000000000e+00 0.000000000000000000e+00 1.638263911008834839e-01 3.070917241275310516e-01 0.000000000000000000e+00 0.000000000000000000e+00 0.000000000000000000e+00 0.000000000000000000e+00 0.000000000000000000e+00 0.000000000000000000e+00 0.000000000000000000e+00 5.972270091995596886e+00 0.000000000000000000e+00 1.003293890506029129e+00 0.000000000000000000e+00 0.000000000000000000e+00 0.000000000000000000e+00 4.600350596010684967e-01 2.596736857667565346e+00 3.139001046307384968e+00 0.000000000000000000e+00 0.000000000000000000e+00 0.000000000000000000e+00 9.047738276422025508e-03 2.823741920292377472e-02 2.241283133625984747e-01 8.309466974809765816e+00 1.298203474655747414e+01 0.000000000000000000e+00 0.000000000000000000e+00 0.000000000000000000e+00 1.412538573145866394e+00 0.000000000000000000e+00 0.000000000000000000e+00 0.000000000000000000e+00
1.350460164248943329e-01 0.000000000000000000e+00 2.657176993787288666e+00 1.069624888151884257e+01 0.000000000000000000e+00 0.000000000000000000e+00 4.198197275400161743e-02 2.335831687785685062e+00 5.324327014386655288e-02 1.853310074657202045e-01 0.000000000000000000e+00 1.010829964838922201e+01 0.000000000000000000e+00 4.157109117135405540e+00 0.000000000000000000e+00 0.000000000000000000e+00 7.599210739135739412e-02 2.136695198807865026e+01 2.211211223527789116e+01 2.504348483681678772e+01 0.000000000000000000e+00 1.547019870951771736e+00 3.130088504403829575e-01 1.099044225085526527e+01 3.645975682884454727e-01 2.148675512522459030e+00 1.372859513126313402e+02 8.585550013743340969e+01 9.283976135775444671e-01 0.000000000000000000e+00 3.428624706342816353e+00 3.099478117190301418e+00 0.000000000000000000e+00 0.000000000000000000e+00 1.138808671385049681e-01 0.000000000000000000e+00 0.000000000000000000e+00 5.240404009819030762e-01 2.278670693747699261e+00 0.000000000000000000e+00 0.000000000000000000e+00 0.000000000000000000e+00 3.155765309929847717e-02 0.000000000000000000e+00 0.000000000000000000e+00 0.000000000000000000e+00 1.522122793830931409e+00 0.000000000000000000e+00 1.313305941410362943e+00 0.000000000000000000e+00 0.000000000000000000e+00 4.677339531481266022e-01 1.462798283435404301e+00 3.972032298333942890e+00 2.546920447610318661e+00 0.000000000000000000e+00 9.138103388249874115e-02 6.504793278872966766e-02 8.885674234479666866e-01 2.369530871510505329e-02 1.907642539590597153e-01 1.158050814457237720e+01 1.712359249964356422e+01 2.573818527162075043e-02 0.000000000000000000e+00 0.000000000000000000e+00 4.966126326471567154e-01 0.000000000000000000e+00 0.000000000000000000e+00 0.000000000000000000e+00
8.574978634715080261e-02 1.271402742713689978e-02 0.000000000000000000e+00 0.000000000000000000e+00 5.795144335646182299e+01 3.285690024495124817e-02 1.544896855205297470e+01 5.686795366927981377e-01 1.734686630778014438e+00 1.276746595278382523e+00 6.679543783795088530e+01 0.000000000000000000e+00 6.156470031943172216e+01 0.000000000000000000e+00 7.256423309445379777e-02 3.432214902713894844e-01 0.000000000000000000e+00 0.000000000000000000e+00 0.000000000000000000e+00 0.000000000000000000e+00 1.035332016646862030e+01 0.000000000000000000e+00 0.000000000000000000e+00 0.000000000000000000e+00 2.750434796325862852e+00 0.000000000000000000e+00 0.000000000000000000e+00 2.772581204771995544e-02 1.168946363376453661e+02 0.000000000000000000e+00 0.000000000000000000e+00 0.000000000000000000e+00 0.000000000000000000e+00 0.000000000000000000e+00 3.071889467537403107e-02 0.000000000000000000e+00 0.000000000000000000e+00 0.000000000000000000e+00 0.000000000000000000e+00 2.006842754781245838e-02 0.000000000000000000e+00 9.410569071769714355e-02 1.597648430615663528e+00 0.000000000000000000e+00 4.285539686679840088e-02 1.542306682094931602e-01 0.000000000000000000e+00 1.378173669800162593e-01 0.000000000000000000e+00 0.000000000000000000e+00 4.838810674846172333e-02 0.000000000000000000e+00 0.000000000000000000e+00 0.000000000000000000e+00 0.000000000000000000e+00 0.000000000000000000e+00 0.000000000000000000e+00 0.000000000000000000e+00 0.000000000000000000e+00 4.406388578936457634e-01 0.000000000000000000e+00 0.000000000000000000e+00 0.000000000000000000e+00 1.225953772664069991e-01 0.000000000000000000e+00 0.000000000000000000e+00 0.000000000000000000e+00 0.000000000000000000e+00 0.000000000000000000e+00 0.000000000000000000e+00
4.401864223182201385e-01 2.926360411569476572e+00 5.133974915370345116e-01 3.313213106989860535e+01 0.000000000000000000e+00 2.722869012504816055e-01 4.772363908588886261e+00 2.668371994607150555e+01 1.214745660312473774e+01 9.601220470853149891e+00 2.116231505759060383e+00 3.708408139646053314e-01 1.976569294929504395e-01 1.199642382562160353e-01 1.194541605748236357e+01 3.556603100150824287e-02 4.776618515327572823e+01 5.213790941424667835e+01 2.179613076150417050e-01 1.547019870951771736e+00 0.000000000000000000e+00 5.201829781308770180e+02 3.919885477144271135e+01 4.049059048881754279e+02 5.173017269931733608e+00 6.161960307508704965e-02 9.124272311106324196e+00 5.269407952297478914e+01 5.133468032814562321e+01 2.039045761618763208e+01 1.007544432599097348e+02 4.941182956099510193e-02 4.824055731296539307e-02 2.230126253329217434e+00 4.425493409670889378e+01 2.030498748645186702e-01 5.263559967279434204e-01 7.783611863851547241e-02 2.782020259648561478e+00 2.656071484088897705e-01 0.000000000000000000e+00 1.367719888687133567e+00 9.896564209833739412e+00 4.976617564447224140e+00 1.921155097894371000e+00 1.556531768292188644e+00 1.307457741349935532e-01 3.997395932674407959e-02 0.000000000000000000e+00 2.600591360591351986e+00 1.070929467678070068e-01 2.479065368510782719e+01 1.800593081861734390e-01 1.820339448750019073e-02 3.317485004663467407e-02 0.000000000000000000e+00 1.379115295223892090e+01 3.419153122231364250e+00 2.463603490591049550e+01 1.572188604995608685e+01 2.357304841279983521e-02 2.819819040596485138e-01 1.221544423513114452e+01 1.792535449936985970e+01 1.142527741380035877e+00 2.294692023191601038e+01 1.808788441121577870e-02 0.000000000000000000e+00 2.210088353604078570e-01 4.219032004475593567e-01
