4.605259001255034707e-02 5.417235512286424637e-01 9.848856553435325623e-02 1.561854574829339981e-01 1.540225042030215485e+00 1.050122606568038464e+00 1.464136334136128204e+00 5.065552957355976105e+00 5.060944557189941406e+00 5.152350543066859245e+00 1.845522796735167503e+00 8.030014634132386364e-01 2.365056391805410385e+00 1.349307196214795113e+00 5.858613612130284309e+00 2.835228621959685835e+00 8.046407997608184814e-02 2.033610623329877853e-01 1.649034097790718079e-01 5.168137848377227783e-01 4.043380953371524811e-01 5.938446521759033203e-01 2.412321288138628006e-01 2.560864154249429703e+00 3.675842124968767166e+00 4.521462321281433105e-02 1.400562789291143417e+00 4.432471884414553642e+00 2.390671634115279165e+00 3.751124041154981104e+00 4.796327743679285049e-01 5.781404022127389908e-01 2.014831751585006714e+00 0.000000000000000000e+00 4.201798569411039352e-01 0.000000000000000000e+00 0.000000000000000000e+00 6.946991011500358582e-02 8.447313681244847383e-02 1.512003745883702954e-01 0.000000000000000000e+00 3.240079469978809357e-01 2.242709342390298566e-01 2.314032427966594349e-02 0.000000000000000000e+00 1.252047855406999588e+00 7.918574847280977769e-02 0.000000000000000000e+00 4.735249241814017296e+00 3.969839215278625488e-02 6.125007383525370164e-02 3.357993364334106445e-01 1.333083851262926833e+00 3.904133662581443787e-02 2.083797324448823929e-01 0.000000000000000000e+00 2.571680527180433273e-01 9.324882943183184780e-01 4.995328802615404129e-01 8.872707057744264603e-01 0.000000000000000000e+00 2.108780506998300552e+00 4.075308911502361298e+00 5.440551470965147018e-01 3.003464825451374054e-02 1.374503411352634430e-01 4.210410360246896744e-02 0.000000000000000000e+00 0.000000000000000000e+00 0.000000000000000000e+00
5.417235512286424637e-01 3.559441722929476803e+00 0.000000000000000000e+00 0.000000000000000000e+00 1.595927085727452954e-01 1.390344500541687012e-01 2.922380194067955017e+00 1.172603390179574667e+01 3.250501291360706091e+01 1.181976946070790291e+00 3.114188369363546371e-01 1.042596755549311416e+00 1.506602410227060596e-01 9.136286005377769470e-02 2.412636395543813705e+01 1.684535872191190442e-01 4.483219608664512634e-02 2.530194856226444244e-01 0.000000000000000000e+00 4.785189777612686157e-02 3.924095630645751953e-02 1.887884747236967087e+00 6.464982032775881127e-01 3.983465805649757385e-01 5.400284942239522934e+00 0.000000000000000000e+00 0.000000000000000000e+00 2.455971837043762207e-01 6.352324152365326881e+00 1.589560561161488650e+01 3.722821680083870888e+01 0.000000000000000000e+00 4.209474567323923111e-01 4.290002211928367615e-02 3.345746312290430069e+00 0.000000000000000000e+00 0.000000000000000000e+00 0.000000000000000000e+00 0.000000000000000000e+00 0.000000000000000000e+00 0.000000000000000000e+00 5.886793509125710228e-02 2.423591688275337497e-01 3.925637211650609970e-01 0.000000000000000000e+00 7.558412477374075455e-02 3.091790340840816498e-02 0.000000000000000000e+00 0.000000000000000000e+00 3.544346801936626434e-02 0.000000000000000000e+00 4.717252030968666077e-02 0.000000000000000000e+00 2.934866398572922100e-02 0.000000000000000000e+00 1.884352229535579334e-02 2.372137531638145447e-01 0.000000000000000000e+00 6.815594062209129333e-02 1.304642589762806892e+00 0.000000000000000000e+00 0.000000000000000000e+00 8.541454188525678115e-02 1.128547929227352142e+00 4.211192578077316284e-02 1.629292387515306750e-01 0.000000000000000000e+00 0.000000000000000000e+00 0.000000000000000000e+00 0.000000000000000000e+00
9.848856553435325623e-02 0.000000000000000000e+00 2.525008954107761383e-01 7.980967909097671509e-01 0.000000000000000000e+00 0.000000000000000000e+00 2.990940213203429829e-02 2.094676755368709564e-01 3.997199982404708862e-02 3.486129837110638618e+00 0.000000000000000000e+00 1.765330556780099869e+00 4.289764016866683960e-01 1.137404844164848150e+01 0.000000000000000000e+00 1.649543624371289929e-01 5.814808160066604614e-01 5.508235201239585876e+00 8.523327484726908043e-01 4.389552013948559761e+00 0.000000000000000000e+00 4.622047990560531616e-01 8.658647738397119653e+00 3.560529757291078568e+00 4.905946476384997368e+00 3.822263928130269051e+00 2.443803428672254086e+01 6.497555832099169493e+01 7.884627766907215118e-01 2.164976112544536591e-02 1.171687748283147951e-01 5.021379440091550350e+00 0.000000000000000000e+00 0.000000000000000000e+00 4.264496713876724243e-01 0.000000000000000000e+00 0.000000000000000000e+00 1.077724192291498045e-01 1.841800827533006668e+00 0.000000000000000000e+00 0.000000000000000000e+00 0.000000000000000000e+00 0.000000000000000000e+00 0.000000000000000000e+00 0.000000000000000000e+00 0.000000000000000000e+00 2.825518587604165077e+00 0.000000000000000000e+00 1.582756159827113596e+00 4.019284993410110474e-02 0.000000000000000000e+00 0.000000000000000000e+00 2.246438834816216978e+00 9.409872442483904753e-02 6.815096512436867870e-01 0.000000000000000000e+00 1.150572691112756452e-01 4.723760858178138733e-02 4.681949876248836517e-01 2.971472218632698059e-02 8.647174388170239534e-02 5.488330388441681862e+00 1.979187243431806564e+01 5.742518603801725213e-02 0.000000000000000000e+00 0.000000000000000000e+00 7.094839960336685181e-02 0.000000000000000000e+00 0.000000000000000000e+00 0.000000000000000000e+00
1.561854574829339981e-01 0.000000000000000000e+00 7.980967909097671509e-01 4.653377835266292095e+01 0.000000000000000000e+00 0.000000000000000000e+00 0.000000000000000000e+00 1.080303441360592842e+01 1.028230469673871994e-01 0.000000000000000000e+00 0.000000000000000000e+00 2.836539372801780701e-01 0.000000000000000000e+00 3.707778453826904297e-02 7.516899704933166504e-02 0.000000000000000000e+00 7.259063329547641441e-01 2.343521110992878675e+01 4.500524196773767471e-01 4.198038201779127121e+00 0.000000000000000000e+00 1.045482940301298953e+02 1.963356152176856551e+00 1.669208261100575328e+02 1.761919818818568906e-01 1.364255666732788086e+00 6.010793890897184610e+01 7.469661125726995010e+01 7.019679004326463634e+00 5.190053768455982208e-02 2.831701718270778656e+00 3.274687007069587708e-02 0.000000000000000000e+00 0.000000000000000000e+00 6.032052449882029793e-02 1.833486929535866131e-02 0.000000000000000000e+00 3.861116003245115280e-01 2.043626819271594641e+01 0.000000000000000000e+00 0.000000000000000000e+00 0.000000000000000000e+00 4.270807653665542603e-02 2.570749074220657349e-02 2.352584712207317352e-02 0.000000000000000000e+00 8.557372167706489563e-02 0.000000000000000000e+00 9.142581373453140259e-02 0.000000000000000000e+00 0.000000000000000000e+00 4.393422678112983704e-01 3.424533031880855560e+00 3.337213024497032166e-02 4.182107217609882355e+00 0.000000000000000000e+00 3.659947322681546211e+00 3.220364816486835480e+00 1.121737178601324558e+01 4.613192602992057800e-01 2.722833119332790375e-02 9.835703596472740173e+00 5.266383681166917086e+01 2.343915402889251362e-02 0.000000000000000000e+00 6.497597880661490355e-02 0.000000000000000000e+00 0.000000000000000000e+00 0.000000000000000000e+00 2.875610254704951893e-02
1.540225042030215485e+00 1.595927085727452954e-01 0.000000000000000000e+00 0.000000000000000000e+00 7.609627679921686649e+01 1.052184477448463440e-01 5.939514404535293579e+01 9.375876581296326506e+00 1.252895262185483993e+01 3.521361653413623571e+01 1.086336349444463565e+02 4.589406773447990417e-02 3.792099983114749193e+02 7.267725840210914612e-02 2.355775548145174980e+00 3.094058720394968987e+00 0.000000000000000000e+00 1.154688000679015975e-01 0.000000000000000000e+00 4.317751154303550720e-02 3.684629724081605673e+01 2.880886383354663849e-02 6.597768329083919525e-02 0.000000000000000000e+00 3.397453891392797232e+01 0.000000000000000000e+00 1.690446585416794170e-02 0.000000000000000000e+00 1.035495396330952929e+02 2.243182323873043060e-01 3.236934542655944824e-01 0.000000000000000000e+00 1.196255087852478027e-01 0.000000000000000000e+00 1.591527516022324562e+00 0.000000000000000000e+00 0.000000000000000000e+00 0.000000000000000000e+00 0.000000000000000000e+00 1.136850684881210327e+00 0.000000000000000000e+00 1.637640856206417306e+00 8.691059667617082596e-01 1.403397154062986374e-01 1.326763506978750229e+00 5.420599466189742088e+00 0.000000000000000000e+00 1.209153309464454873e+00 0.000000000000000000e+00 8.196791447699069977e-02 1.595306186005473137e+00 0.000000000000000000e+00 0.000000000000000000e+00 0.000000000000000000e+00 0.000000000000000000e+00 1.209436766803264479e-01 7.801084965467454391e-02 0.000000000000000000e+00 0.000000000000000000e+00 1.823807757347822189e+00 0.000000000000000000e+00 0.000000000000000000e+00 0.000000000000000000e+00 7.745285648852588523e+00 0.000000000000000000e+00 3.609368577599525452e-02 1.020042225718497952e-01 0.000000000000000000e+00 0.000000000000000000e+00 0.000000000000000000e+00
1.050122606568038464e+00 1.390344500541687012e-01 0.000000000000000000e+00 0.000000000000000000e+00 1.052184477448463440e-01 1.334225796163082123e-01 7.701119380071758336e+00 8.109397049993275486e-01 1.861140161752701028e+00 6.941082514822485283e-01 3.787240739911794662e-01 1.225274439901113288e+00 4.295704886317253113e-01 3.214616999030113220e-01 1.537955474108457565e+00 1.170652459748089136e+01 4.377294890582561493e-02 0.000000000000000000e+00 3.779218718409538269e-02 4.716119728982448578e-02 1.784575767815113068e-01 9.796004928648470444e-02 1.377887800335884094e-01 5.899726599454879761e-01 3.124774619936943054e-01 0.000000000000000000e+00 5.507416464388369820e-02 1.033482104539870938e-01 3.986791912466287613e-01 1.588327614590525627e+00 1.279008038341999054e+00 0.000000000000000000e+00 1.361260917037725449e-01 5.564074590802194770e-02 8.995742568746209145e+00 0.000000000000000000e+00 0.000000000000000000e+00 0.000000000000000000e+00 0.000000000000000000e+00 1.870533823966979980e-02 0.000000000000000000e+00 0.000000000000000000e+00 0.000000000000000000e+00 0.000000000000000000e+00 0.000000000000000000e+00 0.000000000000000000e+00 5.253257229924199884e-02 0.000000000000000000e+00 0.000000000000000000e+00 1.830630190670490612e-02 0.000000000000000000e+00 0.000000000000000000e+00 0.000000000000000000e+00 0.000000000000000000e+00 0.000000000000000000e+00 0.000000000000000000e+00 0.000000000000000000e+00 0.000000000000000000e+00 6.286181509494780106e-02 0.000000000000000000e+00 0.000000000000000000e+00 0.000000000000000000e+00 2.619733847677707672e-02 0.000000000000000000e+00 0.000000000000000000e+00 1.983469724655151367e-02 0.000000000000000000e+00 0.000000000000000000e+00 0.000000000000000000e+00 0.000000000000000000e+00
1.464136334136128204e+00 2.922380194067955017e+00 2.990940213203429829e-02 0.000000000000000000e+00 5.939514404535293579e+01 7.701119380071758336e+00 1.061603801771998405e+02 9.289522750955076447e+01 7.530949785932898521e+01 1.586040837597101927e+01 1.591619919603690505e+02 6.011674392037093639e+00 2.570857992777600884e+02 1.190274566411972046e+00 3.069439097400754690e+01 2.367853602394461632e+01 1.629552965983748214e+00 7.502436041831970215e-01 4.716037213802337646e-02 0.000000000000000000e+00 3.550009026098996401e+01 3.726034554652869701e+00 4.328580182045698166e-01 6.771999148651957512e+00 1.978236618638038635e+01 9.100616723299029265e-02 2.743080370128154755e-01 3.728067129850387573e-01 5.801613944862037897e+01 1.379019639547913911e+01 1.456383193098008455e+01 0.000000000000000000e+00 8.841619854792954758e-01 8.054123371839521095e-01 1.787866395898163319e+01 0.000000000000000000e+00 0.000000000000000000e+00 3.085625730454921375e-02 0.000000000000000000e+00 2.164295999333262444e+00 7.649061828851699829e-02 2.941855868324637413e+00 4.810535857453942299e+00 1.071027953177690506e+00 5.283464938402175903e-01 3.413226012140512466e+00 6.778953317552804947e-01 1.614170525223016961e+00 5.838277749717235565e-02 1.339032351970672607e+00 5.076727662235498428e-01 6.289677321910859542e-02 0.000000000000000000e+00 2.508119307458400379e-02 0.000000000000000000e+00 9.099590033292770386e-02 1.395823076367378679e+00 0.000000000000000000e+00 3.150112032890319824e-01 6.297562181949615479e+00 0.000000000000000000e+00 0.000000000000000000e+00 5.523934215307235024e-02 8.268259251490235329e+00 5.459563247859477997e-02 1.318732015788555145e+00 0.000000000000000000e+00 0.000000000000000000e+00 0.000000000000000000e+00 2.619342505931853901e-02
5.065552957355976105e+00 1.172603390179574667e+01 2.094676755368709564e-01 1.080303441360592842e+01 9.375876581296326506e+00 8.109397049993275486e-01 9.289522750955076447e+01 3.012114353273063898e+02 1.369822745760903047e+02 3.728213030099868774e+01 6.661781183071434498e+01 4.732648028060793877e+00 1.633266229182481988e+00 7.824357021600010231e-01 8.529411271587014198e+01 4.021487243473529816e+00 1.416845863685011864e+00 6.783867171034215993e+00 7.994294818490744747e-01 2.052956108003854752e+00 3.058059385046362877e+00 2.614558144751936197e+01 1.007288504391908424e+00 8.951836783438922751e+00 3.473969662562012672e+01 7.422125525772570176e-02 2.168610169366002438e+01 4.585422031581401825e+00 1.460964803555980609e+02 4.503905354719609022e+01 7.218330083228647709e+01 0.000000000000000000e+00 1.079486748203634994e+00 4.097633976489305496e-01 1.489077914506196976e+01 7.098693773150445419e-02 1.227374393492937227e-01 1.449142843484878540e+00 1.925900558009743468e+00 1.776785494759679063e+00 0.000000000000000000e+00 2.730944214388728142e+00 6.392174646258354187e+00 4.286981051787734032e+00 2.437687867321074009e+00 7.687015490606427193e+00 6.130839884281159835e-02 3.057156186550855637e-01 1.488740146160125455e-01 9.938299916684628643e-01 7.003483176231383167e-01 7.358637135475873947e-01 2.089298143982887546e-01 2.523020841181277882e-02 6.687248870730400085e-02 1.578270448371767998e+00 2.816380065865814242e+00 3.095478191971778870e-02 3.436631234362721443e+00 1.281854461599141537e+01 1.978363655507564545e-02 1.868628086522221565e+00 1.146379888057708740e+00 1.528653456084430573e+01 4.198687449097633362e-01 2.214011872187256813e+00 0.000000000000000000e+00 0.000000000000000000e+00 1.809999346733093609e-02 0.000000000000000000e+00
5.060944557189941406e+00 3.250501291360706091e+01 3.997199982404708862e-02 1.028230469673871994e-01 1.252895262185483993e+01 1.861140161752701028e+00 7.530949785932898521e+01 1.369822745760903047e+02 2.796547894645482302e+02 1.320990221016108990e+01 5.865387412812560797e+01 7.247892675921320915e+00 4.737341951765120029e+01 8.974509984254838146e-01 1.686380692720413208e+02 1.091964324656874119e+01 1.571540497243404388e+00 1.513337880373001099e+00 1.203250115737318993e+00 1.300688279792666435e+00 8.728422397747634065e+00 1.263594979699701071e+01 9.243858270347117267e-01 1.020570902433246374e+01 2.866023206431418657e+01 1.858512684702872883e-02 6.418065819889309243e-01 2.648685438558459282e+00 4.888644828367978334e+01 7.227431601565331221e+01 7.098692902643233538e+01 1.643425412476063122e-02 6.846064655110239983e+00 2.446466218680143079e-01 3.026413795072585344e+01 5.289746448397636414e-02 5.312262475490570068e-02 0.000000000000000000e+00 5.160997807979585128e-02 8.531432170420885086e-01 5.470955744385719993e-02 1.866134213283658028e+00 7.997009173035620755e+00 1.363287329673767090e+00 7.881030105054378510e-01 6.210951823741197586e+00 2.040703780949116100e-02 1.389494407922029495e-01 8.778315484523775414e-01 1.624016944319009781e+00 4.687664918601512909e-01 1.648472510278224945e-01 7.411336153745649857e-02 0.000000000000000000e+00 5.048488453030584855e-02 2.739140596240758896e-01 1.579755403101444022e+00 4.580999165773391724e-02 5.695910006761550903e-01 1.221416053734719398e+01 0.000000000000000000e+00 1.840383559465408672e-02 7.199974358081820403e-02 1.209736239910125555e+01 4.138457067310810089e-01 2.702710295096039772e+00 0.000000000000000000e+00 6.552146002650259538e-02 0.000000000000000000e+00 0.000000000000000000e+00
5.152350543066859245e+00 1.181976946070790291e+00 3.486129837110638618e+00 0.000000000000000000e+00 3.521361653413623571e+01 6.941082514822485283e-01 1.586040837597101927e+01 3.728213030099868774e+01 1.320990221016108990e+01 1.251379407942295074e+01 4.260572442971169949e+01 8.461191523820159599e-01 1.305732420738786281e+01 4.479904379695653915e-01 1.437918348424136639e+01 4.204210925847291946e+00 3.202123995870351791e-01 0.000000000000000000e+00 0.000000000000000000e+00 8.030794560909269852e-02 6.361083974130451679e+00 2.196329608559608459e-01 1.931691228132695315e+01 2.672748882323503494e-01 1.792447212431580112e+02 3.364629149436950684e-01 4.442468117922544479e-01 1.728560542687773705e+00 1.109739321814849973e+02 7.977671848610042638e+00 3.746643116697669029e+00 1.662765648216008862e-01 1.790197379887104034e-02 0.000000000000000000e+00 6.868435647338627659e-01 1.633159760385752002e-01 1.288511324673891068e-01 0.000000000000000000e+00 3.182550463825464249e-01 1.337783081457018630e+00 0.000000000000000000e+00 1.081854540854692459e+00 2.510649809613823891e+00 1.363814834505319817e+00 1.833114093169569747e+00 2.046604767441749573e+00 8.482944611459970474e-01 2.385415002703666687e+00 1.158468566834926605e+00 1.258159440010786057e+00 1.507251560688018799e-01 2.187764739617705345e+00 0.000000000000000000e+00 0.000000000000000000e+00 2.060849405825138092e-02 4.704614728689193726e-02 6.805367337539792061e+00 1.375770155340433121e+00 4.732866714708507061e+00 7.842450231313705444e+00 0.000000000000000000e+00 1.420228410512208717e+00 1.224031312391161697e+00 1.088444401323795496e+01 6.206571590155365303e-01 5.372145762667059898e+00 0.000000000000000000e+00 0.000000000000000000e+00 0.000000000000000000e+00 3.001303970813750874e-02
1.845522796735167503e+00 3.114188369363546371e-01 0.000000000000000000e+00 0.000000000000000000e+00 1.086336349444463565e+02 3.787240739911794662e-01 1.591619919603690505e+02 6.661781183071434498e+01 5.865387412812560797e+01 4.260572442971169949e+01 5.655930603984743357e+02 7.617709022015335396e-01 1.189524450665339543e+02 1.845989078283309937e-01 2.041536475531756878e+01 4.560739068314433098e+00 2.053802683949470520e-01 2.204743288457393369e-01 0.000000000000000000e+00 0.000000000000000000e+00 3.120607300940901041e+01 1.763350199908018112e-01 3.479735925793647766e-02 2.487059850245713910e-01 3.884563113749027252e+01 3.791905343532562256e-01 1.251473482698202133e-01 9.891551360487939315e-02 1.146822290373966098e+02 1.994405074045061843e+00 1.201562818139791489e+00 0.000000000000000000e+00 1.039392672479152457e+00 0.000000000000000000e+00 2.832408526912331581e+00 1.445784214884042462e-01 0.000000000000000000e+00 0.000000000000000000e+00 0.000000000000000000e+00 3.413613175973295721e+00 7.063358742743730545e-01 2.789750207215547562e+00 3.677659181877970695e+00 6.310434471815824509e-01 1.026427062228322251e+00 8.705368652008473873e+00 0.000000000000000000e+00 2.108443339355289492e+00 0.000000000000000000e+00 1.450310265645385011e+00 1.266614135354757309e+00 5.210543051362039740e-02 0.000000000000000000e+00 0.000000000000000000e+00 8.016952276229859509e-01 7.146070785820485272e-01 1.457723788917064667e-01 0.000000000000000000e+00 5.278202518820762634e-02 6.177405793219804764e+00 0.000000000000000000e+00 0.000000000000000000e+00 0.000000000000000000e+00 1.051866331603377880e+01 0.000000000000000000e+00 2.488413937389851172e-01 0.000000000000000000e+00 0.000000000000000000e+00 0.000000000000000000e+00 0.000000000000000000e+00
8.030014634132386364e-01 1.042596755549311416e+00 1.765330556780099869e+00 2.836539372801780701e-01 4.589406773447990417e-02 1.225274439901113288e+00 6.011674392037093639e+00 4.732648028060793877e+00 7.247892675921320915e+00 8.461191523820159599e-01 7.617709022015335396e-01 3.305727286729960497e+02 2.126124259084463120e-01 4.215333483554422855e+01 1.583412014413625002e+01 2.895221114158630371e-02 7.180924341082572937e-02 6.479655094444751740e+00 4.165131578501313925e+01 1.505082882754504503e+01 6.540851108729840435e-01 4.146831169724464417e+00 6.402860134840011597e-01 3.635663326829671416e+00 1.140378473326563613e+00 1.158437960408627987e+01 6.187609608657658100e+01 1.595873838663101374e+01 6.436282694339752197e-01 1.237480731494724928e+01 2.697607768699526787e+00 1.079989969357847990e+01 5.367906760424377310e+00 1.768701504915952405e-01 2.980859145708382130e+01 1.570414435118436536e-01 0.000000000000000000e+00 3.077927725389599800e+00 8.408954180777075682e-02 0.000000000000000000e+00 0.000000000000000000e+00 0.000000000000000000e+00 0.000000000000000000e+00 0.000000000000000000e+00 3.119466060772538185e+00 3.460866212844848633e-02 3.016145937517285347e+01 2.029590494930744171e-02 8.225773856043815613e+01 2.422171644866466522e-01 1.288455426692962369e-01 1.485307831317186356e-01 1.745883747935295105e-02 4.451975706964731216e+00 2.647783957421779633e+00 0.000000000000000000e+00 3.471962306648492813e-01 7.048578450456258970e+00 0.000000000000000000e+00 2.777001133188605309e+00 2.856064191088079962e+00 3.003588315844535472e+01 1.120480679254978895e+01 5.566834658384325202e-02 4.427017290145158768e-01 1.826872564852237979e-01 1.737890028767287731e+01 0.000000000000000000e+00 0.000000000000000000e+00 0.000000000000000000e+00
2.365056391805410385e+00 1.506602410227060596e-01 4.289764016866683960e-01 0.000000000000000000e+00 3.792099983114749193e+02 4.295704886317253113e-01 2.570857992777600884e+02 1.633266229182481988e+00 4.737341951765120029e+01 1.305732420738786281e+01 1.189524450665339543e+02 2.126124259084463120e-01 3.932750279325991869e+02 1.898017153143883029e-01 3.941031666472554207e+00 1.613041628990322351e+01 4.193571954965591431e-02 2.562844771891832352e-01 3.234248235821723938e-02 0.000000000000000000e+00 4.873425964266061783e+01 3.326426856219768524e-01 7.738886065781115375e-01 8.082584664225579696e-02 9.105837401002645493e+00 0.000000000000000000e+00 0.000000000000000000e+00 0.000000000000000000e+00 1.257187786716967963e+02 3.909584525972604752e-01 1.790528483688831329e-01 0.000000000000000000e+00 7.074989471584559597e-01 0.000000000000000000e+00 1.087372567504644394e+00 2.135963179171085358e-02 0.000000000000000000e+00 0.000000000000000000e+00 3.127848356962203979e-02 1.637068646028638108e+00 0.000000000000000000e+00 2.409878745675086975e-02 2.634904680773615837e+00 6.691008992493155394e-02 1.024082131683826447e+00 8.049954138696194805e-01 0.000000000000000000e+00 4.819792564958333969e-01 0.000000000000000000e+00 8.441024832427501678e-02 3.737991619855165482e-01 3.198087960481643677e-02 0.000000000000000000e+00 0.000000000000000000e+00 0.000000000000000000e+00 5.706779100000858307e-02 1.271723620593548099e-01 0.000000000000000000e+00 0.000000000000000000e+00 2.596956100314855576e-01 0.000000000000000000e+00 0.000000000000000000e+00 2.780031226575374603e-02 1.203345732763409615e+00 0.000000000000000000e+00 4.185972847044467926e-01 0.000000000000000000e+00 0.000000000000000000e+00 0.000000000000000000e+00 0.000000000000000000e+00
1.349307196214795113e+00 9.136286005377769470e-02 1.137404844164848150e+01 3.707778453826904297e-02 7.267725840210914612e-02 3.214616999030113220e-01 1.190274566411972046e+00 7.824357021600010231e-01 8.974509984254838146e-01 4.479904379695653915e-01 1.845989078283309937e-01 4.215333483554422855e+01 1.898017153143883029e-01 3.508248567394912243e+01 2.266861845739185810e+00 0.000000000000000000e+00 1.651485487818717957e-01 7.255427371710538864e-01 1.700507242325693369e+01 6.924539674073456830e+00 0.000000000000000000e+00 1.836468875408172607e-01 7.286585658788680142e+00 5.627477355301380157e-01 1.376988438889384492e+00 1.077975837141275406e+01 3.987568743620067835e+01 5.356498463544995303e+01 9.872669260948897518e-01 4.691841294988989830e+00 8.916975520551204681e-01 8.660911490209400654e+00 1.829453723505139573e+00 7.569955661892889542e-02 9.363206457346677780e+00 5.230664778500795364e-01 0.000000000000000000e+00 5.812394261360169345e+00 3.301924839615821838e-02 0.000000000000000000e+00 0.000000000000000000e+00 4.066757485270500183e-02 0.000000000000000000e+00 4.558915253728628159e-01 1.185711203143000603e+00 0.000000000000000000e+00 5.032437863945960999e+01 2.425194531679153442e-02 1.013336118506267951e+02 2.146922983229160656e-02 2.115079201757907867e-02 7.045171670615675286e-01 8.793395385146139664e-02 4.397366165183484554e+00 5.102839671075344086e+00 0.000000000000000000e+00 1.233857385814189772e-01 1.102204479184001507e+01 7.059387303888797760e-02 3.459909129887819290e+00 8.223118314519524574e+00 1.980755887925624847e+01 1.165309294126928030e+01 2.481969352811574936e-01 1.812517456710338593e-02 4.452424682676792145e-02 1.505307100061327041e+01 0.000000000000000000e+00 0.000000000000000000e+00 7.161750458180904388e-02
5.858613612130284309e+00 2.412636395543813705e+01 0.000000000000000000e+00 7.516899704933166504e-02 2.355775548145174980e+00 1.537955474108457565e+00 3.069439097400754690e+01 8.529411271587014198e+01 1.686380692720413208e+02 1.437918348424136639e+01 2.041536475531756878e+01 1.583412014413625002e+01 3.941031666472554207e+00 2.266861845739185810e+00 2.378052254356444450e+02 2.177901379764080048e+00 1.354962179437279479e+00 1.225995251908898576e+00 2.101529147475957870e-01 2.456062268465757370e+00 1.888061955571174400e+00 1.319260984845459461e+01 1.936943214386702139e-01 8.440700411796568048e+00 2.262786555849016068e+01 5.943249538540840149e-02 1.099530834704637527e+00 1.635242328047752602e+00 2.643870533257723210e+01 1.477504882151260972e+02 6.449262430705130100e+01 2.528299391269683838e-02 9.851020229980347764e+00 8.852953784167764795e+00 6.881827108003199100e+01 7.001927867531775040e-02 9.712741039693354450e-01 0.000000000000000000e+00 8.411891199648380280e-02 2.315146457403897962e-01 2.213244512677192341e-02 1.397208513692021148e+00 1.653668349608779176e+00 1.595275256782770157e+00 3.165169544517993927e-01 1.772517845034599304e+00 9.783186577260495620e-02 1.733588762581348419e-01 7.262977585196495056e-02 1.735808307304978371e+00 0.000000000000000000e+00 1.129837576299905777e-01 0.000000000000000000e+00 0.000000000000000000e+00 2.135678455233573914e-01 0.000000000000000000e+00 2.362798526883125305e-01 0.000000000000000000e+00 1.280384590849280135e+00 2.351984406821429285e+00 0.000000000000000000e+00 6.506643258035184341e-02 5.482888221740724738e-02 3.754019692540168762e+00 0.000000000000000000e+00 7.671504784375430264e-01 9.012959152460099654e-02 0.000000000000000000e+00 0.000000000000000000e+00 3.532387129962444305e-02
2.835228621959685835e+00 1.684535872191190442e-01 1.649543624371289929e-01 0.000000000000000000e+00 3.094058720394968987e+00 1.170652459748089136e+01 2.367853602394461632e+01 4.021487243473529816e+00 1.091964324656874119e+01 4.204210925847291946e+00 4.560739068314433098e+00 2.895221114158630371e-02 1.613041628990322351e+01 0.000000000000000000e+00 2.177901379764080048e+00 7.608865600079298019e+00 3.839489445090293884e-02 0.000000000000000000e+00 0.000000000000000000e+00 1.375468820333481113e-01 5.308889113366603851e+00 1.666235197335481644e-01 3.206770459190011024e+00 6.572568044066429138e-02 3.115723239257931709e+00 0.000000000000000000e+00 0.000000000000000000e+00 2.188930660486221660e-02 2.954923979938030243e+00 3.608619570732116699e-01 8.445528857409951851e-01 0.000000000000000000e+00 2.877938868477940559e+00 0.000000000000000000e+00 4.669946134090423584e-01 0.000000000000000000e+00 0.000000000000000000e+00 0.000000000000000000e+00 0.000000000000000000e+00 0.000000000000000000e+00 2.655313536524772644e-02 4.607619717717170715e-02 1.404680889099836349e-01 0.000000000000000000e+00 2.960797399282455444e-02 5.029710307717323303e-01 0.000000000000000000e+00 5.225552879273890339e-01 5.114957317709924872e-02 0.000000000000000000e+00 2.208052016794681549e-02 3.220730796456336975e-01 0.000000000000000000e+00 0.000000000000000000e+00 0.000000000000000000e+00 0.000000000000000000e+00 1.020478233695029935e-01 5.154445208609104850e-02 1.558091025799512308e-01 2.791036069393157959e-01 0.000000000000000000e+00 0.000000000000000000e+00 1.985635608434677124e-02 1.184456843882799149e+00 0.000000000000000000e+00 7.481503020972012363e-01 0.000000000000000000e+00 0.000000000000000000e+00 0.000000000000000000e+00 0.000000000000000000e+00
8.046407997608184814e-02 4.483219608664512634e-02 5.814808160066604614e-01 7.259063329547641441e-01 0.000000000000000000e+00 4.377294890582561493e-02 1.629552965983748214e+00 1.416845863685011864e+00 1.571540497243404388e+00 3.202123995870351791e-01 2.053802683949470520e-01 7.180924341082572937e-02 4.193571954965591431e-02 1.651485487818717957e-01 1.354962179437279479e+00 3.839489445090293884e-02 3.147023998200894113e+01 2.629845775663852692e-01 4.699853248894214630e-02 1.980196908116340637e-01 0.000000000000000000e+00 4.858146515209227800e+01 2.898559074383229017e+01 6.573991662915796041e+01 1.126686542574316086e+01 0.000000000000000000e+00 2.593641079030931440e+00 1.623349201679229736e+01 2.583932047896087170e+01 2.379042726010084596e+00 1.024652294069528757e+01 8.889542315155265495e-01 2.208529040217399597e-02 7.089808583259585295e-02 9.087491612881419822e-01 0.000000000000000000e+00 4.189543984830379486e-01 9.295927733182904329e-02 1.300353156402706878e+00 0.000000000000000000e+00 2.868058532476425171e-02 1.644928101450204849e-01 8.813653606921434402e-01 8.664011005312203251e-01 6.283297147601842880e-01 1.062386147677898546e-01 4.809553548693656921e-02 0.000000000000000000e+00 7.897231150418519974e-01 1.425145696848630628e-01 8.284357376396654649e-02 9.386858212854711780e+01 1.606921024620532990e+00 2.301636710762977600e-02 3.804569914937019348e-01 0.000000000000000000e+00 7.497958399821072817e+01 2.305053128860890865e+00 1.076596059203148172e+02 6.166521094739437103e+00 1.787522435188293457e-02 1.638475209474563599e-01 2.719799561519175768e+01 3.503321932628750801e+00 2.635838288813829422e+00 3.233538334723562002e+01 2.358645759522914886e-02 0.000000000000000000e+00 3.167971968650817871e-02 3.209718633443117142e-01
2.033610623329877853e-01 2.530194856226444244e-01 5.508235201239585876e+00 2.343521110992878675e+01 1.154688000679015975e-01 0.000000000000000000e+00 7.502436041831970215e-01 6.783867171034215993e+00 1.513337880373001099e+00 0.000000000000000000e+00 2.204743288457393369e-01 6.479655094444751740e+00 2.562844771891832352e-01 7.255427371710538864e-01 1.225995251908898576e+00 0.000000000000000000e+00 2.629845775663852692e-01 1.879022699594497325e+01 1.417168152984231355e+01 2.365732917189598083e+01 0.000000000000000000e+00 5.000266851857304573e+01 3.015858095139265505e+00 6.974568780511617661e+01 4.253917820751667023e-01 8.133834432810544968e-01 1.280433434871956990e+02 1.260904617039487050e+02 1.666652427986264007e+00 1.480843737721443176e+00 7.534319480881092268e+00 4.602210167795419693e-01 2.968062646687031139e-02 0.000000000000000000e+00 3.353398684412240982e-01 0.000000000000000000e+00 0.000000000000000000e+00 2.137685710564255714e+00 1.838888091966510041e+00 0.000000000000000000e+00 0.000000000000000000e+00 0.000000000000000000e+00 2.193660289049148560e-02 1.351440288126468658e-01 0.000000000000000000e+00 0.000000000000000000e+00 3.758644461631774902e-01 0.000000000000000000e+00 1.384802550077438354e+00 0.000000000000000000e+00 0.000000000000000000e+00 1.203658413141966005e-01 3.887178573757410049e+00 3.609492871910333633e-01 7.123809885233640671e+00 0.000000000000000000e+00 2.228163983672857285e-01 1.649522148072719574e-01 3.586914028972387314e+00 3.274009749293327332e-01 2.315970715135335645e-01 4.138324216753244400e+01 4.052457979600876570e+01 6.953511387109755082e-02 1.269268773496150748e+00 6.949672661721705003e-02 6.086502354592085995e-01 0.000000000000000000e+00 0.000000000000000000e+00 0.000000000000000000e+00
1.649034097790718079e-01 0.000000000000000000e+00 8.523327484726908043e-01 4.500524196773767471e-01 0.000000000000000000e+00 3.779218718409538269e-02 4.716037213802337646e-02 7.994294818490744747e-01 1.203250115737318993e+00 0.000000000000000000e+00 0.000000000000000000e+00 4.165131578501313925e+01 3.234248235821723938e-02 1.700507242325693369e+01 2.101529147475957870e-01 0.000000000000000000e+00 4.699853248894214630e-02 1.417168152984231355e+01 3.649175778031349182e+00 1.096730630658567129e+01 0.000000000000000000e+00 1.952265622094273567e+00 2.722165305167436600e-01 3.605413356795907021e+00 1.945052612572908401e-01 1.352560317143797874e+00 2.726847459375858307e+01 4.912667872384190559e+00 1.496552843600511551e-01 8.144197817891835056e-01 9.602306522428988300e-01 1.680962525308132172e+00 2.112607713788748065e-01 0.000000000000000000e+00 2.797626158222556114e+00 0.000000000000000000e+00 0.000000000000000000e+00 1.196628995239734511e-01 2.755434997379780163e-02 0.000000000000000000e+00 0.000000000000000000e+00 0.000000000000000000e+00 0.000000000000000000e+00 0.000000000000000000e+00 7.941562682390214400e-02 0.000000000000000000e+00 2.342025019228458405e+00 0.000000000000000000e+00 2.110968898981810060e+00 0.000000000000000000e+00 0.000000000000000000e+00 0.000000000000000000e+00 2.482104487717151642e-02 9.162953197956085205e-01 8.656737394630907856e-01 0.000000000000000000e+00 5.647839419543743827e-02 0.000000000000000000e+00 0.000000000000000000e+00 2.704142592847347606e-02 5.938055217266084984e-01 1.023824670352041721e+01 3.227155376225709915e+00 0.000000000000000000e+00 0.000000000000000000e+00 0.000000000000000000e+00 2.840230517089366913e+00 0.000000000000000000e+00 0.000000000000000000e+00 0.000000000000000000e+00
5.168137848377227783e-01 4.785189777612686157e-02 4.389552013948559761e+00 4.198038201779127121e+00 4.317751154303550720e-02 4.716119728982448578e-02 0.000000000000000000e+00 2.052956108003854752e+00 1.300688279792666435e+00 8.030794560909269852e-02 0.000000000000000000e+00 1.505082882754504503e+01 0.000000000000000000e+00 6.924539674073456830e+00 2.456062268465757370e+00 1.375468820333481113e-01 1.980196908116340637e-01 2.365732917189598083e+01 1.096730630658567129e+01 1.980332440882921219e+01 0.000000000000000000e+00 1.293596069328487097e+01 2.042950244620442390e+00 2.227020006161183119e+01 1.729824300855398456e-01 3.055062929168343544e+00 9.255326251219955225e+01 3.770152022223919630e+01 9.142103325575590134e-01 4.390915483236312866e-01 1.877610329538583755e+00 2.400421189144253731e+00 1.641559042036533633e-01 3.915562108159065247e-02 5.367188906297087669e+00 8.289563655853272872e-02 0.000000000000000000e+00 2.373414076864719391e-01 4.101159144192934036e-01 0.000000000000000000e+00 0.000000000000000000e+00 0.000000000000000000e+00 0.000000000000000000e+00 0.000000000000000000e+00 0.000000000000000000e+00 0.000000000000000000e+00 9.970866777002811432e-01 0.000000000000000000e+00 2.624486591666936874e+00 0.000000000000000000e+00 0.000000000000000000e+00 5.675176158547400040e-02 4.605910889804363251e-01 1.598554357886314392e+00 6.479786701500415802e+00 0.000000000000000000e+00 4.316781833767890930e-02 0.000000000000000000e+00 1.945977061986922940e-01 5.147791504859925427e-01 7.394965644925833859e-01 1.709832585696130991e+01 9.932600322179494512e+00 2.357581071555614471e-02 3.473336622118949890e-02 0.000000000000000000e+00 2.494580410420894623e+00 0.000000000000000000e+00 0.000000000000000000e+00 0.000000000000000000e+00
4.043380953371524811e-01 3.924095630645751953e-02 0.000000000000000000e+00 0.000000000000000000e+00 3.684629724081605673e+01 1.784575767815113068e-01 3.550009026098996401e+01 3.058059385046362877e+00 8.728422397747634065e+00 6.361083974130451679e+00 3.120607300940901041e+01 6.540851108729840435e-01 4.873425964266061783e+01 0.000000000000000000e+00 1.888061955571174400e+00 5.308889113366603851e+00 0.000000000000000000e+00 0.000000000000000000e+00 0.000000000000000000e+00 0.000000000000000000e+00 3.258727330714464188e+00 0.000000000000000000e+00 0.000000000000000000e+00 2.401335537433624615e-02 2.378210105001926422e+00 0.000000000000000000e+00 0.000000000000000000e+00 0.000000000000000000e+00 5.829871025681495667e+01 1.511965747922658920e-01 3.186882659792900085e-02 0.000000000000000000e+00 2.052772901952266416e-01 0.000000000000000000e+00 2.043959833681583405e-01 2.335701882839202881e-02 0.000000000000000000e+00 0.000000000000000000e+00 0.000000000000000000e+00 2.470736391842365612e-02 0.000000000000000000e+00 2.193425223231315613e-02 7.379260100424289703e-02 1.645059511065483093e-02 2.805655002593994141e-01 5.581164341419935226e-01 0.000000000000000000e+00 7.125749625265599685e-02 2.154682576656341553e-02 2.712407149374485016e-02 0.000000000000000000e+00 0.000000000000000000e+00 0.000000000000000000e+00 0.000000000000000000e+00 0.000000000000000000e+00 2.415882982313632965e-02 0.000000000000000000e+00 0.000000000000000000e+00 2.592932432889938354e-02 6.007244810461997986e-02 0.000000000000000000e+00 0.000000000000000000e+00 0.000000000000000000e+00 8.646253123879432678e-02 0.000000000000000000e+00 0.000000000000000000e+00 0.000000000000000000e+00 0.000000000000000000e+00 0.000000000000000000e+00 0.000000000000000000e+00
5.938446521759033203e-01 1.887884747236967087e+00 4.622047990560531616e-01 1.045482940301298953e+02 2.880886383354663849e-02 9.796004928648470444e-02 3.726034554652869701e+00 2.614558144751936197e+01 1.263594979699701071e+01 2.196329608559608459e-01 1.763350199908018112e-01 4.146831169724464417e+00 3.326426856219768524e-01 1.836468875408172607e-01 1.319260984845459461e+01 1.666235197335481644e-01 4.858146515209227800e+01 5.000266851857304573e+01 1.952265622094273567e+00 1.293596069328487097e+01 0.000000000000000000e+00 2.870444638524205061e+02 9.178502492606639862e+00 3.561480526290833950e+02 2.238104794174432310e+00 0.000000000000000000e+00 6.845092498417943716e+01 8.173404435720293293e+01 8.778884202986955643e+01 2.139491374231874943e+01 2.992596792764961720e+02 6.247350387275219658e-02 3.800498060882091522e-01 8.347363471984862171e-01 2.005293029081076384e+01 1.736256666481494904e-01 6.253575589507818222e-01 2.010893337428569794e-01 5.252020025625824928e+00 0.000000000000000000e+00 3.058861941099166870e-02 8.919601645320655026e-01 1.666231185197829978e+00 6.588388858363032341e+00 9.508881978690625347e-01 5.636257771402598538e-01 5.895390361547470093e-02 2.255127578973770142e-02 1.690913178026675831e-02 2.553916282951832262e+00 2.148082293570041656e-02 3.298646422475576401e+01 1.105618322268128617e+00 1.179734393954277039e-01 1.139955263584852219e+00 0.000000000000000000e+00 4.199329118803143501e+01 1.460565714165568352e+00 3.933692421577870846e+01 1.897615497000515461e+01 0.000000000000000000e+00 1.472348839975893275e+00 2.036746658384799957e+01 4.114143982529640198e+00 5.693824678659439087e+00 4.805934166256338358e+01 7.257429510354994340e-02 0.000000000000000000e+00 0.000000000000000000e+00 1.686449553817510605e-01
