1.000000000000000000e+00 3.828216236651981186e-01 4.544903105407488431e-01 5.527137497567840008e-01 9.678782753243948822e-02 5.929546646357864992e-01 5.702478891736523225e-01 4.991119335987739269e-01 3.128494270301693803e-01 4.631069487722949130e-01 3.618424086481413782e-01 5.690169107323396203e-01 2.054576904075953447e-01 6.013472862427966525e-01 2.595002854759833055e-01 5.414462560690312953e-01 5.202404771887516599e-01 3.541786269415870825e-01 4.704983910631024280e-01 5.088149141873202774e-01 6.205937656630481358e-01 4.361355768606233752e-01 6.159821488803938205e-01 4.475645823049981820e-01 9.487000188739348749e-02 4.493094008954386376e-01 5.262232899983870782e-01 5.091028059089085511e-01 7.280501774621179756e-01 6.536426614736587926e-01 1.313385482583888375e-01 1.815181510164619871e-01 4.326496387449996761e-01 4.776299665504212255e-01 7.192462296773163288e-01 3.707694096053565924e-01 5.105927679440691591e-01 4.924597383956836882e-01 6.501302463522500019e-02 5.540571418583980501e-01 5.077999373753362411e-01 4.925920052507448688e-01 3.209007000356706718e-01 4.466813508093159246e-01 3.225116332438029976e-01 5.298065047924197524e-01 9.186875799133685516e-02 5.282995920985045224e-01 3.763892018808097650e-01 5.300782595970772171e-01 4.554645896601317023e-01 2.619402573980613713e-01 4.965228917664520347e-01 4.734528583675090552e-01 5.806734891766807127e-01 3.462415356225631013e-01 6.120776057377108614e-01 5.148599247215215335e-01 6.090202856932562525e-02 5.222538209028595446e-01 5.088555006825008498e-01 4.976778422062542173e-01 6.776938894045650974e-01 5.835736475105457455e-01 1.032660869933639952e-01 3.697913491050835305e-02 3.766506105777546187e-01 5.205214055098023040e-01
3.828216236651981186e-01 1.000000000000000000e+00 2.557956317123580292e-01 3.582240755231427820e-01 8.018961875954404295e-02 3.016297666730252680e-01 2.940638052269897718e-01 2.591862371811174959e-01 2.731054254070568454e-01 2.491073841576817993e-01 2.778473036781897720e-01 3.514121273663408096e-01 9.165396303807910039e-02 2.794286245988609196e-01 2.029750198881777046e-01 4.167935037146027755e-01 3.135454540941229329e-01 1.675568565286991995e-01 2.230781221732827391e-01 3.219722984633754392e-01 3.818750143758843363e-01 4.868052990156629956e-01 4.596863565649017547e-01 4.237039025672707515e-01 1.950247824377616679e-01 4.378703533967692740e-01 4.040691935480307251e-01 3.796091106467803789e-01 4.756796484493455157e-01 4.863463998072538041e-01 5.374470436314980615e-02 4.004298706062112134e-02 4.159690405785692047e-01 4.848747151258801513e-01 3.020345701106087466e-01 4.914234643267201830e-01 2.394516935195136476e-01 2.891653722416354100e-01 4.315188648256057524e-02 2.468829539368062875e-01 2.271990966994957006e-01 2.164507411874668774e-01 2.727137438165541661e-01 2.295738135874595964e-01 1.898477528037463558e-01 3.150903805785677525e-01 7.395896505988784619e-02 1.960687934219401130e-01 1.923900382783047536e-01 4.235417692862258887e-01 2.746933702696806034e-01 8.073117502072421278e-03 1.763428599199200475e-01 3.073419655511162030e-01 3.439372530356398228e-01 4.455007533025436839e-01 4.427331543626745192e-01 4.143331129407581415e-01 2.064842797852738387e-01 3.492043768884763866e-01 3.377958399925926058e-01 3.663849151273226301e-01 4.296713743750010250e-01 4.565397555932327323e-01 -1.698383921623154713e-02 2.592015546654983724e-02 3.772911110552683578e-01 4.883721500858460018e-01
4.544903105407488431e-01 2.557956317123580292e-01 1.000000000000000000e+00 3.767188869739788171e-01 1.052471886438185872e-01 4.228505589307611223e-01 6.892832000836841555e-01 5.148846462296949866e-01 3.956149920772362716e-01 3.289304190552753693e-01 3.813936580832012480e-01 4.219655814812119932e-01 2.946034106732965396e-01 6.490178935450553466e-01 2.904921633190770125e-01 3.411243689166186810e-01 5.400874432108260237e-01 4.655217823684336675e-01 4.367793167611265792e-01 4.205425131190363430e-01 4.117477061628803114e-01 3.731178602451738491e-01 3.877526171304122027e-01 4.534905280512160908e-01 2.231356676384304016e-01 5.832009861812827989e-01 6.546028197276908545e-01 3.747794535250041359e-01 4.559422109333005624e-01 4.847726827759082369e-01 1.467304239322417547e-01 1.371452306689579237e-01 3.191870559462073320e-01 3.004092159113067040e-01 4.127977624958940051e-01 2.262517773330964543e-01 6.149422917403050137e-01 3.231415364406380331e-01 5.021551040450047965e-02 3.730593536971680280e-01 5.336437622828104077e-01 3.828917235371738226e-01 3.262931717012764188e-01 3.228788584669345929e-01 2.883218930699464333e-01 3.834477419850184088e-01 1.196249940785585886e-01 4.573041305714177218e-01 3.171079734356536672e-01 3.150641743321785371e-01 2.856871925502730281e-01 2.593758796572323555e-01 3.065216977023220157e-01 4.297856686518554681e-01 4.151440894149628358e-01 2.331191982979013699e-01 3.958931695409733109e-01 4.009541383446468821e-01 5.146703565479460174e-02 4.964057040725329273e-01 4.530808766135049903e-01 3.689485946843805153e-01 3.954253408383304746e-01 3.932952637687856523e-01 9.171222849131578647e-02 1.557140403047527211e-02 2.963828989364102329e-01 3.081636304440760754e-01
5.527137497567840008e-01 3.582240755231427820e-01 3.767188869739788171e-01 1.000000000000000000e+00 6.509710537521429252e-02 7.174988185379366223e-01 5.607220794191232205e-01 5.381107222299107429e-01 3.944746337421066729e-01 6.225373425931750582e-01 3.243020481517138176e-01 8.666978304122607835e-01 1.471599765817710459e-01 5.040804922852666348e-01 3.833472415498336283e-01 6.211189745098508741e-01 4.081278649374430190e-01 3.261234569406197825e-01 4.192942158335418723e-01 7.383433539770133391e-01 7.289002434724950463e-01 5.041944020395219273e-01 6.784319864218060214e-01 5.657997400943397537e-01 6.393501031983161997e-02 5.010427370111784073e-01 4.348209138620489633e-01 7.808572515462793850e-01 5.847344526040951784e-01 6.372385615105574663e-01 1.057923910103512749e-01 1.109697039874494168e-01 3.923153993563879283e-01 5.081012292680819886e-01 5.410512388118554616e-01 3.670070191305104257e-01 4.352537022061245819e-01 8.932855205081657868e-01 7.663691922004303714e-02 6.708450886519269352e-01 5.522859201620634595e-01 5.596443156895815063e-01 4.377083133851837338e-01 6.026287932303697747e-01 2.938300767137005387e-01 8.634484147809261545e-01 4.328165643182051159e-02 4.883461371982750765e-01 4.704788465474736281e-01 5.716931926368780115e-01 3.579171199488732080e-01 2.067181901643429798e-01 3.974923828370622303e-01 7.315741946244210814e-01 7.094512447035622449e-01 4.213910146735414530e-01 6.844184559437316295e-01 6.730921724290130914e-01 3.742929421433371234e-02 5.552349125069933056e-01 4.264605316680830094e-01 7.869304095853741909e-01 5.628547410074933310e-01 6.632856535281012045e-01 2.192294762920495368e-02 1.830702076894327041e-02 3.431984674824695714e-01 5.527937784142294975e-01
9.678782753243948822e-02 8.018961875954404295e-02 1.052471886438185872e-01 6.509710537521429252e-02 1.000000000000000000e+00 1.293034640866157214e-01 1.253079064926667929e-01 1.294658813827882504e-01 1.010154407109670055e-01 2.874822371373941116e-02 1.067496918890926544e-01 8.271563559147460110e-02 1.078653867402219191e-01 1.492705546509879855e-01 1.134774901513981860e-01 8.812616227554034842e-02 6.829111153857163330e-02 9.699023521729370489e-02 9.085122715488974654e-02 9.790776284067283231e-02 9.302144165769038464e-02 9.626012522232443858e-02 8.715964070197015912e-02 1.196598710732937054e-01 6.583431690079991072e-02 9.789789327903876404e-02 1.468430463869537794e-01 7.350017445383191794e-02 1.135824802664580774e-01 8.940492595880615567e-02 1.483491450379796975e-02 1.727989248864756355e-01 5.424981966804031525e-02 9.403816795254030247e-02 9.338692662600416028e-02 7.681830878153049491e-02 8.042973260804441027e-02 6.377751153081936963e-02 3.403604730842928194e-02 1.010798996294379470e-01 1.081978291620783045e-01 1.303929214790316982e-01 9.900317326794307038e-02 3.780748463675037696e-02 5.467908316705694799e-02 9.105199726211909983e-02 4.342017924703839987e-02 1.156631450923222698e-01 9.082329978635725332e-02 9.435672498568961619e-02 7.486836411222122512e-02 1.769520776161901537e-02 8.764310801231267600e-02 9.664108350734521014e-02 9.150095202155721086e-02 6.822866054690943094e-02 8.753448195953182631e-02 1.142762585406436743e-01 2.031660594821281876e-02 7.750164847387064349e-02 1.053051328985978169e-01 7.793095159779386827e-02 9.048477604330103230e-02 9.081690119223059798e-02 6.741681906756258336e-02 -2.584697155686075526e-03 8.206256681866011538e-02 8.878142415844340885e-02
5.929546646357864992e-01 3.016297666730252680e-01 4.228505589307611223e-01 7.174988185379366223e-01 1.293034640866157214e-01 1.000000000000000000e+00 5.876542632044364778e-01 6.391950424790295848e-01 3.395414691479204938e-01 7.020943458866402143e-01 3.148674760805315054e-01 7.880569357300187816e-01 2.454441960286210811e-01 5.738107283580446971e-01 4.263170714930539784e-01 5.417173246268305320e-01 4.435457384687668814e-01 3.793340023014278861e-01 4.486641113917133050e-01 6.806587575758930031e-01 6.706652157350473376e-01 4.214771931042154418e-01 6.395875178036745101e-01 4.637497408836391277e-01 9.098237950206244928e-02 4.762572213303803981e-01 4.826064890917199923e-01 6.807335851815916605e-01 6.063590064960260317e-01 5.960152190441563302e-01 1.312494099304258310e-01 2.248249842275384103e-01 3.695023968212480803e-01 4.659659171445136305e-01 5.890821693322577657e-01 3.123412218406007579e-01 5.022390403730236930e-01 6.789220392892831857e-01 1.116293169832370258e-01 8.110943998511843667e-01 5.992614941374607707e-01 6.444309567379171710e-01 3.841058242306514825e-01 7.064838056198425864e-01 2.947491310693998168e-01 7.586154525357665657e-01 1.073628658691410803e-01 5.884765204674439198e-01 4.977884894022204243e-01 5.251922759584366496e-01 3.937606705742968671e-01 2.258530441872178274e-01 4.502434412519372153e-01 6.610811317173412860e-01 6.481425541839317406e-01 3.348099434781607875e-01 6.277170787450579992e-01 5.859933997602020384e-01 1.972926930244056284e-02 5.185396656850635999e-01 4.691341367120995809e-01 6.954134264378959429e-01 5.600714191547376819e-01 5.963152194486598390e-01 1.082247831179090763e-01 5.038924936737576576e-02 3.175374327566544697e-01 4.830695491168491840e-01
5.702478891736523225e-01 2.940638052269897718e-01 6.892832000836841555e-01 5.607220794191232205e-01 1.253079064926667929e-01 5.876542632044364778e-01 1.000000000000000000e+00 6.805980076657549560e-01 5.891155331287415420e-01 5.237663042628170063e-01 3.779135383285626704e-01 6.058356992741176228e-01 3.620469552146567405e-01 8.236895240240572624e-01 4.128855232859737767e-01 4.645158868967628751e-01 4.678439068890695718e-01 4.962991238798367677e-01 4.337461170161730495e-01 5.556536705131390752e-01 5.618938420110777265e-01 4.879806665376631436e-01 4.321534231980654894e-01 7.428251887313124247e-01 1.854385950327997190e-01 6.119741322155705099e-01 5.952414518045749947e-01 6.444095207178834883e-01 5.923598614962586328e-01 5.951845817134404637e-01 2.052630612321706405e-01 2.155122184547794695e-01 4.075000306119385129e-01 3.955712685656145866e-01 5.331686896043565937e-01 2.989815738195507056e-01 6.295886914236459297e-01 4.841903115740747721e-01 8.550202545927215736e-02 5.275652600415143834e-01 8.183141254135777309e-01 5.854435083204003742e-01 5.581774886489679899e-01 5.062181560108601763e-01 2.903143958117554990e-01 5.608622362182407173e-01 1.519729228252985065e-01 6.602263813928825886e-01 4.279727950508380174e-01 4.068101713334621450e-01 2.583980888044929980e-01 2.937654299904318145e-01 3.197168926107426534e-01 5.675564037088858260e-01 5.393464428120346987e-01 3.792427604755882475e-01 4.476502824646290679e-01 6.905239689793676305e-01 3.849399055085218901e-02 5.879335156758984660e-01 4.604138113216489359e-01 6.277314073124924398e-01 4.745606400057903462e-01 5.225320816825516079e-01 1.787757779829770577e-01 -3.083057564640351994e-03 3.301259579879501360e-01 3.893365137269595433e-01
4.991119335987739269e-01 2.591862371811174959e-01 5.148846462296949866e-01 5.381107222299107429e-01 1.294658813827882504e-01 6.391950424790295848e-01 6.805980076657549560e-01 1.000000000000000000e+00 3.944402326959705052e-01 5.068021867502335853e-01 3.678120148185504146e-01 5.669095567692645776e-01 2.465629993624280369e-01 6.707420901562912707e-01 3.571429945405447115e-01 4.117279155745666164e-01 4.072036856949929895e-01 4.803088648444020503e-01 3.892091285719660454e-01 5.167027117938475245e-01 5.057400627681578609e-01 4.224971839082746761e-01 4.446392287241753838e-01 4.912039495383409005e-01 9.009171541818465634e-02 5.635673725246822530e-01 4.344979121878034256e-01 6.542950195894707832e-01 5.017538016564760950e-01 6.036582157243548519e-01 1.495377742514553687e-01 1.907090915435383227e-01 3.395735990457889875e-01 3.625610396949237590e-01 4.751810664577759136e-01 2.664653646262928888e-01 4.910260113147372762e-01 4.888197130114382838e-01 7.758308348314338354e-02 5.389432175443332751e-01 6.081478753585933816e-01 6.889885460005319429e-01 3.905767682930914586e-01 5.035980537069908447e-01 2.538249865993273402e-01 5.378388859478699935e-01 4.399402376317301799e-02 6.178691468248875829e-01 3.562021998878689422e-01 3.501163465305971445e-01 2.976628887715447314e-01 2.421816519948104540e-01 3.320785799099660873e-01 5.144418418498104550e-01 4.903931674654970485e-01 3.146875499457857384e-01 4.343715442589157205e-01 4.978156339021048149e-01 -2.659689997105807099e-02 5.258345895310024831e-01 3.452042980564460906e-01 6.333871183912894720e-01 4.092076964729375321e-01 5.548998136998091191e-01 1.094752236622940217e-01 3.997991637331440445e-03 2.816034236968068538e-01 3.577257867927539081e-01
3.128494270301693803e-01 2.731054254070568454e-01 3.956149920772362716e-01 3.944746337421066729e-01 1.010154407109670055e-01 3.395414691479204938e-01 5.891155331287415420e-01 3.944402326959705052e-01 1.000000000000000000e+00 3.238266107009526440e-01 2.610121386570092294e-01 4.363158926243122515e-01 3.212060533860525147e-01 4.903927547430694256e-01 3.565235652034900449e-01 3.453891779821378072e-01 2.424514655700502064e-01 2.999376259646647225e-01 2.182526809532858714e-01 4.257146632152393750e-01 3.892151695570350012e-01 4.299780286019705966e-01 2.676682840351677917e-01 6.462492920550366726e-01 2.393431836431300641e-01 4.333377827483947398e-01 3.678093722112988906e-01 3.984361694738817739e-01 4.286309154877662730e-01 3.024696458686984557e-01 1.361490817149042520e-01 1.523281597348203620e-01 3.826224291538007360e-01 3.204724608341896208e-01 2.714897540302497192e-01 2.747582342159911595e-01 3.559912847199350194e-01 3.362454537828938883e-01 7.224172991371767549e-02 2.861130767151580656e-01 5.265619984852907276e-01 3.146550524573906715e-01 5.690703352702920492e-01 3.055406945881151692e-01 1.990414854978835857e-01 3.991847516206534774e-01 1.877869867487754196e-01 3.694607835039097621e-01 3.247995327883728134e-01 3.218586771275593339e-01 7.441181132845064994e-02 1.095096498931444201e-01 1.093120677230968174e-01 4.472035682706390625e-01 3.699422642628795721e-01 3.936180743697368367e-01 2.702200461031432632e-01 5.944559848128539992e-01 1.535425054755069629e-01 3.747270594832834978e-01 2.921034889891764852e-01 3.955834290367012396e-01 3.124532698264169683e-01 2.928273800196012910e-01 1.397137847896008367e-01 -2.334706872767308011e-02 3.092200855922214719e-01 2.825750658727507747e-01
4.631069487722949130e-01 2.491073841576817993e-01 3.289304190552753693e-01 6.225373425931750582e-01 2.874822371373941116e-02 7.020943458866402143e-01 5.237663042628170063e-01 5.068021867502335853e-01 3.238266107009526440e-01 1.000000000000000000e+00 1.986719483352179516e-01 7.012930367109978524e-01 1.631081273923367936e-01 4.362913679412068202e-01 2.644526708142260762e-01 4.738222376391383328e-01 3.418657392837862741e-01 2.851064058045566507e-01 3.324321319569220057e-01 6.146468059664668138e-01 5.842162037787843598e-01 3.750021781795476183e-01 5.365199643075321267e-01 4.358584382021408188e-01 1.187710942630196623e-02 4.002712073661098269e-01 3.169000056572375823e-01 7.013275263602017917e-01 4.926465566586877287e-01 4.862660233377849028e-01 1.299994252371659276e-01 1.499989674662365602e-01 3.268900191040820524e-01 3.916739375723282679e-01 4.144144683594830347e-01 2.795849704410460768e-01 3.648071324652294445e-01 5.609402477518128372e-01 6.899148908894836563e-02 6.243542843452265512e-01 4.821930780016720486e-01 5.103108354067595887e-01 3.341014279802370091e-01 9.284030920665674591e-01 1.793983965709859685e-01 6.366412732724422430e-01 1.590550601843446557e-02 4.197578200501834167e-01 3.353886719024201102e-01 4.425249791134810429e-01 2.392237503608169447e-01 1.411513097657961513e-01 2.715741170965741413e-01 5.908101538823452570e-01 5.516767460690323865e-01 3.142975389381121865e-01 5.149097909163673492e-01 4.967660092063260757e-01 -1.067327000400169860e-02 4.554452961527264976e-01 3.037868412532698792e-01 7.034013235723610702e-01 4.181942820480901712e-01 4.751719543032851822e-01 8.155999084747790617e-02 -7.368681895426040795e-03 2.343385032200356599e-01 4.018376434454762891e-01
3.618424086481413782e-01 2.778473036781897720e-01 3.813936580832012480e-01 3.243020481517138176e-01 1.067496918890926544e-01 3.148674760805315054e-01 3.779135383285626704e-01 3.678120148185504146e-01 2.610121386570092294e-01 1.986719483352179516e-01 1.000000000000000000e+00 3.143957250924213631e-01 1.981137071986723841e-01 3.903091177990934413e-01 2.239588766139978260e-01 3.049154913621717755e-01 4.220788589120751944e-01 3.597841313048497636e-01 4.165212987778219023e-01 2.984068837826647780e-01 3.360849342402631446e-01 3.470981373838626372e-01 3.608548308925375592e-01 3.375793607016047693e-01 2.403928432064101617e-01 4.579539119781687040e-01 4.481827593936747456e-01 3.091846304503522158e-01 3.676094432999985062e-01 4.331529900755825002e-01 8.945577789367857580e-02 1.151056985083516448e-01 2.757695720705320430e-01 3.947708846897055590e-01 3.147080589362498126e-01 2.652918035229109295e-01 3.254269242143478791e-01 2.760584656791172931e-01 5.014799339371929510e-02 2.633019380752752436e-01 2.781076151624984893e-01 2.861079537547339124e-01 2.441524281846977062e-01 1.931656873984479994e-01 3.071170570222304108e-01 2.994023116470812540e-01 1.187140766738646741e-01 2.667093596437219993e-01 2.187070131626096536e-01 2.863961819167463174e-01 3.110426630044351715e-01 1.777678891605374845e-01 3.305646029074550962e-01 2.925302546835573114e-01 3.266560241509736118e-01 2.694282752233770339e-01 3.578903154893481320e-01 3.244263084533099417e-01 1.280391360679549451e-01 3.374381653400766456e-01 3.544557521082832841e-01 3.089763424655942448e-01 3.308408049421810437e-01 3.546254354644386431e-01 6.449381112494058377e-02 6.401286121598149040e-03 2.625081029610340511e-01 3.601692072895444907e-01
5.690169107323396203e-01 3.514121273663408096e-01 4.219655814812119932e-01 8.666978304122607835e-01 8.271563559147460110e-02 7.880569357300187816e-01 6.058356992741176228e-01 5.669095567692645776e-01 4.363158926243122515e-01 7.012930367109978524e-01 3.143957250924213631e-01 1.000000000000000000e+00 2.205410494663690990e-01 5.446734398033871161e-01 4.299698604539888835e-01 5.798130457153067852e-01 4.228835308883137634e-01 3.481055945320665201e-01 4.423405604528286017e-01 8.213644078851266572e-01 7.030924939285135844e-01 4.795854255710428338e-01 6.602153848753298249e-01 5.688819299041381061e-01 9.995131277600603770e-02 5.060152947274566548e-01 4.642810817297817194e-01 7.621447661586863154e-01 6.273745380633545254e-01 6.087638090719313944e-01 1.157565812232510954e-01 1.677669100934359447e-01 4.278668299164882782e-01 5.122000150387766571e-01 5.273651137381443199e-01 3.596844202853441974e-01 4.901425050735014333e-01 8.105516999402804235e-01 9.110259610880189207e-02 7.201201996057469135e-01 5.882859623942858773e-01 5.682016403624119416e-01 4.634475916858441513e-01 6.838171553519757362e-01 2.871355721629633151e-01 9.034113304192700200e-01 9.466511033654508023e-02 5.076589314438219036e-01 5.137085981828733994e-01 5.506780501825115914e-01 3.608835636249264067e-01 2.034096456148448140e-01 3.954375004258469661e-01 8.137808791718917911e-01 6.653053016376005990e-01 4.021008106586689834e-01 6.528275775505619771e-01 6.836431387388434144e-01 4.265696351406433190e-02 5.514578592369792087e-01 4.609625875841025788e-01 7.726369334778047104e-01 5.728104336969129795e-01 6.181062090821082267e-01 6.065367938721597657e-02 1.297555404678880919e-02 3.734173066906844585e-01 5.310009579976717742e-01
2.054576904075953447e-01 9.165396303807910039e-02 2.946034106732965396e-01 1.471599765817710459e-01 1.078653867402219191e-01 2.454441960286210811e-01 3.620469552146567405e-01 2.465629993624280369e-01 3.212060533860525147e-01 1.631081273923367936e-01 1.981137071986723841e-01 2.205410494663690990e-01 1.000000000000000000e+00 3.909282869870306376e-01 2.365621034388224742e-01 1.556115623449166874e-01 1.512374206053916370e-01 2.838850405276250322e-01 2.302130294580765901e-01 2.671283560188009720e-01 2.276652873259950582e-01 1.563561218346775916e-01 1.538666679525182990e-01 2.365711412727664331e-01 2.774046830389523821e-01 1.522406721150436348e-01 3.527661136951770193e-01 1.435107639292653170e-01 2.972563841040885557e-01 7.515223270482732087e-02 1.695272734788919877e-01 2.684759923975693630e-01 2.482926115228996089e-01 1.501324259330148458e-01 1.769339244258233135e-01 8.416662628103319110e-02 2.423240146451930699e-01 1.282274469144673579e-01 7.576220201095817952e-02 2.080579599305772964e-01 2.729002436117874963e-01 2.172366679671726974e-01 2.921411060001717352e-01 1.615506001860607943e-01 1.548399456491622028e-01 2.047772571300099376e-01 3.048780597126969361e-01 2.851733040859862345e-01 2.129180558486155339e-01 1.572526345431719541e-01 2.828760809506669291e-02 1.636972566632062254e-01 1.464996544101551390e-01 2.656966455804851135e-01 2.256669236787670896e-01 1.069422288610872573e-01 1.563025535678246314e-01 2.093180031609129521e-01 7.507474321861196120e-02 8.702886126227431240e-02 2.395132804178132790e-01 1.422537569285435288e-01 2.151506441055700269e-01 7.262620948591572145e-02 2.323189900467856339e-01 7.507780310138714719e-02 2.211483282531204742e-01 1.074128532192275692e-01
6.013472862427966525e-01 2.794286245988609196e-01 6.490178935450553466e-01 5.040804922852666348e-01 1.492705546509879855e-01 5.738107283580446971e-01 8.236895240240572624e-01 6.707420901562912707e-01 4.903927547430694256e-01 4.362913679412068202e-01 3.903091177990934413e-01 5.446734398033871161e-01 3.909282869870306376e-01 1.000000000000000000e+00 3.518778523294707195e-01 4.061323304213613206e-01 4.543536644335536279e-01 5.240898565366702844e-01 4.893233677495891776e-01 5.187654609587186716e-01 5.376771336028715043e-01 4.220780218258022298e-01 4.251369375531117156e-01 5.662722641245077071e-01 2.006890404977598186e-01 5.203385170467620391e-01 6.254054265783293154e-01 5.105477736461681015e-01 5.994842999667097105e-01 5.613102678424073400e-01 1.866399889722704930e-01 2.756842609187522553e-01 3.871405460339840676e-01 3.728702930548388750e-01 5.638087575145296348e-01 2.789049124622515752e-01 5.645690636957783060e-01 4.598374158053906147e-01 8.373258563237347130e-02 5.120712391103445782e-01 6.834514323148509485e-01 5.711287940364142557e-01 4.488168110164746372e-01 4.335064211139538215e-01 2.835288749003502251e-01 5.136598459598018529e-01 1.761370518403835295e-01 6.672249594155220676e-01 3.745749216164470652e-01 3.763248774524640683e-01 2.668722936170453974e-01 3.426729554772638409e-01 4.005937226051867195e-01 5.213120533471173879e-01 5.182600904227804284e-01 3.203911697420002702e-01 4.371435129235726191e-01 5.275562652152959719e-01 4.141527283472414001e-02 4.898615834419842718e-01 4.712499286683652366e-01 4.997336635060072307e-01 4.858496780588226205e-01 4.812876083688762963e-01 2.116102961523745329e-01 3.512663222835724769e-02 3.468954445343329085e-01 3.587634564831712058e-01
2.595002854759833055e-01 2.029750198881777046e-01 2.904921633190770125e-01 3.833472415498336283e-01 1.134774901513981860e-01 4.263170714930539784e-01 4.128855232859737767e-01 3.571429945405447115e-01 3.565235652034900449e-01 2.644526708142260762e-01 2.239588766139978260e-01 4.299698604539888835e-01 2.365621034388224742e-01 3.518778523294707195e-01 1.000000000000000000e+00 3.105637416549816843e-01 2.051218177178542601e-01 2.314738025497584950e-01 2.012236168279588622e-01 4.112399123798298750e-01 3.538889716690256093e-01 2.843377672203291628e-01 2.989887854598219374e-01 4.226727315457726730e-01 1.882746133780025810e-01 3.318874469770035085e-01 3.163703533267581691e-01 3.548759245750036095e-01 3.641161115869522291e-01 2.706740721843762798e-01 8.717804725618745476e-02 1.293224495180598232e-01 2.813957834658055712e-01 2.679751323661917484e-01 2.667429564746259252e-01 2.002397489729187130e-01 3.041255347992298241e-01 3.525436168683451221e-01 1.008975387606514396e-01 3.720367788550769106e-01 4.136656524326446926e-01 3.154498199725174201e-01 3.825015882371707865e-01 2.655052520385067782e-01 1.871837137897389425e-01 4.200897398242102176e-01 1.763452378860188297e-01 3.128345730501657651e-01 3.699706230496441761e-01 2.944215169393544218e-01 1.387977367191271516e-01 8.501544913113213975e-02 1.619398245027728889e-01 4.202742717006537898e-01 3.455920100735231371e-01 2.455737338893581589e-01 2.974119179820631786e-01 4.644653544436314618e-01 9.740971332384197601e-02 2.933168351245118988e-01 2.875271548702968971e-01 3.687587448651513666e-01 3.101402314917076075e-01 2.850487591417597555e-01 7.523109122489782252e-02 -3.954692104589679902e-03 2.509458767980623506e-01 2.451771340461076643e-01
5.414462560690312953e-01 4.167935037146027755e-01 3.411243689166186810e-01 6.211189745098508741e-01 8.812616227554034842e-02 5.417173246268305320e-01 4.645158868967628751e-01 4.117279155745666164e-01 3.453891779821378072e-01 4.738222376391383328e-01 3.049154913621717755e-01 5.798130457153067852e-01 1.556115623449166874e-01 4.061323304213613206e-01 3.105637416549816843e-01 1.000000000000000000e+00 3.673276905456908659e-01 2.480792340438923715e-01 3.267378312436447496e-01 4.793283176973116566e-01 7.780696906541419988e-01 5.603650042395809105e-01 7.491608993193419330e-01 5.243796978126105124e-01 1.213368162249762461e-01 4.421813264629079754e-01 4.698106039387708321e-01 6.374911990131872930e-01 6.340500114641862694e-01 6.050012308475281042e-01 1.197521427248730563e-01 9.616119164319494872e-02 4.737671160792717440e-01 5.580481683819330518e-01 4.943300913560623733e-01 4.207442255303062151e-01 4.022351601791157583e-01 5.527038966148589694e-01 5.859709245928550886e-02 4.931016034196321618e-01 4.353243196010390115e-01 3.926551813104330879e-01 3.737114004617247409e-01 4.559376470278351245e-01 2.840205935064162301e-01 5.735485067959389394e-01 7.741311911117847167e-02 3.860675517791810063e-01 3.678099445258032341e-01 7.341676636069954798e-01 3.524223770178986914e-01 1.365883344677094324e-01 3.269885505263365744e-01 4.652736408378853605e-01 7.502447151975623063e-01 4.549722921593478686e-01 7.515086143855729262e-01 6.028922548479316301e-01 1.075894545635104615e-01 4.728676775014403200e-01 4.457261120129734078e-01 6.286623521758529787e-01 6.209141475008170818e-01 6.187151900982876818e-01 3.349410221706054791e-02 1.406875588305596739e-02 3.990086524101443266e-01 5.947609124898746158e-01
5.202404771887516599e-01 3.135454540941229329e-01 5.400874432108260237e-01 4.081278649374430190e-01 6.829111153857163330e-02 4.435457384687668814e-01 4.678439068890695718e-01 4.072036856949929895e-01 2.424514655700502064e-01 3.418657392837862741e-01 4.220788589120751944e-01 4.228835308883137634e-01 1.512374206053916370e-01 4.543536644335536279e-01 2.051218177178542601e-01 3.673276905456908659e-01 1.000000000000000000e+00 3.987294488769288492e-01 6.261065794876533586e-01 3.865940132887851766e-01 4.132708246270836439e-01 3.478793738600380880e-01 4.977799924395154285e-01 3.432022666304175296e-01 1.377662802114168750e-01 5.310844892670500972e-01 5.518193781573889067e-01 3.698780351834115576e-01 4.540200738383710077e-01 5.527850015308793941e-01 1.211571926958510403e-01 1.088896765141108558e-01 2.530975848126243988e-01 4.281604040140361001e-01 4.432901456326352463e-01 2.887329099552649048e-01 5.056948267537867414e-01 3.612930746554838257e-01 5.861976456436601701e-02 3.916250092318243059e-01 3.931608163288163871e-01 3.706590500713166092e-01 2.113699737302521253e-01 3.486144918716228558e-01 3.478454567680462906e-01 3.851254760735319804e-01 9.164899178641139343e-02 3.917740302159690158e-01 2.792652945934996356e-01 3.464872006997633536e-01 4.858940653102339358e-01 2.351805802843470183e-01 4.725979920591339978e-01 3.716027320322031757e-01 4.096425846830566431e-01 2.432555635571180819e-01 4.896539686068536734e-01 3.546208740035591278e-01 5.151488111324682706e-02 4.589091314730771032e-01 4.499503341756911912e-01 3.881373316614730173e-01 4.038426155813823470e-01 4.663917692659537151e-01 5.485984827771357014e-02 4.154068424354223632e-02 2.569047686430445121e-01 4.286612907174545128e-01
3.541786269415870825e-01 1.675568565286991995e-01 4.655217823684336675e-01 3.261234569406197825e-01 9.699023521729370489e-02 3.793340023014278861e-01 4.962991238798367677e-01 4.803088648444020503e-01 2.999376259646647225e-01 2.851064058045566507e-01 3.597841313048497636e-01 3.481055945320665201e-01 2.838850405276250322e-01 5.240898565366702844e-01 2.314738025497584950e-01 2.480792340438923715e-01 3.987294488769288492e-01 1.000000000000000000e+00 4.921062313691094703e-01 3.364390861701604951e-01 3.368462489973399476e-01 2.775475265111074785e-01 2.591450813557252264e-01 2.596226689308563929e-01 1.312300020832009584e-01 3.468938197957185388e-01 4.449420897881732340e-01 3.180000218783662902e-01 3.579292705470198954e-01 3.216585313632188137e-01 1.421962496426154854e-01 2.251959267488056193e-01 2.609944332378572041e-01 2.383499920331001443e-01 3.443873137017627872e-01 1.814425668062069341e-01 3.718622329579158170e-01 2.946423175532774108e-01 9.086054662682574445e-02 3.249246533286891947e-01 3.878433837404251516e-01 4.024766888751097338e-01 2.738380716942409032e-01 2.942618326190165057e-01 2.302321090622402588e-01 3.310493538492578214e-01 1.184401844344609711e-01 4.259299854282433406e-01 2.253089462091501238e-01 2.133293062858646894e-01 1.714917630765302459e-01 3.439704181679005823e-01 3.163575594067058461e-01 3.511041394317968578e-01 3.376686002202838877e-01 1.736755465517559605e-01 2.750194862755012681e-01 2.494322725044573752e-01 -4.643867552207484040e-02 2.835525690057547621e-01 2.694200754135668285e-01 3.184376688596208260e-01 2.929528004203164615e-01 2.736138974393212964e-01 1.635794439312569792e-01 3.775158038967437596e-02 2.453594241660023156e-01 2.310223970889513923e-01
4.704983910631024280e-01 2.230781221732827391e-01 4.367793167611265792e-01 4.192942158335418723e-01 9.085122715488974654e-02 4.486641113917133050e-01 4.337461170161730495e-01 3.892091285719660454e-01 2.182526809532858714e-01 3.324321319569220057e-01 4.165212987778219023e-01 4.423405604528286017e-01 2.302130294580765901e-01 4.893233677495891776e-01 2.012236168279588622e-01 3.267378312436447496e-01 6.261065794876533586e-01 4.921062313691094703e-01 1.000000000000000000e+00 4.068287502385881105e-01 4.057994386771618389e-01 2.897197474180895904e-01 4.067860450844508757e-01 2.234614348961267705e-01 1.683415967821997594e-01 3.623959206596210070e-01 5.584978423614501697e-01 3.362857203753128466e-01 4.051790431225681388e-01 4.273232535610319016e-01 1.073821499954424052e-01 2.361743360249913826e-01 2.389302202238590411e-01 3.489003191068404397e-01 4.169258418942719535e-01 2.156839727451892730e-01 4.116649245032101279e-01 3.917510256986181383e-01 7.639765010806701118e-02 4.081499102607572538e-01 3.257049649843299921e-01 3.884505349577108690e-01 1.926658170037199858e-01 3.335762191355411410e-01 3.271232484940254648e-01 4.153369007308685412e-01 1.406255276847893365e-01 3.878440252335021987e-01 2.765620742386870612e-01 3.129644987257422795e-01 4.006898469672623975e-01 3.519565955556545056e-01 5.490898855491166408e-01 3.964847867486630539e-01 4.067023982099258195e-01 1.753500942821838993e-01 4.359799353087919216e-01 2.524490666179936005e-01 1.602853793896711829e-02 3.134967519772797195e-01 4.164078769462591922e-01 3.538512204655512305e-01 3.623153631719150392e-01 3.489821566290900456e-01 1.468890467468589867e-01 1.015975817114111723e-01 2.534198455052045773e-01 3.545233354776031187e-01
5.088149141873202774e-01 3.219722984633754392e-01 4.205425131190363430e-01 7.383433539770133391e-01 9.790776284067283231e-02 6.806587575758930031e-01 5.556536705131390752e-01 5.167027117938475245e-01 4.257146632152393750e-01 6.146468059664668138e-01 2.984068837826647780e-01 8.213644078851266572e-01 2.671283560188009720e-01 5.187654609587186716e-01 4.112399123798298750e-01 4.793283176973116566e-01 3.865940132887851766e-01 3.364390861701604951e-01 4.068287502385881105e-01 1.000000000000000000e+00 6.050880482809989358e-01 4.277226203026532336e-01 5.445978264694911752e-01 4.872069942442283086e-01 1.441138627080404688e-01 4.313164535525246257e-01 4.521392764294954736e-01 5.987327633850784148e-01 5.898207881924868445e-01 4.864572812728045759e-01 9.758912434402677860e-02 1.886360340309886918e-01 4.395162377202942450e-01 4.271633423129321261e-01 4.487422865206787126e-01 3.233853466856694836e-01 4.746148161032257562e-01 6.855811000702359825e-01 9.329649471846304665e-02 6.078978541926362000e-01 5.294532623711984964e-01 4.931570466848465006e-01 4.492949037933572365e-01 5.930033202608712140e-01 2.773276771381205652e-01 7.868279789932465240e-01 1.382822293373225375e-01 4.558255285778008981e-01 4.512856719254304538e-01 4.543162909762058499e-01 2.934414298407307942e-01 2.154154408872900328e-01 3.545966704418789250e-01 8.842271021780989670e-01 5.572284197866286259e-01 3.689948346509446808e-01 5.171889715890232164e-01 5.865137960974542430e-01 8.254638684627477185e-02 4.751859590423294089e-01 4.337752605926892269e-01 5.959399700152006041e-01 5.018142150541117230e-01 4.782072484989435823e-01 8.588802626963315534e-02 8.758165671906827099e-03 3.798465010750722293e-01 4.361293534183142140e-01
6.205937656630481358e-01 3.818750143758843363e-01 4.117477061628803114e-01 7.289002434724950463e-01 9.302144165769038464e-02 6.706652157350473376e-01 5.618938420110777265e-01 5.057400627681578609e-01 3.892151695570350012e-01 5.842162037787843598e-01 3.360849342402631446e-01 7.030924939285135844e-01 2.276652873259950582e-01 5.376771336028715043e-01 3.538889716690256093e-01 7.780696906541419988e-01 4.132708246270836439e-01 3.368462489973399476e-01 4.057994386771618389e-01 6.050880482809989358e-01 1.000000000000000000e+00 5.312027723866221685e-01 8.329146647980290030e-01 5.185906725167752640e-01 1.194191961096165572e-01 4.696653440132241286e-01 5.187292379930370512e-01 6.970182640790004713e-01 7.000293012647503810e-01 6.634690129468425734e-01 1.472353595992428599e-01 1.431241885691209859e-01 4.919796655189350165e-01 5.686534500807015613e-01 5.856027793502892598e-01 4.077936300707453721e-01 4.958982651352878968e-01 6.795929193044790706e-01 8.099291023032682835e-02 6.259371383162068980e-01 5.365241396541955421e-01 5.036047395331407772e-01 4.286290632286264279e-01 5.648425964666006216e-01 3.312769934981942277e-01 7.015249630020513605e-01 1.454133638760875258e-01 5.137786139185711587e-01 4.278186895195861261e-01 7.240230645336174220e-01 3.717369622743659785e-01 2.256622043226312879e-01 4.103039870186642180e-01 5.818743901997264212e-01 9.257187301122506984e-01 4.243730072752566751e-01 8.213202016655041238e-01 6.301545634091803016e-01 7.329957406093513816e-02 5.383904629997948721e-01 4.987697644539494379e-01 6.841262347586241077e-01 6.737744293362638581e-01 6.759885770398714744e-01 8.298131559729590712e-02 3.642244253126316472e-02 4.195953267834412470e-01 6.161073613919304526e-01
4.361355768606233752e-01 4.868052990156629956e-01 3.731178602451738491e-01 5.041944020395219273e-01 9.626012522232443858e-02 4.214771931042154418e-01 4.879806665376631436e-01 4.224971839082746761e-01 4.299780286019705966e-01 3.750021781795476183e-01 3.470981373838626372e-01 4.795854255710428338e-01 1.563561218346775916e-01 4.220780218258022298e-01 2.843377672203291628e-01 5.603650042395809105e-01 3.478793738600380880e-01 2.775475265111074785e-01 2.897197474180895904e-01 4.277226203026532336e-01 5.312027723866221685e-01 1.000000000000000000e+00 5.234089485718834700e-01 5.889727472985573087e-01 1.896163577312589832e-01 5.275798345948239376e-01 4.567552287981896386e-01 5.339790157148345262e-01 5.239181906805627786e-01 5.682689063775961946e-01 6.134988949607314557e-02 6.336159282994115183e-02 4.473371580961107430e-01 5.304531872190102471e-01 3.912704972029970030e-01 4.466568844254350523e-01 3.470356056810267598e-01 4.230071090080681495e-01 6.139663772785142887e-02 3.611874260292621819e-01 4.176828978651423996e-01 3.542961601061575538e-01 4.390754067272383820e-01 3.476165947149814084e-01 2.695403559216482670e-01 4.544345405175774233e-01 9.841023476180223162e-02 3.335211888906433053e-01 2.823530268738010940e-01 5.134277339647622673e-01 2.763335462610387872e-01 8.767142720426593372e-02 2.354278339743685611e-01 4.245050546876969477e-01 4.944993688814287580e-01 5.468241708647527677e-01 5.206529856515416110e-01 5.823257598339475205e-01 1.822933956325427374e-01 4.609257505786531484e-01 3.855973181655337756e-01 5.163608292853285597e-01 4.797898792814849211e-01 5.329046862094027892e-01 1.523167476657811409e-02 7.575113546193085190e-03 3.903081651170577371e-01 5.280781328874619707e-01
6.159821488803938205e-01 4.596863565649017547e-01 3.877526171304122027e-01 6.784319864218060214e-01 8.715964070197015912e-02 6.395875178036745101e-01 4.321534231980654894e-01 4.446392287241753838e-01 2.676682840351677917e-01 5.365199643075321267e-01 3.608548308925375592e-01 6.602153848753298249e-01 1.538666679525182990e-01 4.251369375531117156e-01 2.989887854598219374e-01 7.491608993193419330e-01 4.977799924395154285e-01 2.591450813557252264e-01 4.067860450844508757e-01 5.445978264694911752e-01 8.329146647980290030e-01 5.234089485718834700e-01 1.000000000000000000e+00 4.364393703471822206e-01 1.253095973063159674e-01 4.959212226423025394e-01 5.597409127142588536e-01 6.698361967889366886e-01 6.708491124317080834e-01 7.422053833234705245e-01 1.225667528771399589e-01 1.037803399799509946e-01 4.649601832892064635e-01 6.335203912092075562e-01 5.604177278420837682e-01 4.590321202230276398e-01 4.584327313469505616e-01 6.145526343674772018e-01 6.294281975268492535e-02 5.847320412572509785e-01 4.013298194215566550e-01 4.493715730651683948e-01 3.008085225724335676e-01 5.177949972837700976e-01 3.356777056017014038e-01 6.431002337431374061e-01 1.089723781128630886e-01 4.156472916820264651e-01 3.973714281013098759e-01 7.317970969555462890e-01 4.930330811903388399e-01 1.612798196673315698e-01 4.368584398633115207e-01 5.055785722854380104e-01 7.908520616467249464e-01 4.116188816620012236e-01 8.797536177349749575e-01 5.555794006334576762e-01 9.414671611749242386e-02 5.309316176039595714e-01 5.540418845527810277e-01 6.579201441828451680e-01 6.805290260896681431e-01 7.252022601723715489e-01 1.912149383276330605e-02 5.369769631246037317e-02 3.975642490690372566e-01 6.701742594420785348e-01
