1.000000000000000000e+00,2.058482257455465370e-01,5.409673229790915583e-01,-1.071374602365465500e-01,8.242739127005938027e-02,1.430066498281093723e-01,4.694442506594779796e-01,4.682491843713288415e-01,1.249545854333261735e-01,-6.614537522110316980e-02,6.733311070077875604e-02,-1.575402421634115868e-01,1.796775139735403704e-01,6.660262942066762504e-01,6.962761447259163683e-02,4.645191164240371484e-01,5.501865767975226973e-01,4.240298742698311307e-01,6.989592950901544199e-01,-2.210245872844838200e-01,5.164839577102428025e-01,6.813203375359706826e-02,5.713946546247978819e-01,2.441504676276738117e-01,4.899018905241874638e-02,2.709123264311209534e-01,4.790763274066341948e-01,2.804073316067494659e-01,7.659486343269713560e-01,4.700074157086036597e-01,2.456266382572944995e-01,1.492253107178797833e-01,1.532179582997433565e-01,2.573451360582283409e-01,6.372578807825960423e-01,5.662808391346059456e-02,2.630865166655336762e-01,-1.741994677376207390e-02,1.583932533071249760e-01,2.504212924117379391e-01,2.817607516292102154e-01,2.478538070904456880e-01,7.222611999433002639e-02,-1.347711549437249912e-02,8.960370074835063980e-02,-5.536150422279259575e-02,8.214820116105088499e-02,4.860196276791208803e-01,1.110218793281516070e-01,5.094162159881061580e-01,-6.952404673675037505e-02,2.435747498975384118e-01,2.388574177052824044e-01,-2.487091224217485297e-01,4.841224229362876552e-01,1.732825989076922646e-01,4.564164458336436025e-01,2.543112311176239926e-01,-7.561723243098264491e-02,-5.158967769519216123e-02,2.781570492774711467e-01,2.582013209444800061e-01,6.661090933582155538e-01,8.803842626645388969e-02,3.642457962553450335e-01,2.179871447419956809e-01,1.342565959618660376e-01,3.768264540218869696e-01
2.058482257455465370e-01,1.000000000000000000e+00,2.500554940633868406e-01,2.992333430269769057e-01,4.328590716760941787e-02,2.960233426997772033e-01,2.020415054793960608e-01,2.780499679535958224e-01,1.875955110842449092e-01,2.020940317041464429e-01,2.624612944751927857e-01,3.049189963852054763e-01,-1.168185676766351003e-02,4.006698255486949162e-02,1.526512445301198284e-01,3.760442872212118592e-01,3.248854225154751973e-01,5.761761134047843624e-02,2.716248051378625794e-01,2.777039515001480385e-01,3.949987000484578292e-01,3.073771965530230910e-01,4.671139718299481269e-01,3.517847723678635408e-01,1.769852803350612791e-01,4.015067457373616699e-01,4.116869381593802335e-01,4.561350361756722482e-01,3.450205592346669015e-01,3.999049580512712976e-01,1.895023538943906363e-02,9.729029187781526589e-02,3.269288531274596177e-01,4.750647396744460127e-01,2.578171622280043818e-01,3.464098438227681820e-01,2.377873263968205975e-01,2.882594602410757378e-01,7.854229233574182290e-02,3.105036620628411348e-01,2.055343092219623080e-01,1.604393063002915731e-01,1.954186638480985283e-01,2.133710368199525920e-01,1.644801262281121446e-01,3.239069904151142820e-01,2.489469119401456834e-02,3.196353626637603307e-02,2.186374593007709977e-01,3.701633576659653091e-01,2.325617893289600446e-01,4.207275805268225616e-02,2.357827654534537520e-01,2.427208576019978248e-01,4.062044959870878547e-01,4.027761419825244271e-01,4.692844080863095568e-01,3.680485476419572133e-01,8.275517598435037925e-02,2.503393284299319510e-01,3.809923898832552336e-01,4.138113422272201025e-01,3.125714591422305011e-01,3.134062207753947615e-01,5.972206359434954065e-02,1.880604764633698718e-03,2.715200730069361468e-01,4.537514578329865933e-01
5.409673229790915583e-01,2.500554940633868406e-01,1.000000000000000000e+00,2.708070804336545900e-02,2.110777746899344942e-02,1.644837156911519438e-01,8.227686129866585985e-01,3.313136162437159138e-01,4.629722388743852668e-01,6.775526144541758888e-02,3.580906540327905563e-01,3.927428707079162057e-02,3.196777364424323586e-01,6.703786740501542774e-01,2.886250202977765356e-01,3.461635011107592752e-01,6.456732180602147153e-01,5.930501739162465924e-01,6.111148517275144521e-01,1.268645302623571391e-01,4.216247647667865639e-01,3.745307143514603476e-01,4.306175093410502530e-01,6.319593882327360079e-01,2.888444491054212304e-01,7.398828364856816497e-01,7.579931577385395913e-01,2.618576557693879647e-01,4.334726624384921401e-01,4.558248400726933047e-01,3.977315714607237984e-01,1.096198442153902969e-01,2.614503720453348889e-01,2.498239893276908152e-01,3.833382776834111105e-01,1.528465786035360929e-01,5.098939176300828491e-01,3.571298540974165298e-02,1.323483640923794613e-01,1.897338275028427335e-01,5.861005225278927977e-01,1.012777104819791857e-01,4.203734317331525028e-01,4.809107613573967294e-02,2.134139593461859830e-01,1.237027888590454122e-01,1.864281977164739812e-01,5.088692382011256177e-01,2.748603646092698249e-01,3.980142242990341028e-01,-4.086220459510130770e-02,3.838543990561470998e-01,2.896237224384865527e-01,9.710503179023770304e-02,3.947642882879858206e-01,2.485370401519656491e-01,2.917162869933851987e-01,5.512026901278350710e-01,1.030423317469796873e-01,1.476714532077259279e-01,5.509732777291990180e-01,1.507056731402550420e-01,3.384192409110114985e-01,-1.149979606842625873e-01,3.356433650015564485e-01,8.034542093158461573e-02,2.759284470802558786e-01,2.220178933807608890e-01
-1.071374602365465500e-01,2.992333430269769057e-01,2.708070804336545900e-02,1.000000000000000000e+00,1.933057867255443332e-02,5.696932637696526802e-01,1.358082240889765813e-01,7.244440377323864422e-02,2.156016775480084080e-01,6.340002134952059665e-01,8.166425983018056611e-02,8.593503287249730782e-01,4.914492125200455724e-02,-9.968779068307666302e-02,1.604078876049993274e-01,2.840953254724857269e-01,-1.875837555128244752e-02,-6.402699026876126909e-02,1.124458540082472506e-03,7.832059670801863049e-01,3.165733752550233815e-01,2.626933159020821695e-01,2.276585130630410791e-01,3.645778400374404260e-01,1.099024560834279685e-01,1.468232997365657155e-01,1.714232980977493659e-01,6.246965038232489276e-01,5.033090032765370758e-02,7.964933597310930313e-02,-1.991353664408108265e-02,3.032278263704663804e-03,2.395150242566650711e-01,2.505121619582219017e-01,6.452649269993163128e-02,2.327227574035167224e-01,1.039092571499488221e-01,8.760896417802697123e-01,9.752380064459528763e-02,5.388791294709830426e-01,2.463175159534298497e-01,1.047179288322923479e-01,2.915420939946374856e-01,6.149112627832880040e-01,5.072688382863547313e-02,8.573273058170818306e-01,9.021738791941438795e-02,-3.803483448426537433e-02,2.374617045407740601e-01,2.450892930749506149e-01,5.003675538838315423e-02,-7.723641562079473777e-02,4.987891953001737100e-02,7.904251679735840863e-01,3.493500517137817507e-01,2.958927765861196213e-01,3.486549100671464951e-01,4.391332671946929223e-01,1.312620292725408255e-02,1.743651030507456789e-01,2.078533104033779555e-01,5.899112188580728500e-01,-1.443452481610662912e-02,2.066956321001329755e-01,-1.348274972711625830e-02,-6.527513347400443200e-02,1.859102516764657986e-01,2.637933761833180513e-01
8.242739127005938027e-02,4.328590716760941787e-02,2.110777746899344942e-02,1.933057867255443332e-02,1.000000000000000000e+00,5.243753501534651612e-02,5.537536501065107308e-02,9.529934536573064774e-02,7.522013733417500479e-03,1.999663375819437858e-02,5.892688107308370615e-02,-1.601836717528901111e-02,6.466328041081253336e-03,8.951596332334890715e-02,-6.872744099306783358e-03,-4.390826302651531024e-03,9.996638136072531766e-02,7.718538443301450891e-02,7.040483855215878828e-02,-1.437099046496109062e-02,-3.638654899002515073e-03,1.280468763702973488e-02,4.377266739154760111e-02,1.368549368325891469e-02,3.426827172675537842e-03,1.819180134763050821e-02,2.675592474441247995e-02,2.402893590115624811e-02,4.096432951412795620e-02,7.126266451006234293e-02,3.302544338619450848e-02,1.223761785285743392e-01,1.583347569953492268e-02,4.522470234198518874e-02,4.020610122559972743e-02,1.806410328481353536e-02,1.835617227250981379e-02,6.282577372968328744e-02,6.249853488896173204e-02,6.522194783798337947e-02,1.388590473330482411e-02,7.227809282691488590e-02,3.188859327350879874e-02,1.899632358661342696e-02,9.540826694906871797e-02,2.345768186990269868e-03,2.012832941546152665e-02,5.446794041471277048e-02,-4.537340180511178003e-03,1.935413995795665331e-05,7.075868676617140529e-02,4.328266327312722123e-02,7.255575278852109677e-02,2.382971302990435046e-03,-1.047304518013411623e-02,1.773929489146083491e-02,2.624557132820298788e-02,1.194409748746074612e-02,5.942268180445067424e-03,-1.797333325436342374e-02,3.813022089579046897e-02,4.017324545996940610e-02,5.814821175480644477e-02,6.146772969448852098e-02,2.291761568106655961e-02,4.792797881374590008e-02,4.889214656499738659e-02,5.561611096464529752e-02
1.430066498281093723e-01,2.960233426997772033e-01,1.644837156911519438e-01,5.696932637696526802e-01,5.243753501534651612e-02,1.000000000000000000e+00,3.583194487482444512e-01,3.136318888327647159e-01,3.396242730592181625e-01,7.516349763847028909e-01,8.372001817024057879e-02,6.487864116484962640e-01,1.263790348537212060e-01,4.897460676021469367e-02,2.990478455170597072e-01,4.157034594028746199e-01,8.462959269236570992e-02,5.506355225847250900e-02,1.739945986564320479e-01,4.741412810228790020e-01,4.166368294660701688e-01,2.327524263280215666e-01,3.753501662761719593e-01,4.728982908710280819e-01,1.862617211401184358e-01,2.335976318991766498e-01,2.886894289320112161e-01,7.325651802772072951e-01,2.705170095653269269e-01,2.603426351816818807e-01,2.112714845532398869e-02,1.003012950845332124e-01,2.810419922423397776e-01,3.079108601801362477e-01,3.542187157486972882e-01,2.031195352437995261e-01,2.885276698240670235e-01,5.616984315878171818e-01,1.319379171477302881e-01,8.112243446356517396e-01,4.495701429865142096e-01,2.976955197338967962e-01,3.838999316101130987e-01,7.189110514413659114e-01,1.532571968134788243e-01,7.087766587435666565e-01,1.373838685520358538e-01,1.753917636164809279e-01,3.978859250666816338e-01,3.960016528668485747e-01,2.593370544275951789e-02,3.765901247319678596e-02,1.474749576679905694e-01,4.892543566701045288e-01,4.406540535920620005e-01,3.122709826388862520e-01,3.985616704682209965e-01,5.719503869022952713e-01,2.706977282772738205e-02,1.687561036609005194e-01,2.980153479476767009e-01,7.264604169625474839e-01,2.423487559940963321e-01,2.335893835693242937e-01,9.997280445353749767e-02,8.277588585899449403e-03,1.924373967902147931e-01,3.793774725859389574e-01
4.694442506594779796e-01,2.020415054793960608e-01,8.227686129866585985e-01,1.358082240889765813e-01,5.537536501065107308e-02,3.583194487482444512e-01,1.000000000000000000e+00,3.350127265323554759e-01,6.360563111577556272e-01,2.575333957748667801e-01,3.223802236289476930e-01,1.663421219950552421e-01,4.701676423315990228e-01,6.834446629815909002e-01,4.307891176648114828e-01,3.646074284920287067e-01,5.151839415965406843e-01,6.119849334631847215e-01,4.941506446216856752e-01,1.869081100504327575e-01,4.424926591964364886e-01,3.633949706192796114e-01,3.922406259476277079e-01,7.913127926438386917e-01,3.751058018393997329e-01,6.940399690323075799e-01,7.349039824191548886e-01,3.569232117048896646e-01,4.187277970418113449e-01,3.467418307638896469e-01,4.556920707684706806e-01,1.235541954432619743e-01,2.853639298978282168e-01,1.957106844781484611e-01,3.706992389408093613e-01,1.071164848072788250e-01,4.632348434268737658e-01,1.879319844584908528e-01,2.087025599986412905e-01,3.836277089357396086e-01,7.173568977533131275e-01,1.114520368809896605e-01,6.170599822837953274e-01,2.141245670485205088e-01,2.283959630921422457e-01,2.829923126907270547e-01,3.371591995287799848e-01,5.590807305847407260e-01,4.133860595928142145e-01,4.273925125488569621e-01,-1.495677985510973640e-01,4.056051592642996861e-01,1.757185873207298410e-01,1.805660338322052083e-01,4.252942210181178129e-01,2.306722710869523185e-01,2.806732147738943417e-01,7.265679750947861004e-01,1.435973280749520409e-01,1.029727983018303428e-01,5.532691349098437517e-01,2.452233955374488739e-01,3.399894968708610521e-01,-2.102460293780739065e-01,3.599384404482497413e-01,1.252215189116247795e-01,2.857462328333464363e-01,1.915677404271445006e-01
4.682491843713288415e-01,2.780499679535958224e-01,3.313136162437159138e-01,7.244440377323864422e-02,9.529934536573064774e-02,3.136318888327647159e-01,3.350127265323554759e-01,1.000000000000000000e+00,9.216975797690572791e-02,1.248809504601559178e-01,1.491828313055243993e-01,5.578266181901071763e-02,-6.047825858379295150e-02,2.317881150622816688e-01,8.897006888702295446e-02,2.191051633407486154e-01,3.911519661597939734e-01,2.018606385426641170e-01,4.257907292684531830e-01,5.127097660748762553e-02,2.723511244650609342e-01,2.057382879260271358e-01,3.903762899451370671e-01,1.945165070133783591e-01,-3.981537605089521814e-02,3.246207933720349770e-01,2.244793661212475533e-01,4.352661060427935324e-01,3.783449726336400865e-01,5.932009177464809824e-01,-2.930407923753268820e-02,1.104553848054765641e-01,1.426215803649915070e-01,3.293510890745371400e-01,3.890275820299731180e-01,1.509765878284435869e-01,3.406246284370206268e-01,1.263334277059838529e-01,1.130145556450534577e-01,3.112523475317636179e-01,2.397822047109210708e-01,4.722468536781705417e-01,9.267716663269703892e-02,1.528679271773093207e-01,2.208062222738854385e-01,1.270748351337454007e-01,-3.286527509426936250e-02,1.948077716286547301e-01,1.008372721808153544e-01,2.470882427627838496e-01,2.008499044625967067e-01,1.706940394335220990e-01,2.484072430869389558e-01,4.673261165228513592e-02,2.355326729080958470e-01,2.381002285230537918e-01,3.030009468640457726e-01,2.377043037237462908e-01,-1.237578018149343845e-01,1.669881281429676512e-01,1.699555913521285933e-01,3.993117405155094390e-01,3.372636135005324109e-01,3.442535254409797574e-01,3.352471978436823846e-02,3.182226722530612922e-02,1.387722566310365391e-01,3.426223501066215094e-01
1.249545854333261735e-01,1.875955110842449092e-01,4.629722388743852668e-01,2.156016775480084080e-01,7.522013733417500479e-03,3.396242730592181625e-01,6.360563111577556272e-01,9.216975797690572791e-02,1.000000000000000000e+00,3.242290100502070449e-01,2.767511870973847765e-01,2.653789892945702111e-01,5.520136178880681310e-01,3.141862808634839910e-01,4.618444009174741405e-01,3.302111233867008888e-01,2.192691617436265672e-01,2.903484431090863627e-01,1.958805619691425526e-01,2.569020062785578595e-01,3.500736281025930152e-01,3.599397649891767359e-01,2.645753578479443924e-01,7.646366935470678694e-01,5.286820400861883540e-01,4.505016698660290753e-01,6.058175919499625417e-01,2.710410878061095818e-01,2.387201680276377080e-01,-4.770930998632292794e-03,4.068858278435181219e-01,9.572357182151408628e-02,2.817961923476077213e-01,1.473183129327515217e-01,1.925354806576472511e-01,1.281844288250549302e-01,2.237109753329138417e-01,2.134643088122530896e-01,1.146690877434046046e-01,3.017375435674017892e-01,5.210351443755395495e-01,-3.450999077956433403e-02,6.675882418889309555e-01,3.204808350958337493e-01,1.506184224716690112e-01,3.268152465473738721e-01,4.490052080891828168e-01,3.164553479125375990e-01,3.995373068176396592e-01,3.404490654873096878e-01,-2.604582735968201113e-01,1.588380037821321700e-01,2.480685675437788174e-02,2.362839157746144114e-01,3.647617512159938569e-01,2.212357965644194402e-01,2.139527730874434541e-01,6.868304832997461640e-01,3.389285175444395337e-01,2.232057829506624378e-03,5.060447579856390821e-01,1.733086777444043380e-01,1.772173404950360132e-01,-3.201688628137376869e-01,2.941602952081544542e-01,7.268615253974623769e-02,1.992565391765181160e-01,8.264952389694055213e-02
-6.614537522110316980e-02,2.020940317041464429e-01,6.775526144541758888e-02,6.340002134952059665e-01,1.999663375819437858e-02,7.516349763847028909e-01,2.575333957748667801e-01,1.248809504601559178e-01,3.242290100502070449e-01,1.000000000000000000e+00,5.986587199761826683e-02,6.594652526387587699e-01,1.230000751086493815e-01,-1.300138457254115462e-02,1.931158268606118500e-01,3.165007408440784209e-01,-8.386913746293206406e-02,-4.032134023891800062e-02,-8.443698405534348856e-04,5.918558039277020955e-01,2.936914201427119897e-01,2.507676944840077637e-01,1.893315331273073832e-01,4.156361655046763581e-01,2.195081258494856746e-01,1.638221224148225796e-01,1.563035817224844026e-01,6.301655092553485327e-01,8.408707144503904662e-02,1.181651627911742830e-01,-2.758309855452249423e-02,9.739650521757459156e-03,2.918900778757286818e-01,1.924082662544321642e-01,2.017321224287245973e-01,1.424983119998367298e-01,2.256047123365120810e-01,5.639948177056141043e-01,6.962655741259007880e-02,6.864040417112443615e-01,4.486777789408887829e-01,1.688603738937846377e-01,3.942605359573463364e-01,9.375778061048324341e-01,1.341081954310162916e-01,7.081188973103481610e-01,1.445518393326478412e-01,1.428205676377860278e-01,2.952041544579972476e-01,2.973355986328868883e-01,-9.680247018895190431e-03,-1.961501153750165941e-02,7.113509628327653600e-02,5.899078070260780349e-01,3.338543794166513035e-01,2.841380627491321698e-01,2.561060288729835599e-01,5.119542971051884717e-01,3.655917924791979301e-02,2.091741735755641984e-01,2.366002553021387123e-01,6.088223980583992168e-01,9.445090879505879666e-02,1.681622905154057379e-01,3.999487888191324142e-02,-1.649770351082001027e-02,2.249027940936524916e-01,2.673656073936421795e-01
6.733311070077875604e-02,2.624612944751927857e-01,3.580906540327905563e-01,8.166425983018056611e-02,5.892688107308370615e-02,8.372001817024057879e-02,3.223802236289476930e-01,1.491828313055243993e-01,2.767511870973847765e-01,5.986587199761826683e-02,1.000000000000000000e+00,9.013521485023347213e-02,1.141733317747384291e-01,1.559822002184806655e-01,1.114841385697765280e-01,7.351516906516314485e-04,4.122136347869093664e-01,2.753024793653509605e-01,2.907900865956693504e-01,2.312928595386542219e-01,3.843811570894650059e-02,4.015631234611438116e-01,9.515300977459134613e-02,3.174646275083424229e-01,2.559011194713067816e-01,5.109334562644597399e-01,3.617595292023204068e-01,9.153489691979084519e-02,4.051315201120747611e-02,2.712078585420947263e-01,1.127765396013843402e-01,9.098131852118897245e-02,1.984836850664187524e-01,2.605560820901082764e-01,9.248457780947121065e-02,2.936333858802322450e-01,2.919133593882265454e-01,8.857060426560460498e-02,6.930602715920147761e-02,5.956788220841133935e-02,2.853439314897164292e-01,6.926680024592908602e-02,2.593506278574563839e-01,2.814339466730830103e-02,3.964283274247805688e-01,1.033846310853352435e-01,7.434936256065204085e-02,1.513323396358081385e-01,1.709944036446692239e-01,-1.083722916817776195e-02,2.657778049778471985e-01,2.520446945441841002e-01,3.528487424397533379e-01,2.035207902436859950e-01,2.752692933422552779e-02,2.518289841262137396e-01,3.903863741936442616e-02,2.664342660700030896e-01,2.337000071115226119e-01,2.950591922255131339e-01,3.555963390305397764e-01,5.404650424628195879e-03,3.760551366442132365e-02,5.291902665428000613e-02,4.489431437411099679e-02,-3.109145650885013212e-02,1.886949447022175375e-01,1.854858084804073270e-01
-1.575402421634115868e-01,3.049189963852054763e-01,3.927428707079162057e-02,8.593503287249730782e-01,-1.601836717528901111e-02,6.487864116484962640e-01,1.663421219950552421e-01,5.578266181901071763e-02,2.653789892945702111e-01,6.594652526387587699e-01,9.013521485023347213e-02,1.000000000000000000e+00,5.868599235105341483e-02,-1.227096842498788948e-01,2.225718044173896626e-01,3.016086361072644606e-01,-4.772356228832545094e-02,-6.640169663055051075e-02,-2.190347286763542206e-02,8.121163737512070435e-01,3.376583656455409699e-01,2.730345796177572337e-01,2.263589632627271975e-01,3.927700805342340673e-01,1.650377402804161509e-01,1.577787013475675792e-01,1.920815761382170528e-01,6.228093888246946097e-01,2.522498753649559874e-02,8.370598795557393501e-02,-1.581513159498710783e-02,3.910841616217129030e-02,2.920797082680652301e-01,2.496526821489570280e-01,4.560407233442850122e-02,2.392101779763818048e-01,1.615466940971403143e-01,7.859030872170643667e-01,7.899633833452356091e-02,5.927310536682699471e-01,3.201124641640131219e-01,8.682114436787406742e-02,3.324236057910468500e-01,6.074128766810361624e-01,7.653826177344393022e-02,8.986943571398342545e-01,1.026398225963841004e-01,-1.087849352250386779e-02,2.982025553545536445e-01,2.553549569612647563e-01,6.663927352583734476e-02,-3.273256896221878737e-02,8.388238439982473316e-02,8.132816978803474317e-01,3.617560993399546732e-01,2.889673796018684682e-01,3.287131262236727136e-01,4.842336028761870526e-01,4.800727619019566628e-02,2.171680226245423506e-01,2.544612805569527736e-01,5.968622367133871176e-01,-3.759829485101829488e-02,2.039412696925879953e-01,-4.306978060136266995e-03,-8.145354181854326525e-02,2.148994087908400741e-01,2.610485265178374981e-01
1.796775139735403704e-01,-1.168185676766351003e-02,3.196777364424323586e-01,4.914492125200455724e-02,6.466328041081253336e-03,1.263790348537212060e-01,4.701676423315990228e-01,-6.047825858379295150e-02,5.520136178880681310e-01,1.230000751086493815e-01,1.141733317747384291e-01,5.868599235105341483e-02,1.000000000000000000e+00,3.883821788131829322e-01,3.078515917647416944e-01,2.896186908116977765e-01,7.438410819839187671e-02,3.527313775036591825e-01,1.713571679002871273e-01,4.074957281143819915e-02,3.010988837845928190e-01,1.221948395487628958e-01,1.707239029463571423e-01,5.175031099876092888e-01,5.354584558187098775e-01,1.496494343582535635e-01,5.007249085164793279e-01,2.132509085877879601e-02,2.087287590602832366e-01,-2.459051613410171144e-01,5.354590064309083797e-01,9.939412564237073977e-02,9.134504156004275011e-02,-3.730163124059410890e-02,1.394334881870662735e-01,-4.564963768894884227e-02,-7.757334329451241088e-04,2.719713998570299357e-02,1.002120174167612510e-01,1.311847391760581627e-01,3.234216789809576387e-01,-1.253491083607943812e-01,4.839114441106363573e-01,1.341497641715802269e-01,5.331921427601009345e-02,9.885180131675304349e-02,5.655343946430348989e-01,3.715022010072489556e-01,2.907376831842272691e-01,2.941378033113270507e-01,-4.775877818517196838e-01,1.622009921075465155e-01,-9.748473292258734435e-02,2.380924306278716859e-02,3.069594893119708123e-01,-3.953750025139575117e-03,1.109891604019535155e-01,4.170265122505909527e-01,3.796623078623029279e-01,-2.693964491827555707e-01,3.494797317099828105e-01,-4.472328314840793434e-02,1.765959205128761478e-01,-5.325529359338279090e-01,4.050523222784491728e-01,1.563296891839196789e-01,2.584813952616897906e-02,-7.011091178220249520e-02
6.660262942066762504e-01,4.006698255486949162e-02,6.703786740501542774e-01,-9.968779068307666302e-02,8.951596332334890715e-02,4.897460676021469367e-02,6.834446629815909002e-01,2.317881150622816688e-01,3.141862808634839910e-01,-1.300138457254115462e-02,1.559822002184806655e-01,-1.227096842498788948e-01,3.883821788131829322e-01,1.000000000000000000e+00,1.205719317738856572e-01,2.796809496333277356e-01,4.472771647518822280e-01,6.932828337589412859e-01,5.595148806107432815e-01,-9.163212941558693259e-02,3.308309402869222260e-01,1.618462571674777473e-01,2.873218438652401785e-01,3.692687912047569188e-01,2.174527273194473698e-01,3.644802909855971440e-01,5.509999208555850236e-01,5.101192460795859335e-02,5.065039370098647353e-01,2.494899589385261296e-01,4.554582357398134773e-01,1.731410408679820712e-01,1.621906889786717543e-01,7.809036112708228616e-02,4.133444269327073983e-01,6.457347185448371503e-03,2.660616807072036516e-01,-1.787448694036457633e-02,2.027232540443818509e-01,1.492161832969935154e-01,4.684740059970202708e-01,7.910281072889610576e-02,2.710441003600407850e-01,-3.451381668977365758e-02,1.317714447312788861e-01,-2.361678925154415618e-02,2.320750477775777587e-01,6.966048380098442960e-01,1.133640042952654553e-01,3.435989448389263901e-01,-1.745987088909586593e-01,4.373489344629455378e-01,2.184385675205147148e-01,-1.033792620585120975e-01,3.093022244734279225e-01,7.322692930138517686e-02,1.931159042884699195e-01,3.073949027441822412e-01,8.394754063054454818e-02,-8.596205929407262081e-02,3.937410010058903787e-01,9.108874691573454413e-04,4.211223692464803880e-01,-1.913907239719603859e-01,3.735987640555746281e-01,2.212317046293883760e-01,1.838267094349376740e-01,1.430759834250005802e-01
6.962761447259163683e-02,1.526512445301198284e-01,2.886250202977765356e-01,1.604078876049993274e-01,-6.872744099306783358e-03,2.990478455170597072e-01,4.307891176648114828e-01,8.897006888702295446e-02,4.618444009174741405e-01,1.931158268606118500e-01,1.114841385697765280e-01,2.225718044173896626e-01,3.078515917647416944e-01,1.205719317738856572e-01,1.000000000000000000e+00,2.550261958939144535e-01,1.381466722682546944e-01,1.506691399336343995e-01,1.213181070885579610e-01,1.565412927542606525e-01,2.770277530630740892e-01,1.784346799409368689e-01,2.217298720013365088e-01,5.130569261250915725e-01,3.147113577592316469e-01,2.851812093742528420e-01,3.922608266907033903e-01,2.474354097209695014e-01,1.790984179341587601e-01,3.387884256240217967e-02,2.341117726739523064e-01,7.387630484190256530e-02,2.038334586863694564e-01,1.024819834583785838e-01,1.346371747427759225e-01,5.282616004958116951e-02,1.590036641804519479e-01,1.801539189941113173e-01,6.979296352839114981e-02,2.707475191243208790e-01,3.241867731214467807e-01,-2.422500990080647470e-04,4.538953556958475466e-01,1.641532690223731772e-01,8.874774723354415806e-02,2.719123384343217209e-01,2.807300425827100598e-01,1.410995239061504647e-01,4.023699604196094293e-01,2.590698426103282825e-01,-1.643126944966935843e-01,8.656525122574425246e-02,-1.939091959468500909e-02,1.499683640957403530e-01,2.777587741002289778e-01,1.207638879495114559e-01,1.835042138593372119e-01,4.873405318313875356e-01,2.066245682089506985e-01,3.099152594354399447e-03,2.919961500239883767e-01,1.980239798752731206e-01,1.453975733259497138e-01,-1.644067085884078350e-01,1.928772650772894726e-01,5.689659777839314869e-02,1.092477924487952196e-01,8.336053624652577099e-02
4.645191164240371484e-01,3.760442872212118592e-01,3.461635011107592752e-01,2.840953254724857269e-01,-4.390826302651531024e-03,4.157034594028746199e-01,3.646074284920287067e-01,2.191051633407486154e-01,3.302111233867008888e-01,3.165007408440784209e-01,7.351516906516314485e-04,3.016086361072644606e-01,2.896186908116977765e-01,2.796809496333277356e-01,2.550261958939144535e-01,1.000000000000000000e+00,2.207433944352709398e-01,1.781215387772614733e-01,3.782287657319858831e-01,1.312116897664758475e-01,8.916375654842908505e-01,1.864075107852501412e-01,8.256419486244533923e-01,5.001674207405577555e-01,2.967611877089553207e-01,2.511440806752057719e-01,5.699569411789503492e-01,6.146459141752375066e-01,7.031116725160547754e-01,3.327750418506602581e-01,2.683194889971344810e-01,9.949779980479997454e-02,3.923906841800124390e-01,4.617169899569483205e-01,5.349940275749528462e-01,1.244342588361837948e-01,2.305888811405350514e-01,2.677568350127974561e-01,1.508572949931205054e-01,4.762162077042593755e-01,3.935184763806998109e-01,1.721799026955122547e-01,3.272632014692924418e-01,3.473688263455831371e-01,3.996075438262662594e-02,3.724990675458607625e-01,2.823704935473173028e-01,3.175319744046175563e-01,3.740121289025429285e-01,8.936243599741371391e-01,-1.275257731370651182e-01,1.461519954824528900e-01,1.023475603554936803e-01,6.286611141527895241e-02,8.996141036975485727e-01,3.813232192478182569e-01,8.165583333461303717e-01,5.801806567049755392e-01,7.768967987161254363e-02,1.434947949538516870e-02,5.143276374707761445e-01,5.987466253753991330e-01,6.507526149034144058e-01,1.548445131627839977e-01,4.594677684712680232e-01,1.391794414301286698e-01,2.262267561107300096e-01,5.696195256871869894e-01
5.501865767975226973e-01,3.248854225154751973e-01,6.456732180602147153e-01,-1.875837555128244752e-02,9.996638136072531766e-02,8.462959269236570992e-02,5.151839415965406843e-01,3.911519661597939734e-01,2.192691617436265672e-01,-8.386913746293206406e-02,4.122136347869093664e-01,-4.772356228832545094e-02,7.438410819839187671e-02,4.472771647518822280e-01,1.381466722682546944e-01,2.207433944352709398e-01,1.000000000000000000e+00,4.305125225527265953e-01,6.850389962069788341e-01,4.068523206773626277e-02,3.173049570363296601e-01,2.887094390677732436e-01,4.540259185467148129e-01,3.481767546149623360e-01,1.158560361665782745e-01,5.933675020042114001e-01,5.783584986138573525e-01,2.337643928174712171e-01,4.157137201377879010e-01,5.492672367095561281e-01,1.949623117471150080e-01,1.327766164241523383e-01,2.463280875676287507e-01,3.964393442346226260e-01,3.683460225196446558e-01,2.568290943465911802e-01,4.156492986873325246e-01,4.519256382412129708e-02,8.397796556247386079e-02,1.325904265918464442e-01,2.989622427900625601e-01,1.970576247892129040e-01,1.519859260637394793e-01,-7.177337357624249958e-02,3.245608549056016590e-01,2.045800504824672045e-02,-2.086810280460699510e-03,2.929413114626380210e-01,1.352875788703055693e-01,2.756027713280616576e-01,2.676608677261294589e-01,2.927117784346958684e-01,4.366347465557565699e-01,1.334253650508021236e-02,3.013436678223557763e-01,2.895064128768936595e-01,3.540850320405028451e-01,3.011062133651852268e-01,3.841991130595793363e-02,1.633150828019350465e-01,4.522497244639659963e-01,1.774934035696068280e-01,3.700040568746376657e-01,1.667387091644819408e-01,1.704192357206051611e-01,5.021904803715609988e-02,2.372236044923518028e-01,3.713160029274085727e-01
4.240298742698311307e-01,5.761761134047843624e-02,5.930501739162465924e-01,-6.402699026876126909e-02,7.718538443301450891e-02,5.506355225847250900e-02,6.119849334631847215e-01,2.018606385426641170e-01,2.903484431090863627e-01,-4.032134023891800062e-02,2.753024793653509605e-01,-6.640169663055051075e-02,3.527313775036591825e-01,6.932828337589412859e-01,1.506691399336343995e-01,1.781215387772614733e-01,4.305125225527265953e-01,1.000000000000000000e+00,5.089453279529939644e-01,-1.989956642670374920e-02,2.448109695501244076e-01,1.360260631521090224e-01,2.073662433075146860e-01,2.868324513664105568e-01,2.252354497100896857e-01,3.771392522922298318e-01,4.967899677740498787e-01,6.747378822542244442e-03,2.823336726428959387e-01,1.934993976812271477e-01,3.729531567038912865e-01,1.195958907972762830e-01,8.831369379153163057e-02,8.685954881859341004e-02,2.151247475302555667e-01,-1.233391222284941323e-02,1.996467402466280960e-01,1.952166187528888569e-02,1.607859309004482651e-01,1.190263296440128848e-01,3.737521517433934903e-01,6.166998128434934834e-02,2.453216024265627015e-01,-6.335478759412281613e-02,1.759177956240923213e-01,9.997154554036042154e-03,2.085575632696009540e-01,5.412860750673289534e-01,1.320841741536875891e-01,2.382716416993241604e-01,-1.189882096051723959e-01,5.177589029501499240e-01,2.512593039142473894e-01,-2.213952703401569563e-02,2.251512720485243091e-01,1.168289681994542396e-02,1.231891396759807605e-01,2.155752136491854987e-01,8.127559206559874239e-02,-1.232598136217690626e-01,3.350941199177753238e-01,-4.347966038484635254e-02,2.428563208280522245e-01,-2.342494492020099628e-01,2.856169124923941816e-01,1.648902822351906716e-01,1.116422880973210185e-01,9.298513538838416859e-02
6.989592950901544199e-01,2.716248051378625794e-01,6.111148517275144521e-01,1.124458540082472506e-03,7.040483855215878828e-02,1.739945986564320479e-01,4.941506446216856752e-01,4.257907292684531830e-01,1.958805619691425526e-01,-8.443698405534348856e-04,2.907900865956693504e-01,-2.190347286763542206e-02,1.713571679002871273e-01,5.595148806107432815e-01,1.213181070885579610e-01,3.782287657319858831e-01,6.850389962069788341e-01,5.089453279529939644e-01,1.000000000000000000e+00,9.374283203326090955e-03,4.475150694905628557e-01,2.156441061729427733e-01,5.112707906309488237e-01,2.943755763309589546e-01,1.345956480980771697e-01,4.004353304044371842e-01,5.570761013893359426e-01,2.910766946110773801e-01,5.732944159099051529e-01,5.136357696520519323e-01,2.508555373860548721e-01,1.607181410613554018e-01,2.402826997791089603e-01,3.720219078313835026e-01,5.247677025227811543e-01,1.737047943477459666e-01,3.819412343227078233e-01,6.382715164526081564e-02,1.415751056299880128e-01,2.406682729274136068e-01,3.497544141504304593e-01,2.839626167048445726e-01,1.496596684769322672e-01,9.317290841232951995e-03,2.698505870861500067e-01,6.099565415377137395e-02,6.188293310185977864e-02,4.720511159003026869e-01,1.300396953797870458e-01,4.132161728969968584e-01,1.160939251893668145e-01,3.719192517641946027e-01,4.546502116135631710e-01,-2.236167517781297714e-02,4.144537852735024619e-01,2.276224567740975091e-01,4.209588308393478195e-01,2.896250945627458218e-01,3.855401496909726094e-03,6.811173585266011229e-03,4.246170758229995124e-01,2.532311684123066953e-01,5.000696678694200870e-01,1.413581365523633449e-01,3.064747994866348635e-01,1.522042364972611694e-01,1.854242435437798153e-01,4.112207761117373517e-01
-2.210245872844838200e-01,2.777039515001480385e-01,1.268645302623571391e-01,7.832059670801863049e-01,-1.437099046496109062e-02,4.741412810228790020e-01,1.869081100504327575e-01,5.127097660748762553e-02,2.569020062785578595e-01,5.918558039277020955e-01,2.312928595386542219e-01,8.121163737512070435e-01,4.074957281143819915e-02,-9.163212941558693259e-02,1.565412927542606525e-01,1.312116897664758475e-01,4.068523206773626277e-02,-1.989956642670374920e-02,9.374283203326090955e-03,1.000000000000000000e+00,1.573987381789249129e-01,3.514166806132290044e-01,6.757131806673370711e-02,3.643510137592750331e-01,1.692816489183840700e-01,2.440794315673056325e-01,1.832307335729858044e-01,4.655743379354763123e-01,-9.613573729054449013e-02,1.081974711242519593e-01,-7.243755108201553779e-03,3.288705382966809754e-02,3.266176566119788349e-01,2.468853988238758623e-01,-4.325172977332172181e-02,3.086243113844023833e-01,2.580397259139810551e-01,6.590737280197088710e-01,7.031618595111124859e-02,3.983894051038913697e-01,3.300912538025483345e-01,1.034909486666260175e-01,3.130576489794615891e-01,5.192628365867320017e-01,1.906462974339709349e-01,7.878079980001723159e-01,5.723297142579150676e-02,7.017398984373728575e-03,2.288772019200017716e-01,7.977967712943619116e-02,1.808390509071048091e-01,2.737728102713717429e-02,1.895225770399904253e-01,9.332775563598080248e-01,1.852178892345251182e-01,3.036003682738790954e-01,1.698785726780048244e-01,4.096257366795292287e-01,7.497076066931331051e-02,2.914701262175816709e-01,2.827731859253154734e-01,4.005914251227427059e-01,-1.497812973140676962e-01,1.797327078983713966e-01,-5.703185755646573291e-02,-1.062610726873410988e-01,2.730961114471993634e-01,2.050348355584959148e-01
5.164839577102428025e-01,3.949987000484578292e-01,4.216247647667865639e-01,3.165733752550233815e-01,-3.638654899002515073e-03,4.166368294660701688e-01,4.424926591964364886e-01,2.723511244650609342e-01,3.500736281025930152e-01,2.936914201427119897e-01,3.843811570894650059e-02,3.376583656455409699e-01,3.010988837845928190e-01,3.308309402869222260e-01,2.770277530630740892e-01,8.916375654842908505e-01,3.173049570363296601e-01,2.448109695501244076e-01,4.475150694905628557e-01,1.573987381789249129e-01,1.000000000000000000e+00,2.053603777798722607e-01,8.896505558229886867e-01,5.361833945703190496e-01,2.929156139565116668e-01,2.977019966366032389e-01,6.242215068844454429e-01,6.622269677290363310e-01,7.328239025848402033e-01,4.082257030251511543e-01,3.101408480595497230e-01,9.079381926602636543e-02,4.137733437754076427e-01,5.169943646623783584e-01,5.445608188662995897e-01,1.284398419113106649e-01,2.470525992902300738e-01,3.226123620898612709e-01,1.563156072981430056e-01,4.807170235190723617e-01,4.203252937952478563e-01,1.756260896950481432e-01,3.537885867212126056e-01,3.107018876665102458e-01,7.313655169720481575e-02,4.065306795895164971e-01,2.918824144378804331e-01,3.438936961679564530e-01,3.880104911610280372e-01,8.954852471609217046e-01,-1.104384406682643871e-01,1.938351191873118884e-01,1.333776398608843561e-01,9.757876369448692522e-02,9.529178068410315561e-01,3.907207365395593546e-01,8.538777707525412319e-01,6.165486760535581201e-01,6.223414899156198138e-02,1.816786629264528427e-03,5.461311895666753902e-01,6.314197787240871662e-01,6.445793328660471833e-01,1.658683205292177110e-01,4.764590071670833926e-01,1.615321547620171272e-01,2.504944981567467366e-01,6.012671123338219070e-01
6.813203375359706826e-02,3.073771965530230910e-01,3.745307143514603476e-01,2.626933159020821695e-01,1.280468763702973488e-02,2.327524263280215666e-01,3.633949706192796114e-01,2.057382879260271358e-01,3.599397649891767359e-01,2.507676944840077637e-01,4.015631234611438116e-01,2.730345796177572337e-01,1.221948395487628958e-01,1.618462571674777473e-01,1.784346799409368689e-01,1.864075107852501412e-01,2.887094390677732436e-01,1.360260631521090224e-01,2.156441061729427733e-01,3.514166806132290044e-01,2.053603777798722607e-01,1.000000000000000000e+00,2.007806593604722356e-01,4.870080878467106800e-01,2.886439804911763995e-01,5.069490572187700383e-01,4.022585601660457200e-01,3.147021544122318160e-01,1.509683490970523401e-01,3.182245282465023806e-01,1.208741601331435600e-01,8.125101308515673970e-02,3.059054731614504474e-01,3.103996110628996496e-01,2.147339750266046010e-01,2.958377802984635263e-01,3.370180444085116855e-01,2.258627564961378231e-01,6.971854894052026408e-02,2.008051118569712246e-01,4.021759963286224981e-01,1.134378492367971447e-01,4.026944072455790891e-01,2.283185228683149159e-01,2.649236342998754212e-01,2.968762109518029435e-01,8.167371548074407739e-02,1.891950622306410312e-01,1.982201044503621168e-01,1.482950650440944818e-01,1.390296615762030563e-01,1.535746200769108338e-01,2.692281792715510158e-01,3.337857429115942964e-01,1.909630885064608208e-01,3.866567907451156638e-01,1.537600609888002123e-01,4.744460521562069988e-01,2.035256748441065799e-01,3.108226807333088204e-01,4.186749021905353807e-01,2.094166365518861928e-01,1.207528515733839458e-01,1.126691486025392236e-01,9.028217337021354760e-02,-9.915098356593217421e-03,2.487919037020317747e-01,2.510980483391180296e-01
5.713946546247978819e-01,4.671139718299481269e-01,4.306175093410502530e-01,2.276585130630410791e-01,4.377266739154760111e-02,3.753501662761719593e-01,3.922406259476277079e-01,3.903762899451370671e-01,2.645753578479443924e-01,1.893315331273073832e-01,9.515300977459134613e-02,2.263589632627271975e-01,1.707239029463571423e-01,2.873218438652401785e-01,2.217298720013365088e-01,8.256419486244533923e-01,4.540259185467148129e-01,2.073662433075146860e-01,5.112707906309488237e-01,6.757131806673370711e-02,8.896505558229886867e-01,2.007806593604722356e-01,1.000000000000000000e+00,4.595513111284239560e-01,1.966817005910971583e-01,3.674171031747902605e-01,6.134736562974090202e-01,6.554277030429225270e-01,7.552858748746155149e-01,5.593379211327361711e-01,2.239832247512703323e-01,1.190871033416656122e-01,3.874071396451902460e-01,5.864144824774276676e-01,5.759159530414722505e-01,2.005350666247595337e-01,3.029320557007406656e-01,2.559700583331943058e-01,1.355920349300949734e-01,4.515895685844463214e-01,3.335395219912454245e-01,2.562017308458696685e-01,2.410801833007371886e-01,2.233707374713254645e-01,1.228135806637300487e-01,2.957329045811707413e-01,1.580379147330101264e-01,2.544793970000084893e-01,3.172871902384382659e-01,8.430114677266199452e-01,6.162406286142137896e-02,1.541815481170229207e-01,1.996943994348574225e-01,1.229323408910403849e-02,8.721480817718089140e-01,4.261547449736710624e-01,9.019741560896061827e-01,5.254220684945153375e-01,-5.935622153068947698e-04,6.673318983758023959e-02,5.472831400100578447e-01,6.358988206607627536e-01,6.648827037933510153e-01,3.285449381638705368e-01,3.996380772528700942e-01,1.195571971534456074e-01,2.397425533425039113e-01,6.630153984627347175e-01
