1.000000000000000000e+00,-4.199811056408868370e-03,6.170277209506314087e-01,3.718153023373809152e-01,8.424655818335090307e-02,2.554049750248231221e-01,6.610457986784838980e-01,3.846144981481515179e-01,3.549615271141686179e-01,2.171710477507022286e-01,2.903093618218547944e-01,3.376785098462854462e-01,2.933357246590058143e-01,8.142029339381173791e-01,2.323775587285510091e-01,1.803999942110705301e-01,1.622327432372237532e-01,4.425523073853668277e-01,3.286549542431136950e-01,1.795374747137282456e-01,3.200213063807185176e-01,1.214900374015148582e-01,2.237445172153275652e-01,4.854816180945837334e-01,1.192587743836534403e-01,4.513615857133367881e-01,4.373598981284930742e-01,2.096713484550221662e-01,5.115706339774577227e-01,3.342665933752785867e-01,2.368168527129660417e-01,2.995800828492256596e-01,9.136220891192105287e-02,-1.637619079473831910e-02,1.731971984141450482e-01,-1.835831667586156901e-01,1.941980682959761895e-01,2.937871260934809547e-01,-7.588233113888971648e-02,1.947066464229895155e-01,3.579625783960169172e-01,9.757040537077085740e-02,3.522225428985339413e-01,1.882472566876558229e-01,-2.712844720078004535e-02,2.554682700147688501e-01,2.738546775920466247e-01,4.642828945102170923e-01,6.892533085423990791e-02,8.378998272383449131e-02,-2.375113959986020762e-01,2.293939755888677046e-01,-2.025346617569279972e-01,8.863632766445327105e-02,1.615775192128746651e-01,1.470875491065118217e-02,4.203363535090651193e-02,3.029805754381907357e-01,-6.630892552773375026e-02,-3.342334957078848395e-02,2.417379294751804408e-01,6.433616357972994637e-02,4.010500063370695534e-01,-1.493938867762251987e-01,3.046530973085835314e-01,9.340872150697222126e-03,-1.454525452305341186e-02,-1.010513726063724527e-01
-4.199811056408868370e-03,1.000000000000000000e+00,6.674651000711254167e-02,1.138777575591394808e-01,8.076205783993338494e-04,1.810064783042309444e-01,-2.451595927609978923e-02,1.056151818307859702e-01,2.917334419313627816e-02,1.827279914794302240e-01,1.622966389835968637e-01,1.503891733331878255e-01,-1.676905944738270315e-02,5.085802029635789860e-03,4.594306148934337343e-03,1.352784026250274385e-01,2.484255891280313377e-01,1.535207554763186322e-02,1.690627071396012537e-01,1.622168171385691970e-01,1.266658213409510292e-01,2.158368637152683067e-01,2.178250242679949100e-01,6.356069468087188756e-02,9.961842875431395350e-02,1.679324241290058306e-01,2.006009797032850539e-01,2.510849802829278610e-01,7.835318645019519190e-02,2.280022650202133405e-01,-1.442046179822259466e-02,-4.683814795362868655e-02,1.322985391859808624e-01,2.900687495119027015e-01,1.405017698358446976e-01,2.791373732703952837e-01,8.166422888612594536e-03,1.058158460655903438e-01,2.955983590314823981e-02,1.103065846916965603e-01,-1.661974368143162920e-02,1.358069244988109603e-01,-3.324759515494760858e-04,1.685431355405346276e-01,1.495523466069210161e-01,1.596175983738259418e-01,-3.615837003500651375e-02,-2.541971575931870845e-03,-1.316479582601202958e-02,1.591015330323837240e-01,2.816030993927377546e-01,-2.273551024042573879e-02,2.951467627255610626e-01,1.466623784247312601e-01,8.935349362120265093e-02,1.756231956523753857e-01,2.478521258830758411e-01,8.158134277057693673e-02,3.251745201247735473e-02,1.221706038273223660e-01,1.781012921859141951e-01,2.316906489200172559e-01,9.061053755209390326e-02,2.813507159771484467e-01,-1.648354499135961382e-01,-1.433382809928735943e-02,1.797806675013070010e-01,2.954086924040635331e-01
6.170277209506314087e-01,6.674651000711254167e-02,1.000000000000000000e+00,1.838607490166113689e-01,1.413600088918305631e-01,3.946286840189365819e-01,7.469781878806163178e-01,6.694839672497133742e-01,2.438501591249255807e-01,1.728206685862301584e-01,4.594504448236295113e-01,2.491375635247615739e-01,2.416857020689786584e-01,7.094097989091348033e-01,3.180666657807277309e-01,1.610462849934071461e-01,2.590805625316924821e-01,5.778983471691171436e-01,4.392185547659733236e-01,2.617642339978477617e-01,2.667250123746046087e-01,1.552690557374707958e-01,3.405357806174753588e-01,4.312913436828114122e-01,1.138394024657034403e-01,6.434696301500683058e-01,5.418053451356413808e-01,4.621162607412406254e-01,2.494185016020206425e-01,6.610092302206530546e-01,-2.361880164581252675e-02,1.293062647542323473e-01,6.420956489340720608e-02,1.078332742203056138e-01,-3.189081157009431705e-02,-6.757526064644206465e-02,4.116143986884818196e-01,1.464873603947234315e-01,-1.350954635381363539e-02,2.833425342716823780e-01,4.475286472521912140e-01,3.536757622125453193e-01,2.216782487492006126e-01,2.078973912279815650e-01,1.665868913938859108e-01,2.105600199818244422e-01,1.406842062931420723e-01,4.550743425698605682e-01,2.119297694658395237e-01,1.237569370821031550e-01,-1.661816958072796502e-01,3.783491848884413256e-01,-9.831289051025950132e-02,2.033605437163504004e-01,1.419569942348810621e-01,-5.002156300634441610e-02,1.715041125999003380e-01,2.654963574516646663e-01,-1.593409445845744288e-01,1.005419867822314323e-01,2.568201357735309109e-01,3.488434358223788667e-01,1.928823415567201272e-01,1.424994651336154994e-01,1.000014098952716202e-01,1.411687802916733979e-02,8.629254149830357934e-02,-2.392646253855562014e-03
3.718153023373809152e-01,1.138777575591394808e-01,1.838607490166113689e-01,1.000000000000000000e+00,-6.159329737199757682e-03,2.297209630936171421e-01,2.284442188633118431e-01,1.035002270164438604e-01,2.739880015799616153e-01,3.487033343728818124e-01,1.264767717578708928e-01,8.123150401050971414e-01,1.661952600134910252e-01,3.350620720280343412e-01,1.127198725037599630e-01,4.688563975354291258e-01,1.506684466195754024e-01,1.430878550242698499e-01,7.708834503748593359e-02,5.705565898147951787e-01,6.156857161640558740e-01,2.783588311830025863e-01,4.695117549073623553e-01,3.823010206780690368e-01,1.584609500739924681e-01,2.442257011697565872e-01,3.769459964837806321e-01,3.931404088270410990e-01,3.590985998043232374e-01,1.939888133534581616e-01,2.562379764176975216e-01,1.264035847002462631e-01,1.940484959641033680e-01,2.472056985172687293e-01,2.907674910077827635e-01,1.538103033474586268e-01,7.282535555505777192e-02,8.816479681649488365e-01,3.253721182948083462e-02,2.808672219095824651e-01,2.447900237238495313e-01,1.163787270415380382e-01,3.622101922295649645e-01,4.485725720271126482e-01,2.197282607396496001e-02,7.859850992234660438e-01,2.039003254472381288e-01,2.755367964451186924e-01,8.900848414507939177e-02,4.166915948145630266e-01,7.953696398532766887e-02,1.268067273335061682e-02,5.863192684274524252e-02,4.684294666630398618e-01,5.637035169116038080e-01,2.743364045108195870e-01,4.844790344238545932e-01,4.375624406643695563e-01,1.227324265493993788e-01,8.205986695716299684e-02,3.638693013718322100e-01,3.581974871374520308e-01,3.567062841406146712e-01,1.432055629795865592e-01,1.315306318464168345e-01,6.519880710765206533e-02,1.428938776080379280e-01,1.896157204819663988e-01
8.424655818335090307e-02,8.076205783993338494e-04,1.413600088918305631e-01,-6.159329737199757682e-03,1.000000000000000000e+00,1.001330818582356619e-01,1.347257350636168749e-01,1.404558264969706372e-01,5.876458924905669096e-02,1.492947346799466252e-02,1.220258132776794874e-01,3.933286267662000624e-02,7.917343027474089967e-02,1.166939534522289240e-01,1.047248265877963741e-01,4.074514848052061822e-02,3.849058878464543115e-02,1.140587866567561309e-01,7.970284996457677185e-02,5.861171224353937254e-02,1.045248964131906613e-02,5.919198584940137814e-02,2.267543159222789803e-02,8.350958126704817464e-02,3.982863161199656776e-02,1.223642847487826230e-01,6.234773175554516461e-02,9.581739180036591419e-02,7.120536730308373030e-02,1.258966159702141485e-01,-1.956020547107849630e-02,1.048340910853084590e-01,1.259903962162507371e-02,3.332266928912709647e-02,9.806867019691998394e-03,2.453623530149248982e-03,4.343336172564767755e-02,3.597734578060369105e-03,-7.118470491754673446e-03,7.726977780240508464e-02,7.679958610939606467e-02,5.524060653474398286e-02,4.285567737629833451e-02,2.282353252860019194e-02,3.813955180718064941e-02,8.136252903899500455e-03,1.720937228668132854e-02,7.595638351377335951e-02,3.247711806672334139e-02,4.239775107495412192e-03,-5.685207242369181430e-03,2.841441989219325309e-02,2.673264574661176132e-02,5.407143276821627792e-02,-9.844057390333423377e-03,5.052839323872153864e-03,-1.288358905804790761e-02,5.624510206254487721e-02,-6.632541126679886677e-03,1.301654238115404309e-02,4.642984115615107765e-02,5.699972005972187700e-02,6.929742665786721434e-02,2.191170465873382156e-02,-1.545012789825829166e-02,-7.675051801677098412e-03,2.801903042793644355e-02,3.989244440515032214e-02
2.554049750248231221e-01,1.810064783042309444e-01,3.946286840189365819e-01,2.297209630936171421e-01,1.001330818582356619e-01,1.000000000000000000e+00,2.454496546791043732e-01,5.522926166092292366e-01,2.101519339958998409e-02,6.649766203095737183e-01,1.874550145149503078e-01,3.507767188190965002e-01,5.547548939145375418e-02,2.263401491819398148e-01,1.551781962487963074e-01,3.178551378466409338e-01,2.816188364387201548e-01,2.209074790729559368e-02,2.929538981759918226e-01,2.137032252700620805e-01,3.571540991653284203e-01,1.809228831954426756e-02,4.998954359266787328e-01,8.286237112802569138e-02,-3.064132705455664338e-02,1.973692170387207623e-01,1.888520571704676576e-01,7.373889231604964234e-01,3.935359477111645687e-01,4.186155035716234707e-01,-7.909641768142837426e-02,3.349809382555302140e-02,2.030180501319910624e-01,1.750772879107395930e-01,2.111851752225553658e-01,1.013651750568029392e-01,9.936385270465467046e-02,2.288411547664130907e-01,5.450394174649091095e-02,6.952680454026877177e-01,1.386415923229946390e-01,5.808213663567242113e-01,5.841747438865955294e-02,6.067059612362473153e-01,1.417541943788167003e-01,3.478210435732585482e-01,-4.197055075226820316e-03,1.378949322184931381e-01,1.851068744972274027e-01,2.394886357962097423e-01,1.888061684273614482e-01,-5.374074260304506634e-02,1.542962111232433486e-01,1.641878575641759763e-01,2.186793419576799902e-01,-1.397991459770169149e-02,4.000457306081018904e-01,1.049079720423457401e-01,-1.763130425450534500e-01,-9.221432667640234657e-03,1.229758647781732106e-01,7.158218348355275262e-01,3.455713408578769408e-01,3.818979622641729410e-01,-2.854619300603317492e-02,3.616921059963689334e-03,9.932494431984759120e-02,1.640403540380500347e-01
6.610457986784838980e-01,-2.451595927609978923e-02,7.469781878806163178e-01,2.284442188633118431e-01,1.347257350636168749e-01,2.454496546791043732e-01,1.000000000000000000e+00,4.825748393248124324e-01,5.447529581151997480e-01,8.685051376787034094e-02,3.614652869770270116e-01,2.745389018751159260e-01,5.129220743005594718e-01,7.956500447065940618e-01,4.628077528891305081e-01,1.478443252377900363e-01,-6.153942453341958857e-02,6.805959654028278516e-01,1.475463076510296623e-01,3.467552029331067431e-01,2.475310625090084704e-01,1.641434744918435773e-01,1.714475941332321840e-01,7.187758871728644472e-01,2.293391248861051113e-01,5.027174709165934674e-01,5.743343201607356008e-01,2.098910912773407078e-01,1.608208482128258288e-01,3.794276250076089041e-01,1.840985825638746798e-01,2.617375022531319151e-01,6.409802953675287907e-02,3.407115763192546110e-03,-1.610532166919616814e-01,-1.691315767425291550e-01,3.621801034689721144e-01,1.737762217819752431e-01,-2.482158816681568833e-02,2.091772691819001606e-01,5.838584446923993365e-01,1.827006339489053999e-01,4.737764486409097309e-01,1.112612218880603132e-01,6.364804655625094787e-02,2.188156953317785813e-01,4.127386088630718985e-01,5.719534956547370763e-01,2.873605428460754840e-01,8.894862383907875536e-02,-3.666121258994284871e-01,3.659185887417386596e-01,-3.214611775784804726e-01,2.681024758154996190e-01,1.925889048660128777e-01,-4.208956425370499743e-02,7.549089715281620538e-02,4.447259236309926700e-01,-4.870534219496555628e-02,-4.781047586271949812e-02,3.033560512566346179e-01,1.401002959058227637e-01,1.356885806185230137e-01,-9.269501845487113090e-02,3.939709226148858101e-01,9.618493157850402375e-02,7.648864262274633619e-02,-1.007921379422015845e-01
3.846144981481515179e-01,1.056151818307859702e-01,6.694839672497133742e-01,1.035002270164438604e-01,1.404558264969706372e-01,5.522926166092292366e-01,4.825748393248124324e-01,1.000000000000000000e+00,5.404528828002843482e-02,3.501720384666749952e-01,4.092132615332817469e-01,1.474674028212352161e-01,9.182535925790881459e-02,4.953878906117754055e-01,1.853852444788854359e-01,1.632868877886809733e-01,3.015964120904724433e-01,3.494780801969836204e-01,4.752824501059924600e-01,1.241787282973553924e-01,2.887755319699060741e-01,3.656321640271942980e-02,4.138445540968572200e-01,1.015126876732375394e-01,-2.252796097532450831e-02,3.793231724232038471e-01,2.692728398177511306e-01,5.669927021977315684e-01,2.704155454583269114e-01,6.690014062270195350e-01,-1.972168248538808122e-01,4.783249504219554832e-02,7.099458842059767905e-02,1.424204772307502143e-01,2.541955953341495933e-02,-4.251713722318141431e-02,2.498159725501377104e-01,5.895091344951956802e-02,5.131738022261754517e-02,3.972927695629888123e-01,2.765997702794657509e-01,5.854487393441586418e-01,2.785260042061210931e-02,3.172321410175917844e-01,1.730341277357903274e-01,1.376797115333075194e-01,6.431411593431109533e-03,3.193622384521564994e-01,1.632980601976608825e-01,1.625280666857641942e-01,-2.232906916936229502e-02,1.870126388656651317e-01,1.724228034881489582e-02,8.463507419327062631e-02,1.471888565296397000e-01,-9.201914313358947051e-02,2.472294525255686048e-01,5.775892411777256569e-02,-2.461266264177493501e-01,3.413064379985724251e-03,5.048250834289218919e-02,4.968392917528504094e-01,1.942361711449530626e-01,3.234432892158895512e-01,-2.935463483631295389e-02,-7.572989124957464971e-03,6.554995503282216862e-02,9.204396241948185897e-02
3.549615271141686179e-01,2.917334419313627816e-02,2.438501591249255807e-01,2.739880015799616153e-01,5.876458924905669096e-02,2.101519339958998409e-02,5.447529581151997480e-01,5.404528828002843482e-02,1.000000000000000000e+00,5.143613653954280662e-02,1.340116176824250882e-01,2.955139310616200499e-01,4.380647778732588149e-01,3.849968409743464437e-01,3.408747932305063455e-01,1.932137841729825167e-01,-1.198575266692584462e-01,3.412715781748573707e-01,-6.707013586755292134e-02,3.540303479586975888e-01,2.181863164613147277e-01,2.582488880024474964e-01,1.027332159786991522e-01,6.732880450046662135e-01,3.069334135688912002e-01,2.479689049560510616e-01,4.454040885481943546e-01,2.543008616320419774e-02,8.732572231714694211e-02,5.239241005013031693e-02,2.614575231476035655e-01,2.139552231088964751e-01,1.370482046491676986e-01,1.117316745286743990e-01,-5.967417902049085981e-02,3.946681877170755970e-02,1.466006339247522272e-01,2.272834337338822397e-01,-1.069538630688552511e-02,3.768550965218438881e-02,3.829184810559282948e-01,-3.837158980677823211e-02,5.133684135234285462e-01,6.143519307100706733e-02,-1.492966980304069342e-03,2.424991321337573169e-01,4.608741126693709500e-01,3.691413912424104660e-01,1.996047105196168125e-01,1.559766819715199537e-01,-1.727324690778684058e-01,1.258770408554786835e-01,-1.212455280404623886e-01,2.902408275914263314e-01,2.348122789994286364e-01,1.602544050694656164e-01,9.232433866612921314e-02,5.110089058564710740e-01,2.029422899046430251e-01,-1.263475122462076085e-02,3.590175910014309912e-01,7.375097889171249380e-03,8.091492884790908724e-02,-1.127113059142018647e-01,3.426071682199303137e-01,1.263234931568325281e-01,1.328340427982532268e-01,3.386950216563147653e-02
2.171710477507022286e-01,1.827279914794302240e-01,1.728206685862301584e-01,3.487033343728818124e-01,1.492947346799466252e-02,6.649766203095737183e-01,8.685051376787034094e-02,3.501720384666749952e-01,5.143613653954280662e-02,1.000000000000000000e+00,8.754223264032573448e-02,4.189660734140439602e-01,3.390493850405166404e-02,1.773031326039178346e-01,3.028237547155861881e-02,3.180506946120614242e-01,1.492381164855292042e-01,-5.259419763187349328e-02,1.227036049242365146e-01,3.027657026978065047e-01,4.264409553143089227e-01,5.671598984286741613e-02,4.407229114060096098e-01,6.767108961568087111e-02,2.832962815125117037e-02,1.378798159208894092e-01,1.451849547454750478e-01,6.726505573932551885e-01,4.027014173822483500e-01,2.291753883604580599e-01,5.403296326108880665e-02,8.741155496287447701e-02,2.192681347474278730e-01,1.380836871877747785e-01,2.790850832777865276e-01,8.159132101215245403e-02,3.294218709794245054e-02,3.162602016733495613e-01,2.003799948019011415e-02,5.675816050365418697e-01,9.612229775562831924e-02,4.745962743079350510e-01,1.367610119567055360e-01,7.996947929377239417e-01,9.095717669599173716e-02,4.678966851197293164e-01,7.727065067330855797e-02,1.494750213671180161e-01,5.806613346495577421e-02,2.510517992895039963e-01,2.298200163313412203e-01,-1.156628635801343480e-01,1.934193776777038964e-01,2.870094510145893563e-01,3.085820925311393848e-01,1.116103009427716758e-01,4.040116839076601241e-01,1.260319903425377863e-01,-4.330042227441240066e-02,2.561454146751153058e-02,1.931748466216562932e-01,6.681706135193216101e-01,3.443046246005426747e-01,3.272948462063470232e-01,3.957710591629130803e-02,1.397546403779909019e-02,1.050190334926823649e-01,1.655675952254712091e-01
2.903093618218547944e-01,1.622966389835968637e-01,4.594504448236295113e-01,1.264767717578708928e-01,1.220258132776794874e-01,1.874550145149503078e-01,3.614652869770270116e-01,4.092132615332817469e-01,1.340116176824250882e-01,8.754223264032573448e-02,1.000000000000000000e+00,1.502426750429162738e-01,2.161307088542485932e-01,3.899004672908051861e-01,1.177810432446083078e-01,1.399254740947272202e-01,3.122823495718680120e-01,5.298776516563564742e-01,4.568069131511444114e-01,2.095205602094176167e-01,1.309691117886010447e-01,2.752949465273690777e-01,2.008877825821859253e-01,1.864793376910829081e-01,2.019524200308389639e-01,4.906463103408912896e-01,4.492798747674400239e-01,2.559781741453149295e-01,1.062952564438627845e-01,4.785198868808695494e-01,-9.278643875842651489e-03,4.615862380049674807e-02,1.072668781748210842e-01,2.530171306068459414e-01,8.867439025846159117e-02,9.095110468081285537e-02,1.373180596217588312e-01,1.105824094369262101e-01,-2.476394601522495173e-02,1.381412812985797767e-01,1.200244016262071167e-01,2.013208984319911354e-01,6.994279161038682857e-02,1.587971396335052521e-01,2.731137212924694690e-01,1.599072188187596888e-01,6.318561979522763217e-02,1.890658895382740512e-01,-3.112895228159902675e-02,1.208966970954491321e-01,1.596645075440932537e-01,2.405658662657587932e-01,2.692840146139328650e-01,1.951845914524351910e-01,7.918714895724597580e-02,5.575143367260863847e-02,1.685957187315861860e-01,5.999292741111014043e-02,5.073078269247199151e-02,1.224825198632685380e-01,1.884690249319711797e-01,1.778685280154299608e-01,1.279078616572294214e-01,1.803035964621907683e-01,-8.556961174823767002e-02,1.690813011406067795e-02,1.642991308716363064e-01,2.061024952121141285e-01
3.376785098462854462e-01,1.503891733331878255e-01,2.491375635247615739e-01,8.123150401050971414e-01,3.933286267662000624e-02,3.507767188190965002e-01,2.745389018751159260e-01,1.474674028212352161e-01,2.955139310616200499e-01,4.189660734140439602e-01,1.502426750429162738e-01,1.000000000000000000e+00,1.782273209133210246e-01,3.214804564592385061e-01,1.895942694201480094e-01,4.599516224691855282e-01,1.620536338133320708e-01,1.498353700803605748e-01,8.046899481944363997e-02,6.296862108581557926e-01,5.485350948160200302e-01,2.810496208725521416e-01,4.677976161253945553e-01,4.112021280973443549e-01,1.913480164944931783e-01,2.847847511864932124e-01,4.001181449769638521e-01,4.745767292956604155e-01,3.287768536387425944e-01,2.408574513511936299e-01,2.136975997987534959e-01,1.034851885277854183e-01,2.486267248213604730e-01,2.520787686342890743e-01,2.647905105849441831e-01,1.716840307045835179e-01,1.330558104479128145e-01,7.924523405870234072e-01,4.324742312797940497e-02,3.660229275344039634e-01,2.806710371816200089e-01,1.936074510605562682e-01,3.638115874519562976e-01,4.958517633685769477e-01,1.150705155117742740e-01,7.878891585894745031e-01,2.043515397054450344e-01,2.942421677267912372e-01,1.264754000276999690e-01,4.183710470453650965e-01,1.077663679241953471e-01,6.277990135027854135e-02,9.642766497261436032e-02,5.303032800190955465e-01,5.070722547009015591e-01,2.640882496885244568e-01,4.808863908772798568e-01,4.430007741164467827e-01,1.034118833034314844e-01,1.203839046169759008e-01,3.809431059779806450e-01,4.411935965057595110e-01,3.161665753712191163e-01,1.911843597712235832e-01,1.036624650412212301e-01,5.900354408917613674e-02,1.699845962273370537e-01,1.941206684167068319e-01
2.933357246590058143e-01,-1.676905944738270315e-02,2.416857020689786584e-01,1.661952600134910252e-01,7.917343027474089967e-02,5.547548939145375418e-02,5.129220743005594718e-01,9.182535925790881459e-02,4.380647778732588149e-01,3.390493850405166404e-02,2.161307088542485932e-01,1.782273209133210246e-01,1.000000000000000000e+00,3.162168438216971800e-01,3.017815008096207952e-01,1.281088882138675111e-01,-1.537460298013485771e-01,4.116102015948377435e-01,2.312185069437808389e-03,2.014556920548433716e-01,2.092960102654554400e-01,-1.695057464212699344e-03,1.276323706472866915e-01,4.390107085791974950e-01,3.454176467570615472e-01,8.704456081897807285e-02,4.169694310204012933e-01,-5.630960924917160354e-02,4.631016946561803543e-02,-4.637767993480483575e-02,2.175176787189560534e-01,2.260164351182578635e-01,1.950968025755769192e-02,3.340519414624825573e-02,-9.916629143660317391e-02,-8.202114550235188595e-02,-1.120275984390032252e-02,1.165368102833866937e-01,-2.866717206323181680e-02,1.010601738524788962e-01,1.535397453276900470e-01,-5.769311910275359834e-02,3.462634963794816723e-01,8.830540048798009301e-02,-1.331435159171083238e-01,1.452990994607769870e-01,4.140256436743448565e-01,1.813202767302501406e-01,1.914641901011928382e-01,1.230797037221623841e-01,-2.911791213768930575e-01,1.609640151890795109e-02,-2.673350927182671088e-01,1.408518984598343959e-01,2.567301395611431003e-01,-9.212464209139148430e-02,1.155734205528789055e-01,1.670389980181404277e-01,9.636479343119230823e-02,-2.794520942192235125e-01,1.194505598568176841e-01,-3.407248271684017865e-02,7.825724400631128841e-02,-2.547557806312472084e-01,3.582153606843564431e-01,1.465755015747207679e-01,9.908169473765694735e-02,-3.875780292896414264e-02
8.142029339381173791e-01,5.085802029635789860e-03,7.094097989091348033e-01,3.350620720280343412e-01,1.166939534522289240e-01,2.263401491819398148e-01,7.956500447065940618e-01,4.953878906117754055e-01,3.849968409743464437e-01,1.773031326039178346e-01,3.899004672908051861e-01,3.214804564592385061e-01,3.162168438216971800e-01,1.000000000000000000e+00,2.843492983198988022e-01,1.588993645942926858e-01,1.017502907994361216e-01,6.291725629346843762e-01,2.985642294753552695e-01,2.683077033519971066e-01,2.942944131571524902e-01,1.978675182601677407e-01,1.988794649029095030e-01,5.416816543562458230e-01,1.778105589326679781e-01,5.752919407465761914e-01,5.473324333220338511e-01,2.334393791237311666e-01,3.546908285017683071e-01,4.717875158777983802e-01,2.223405944045354632e-01,2.870191799599823845e-01,8.997816502653177562e-02,2.663576661375204740e-02,2.813802315074602489e-02,-1.537521375101757737e-01,3.419208305669715897e-01,2.626445837317262222e-01,-4.444771726076597596e-02,1.683154212327537258e-01,4.901893467123743520e-01,1.624499212425857542e-01,3.767818668382321157e-01,1.631570969772282720e-01,1.056450281000436558e-01,2.621115913755228122e-01,3.157943394994411901e-01,5.870157937764608480e-01,8.970942929754613382e-02,8.816461469389666461e-02,-2.514305922352124689e-01,4.410689657638843797e-01,-2.105785684282970860e-01,1.981930617424964847e-01,1.585342167201088948e-01,5.388198292530962247e-02,7.247924249843976097e-02,3.537043319896016613e-01,-4.715703216055910918e-02,8.239070574006607250e-02,3.606689923741775994e-01,1.276990844179179962e-01,2.668550483672161855e-01,-2.697802796541585307e-02,3.142715156846092595e-01,1.924455867836518189e-02,3.899194992037902791e-02,-8.142491890977554547e-02
2.323775587285510091e-01,4.594306148934337343e-03,3.180666657807277309e-01,1.127198725037599630e-01,1.047248265877963741e-01,1.551781962487963074e-01,4.628077528891305081e-01,1.853852444788854359e-01,3.408747932305063455e-01,3.028237547155861881e-02,1.177810432446083078e-01,1.895942694201480094e-01,3.017815008096207952e-01,2.843492983198988022e-01,1.000000000000000000e+00,9.442876632597084485e-02,-7.364222048622216799e-02,2.680514871016316802e-01,1.761354457972330589e-02,2.216398217069175669e-01,1.256956670163910106e-01,5.794576106086869044e-02,1.094170763044078898e-01,4.223243309056556316e-01,1.949881477323790191e-01,1.837467494063506623e-01,2.949337712750895180e-01,1.158377771248421673e-01,5.003203977756673360e-02,1.397614952200031957e-01,1.000089521436799272e-01,9.259904354337933352e-02,9.797264586220788551e-02,4.845076933238582489e-02,-1.237372841401693097e-01,-1.836831393981196159e-02,1.954985753614961741e-01,9.212368791309646920e-02,3.133448357376173582e-02,1.279046851415729102e-01,3.259783773613601499e-01,8.285580008481396863e-02,3.078618308641237755e-01,3.558524996590874123e-02,3.184433875026061733e-02,1.438734379299577149e-01,2.686990809502473598e-01,2.668187997987865323e-01,2.760597046087966966e-01,1.007903130645848855e-01,-2.095570235970741213e-01,1.566937547127535690e-01,-1.531229595997256332e-01,1.700220549861290176e-01,1.210923077943792947e-01,3.379906772613798516e-02,5.884202969567379343e-02,3.059018125696166268e-01,1.423063948344115842e-02,-2.044145314595722379e-02,2.032130609863968818e-01,1.053222026784891713e-01,4.833070180567349688e-02,-4.817868955142860093e-02,2.144794540528802418e-01,6.499661483310069376e-02,1.316634994039830031e-01,-1.333574591830670973e-02
1.803999942110705301e-01,1.352784026250274385e-01,1.610462849934071461e-01,4.688563975354291258e-01,4.074514848052061822e-02,3.178551378466409338e-01,1.478443252377900363e-01,1.632868877886809733e-01,1.932137841729825167e-01,3.180506946120614242e-01,1.399254740947272202e-01,4.599516224691855282e-01,1.281088882138675111e-01,1.588993645942926858e-01,9.442876632597084485e-02,1.000000000000000000e+00,1.564816844353527914e-01,9.843972449967075544e-02,1.247297494718917904e-01,3.542669598170252176e-01,6.025143151743937997e-01,1.907418914468915483e-01,6.017255522037522342e-01,2.349683910658292019e-01,1.249775188962406886e-01,1.733871570066571333e-01,3.672675020514840072e-01,3.580869363405240757e-01,3.011991222311287686e-01,2.036584464970049024e-01,1.457769597659040184e-01,5.648732209104686403e-02,2.432846466381651251e-01,3.622707562034108153e-01,1.774955653977268732e-01,1.857109097493671868e-01,2.591340167525091158e-03,4.442347625550580603e-01,6.522449506258642948e-02,2.923738990737794197e-01,7.835812984370568723e-02,2.037785601764979526e-01,1.477697069782701877e-01,3.496981654823380081e-01,3.197626538089060749e-02,4.577091981752701710e-01,3.810882819098567603e-02,1.294237254151358318e-01,1.136940876378232795e-01,5.770301069637390201e-01,1.032021537780505593e-01,-3.085477894871520299e-02,1.196895101649098486e-01,2.810965013965062709e-01,5.845019788860578158e-01,1.597651698504169437e-01,6.118035937112515921e-01,2.112151340276252898e-01,3.934456800757425710e-02,1.585956993061059511e-03,2.651024183222953634e-01,3.787885080163194695e-01,2.886053021278963682e-01,2.262914891597163913e-01,5.109307016771656718e-02,4.905834145347035165e-03,2.396925773481125566e-01,3.043547956368475305e-01
1.622327432372237532e-01,2.484255891280313377e-01,2.590805625316924821e-01,1.506684466195754024e-01,3.849058878464543115e-02,2.816188364387201548e-01,-6.153942453341958857e-02,3.015964120904724433e-01,-1.198575266692584462e-01,1.492381164855292042e-01,3.122823495718680120e-01,1.620536338133320708e-01,-1.537460298013485771e-01,1.017502907994361216e-01,-7.364222048622216799e-02,1.564816844353527914e-01,1.000000000000000000e+00,4.087243066132580094e-02,6.268880389293531863e-01,5.790458787042789685e-02,1.210216060660185555e-01,2.115280652367816649e-01,3.470921077026642987e-01,-5.649127255402070641e-02,8.458629377355282933e-03,3.308063921075676261e-01,2.745097867139532632e-01,3.859024457814315689e-01,2.465389626360982578e-01,4.839698412143469408e-01,-1.068476338496138350e-01,-7.174832216755586134e-02,1.062827816428154742e-01,3.369618209572999290e-01,3.086685081900473193e-01,2.372813966494049798e-01,-7.991812104344016288e-02,1.458649020259714379e-01,-2.828540491958326727e-02,1.487220571433002236e-01,-1.644245015229472417e-01,1.963297170035982753e-01,-1.613855451478299619e-01,2.115750545499888169e-01,1.315381406606584980e-01,1.695762370348007642e-01,-2.092671154178834259e-01,-9.583951977594994120e-02,-1.288534372643320436e-01,1.638978567247985629e-01,4.157712559644871630e-01,-8.770320670782148775e-02,4.559721707576586125e-01,5.440241720882944138e-02,2.225774498856038230e-02,9.397201046732338303e-02,2.623966287667123254e-01,-4.851422760676631779e-02,-4.231769621708844631e-02,1.173542602683510794e-01,7.874391136944706993e-02,2.833574342544181723e-01,1.973436270788016533e-01,3.714537953509733370e-01,-3.117495553732562152e-01,-5.697527021239223721e-02,9.440031452911479271e-02,2.915257436145160530e-01
4.425523073853668277e-01,1.535207554763186322e-02,5.778983471691171436e-01,1.430878550242698499e-01,1.140587866567561309e-01,2.209074790729559368e-02,6.805959654028278516e-01,3.494780801969836204e-01,3.412715781748573707e-01,-5.259419763187349328e-02,5.298776516563564742e-01,1.498353700803605748e-01,4.116102015948377435e-01,6.291725629346843762e-01,2.680514871016316802e-01,9.843972449967075544e-02,4.087243066132580094e-02,1.000000000000000000e+00,3.313179453400362240e-01,2.883493569806550583e-01,1.743402457670499284e-01,1.818401765226263789e-01,1.133507810222547929e-01,4.035181680255617853e-01,2.673785463753713953e-01,5.041101145921165205e-01,6.241375731708453944e-01,4.414633795844660064e-02,-3.891810213150425496e-02,3.163100661945563163e-01,1.304851461058935680e-01,1.834016058234719804e-01,5.805031388006896137e-02,9.201618787019179291e-02,-1.346311772951404029e-01,-5.182688145338508467e-02,2.175987344936324563e-01,1.191339960641615292e-01,-7.507283241907337923e-03,4.398796742694113804e-02,2.813631402778059010e-01,3.808286269616870112e-02,2.708859371141947303e-01,4.698960881574049120e-02,1.105099127012011129e-01,1.543944848479968379e-01,2.260932369197132530e-01,3.338786003692674753e-01,7.323610112613679335e-02,9.940034019496440942e-02,-2.219704063368510560e-01,4.097868269300408706e-01,-9.789504783599148330e-02,2.494743413343114835e-01,1.824198989229083301e-01,-6.309696767420536201e-02,8.738095455775876652e-02,1.425254860945600610e-01,7.934053824355014745e-03,-1.966619643375462287e-02,2.327632376764140198e-01,1.904114977527998805e-03,4.115883830306021895e-02,-1.020457355077412642e-01,1.786510239678855971e-01,8.749664691185932153e-02,1.727207834195507996e-01,-1.365623559164445486e-02
3.286549542431136950e-01,1.690627071396012537e-01,4.392185547659733236e-01,7.708834503748593359e-02,7.970284996457677185e-02,2.929538981759918226e-01,1.475463076510296623e-01,4.752824501059924600e-01,-6.707013586755292134e-02,1.227036049242365146e-01,4.568069131511444114e-01,8.046899481944363997e-02,2.312185069437808389e-03,2.985642294753552695e-01,1.761354457972330589e-02,1.247297494718917904e-01,6.268880389293531863e-01,3.313179453400362240e-01,1.000000000000000000e+00,5.353500317734313091e-02,1.703316877971244869e-01,4.989754403944706568e-02,3.217792754668841737e-01,-6.772834267003306763e-02,4.465996531106030537e-02,3.158517520846347848e-01,3.735986422437269638e-01,3.158439193387226895e-01,1.960643505289124955e-01,4.540468871236745807e-01,-1.041845424085135474e-01,3.734623133082981983e-03,7.130456749932211069e-02,2.366997094825926129e-01,1.584492572536690125e-01,9.054231771937909512e-02,-7.288869017797480754e-02,7.760681855574340371e-02,-2.195163767444963457e-02,2.051528008264681402e-01,-1.559273075543006482e-01,2.352146229319141690e-01,-1.752969773350945282e-01,2.060429177131119782e-01,1.088717667378977239e-01,9.794914922711613070e-02,-1.780325732161221475e-01,-2.260033573450409908e-02,-6.205521471388379673e-02,1.727810711203938976e-01,1.348628187806195089e-01,3.569777597769414196e-02,2.910517981119238318e-01,2.927531903841149377e-02,1.052202148910306168e-01,-1.125516152787501278e-01,2.050857483615378396e-01,-1.923668232181267590e-01,-1.462172304058795558e-01,-5.791407055426942008e-02,-5.135764404660341648e-02,2.292392997649013719e-01,2.042869179206369679e-01,1.685881389603205438e-01,-2.519368802434850396e-01,-3.542635511592020364e-02,1.292334305265439021e-01,1.330370639766314256e-01
1.795374747137282456e-01,1.622168171385691970e-01,2.617642339978477617e-01,5.705565898147951787e-01,5.861171224353937254e-02,2.137032252700620805e-01,3.467552029331067431e-01,1.241787282973553924e-01,3.540303479586975888e-01,3.027657026978065047e-01,2.095205602094176167e-01,6.296862108581557926e-01,2.014556920548433716e-01,2.683077033519971066e-01,2.216398217069175669e-01,3.542669598170252176e-01,5.790458787042789685e-02,2.883493569806550583e-01,5.353500317734313091e-02,1.000000000000000000e+00,3.484537156774039079e-01,3.203464956913654738e-01,3.128714004515342761e-01,4.581685974537268446e-01,2.718590953870642091e-01,2.927626941680092076e-01,4.537169970363881255e-01,3.858091722109208144e-01,2.641702058338655373e-02,2.290520768422831255e-01,2.008762393042866912e-01,5.162783365133865460e-02,2.923250908623358235e-01,2.711239016939641644e-01,3.332587783567782930e-02,2.462712750660475125e-01,2.924233913959418119e-01,5.704221142355928587e-01,1.041187617944986654e-01,2.765568730852064894e-01,4.093402407850336711e-01,2.186154059075844369e-01,3.831374592094487497e-01,3.870522075892732783e-01,2.681216102036393933e-01,6.949975676448959527e-01,2.420950320244241449e-01,3.951882386381215806e-01,1.528889460660655675e-01,3.174261523288293141e-01,6.757719436588800754e-02,2.243195280434100436e-01,1.346911741592555500e-01,8.590287615175140612e-01,3.736537633215857301e-01,2.405746759510963284e-01,3.764125310917946221e-01,4.816995746384957200e-01,2.148547996349661204e-01,1.968232416111394822e-01,4.281742313005469924e-01,4.102109643849396470e-01,8.294726648973255179e-02,2.423791097560236973e-01,6.837311490754383048e-02,9.063800182843086140e-02,3.184834653895076695e-01,2.266888252470393994e-01
3.200213063807185176e-01,1.266658213409510292e-01,2.667250123746046087e-01,6.156857161640558740e-01,1.045248964131906613e-02,3.571540991653284203e-01,2.475310625090084704e-01,2.887755319699060741e-01,2.181863164613147277e-01,4.264409553143089227e-01,1.309691117886010447e-01,5.485350948160200302e-01,2.092960102654554400e-01,2.942944131571524902e-01,1.256956670163910106e-01,6.025143151743937997e-01,1.210216060660185555e-01,1.743402457670499284e-01,1.703316877971244869e-01,3.484537156774039079e-01,1.000000000000000000e+00,6.603622280721202498e-02,7.365353021018233859e-01,2.315861361472514868e-01,7.092074075689716595e-02,1.592342091893558242e-01,4.055810196470571727e-01,4.187332834591733222e-01,3.751234727679949588e-01,2.516658597979140599e-01,1.400420056884124909e-01,1.298189649387387623e-01,1.734968214640966178e-01,3.076061752217111311e-01,1.790008007041987981e-01,8.594056939167947495e-02,1.812863335853239985e-02,5.538898876879057021e-01,7.088389559916069560e-02,3.586726652978028396e-01,1.398366818718702609e-01,2.650941353001725065e-01,2.316126046712665143e-01,4.692704236316258548e-01,-5.382361289614859268e-02,5.290780125350467156e-01,1.178091623807954180e-01,2.174499278759754184e-01,1.827079315005817328e-01,5.625467142690302458e-01,-6.367095790667332000e-02,-2.069082264030505311e-02,-5.224612111263812753e-02,2.418366169513955222e-01,8.355133196246611327e-01,7.014546788745341932e-02,6.901210925562102361e-01,2.120676173927168173e-01,-1.123951347197724854e-02,-9.994375559533269504e-02,2.444510962997479553e-01,4.544327362676280346e-01,3.678459215422428819e-01,1.409383105837558603e-01,1.438476235110955903e-01,8.441553351639936864e-02,1.819005801876825978e-01,1.960502858251761404e-01
1.214900374015148582e-01,2.158368637152683067e-01,1.552690557374707958e-01,2.783588311830025863e-01,5.919198584940137814e-02,1.809228831954426756e-02,1.641434744918435773e-01,3.656321640271942980e-02,2.582488880024474964e-01,5.671598984286741613e-02,2.752949465273690777e-01,2.810496208725521416e-01,-1.695057464212699344e-03,1.978675182601677407e-01,5.794576106086869044e-02,1.907418914468915483e-01,2.115280652367816649e-01,1.818401765226263789e-01,4.989754403944706568e-02,3.203464956913654738e-01,6.603622280721202498e-02,1.000000000000000000e+00,9.693623705887843833e-02,4.111607914189101542e-01,2.552989519436754118e-01,4.938867140016524604e-01,3.218548580967340866e-01,2.581068459859266473e-01,9.442986756495204415e-02,3.505948592538462028e-01,8.998849275667454573e-02,-9.557413127474224598e-03,1.509781172114794401e-01,3.260135646267048326e-01,2.320195229855310237e-01,2.565213574859431800e-01,1.844097932864402489e-01,2.740131605828909911e-01,-1.129287502545085406e-02,-6.469989891285589378e-02,2.863215021763528267e-01,3.766245515469763411e-02,2.829004889798358846e-01,6.987085293101975847e-02,2.833698556522475931e-01,3.041321712825024726e-01,1.385856736449560811e-01,2.436914860092854185e-01,-1.245389160332734529e-01,1.344457068037299419e-01,3.777343207583675477e-01,1.856433323124948576e-01,4.261463598988254886e-01,3.223686026193366416e-01,3.435661184100590598e-02,4.876939488995173377e-01,1.680327521318724648e-01,4.846451687736824665e-01,2.558713278626201237e-01,4.452029762750634445e-01,4.886246019535873675e-01,1.517889623443486602e-01,9.364349967108742678e-02,3.270800746446182461e-01,-5.972748461394100650e-02,1.444427599856990506e-02,1.772009054508398296e-01,2.991551199301141772e-01
2.237445172153275652e-01,2.178250242679949100e-01,3.405357806174753588e-01,4.695117549073623553e-01,2.267543159222789803e-02,4.998954359266787328e-01,1.714475941332321840e-01,4.138445540968572200e-01,1.027332159786991522e-01,4.407229114060096098e-01,2.008877825821859253e-01,4.677976161253945553e-01,1.276323706472866915e-01,1.988794649029095030e-01,1.094170763044078898e-01,6.017255522037522342e-01,3.470921077026642987e-01,1.133507810222547929e-01,3.217792754668841737e-01,3.128714004515342761e-01,7.365353021018233859e-01,9.693623705887843833e-02,1.000000000000000000e+00,1.316618305913290210e-01,6.943125208225309208e-02,2.233920748655994493e-01,4.427980011908326241e-01,6.012145538735033101e-01,3.498787997457984411e-01,4.538443871013618791e-01,-1.413469148270292582e-02,2.928989923514458901e-02,1.879546204000086818e-01,4.397949062416277588e-01,2.055605293897110886e-01,2.124603762153484676e-01,7.087927565478182451e-03,4.220528061049291235e-01,7.368183504897735103e-02,4.211425963425657892e-01,5.299670700680120250e-02,3.803442398053426543e-01,6.616013306275504713e-02,4.939908276286938960e-01,2.943246888339149867e-02,4.516156780436471618e-01,1.544110681915212896e-03,1.080500937000140049e-01,1.719813097798852386e-01,5.864574930219419446e-01,1.403543481439400720e-01,-5.573547267472629685e-02,1.419868224499700460e-01,2.377579921965964904e-01,6.519363162843545556e-01,6.510770379154935672e-02,7.927098903775721128e-01,1.216788283560772954e-01,-7.927167433378290440e-02,-6.085707424625273754e-02,2.442245005247283274e-01,6.083833546391411717e-01,3.269262916702956323e-01,3.644754119616709920e-01,-5.651866624531238364e-02,2.856039886991056098e-02,2.233808388996786909e-01,3.247579646884229954e-01
