0.000000000000000000e+00 1.000000000000000000e+00 4.898979485566355763e+00 1.732050807568877193e+00 0.000000000000000000e+00 2.000000000000000000e+00 2.391652148620279661e+01 6.928203230275508773e+00 1.414213562373095145e+00 2.645751311064590716e+00 0.000000000000000000e+00 1.414213562373095145e+00 1.000000000000000000e+00 3.548238999842034502e+01 0.000000000000000000e+00 0.000000000000000000e+00 4.000000000000000000e+00 1.414213562373095145e+00 2.236067977499789805e+00 1.000000000000000000e+00 2.449489742783177881e+00 0.000000000000000000e+00 5.196152422706632024e+00 0.000000000000000000e+00 0.000000000000000000e+00 3.872983346207417021e+00 2.236067977499789805e+00 5.477225575051661188e+00 2.744084546802448799e+01 2.073644135332772009e+01 0.000000000000000000e+00 1.732050807568877193e+00 0.000000000000000000e+00 3.464101615137754386e+00 0.000000000000000000e+00 0.000000000000000000e+00 1.000000000000000000e+00 0.000000000000000000e+00 0.000000000000000000e+00 0.000000000000000000e+00 0.000000000000000000e+00 0.000000000000000000e+00 0.000000000000000000e+00 0.000000000000000000e+00 0.000000000000000000e+00 0.000000000000000000e+00 0.000000000000000000e+00 0.000000000000000000e+00 0.000000000000000000e+00 0.000000000000000000e+00 0.000000000000000000e+00 0.000000000000000000e+00 0.000000000000000000e+00 0.000000000000000000e+00 0.000000000000000000e+00 0.000000000000000000e+00 0.000000000000000000e+00 0.000000000000000000e+00 0.000000000000000000e+00 1.000000000000000000e+00 0.000000000000000000e+00 1.414213562373095145e+00 0.000000000000000000e+00 0.000000000000000000e+00 0.000000000000000000e+00 0.000000000000000000e+00 0.000000000000000000e+00 0.000000000000000000e+00
1.000000000000000000e+00 0.000000000000000000e+00 2.236067977499789805e+00 1.000000000000000000e+00 1.414213562373095145e+00 0.000000000000000000e+00 0.000000000000000000e+00 0.000000000000000000e+00 1.004987562112088995e+01 1.732050807568877193e+00 5.916079783099616130e+00 0.000000000000000000e+00 1.200000000000000000e+01 1.000000000000000000e+00 2.449489742783177881e+00 1.732050807568877193e+00 4.690415759823429731e+00 2.000000000000000000e+00 3.162277660168379523e+00 1.000000000000000000e+00 1.414213562373095145e+00 1.881488772222677852e+01 2.828427124746190291e+00 9.433981132056603158e+00 1.936491673103708422e+01 8.888194417315588680e+00 3.807886552931954327e+01 2.236067977499789805e+00 1.414213562373095145e+00 1.000000000000000000e+00 2.645751311064590716e+00 1.000000000000000000e+00 0.000000000000000000e+00 5.291502622129181432e+00 0.000000000000000000e+00 4.472135954999579610e+00 3.872983346207417021e+00 0.000000000000000000e+00 0.000000000000000000e+00 0.000000000000000000e+00 0.000000000000000000e+00 0.000000000000000000e+00 0.000000000000000000e+00 0.000000000000000000e+00 0.000000000000000000e+00 0.000000000000000000e+00 4.795831523312719114e+00 1.000000000000000000e+00 0.000000000000000000e+00 0.000000000000000000e+00 1.000000000000000000e+00 1.000000000000000000e+00 2.236067977499789805e+00 0.000000000000000000e+00 0.000000000000000000e+00 1.732050807568877193e+00 1.414213562373095145e+00 1.732050807568877193e+00 4.000000000000000000e+00 6.244997998398398309e+00 9.539392014169456147e+00 1.000000000000000000e+00 0.000000000000000000e+00 0.000000000000000000e+00 2.449489742783177881e+00 0.000000000000000000e+00 0.000000000000000000e+00 1.000000000000000000e+00
4.898979485566355763e+00 2.236067977499789805e+00 0.000000000000000000e+00 1.732050807568877193e+00 0.000000000000000000e+00 9.433981132056603158e+00 1.349073756323204165e+01 1.389244398944980396e+01 1.732050807568877193e+00 4.582575694955839829e+00 5.291502622129181432e+00 1.414213562373095145e+00 0.000000000000000000e+00 1.612451549659709826e+01 0.000000000000000000e+00 3.316624790355399810e+00 3.366006535941367162e+01 3.000000000000000000e+00 7.937253933193772149e+00 1.000000000000000000e+00 2.188606862823928978e+01 4.000000000000000000e+00 6.095900261651268437e+01 5.099019513592784492e+00 1.414213562373095145e+00 4.911211663123469862e+01 6.788961628997471109e+01 1.774823934929884928e+01 9.899494936611665352e+00 1.886796226411320632e+01 1.000000000000000000e+00 2.236067977499789805e+00 3.872983346207417021e+00 1.513274595042155646e+01 1.000000000000000000e+00 4.690415759823429731e+00 1.506651917331936374e+01 1.000000000000000000e+00 0.000000000000000000e+00 1.000000000000000000e+00 2.828427124746190291e+00 0.000000000000000000e+00 1.732050807568877193e+00 0.000000000000000000e+00 0.000000000000000000e+00 0.000000000000000000e+00 1.000000000000000000e+00 1.414213562373095145e+00 0.000000000000000000e+00 4.795831523312719114e+00 4.123105625617660586e+00 1.732050807568877193e+00 1.414213562373095145e+00 0.000000000000000000e+00 3.000000000000000000e+00 5.291502622129181432e+00 8.660254037844387298e+00 5.291502622129181432e+00 1.732050807568877193e+00 5.196152422706632024e+00 2.078460969082652809e+01 4.123105625617660586e+00 0.000000000000000000e+00 2.645751311064590716e+00 0.000000000000000000e+00 0.000000000000000000e+00 0.000000000000000000e+00 1.414213562373095145e+00
1.732050807568877193e+00 1.000000000000000000e+00 1.732050807568877193e+00 0.000000000000000000e+00 4.358898943540673976e+00 1.029563014098700080e+01 8.366600265340755627e+00 5.385164807134503739e+00 1.435270009440732331e+01 3.124099870362661591e+01 1.732050807568877193e+00 3.280243893371345365e+01 1.000000000000000000e+00 6.244997998398398309e+00 1.044030650891055068e+01 0.000000000000000000e+00 1.000000000000000000e+00 1.000000000000000000e+00 0.000000000000000000e+00 6.765352910233139028e+01 2.236067977499789805e+00 1.000000000000000000e+00 2.000000000000000000e+00 3.943348830626070622e+01 1.414213562373095145e+00 1.000000000000000000e+00 1.414213562373095145e+00 3.310589071449369669e+01 9.055385138137417300e+00 3.741657386773941329e+00 1.000000000000000000e+00 3.162277660168379523e+00 1.000000000000000000e+00 5.000000000000000000e+00 0.000000000000000000e+00 0.000000000000000000e+00 0.000000000000000000e+00 9.591663046625438227e+00 1.732050807568877193e+00 3.464101615137754386e+00 3.872983346207417021e+00 1.414213562373095145e+00 6.403124237432848531e+00 8.717797887081347952e+00 1.000000000000000000e+00 8.831760866327847737e+00 1.000000000000000000e+00 1.732050807568877193e+00 2.449489742783177881e+00 0.000000000000000000e+00 0.000000000000000000e+00 0.000000000000000000e+00 0.000000000000000000e+00 1.000000000000000000e+01 1.000000000000000000e+00 0.000000000000000000e+00 0.000000000000000000e+00 6.928203230275508773e+00 0.000000000000000000e+00 0.000000000000000000e+00 0.000000000000000000e+00 1.240967364599085698e+01 1.414213562373095145e+00 0.000000000000000000e+00 0.000000000000000000e+00 0.000000000000000000e+00 0.000000000000000000e+00 1.732050807568877193e+00
0.000000000000000000e+00 1.414213562373095145e+00 0.000000000000000000e+00 4.358898943540673976e+00 0.000000000000000000e+00 9.797958971132711525e+00 1.000000000000000000e+00 2.000000000000000000e+00 2.645751311064590716e+00 2.236067977499789805e+00 0.000000000000000000e+00 2.645751311064590716e+00 0.000000000000000000e+00 1.414213562373095145e+00 1.170469991071962568e+01 0.000000000000000000e+00 1.414213562373095145e+00 0.000000000000000000e+00 0.000000000000000000e+00 1.732050807568877193e+00 0.000000000000000000e+00 0.000000000000000000e+00 1.000000000000000000e+00 3.872983346207417021e+00 0.000000000000000000e+00 0.000000000000000000e+00 1.000000000000000000e+00 2.449489742783177881e+00 0.000000000000000000e+00 0.000000000000000000e+00 0.000000000000000000e+00 6.708203932499369415e+00 0.000000000000000000e+00 9.486832980505138124e+00 0.000000000000000000e+00 0.000000000000000000e+00 0.000000000000000000e+00 0.000000000000000000e+00 0.000000000000000000e+00 0.000000000000000000e+00 0.000000000000000000e+00 0.000000000000000000e+00 0.000000000000000000e+00 1.000000000000000000e+00 0.000000000000000000e+00 0.000000000000000000e+00 0.000000000000000000e+00 0.000000000000000000e+00 0.000000000000000000e+00 0.000000000000000000e+00 0.000000000000000000e+00 0.000000000000000000e+00 0.000000000000000000e+00 1.000000000000000000e+00 0.000000000000000000e+00 0.000000000000000000e+00 0.000000000000000000e+00 0.000000000000000000e+00 0.000000000000000000e+00 0.000000000000000000e+00 0.000000000000000000e+00 0.000000000000000000e+00 0.000000000000000000e+00 0.000000000000000000e+00 0.000000000000000000e+00 0.000000000000000000e+00 0.000000000000000000e+00 0.000000000000000000e+00
2.000000000000000000e+00 0.000000000000000000e+00 9.433981132056603158e+00 1.029563014098700080e+01 9.797958971132711525e+00 0.000000000000000000e+00 2.381176179958131556e+01 3.652396473549934797e+01 5.656854249492380582e+00 5.458937625582472464e+01 3.316624790355399810e+00 4.283689998120779308e+01 1.414213562373095145e+00 1.109053650640941768e+01 1.797220075561142849e+01 0.000000000000000000e+00 3.464101615137754386e+00 1.414213562373095145e+00 1.414213562373095145e+00 9.055385138137417300e+00 2.236067977499789805e+00 1.000000000000000000e+00 5.656854249492380582e+00 6.403124237432848531e+00 1.000000000000000000e+00 5.830951894845300743e+00 3.316624790355399810e+00 2.229349680960795510e+01 5.385164807134503739e+00 5.099019513592784492e+00 2.000000000000000000e+00 9.110433579144299188e+00 0.000000000000000000e+00 7.000000000000000000e+00 0.000000000000000000e+00 0.000000000000000000e+00 1.414213562373095145e+00 3.316624790355399810e+00 0.000000000000000000e+00 2.000000000000000000e+00 1.000000000000000000e+00 0.000000000000000000e+00 1.414213562373095145e+00 3.162277660168379523e+00 0.000000000000000000e+00 3.162277660168379523e+00 0.000000000000000000e+00 0.000000000000000000e+00 1.000000000000000000e+00 0.000000000000000000e+00 0.000000000000000000e+00 0.000000000000000000e+00 0.000000000000000000e+00 3.464101615137754386e+00 1.000000000000000000e+00 0.000000000000000000e+00 0.000000000000000000e+00 2.645751311064590716e+00 0.000000000000000000e+00 0.000000000000000000e+00 1.000000000000000000e+00 4.898979485566355763e+00 0.000000000000000000e+00 0.000000000000000000e+00 0.000000000000000000e+00 0.000000000000000000e+00 0.000000000000000000e+00 1.000000000000000000e+00
2.391652148620279661e+01 0.000000000000000000e+00 1.349073756323204165e+01 8.366600265340755627e+00 1.000000000000000000e+00 2.381176179958131556e+01 0.000000000000000000e+00 2.206807649071390998e+01 4.690415759823429731e+00 5.304714883949937843e+01 2.236067977499789805e+00 7.141428428542850426e+00 2.000000000000000000e+00 4.830113870293328659e+01 3.605551275463989125e+00 1.000000000000000000e+00 4.582575694955839829e+00 1.732050807568877193e+00 2.828427124746190291e+00 2.000000000000000000e+00 8.000000000000000000e+00 0.000000000000000000e+00 9.486832980505138124e+00 1.104536101718726115e+01 0.000000000000000000e+00 6.928203230275508773e+00 7.000000000000000000e+00 6.849087530467106433e+01 1.466287829861517977e+01 4.204759208325727826e+01 1.000000000000000000e+00 3.316624790355399810e+00 3.000000000000000000e+00 8.000000000000000000e+00 0.000000000000000000e+00 0.000000000000000000e+00 1.414213562373095145e+00 3.464101615137754386e+00 0.000000000000000000e+00 2.236067977499789805e+00 1.000000000000000000e+00 0.000000000000000000e+00 3.741657386773941329e+00 4.582575694955839829e+00 0.000000000000000000e+00 3.605551275463989125e+00 1.000000000000000000e+00 0.000000000000000000e+00 1.000000000000000000e+00 1.000000000000000000e+00 0.000000000000000000e+00 0.000000000000000000e+00 0.000000000000000000e+00 3.316624790355399810e+00 0.000000000000000000e+00 0.000000000000000000e+00 1.000000000000000000e+00 5.196152422706632024e+00 0.000000000000000000e+00 0.000000000000000000e+00 3.464101615137754386e+00 5.656854249492380582e+00 1.000000000000000000e+00 1.000000000000000000e+00 0.000000000000000000e+00 0.000000000000000000e+00 0.000000000000000000e+00 2.000000000000000000e+00
6.928203230275508773e+00 0.000000000000000000e+00 1.389244398944980396e+01 5.385164807134503739e+00 2.000000000000000000e+00 3.652396473549934797e+01 2.206807649071390998e+01 0.000000000000000000e+00 1.414213562373095145e+00 3.176476034853718033e+01 1.732050807568877193e+00 9.327379053088815652e+00 1.732050807568877193e+00 3.725587202039431389e+01 3.162277660168379523e+00 1.414213562373095145e+00 8.246211251235321171e+00 1.414213562373095145e+00 4.582575694955839829e+00 4.690415759823429731e+00 4.795831523312719114e+00 0.000000000000000000e+00 1.122497216032182443e+01 4.000000000000000000e+00 0.000000000000000000e+00 1.086278049120021549e+01 5.567764362830021518e+00 1.345362404707370985e+01 9.000000000000000000e+00 1.489966442575133954e+01 1.000000000000000000e+00 1.315294643796590535e+01 1.414213562373095145e+00 6.708203932499369415e+00 0.000000000000000000e+00 0.000000000000000000e+00 1.000000000000000000e+00 0.000000000000000000e+00 0.000000000000000000e+00 0.000000000000000000e+00 0.000000000000000000e+00 0.000000000000000000e+00 2.828427124746190291e+00 2.449489742783177881e+00 0.000000000000000000e+00 0.000000000000000000e+00 0.000000000000000000e+00 1.000000000000000000e+00 1.414213562373095145e+00 0.000000000000000000e+00 0.000000000000000000e+00 0.000000000000000000e+00 0.000000000000000000e+00 1.732050807568877193e+00 1.000000000000000000e+00 0.000000000000000000e+00 0.000000000000000000e+00 3.872983346207417021e+00 0.000000000000000000e+00 1.000000000000000000e+00 3.162277660168379523e+00 4.123105625617660586e+00 1.000000000000000000e+00 0.000000000000000000e+00 0.000000000000000000e+00 0.000000000000000000e+00 0.000000000000000000e+00 1.000000000000000000e+00
1.414213562373095145e+00 1.004987562112088995e+01 1.732050807568877193e+00 1.435270009440732331e+01 2.645751311064590716e+00 5.656854249492380582e+00 4.690415759823429731e+00 1.414213562373095145e+00 0.000000000000000000e+00 7.483314773547882659e+00 2.000000000000000000e+00 1.063014581273464998e+01 4.898979485566355763e+00 3.316624790355399810e+00 1.144552314225959755e+01 1.000000000000000000e+00 2.828427124746190291e+00 0.000000000000000000e+00 1.000000000000000000e+00 6.000000000000000000e+00 1.732050807568877193e+00 1.529705854077835525e+01 1.414213562373095145e+00 4.103656905736638549e+01 5.916079783099616130e+00 4.123105625617660586e+00 1.726267650163206824e+01 1.496662954709576532e+01 5.385164807134503739e+00 3.000000000000000000e+00 1.732050807568877193e+00 0.000000000000000000e+00 1.414213562373095145e+00 4.123105625617660586e+00 0.000000000000000000e+00 1.414213562373095145e+00 2.828427124746190291e+00 3.162277660168379523e+00 0.000000000000000000e+00 1.000000000000000000e+00 1.414213562373095145e+00 0.000000000000000000e+00 8.246211251235321171e+00 3.464101615137754386e+00 0.000000000000000000e+00 4.123105625617660586e+00 2.449489742783177881e+00 1.414213562373095145e+00 0.000000000000000000e+00 1.414213562373095145e+00 1.000000000000000000e+00 1.414213562373095145e+00 0.000000000000000000e+00 3.000000000000000000e+00 1.000000000000000000e+00 1.000000000000000000e+00 2.000000000000000000e+00 7.549834435270749822e+00 1.414213562373095145e+00 2.236067977499789805e+00 5.830951894845300743e+00 7.141428428542850426e+00 1.732050807568877193e+00 1.414213562373095145e+00 1.000000000000000000e+00 0.000000000000000000e+00 0.000000000000000000e+00 1.000000000000000000e+00
2.645751311064590716e+00 1.732050807568877193e+00 4.582575694955839829e+00 3.124099870362661591e+01 2.236067977499789805e+00 5.458937625582472464e+01 5.304714883949937843e+01 3.176476034853718033e+01 7.483314773547882659e+00 0.000000000000000000e+00 5.385164807134503739e+00 4.596737973824481571e+01 3.162277660168379523e+00 2.247220505424423109e+01 6.082762530298219339e+00 1.000000000000000000e+00 1.000000000000000000e+00 2.449489742783177881e+00 0.000000000000000000e+00 4.022437072223753063e+01 2.449489742783177881e+00 1.000000000000000000e+00 2.645751311064590716e+00 9.433981132056603158e+00 0.000000000000000000e+00 3.741657386773941329e+00 2.449489742783177881e+00 4.944694126030446313e+01 1.109053650640941768e+01 4.582575694955839829e+00 2.000000000000000000e+00 4.795831523312719114e+00 1.414213562373095145e+00 8.544003745317530374e+00 0.000000000000000000e+00 0.000000000000000000e+00 0.000000000000000000e+00 8.062257748298549132e+00 0.000000000000000000e+00 2.236067977499789805e+00 3.605551275463989125e+00 2.000000000000000000e+00 5.477225575051661188e+00 9.797958971132711525e+00 1.000000000000000000e+00 7.874007874011811126e+00 1.732050807568877193e+00 1.000000000000000000e+00 1.414213562373095145e+00 0.000000000000000000e+00 0.000000000000000000e+00 0.000000000000000000e+00 0.000000000000000000e+00 8.602325267042626677e+00 1.732050807568877193e+00 0.000000000000000000e+00 0.000000000000000000e+00 8.185352771872450361e+00 1.000000000000000000e+00 0.000000000000000000e+00 0.000000000000000000e+00 1.292284798332008577e+01 1.414213562373095145e+00 1.000000000000000000e+00 0.000000000000000000e+00 0.000000000000000000e+00 0.000000000000000000e+00 2.449489742783177881e+00
0.000000000000000000e+00 5.916079783099616130e+00 5.291502622129181432e+00 1.732050807568877193e+00 0.000000000000000000e+00 3.316624790355399810e+00 2.236067977499789805e+00 1.732050807568877193e+00 2.000000000000000000e+00 5.385164807134503739e+00 0.000000000000000000e+00 3.872983346207417021e+00 1.392838827718411920e+01 6.403124237432848531e+00 1.000000000000000000e+00 1.000000000000000000e+00 1.131370849898476116e+01 3.363034344160047340e+01 2.126029162546929996e+01 2.236067977499789805e+00 4.000000000000000000e+00 2.645751311064590716e+00 5.916079783099616130e+00 3.464101615137754386e+00 7.211102550927978250e+00 2.551470164434614674e+01 1.307669683062202104e+01 4.795831523312719114e+00 7.211102550927978250e+00 3.605551275463989125e+00 6.403124237432848531e+00 3.741657386773941329e+00 0.000000000000000000e+00 3.260368077380221052e+01 0.000000000000000000e+00 3.162277660168379523e+00 0.000000000000000000e+00 1.000000000000000000e+00 0.000000000000000000e+00 0.000000000000000000e+00 0.000000000000000000e+00 1.000000000000000000e+00 1.000000000000000000e+00 0.000000000000000000e+00 3.464101615137754386e+00 0.000000000000000000e+00 1.104536101718726115e+01 1.000000000000000000e+00 0.000000000000000000e+00 0.000000000000000000e+00 0.000000000000000000e+00 3.162277660168379523e+00 1.000000000000000000e+00 0.000000000000000000e+00 0.000000000000000000e+00 0.000000000000000000e+00 0.000000000000000000e+00 2.645751311064590716e+00 7.416198487095662983e+00 6.557438524302000360e+00 8.485281374238569541e+00 1.414213562373095145e+00 0.000000000000000000e+00 0.000000000000000000e+00 3.464101615137754386e+00 0.000000000000000000e+00 0.000000000000000000e+00 1.732050807568877193e+00
1.414213562373095145e+00 0.000000000000000000e+00 1.414213562373095145e+00 3.280243893371345365e+01 2.645751311064590716e+00 4.283689998120779308e+01 7.141428428542850426e+00 9.327379053088815652e+00 1.063014581273464998e+01 4.596737973824481571e+01 3.872983346207417021e+00 0.000000000000000000e+00 2.000000000000000000e+00 9.327379053088815652e+00 1.606237840420901009e+01 0.000000000000000000e+00 0.000000000000000000e+00 2.236067977499789805e+00 0.000000000000000000e+00 3.423448553724738019e+01 0.000000000000000000e+00 0.000000000000000000e+00 1.732050807568877193e+00 1.153256259467079659e+01 1.000000000000000000e+00 2.000000000000000000e+00 2.000000000000000000e+00 1.410673597966588488e+01 6.782329983125268136e+00 2.236067977499789805e+00 1.732050807568877193e+00 4.123105625617660586e+00 0.000000000000000000e+00 6.164414002968976014e+00 0.000000000000000000e+00 0.000000000000000000e+00 0.000000000000000000e+00 3.605551275463989125e+00 1.000000000000000000e+00 2.000000000000000000e+00 1.000000000000000000e+00 0.000000000000000000e+00 2.000000000000000000e+00 4.898979485566355763e+00 0.000000000000000000e+00 5.291502622129181432e+00 1.414213562373095145e+00 1.732050807568877193e+00 1.732050807568877193e+00 0.000000000000000000e+00 0.000000000000000000e+00 0.000000000000000000e+00 0.000000000000000000e+00 4.472135954999579610e+00 1.000000000000000000e+00 0.000000000000000000e+00 0.000000000000000000e+00 3.605551275463989125e+00 0.000000000000000000e+00 1.000000000000000000e+00 1.000000000000000000e+00 4.795831523312719114e+00 0.000000000000000000e+00 0.000000000000000000e+00 1.000000000000000000e+00 0.000000000000000000e+00 0.000000000000000000e+00 1.000000000000000000e+00
1.000000000000000000e+00 1.200000000000000000e+01 0.000000000000000000e+00 1.000000000000000000e+00 0.000000000000000000e+00 1.414213562373095145e+00 2.000000000000000000e+00 1.732050807568877193e+00 4.898979485566355763e+00 3.162277660168379523e+00 1.392838827718411920e+01 2.000000000000000000e+00 0.000000000000000000e+00 4.472135954999579610e+00 1.000000000000000000e+00 0.000000000000000000e+00 2.000000000000000000e+00 2.449489742783177881e+00 1.414213562373095145e+00 1.732050807568877193e+00 0.000000000000000000e+00 5.744562646538028616e+00 1.414213562373095145e+00 4.358898943540673976e+00 2.393741840717164848e+01 5.744562646538028616e+00 2.328089345364563201e+01 3.000000000000000000e+00 4.358898943540673976e+00 1.000000000000000000e+00 1.161895003862225018e+01 3.316624790355399810e+00 0.000000000000000000e+00 1.791647286716891685e+01 0.000000000000000000e+00 4.123105625617660586e+00 1.000000000000000000e+00 0.000000000000000000e+00 0.000000000000000000e+00 1.000000000000000000e+00 1.000000000000000000e+00 0.000000000000000000e+00 1.414213562373095145e+00 0.000000000000000000e+00 5.830951894845300743e+00 0.000000000000000000e+00 1.766352173265569547e+01 1.000000000000000000e+00 0.000000000000000000e+00 0.000000000000000000e+00 1.000000000000000000e+00 4.123105625617660586e+00 0.000000000000000000e+00 1.000000000000000000e+00 0.000000000000000000e+00 0.000000000000000000e+00 0.000000000000000000e+00 1.414213562373095145e+00 1.161895003862225018e+01 8.000000000000000000e+00 1.095445115010332238e+01 0.000000000000000000e+00 1.000000000000000000e+00 0.000000000000000000e+00 5.744562646538028616e+00 0.000000000000000000e+00 0.000000000000000000e+00 1.414213562373095145e+00
3.548238999842034502e+01 1.000000000000000000e+00 1.612451549659709826e+01 6.244997998398398309e+00 1.414213562373095145e+00 1.109053650640941768e+01 4.830113870293328659e+01 3.725587202039431389e+01 3.316624790355399810e+00 2.247220505424423109e+01 6.403124237432848531e+00 9.327379053088815652e+00 4.472135954999579610e+00 0.000000000000000000e+00 1.414213562373095145e+00 0.000000000000000000e+00 1.053565375285273831e+01 3.316624790355399810e+00 4.690415759823429731e+00 5.291502622129181432e+00 5.744562646538028616e+00 0.000000000000000000e+00 1.410673597966588488e+01 7.937253933193772149e+00 1.414213562373095145e+00 1.144552314225959755e+01 7.071067811865475505e+00 1.688194301613413373e+01 3.411744421846395880e+01 2.679552201394852418e+01 0.000000000000000000e+00 4.690415759823429731e+00 1.000000000000000000e+00 1.224744871391589029e+01 0.000000000000000000e+00 0.000000000000000000e+00 2.000000000000000000e+00 2.645751311064590716e+00 1.000000000000000000e+00 1.414213562373095145e+00 1.000000000000000000e+00 1.000000000000000000e+00 3.741657386773941329e+00 4.000000000000000000e+00 0.000000000000000000e+00 3.872983346207417021e+00 0.000000000000000000e+00 1.000000000000000000e+00 1.000000000000000000e+00 1.000000000000000000e+00 0.000000000000000000e+00 1.000000000000000000e+00 0.000000000000000000e+00 2.828427124746190291e+00 1.414213562373095145e+00 0.000000000000000000e+00 1.414213562373095145e+00 6.164414002968976014e+00 1.000000000000000000e+00 1.000000000000000000e+00 3.464101615137754386e+00 6.633249580710799620e+00 1.000000000000000000e+00 1.000000000000000000e+00 0.000000000000000000e+00 0.000000000000000000e+00 0.000000000000000000e+00 1.414213562373095145e+00
0.000000000000000000e+00 2.449489742783177881e+00 0.000000000000000000e+00 1.044030650891055068e+01 1.170469991071962568e+01 1.797220075561142849e+01 3.605551275463989125e+00 3.162277660168379523e+00 1.144552314225959755e+01 6.082762530298219339e+00 1.000000000000000000e+00 1.606237840420901009e+01 1.000000000000000000e+00 1.414213562373095145e+00 0.000000000000000000e+00 1.000000000000000000e+00 0.000000000000000000e+00 0.000000000000000000e+00 0.000000000000000000e+00 6.164414002968976014e+00 0.000000000000000000e+00 3.605551275463989125e+00 1.000000000000000000e+00 1.296148139681572076e+01 2.000000000000000000e+00 0.000000000000000000e+00 4.898979485566355763e+00 8.185352771872450361e+00 2.645751311064590716e+00 1.732050807568877193e+00 1.414213562373095145e+00 4.582575694955839829e+00 0.000000000000000000e+00 3.316624790355399810e+00 0.000000000000000000e+00 0.000000000000000000e+00 1.000000000000000000e+00 2.449489742783177881e+00 1.000000000000000000e+00 1.000000000000000000e+00 0.000000000000000000e+00 0.000000000000000000e+00 1.732050807568877193e+00 0.000000000000000000e+00 0.000000000000000000e+00 2.000000000000000000e+00 0.000000000000000000e+00 0.000000000000000000e+00 1.000000000000000000e+00 0.000000000000000000e+00 0.000000000000000000e+00 0.000000000000000000e+00 0.000000000000000000e+00 2.236067977499789805e+00 0.000000000000000000e+00 0.000000000000000000e+00 0.000000000000000000e+00 3.162277660168379523e+00 0.000000000000000000e+00 0.000000000000000000e+00 1.000000000000000000e+00 2.645751311064590716e+00 0.000000000000000000e+00 0.000000000000000000e+00 0.000000000000000000e+00 0.000000000000000000e+00 0.000000000000000000e+00 1.000000000000000000e+00
0.000000000000000000e+00 1.732050807568877193e+00 3.316624790355399810e+00 0.000000000000000000e+00 0.000000000000000000e+00 0.000000000000000000e+00 1.000000000000000000e+00 1.414213562373095145e+00 1.000000000000000000e+00 1.000000000000000000e+00 1.000000000000000000e+00 0.000000000000000000e+00 0.000000000000000000e+00 0.000000000000000000e+00 1.000000000000000000e+00 0.000000000000000000e+00 4.358898943540673976e+00 0.000000000000000000e+00 2.236067977499789805e+00 0.000000000000000000e+00 3.477067730142741908e+01 2.758622844826744469e+01 4.838388161361177708e+01 2.372762103540934575e+01 0.000000000000000000e+00 3.741657386773941329e+00 3.212475680841802017e+01 2.071231517720798010e+01 2.828427124746190291e+00 5.196152422706632024e+00 0.000000000000000000e+00 0.000000000000000000e+00 1.414213562373095145e+00 4.242640687119284770e+00 1.000000000000000000e+00 2.000000000000000000e+00 3.872983346207417021e+00 0.000000000000000000e+00 0.000000000000000000e+00 0.000000000000000000e+00 2.000000000000000000e+00 0.000000000000000000e+00 2.000000000000000000e+00 0.000000000000000000e+00 0.000000000000000000e+00 0.000000000000000000e+00 0.000000000000000000e+00 0.000000000000000000e+00 0.000000000000000000e+00 1.972308292331602075e+01 1.000000000000000000e+00 0.000000000000000000e+00 1.000000000000000000e+00 1.000000000000000000e+00 8.544003745317530374e+00 1.157583690279022548e+01 2.049390153191919595e+01 7.681145747868607820e+00 0.000000000000000000e+00 1.732050807568877193e+00 1.486606874731850603e+01 6.480740698407860378e+00 0.000000000000000000e+00 3.872983346207417021e+00 0.000000000000000000e+00 0.000000000000000000e+00 0.000000000000000000e+00 1.000000000000000000e+00
4.000000000000000000e+00 4.690415759823429731e+00 3.366006535941367162e+01 1.000000000000000000e+00 1.414213562373095145e+00 3.464101615137754386e+00 4.582575694955839829e+00 8.246211251235321171e+00 2.828427124746190291e+00 1.000000000000000000e+00 1.131370849898476116e+01 0.000000000000000000e+00 2.000000000000000000e+00 1.053565375285273831e+01 0.000000000000000000e+00 4.358898943540673976e+00 0.000000000000000000e+00 1.248999599679679662e+01 3.487119154832539181e+01 0.000000000000000000e+00 1.319090595827291956e+01 3.000000000000000000e+00 3.849675310984031285e+01 5.099019513592784492e+00 2.000000000000000000e+00 3.952214569073900918e+01 3.190611226708763226e+01 8.062257748298549132e+00 1.424780684877500647e+01 1.679285562374666441e+01 1.000000000000000000e+00 1.000000000000000000e+00 3.316624790355399810e+00 2.830194339616981125e+01 0.000000000000000000e+00 3.605551275463989125e+00 6.403124237432848531e+00 0.000000000000000000e+00 0.000000000000000000e+00 0.000000000000000000e+00 0.000000000000000000e+00 0.000000000000000000e+00 1.414213562373095145e+00 0.000000000000000000e+00 1.000000000000000000e+00 0.000000000000000000e+00 0.000000000000000000e+00 0.000000000000000000e+00 0.000000000000000000e+00 2.236067977499789805e+00 1.732050807568877193e+00 1.732050807568877193e+00 0.000000000000000000e+00 0.000000000000000000e+00 1.414213562373095145e+00 2.000000000000000000e+00 3.000000000000000000e+00 2.236067977499789805e+00 1.000000000000000000e+00 5.099019513592784492e+00 1.240967364599085698e+01 2.000000000000000000e+00 0.000000000000000000e+00 1.000000000000000000e+00 0.000000000000000000e+00 0.000000000000000000e+00 0.000000000000000000e+00 0.000000000000000000e+00
1.414213562373095145e+00 2.000000000000000000e+00 3.000000000000000000e+00 1.000000000000000000e+00 0.000000000000000000e+00 1.414213562373095145e+00 1.732050807568877193e+00 1.414213562373095145e+00 0.000000000000000000e+00 2.449489742783177881e+00 3.363034344160047340e+01 2.236067977499789805e+00 2.449489742783177881e+00 3.316624790355399810e+00 0.000000000000000000e+00 0.000000000000000000e+00 1.248999599679679662e+01 0.000000000000000000e+00 2.963106478005810729e+01 1.000000000000000000e+00 2.828427124746190291e+00 2.236067977499789805e+00 3.741657386773941329e+00 1.414213562373095145e+00 5.099019513592784492e+00 1.977371993328518940e+01 1.131370849898476116e+01 2.449489742783177881e+00 3.872983346207417021e+00 3.000000000000000000e+00 3.162277660168379523e+00 0.000000000000000000e+00 0.000000000000000000e+00 1.272792206135785520e+01 0.000000000000000000e+00 1.000000000000000000e+00 1.414213562373095145e+00 0.000000000000000000e+00 0.000000000000000000e+00 0.000000000000000000e+00 0.000000000000000000e+00 0.000000000000000000e+00 0.000000000000000000e+00 0.000000000000000000e+00 1.732050807568877193e+00 0.000000000000000000e+00 4.123105625617660586e+00 0.000000000000000000e+00 0.000000000000000000e+00 0.000000000000000000e+00 0.000000000000000000e+00 2.236067977499789805e+00 1.000000000000000000e+00 0.000000000000000000e+00 0.000000000000000000e+00 0.000000000000000000e+00 1.000000000000000000e+00 0.000000000000000000e+00 2.645751311064590716e+00 5.385164807134503739e+00 7.681145747868607820e+00 0.000000000000000000e+00 0.000000000000000000e+00 0.000000000000000000e+00 1.000000000000000000e+00 0.000000000000000000e+00 0.000000000000000000e+00 0.000000000000000000e+00
2.236067977499789805e+00 3.162277660168379523e+00 7.937253933193772149e+00 0.000000000000000000e+00 0.000000000000000000e+00 1.414213562373095145e+00 2.828427124746190291e+00 4.582575694955839829e+00 1.000000000000000000e+00 0.000000000000000000e+00 2.126029162546929996e+01 0.000000000000000000e+00 1.414213562373095145e+00 4.690415759823429731e+00 0.000000000000000000e+00 2.236067977499789805e+00 3.487119154832539181e+01 2.963106478005810729e+01 0.000000000000000000e+00 0.000000000000000000e+00 4.123105625617660586e+00 1.414213562373095145e+00 9.110433579144299188e+00 2.449489742783177881e+00 3.316624790355399810e+00 3.481379037105842400e+01 1.606237840420901009e+01 3.162277660168379523e+00 5.830951894845300743e+00 6.324555320336759046e+00 1.414213562373095145e+00 1.000000000000000000e+00 1.000000000000000000e+00 1.697056274847713908e+01 0.000000000000000000e+00 3.464101615137754386e+00 2.236067977499789805e+00 0.000000000000000000e+00 0.000000000000000000e+00 0.000000000000000000e+00 1.000000000000000000e+00 0.000000000000000000e+00 0.000000000000000000e+00 0.000000000000000000e+00 0.000000000000000000e+00 0.000000000000000000e+00 1.414213562373095145e+00 0.000000000000000000e+00 0.000000000000000000e+00 1.000000000000000000e+00 1.000000000000000000e+00 1.414213562373095145e+00 1.732050807568877193e+00 0.000000000000000000e+00 1.000000000000000000e+00 0.000000000000000000e+00 0.000000000000000000e+00 2.000000000000000000e+00 1.000000000000000000e+00 5.744562646538028616e+00 9.273618495495703939e+00 0.000000000000000000e+00 0.000000000000000000e+00 0.000000000000000000e+00 0.000000000000000000e+00 0.000000000000000000e+00 0.000000000000000000e+00 0.000000000000000000e+00
1.000000000000000000e+00 1.000000000000000000e+00 1.000000000000000000e+00 6.765352910233139028e+01 1.732050807568877193e+00 9.055385138137417300e+00 2.000000000000000000e+00 4.690415759823429731e+00 6.000000000000000000e+00 4.022437072223753063e+01 2.236067977499789805e+00 3.423448553724738019e+01 1.732050807568877193e+00 5.291502622129181432e+00 6.164414002968976014e+00 0.000000000000000000e+00 0.000000000000000000e+00 1.000000000000000000e+00 0.000000000000000000e+00 0.000000000000000000e+00 1.414213562373095145e+00 0.000000000000000000e+00 0.000000000000000000e+00 1.523154621172781731e+01 0.000000000000000000e+00 1.414213562373095145e+00 2.000000000000000000e+00 1.802775637731994607e+01 4.898979485566355763e+00 2.000000000000000000e+00 1.000000000000000000e+00 2.236067977499789805e+00 0.000000000000000000e+00 3.872983346207417021e+00 0.000000000000000000e+00 0.000000000000000000e+00 0.000000000000000000e+00 5.196152422706632024e+00 1.000000000000000000e+00 2.000000000000000000e+00 1.000000000000000000e+00 1.000000000000000000e+00 3.162277660168379523e+00 6.082762530298219339e+00 0.000000000000000000e+00 4.242640687119284770e+00 0.000000000000000000e+00 1.414213562373095145e+00 1.414213562373095145e+00 0.000000000000000000e+00 0.000000000000000000e+00 0.000000000000000000e+00 0.000000000000000000e+00 6.000000000000000000e+00 0.000000000000000000e+00 0.000000000000000000e+00 0.000000000000000000e+00 4.582575694955839829e+00 0.000000000000000000e+00 0.000000000000000000e+00 0.000000000000000000e+00 6.480740698407860378e+00 0.000000000000000000e+00 0.000000000000000000e+00 0.000000000000000000e+00 0.000000000000000000e+00 0.000000000000000000e+00 1.000000000000000000e+00
2.449489742783177881e+00 1.414213562373095145e+00 2.188606862823928978e+01 2.236067977499789805e+00 0.000000000000000000e+00 2.236067977499789805e+00 8.000000000000000000e+00 4.795831523312719114e+00 1.732050807568877193e+00 2.449489742783177881e+00 4.000000000000000000e+00 0.000000000000000000e+00 0.000000000000000000e+00 5.744562646538028616e+00 0.000000000000000000e+00 3.477067730142741908e+01 1.319090595827291956e+01 2.828427124746190291e+00 4.123105625617660586e+00 1.414213562373095145e+00 0.000000000000000000e+00 7.141428428542850426e+00 8.661985915481507448e+01 9.000000000000000000e+00 0.000000000000000000e+00 7.745966692414834043e+00 2.080865204668481283e+01 4.927473997901967806e+01 1.326649916142159924e+01 4.967896939349688523e+01 0.000000000000000000e+00 0.000000000000000000e+00 8.366600265340755627e+00 3.420526275297414287e+01 1.414213562373095145e+00 1.000000000000000000e+00 3.316624790355399810e+00 0.000000000000000000e+00 0.000000000000000000e+00 0.000000000000000000e+00 2.236067977499789805e+00 1.414213562373095145e+00 2.645751311064590716e+00 0.000000000000000000e+00 0.000000000000000000e+00 0.000000000000000000e+00 0.000000000000000000e+00 1.000000000000000000e+00 0.000000000000000000e+00 9.327379053088815652e+00 1.000000000000000000e+00 0.000000000000000000e+00 0.000000000000000000e+00 1.000000000000000000e+00 1.157583690279022548e+01 6.633249580710799620e+00 8.246211251235321171e+00 1.086278049120021549e+01 0.000000000000000000e+00 1.000000000000000000e+00 7.745966692414834043e+00 9.848857801796103928e+00 3.316624790355399810e+00 7.681145747868607820e+00 0.000000000000000000e+00 0.000000000000000000e+00 0.000000000000000000e+00 1.414213562373095145e+00
0.000000000000000000e+00 1.881488772222677852e+01 4.000000000000000000e+00 1.000000000000000000e+00 0.000000000000000000e+00 1.000000000000000000e+00 0.000000000000000000e+00 0.000000000000000000e+00 1.529705854077835525e+01 1.000000000000000000e+00 2.645751311064590716e+00 0.000000000000000000e+00 5.744562646538028616e+00 0.000000000000000000e+00 3.605551275463989125e+00 2.758622844826744469e+01 3.000000000000000000e+00 2.236067977499789805e+00 1.414213562373095145e+00 0.000000000000000000e+00 7.141428428542850426e+00 0.000000000000000000e+00 1.019803902718556898e+01 3.195309061734091571e+01 6.000000000000000000e+00 5.291502622129181432e+00 3.091924966748061365e+01 9.539392014169456147e+00 2.236067977499789805e+00 5.744562646538028616e+00 2.000000000000000000e+00 0.000000000000000000e+00 0.000000000000000000e+00 3.464101615137754386e+00 0.000000000000000000e+00 2.449489742783177881e+00 6.082762530298219339e+00 0.000000000000000000e+00 0.000000000000000000e+00 0.000000000000000000e+00 1.732050807568877193e+00 0.000000000000000000e+00 2.645751311064590716e+00 1.000000000000000000e+00 0.000000000000000000e+00 0.000000000000000000e+00 3.316624790355399810e+00 1.000000000000000000e+00 0.000000000000000000e+00 8.246211251235321171e+00 1.732050807568877193e+00 1.000000000000000000e+00 1.000000000000000000e+00 0.000000000000000000e+00 6.164414002968976014e+00 7.937253933193772149e+00 9.695359714832658682e+00 6.000000000000000000e+00 0.000000000000000000e+00 3.741657386773941329e+00 1.424780684877500647e+01 4.123105625617660586e+00 1.414213562373095145e+00 2.000000000000000000e+00 0.000000000000000000e+00 0.000000000000000000e+00 1.000000000000000000e+00 1.000000000000000000e+00
5.196152422706632024e+00 2.828427124746190291e+00 6.095900261651268437e+01 2.000000000000000000e+00 1.000000000000000000e+00 5.656854249492380582e+00 9.486832980505138124e+00 1.122497216032182443e+01 1.414213562373095145e+00 2.645751311064590716e+00 5.916079783099616130e+00 1.732050807568877193e+00 1.414213562373095145e+00 1.410673597966588488e+01 1.000000000000000000e+00 4.838388161361177708e+01 3.849675310984031285e+01 3.741657386773941329e+00 9.110433579144299188e+00 0.000000000000000000e+00 8.661985915481507448e+01 1.019803902718556898e+01 0.000000000000000000e+00 7.615773105863908654e+00 0.000000000000000000e+00 1.857417562100670949e+01 6.190315016216864308e+01 2.670205984563737900e+01 1.574801574802362225e+01 2.856571371417140170e+01 1.000000000000000000e+00 2.449489742783177881e+00 5.196152422706632024e+00 3.583294573433783370e+01 0.000000000000000000e+00 2.828427124746190291e+00 8.062257748298549132e+00 0.000000000000000000e+00 0.000000000000000000e+00 0.000000000000000000e+00 2.236067977499789805e+00 1.000000000000000000e+00 0.000000000000000000e+00 1.000000000000000000e+00 0.000000000000000000e+00 1.000000000000000000e+00 1.000000000000000000e+00 1.000000000000000000e+00 0.000000000000000000e+00 1.760681686165900928e+01 2.000000000000000000e+00 0.000000000000000000e+00 1.414213562373095145e+00 0.000000000000000000e+00 9.848857801796103928e+00 8.717797887081347952e+00 2.229349680960795510e+01 6.928203230275508773e+00 1.414213562373095145e+00 2.449489742783177881e+00 2.137755832643194864e+01 6.782329983125268136e+00 1.414213562373095145e+00 3.872983346207417021e+00 0.000000000000000000e+00 0.000000000000000000e+00 0.000000000000000000e+00 1.732050807568877193e+00
