0.000000000000000000e+00 0.000000000000000000e+00 2.236067977499789805e+00 1.732050807568877193e+00 0.000000000000000000e+00 6.324555320336759046e+00 3.064310689208912564e+01 1.643167672515498268e+01 1.414213562373095145e+00 8.000000000000000000e+00 0.000000000000000000e+00 2.236067977499789805e+00 0.000000000000000000e+00 3.668787265568828104e+01 1.000000000000000000e+00 0.000000000000000000e+00 8.774964387392122589e+00 1.732050807568877193e+00 4.690415759823429731e+00 3.741657386773941329e+00 4.582575694955839829e+00 0.000000000000000000e+00 8.246211251235321171e+00 2.449489742783177881e+00 0.000000000000000000e+00 5.196152422706632024e+00 2.645751311064590716e+00 8.426149773176359048e+00 3.152776554086889149e+01 2.090454496036687360e+01 0.000000000000000000e+00 1.414213562373095145e+00 2.449489742783177881e+00 5.099019513592784492e+00 0.000000000000000000e+00 0.000000000000000000e+00 0.000000000000000000e+00 1.000000000000000000e+00 0.000000000000000000e+00 0.000000000000000000e+00 0.000000000000000000e+00 0.000000000000000000e+00 1.414213562373095145e+00 0.000000000000000000e+00 0.000000000000000000e+00 0.000000000000000000e+00 0.000000000000000000e+00 0.000000000000000000e+00 0.000000000000000000e+00 0.000000000000000000e+00 0.000000000000000000e+00 0.000000000000000000e+00 0.000000000000000000e+00 0.000000000000000000e+00 0.000000000000000000e+00 0.000000000000000000e+00 1.000000000000000000e+00 1.414213562373095145e+00 0.000000000000000000e+00 0.000000000000000000e+00 0.000000000000000000e+00 1.732050807568877193e+00 0.000000000000000000e+00 0.000000000000000000e+00 0.000000000000000000e+00 0.000000000000000000e+00 0.000000000000000000e+00 0.000000000000000000e+00
0.000000000000000000e+00 0.000000000000000000e+00 0.000000000000000000e+00 0.000000000000000000e+00 0.000000000000000000e+00 0.000000000000000000e+00 0.000000000000000000e+00 1.000000000000000000e+00 8.306623862918074863e+00 0.000000000000000000e+00 2.645751311064590716e+00 0.000000000000000000e+00 3.872983346207417021e+00 0.000000000000000000e+00 2.000000000000000000e+00 3.464101615137754386e+00 3.464101615137754386e+00 1.732050807568877193e+00 3.741657386773941329e+00 0.000000000000000000e+00 1.414213562373095145e+00 1.349073756323204165e+01 0.000000000000000000e+00 8.124038404635960831e+00 2.295648056649799429e+01 6.557438524302000360e+00 2.854820484724039531e+01 2.236067977499789805e+00 0.000000000000000000e+00 1.000000000000000000e+00 1.414213562373095145e+00 0.000000000000000000e+00 0.000000000000000000e+00 3.605551275463989125e+00 0.000000000000000000e+00 6.855654600401043908e+00 3.872983346207417021e+00 0.000000000000000000e+00 0.000000000000000000e+00 0.000000000000000000e+00 0.000000000000000000e+00 0.000000000000000000e+00 1.000000000000000000e+00 0.000000000000000000e+00 1.000000000000000000e+00 0.000000000000000000e+00 1.414213562373095145e+00 0.000000000000000000e+00 0.000000000000000000e+00 2.449489742783177881e+00 4.242640687119284770e+00 0.000000000000000000e+00 1.414213562373095145e+00 0.000000000000000000e+00 0.000000000000000000e+00 4.358898943540673976e+00 2.449489742783177881e+00 2.000000000000000000e+00 2.828427124746190291e+00 4.795831523312719114e+00 1.044030650891055068e+01 0.000000000000000000e+00 0.000000000000000000e+00 1.000000000000000000e+00 0.000000000000000000e+00 0.000000000000000000e+00 0.000000000000000000e+00 1.000000000000000000e+00
2.236067977499789805e+00 0.000000000000000000e+00 0.000000000000000000e+00 0.000000000000000000e+00 0.000000000000000000e+00 1.732050807568877193e+00 6.244997998398398309e+00 3.605551275463989125e+00 1.732050807568877193e+00 1.000000000000000000e+00 2.236067977499789805e+00 0.000000000000000000e+00 0.000000000000000000e+00 3.316624790355399810e+00 0.000000000000000000e+00 2.645751311064590716e+00 3.258834147360065003e+01 1.732050807568877193e+00 8.062257748298549132e+00 1.000000000000000000e+00 7.549834435270749822e+00 2.000000000000000000e+00 3.209361307176242661e+01 6.082762530298219339e+00 0.000000000000000000e+00 3.151190251317746061e+01 3.193743884534262278e+01 5.916079783099616130e+00 5.000000000000000000e+00 3.741657386773941329e+00 1.000000000000000000e+00 0.000000000000000000e+00 1.000000000000000000e+00 8.426149773176359048e+00 0.000000000000000000e+00 2.449489742783177881e+00 5.385164807134503739e+00 0.000000000000000000e+00 0.000000000000000000e+00 0.000000000000000000e+00 0.000000000000000000e+00 1.000000000000000000e+00 1.000000000000000000e+00 0.000000000000000000e+00 0.000000000000000000e+00 0.000000000000000000e+00 0.000000000000000000e+00 0.000000000000000000e+00 0.000000000000000000e+00 2.000000000000000000e+00 3.605551275463989125e+00 0.000000000000000000e+00 1.000000000000000000e+00 0.000000000000000000e+00 1.414213562373095145e+00 4.358898943540673976e+00 5.567764362830021518e+00 1.732050807568877193e+00 0.000000000000000000e+00 2.449489742783177881e+00 8.246211251235321171e+00 0.000000000000000000e+00 0.000000000000000000e+00 0.000000000000000000e+00 0.000000000000000000e+00 0.000000000000000000e+00 0.000000000000000000e+00 1.414213562373095145e+00
1.732050807568877193e+00 0.000000000000000000e+00 0.000000000000000000e+00 0.000000000000000000e+00 0.000000000000000000e+00 6.403124237432848531e+00 1.014889156509221912e+01 2.828427124746190291e+00 6.324555320336759046e+00 3.525620512760838920e+01 0.000000000000000000e+00 2.912043955712207222e+01 0.000000000000000000e+00 3.316624790355399810e+00 4.123105625617660586e+00 0.000000000000000000e+00 0.000000000000000000e+00 0.000000000000000000e+00 0.000000000000000000e+00 4.229657196511320194e+01 0.000000000000000000e+00 1.000000000000000000e+00 0.000000000000000000e+00 4.908156476723210915e+01 0.000000000000000000e+00 0.000000000000000000e+00 1.000000000000000000e+00 5.264028875300742527e+01 3.000000000000000000e+00 0.000000000000000000e+00 0.000000000000000000e+00 1.000000000000000000e+00 0.000000000000000000e+00 2.828427124746190291e+00 0.000000000000000000e+00 1.000000000000000000e+00 0.000000000000000000e+00 1.992485884517127559e+01 0.000000000000000000e+00 1.000000000000000000e+00 0.000000000000000000e+00 0.000000000000000000e+00 2.236067977499789805e+00 2.236067977499789805e+00 0.000000000000000000e+00 2.449489742783177881e+00 0.000000000000000000e+00 0.000000000000000000e+00 1.414213562373095145e+00 0.000000000000000000e+00 0.000000000000000000e+00 0.000000000000000000e+00 0.000000000000000000e+00 6.403124237432848531e+00 0.000000000000000000e+00 0.000000000000000000e+00 0.000000000000000000e+00 6.164414002968976014e+00 0.000000000000000000e+00 0.000000000000000000e+00 0.000000000000000000e+00 7.141428428542850426e+00 0.000000000000000000e+00 0.000000000000000000e+00 0.000000000000000000e+00 0.000000000000000000e+00 0.000000000000000000e+00 0.000000000000000000e+00
0.000000000000000000e+00 0.000000000000000000e+00 0.000000000000000000e+00 0.000000000000000000e+00 0.000000000000000000e+00 9.746794344808963118e+00 1.732050807568877193e+00 2.236067977499789805e+00 0.000000000000000000e+00 0.000000000000000000e+00 0.000000000000000000e+00 2.449489742783177881e+00 0.000000000000000000e+00 1.000000000000000000e+00 9.327379053088815652e+00 0.000000000000000000e+00 1.000000000000000000e+00 0.000000000000000000e+00 0.000000000000000000e+00 2.236067977499789805e+00 0.000000000000000000e+00 0.000000000000000000e+00 0.000000000000000000e+00 1.000000000000000000e+00 0.000000000000000000e+00 0.000000000000000000e+00 1.000000000000000000e+00 1.732050807568877193e+00 0.000000000000000000e+00 0.000000000000000000e+00 0.000000000000000000e+00 1.462873883832779320e+01 0.000000000000000000e+00 1.063014581273464998e+01 0.000000000000000000e+00 0.000000000000000000e+00 0.000000000000000000e+00 0.000000000000000000e+00 0.000000000000000000e+00 0.000000000000000000e+00 0.000000000000000000e+00 0.000000000000000000e+00 0.000000000000000000e+00 0.000000000000000000e+00 0.000000000000000000e+00 0.000000000000000000e+00 0.000000000000000000e+00 0.000000000000000000e+00 0.000000000000000000e+00 0.000000000000000000e+00 0.000000000000000000e+00 0.000000000000000000e+00 0.000000000000000000e+00 1.000000000000000000e+00 0.000000000000000000e+00 0.000000000000000000e+00 0.000000000000000000e+00 1.000000000000000000e+00 0.000000000000000000e+00 0.000000000000000000e+00 0.000000000000000000e+00 0.000000000000000000e+00 0.000000000000000000e+00 0.000000000000000000e+00 0.000000000000000000e+00 0.000000000000000000e+00 0.000000000000000000e+00 0.000000000000000000e+00
6.324555320336759046e+00 0.000000000000000000e+00 1.732050807568877193e+00 6.403124237432848531e+00 9.746794344808963118e+00 0.000000000000000000e+00 2.321637353248780045e+01 3.860051813123756403e+01 5.567764362830021518e+00 4.816637831516918311e+01 0.000000000000000000e+00 4.414748010928823163e+01 4.000000000000000000e+00 1.014889156509221912e+01 1.539480431834065222e+01 0.000000000000000000e+00 8.246211251235321171e+00 1.000000000000000000e+00 4.358898943540673976e+00 2.338803112705300080e+01 3.605551275463989125e+00 0.000000000000000000e+00 6.000000000000000000e+00 6.928203230275508773e+00 0.000000000000000000e+00 5.744562646538028616e+00 3.464101615137754386e+00 1.997498435543817763e+01 7.745966692414834043e+00 7.000000000000000000e+00 0.000000000000000000e+00 5.830951894845300743e+00 2.000000000000000000e+00 8.000000000000000000e+00 0.000000000000000000e+00 0.000000000000000000e+00 0.000000000000000000e+00 3.605551275463989125e+00 0.000000000000000000e+00 1.000000000000000000e+00 2.000000000000000000e+00 0.000000000000000000e+00 3.000000000000000000e+00 2.000000000000000000e+00 0.000000000000000000e+00 3.000000000000000000e+00 0.000000000000000000e+00 1.000000000000000000e+00 1.414213562373095145e+00 0.000000000000000000e+00 0.000000000000000000e+00 0.000000000000000000e+00 0.000000000000000000e+00 4.358898943540673976e+00 0.000000000000000000e+00 0.000000000000000000e+00 0.000000000000000000e+00 7.615773105863908654e+00 0.000000000000000000e+00 1.000000000000000000e+00 0.000000000000000000e+00 6.000000000000000000e+00 1.000000000000000000e+00 0.000000000000000000e+00 0.000000000000000000e+00 0.000000000000000000e+00 0.000000000000000000e+00 0.000000000000000000e+00
3.064310689208912564e+01 0.000000000000000000e+00 6.244997998398398309e+00 1.014889156509221912e+01 1.732050807568877193e+00 2.321637353248780045e+01 0.000000000000000000e+00 2.688865931949750276e+01 8.306623862918074863e+00 6.257795138864806006e+01 0.000000000000000000e+00 1.039230484541326405e+01 2.236067977499789805e+00 2.954657340538831534e+01 4.582575694955839829e+00 1.000000000000000000e+00 8.602325267042626677e+00 1.000000000000000000e+00 3.464101615137754386e+00 1.090871211463571377e+01 1.029563014098700080e+01 2.449489742783177881e+00 9.949874371066199430e+00 1.838477631085023489e+01 0.000000000000000000e+00 5.830951894845300743e+00 4.898979485566355763e+00 6.830080526611673974e+01 1.500000000000000000e+01 3.452535300326413648e+01 0.000000000000000000e+00 2.449489742783177881e+00 7.000000000000000000e+00 9.055385138137417300e+00 0.000000000000000000e+00 1.000000000000000000e+00 1.000000000000000000e+00 3.605551275463989125e+00 0.000000000000000000e+00 2.236067977499789805e+00 2.449489742783177881e+00 1.414213562373095145e+00 4.242640687119284770e+00 2.645751311064590716e+00 0.000000000000000000e+00 2.645751311064590716e+00 0.000000000000000000e+00 0.000000000000000000e+00 0.000000000000000000e+00 1.732050807568877193e+00 0.000000000000000000e+00 0.000000000000000000e+00 0.000000000000000000e+00 4.000000000000000000e+00 1.000000000000000000e+00 0.000000000000000000e+00 1.732050807568877193e+00 7.681145747868607820e+00 0.000000000000000000e+00 0.000000000000000000e+00 2.449489742783177881e+00 6.324555320336759046e+00 1.414213562373095145e+00 0.000000000000000000e+00 0.000000000000000000e+00 0.000000000000000000e+00 0.000000000000000000e+00 1.732050807568877193e+00
1.643167672515498268e+01 1.000000000000000000e+00 3.605551275463989125e+00 2.828427124746190291e+00 2.236067977499789805e+00 3.860051813123756403e+01 2.688865931949750276e+01 0.000000000000000000e+00 3.464101615137754386e+00 3.082207001484488273e+01 1.732050807568877193e+00 7.416198487095662983e+00 2.828427124746190291e+00 3.786819245752297292e+01 4.582575694955839829e+00 1.000000000000000000e+00 1.284523257866512935e+01 2.000000000000000000e+00 7.745966692414834043e+00 8.944271909999159220e+00 6.557438524302000360e+00 0.000000000000000000e+00 1.122497216032182443e+01 5.916079783099616130e+00 0.000000000000000000e+00 8.544003745317530374e+00 4.123105625617660586e+00 1.486606874731850603e+01 1.170469991071962568e+01 1.288409872672512613e+01 0.000000000000000000e+00 8.124038404635960831e+00 3.605551275463989125e+00 7.874007874011811126e+00 0.000000000000000000e+00 0.000000000000000000e+00 0.000000000000000000e+00 4.358898943540673976e+00 0.000000000000000000e+00 1.732050807568877193e+00 1.000000000000000000e+00 1.000000000000000000e+00 2.828427124746190291e+00 2.236067977499789805e+00 0.000000000000000000e+00 3.000000000000000000e+00 0.000000000000000000e+00 1.000000000000000000e+00 0.000000000000000000e+00 0.000000000000000000e+00 0.000000000000000000e+00 0.000000000000000000e+00 0.000000000000000000e+00 3.605551275463989125e+00 0.000000000000000000e+00 1.000000000000000000e+00 0.000000000000000000e+00 7.000000000000000000e+00 0.000000000000000000e+00 0.000000000000000000e+00 2.449489742783177881e+00 6.324555320336759046e+00 0.000000000000000000e+00 0.000000000000000000e+00 0.000000000000000000e+00 0.000000000000000000e+00 0.000000000000000000e+00 1.414213562373095145e+00
1.414213562373095145e+00 8.306623862918074863e+00 1.732050807568877193e+00 6.324555320336759046e+00 0.000000000000000000e+00 5.567764362830021518e+00 8.306623862918074863e+00 3.464101615137754386e+00 0.000000000000000000e+00 5.099019513592784492e+00 1.414213562373095145e+00 2.408318915758459156e+01 0.000000000000000000e+00 5.099019513592784492e+00 1.067707825203131122e+01 2.236067977499789805e+00 1.000000000000000000e+00 0.000000000000000000e+00 0.000000000000000000e+00 5.830951894845300743e+00 1.414213562373095145e+00 1.936491673103708422e+01 1.414213562373095145e+00 5.037856687123999677e+01 6.633249580710799620e+00 4.123105625617660586e+00 1.646207763315432970e+01 1.280624847486569706e+01 4.582575694955839829e+00 2.828427124746190291e+00 0.000000000000000000e+00 1.414213562373095145e+00 1.732050807568877193e+00 3.741657386773941329e+00 1.000000000000000000e+00 1.000000000000000000e+00 0.000000000000000000e+00 3.605551275463989125e+00 0.000000000000000000e+00 1.000000000000000000e+00 1.732050807568877193e+00 1.414213562373095145e+00 8.124038404635960831e+00 2.645751311064590716e+00 0.000000000000000000e+00 3.000000000000000000e+00 0.000000000000000000e+00 1.000000000000000000e+00 1.414213562373095145e+00 1.000000000000000000e+00 1.000000000000000000e+00 1.000000000000000000e+00 0.000000000000000000e+00 2.236067977499789805e+00 1.414213562373095145e+00 1.000000000000000000e+00 1.000000000000000000e+00 8.602325267042626677e+00 0.000000000000000000e+00 2.236067977499789805e+00 4.582575694955839829e+00 6.708203932499369415e+00 1.732050807568877193e+00 1.000000000000000000e+00 0.000000000000000000e+00 0.000000000000000000e+00 0.000000000000000000e+00 0.000000000000000000e+00
8.000000000000000000e+00 0.000000000000000000e+00 1.000000000000000000e+00 3.525620512760838920e+01 0.000000000000000000e+00 4.816637831516918311e+01 6.257795138864806006e+01 3.082207001484488273e+01 5.099019513592784492e+00 0.000000000000000000e+00 0.000000000000000000e+00 2.666458325194676604e+01 1.732050807568877193e+00 2.465765601187590406e+01 5.000000000000000000e+00 0.000000000000000000e+00 3.316624790355399810e+00 0.000000000000000000e+00 1.414213562373095145e+00 5.891519328662174360e+01 2.000000000000000000e+00 0.000000000000000000e+00 3.316624790355399810e+00 8.426149773176359048e+00 0.000000000000000000e+00 1.414213562373095145e+00 1.000000000000000000e+00 4.907137658554118786e+01 1.148912529307605723e+01 3.162277660168379523e+00 0.000000000000000000e+00 2.449489742783177881e+00 2.000000000000000000e+00 8.306623862918074863e+00 0.000000000000000000e+00 0.000000000000000000e+00 0.000000000000000000e+00 8.062257748298549132e+00 0.000000000000000000e+00 1.732050807568877193e+00 2.000000000000000000e+00 1.414213562373095145e+00 3.000000000000000000e+00 2.645751311064590716e+00 0.000000000000000000e+00 3.162277660168379523e+00 0.000000000000000000e+00 0.000000000000000000e+00 0.000000000000000000e+00 0.000000000000000000e+00 0.000000000000000000e+00 0.000000000000000000e+00 0.000000000000000000e+00 6.557438524302000360e+00 1.000000000000000000e+00 1.000000000000000000e+00 0.000000000000000000e+00 1.058300524425836286e+01 0.000000000000000000e+00 0.000000000000000000e+00 0.000000000000000000e+00 8.717797887081347952e+00 0.000000000000000000e+00 0.000000000000000000e+00 0.000000000000000000e+00 0.000000000000000000e+00 0.000000000000000000e+00 0.000000000000000000e+00
0.000000000000000000e+00 2.645751311064590716e+00 2.236067977499789805e+00 0.000000000000000000e+00 0.000000000000000000e+00 0.000000000000000000e+00 0.000000000000000000e+00 1.732050807568877193e+00 1.414213562373095145e+00 0.000000000000000000e+00 0.000000000000000000e+00 0.000000000000000000e+00 1.183215956619923226e+01 1.732050807568877193e+00 0.000000000000000000e+00 0.000000000000000000e+00 9.000000000000000000e+00 2.489979919597746516e+01 2.253885533916928807e+01 0.000000000000000000e+00 2.449489742783177881e+00 2.236067977499789805e+00 5.000000000000000000e+00 1.414213562373095145e+00 5.830951894845300743e+00 2.645751311064590539e+01 1.311487704860400072e+01 1.000000000000000000e+00 2.236067977499789805e+00 1.732050807568877193e+00 7.874007874011811126e+00 0.000000000000000000e+00 1.000000000000000000e+00 2.679552201394852418e+01 0.000000000000000000e+00 1.732050807568877193e+00 1.000000000000000000e+00 0.000000000000000000e+00 0.000000000000000000e+00 0.000000000000000000e+00 0.000000000000000000e+00 0.000000000000000000e+00 1.414213562373095145e+00 0.000000000000000000e+00 3.000000000000000000e+00 0.000000000000000000e+00 5.916079783099616130e+00 0.000000000000000000e+00 0.000000000000000000e+00 0.000000000000000000e+00 0.000000000000000000e+00 2.236067977499789805e+00 1.414213562373095145e+00 0.000000000000000000e+00 0.000000000000000000e+00 0.000000000000000000e+00 1.000000000000000000e+00 1.000000000000000000e+00 6.557438524302000360e+00 6.244997998398398309e+00 9.110433579144299188e+00 0.000000000000000000e+00 0.000000000000000000e+00 0.000000000000000000e+00 2.645751311064590716e+00 0.000000000000000000e+00 0.000000000000000000e+00 0.000000000000000000e+00
2.236067977499789805e+00 0.000000000000000000e+00 0.000000000000000000e+00 2.912043955712207222e+01 2.449489742783177881e+00 4.414748010928823163e+01 1.039230484541326405e+01 7.416198487095662983e+00 2.408318915758459156e+01 2.666458325194676604e+01 0.000000000000000000e+00 0.000000000000000000e+00 2.449489742783177881e+00 6.082762530298219339e+00 1.276714533480370406e+01 0.000000000000000000e+00 1.000000000000000000e+00 0.000000000000000000e+00 0.000000000000000000e+00 5.160426338976267147e+01 0.000000000000000000e+00 0.000000000000000000e+00 0.000000000000000000e+00 2.445403852127496691e+01 0.000000000000000000e+00 1.732050807568877193e+00 1.414213562373095145e+00 1.367479433117734366e+01 7.280109889280518054e+00 1.000000000000000000e+00 0.000000000000000000e+00 3.464101615137754386e+00 0.000000000000000000e+00 8.544003745317530374e+00 0.000000000000000000e+00 0.000000000000000000e+00 0.000000000000000000e+00 4.000000000000000000e+00 1.000000000000000000e+00 1.732050807568877193e+00 0.000000000000000000e+00 1.000000000000000000e+00 3.605551275463989125e+00 1.732050807568877193e+00 0.000000000000000000e+00 1.374772708486752038e+01 0.000000000000000000e+00 0.000000000000000000e+00 1.732050807568877193e+00 0.000000000000000000e+00 0.000000000000000000e+00 0.000000000000000000e+00 0.000000000000000000e+00 5.196152422706632024e+00 0.000000000000000000e+00 0.000000000000000000e+00 0.000000000000000000e+00 5.291502622129181432e+00 0.000000000000000000e+00 0.000000000000000000e+00 1.000000000000000000e+00 4.123105625617660586e+00 1.000000000000000000e+00 0.000000000000000000e+00 0.000000000000000000e+00 1.000000000000000000e+00 0.000000000000000000e+00 0.000000000000000000e+00
0.000000000000000000e+00 3.872983346207417021e+00 0.000000000000000000e+00 0.000000000000000000e+00 0.000000000000000000e+00 4.000000000000000000e+00 2.236067977499789805e+00 2.828427124746190291e+00 0.000000000000000000e+00 1.732050807568877193e+00 1.183215956619923226e+01 2.449489742783177881e+00 0.000000000000000000e+00 2.236067977499789805e+00 1.000000000000000000e+00 1.000000000000000000e+00 0.000000000000000000e+00 2.236067977499789805e+00 1.414213562373095145e+00 3.464101615137754386e+00 0.000000000000000000e+00 2.236067977499789805e+00 0.000000000000000000e+00 0.000000000000000000e+00 2.147091055358388800e+01 5.196152422706632024e+00 2.188606862823928978e+01 2.000000000000000000e+00 2.236067977499789805e+00 0.000000000000000000e+00 1.148912529307605723e+01 5.830951894845300743e+00 0.000000000000000000e+00 1.280624847486569706e+01 0.000000000000000000e+00 2.236067977499789805e+00 0.000000000000000000e+00 0.000000000000000000e+00 1.000000000000000000e+00 0.000000000000000000e+00 1.000000000000000000e+00 1.000000000000000000e+00 1.732050807568877193e+00 0.000000000000000000e+00 4.358898943540673976e+00 0.000000000000000000e+00 1.232882800593795203e+01 0.000000000000000000e+00 0.000000000000000000e+00 0.000000000000000000e+00 0.000000000000000000e+00 3.162277660168379523e+00 0.000000000000000000e+00 1.414213562373095145e+00 0.000000000000000000e+00 2.000000000000000000e+00 0.000000000000000000e+00 2.236067977499789805e+00 1.417744687875782539e+01 7.000000000000000000e+00 1.104536101718726115e+01 1.414213562373095145e+00 0.000000000000000000e+00 0.000000000000000000e+00 5.567764362830021518e+00 0.000000000000000000e+00 0.000000000000000000e+00 2.236067977499789805e+00
3.668787265568828104e+01 0.000000000000000000e+00 3.316624790355399810e+00 3.316624790355399810e+00 1.000000000000000000e+00 1.014889156509221912e+01 2.954657340538831534e+01 3.786819245752297292e+01 5.099019513592784492e+00 2.465765601187590406e+01 1.732050807568877193e+00 6.082762530298219339e+00 2.236067977499789805e+00 0.000000000000000000e+00 1.000000000000000000e+00 1.000000000000000000e+00 1.240967364599085698e+01 1.414213562373095145e+00 8.366600265340755627e+00 8.185352771872450361e+00 5.567764362830021518e+00 0.000000000000000000e+00 1.058300524425836286e+01 5.385164807134503739e+00 0.000000000000000000e+00 8.306623862918074863e+00 4.000000000000000000e+00 1.486606874731850603e+01 3.664696440361738894e+01 1.571623364550171154e+01 0.000000000000000000e+00 4.582575694955839829e+00 5.830951894845300743e+00 1.024695076595959797e+01 0.000000000000000000e+00 0.000000000000000000e+00 0.000000000000000000e+00 1.732050807568877193e+00 0.000000000000000000e+00 1.000000000000000000e+00 1.732050807568877193e+00 0.000000000000000000e+00 2.449489742783177881e+00 0.000000000000000000e+00 0.000000000000000000e+00 1.000000000000000000e+00 0.000000000000000000e+00 0.000000000000000000e+00 0.000000000000000000e+00 1.000000000000000000e+00 0.000000000000000000e+00 0.000000000000000000e+00 0.000000000000000000e+00 1.414213562373095145e+00 1.414213562373095145e+00 1.414213562373095145e+00 1.000000000000000000e+00 4.795831523312719114e+00 0.000000000000000000e+00 0.000000000000000000e+00 2.000000000000000000e+00 4.582575694955839829e+00 1.414213562373095145e+00 0.000000000000000000e+00 0.000000000000000000e+00 0.000000000000000000e+00 1.414213562373095145e+00 0.000000000000000000e+00
1.000000000000000000e+00 2.000000000000000000e+00 0.000000000000000000e+00 4.123105625617660586e+00 9.327379053088815652e+00 1.539480431834065222e+01 4.582575694955839829e+00 4.582575694955839829e+00 1.067707825203131122e+01 5.000000000000000000e+00 0.000000000000000000e+00 1.276714533480370406e+01 1.000000000000000000e+00 1.000000000000000000e+00 0.000000000000000000e+00 0.000000000000000000e+00 0.000000000000000000e+00 0.000000000000000000e+00 0.000000000000000000e+00 5.291502622129181432e+00 2.449489742783177881e+00 3.162277660168379523e+00 3.162277660168379523e+00 1.322875655532295269e+01 2.645751311064590716e+00 1.414213562373095145e+00 5.830951894845300743e+00 6.708203932499369415e+00 1.414213562373095145e+00 1.732050807568877193e+00 0.000000000000000000e+00 3.872983346207417021e+00 1.000000000000000000e+00 2.000000000000000000e+00 0.000000000000000000e+00 0.000000000000000000e+00 0.000000000000000000e+00 2.828427124746190291e+00 0.000000000000000000e+00 0.000000000000000000e+00 0.000000000000000000e+00 0.000000000000000000e+00 5.099019513592784492e+00 1.000000000000000000e+00 0.000000000000000000e+00 3.162277660168379523e+00 0.000000000000000000e+00 0.000000000000000000e+00 1.414213562373095145e+00 0.000000000000000000e+00 0.000000000000000000e+00 0.000000000000000000e+00 0.000000000000000000e+00 2.236067977499789805e+00 0.000000000000000000e+00 0.000000000000000000e+00 0.000000000000000000e+00 4.123105625617660586e+00 1.000000000000000000e+00 0.000000000000000000e+00 1.000000000000000000e+00 2.645751311064590716e+00 0.000000000000000000e+00 0.000000000000000000e+00 0.000000000000000000e+00 0.000000000000000000e+00 0.000000000000000000e+00 0.000000000000000000e+00
0.000000000000000000e+00 3.464101615137754386e+00 2.645751311064590716e+00 0.000000000000000000e+00 0.000000000000000000e+00 0.000000000000000000e+00 1.000000000000000000e+00 1.000000000000000000e+00 2.236067977499789805e+00 0.000000000000000000e+00 0.000000000000000000e+00 0.000000000000000000e+00 1.000000000000000000e+00 1.000000000000000000e+00 0.000000000000000000e+00 0.000000000000000000e+00 3.605551275463989125e+00 1.414213562373095145e+00 1.414213562373095145e+00 0.000000000000000000e+00 2.049390153191919595e+01 2.611512971440119202e+01 2.789265136196270589e+01 1.596871942267131139e+01 0.000000000000000000e+00 2.449489742783177881e+00 2.249444375840398536e+01 1.144552314225959755e+01 3.872983346207417021e+00 3.872983346207417021e+00 0.000000000000000000e+00 0.000000000000000000e+00 3.162277660168379523e+00 5.099019513592784492e+00 1.732050807568877193e+00 1.000000000000000000e+00 2.645751311064590716e+00 1.000000000000000000e+00 0.000000000000000000e+00 1.000000000000000000e+00 1.732050807568877193e+00 1.414213562373095145e+00 4.472135954999579610e+00 0.000000000000000000e+00 0.000000000000000000e+00 0.000000000000000000e+00 0.000000000000000000e+00 1.000000000000000000e+00 0.000000000000000000e+00 1.886796226411320632e+01 1.000000000000000000e+00 0.000000000000000000e+00 0.000000000000000000e+00 0.000000000000000000e+00 5.099019513592784492e+00 1.296148139681572076e+01 8.366600265340755627e+00 9.746794344808963118e+00 0.000000000000000000e+00 1.000000000000000000e+00 4.123105625617660586e+00 5.477225575051661188e+00 3.162277660168379523e+00 3.162277660168379523e+00 0.000000000000000000e+00 0.000000000000000000e+00 1.414213562373095145e+00 1.732050807568877193e+00
8.774964387392122589e+00 3.464101615137754386e+00 3.258834147360065003e+01 0.000000000000000000e+00 1.000000000000000000e+00 8.246211251235321171e+00 8.602325267042626677e+00 1.284523257866512935e+01 1.000000000000000000e+00 3.316624790355399810e+00 9.000000000000000000e+00 1.000000000000000000e+00 0.000000000000000000e+00 1.240967364599085698e+01 0.000000000000000000e+00 3.605551275463989125e+00 0.000000000000000000e+00 4.795831523312719114e+00 3.419064199455751663e+01 1.732050807568877193e+00 1.476482306023340030e+01 4.582575694955839829e+00 4.053393639902248680e+01 7.141428428542850426e+00 0.000000000000000000e+00 3.741657386773941596e+01 3.257299494980465937e+01 9.110433579144299188e+00 1.496662954709576532e+01 1.700000000000000000e+01 0.000000000000000000e+00 1.000000000000000000e+00 5.656854249492380582e+00 2.934280150224241979e+01 0.000000000000000000e+00 2.645751311064590716e+00 6.480740698407860378e+00 0.000000000000000000e+00 0.000000000000000000e+00 0.000000000000000000e+00 1.000000000000000000e+00 1.000000000000000000e+00 0.000000000000000000e+00 0.000000000000000000e+00 1.000000000000000000e+00 0.000000000000000000e+00 1.000000000000000000e+00 1.000000000000000000e+00 0.000000000000000000e+00 2.828427124746190291e+00 4.358898943540673976e+00 0.000000000000000000e+00 1.414213562373095145e+00 0.000000000000000000e+00 0.000000000000000000e+00 4.582575694955839829e+00 4.242640687119284770e+00 1.732050807568877193e+00 1.000000000000000000e+00 3.162277660168379523e+00 1.048808848170151542e+01 1.414213562373095145e+00 0.000000000000000000e+00 1.000000000000000000e+00 1.414213562373095145e+00 0.000000000000000000e+00 0.000000000000000000e+00 2.000000000000000000e+00
1.732050807568877193e+00 1.732050807568877193e+00 1.732050807568877193e+00 0.000000000000000000e+00 0.000000000000000000e+00 1.000000000000000000e+00 1.000000000000000000e+00 2.000000000000000000e+00 0.000000000000000000e+00 0.000000000000000000e+00 2.489979919597746516e+01 0.000000000000000000e+00 2.236067977499789805e+00 1.414213562373095145e+00 0.000000000000000000e+00 1.414213562373095145e+00 4.795831523312719114e+00 0.000000000000000000e+00 1.780449381476485726e+01 0.000000000000000000e+00 1.732050807568877193e+00 1.000000000000000000e+00 2.449489742783177881e+00 0.000000000000000000e+00 4.795831523312719114e+00 2.383275057562596899e+01 1.280624847486569706e+01 0.000000000000000000e+00 2.828427124746190291e+00 1.732050807568877193e+00 2.449489742783177881e+00 0.000000000000000000e+00 1.000000000000000000e+00 8.185352771872450361e+00 0.000000000000000000e+00 0.000000000000000000e+00 0.000000000000000000e+00 0.000000000000000000e+00 0.000000000000000000e+00 1.000000000000000000e+00 0.000000000000000000e+00 0.000000000000000000e+00 0.000000000000000000e+00 0.000000000000000000e+00 1.414213562373095145e+00 0.000000000000000000e+00 1.732050807568877193e+00 0.000000000000000000e+00 0.000000000000000000e+00 0.000000000000000000e+00 0.000000000000000000e+00 0.000000000000000000e+00 1.732050807568877193e+00 0.000000000000000000e+00 0.000000000000000000e+00 0.000000000000000000e+00 0.000000000000000000e+00 0.000000000000000000e+00 2.645751311064590716e+00 6.324555320336759046e+00 7.681145747868607820e+00 0.000000000000000000e+00 0.000000000000000000e+00 0.000000000000000000e+00 1.000000000000000000e+00 0.000000000000000000e+00 0.000000000000000000e+00 1.000000000000000000e+00
4.690415759823429731e+00 3.741657386773941329e+00 8.062257748298549132e+00 0.000000000000000000e+00 0.000000000000000000e+00 4.358898943540673976e+00 3.464101615137754386e+00 7.745966692414834043e+00 0.000000000000000000e+00 1.414213562373095145e+00 2.253885533916928807e+01 0.000000000000000000e+00 1.414213562373095145e+00 8.366600265340755627e+00 0.000000000000000000e+00 1.414213562373095145e+00 3.419064199455751663e+01 1.780449381476485726e+01 0.000000000000000000e+00 0.000000000000000000e+00 6.324555320336759046e+00 3.000000000000000000e+00 7.810249675906653977e+00 4.795831523312719114e+00 2.449489742783177881e+00 4.119465984809195902e+01 2.475883680627989492e+01 3.162277660168379523e+00 8.544003745317530374e+00 9.055385138137417300e+00 2.000000000000000000e+00 1.414213562373095145e+00 3.741657386773941329e+00 1.456021977856103611e+01 0.000000000000000000e+00 3.162277660168379523e+00 3.162277660168379523e+00 0.000000000000000000e+00 0.000000000000000000e+00 0.000000000000000000e+00 0.000000000000000000e+00 0.000000000000000000e+00 1.000000000000000000e+00 0.000000000000000000e+00 1.414213562373095145e+00 0.000000000000000000e+00 2.449489742783177881e+00 0.000000000000000000e+00 0.000000000000000000e+00 1.414213562373095145e+00 2.645751311064590716e+00 0.000000000000000000e+00 1.732050807568877193e+00 0.000000000000000000e+00 1.414213562373095145e+00 0.000000000000000000e+00 2.236067977499789805e+00 1.414213562373095145e+00 1.414213562373095145e+00 6.557438524302000360e+00 1.048808848170151542e+01 0.000000000000000000e+00 0.000000000000000000e+00 1.000000000000000000e+00 0.000000000000000000e+00 0.000000000000000000e+00 0.000000000000000000e+00 1.414213562373095145e+00
3.741657386773941329e+00 0.000000000000000000e+00 1.000000000000000000e+00 4.229657196511320194e+01 2.236067977499789805e+00 2.338803112705300080e+01 1.090871211463571377e+01 8.944271909999159220e+00 5.830951894845300743e+00 5.891519328662174360e+01 0.000000000000000000e+00 5.160426338976267147e+01 3.464101615137754386e+00 8.185352771872450361e+00 5.291502622129181432e+00 0.000000000000000000e+00 1.732050807568877193e+00 0.000000000000000000e+00 0.000000000000000000e+00 0.000000000000000000e+00 0.000000000000000000e+00 0.000000000000000000e+00 2.000000000000000000e+00 1.711724276862369010e+01 0.000000000000000000e+00 1.414213562373095145e+00 1.000000000000000000e+00 4.263801121065568367e+01 8.485281374238569541e+00 1.000000000000000000e+00 0.000000000000000000e+00 3.162277660168379523e+00 0.000000000000000000e+00 9.055385138137417300e+00 0.000000000000000000e+00 0.000000000000000000e+00 0.000000000000000000e+00 4.123105625617660586e+00 0.000000000000000000e+00 1.000000000000000000e+00 1.414213562373095145e+00 0.000000000000000000e+00 2.449489742783177881e+00 2.449489742783177881e+00 0.000000000000000000e+00 2.236067977499789805e+00 0.000000000000000000e+00 0.000000000000000000e+00 2.000000000000000000e+00 0.000000000000000000e+00 0.000000000000000000e+00 0.000000000000000000e+00 0.000000000000000000e+00 3.605551275463989125e+00 0.000000000000000000e+00 0.000000000000000000e+00 0.000000000000000000e+00 4.690415759823429731e+00 0.000000000000000000e+00 0.000000000000000000e+00 0.000000000000000000e+00 4.898979485566355763e+00 0.000000000000000000e+00 0.000000000000000000e+00 0.000000000000000000e+00 0.000000000000000000e+00 0.000000000000000000e+00 0.000000000000000000e+00
4.582575694955839829e+00 1.414213562373095145e+00 7.549834435270749822e+00 0.000000000000000000e+00 0.000000000000000000e+00 3.605551275463989125e+00 1.029563014098700080e+01 6.557438524302000360e+00 1.414213562373095145e+00 2.000000000000000000e+00 2.449489742783177881e+00 0.000000000000000000e+00 0.000000000000000000e+00 5.567764362830021518e+00 2.449489742783177881e+00 2.049390153191919595e+01 1.476482306023340030e+01 1.732050807568877193e+00 6.324555320336759046e+00 0.000000000000000000e+00 0.000000000000000000e+00 3.162277660168379523e+00 5.692099788303082875e+01 3.741657386773941329e+00 0.000000000000000000e+00 7.141428428542850426e+00 6.244997998398398309e+00 3.001666203960726875e+01 2.181742422927142755e+01 3.448187929913333249e+01 0.000000000000000000e+00 0.000000000000000000e+00 2.083266665599965961e+01 2.061552812808830382e+01 1.000000000000000000e+00 0.000000000000000000e+00 1.000000000000000000e+00 0.000000000000000000e+00 0.000000000000000000e+00 0.000000000000000000e+00 0.000000000000000000e+00 1.000000000000000000e+00 1.000000000000000000e+00 1.000000000000000000e+00 0.000000000000000000e+00 0.000000000000000000e+00 0.000000000000000000e+00 0.000000000000000000e+00 0.000000000000000000e+00 5.477225575051661188e+00 0.000000000000000000e+00 0.000000000000000000e+00 0.000000000000000000e+00 0.000000000000000000e+00 2.000000000000000000e+00 2.000000000000000000e+00 3.316624790355399810e+00 4.242640687119284770e+00 0.000000000000000000e+00 0.000000000000000000e+00 2.449489742783177881e+00 2.236067977499789805e+00 2.000000000000000000e+00 1.414213562373095145e+00 0.000000000000000000e+00 0.000000000000000000e+00 1.000000000000000000e+00 1.000000000000000000e+00
0.000000000000000000e+00 1.349073756323204165e+01 2.000000000000000000e+00 1.000000000000000000e+00 0.000000000000000000e+00 0.000000000000000000e+00 2.449489742783177881e+00 0.000000000000000000e+00 1.936491673103708422e+01 0.000000000000000000e+00 2.236067977499789805e+00 0.000000000000000000e+00 2.236067977499789805e+00 0.000000000000000000e+00 3.162277660168379523e+00 2.611512971440119202e+01 4.582575694955839829e+00 1.000000000000000000e+00 3.000000000000000000e+00 0.000000000000000000e+00 3.162277660168379523e+00 0.000000000000000000e+00 1.004987562112088995e+01 3.206243908376279705e+01 9.273618495495703939e+00 4.000000000000000000e+00 2.477902338672773297e+01 5.567764362830021518e+00 0.000000000000000000e+00 1.414213562373095145e+00 1.000000000000000000e+00 0.000000000000000000e+00 1.000000000000000000e+00 2.828427124746190291e+00 0.000000000000000000e+00 2.236067977499789805e+00 4.690415759823429731e+00 0.000000000000000000e+00 0.000000000000000000e+00 0.000000000000000000e+00 1.000000000000000000e+00 0.000000000000000000e+00 3.162277660168379523e+00 1.000000000000000000e+00 1.000000000000000000e+00 0.000000000000000000e+00 0.000000000000000000e+00 1.000000000000000000e+00 0.000000000000000000e+00 1.122497216032182443e+01 2.449489742783177881e+00 0.000000000000000000e+00 1.000000000000000000e+00 0.000000000000000000e+00 0.000000000000000000e+00 1.349073756323204165e+01 7.549834435270749822e+00 4.582575694955839829e+00 1.000000000000000000e+00 1.732050807568877193e+00 1.095445115010332238e+01 2.449489742783177881e+00 0.000000000000000000e+00 0.000000000000000000e+00 1.000000000000000000e+00 0.000000000000000000e+00 0.000000000000000000e+00 1.414213562373095145e+00
8.246211251235321171e+00 0.000000000000000000e+00 3.209361307176242661e+01 0.000000000000000000e+00 0.000000000000000000e+00 6.000000000000000000e+00 9.949874371066199430e+00 1.122497216032182443e+01 1.414213562373095145e+00 3.316624790355399810e+00 5.000000000000000000e+00 0.000000000000000000e+00 0.000000000000000000e+00 1.058300524425836286e+01 3.162277660168379523e+00 2.789265136196270589e+01 4.053393639902248680e+01 2.449489742783177881e+00 7.810249675906653977e+00 2.000000000000000000e+00 5.692099788303082875e+01 1.004987562112088995e+01 0.000000000000000000e+00 8.246211251235321171e+00 0.000000000000000000e+00 1.303840481040529831e+01 3.497141690009141968e+01 1.732050807568877460e+01 1.987460691435179072e+01 1.933907960581371555e+01 1.000000000000000000e+00 1.000000000000000000e+00 5.567764362830021518e+00 2.439262183530093608e+01 0.000000000000000000e+00 1.000000000000000000e+00 6.557438524302000360e+00 1.000000000000000000e+00 0.000000000000000000e+00 0.000000000000000000e+00 1.732050807568877193e+00 0.000000000000000000e+00 1.000000000000000000e+00 0.000000000000000000e+00 0.000000000000000000e+00 0.000000000000000000e+00 0.000000000000000000e+00 1.000000000000000000e+00 0.000000000000000000e+00 1.296148139681572076e+01 3.162277660168379523e+00 0.000000000000000000e+00 1.414213562373095145e+00 0.000000000000000000e+00 2.449489742783177881e+00 1.157583690279022548e+01 1.113552872566004304e+01 5.196152422706632024e+00 0.000000000000000000e+00 2.000000000000000000e+00 1.212435565298214080e+01 2.828427124746190291e+00 1.732050807568877193e+00 1.000000000000000000e+00 0.000000000000000000e+00 0.000000000000000000e+00 0.000000000000000000e+00 1.000000000000000000e+00
