0.000000000000000000e+00 2.476947637764882748e-01 3.824631080445261677e+00 8.640996732485360932e-01 9.809363471940210633e-02 2.158126621096143616e+00 2.261038972802627356e+01 8.710541271697678667e+00 1.784361873141778743e+00 3.496972956261555687e+00 4.956134569012660140e-01 1.585909578348226212e+00 2.014332244943551065e-01 3.330037405608366896e+01 5.970580827040073979e-01 2.666666666666666630e-01 6.257979032265674313e+00 6.587782745156794961e-01 2.432993346935396595e+00 1.004483956284246027e+00 3.225312803696430475e+00 5.235661762736681935e-01 6.306926046619901527e+00 2.778656390028325429e+00 2.222222222222222307e-02 3.650549720032305157e+00 2.757717891917441655e+00 5.005980428728460829e+00 2.905068991575612003e+01 2.069955978854189027e+01 4.444444444444444614e-02 5.446635760375865276e-01 2.971499747601202834e+00 4.066222451935490589e+00 8.888888888888889228e-02 1.555555555555555580e-01 3.923745388776085363e-01 1.203158569416243329e-01 0.000000000000000000e+00 1.203158569416243329e-01 7.456261392185903336e-01 9.809363471940210633e-02 9.804979870535439623e-01 2.888888888888888618e-01 2.222222222222222307e-02 2.000000000000000111e-01 0.000000000000000000e+00 2.530867790458057320e-01 6.666666666666666574e-02 5.099862886528072625e-01 2.222222222222222307e-02 0.000000000000000000e+00 4.444444444444444614e-02 1.333333333333333315e-01 5.941072435725198719e-01 4.696791758691434837e-01 6.189557038266447764e-01 1.978958120923071329e+00 0.000000000000000000e+00 1.869825236082910125e-01 1.152874116779812885e+00 1.754154739948982078e+00 5.414132567055427447e-01 6.435411258772127940e-01 0.000000000000000000e+00 0.000000000000000000e+00 9.809363471940210633e-02 3.647603013860687970e-01
2.476947637764882748e-01 0.000000000000000000e+00 4.695457109890801561e+00 1.425380791638465594e-01 6.628377370419373804e-01 5.975173967246466544e-01 8.327328719218620723e-01 6.811928112300362770e-01 8.497702385103430345e+00 3.680106207181125799e-01 3.925676171997370734e+00 5.485087872708340750e-01 1.028004046674702110e+01 7.091502020176959631e-01 2.508523383746095181e+00 3.559246174951072206e+00 6.048572362332559571e+00 2.108968318522360441e+00 4.450380290722502963e+00 2.222222222222222099e-01 1.381562723002827786e+00 1.852455858692363577e+01 3.065244450653888730e+00 1.062063906780316458e+01 2.260188759058112851e+01 1.125029834947851803e+01 4.268360165132084205e+01 2.502782908765909919e+00 8.094100506580516052e-01 1.005853837292158381e+00 3.024696433694265885e+00 2.406317138832486657e-01 1.111111111111111049e-01 5.429241706257615263e+00 6.071224016819726926e-02 9.508161417233043977e+00 4.444977132396910058e+00 1.111111111111111049e-01 0.000000000000000000e+00 1.111111111111111049e-01 9.707739724983099894e-01 1.555555555555555580e-01 8.499988015360464555e-01 1.111111111111111049e-01 1.447760715570937995e+00 6.666666666666666574e-02 4.732699579328705219e+00 4.812634277664973315e-01 6.666666666666666574e-02 1.721501952441349292e+00 3.228184108875837399e+00 1.185770885549992215e+00 2.060011747996526754e+00 9.809363471940210633e-02 7.408508454763906848e-01 3.069008761537096674e+00 2.511262723481642922e+00 1.771381248272046793e+00 3.526292954091471366e+00 6.642285109720702962e+00 1.361924184437180152e+01 1.126816578150696024e+00 2.850761583276931743e-01 7.645980421087685830e-01 2.239530495819658906e+00 0.000000000000000000e+00 4.444444444444444614e-02 1.403046525742258410e+00
3.824631080445261677e+00 4.695457109890801561e+00 0.000000000000000000e+00 1.003958873319946488e+00 1.295206027721375608e-01 4.923820585571062836e+00 1.626290760543262692e+01 9.828164305557875124e+00 1.306171267242147938e+00 4.970942045317871205e+00 2.464258499670369584e+00 1.337787596752712194e+00 6.307728069077831456e-01 9.997352967565010573e+00 8.870279414564593568e-01 2.375442181195865476e+00 3.454836416847432901e+01 2.646285509336677944e+00 8.755009900182731286e+00 6.518158963737352707e-01 1.491704085261000401e+01 2.670350609662254904e+00 5.464681444027625190e+01 4.566641845729947136e+00 6.880635466311413317e-01 5.174953356744002519e+01 5.795294041375527883e+01 1.273226895981728823e+01 5.635898677181033101e+00 1.279927952163423832e+01 5.877526651221988141e-01 3.380168771597323318e-01 1.480332118467296398e+00 1.199345024550138206e+01 4.400693026540967723e-01 6.337011710402922660e+00 1.182362003188946886e+01 1.425380791638465594e-01 2.222222222222222307e-02 3.295206027721375719e-01 2.603978848567273463e+00 1.181900080324548519e+00 1.259978623196273073e+00 3.013439540514459836e-01 2.975312234902501851e-01 7.587141249717989366e-02 5.522620937190806378e-01 1.339590704490548623e+00 2.536491902749576921e-01 3.167551558844305948e+00 6.186312695333101352e+00 8.176848211545743039e-01 2.614816019853585694e+00 6.666666666666666574e-02 2.279538799488887602e+00 3.886483791056217996e+00 7.716943664446403339e+00 3.427050741720035987e+00 7.851492297070686854e-01 7.462213491743563409e+00 1.900218373722923104e+01 2.842788448940529289e+00 8.196804568780813316e-01 2.339618132057495803e+00 3.739650472165820250e-01 0.000000000000000000e+00 2.000000000000000111e-01 1.970748917125670685e+00
8.640996732485360932e-01 1.425380791638465594e-01 1.003958873319946488e+00 0.000000000000000000e+00 1.872603015170508867e+00 6.282169657711170530e+00 6.150149751232979689e+00 4.189771217004670589e+00 8.448183726041690988e+00 3.307318036326516619e+01 3.235661762736681824e-01 2.468476436391830475e+01 5.785025308292143231e-01 3.669249901759865207e+00 5.525728091957614829e+00 1.425380791638465594e-01 5.793570624858994655e-01 1.203158569416243329e-01 8.888888888888889228e-02 5.672304790942977348e+01 4.908683255488622832e-01 3.750736706113522168e-01 8.964064010319461318e-01 2.472148092903160332e+01 1.143614304431549433e-01 9.117189933477184427e-01 8.090853423835054903e-01 4.277246315902988272e+01 4.606357521954071998e+00 1.234819863712069976e+00 4.444444444444444614e-02 9.699620379286723049e-01 8.147903527164506166e-01 3.841764486195098804e+00 1.647603013860687859e-01 2.000000000000000111e-01 4.444444444444444614e-02 6.216804525166486073e+00 4.953895275529765496e-01 2.300309387817675688e+00 3.177449227471462745e+00 1.549919231521143637e+00 3.973814324190240832e+00 6.331847241063394804e+00 1.333333333333333315e-01 4.899206138434221813e+00 2.222222222222222307e-02 1.158199503888745374e+00 1.298906821783547771e+00 1.425380791638465594e-01 6.666666666666666574e-02 0.000000000000000000e+00 0.000000000000000000e+00 5.261356012179050801e+00 1.777777777777777846e-01 3.387253486026508553e-01 1.869825236082910125e-01 7.386590386618508752e+00 0.000000000000000000e+00 3.142696805273544752e-02 6.334064047127089259e-01 8.353622758358058675e+00 1.404809995742314133e+00 2.883264776597369572e-01 2.222222222222222307e-02 1.425380791638465594e-01 1.333333333333333315e-01 1.462787470613902574e+00
9.809363471940210633e-02 6.628377370419373804e-01 1.295206027721375608e-01 1.872603015170508867e+00 0.000000000000000000e+00 1.027381198778347837e+01 1.260539164827119807e+00 1.965401534168876863e+00 3.668926667599323732e+00 2.272842466020163599e+00 1.869825236082910125e-01 4.336916110758060938e+00 8.942572802409833876e-01 7.611553011096289234e-01 1.274758368880838866e+01 1.839537081673192631e-01 1.739650472165819861e-01 6.666666666666666574e-02 9.809363471940210633e-02 1.833302935154593971e+00 3.027771785458010512e-01 1.338921706964717018e+00 7.178494508300979904e-01 3.986444519217352767e+00 5.190449742695538715e-01 3.165031263804285455e-01 1.448009270077868837e+00 2.475934646050831578e+00 1.571887725238987787e+00 3.045942733834897664e-01 2.222222222222222307e-02 8.576060031268351480e+00 1.425380791638465594e-01 1.031196207746585536e+01 0.000000000000000000e+00 6.666666666666666574e-02 2.222222222222222307e-02 6.657633480994350483e-01 4.187064392294042037e-01 2.406317138832486657e-01 1.517428249943597873e-01 9.809363471940210633e-02 5.181579619408170911e-01 6.666504676031330678e-01 0.000000000000000000e+00 9.880471872333589367e-01 6.666666666666666574e-02 1.111111111111111049e-01 6.658413244089190774e-01 1.333333333333333315e-01 0.000000000000000000e+00 0.000000000000000000e+00 2.222222222222222307e-02 6.069460719034492913e-01 2.975312234902501296e-01 1.496011290570861407e-01 2.588951453305085582e-01 1.102766894027651379e+00 2.222222222222222307e-02 4.444444444444444614e-02 2.406317138832486657e-01 9.798188845087401067e-01 4.444444444444444614e-02 7.587141249717989366e-02 0.000000000000000000e+00 2.222222222222222307e-02 0.000000000000000000e+00 8.888888888888889228e-02
2.158126621096143616e+00 5.975173967246466544e-01 4.923820585571062836e+00 6.282169657711170530e+00 1.027381198778347837e+01 0.000000000000000000e+00 2.000434537215572561e+01 3.732160805659684399e+01 5.447028317287696986e+00 4.958297851945278012e+01 1.415092345998023804e+00 3.807204128945863175e+01 2.341859375002057764e+00 1.001287513574404819e+01 1.765551468848415695e+01 1.777777777777777846e-01 3.408830133892463365e+00 8.334492605430012802e-01 1.329504201115596196e+00 9.494536288441485894e+00 2.670140462822388816e+00 7.324183015551830600e-01 4.960295518342362264e+00 6.544958867914399292e+00 2.092047458305132390e-01 3.773936570389878398e+00 2.533643400192723938e+00 1.484638979636082290e+01 6.666216768620443212e+00 4.595091918435438849e+00 2.000000000000000111e-01 7.855846852647873746e+00 8.995885292847466408e-01 7.678966592793474710e+00 1.425380791638465594e-01 1.608015106111064518e-01 6.097509579961315485e-01 2.535794306190751968e+00 2.384900179459750469e-01 1.579498457957654978e+00 2.318999930545939669e+00 1.196545887078170667e+00 2.425541344076421080e+00 3.180047778698802841e+00 7.587141249717989366e-02 2.769782907890302237e+00 1.203158569416243329e-01 1.096378747500739159e+00 6.128551099394474733e-01 3.295206027721375719e-01 7.587141249717989366e-02 0.000000000000000000e+00 2.222222222222222307e-02 2.381161898836504864e+00 4.145967610998307351e-01 5.211866702068275181e-01 6.718964226586838784e-01 4.955060414868970753e+00 2.222222222222222307e-02 2.720586819359841479e-01 1.237869873340804450e+00 5.163011752431351908e+00 1.370936379307038377e+00 8.032087850195589462e-01 2.222222222222222307e-02 1.555555555555555580e-01 1.940455735015305938e-01 1.537506820316974609e+00
2.261038972802627356e+01 8.327328719218620723e-01 1.626290760543262692e+01 6.150149751232979689e+00 1.260539164827119807e+00 2.000434537215572561e+01 0.000000000000000000e+00 2.745320738293716545e+01 6.318814599133983023e+00 4.704176452107513740e+01 1.431863275327447838e+00 7.472879459433254823e+00 1.458113872820239854e+00 3.965266178083997062e+01 4.243011139484867300e+00 1.441045046967596832e+00 8.490468078074551173e+00 1.067571496471651837e+00 2.923777945298254188e+00 4.529506423256928649e+00 1.220630918543329990e+01 1.760508872507970946e+00 1.695234686548019098e+01 1.533661713863806852e+01 2.276142374915396949e-01 9.593508639467049903e+00 8.367685835332542510e+00 7.309857268678641162e+01 1.604225858770567115e+01 4.504672783087542598e+01 2.222222222222222099e-01 1.780350847671510195e+00 4.572917259082013963e+00 1.116853350020688751e+01 5.864955560564446557e-01 1.066712137674121985e+00 2.308704289743726878e+00 3.167122324509575204e+00 1.295206027721375608e-01 1.788067275051018701e+00 4.149162771515659820e+00 1.842207025760476791e+00 3.997534367347010953e+00 4.359373887740658482e+00 1.555555555555555580e-01 2.796954784894214008e+00 2.000000000000000111e-01 1.905243518956728499e+00 6.779969093709199424e-01 1.881943191336417076e+00 9.531118197344189413e-01 6.666666666666666574e-02 2.661042554375147584e-01 2.817034921373550826e+00 1.765685989292278935e+00 1.774595288932290238e+00 3.041129837167408034e+00 7.951537115249175613e+00 6.666666666666666574e-02 1.362706932286542827e+00 4.488752264444922702e+00 8.047660571700564702e+00 2.792178186774451731e+00 2.278921120031638381e+00 0.000000000000000000e+00 1.072983805499153342e-01 8.121141578244771564e-01 2.581170862322673454e+00
8.710541271697678667e+00 6.811928112300362770e-01 9.828164305557875124e+00 4.189771217004670589e+00 1.965401534168876863e+00 3.732160805659684399e+01 2.745320738293716545e+01 0.000000000000000000e+00 4.385048461508215922e+00 2.844763256787054573e+01 1.809381557347317537e+00 1.263122889042509378e+01 2.510148071669302094e+00 4.225841133754263979e+01 4.190918376274637147e+00 6.476785647129547074e-01 9.782630987034485415e+00 1.465289761184570327e+00 4.231970663374094777e+00 6.384036811496959452e+00 6.246321395230479467e+00 1.076163615469697410e+00 1.191146313494332887e+01 6.500570752797826479e+00 1.647603013860687859e-01 8.061739988804090373e+00 4.989096682703321406e+00 1.148599556529316601e+01 9.928215422095680864e+00 1.504206201393684417e+01 1.425380791638465594e-01 8.777244481847803925e+00 1.369173444055418631e+00 8.070865280756610360e+00 4.903221133832440515e-01 5.389468524937229832e-01 1.258792130666979592e+00 1.837648815142229886e+00 4.444444444444444614e-02 1.182182084337085826e+00 3.281223828498760042e+00 1.473927913629676345e+00 3.099466935515974075e+00 2.554201183459659852e+00 2.053920152693174128e-01 1.715588608051912711e+00 8.888888888888889228e-02 1.493823105553341080e+00 5.918121276484565874e-01 8.005300131020846033e-01 5.257078722109418401e-01 5.364919027495766712e-02 1.203158569416243329e-01 1.614721337034163540e+00 7.914031364060942764e-01 8.985480969692200004e-01 1.212309087493774751e+00 6.396306660395432608e+00 6.666666666666666574e-02 7.298290048081889081e-01 2.604743825638719201e+00 5.856694304296214071e+00 2.246821019205396119e+00 1.711525843389635204e+00 2.222222222222222307e-02 1.425380791638465594e-01 5.251454609817899355e-01 2.152098010941744910e+00
1.784361873141778743e+00 8.497702385103430345e+00 1.306171267242147938e+00 8.448183726041690988e+00 3.668926667599323732e+00 5.447028317287696986e+00 6.318814599133983023e+00 4.385048461508215922e+00 0.000000000000000000e+00 7.814297308059185099e+00 2.067417455178800267e+00 1.331295011444923837e+01 4.657433837561630874e+00 3.948749046937909846e+00 1.228309011526666161e+01 1.812301060781272177e+00 2.473154999174714597e+00 6.949804291356531660e-01 1.413805286753604618e+00 6.131279552989690629e+00 1.931679755469143833e+00 2.032102398302547641e+01 2.245873779705422013e+00 4.395401119268719725e+01 6.839862667654855954e+00 3.805609573231759413e+00 1.365991236243163875e+01 1.383418664823686406e+01 5.776542708282453198e+00 5.132818440926617320e+00 1.590675056665324050e+00 8.111451808101804994e-01 2.325275360503270328e+00 4.911481247443145293e+00 9.538683218680996667e-01 1.585449661726502812e+00 1.390577686973385019e+00 3.378314250661577312e+00 4.980774356558684834e-01 1.848273525688070240e+00 3.514470582295762036e+00 1.436206198489905272e+00 8.179668575518714846e+00 3.788826279106938255e+00 7.165448778456519063e-01 3.467146085744709616e+00 2.396330537680853023e+00 1.826238823213866880e+00 1.358823585188886129e+00 2.135116499630807851e+00 7.347503587641548428e-01 4.661042554375148250e-01 5.647441023225351353e-01 2.713454910681704302e+00 2.018792615087306341e+00 3.461912408008660513e+00 1.637390051212058273e+00 8.885627440533712118e+00 1.608762784596578621e+00 2.527857232468682103e+00 4.245250536893848903e+00 7.205670408533229931e+00 2.844454461576683801e+00 2.725892706915523878e+00 1.089080420110111191e+00 6.666666666666666574e-02 7.306129199284129294e-01 2.087557809915721041e+00
3.496972956261555687e+00 3.680106207181125799e-01 4.970942045317871205e+00 3.307318036326516619e+01 2.272842466020163599e+00 4.958297851945278012e+01 4.704176452107513740e+01 2.844763256787054573e+01 7.814297308059185099e+00 0.000000000000000000e+00 1.897948276205913221e+00 4.227346290055204037e+01 2.041451349924332082e+00 2.223568592812311451e+01 5.772171664112129896e+00 3.203158569416243440e-01 2.784122136074437481e+00 8.871511990534531877e-01 1.228297456230491136e+00 3.955916490651777906e+01 3.070978969742335085e+00 6.482409759421065010e-01 4.482756034463520223e+00 1.082407611122843605e+01 1.961872694388042127e-01 3.571318864617078148e+00 2.505279501092406935e+00 4.619766667640700319e+01 1.295115307177966812e+01 4.630148562110734112e+00 2.254725415542660483e-01 2.654646073343573054e+00 1.701102825327652335e+00 1.155670422138592102e+01 3.620561942196431349e-01 2.607122401681972734e-01 5.533221097024815238e-01 7.085032022614870861e+00 4.460991728298717152e-01 3.641381003897584012e+00 5.152453737746652607e+00 2.480682197667462230e+00 5.198940350822326195e+00 9.542612297563460189e+00 3.496011290570861241e-01 6.110547601468406143e+00 1.940455735015305938e-01 2.241395958853667381e+00 1.588575488788324774e+00 5.137990192140030610e-01 2.368189833220528950e-01 2.222222222222222307e-02 0.000000000000000000e+00 6.677019301482140179e+00 6.626916768281706505e-01 9.379737346553010946e-01 6.699007869351769617e-01 1.044326991463094956e+01 1.555555555555555580e-01 1.869825236082910125e-01 1.605307208383615070e+00 1.229019926023289955e+01 2.776957513004349121e+00 1.160138403000682272e+00 2.222222222222222307e-02 1.477840342193974255e-01 6.555279551836357133e-01 2.567296147865533396e+00
4.956134569012660140e-01 3.925676171997370734e+00 2.464258499670369584e+00 3.235661762736681824e-01 1.869825236082910125e-01 1.415092345998023804e+00 1.431863275327447838e+00 1.809381557347317537e+00 2.067417455178800267e+00 1.897948276205913221e+00 0.000000000000000000e+00 2.072890858438337425e+00 1.553410705405583414e+01 2.480554754937941198e+00 3.961872694388042793e-01 5.603851595957212162e-01 8.993209424601737112e+00 3.257397749694726485e+01 2.325532956200073897e+01 9.389631341022408595e-01 2.365960199279947052e+00 2.206424610190636404e+00 3.476746183369145093e+00 1.947560070212223771e+00 6.080999168848829406e+00 2.466974196380582995e+01 1.046666111466180737e+01 1.709378216527012828e+00 3.736451232632784336e+00 2.048825323606251914e+00 7.065120850642073513e+00 1.608209183087308647e+00 4.866554430358149275e-01 2.995436242450685782e+01 0.000000000000000000e+00 2.500663496058188162e+00 7.251454609817897801e-01 7.587141249717989366e-02 2.222222222222222307e-02 6.666666666666666574e-02 2.276142374915396949e-01 1.111111111111111049e-01 7.822990623268765153e-01 4.444444444444444614e-02 3.468426288169233374e+00 4.444444444444444614e-02 8.372244046750529023e+00 9.809363471940210633e-02 5.364919027495766712e-02 2.000000000000000111e-01 5.134743109394568350e-01 1.659833371646731059e+00 8.629471795793158817e-01 2.222222222222222307e-02 8.888888888888889228e-02 7.346042985503882239e-01 3.961872694388042793e-01 8.235133478277583130e-01 4.671298004023540784e+00 5.233633272930325653e+00 6.845322366600190556e+00 5.656311146512720267e-01 1.517428249943597873e-01 3.072983805499153731e-01 3.607831272146611035e+00 2.222222222222222307e-02 4.444444444444444614e-02 9.032026931793966096e-01
1.585909578348226212e+00 5.485087872708340750e-01 1.337787596752712194e+00 2.468476436391830475e+01 4.336916110758060938e+00 3.807204128945863175e+01 7.472879459433254823e+00 1.263122889042509378e+01 1.331295011444923837e+01 4.227346290055204037e+01 2.072890858438337425e+00 0.000000000000000000e+00 2.305071365502259884e+00 9.391541832197184192e+00 1.669045731906555829e+01 1.203158569416243329e-01 9.956613002066516671e-01 7.962776566719500515e-01 6.433196219861406773e-01 4.536601890412692484e+01 7.921116078490126888e-01 1.014585084823294237e+00 1.457057211317251966e+00 1.686980059891368811e+01 3.033395897749530112e-01 1.617503141173707082e+00 1.577268590688000183e+00 1.601938300349393174e+01 8.184097179114164788e+00 2.152962808307563147e+00 3.268164956057120207e-01 3.300136426143028601e+00 5.218951416497461526e-01 8.926696416718385763e+00 1.111111111111111049e-01 1.203158569416243329e-01 6.666666666666666574e-02 3.890141030417471057e+00 8.479779377385494588e-01 2.262039387493202991e+00 2.140902703377750349e+00 1.205871572223421895e+00 3.209175444088968820e+00 4.508096294069812160e+00 2.222222222222222307e-02 5.563387485821906786e+00 1.517428249943597873e-01 8.079176640949090604e-01 1.741213338564376878e+00 2.092047458305132390e-01 4.444444444444444614e-02 4.444444444444444614e-02 0.000000000000000000e+00 3.734935967251614031e+00 7.587141249717989366e-02 3.197534457124724394e-01 2.758714124971798909e-01 5.367318965427110733e+00 6.666666666666666574e-02 4.444444444444444614e-02 3.327709221041813548e-01 5.784154661183906754e+00 1.010921144286929696e+00 3.793570624858994544e-01 2.222222222222222307e-02 2.254725415542660483e-01 1.072983805499153342e-01 1.116134565511141430e+00
2.014332244943551065e-01 1.028004046674702110e+01 6.307728069077831456e-01 5.785025308292143231e-01 8.942572802409833876e-01 2.341859375002057764e+00 1.458113872820239854e+00 2.510148071669302094e+00 4.657433837561630874e+00 2.041451349924332082e+00 1.553410705405583414e+01 2.305071365502259884e+00 0.000000000000000000e+00 2.475087506399154869e+00 1.307322739914592136e+00 5.050649346968413278e-01 7.541929229676848090e-01 2.938836908084955013e+00 1.532656582824698299e+00 1.120237835263154125e+00 2.458776689387995595e-01 5.392202836732010951e+00 8.164755260085085897e-01 4.366180332250528373e+00 2.304046162774213968e+01 7.078541067648517426e+00 2.389392650844195742e+01 1.588144600406196538e+00 2.407589098267883809e+00 6.370152591391352592e-01 1.169064183227792242e+01 3.044343729963546075e+00 8.888888888888889228e-02 1.318173559796217198e+01 5.364919027495766712e-02 3.897390705239788034e+00 3.620561942196432459e-01 1.333333333333333315e-01 1.517428249943597873e-01 3.306292261669077637e-01 6.962915906125151100e-01 6.144345018225305655e-01 1.227618777958245477e+00 4.046835438263989282e-01 5.354663540998417126e+00 3.539600717839001542e-01 1.572523769074788902e+01 4.514912952741504393e-01 2.536491902749576921e-01 6.666666666666666574e-02 3.734026359874300649e-01 2.517708793034029391e+00 9.632239550532241124e-01 2.406317138832486935e-01 1.810280971098216229e-01 1.405417085343627637e+00 1.203158569416243329e-01 1.517054141056914274e+00 9.417230679261626491e+00 7.292932718813641024e+00 1.019074428501965279e+01 9.648480580091727266e-01 4.530867790458057431e-01 4.084962743875946711e-01 6.274294549859142478e+00 3.824613216041767294e-01 0.000000000000000000e+00 2.118866258644465095e+00
3.330037405608366896e+01 7.091502020176959631e-01 9.997352967565010573e+00 3.669249901759865207e+00 7.611553011096289234e-01 1.001287513574404819e+01 3.965266178083997062e+01 4.225841133754263979e+01 3.948749046937909846e+00 2.223568592812311451e+01 2.480554754937941198e+00 9.391541832197184192e+00 2.475087506399154869e+00 0.000000000000000000e+00 2.345770182649374203e+00 5.872909256443423764e-01 1.187039947087913383e+01 1.821534572854527578e+00 4.762904246654397156e+00 5.213129700692287649e+00 7.158544514204158382e+00 1.243575142416994517e+00 1.372932574376173598e+01 6.011286560160998604e+00 2.720586819359841479e-01 8.432670320510787576e+00 5.755185107648404852e+00 1.160623810595474126e+01 3.568899648256972768e+01 2.508682073954701153e+01 2.162677957237528203e-01 5.873564258583646946e+00 2.724657687922058091e+00 1.118996054394670914e+01 4.471323525473363536e-01 7.463346106615085240e-01 1.336528344746575891e+00 1.022267693229677921e+00 6.666666666666666574e-02 6.872016552014331703e-01 2.518333001077975197e+00 8.898895633043247821e-01 2.497909315737941949e+00 1.605989477456260861e+00 8.888888888888889228e-02 1.135475743448383756e+00 2.032503193320437940e-01 1.095166660979249862e+00 3.680106207181125799e-01 9.613768050007008847e-01 4.561910381640830181e-01 1.647603013860687859e-01 8.888888888888889228e-02 7.569725809863770971e-01 1.337431638683830526e+00 1.195199560728795296e+00 1.396369854194554172e+00 5.139438281295583444e+00 2.000000000000000111e-01 1.034098677092093466e+00 2.639141427093210979e+00 4.839090506197396557e+00 1.838625769011615230e+00 1.692503302163261392e+00 2.222222222222222307e-02 2.222222222222222307e-02 4.563370983778496370e-01 1.610515534957772887e+00
5.970580827040073979e-01 2.508523383746095181e+00 8.870279414564593568e-01 5.525728091957614829e+00 1.274758368880838866e+01 1.765551468848415695e+01 4.243011139484867300e+00 4.190918376274637147e+00 1.228309011526666161e+01 5.772171664112129896e+00 3.961872694388042793e-01 1.669045731906555829e+01 1.307322739914592136e+00 2.345770182649374203e+00 0.000000000000000000e+00 9.315174084451687264e-01 7.960678659917965749e-01 1.295206027721375608e-01 3.327709221041814103e-01 4.893201679576617558e+00 2.946939131957661662e+00 3.781823416565281981e+00 3.215472300948114537e+00 1.277896159301918111e+01 1.815112315675211363e+00 1.142077768378758851e+00 4.653585380832298668e+00 7.928582080127769771e+00 2.856240533180920860e+00 2.405320067584272081e+00 3.641978901569168370e-01 3.620328826759882546e+00 6.350774393366310777e-01 2.461237882218530348e+00 1.111111111111111049e-01 3.257078722109418289e-01 2.476947637764882748e-01 1.485958797180466862e+00 6.945024080492785412e-01 8.186699701812766294e-01 1.003819291925917456e+00 4.492740484846100002e-01 1.949970170330590280e+00 1.727353747713616938e+00 6.666666666666666574e-02 1.948516688286364928e+00 4.086423346013612901e-01 3.750736706113522168e-01 1.343094416009948500e+00 8.593496075803263023e-01 6.666666666666666574e-02 2.222222222222222307e-02 2.222222222222222307e-02 1.478142280374550976e+00 7.015062958737307008e-01 7.064275426547353964e-01 8.349377659050292166e-01 3.366704188054169045e+00 1.111111111111111049e-01 3.105486998819591560e-01 1.296003647943487991e+00 2.944935152985340920e+00 8.362403730293674897e-01 5.285743211996520863e-01 7.587141249717989366e-02 4.444444444444444614e-02 8.888888888888889228e-02 4.753090012680280529e-01
2.666666666666666630e-01 3.559246174951072206e+00 2.375442181195865476e+00 1.425380791638465594e-01 1.839537081673192631e-01 1.777777777777777846e-01 1.441045046967596832e+00 6.476785647129547074e-01 1.812301060781272177e+00 3.203158569416243440e-01 5.603851595957212162e-01 1.203158569416243329e-01 5.050649346968413278e-01 5.872909256443423764e-01 9.315174084451687264e-01 0.000000000000000000e+00 3.636084640100881948e+00 5.672103993593937687e-01 1.472711455768304534e+00 7.587141249717989366e-02 2.537013233442302251e+01 2.407574482380352165e+01 3.706798531435467225e+01 1.779867675436369012e+01 6.844569320294542347e-01 2.952747128679256594e+00 2.984951399560921814e+01 1.428594329669853558e+01 1.358358301897901521e+00 3.543786904608136279e+00 6.666666666666666574e-02 0.000000000000000000e+00 7.827781708177905529e-01 4.802591716416846346e+00 5.564263688207587988e-01 1.932958401329999854e+00 3.404881280761718365e+00 1.111111111111111049e-01 4.444444444444444614e-02 1.777777777777777846e-01 1.971775802776111419e+00 5.082004436094537114e-01 1.307203623141723003e+00 2.883264776597369017e-01 1.111111111111111049e-01 4.444444444444444614e-02 1.777777777777777846e-01 9.427181559173950509e-01 2.942809041582063467e-01 1.731071407473720214e+01 1.866590778315542654e+00 1.739650472165819861e-01 4.737135174963726381e-01 4.444444444444444614e-02 8.010776309939302564e+00 1.193945288394935389e+01 1.640054197823782545e+01 6.122259266814826795e+00 1.869825236082910125e-01 1.702418116232615741e+00 1.035585217169489880e+01 4.861214521629525720e+00 1.593256021504823705e+00 4.365327996209564354e+00 0.000000000000000000e+00 2.222222222222222307e-02 5.934831622723787392e-01 1.639710502385073543e+00
6.257979032265674313e+00 6.048572362332559571e+00 3.454836416847432901e+01 5.793570624858994655e-01 1.739650472165819861e-01 3.408830133892463365e+00 8.490468078074551173e+00 9.782630987034485415e+00 2.473154999174714597e+00 2.784122136074437481e+00 8.993209424601737112e+00 9.956613002066516671e-01 7.541929229676848090e-01 1.187039947087913383e+01 7.960678659917965749e-01 3.636084640100881948e+00 0.000000000000000000e+00 9.021470821335956458e+00 3.730917257407898546e+01 5.308507300579800026e-01 1.317739101682694880e+01 3.966036047176237922e+00 3.949447175074348593e+01 5.432325123339780681e+00 1.572789181739615350e+00 3.570157790483835214e+01 3.163355973332829407e+01 7.833359468964742334e+00 1.274511732244840623e+01 1.772747746863635143e+01 8.417241382144851070e-01 4.061759303895415840e-01 4.268774309975228221e+00 2.974215165544790906e+01 8.888888888888889228e-02 5.457446310112092469e+00 7.093939659220684923e+00 0.000000000000000000e+00 2.222222222222222307e-02 6.666666666666666574e-02 1.260371415375101556e+00 4.368189833220529339e-01 9.920174324759947204e-01 1.647603013860687859e-01 2.314269680527354656e-01 5.364919027495766712e-02 7.663233870306569440e-01 5.208620691072425313e-01 1.647603013860687859e-01 2.635340175492172587e+00 4.018905834142785238e+00 5.717063732895181216e-01 2.110496793783562808e+00 4.444444444444444614e-02 1.712305846688812805e+00 2.864714513963125153e+00 4.054277048319580246e+00 2.537805231918115467e+00 9.294362126293602699e-01 6.414337143720941548e+00 1.370898882836618426e+01 2.040171331383727082e+00 5.327709221041814214e-01 1.430406671495713322e+00 4.530867790458057431e-01 0.000000000000000000e+00 8.888888888888889228e-02 1.222265160597498568e+00
6.587782745156794961e-01 2.108968318522360441e+00 2.646285509336677944e+00 1.203158569416243329e-01 6.666666666666666574e-02 8.334492605430012802e-01 1.067571496471651837e+00 1.465289761184570327e+00 6.949804291356531660e-01 8.871511990534531877e-01 3.257397749694726485e+01 7.962776566719500515e-01 2.938836908084955013e+00 1.821534572854527578e+00 1.295206027721375608e-01 5.672103993593937687e-01 9.021470821335956458e+00 0.000000000000000000e+00 2.650862596854209130e+01 2.753090012680279863e-01 1.935026776629030332e+00 1.025618684313016837e+00 3.055201113216822417e+00 1.067034313316489458e+00 3.461313925726453800e+00 2.638288299822581706e+01 9.792129320262098702e+00 1.152634484964763617e+00 2.470132393575144025e+00 1.993547974929241073e+00 3.515179667462479784e+00 4.652497237808296271e-01 2.812634277664973204e-01 1.089704988116898932e+01 0.000000000000000000e+00 1.658836200414459450e+00 6.281604496571580043e-01 0.000000000000000000e+00 0.000000000000000000e+00 2.222222222222222307e-02 5.364919027495766712e-02 5.364919027495766712e-02 1.517428249943597873e-01 0.000000000000000000e+00 1.150213505039134443e+00 4.444444444444444614e-02 3.926661538692006292e+00 0.000000000000000000e+00 0.000000000000000000e+00 1.203158569416243329e-01 4.584787943151232281e-01 1.771595168987311286e+00 1.044479465641500626e+00 0.000000000000000000e+00 8.888888888888889228e-02 3.777777777777777679e-01 3.365836526653771532e-01 4.198427161553815457e-01 2.762998007157331681e+00 5.681997199716589897e+00 6.723119492074844494e+00 1.831697930470951863e-01 6.666666666666666574e-02 1.555555555555555580e-01 2.306997967501459801e+00 0.000000000000000000e+00 2.222222222222222307e-02 4.731673053307543508e-01
2.432993346935396595e+00 4.450380290722502963e+00 8.755009900182731286e+00 8.888888888888889228e-02 9.809363471940210633e-02 1.329504201115596196e+00 2.923777945298254188e+00 4.231970663374094777e+00 1.413805286753604618e+00 1.228297456230491136e+00 2.325532956200073897e+01 6.433196219861406773e-01 1.532656582824698299e+00 4.762904246654397156e+00 3.327709221041814103e-01 1.472711455768304534e+00 3.730917257407898546e+01 2.650862596854209130e+01 0.000000000000000000e+00 1.810280971098216229e-01 5.215960513602147408e+00 1.908967919848556072e+00 8.488907374138792150e+00 2.398987226872228540e+00 3.857911206233131107e+00 4.112202259593620823e+01 1.871995413223111626e+01 2.851406497605589507e+00 5.660759154805306004e+00 6.143816236849074741e+00 1.791108195572689743e+00 2.628539361054709200e-01 1.814956100894306035e+00 2.023305574694331455e+01 6.071224016819726926e-02 3.728826583687760543e+00 2.840157380214921368e+00 0.000000000000000000e+00 0.000000000000000000e+00 0.000000000000000000e+00 4.195181150557966698e-01 1.777777777777777846e-01 4.092047458305132501e-01 0.000000000000000000e+00 4.583327341013567202e-01 0.000000000000000000e+00 2.041755442139186361e+00 1.961872694388042127e-01 4.444444444444444614e-02 7.683190227541639716e-01 2.118431812496216260e+00 1.323138329200101992e+00 2.597868976614913006e+00 0.000000000000000000e+00 6.729294952011873887e-01 8.064844396005540483e-01 1.396356946404134769e+00 8.264894150332356970e-01 2.489647772149222948e+00 7.791405014048539357e+00 1.045455974743855165e+01 4.368189833220529339e-01 2.274681772777731037e-01 6.046835438263989948e-01 1.300133508861782028e+00 0.000000000000000000e+00 0.000000000000000000e+00 7.646733786111130637e-01
1.004483956284246027e+00 2.222222222222222099e-01 6.518158963737352707e-01 5.672304790942977348e+01 1.833302935154593971e+00 9.494536288441485894e+00 4.529506423256928649e+00 6.384036811496959452e+00 6.131279552989690629e+00 3.955916490651777906e+01 9.389631341022408595e-01 4.536601890412692484e+01 1.120237835263154125e+00 5.213129700692287649e+00 4.893201679576617558e+00 7.587141249717989366e-02 5.308507300579800026e-01 2.753090012680279863e-01 1.810280971098216229e-01 0.000000000000000000e+00 4.281604496571580487e-01 2.536491902749576921e-01 7.534729970570926971e-01 1.279815486409500025e+01 4.444444444444444614e-02 8.317353700887867296e-01 6.411779260488670307e-01 2.468934295841172144e+01 5.190534624882856107e+00 1.233649049438018563e+00 4.444444444444444614e-02 1.285550391274195459e+00 4.400693026540967723e-01 4.927053757469918693e+00 1.072983805499153342e-01 6.666666666666666574e-02 1.203158569416243329e-01 4.427033901761585177e+00 3.549931443264036646e-01 1.958378536551687699e+00 2.573589093570975983e+00 1.295012730308527482e+00 2.954049653613971760e+00 5.083148534439302146e+00 8.888888888888889228e-02 4.093423349221759544e+00 2.222222222222222307e-02 1.028342951867923905e+00 1.066812809425417452e+00 8.888888888888889228e-02 4.444444444444444614e-02 0.000000000000000000e+00 0.000000000000000000e+00 4.023814306883875425e+00 1.777777777777777846e-01 2.942809041582063467e-01 2.000000000000000111e-01 5.500903502749517671e+00 0.000000000000000000e+00 4.444444444444444614e-02 1.902328429403348231e-01 6.417727888322937169e+00 1.198763133867711161e+00 1.961872694388042127e-01 0.000000000000000000e+00 2.222222222222222307e-02 2.222222222222222099e-01 1.085043653025664412e+00
3.225312803696430475e+00 1.381562723002827786e+00 1.491704085261000401e+01 4.908683255488622832e-01 3.027771785458010512e-01 2.670140462822388816e+00 1.220630918543329990e+01 6.246321395230479467e+00 1.931679755469143833e+00 3.070978969742335085e+00 2.365960199279947052e+00 7.921116078490126888e-01 2.458776689387995595e-01 7.158544514204158382e+00 2.946939131957661662e+00 2.537013233442302251e+01 1.317739101682694880e+01 1.935026776629030332e+00 5.215960513602147408e+00 4.281604496571580487e-01 0.000000000000000000e+00 6.283758330148076610e+00 7.885395725688586310e+01 6.745762977216247513e+00 2.406317138832486935e-01 6.894834305585984424e+00 1.373832138342523201e+01 4.182318016685846374e+01 8.986554241007240762e+00 4.802604684693127979e+01 1.111111111111111049e-01 1.831697930470952418e-01 6.049918280848165075e+00 2.976957457518560091e+01 1.254697396093246597e+00 1.029078794325214208e+00 2.550055424978310725e+00 1.333333333333333315e-01 4.444444444444444614e-02 1.777777777777777846e-01 2.070182099773519635e+00 8.852814631552315960e-01 1.847108692617274173e+00 4.693545747695586079e-01 8.888888888888889228e-02 2.222222222222222099e-01 6.666666666666666574e-02 1.584820537143914132e+00 4.877640664305850637e-01 9.090352993143925531e+00 1.628348339290319524e+00 1.777777777777777846e-01 7.387091495391171492e-01 4.444444444444444614e-02 8.281932348782289566e+00 5.752649240727913060e+00 7.885287048748003791e+00 6.920922151534969480e+00 2.092047458305132390e-01 1.606543077751455550e+00 5.638684351699890129e+00 6.001860081287364146e+00 3.509122351750952884e+00 6.785781260347951260e+00 2.222222222222222307e-02 0.000000000000000000e+00 1.055287826771812210e+00 2.063087206010182140e+00
5.235661762736681935e-01 1.852455858692363577e+01 2.670350609662254904e+00 3.750736706113522168e-01 1.338921706964717018e+00 7.324183015551830600e-01 1.760508872507970946e+00 1.076163615469697410e+00 2.032102398302547641e+01 6.482409759421065010e-01 2.206424610190636404e+00 1.014585084823294237e+00 5.392202836732010951e+00 1.243575142416994517e+00 3.781823416565281981e+00 2.407574482380352165e+01 3.966036047176237922e+00 1.025618684313016837e+00 1.908967919848556072e+00 2.536491902749576921e-01 6.283758330148076610e+00 0.000000000000000000e+00 8.756677383663882708e+00 3.424793303463157201e+01 8.700264765379845500e+00 4.838074338377789552e+00 3.032111925026982391e+01 8.605519741330198258e+00 2.512672227885548892e+00 3.943562587699924293e+00 1.777025639912542365e+00 8.888888888888889228e-02 1.195110237126598474e+00 3.971780187829472730e+00 4.454613179234142017e-01 3.773682700492591024e+00 3.543261502146401565e+00 3.218951416497460860e-01 6.666666666666666574e-02 2.092047458305132390e-01 1.671306223672235136e+00 3.972958928335744155e-01 3.256167898216725920e+00 6.178470804318745291e-01 6.113627233763050395e-01 3.203158569416243440e-01 2.859722284419733640e+00 8.609199704529529873e-01 3.620561942196432459e-01 8.481921518406805305e+00 1.796384497675018732e+00 5.327709221041814214e-01 7.284712239911391718e-01 3.165031263804285455e-01 3.787684653498608611e+00 1.192771186552510621e+01 7.325606696468869750e+00 5.671410920646121845e+00 1.641495354404238993e+00 3.211883465897842793e+00 1.052930018320663841e+01 3.972224100588577222e+00 1.751362309513102788e+00 3.053904022237106108e+00 1.264938005841686808e+00 0.000000000000000000e+00 6.086423346013614122e-01 1.303517133896322733e+00
6.306926046619901527e+00 3.065244450653888730e+00 5.464681444027625190e+01 8.964064010319461318e-01 7.178494508300979904e-01 4.960295518342362264e+00 1.695234686548019098e+01 1.191146313494332887e+01 2.245873779705422013e+00 4.482756034463520223e+00 3.476746183369145093e+00 1.457057211317251966e+00 8.164755260085085897e-01 1.372932574376173598e+01 3.215472300948114537e+00 3.706798531435467225e+01 3.949447175074348593e+01 3.055201113216822417e+00 8.488907374138792150e+00 7.534729970570926971e-01 7.885395725688586310e+01 8.756677383663882708e+00 0.000000000000000000e+00 9.072732100592883597e+00 5.218951416497461526e-01 1.831634512393267400e+01 5.108705680850947317e+01 2.397249978473253407e+01 1.094387142502272425e+01 2.780951855073973533e+01 3.864201123791390913e-01 6.441035371063646986e-01 4.215767171863807228e+00 3.294951091395124365e+01 4.368189833220529339e-01 3.568036749821843490e+00 8.848828515050703558e+00 1.869825236082910125e-01 1.273519633939665385e-01 2.628539361054709200e-01 3.210421215361027425e+00 8.198265170918478395e-01 1.763482598654038336e+00 6.048296040401655027e-01 1.739650472165819861e-01 1.555555555555555580e-01 1.961872694388042127e-01 1.422651238867658874e+00 4.839513358693892653e-01 1.731677046126888797e+01 3.518225141394241362e+00 4.368189833220528784e-01 1.219417525849485262e+00 1.333333333333333315e-01 8.653861615474259139e+00 1.047356342605024082e+01 2.094723892883445870e+01 6.168621835276889342e+00 4.086423346013612901e-01 3.257327149535748312e+00 1.926357341914374643e+01 5.728621878372953447e+00 1.857506305806185365e+00 4.445905068109460068e+00 6.666666666666666574e-02 0.000000000000000000e+00 5.276004107259361087e-01 2.163306483225437837e+00
