1.000000000000000000e+00,4.703348562627983342e-02,7.672927667819609554e-02,-7.927840201924591865e-03,-2.268963511865102964e-03,1.298792380622504350e-01,1.389986854140688177e-01,1.764156887019671660e-01,1.403875058584945212e-01,3.617285612546100593e-02,2.062415241550423842e-02,-3.744707477929328388e-03,2.655782644098038103e-01,2.454701537139707401e-01,5.364072538134594115e-02,2.041275233161565228e-01,1.643867870921033314e-01,1.163909212700762474e-01,2.194151914830697048e-01,-2.677566847240387543e-02,2.328836495492329628e-01,-3.308589451609300625e-02,1.713377715126772893e-01,9.163219548636765410e-02,7.966823114210583312e-02,-1.219024160606217433e-01,1.662173444294056390e-01,-4.780653397932026899e-03,3.645974426521690348e-01,1.131621964974707101e-01,7.129079714725920780e-02,7.310494563322221528e-02,1.342282346143119920e-02,1.664952977661653816e-02,3.757844271331761687e-01,5.973404718080244785e-02,1.211524712633751943e-01,-5.063998311230266669e-02,-2.606974183829533290e-02,1.114438375310149998e-01,8.215433151886936125e-02,1.692666147678931476e-01,7.343701648716577379e-02,7.584271389795307905e-02,1.173386665697064013e-02,1.253170392824201618e-02,1.386229282515498151e-01,1.935366286017384807e-01,7.997270234398652644e-02,2.004625497055957661e-01,-1.764314791668048291e-02,4.594745462248720630e-02,1.924525279300803582e-01,-1.140802576858527574e-02,2.014089555790660735e-01,-1.511534128338479915e-02,1.808692266687202399e-01,7.680428825530262460e-02,5.444664508230548025e-03,-1.088189900837283064e-01,7.934025426009777560e-02,4.646336506990779436e-02,2.649643902544670526e-01,3.118111613678121313e-02,2.109176091924530871e-01,5.507995203418488556e-02,-4.700749795642838319e-02,8.421692198458127776e-02
4.703348562627983342e-02,1.000000000000000000e+00,-2.041726952872089385e-01,2.984991627173455564e-01,2.476259711715585524e-02,1.235851251316377464e-01,-1.973870454398359287e-01,5.612985596852076986e-02,-7.034150711896514085e-02,2.035276895682993914e-01,1.997141750741933397e-01,2.661812798799063629e-01,-1.258700986143183598e-01,-1.225182359212032140e-01,-1.000365132491456005e-01,6.390915716657191714e-02,2.397494691019871615e-01,-1.107026933532231083e-01,1.137128083484282154e-01,2.977076979698529136e-01,2.900896269231909574e-01,2.476279418464904514e-01,3.126149536172813659e-01,-1.817253238804509771e-02,1.948505544908912812e-02,1.914812081759006135e-01,1.576298871974089466e-01,3.055091258134510768e-01,2.336466693685872453e-01,3.039840670624169849e-01,-1.738766083604919022e-01,4.814439444793682660e-02,1.174824636661438854e-01,4.243274929313934907e-01,1.615045834321401086e-01,1.709772045200523838e-01,-2.333714657341929843e-01,2.716725561232081754e-01,4.128157639944985552e-02,1.065136294296269992e-01,-1.937935080989665881e-01,-2.263892198867034286e-02,-6.474105084699589840e-02,1.946892448448006574e-01,9.282696081252581055e-03,2.867084583873699688e-01,-1.633353701035918648e-01,-1.881843073898447627e-01,-1.855798710154128381e-02,1.222291493321216171e-01,3.600585046617091334e-01,-2.769600974043135988e-01,1.764915556891241133e-01,2.466881499732650196e-01,2.339686653137123817e-01,2.214084998570983731e-01,3.257599227409969100e-01,-6.360286319174529579e-02,1.067941753948040418e-01,3.878955324051117440e-03,4.127687932500132689e-02,3.114900083352391547e-01,1.347074367593510402e-01,4.582773499136694184e-01,-1.550242399009040539e-01,-8.174278397753420577e-03,1.137981516241422519e-01,4.622790671963136755e-01
7.672927667819609554e-02,-2.041726952872089385e-01,1.000000000000000000e+00,-1.150428269876086346e-01,-5.595150152639301495e-03,-1.105623228673301324e-02,8.640145048357167346e-01,6.427003725885957475e-02,4.933011979286119897e-01,-2.834930385937403652e-01,2.218502083554638182e-01,-6.780494129821160176e-02,4.257300587551001714e-01,6.198544867204692776e-01,2.382616319402067750e-01,-1.864822717640707284e-02,1.117259918721993095e-01,5.473922702745017688e-01,3.265953164883251825e-01,-1.908688505987798933e-02,-2.030466109435873356e-01,9.344174905064657477e-02,-1.237073414941988470e-01,6.061834636804818155e-01,2.635682650957948403e-01,4.365230029369615572e-01,5.664936825961685019e-01,-4.413930746378523506e-02,-1.329799062717880731e-01,1.938751360766427234e-01,3.597587787701611584e-01,-3.460075879563357520e-02,-6.116856690651080453e-02,-2.549240347991888478e-01,-1.782971428462812313e-01,2.820462731317093658e-02,7.615014379084812379e-01,-1.429303635181733423e-01,-1.126703114590986571e-01,-8.340004767274136754e-02,7.334202329849796032e-01,1.457446639604457472e-01,4.795241427906993814e-01,-2.945843976632343542e-01,2.779463455696893903e-01,-4.250171804133915515e-02,3.137087864495476386e-01,5.898142402204001877e-01,3.268340146320381501e-01,-1.622024900938866254e-01,-1.084598376598204933e-01,6.699699129063362291e-01,4.935355340811297536e-02,3.077565420955937631e-02,-1.536756262206135648e-01,2.917560014180019604e-02,-2.551123334014139821e-01,5.862542571043548589e-01,3.549901734868585179e-02,5.381261122071860914e-01,5.852417870687819379e-01,-1.501528423466565731e-01,-1.355881183584703997e-01,-2.631170497273291886e-01,3.486023605124601854e-01,-1.210902711326497239e-01,-7.332220775023702564e-02,-3.723147022070961154e-01
-7.927840201924591865e-03,2.984991627173455564e-01,-1.150428269876086346e-01,1.000000000000000000e+00,-9.515719983286735628e-02,3.592012304107985443e-01,-4.080750954102695116e-02,1.915805644964506393e-01,-4.555045570734722257e-03,6.280639189661719746e-01,1.604536284730076479e-01,7.643110404401026736e-01,-2.666114617605158665e-01,-1.461753265503919208e-01,-1.733762872229142882e-01,1.050889152346186906e-01,2.125934075422071523e-01,-1.220718918539910880e-01,-3.732114125551997535e-02,7.595256438576308833e-01,3.356412462261248453e-01,3.742898626924744954e-01,4.185969417817098082e-01,2.399828332954421703e-02,-1.101898764984213935e-01,3.020813737250640507e-01,-9.442617592293384154e-02,6.099345266796299958e-01,2.546543328399487605e-01,3.856191454285091136e-01,-1.225261681786144752e-01,1.751887857428400044e-02,1.615931786103442236e-01,3.293385304611640141e-01,1.936101531712114965e-01,1.919255199509840026e-01,-1.108280111746502428e-01,7.984820137773743776e-01,3.466631108987707280e-03,3.430528090080928183e-01,7.955713055801358347e-02,1.612195642788346317e-01,4.558144127778274851e-02,5.916839730924791096e-01,1.555561747424404617e-01,7.391671285977391426e-01,-3.090890452008506761e-01,-1.326596909010022696e-01,8.137173575724528096e-03,1.316577016005401890e-01,4.727083321766664681e-01,-1.335166023576501437e-01,6.706282385580246419e-02,7.320661126905871896e-01,3.141345026039106814e-01,4.753893651181602675e-01,4.261131228449621111e-01,2.295894063149823625e-02,1.904852234729748420e-02,2.377267891904195907e-01,-2.037385565419274486e-02,5.707951370393230528e-01,2.313665785766810534e-01,5.098736866209897522e-01,-1.156931897826004862e-01,-3.202564438202393921e-02,6.496136898152855832e-02,3.780941993464505546e-01
-2.268963511865102964e-03,2.476259711715585524e-02,-5.595150152639301495e-03,-9.515719983286735628e-02,1.000000000000000000e+00,2.540179324312814499e-02,-7.577398641067134219e-03,-1.627993768591977017e-02,-2.420234437704976357e-02,-1.116997120440676450e-01,1.647532662529749281e-02,-8.490319687936803694e-02,4.636490408280680153e-02,4.172439632035394169e-02,8.589165856262019616e-02,-4.368648592445919382e-02,8.676808489269275532e-03,8.664674458254093339e-03,1.538820606087835767e-02,-6.944595061527308877e-02,1.448275695923924127e-03,-5.663342339738264980e-02,-7.151550726324742112e-03,-1.568770312349090229e-02,6.870045296333476825e-02,-3.709008381804883292e-02,3.290114045449197416e-02,-7.648945588670798268e-02,7.231726251987802973e-03,-1.795408617210045299e-02,2.745500330001870992e-02,8.006712019047018680e-02,-1.091989366666224620e-02,-1.568841404757820865e-03,-6.002979490067002905e-03,2.701885513488948981e-02,-1.060792517944945078e-02,-4.840777879959564517e-02,2.871011602115835018e-02,-5.883789461654367198e-02,-3.241635873120608108e-02,-5.696768633787994973e-02,-4.548918878152084788e-03,-1.265459563406048649e-01,5.600229010990337951e-03,-5.020490699814515040e-02,6.832457940175538924e-02,1.749482337859049885e-02,1.557507854102401076e-03,-2.206883957577521552e-02,-1.364585711840442944e-02,1.209974412809876158e-02,4.991159797413403237e-02,-7.252734721521801597e-02,-1.212034841970015481e-03,-3.828158360701913038e-02,-2.748536188903262859e-02,-3.308869006559975179e-02,9.656594259387253631e-02,-3.261070504175745538e-02,3.850752459393413929e-02,-8.749557922378248254e-02,-1.628570018965292202e-02,-2.544853144532863501e-02,-2.076810157759962847e-02,4.157099498544678667e-02,-1.658108231802220278e-02,2.134972002018690682e-02
1.298792380622504350e-01,1.235851251316377464e-01,-1.105623228673301324e-02,3.592012304107985443e-01,2.540179324312814499e-02,1.000000000000000000e+00,1.066020437739221977e-01,3.686932174995777856e-01,4.692173262904475450e-02,3.908270550210556915e-01,9.701565267050450692e-02,3.799296451244748574e-01,-1.119951780040382046e-02,1.598605791594945869e-01,1.277590240197326865e-01,1.679184745640902310e-01,2.172610216715285536e-01,2.940693189819312478e-02,9.450342759702913542e-02,3.259698251179137252e-01,1.656023883879437775e-01,1.094871006662899993e-01,3.107711428351354610e-01,1.347789828743438389e-01,-4.362420341243044425e-02,3.250660629987883743e-02,5.484380951765301798e-02,4.776954524376034183e-01,1.692322745954877028e-01,2.542410803277455056e-01,9.833634134274415323e-03,6.764274847783711964e-02,2.206454905931901078e-02,1.304670640507841206e-01,1.499562272520737205e-01,4.940628565027302410e-02,-9.938603783077133366e-03,3.156835766181963487e-01,2.673450139059011660e-02,4.387750486931234484e-01,5.932284607482127964e-02,2.721996123945258916e-01,4.761808997899796142e-02,3.811560043727608704e-01,7.258518667615928947e-03,3.824787394075596647e-01,-3.015784624884633447e-02,1.871710296424678940e-02,1.882905431615846392e-01,1.895359448586725892e-01,1.795246097052192735e-01,-1.118683891123901930e-01,7.415896029228263853e-02,3.537637575408841273e-01,1.983485298211373482e-01,1.397146865910359470e-01,2.609001579686028860e-01,1.347958564323814556e-01,3.138778426987304249e-02,-2.762842386174101453e-02,-4.218435931434974528e-02,4.626868428056896132e-01,1.130768837997246645e-01,2.158760897573498705e-01,4.529712366910121184e-03,7.186085843100345483e-02,-3.520664590409433581e-02,1.447930285637497316e-01
1.389986854140688177e-01,-1.973870454398359287e-01,8.640145048357167346e-01,-4.080750954102695116e-02,-7.577398641067134219e-03,1.066020437739221977e-01,1.000000000000000000e+00,1.485623963226331279e-01,5.783372598656222330e-01,-1.950228039491356535e-01,2.524971071804226752e-01,1.502673136640977729e-02,4.985798584171275416e-01,7.167070084812389164e-01,2.904984277984801189e-01,6.113362673327393804e-02,8.521951500471991459e-02,5.630027325614394007e-01,3.261136459983342006e-01,2.279602627283404057e-02,-1.445098107934378040e-01,1.585821456240022465e-01,-9.636394133543960128e-02,7.022141139482129812e-01,2.986574817190614795e-01,3.880986865865348467e-01,5.739479543980965381e-01,4.498123136813988315e-02,-6.425448764418913161e-02,2.239007882794855908e-01,4.009861423163011973e-01,-1.484945841458381287e-02,-5.751384694469587749e-02,-2.318174249803631182e-01,-1.087518406303008278e-01,2.598735182770401872e-02,7.090613259926732415e-01,-4.460299574992655780e-02,-8.271586723784701833e-02,4.333081945938607737e-02,7.834535108447611140e-01,2.101105091523894630e-01,5.169847954720581118e-01,-1.938028215864845694e-01,2.668796919828117509e-01,4.779160381215025871e-02,3.754021992783359574e-01,6.500746736561711092e-01,3.934230932784983925e-01,-7.953575237065216297e-02,-9.004966005238032589e-02,6.503150145381426661e-01,8.523840527567513869e-02,8.627113261890204110e-02,-9.140496839276268659e-02,1.122969159342546430e-01,-2.298580198468483105e-01,6.675980793796870705e-01,7.774037583826894082e-02,5.014043242345463947e-01,5.465678455287157345e-01,-5.003262392208460141e-02,-1.066642802232071752e-01,-2.139995008942754684e-01,3.744445415755052742e-01,-1.052420423553368095e-01,-9.997925008055001672e-02,-3.251666330322835474e-01
1.764156887019671660e-01,5.612985596852076986e-02,6.427003725885957475e-02,1.915805644964506393e-01,-1.627993768591977017e-02,3.686932174995777856e-01,1.485623963226331279e-01,1.000000000000000000e+00,-1.034408178641027347e-02,1.385619833461389505e-01,2.440162999979866021e-01,1.945314257020835103e-01,-8.881611827284811161e-03,2.537251831104543887e-01,2.334629938208229380e-02,4.402104756022039850e-02,3.271752652907432557e-01,2.712138199483869472e-01,2.606961609488255838e-01,1.607860533687441029e-01,6.784267524706973085e-02,1.218576760464005204e-01,2.334549668598560335e-01,2.734674543806032629e-02,-9.294994918210272572e-02,1.515663251122655875e-01,4.635186742396499304e-02,4.655251233445482639e-01,9.352189498902310771e-02,4.391761558284490996e-01,-3.267490741396854304e-02,4.974364633990226159e-02,-1.284586862981640376e-02,7.970611649177436475e-02,1.116850274898401885e-01,9.771256492117350034e-02,2.671071759150149202e-02,1.110598967646100055e-01,-1.107571218934975781e-02,2.261387771301167637e-01,1.190054069179195539e-01,4.233542595381009077e-01,-3.402691990249133436e-02,1.290282028609550380e-01,1.893191023267561668e-01,1.619786759481162963e-01,-1.285267477835841110e-01,8.702789839645420911e-02,1.569750657922164561e-01,5.239465824360783897e-02,2.322989848945469227e-01,2.861034411815482556e-02,2.025547032610623133e-01,1.838203733530171247e-01,5.964412958400671511e-02,6.300006876910042852e-02,1.238316710008608018e-01,2.229021485597697250e-02,-1.302324593910144379e-01,4.511407916588386358e-02,-7.406364027729595012e-02,4.484655787433713958e-01,1.001187916638890049e-02,2.780212242280047374e-01,1.705676521438744681e-02,-1.040568503476046319e-02,-5.707556030078707321e-02,5.637140766992328189e-02
1.403875058584945212e-01,-7.034150711896514085e-02,4.933011979286119897e-01,-4.555045570734722257e-03,-2.420234437704976357e-02,4.692173262904475450e-02,5.783372598656222330e-01,-1.034408178641027347e-02,1.000000000000000000e+00,-1.280252871869644038e-01,7.074516793514226687e-02,4.723748819732265930e-02,4.457772426568680224e-01,3.287931061095498708e-01,2.522614234624843688e-01,9.606759558801131194e-02,-1.210876286111907812e-01,1.587787670205301760e-01,4.937372416213971910e-02,8.833192749799599272e-03,-1.030312916487686678e-02,1.860016285028668337e-01,-1.073456189517291159e-01,6.470853990261381528e-01,3.234473290592776440e-01,1.514357700889484570e-01,4.126466940952555063e-01,-5.486066413485893301e-02,7.155395568062825062e-02,-3.115289014519247168e-02,3.032037626361566707e-01,-3.279425033290182118e-02,2.302340897163493438e-02,-1.483736054238344315e-01,8.548839358839767713e-03,-6.432799772347112810e-03,3.562259400583365210e-01,1.772343179563320645e-02,-8.986928764841783934e-02,8.625264037380231397e-02,4.028002532918746881e-01,3.766002894537619911e-02,5.318953989427753770e-01,-9.974154620723461873e-02,-8.591672652680921313e-03,6.804456111716059019e-02,4.053405530166317439e-01,2.852837313544090980e-01,2.957795606367626395e-01,2.081383066945572888e-02,-1.926732146969500903e-01,2.293271068368686882e-01,-7.808827963071662825e-02,5.114581743004692482e-02,2.723903914664824177e-02,1.384385288892078791e-01,-1.053123400644666308e-01,5.997584538055561465e-01,1.688218458106048869e-01,1.906332734280245245e-01,3.655684017593235358e-01,-6.798010592295417043e-02,3.987100940779727404e-02,-2.038437123990325117e-01,2.264181003051249919e-01,-3.164676807788461416e-02,-1.219088131986464929e-02,-1.406089852885596958e-01
3.617285612546100593e-02,2.035276895682993914e-01,-2.834930385937403652e-01,6.280639189661719746e-01,-1.116997120440676450e-01,3.908270550210556915e-01,-1.950228039491356535e-01,1.385619833461389505e-01,-1.280252871869644038e-01,1.000000000000000000e+00,2.253070536529294329e-03,6.112894705394577022e-01,-2.974784212005323614e-01,-2.368504801981452523e-01,-1.928016997617835182e-01,1.718742868621283837e-01,9.916780792087588614e-02,-2.106830578241565832e-01,-1.656906968951173398e-01,6.396473886181197610e-01,3.338489508682143114e-01,2.373049553358787811e-01,4.140225210441338399e-01,-1.692940500160787509e-01,-1.886970365951436690e-01,8.954212055761660849e-02,-2.635961104847325265e-01,5.012519190735746921e-01,2.284633772472658420e-01,2.551110673529504158e-01,-1.785280627308419021e-01,3.070550365645993360e-02,1.085760512587869014e-01,2.297552847582128022e-01,2.197049717943635183e-01,1.105215465019453586e-01,-1.723804896356856131e-01,5.890846035782043577e-01,-2.072337291614786622e-02,3.766473964264972496e-01,-2.089562996976026751e-02,2.007071829697358589e-01,-6.565655196244478409e-02,9.208998000321637623e-01,3.873182967581006303e-02,5.759753725407256164e-01,-3.062032789878975092e-01,-1.775537486169179724e-01,-1.076959831937738810e-01,2.029944006346779961e-01,3.447026759454291933e-01,-2.176247469412821156e-01,-1.921938207791195827e-02,6.343702394140023904e-01,3.596138135015372606e-01,3.189147170270704157e-01,4.569351370735783013e-01,-1.274782471982498222e-01,-3.002839237529005695e-02,5.381501772108053527e-02,-1.777333373093000768e-01,4.970585776015918889e-01,2.312689281986972101e-01,3.983846884615427353e-01,-1.325290065744525458e-01,5.115118365918094184e-02,-2.516234400001098655e-03,2.697731764213781025e-01
2.062415241550423842e-02,1.997141750741933397e-01,2.218502083554638182e-01,1.604536284730076479e-01,1.647532662529749281e-02,9.701565267050450692e-02,2.524971071804226752e-01,2.440162999979866021e-01,7.074516793514226687e-02,2.253070536529294329e-03,1.000000000000000000e+00,1.833366553627004958e-01,1.012032774171734567e-01,2.875945989092766886e-01,2.702865823594941680e-02,1.471598986451744598e-02,3.405083753375596767e-01,4.180738487564690797e-01,4.296768222978344376e-01,1.784600474666325209e-01,5.855131012891950232e-02,2.357225778888167034e-01,1.422127731235508508e-01,1.353596403105000456e-01,6.505558746675611792e-02,3.921280348683102157e-01,2.654529235470392545e-01,2.374739256566034962e-01,3.094051310629736609e-02,4.087351070626800142e-01,1.008646090906074599e-01,7.929273833225891632e-03,4.709211488784977723e-02,2.551042316367773122e-01,5.716299316893928839e-03,2.207940863304329315e-01,1.021474500172750849e-01,1.423018247006930803e-01,4.131169132588904253e-02,1.135912780798328525e-01,1.516236953749797722e-01,1.823363993259986826e-01,7.776628040453165136e-02,-2.000756672219266598e-03,3.976135970839467237e-01,1.949348421261017927e-01,-4.610280687198457794e-02,1.504901818434276894e-01,1.359294380304992278e-01,-1.625270646685915421e-02,3.234586575467937597e-01,2.217959068296765646e-01,3.749763669696608570e-01,1.933883640920487368e-01,-3.269498033839576996e-03,1.959841971988330322e-01,5.663891528679417670e-02,7.290019004394640567e-02,5.092619082178983375e-02,2.605856538368562236e-01,1.497262503529978306e-01,1.956507293703202977e-01,3.903962688584019201e-03,2.759380632790418564e-01,2.649093258249873850e-02,-3.668144568299307878e-02,2.504032168356783161e-02,1.556858767368028695e-01
-3.744707477929328388e-03,2.661812798799063629e-01,-6.780494129821160176e-02,7.643110404401026736e-01,-8.490319687936803694e-02,3.799296451244748574e-01,1.502673136640977729e-02,1.945314257020835103e-01,4.723748819732265930e-02,6.112894705394577022e-01,1.833366553627004958e-01,1.000000000000000000e+00,-1.987154419065784161e-01,-7.117570821643903756e-02,-1.084404819425566907e-01,7.529623648640726419e-02,2.227254759451181843e-01,-7.070749400477192859e-02,4.553971849541892103e-02,7.642275894819243742e-01,2.825958240010077449e-01,3.159104482399066050e-01,3.792648226353070862e-01,6.225254001377145130e-02,-9.506238793499276196e-02,3.082784007122814640e-01,5.124952804824237096e-03,5.984781327641429671e-01,2.096575981107059727e-01,3.724845236590508257e-01,-1.138055905044881716e-01,-6.285813765058544632e-03,1.354926068732832667e-01,2.766050989059111731e-01,1.676996900156050574e-01,1.706207617393638298e-01,-3.954657832256743694e-02,7.024785756777572887e-01,-4.137012168080868258e-04,3.639583780359924581e-01,1.135550890472952212e-01,1.664900991328750468e-01,6.726502613271941045e-02,5.740501234957312571e-01,1.134648351718827858e-01,7.589717370042557976e-01,-2.360350744697365111e-01,-9.278820737769084837e-02,3.045518059247070281e-02,1.074896228289651118e-01,4.268052696988550720e-01,-9.169531279880184516e-02,1.124386952125176198e-01,7.316335961951125899e-01,2.776415513335681040e-01,4.104028510768662485e-01,3.805332758623959921e-01,6.848966492764502201e-02,2.296144789367651068e-02,2.416976690263535343e-01,4.980801781242254894e-02,5.531267808282850362e-01,1.651514381925600905e-01,4.509238015976282377e-01,-9.361818589366420473e-02,9.680864224473607199e-03,4.160268195996353474e-02,3.089280904200880085e-01
2.655782644098038103e-01,-1.258700986143183598e-01,4.257300587551001714e-01,-2.666114617605158665e-01,4.636490408280680153e-02,-1.119951780040382046e-02,4.985798584171275416e-01,-8.881611827284811161e-03,4.457772426568680224e-01,-2.974784212005323614e-01,1.012032774171734567e-01,-1.987154419065784161e-01,1.000000000000000000e+00,4.667791534969350509e-01,3.119912721229886610e-01,1.604089278189577972e-01,-1.550363003190195488e-01,3.640392020558930741e-01,2.090575713827643178e-01,-1.655324260915705947e-01,-1.108281914804365269e-02,-1.156545858633347829e-01,-1.692278963036027428e-01,4.451034879616961315e-01,4.580527789122987858e-01,-1.654967538954672246e-01,4.944483248337880887e-01,-2.938534603283915470e-01,7.580507786061176090e-02,-2.027028462122280605e-01,3.510122424431694199e-01,3.941207556648039512e-02,-1.524235220172954174e-02,-2.301290442688776750e-01,1.096735251411846274e-02,-1.425697439420151903e-02,3.121900545613136568e-01,-2.093491579394037849e-01,-1.707523838233700880e-02,5.531208320890322605e-02,2.130061684231330243e-01,1.527808463497964259e-02,3.241193927016632337e-01,-2.358275899132009079e-01,-1.053821249270544061e-02,-1.280782616933991980e-01,5.971051223136251140e-01,3.707529725604613025e-01,2.984792568381599565e-01,1.183896130365521132e-01,-3.509570575667322334e-01,2.684545403412816333e-01,6.119102943000990363e-02,-1.280522330129044151e-01,3.291707098102965301e-02,-1.659000525592299879e-01,-1.401143337284418144e-01,3.657161997469610681e-01,1.164239362718648002e-01,-1.085197901182286956e-01,3.176484750062509854e-01,-2.581727180606899208e-01,5.396374933455874018e-02,-3.428390599956816498e-01,3.186316498054180824e-01,7.832142058573529630e-02,-2.655997927791520566e-02,-1.926156596311466851e-01
2.454701537139707401e-01,-1.225182359212032140e-01,6.198544867204692776e-01,-1.461753265503919208e-01,4.172439632035394169e-02,1.598605791594945869e-01,7.167070084812389164e-01,2.537251831104543887e-01,3.287931061095498708e-01,-2.368504801981452523e-01,2.875945989092766886e-01,-7.117570821643903756e-02,4.667791534969350509e-01,1.000000000000000000e+00,2.851528115026304988e-01,9.768529357179381312e-02,1.914337237065533992e-01,6.323177717347325810e-01,5.060079402004405980e-01,-7.848692001606454027e-02,-1.176714873224544988e-01,-1.009281912288682685e-02,-6.513785772858260437e-02,4.017470029104407425e-01,2.121386299175574419e-01,1.600369630862261694e-01,4.867391216986844960e-01,1.736990517528382016e-03,-3.560368461778345983e-02,2.405704319147738968e-01,3.496892853141305157e-01,6.902747215123158919e-02,-1.183172140711567510e-01,-1.884222929607859698e-01,-1.078067360951559944e-01,1.713733123594925190e-02,5.483553431939016676e-01,-1.560276706170685701e-01,-3.813921924931801960e-02,4.981000935296328591e-02,5.472757391671433380e-01,2.034293249250150593e-01,2.391121333210475264e-01,-2.244641126008805054e-01,2.330766533714642430e-01,-2.829460572700569568e-02,3.170758305251634712e-01,6.879164995537544458e-01,3.454420923471522298e-01,1.320602537394645337e-02,-3.441421131825089796e-02,5.580685324471102993e-01,2.757673694869195447e-01,-2.234235718078767668e-02,-1.272890053577674929e-01,-4.249767494545390878e-02,-2.019893036418966559e-01,3.798451180872875477e-01,-1.261242018256859485e-02,2.513809363981585054e-01,3.782208099329317230e-01,-5.095582935169307853e-02,-1.492380517605209067e-01,-1.387058859722280768e-01,3.656965024716326007e-01,-3.326315128709741997e-02,-1.501084655858406502e-01,-2.486687188757145117e-01
5.364072538134594115e-02,-1.000365132491456005e-01,2.382616319402067750e-01,-1.733762872229142882e-01,8.589165856262019616e-02,1.277590240197326865e-01,2.904984277984801189e-01,2.334629938208229380e-02,2.522614234624843688e-01,-1.928016997617835182e-01,2.702865823594941680e-02,-1.084404819425566907e-01,3.119912721229886610e-01,2.851528115026304988e-01,1.000000000000000000e+00,7.596122485030298854e-02,-7.898566666507136902e-02,1.403130511691417781e-01,7.211662688552525347e-02,-1.222822915775436808e-01,-3.403837081119907848e-02,-8.147126344861813085e-02,-8.525664554675765894e-02,3.411204438199159639e-01,1.795132382658049808e-01,-8.990622938269182685e-02,2.073824625717756165e-01,-7.885179766719305205e-02,-1.896301559206329439e-03,-1.411940956272377812e-01,1.853656265403900438e-01,-7.827757521450103007e-03,-4.000538114868968514e-02,-1.375146279082050116e-01,-6.682123398231196165e-02,-4.865566803905439081e-02,1.778201595022798065e-01,-1.546353746241125593e-01,-2.444528718337475592e-02,5.723264769803347585e-02,1.530730732125333837e-01,7.929872907605930651e-03,2.318442255974901833e-01,-1.644206158381170679e-01,-5.629164225877186789e-02,-7.501783687658451771e-02,3.637668582562219033e-01,1.584882962155864383e-01,3.378801784153117604e-01,2.167959953249304003e-02,-2.109994333789099730e-01,1.172441119508981916e-01,-1.674823612693388669e-02,-9.614984598170793484e-02,3.989116613362440715e-04,-1.286005604420947801e-01,-6.119438309520031094e-02,3.455903784291509129e-01,6.803743143235174706e-02,-6.813614935345806145e-02,1.395279874286138311e-01,-7.041446377076668317e-02,-2.412097821872396727e-02,-2.101991828196560219e-01,1.206793057868540964e-01,8.665755648503126879e-03,-5.573265621537318998e-02,-1.200459698407771308e-01
2.041275233161565228e-01,6.390915716657191714e-02,-1.864822717640707284e-02,1.050889152346186906e-01,-4.368648592445919382e-02,1.679184745640902310e-01,6.113362673327393804e-02,4.402104756022039850e-02,9.606759558801131194e-02,1.718742868621283837e-01,1.471598986451744598e-02,7.529623648640726419e-02,1.604089278189577972e-01,9.768529357179381312e-02,7.596122485030298854e-02,1.000000000000000000e+00,-1.511189012197862794e-02,2.716042793308744846e-02,-5.791341349986456333e-02,9.105649484592505394e-02,3.947239147997209652e-01,6.992047403790196958e-02,2.813295020962467974e-01,8.224591810563745831e-02,6.000620977651321269e-02,-7.799871925151455332e-02,7.414631022801125571e-02,9.192097390960780878e-02,2.562082462876426603e-01,2.652262863058285278e-02,5.572715431446573220e-02,4.293870979265670268e-02,1.282936483381233450e-01,8.968823982684843987e-02,2.149448720070933072e-01,2.045994613141630808e-02,-3.726559020252873979e-03,1.082023657256210025e-01,5.078925915193057555e-02,2.083381269362455102e-01,3.685097837804172244e-02,1.436519453544791991e-01,8.646424095110036290e-02,2.052132691876770443e-01,-3.253679947823048119e-02,7.807813864009383042e-02,1.107914058972867405e-01,8.288306198234079991e-02,8.348363854086483793e-02,4.098484728471213367e-01,5.897159607461045783e-03,-3.767994445024717282e-02,-5.341668680268074447e-03,7.151922947142040632e-02,3.611327406565806308e-01,7.150906420071950764e-02,3.440482958685812109e-01,7.496311132294705692e-02,1.146588296182752403e-02,-9.296599841570653278e-02,1.308690138788520460e-02,1.477213491349534669e-01,2.976300498333468991e-01,1.054915004035529569e-01,8.161358665124791856e-02,7.681970805968997562e-02,7.448482364194074223e-02,1.208686147076241529e-01
1.643867870921033314e-01,2.397494691019871615e-01,1.117259918721993095e-01,2.125934075422071523e-01,8.676808489269275532e-03,2.172610216715285536e-01,8.521951500471991459e-02,3.271752652907432557e-01,-1.210876286111907812e-01,9.916780792087588614e-02,3.405083753375596767e-01,2.227254759451181843e-01,-1.550363003190195488e-01,1.914337237065533992e-01,-7.898566666507136902e-02,-1.511189012197862794e-02,1.000000000000000000e+00,2.225078428931819285e-01,5.655755205516102002e-01,2.415388790112098227e-01,8.320852590962064810e-02,1.835697621851537231e-01,3.692537079339509587e-01,2.446896001646919200e-03,-1.248686001388288058e-01,4.343246128239990345e-01,2.854899404171620803e-01,4.200289908809551886e-01,1.046559245733756638e-01,6.252985712191598822e-01,-6.591922587314434645e-02,-5.531252983179797515e-03,1.984531367053887427e-02,2.981416033379455377e-01,6.610519420453418726e-02,1.866227785920938631e-01,9.396322136112686407e-02,1.329765810965415906e-01,-5.527474309726537055e-02,8.483058290593561979e-02,6.778159536939636076e-02,1.214833364111973651e-01,-8.615445623535537834e-02,5.559871782097568910e-02,1.970367045880255796e-01,2.318602058458534565e-01,-3.085699216265627709e-01,4.658852912564967474e-02,7.503490540020499311e-02,-4.934912985478267372e-02,4.992011731476932446e-01,4.123748509510538618e-02,3.749998833276010357e-01,2.597681929092253705e-01,4.351334757024618444e-02,1.694980960918268664e-01,2.088541488947426861e-01,-7.308151702984023350e-05,-5.830019167924730544e-02,2.131556025368934459e-01,1.325601948672906483e-01,3.460205801422149285e-01,-3.719857082769401774e-02,3.932236377722996279e-01,-1.366122544163095136e-02,-6.432243620150349117e-02,-1.051979291925575488e-02,2.107285535451341174e-01
1.163909212700762474e-01,-1.107026933532231083e-01,5.473922702745017688e-01,-1.220718918539910880e-01,8.664674458254093339e-03,2.940693189819312478e-02,5.630027325614394007e-01,2.712138199483869472e-01,1.587787670205301760e-01,-2.106830578241565832e-01,4.180738487564690797e-01,-7.070749400477192859e-02,3.640392020558930741e-01,6.323177717347325810e-01,1.403130511691417781e-01,2.716042793308744846e-02,2.225078428931819285e-01,1.000000000000000000e+00,5.478131904047902623e-01,-1.858586762495598177e-02,-1.334171028286899874e-01,1.137005054313031463e-02,-6.397804423366966475e-02,1.326995946851206587e-01,1.176322231296147575e-01,2.181898290417391140e-01,3.480054397066934535e-01,1.237139811547074628e-02,-1.141601599411069118e-01,2.575575514318493298e-01,2.484577102600464271e-01,4.705865646366288318e-02,-6.424225643512229689e-02,-1.131708152929625649e-01,-1.372798368079723996e-01,7.270172515448028450e-02,4.024486236940436057e-01,-1.422227338014761255e-01,6.749245365682265789e-03,3.528063899508390722e-02,3.996609042752579111e-01,3.433266362944769057e-01,1.167844501007695157e-01,-1.867051346630221598e-01,4.354721338115596918e-01,-1.822847938617789751e-02,1.464018840499714813e-01,5.042900084687188533e-01,2.462526790329263304e-01,-5.407075763452066919e-02,3.683946776039415810e-02,6.327628480467863969e-01,3.841203821044081868e-01,2.357159197274328113e-02,-1.488426313389526745e-01,-7.528374072940134665e-02,-1.932889358200477192e-01,9.387232247977124466e-02,-9.518641970979602185e-02,2.610250869150552711e-01,2.159736266773283064e-01,-4.851738358974222454e-02,-1.307928697614490487e-01,-6.838905226389958847e-02,1.931618272442347239e-01,-1.232880262439750921e-02,-6.681459447825552345e-02,-2.132494393892874207e-01
2.194151914830697048e-01,1.137128083484282154e-01,3.265953164883251825e-01,-3.732114125551997535e-02,1.538820606087835767e-02,9.450342759702913542e-02,3.261136459983342006e-01,2.606961609488255838e-01,4.937372416213971910e-02,-1.656906968951173398e-01,4.296768222978344376e-01,4.553971849541892103e-02,2.090575713827643178e-01,5.060079402004405980e-01,7.211662688552525347e-02,-5.791341349986456333e-02,5.655755205516102002e-01,5.478131904047902623e-01,1.000000000000000000e+00,7.933726302656382567e-02,-1.013985342211770890e-01,2.277526197232764005e-02,6.404647837292858081e-02,1.169410082863626410e-01,7.059872311800018119e-02,2.714259028880435798e-01,4.817668131396453113e-01,1.191648508871064327e-01,-4.574620198898685097e-02,4.135196509076986549e-01,1.187058016753941014e-01,1.277908035670762520e-02,-7.896657086883643317e-02,8.610436720471603689e-02,-7.426306608340241255e-02,1.414807352412028318e-01,2.654586768333869196e-01,-8.629988541542307767e-02,-1.361149536095429199e-02,-6.723360169013588121e-03,1.641270955814004562e-01,7.330386072023831190e-02,-2.942584393345160088e-02,-1.656726262465469945e-01,2.525592777739760764e-01,8.306169723984672959e-02,1.242793574721985650e-02,3.123173976819229036e-01,1.672067252270899029e-01,-8.838404991881165795e-02,2.614201986125622712e-01,3.215058813997374587e-01,5.836730912490972756e-01,1.036276705029758743e-01,-1.119773691634711049e-01,-3.310344487895794385e-02,-7.727684762171448118e-02,6.615919266698837287e-02,-3.594165527454982328e-02,1.508094396223934597e-01,2.569737477163356876e-01,6.295793847903234652e-02,-2.021313436347326742e-01,1.008300537432658128e-01,1.859811576851083947e-01,-1.160843154434948281e-02,-4.725161656365619439e-02,-5.607352988691798696e-04
-2.677566847240387543e-02,2.977076979698529136e-01,-1.908688505987798933e-02,7.595256438576308833e-01,-6.944595061527308877e-02,3.259698251179137252e-01,2.279602627283404057e-02,1.607860533687441029e-01,8.833192749799599272e-03,6.396473886181197610e-01,1.784600474666325209e-01,7.642275894819243742e-01,-1.655324260915705947e-01,-7.848692001606454027e-02,-1.222822915775436808e-01,9.105649484592505394e-02,2.415388790112098227e-01,-1.858586762495598177e-02,7.933726302656382567e-02,1.000000000000000000e+00,3.502532428270089815e-01,2.813448436302777855e-01,4.297951922289262594e-01,1.754878833779791036e-02,-7.324001561329965271e-02,3.090150451661711206e-01,5.913913545956327872e-02,5.265635159108007501e-01,1.991104535641105566e-01,3.837425861131929516e-01,-1.457506386677690502e-01,-1.279614141038890951e-04,1.714867308677449909e-01,3.150953666927987507e-01,9.472788653936335679e-02,2.009768183328605184e-01,2.798952194172860813e-02,6.938059583511384520e-01,-1.393023082587518599e-02,2.891392649756732158e-01,1.355634548695442421e-01,1.432467181210887730e-01,6.525237602130451453e-02,5.972524022683063372e-01,1.764700240524870734e-01,7.538397411986167418e-01,-2.516056391140466530e-01,-5.821747442126066346e-02,4.040564585446627249e-02,7.134624180700585572e-02,4.144259683967030372e-01,-2.558200923719217146e-02,1.143130833858246598e-01,8.397208099349086075e-01,3.320047705482402356e-01,3.670570574236276529e-01,4.280683492234720333e-01,3.115596650359489864e-02,1.614734519699947274e-02,2.571286773023940819e-01,1.416417495492297285e-01,4.653887686601434481e-01,1.637394896376748177e-01,4.178228122534035638e-01,-6.533344907148375125e-02,2.508642126015485536e-03,7.982272543116801511e-02,3.267869457066956973e-01
2.328836495492329628e-01,2.900896269231909574e-01,-2.030466109435873356e-01,3.356412462261248453e-01,1.448275695923924127e-03,1.656023883879437775e-01,-1.445098107934378040e-01,6.784267524706973085e-02,-1.030312916487686678e-02,3.338489508682143114e-01,5.855131012891950232e-02,2.825958240010077449e-01,-1.108281914804365269e-02,-1.176714873224544988e-01,-3.403837081119907848e-02,3.947239147997209652e-01,8.320852590962064810e-02,-1.334171028286899874e-01,-1.013985342211770890e-01,3.502532428270089815e-01,1.000000000000000000e+00,1.631968460055046033e-01,6.188552801888151933e-01,-2.716118870166930183e-02,5.403834245926492086e-02,-3.765855281290770434e-03,2.404080742789496336e-02,2.389512080234363345e-01,4.989062956068802124e-01,2.234153434279452788e-01,-8.034936331107962737e-02,4.426474325184899528e-02,3.055188339673644560e-01,4.309651637935403290e-01,3.397490591315072694e-01,1.480644352723801682e-01,-1.554511416986041894e-01,3.393922410980366733e-01,5.758106075944893071e-02,2.244365822175714842e-01,-1.050883877608157213e-01,1.105238904119388438e-01,3.465376135702839117e-02,3.465448562967992086e-01,-9.174185251634712698e-03,2.992045160324211528e-01,-5.338280056160357029e-02,-7.636962286324627813e-02,8.088102497082333420e-02,4.007024810147248317e-01,2.451581020611763861e-01,-2.033201469933177963e-01,7.263495999762600852e-02,2.650725639580117088e-01,7.389609098289398048e-01,2.152063778338367539e-01,6.911873650672164526e-01,-4.953065697574497023e-02,5.265166191504259269e-02,-9.122714748738001977e-02,3.974060055176655004e-02,3.467475010409510339e-01,5.275137450915718951e-01,4.422414202262867633e-01,-4.516954030134457537e-02,5.319461890352712025e-02,1.882214831491138551e-01,5.151643731359395462e-01
-3.308589451609300625e-02,2.476279418464904514e-01,9.344174905064657477e-02,3.742898626924744954e-01,-5.663342339738264980e-02,1.094871006662899993e-01,1.585821456240022465e-01,1.218576760464005204e-01,1.860016285028668337e-01,2.373049553358787811e-01,2.357225778888167034e-01,3.159104482399066050e-01,-1.156545858633347829e-01,-1.009281912288682685e-02,-8.147126344861813085e-02,6.992047403790196958e-02,1.835697621851537231e-01,1.137005054313031463e-02,2.277526197232764005e-02,2.813448436302777855e-01,1.631968460055046033e-01,1.000000000000000000e+00,2.079871743958186525e-01,2.671288112758878341e-01,4.360278833473218291e-02,4.758725010918292142e-01,1.425675043743612758e-01,3.587164667472608204e-01,1.637517730898560286e-01,3.903344739755704174e-01,1.462439025527655784e-02,6.284261402830570303e-03,1.130156809444114729e-01,2.752395620823330225e-01,9.048762803862650528e-02,2.274756827122676461e-01,-8.161588206828074288e-02,3.721302845721963792e-01,-3.441789956709661452e-02,1.405756671898443777e-01,1.388358932066739715e-01,1.226082676071939409e-01,2.140174685509906582e-01,2.069009074274654747e-01,1.412716984227597172e-01,3.014663037925788269e-01,-1.976370988980157284e-01,-7.188903132969916288e-02,1.244669441193943168e-02,3.254458798584120016e-02,3.553809816001511357e-01,-5.754098159920013889e-02,7.107399902016915683e-02,3.063089751807019923e-01,9.320941180591592323e-02,5.033893167363248100e-01,1.595372560365199421e-01,1.911784719150615708e-01,1.040423339863439933e-01,3.214330609373589609e-01,7.838373094858998302e-02,3.358749078417595513e-01,1.014096486279771753e-01,4.040703799136178831e-01,-1.430917988679309971e-01,-8.732746109653327649e-02,6.529090410196318472e-02,2.660505662955910400e-01
1.713377715126772893e-01,3.126149536172813659e-01,-1.237073414941988470e-01,4.185969417817098082e-01,-7.151550726324742112e-03,3.107711428351354610e-01,-9.636394133543960128e-02,2.334549668598560335e-01,-1.073456189517291159e-01,4.140225210441338399e-01,1.422127731235508508e-01,3.792648226353070862e-01,-1.692278963036027428e-01,-6.513785772858260437e-02,-8.525664554675765894e-02,2.813295020962467974e-01,3.692537079339509587e-01,-6.397804423366966475e-02,6.404647837292858081e-02,4.297951922289262594e-01,6.188552801888151933e-01,2.079871743958186525e-01,1.000000000000000000e+00,-6.499129142098480916e-02,-9.518430729646297495e-02,2.102760557532449004e-01,7.395619783819748494e-02,5.312928346986993677e-01,3.742933820873430295e-01,4.876346132477629158e-01,-1.161433776170566062e-01,1.558757998501433643e-02,2.122880795455536762e-01,4.362148209400132370e-01,2.437507225224223584e-01,1.794550316005164570e-01,-5.425488322595170554e-02,3.515381474166710540e-01,2.478870378733189633e-02,2.500420068227279802e-01,-1.877126054638766223e-02,2.093981910372235689e-01,-2.076090008942956672e-02,4.014010798976271333e-01,9.280362961809894562e-02,3.794040592166774695e-01,-2.373202071818016068e-01,-8.959663842441724368e-02,5.995477418121524654e-02,2.769762345903024059e-01,3.930235204074042366e-01,-1.903221739312855043e-01,6.251312829079908040e-02,4.098022507259206915e-01,5.606896661993386877e-01,2.486528700758912080e-01,7.099397893731997922e-01,-4.102334883349394168e-02,-4.988581346318123749e-02,4.267698450064787846e-02,6.408106121453280291e-02,5.246167366894949335e-01,3.306344109198381398e-01,5.179069663476054686e-01,-5.537760943218029280e-02,2.030379172085365960e-02,7.854264199957493309e-02,4.411113372046287506e-01
