1.000000000000000000e+00,-7.416751045130873243e-02,3.175726733932928703e-01,1.861500102024601921e-01,1.413138566775332394e-01,4.325581365579186377e-01,4.697570844606614449e-01,3.383222609429891170e-01,1.165708661646960298e-01,2.405205947903503172e-01,5.034077913855205394e-02,1.218105841310521825e-01,5.137812254586711369e-02,6.013441420002120230e-01,1.501918175331114769e-01,1.479012548013629857e-01,2.772353723457200991e-01,2.112733164038533562e-01,3.977504313444627515e-01,-6.131590625154257485e-02,1.526916754085080041e-01,1.211481983399889141e-02,1.733641521687602216e-01,1.208990954959156539e-01,4.807922051494523813e-02,-1.292175884286323080e-02,1.286234143721549095e-01,-2.925978068562460135e-02,7.196316613547816265e-01,1.505518216748211180e-01,6.044550216866299147e-02,1.758918111466630518e-01,5.456997724443232028e-02,1.195003933326441448e-01,7.279503494929044916e-01,-4.645534593306954729e-02,3.064723933309105863e-01,1.606281334998755084e-01,7.747303383039186309e-02,4.523553091452023889e-01,3.532124184491537422e-01,3.480939127204817907e-01,1.163610775333960706e-01,2.618404639137872914e-01,4.962797078497914460e-02,1.308982203130621136e-01,1.369046880820682377e-01,6.158092766884089020e-01,1.400523809510398343e-01,1.391420121440895552e-01,3.883861861167416940e-01,2.259023080230037894e-01,4.247481433457868105e-01,-5.781908281017256179e-02,2.231882874910143810e-01,9.030912793257378501e-02,2.732662135339432030e-01,1.689740459199022826e-01,1.354367338010550870e-02,8.386275287977404402e-02,1.927741911860811341e-01,3.876456478707605152e-02,6.299819812703645328e-01,6.721708300629535005e-02,8.795702485249513869e-02,2.413890412948616337e-01,6.907237905129925970e-02,1.644770648730917995e-01
-7.416751045130873243e-02,1.000000000000000000e+00,2.768059879799240064e-01,2.838674397447137343e-01,8.272795023096081446e-02,3.873892177776946943e-02,3.117186298355189428e-02,1.213314735462517197e-01,1.900595276640760500e-01,9.345636712597960027e-02,1.266045624870904551e-01,2.606244095604641209e-01,9.560050003781578321e-02,-5.974480016119609015e-03,-4.560420881719005025e-03,2.739699170761419889e-01,3.330500792050121728e-01,5.852738990403235503e-02,1.380198282392604281e-01,3.369039591006600665e-01,2.653862726633552938e-01,4.432544934615784693e-01,3.233853678844821333e-01,3.074188181245017804e-01,3.265064832451794463e-01,5.008860372501260372e-01,4.917854639241706072e-01,3.967566025420006248e-01,5.416852545074233444e-02,4.502037283002344736e-01,5.180149454572872264e-02,-2.566917431994899645e-03,3.752515730920901182e-01,4.216839906899750301e-01,-1.290596502518760735e-01,4.721633046049191207e-01,1.514895448703492409e-01,2.485192861607331549e-01,-3.228235241687115592e-02,-8.534150068074876361e-02,5.210568441200671280e-02,3.237999338619082512e-02,1.436810547225205736e-01,7.820156421197728414e-02,2.638378888437817871e-01,2.246727826304988629e-01,8.610234882748925289e-02,-7.564657755932872873e-02,-7.140136542811706399e-02,2.954725655829532061e-01,2.474211898095156625e-01,2.361390913906175667e-03,2.090745070362289293e-01,3.286051606241613410e-01,2.115538135547223864e-01,4.134987992987612659e-01,2.299226985886187735e-01,2.490860643822459530e-01,2.511434308103527302e-01,3.878854961812357449e-01,3.524044451883396878e-01,3.451390328079008141e-01,7.986984758046897226e-02,3.269352423500585525e-01,-1.043915495180771369e-01,-4.870087164651520223e-02,3.223666341712346228e-01,3.807778055977663612e-01
3.175726733932928703e-01,2.768059879799240064e-01,1.000000000000000000e+00,2.877868144261030992e-01,1.952959218631496185e-01,3.724643469545543262e-01,7.109335534622805985e-01,4.313618905519396862e-01,3.643079758575890059e-01,1.920617673208231402e-01,2.279122170910169443e-01,2.917452786098279627e-01,3.037386652080104610e-01,5.683227902102919726e-01,2.139047685191100834e-01,3.794830052123539521e-01,4.983333286397592099e-01,5.350438836178325053e-01,6.277238273850129779e-01,2.221523688406442931e-01,3.971976272615076464e-01,4.225843467692513844e-01,3.932689299585102050e-01,5.145321158413104223e-01,4.157364442627843881e-01,5.424660506347107614e-01,6.867182575544047429e-01,3.474442254074228131e-01,3.261808056259078992e-01,4.855590888462494314e-01,2.193182758285424361e-01,1.711913435566383979e-01,2.526623862992400937e-01,3.316770998698595485e-01,3.099630178744320896e-01,2.615014588521514804e-01,7.423495200635749081e-01,2.762560582464798076e-01,2.238126965116737574e-02,2.692050974940985442e-01,5.906451361846815074e-01,2.794602469272617906e-01,3.704315143429487978e-01,1.704552494349055869e-01,3.308450716597027275e-01,2.114378357134280850e-01,3.454475388128533941e-01,4.115165080882380866e-01,1.199791462698435313e-01,3.774464749042178435e-01,5.350099466868298848e-01,5.299214278836710257e-01,5.986568098683471284e-01,1.966201835579998169e-01,4.118724261634957862e-01,4.013553640401179567e-01,4.702706110609754520e-01,5.105501840758154275e-01,2.666333059517601023e-01,5.858526244357757928e-01,6.632326468594397229e-01,3.467900141242746259e-01,3.848513384262149395e-01,2.868114431290968436e-01,7.217274323858247076e-02,4.544842706980961600e-02,2.984284751718124240e-01,3.672440451358776059e-01
1.861500102024601921e-01,2.838674397447137343e-01,2.877868144261030992e-01,1.000000000000000000e+00,8.960371536089141442e-02,3.452099305543094299e-01,3.051872695582306116e-01,3.315911857171580657e-01,2.967698967828360512e-01,4.059058830077049707e-01,-4.727341309917093559e-02,7.490471465553860675e-01,4.146475254265250508e-03,1.270921340424484292e-01,1.052789574987701982e-01,4.453786547323468348e-01,1.820944390446103678e-01,1.417785249091316757e-01,8.462378094529626749e-02,7.304796222905519665e-01,4.780329300749441845e-01,4.229456028191340144e-01,4.843661943375183743e-01,3.445741182273840963e-01,1.620446901229024295e-01,1.916998833974160876e-01,3.089174171313046613e-01,5.634691254847959963e-01,3.039914643876402423e-01,3.612124878926918359e-01,8.714030491585078586e-02,-3.898632724060639709e-02,4.742593759265171793e-01,4.206326442133788701e-01,1.245609291961003451e-01,2.942702082697284394e-01,3.085237080781644270e-01,9.057224373887260427e-01,6.260698707521009099e-02,2.880544118765452355e-01,2.897981129089357011e-01,3.306774456803141526e-01,3.166341312125781626e-01,4.931006494627976355e-01,1.604084283620181295e-01,7.469676107449924052e-01,3.982814480442092159e-02,2.481937384971141802e-01,-3.309042626754257060e-02,4.529706126133064004e-01,2.575171380903059082e-01,1.238068305453945694e-01,1.805949499681938630e-01,7.115435619864249883e-01,4.871259081446095984e-01,4.660995714760398645e-01,4.550938535187069589e-01,4.097179869261572960e-01,1.012212767794439527e-01,2.073343669736401607e-01,2.522770287309672455e-01,5.967450964018240489e-01,3.343039505794792032e-01,3.866051391938565285e-01,2.657435743712393411e-02,5.406061554506905176e-02,4.771060299930347526e-01,4.484328728369055828e-01
1.413138566775332394e-01,8.272795023096081446e-02,1.952959218631496185e-01,8.960371536089141442e-02,1.000000000000000000e+00,1.923245534002317181e-01,1.544333844462667804e-01,1.906142324948044420e-01,1.377086800447136460e-02,5.632282998495573983e-02,6.747096661209354973e-02,3.883317168142153691e-02,5.258244749733844564e-02,1.781133097918757846e-01,1.113381422013800109e-01,8.538755225498599610e-02,1.916161127994259472e-01,1.723852903255443658e-01,1.786674421544240665e-01,1.181166883549916377e-02,6.547690201507178065e-02,2.664719920271459153e-02,1.218989091696367350e-01,3.529375309953664691e-02,5.198290743931668900e-02,1.192822943036204730e-01,1.728244968826276040e-01,5.671769611666360733e-02,1.854072675630000222e-01,9.008918426650526501e-02,5.935559798130101046e-03,1.405376046102268239e-01,-1.850816002344284408e-02,5.948062223849843316e-02,1.765910841961432221e-01,1.688106241327138810e-02,1.642016070095915492e-01,6.304063445725829884e-02,5.530671557173303526e-02,8.647978852038894215e-02,8.294689154016446353e-02,9.286706010060251371e-02,-1.358209298902668914e-02,-1.382874868285029375e-02,6.333419347459645632e-02,-1.413604824844410818e-03,5.593452634802010409e-02,1.193797726917631974e-01,3.310286786589893698e-02,6.458440306871238157e-02,2.010939861141728124e-01,1.332247430597961191e-01,2.407492864108670971e-01,-2.505369342118035636e-02,8.243512720407977779e-02,5.971219612948402977e-02,1.503639914473237915e-01,3.390176256193417476e-02,2.187154824372552347e-02,1.125976636566097117e-01,1.616577263907890138e-01,5.660174042384882170e-02,1.883322334901801343e-01,3.975370490369882492e-02,-4.265008695164686919e-02,5.447082675506491334e-02,-4.838858759491027062e-02,6.339266436656802728e-02
4.325581365579186377e-01,3.873892177776946943e-02,3.724643469545543262e-01,3.452099305543094299e-01,1.923245534002317181e-01,1.000000000000000000e+00,6.151595331300439007e-01,6.267889250222725694e-01,2.318019192311614463e-01,6.178615694078820608e-01,1.092430123030319472e-01,4.432174608772537217e-01,9.746142470781914147e-02,4.177376078991793529e-01,3.325622613439652153e-01,2.272395383446158268e-01,1.344580553958074076e-01,3.290180145171823778e-01,2.322535962319042246e-01,2.099167411287136131e-01,2.006555980716282495e-01,1.433873042055078817e-01,1.828744700445646409e-01,1.709232100075236960e-01,1.227014715000958461e-01,-7.325848191159578873e-03,1.075156103341330938e-01,2.350006741537326305e-01,4.735763906935862022e-01,9.177308290376452737e-02,1.159474217335212595e-02,1.277937039984848311e-01,1.629505945589367899e-01,1.702443254634576353e-01,3.887381985857328304e-01,3.982853120115598111e-02,3.624377044617851928e-01,3.380103550088583431e-01,1.141249292626402151e-01,7.076250776669196219e-01,4.804832636050850314e-01,4.966507269336598585e-01,3.135008903273337477e-01,6.178604331769855795e-01,1.847979101682310499e-01,4.247329161648557005e-01,2.174607272137920044e-01,4.862861260940336550e-01,2.000257643934603979e-01,1.706868212020039299e-01,2.805964949840000222e-01,3.301088351562294076e-01,3.613623120496898822e-01,1.814021785646890705e-01,2.518075931088316621e-01,2.093053714684449118e-01,2.427281869047554497e-01,2.799343147723526992e-01,1.068432865259000414e-01,1.310951198318306976e-01,1.726107291860508874e-01,2.541745103715018494e-01,4.173251168444173098e-01,8.582182477647459784e-02,5.333179589446619684e-02,1.613394499347013400e-01,1.954896142421238270e-01,1.511804950768237121e-01
4.697570844606614449e-01,3.117186298355189428e-02,7.109335534622805985e-01,3.051872695582306116e-01,1.544333844462667804e-01,6.151595331300439007e-01,1.000000000000000000e+00,5.652893151714374342e-01,4.547585482744743168e-01,4.805371129153311882e-01,1.708506561846296068e-01,3.771347920279153887e-01,3.181610636261658631e-01,7.332234398151266097e-01,3.366772968122360155e-01,3.124987193942548869e-01,1.662191627280941442e-01,6.037593858962959636e-01,4.573237959016477894e-01,1.479573914446812022e-01,2.765159899029074886e-01,3.123294685163024997e-01,1.805919310273130518e-01,5.488950163044551411e-01,3.284432888251570537e-01,1.884620680245416013e-01,4.089033888870604039e-01,2.111784744887519882e-01,4.070654200238239540e-01,1.982807660004763106e-01,2.116741176903739474e-01,2.169854810860422645e-01,1.829743672126294685e-01,1.293654307526599934e-01,3.965889804043767897e-01,3.737688225399291020e-02,6.882705697171588310e-01,3.123215382171491417e-01,1.391416681712872860e-01,5.332605692943578335e-01,7.871092267056950531e-01,4.662651791382482203e-01,5.600912412800771456e-01,4.798348173029937103e-01,2.450256977062303942e-01,3.197045333763088304e-01,4.200841282598909987e-01,6.452305121388697273e-01,2.056409348363752443e-01,2.521558694657769495e-01,2.952676802528125810e-01,6.338749748311263144e-01,4.281694675068565270e-01,1.457242319261218833e-01,3.392135424328904247e-01,3.487877675739061711e-01,3.073009353194574023e-01,6.098261729823011290e-01,2.465987575874411808e-01,3.977137721876637944e-01,4.981185021867911566e-01,2.515091722113390049e-01,4.178629100486291326e-01,9.309461153613889095e-02,2.099435130570571628e-01,1.719271551623463568e-01,2.476882262399486834e-01,1.659969517893457869e-01
3.383222609429891170e-01,1.213314735462517197e-01,4.313618905519396862e-01,3.315911857171580657e-01,1.906142324948044420e-01,6.267889250222725694e-01,5.652893151714374342e-01,1.000000000000000000e+00,1.108345683954990585e-01,4.450451006069806592e-01,7.981050268173740803e-02,3.157429107262628154e-01,9.167991370913420104e-03,3.445899486530112354e-01,2.405258898325284278e-01,2.152640598309323583e-01,2.298776155694159662e-01,3.941725020506157695e-01,2.629853480310078706e-01,2.090210583152510293e-01,1.945242076740993642e-01,2.046847597466758262e-01,2.294449181909203606e-01,1.028632573551683665e-01,2.146221066532112698e-02,1.423665118337617552e-01,1.457343928595184746e-01,3.797317907603602882e-01,3.964404204350066574e-01,3.194380186894746343e-01,2.487407797667432266e-02,1.156127481100038962e-01,2.119054628801879392e-01,2.724822207100643379e-01,2.761675859951360223e-01,7.221501117250658797e-02,3.726909011964474883e-01,3.150447146345395355e-01,1.296811650584686615e-01,4.455326243922568819e-01,4.137453221322683894e-01,5.173780431863521656e-01,1.730425393680276869e-01,4.406388931682556631e-01,1.142891962742365181e-01,2.891410636839675807e-01,3.823727831945195749e-02,3.617660554817276330e-01,8.181758315581637298e-02,1.481805877807383653e-01,2.787063260417753652e-01,2.611865623830458283e-01,3.427672089052200555e-01,1.746898332491302608e-01,2.324818629649120505e-01,1.972489351731484541e-01,2.516698743763869928e-01,1.567145314604826978e-01,3.950972507645465238e-03,1.642116318205339709e-01,1.028260879849471898e-01,3.314696587521964721e-01,3.819244697018957524e-01,2.236044019605514244e-01,-4.348166051943214150e-02,1.079568348916702392e-01,2.547710611372865919e-01,2.189880113363084357e-01
1.165708661646960298e-01,1.900595276640760500e-01,3.643079758575890059e-01,2.967698967828360512e-01,1.377086800447136460e-02,2.318019192311614463e-01,4.547585482744743168e-01,1.108345683954990585e-01,1.000000000000000000e+00,1.964612820326364084e-01,1.458315297202380789e-01,3.952212141851454974e-01,4.565372537463402991e-01,3.440304041209208408e-01,2.825354223492216876e-01,3.367559163919912613e-01,-3.560405678486334990e-02,2.960571463967400785e-01,1.353248164316737112e-01,2.902643126759820724e-01,3.372332781588196493e-01,4.497725830272977232e-01,2.013079340665013817e-01,7.460965207199866667e-01,5.340787605319395892e-01,1.857263514740971899e-01,4.306951641667481345e-01,1.881651933267076693e-01,1.205430979364509464e-01,1.629631199577757650e-01,1.951032114863571754e-01,7.841729239421546538e-02,2.999510053050800096e-01,2.119434461271104964e-01,5.385512036860407026e-02,2.008910598665348546e-01,3.286109113472210908e-01,2.779353419982913964e-01,4.523766624762130405e-04,1.859938682651990083e-01,3.957721060556078641e-01,2.001532863554157660e-01,6.672151411234840124e-01,2.102935250315209337e-01,2.545228095776681521e-01,3.399654621774648167e-01,4.889446382296905314e-01,2.608777713562900336e-01,2.037288611690078743e-01,3.230737236779575028e-01,4.167074692214133014e-02,2.946531768564514819e-01,1.023106412675972438e-01,3.094230891135177908e-01,3.489655701338770788e-01,4.997243648361868740e-01,2.528627806108901255e-01,6.692903015490964114e-01,4.543954482198068190e-01,2.831231642357568412e-01,4.460997629705272249e-01,2.409120599357034431e-01,1.844376332218647663e-01,1.694416680862973756e-01,1.132261758994024675e-01,6.109408225770119466e-02,2.899704091361436920e-01,2.310355218812286671e-01
2.405205947903503172e-01,9.345636712597960027e-02,1.920617673208231402e-01,4.059058830077049707e-01,5.632282998495573983e-02,6.178615694078820608e-01,4.805371129153311882e-01,4.450451006069806592e-01,1.964612820326364084e-01,1.000000000000000000e+00,1.624223959949365748e-01,4.940304608674395692e-01,4.697512643837902652e-02,2.484498333348943988e-01,1.640978544589869470e-01,1.002790592652061663e-01,5.090618837156277339e-03,2.070225027241699989e-01,1.001172253004348200e-01,2.877878050334254922e-01,3.704561690860692924e-02,1.863343039676139401e-01,2.121595074364424766e-02,1.262431121225579267e-01,1.546653616678806131e-01,8.591821112014874640e-02,4.245035424812807628e-02,1.428653005924546970e-01,2.857545658288137003e-01,4.883193723725461066e-02,-5.093708108974193127e-02,-2.517740252242682900e-02,2.359607930208191262e-01,1.187554344564205056e-01,1.186290228259402890e-01,7.913736708121535401e-02,2.464034160318835376e-01,3.806035977298031225e-01,9.050869456775181843e-02,4.623914120633586533e-01,3.871827826704949960e-01,3.498961292235290843e-01,3.413670766735066309e-01,8.889983187973942158e-01,2.165264533777843670e-01,4.864649075939652123e-01,8.542763589329631368e-02,2.802882662693238491e-01,6.890154711222951089e-02,4.778258862427758880e-02,6.481441833026768684e-02,2.351223880380779729e-01,8.172552776444839961e-02,2.308972772586679323e-01,8.422853847395582461e-02,2.016540133506321553e-01,3.838990435010809776e-02,2.110189203396442004e-01,1.545653448270487007e-01,1.653739748297607948e-01,7.213866895035978000e-02,1.654981811205532838e-01,2.151419588537401006e-01,-2.726850696175364339e-02,-6.692227552377205679e-02,6.169190903452848040e-02,2.562732531275797032e-01,5.090469598855983796e-02
5.034077913855205394e-02,1.266045624870904551e-01,2.279122170910169443e-01,-4.727341309917093559e-02,6.747096661209354973e-02,1.092430123030319472e-01,1.708506561846296068e-01,7.981050268173740803e-02,1.458315297202380789e-01,1.624223959949365748e-01,1.000000000000000000e+00,2.949823834300134909e-02,3.053174369234231689e-01,1.900196265615388680e-01,8.585846492070729752e-02,-1.095457298233544208e-01,1.386445381562312062e-01,3.312557136780200917e-01,3.612006593618030115e-01,-2.211938938677398062e-02,-1.719621953497181277e-01,1.933233284774347749e-01,-2.109999031494850519e-01,1.624794551960299371e-01,3.757258346978836205e-01,3.675201617202373816e-01,2.411021185026261948e-01,-1.235296789929534733e-01,2.392137871031733976e-02,4.828624435451937119e-02,1.086943205582012323e-01,1.279783833474141819e-01,-4.612304298649820555e-02,4.670519094021795270e-02,-7.620259799622371155e-02,1.198543794201884921e-01,4.046509992460473742e-02,-8.421028991000487074e-02,-8.315880570867123511e-02,-4.491430489313877859e-03,-3.175051168297116089e-02,-1.414837658454303482e-01,8.141136901275049242e-02,3.802140913171681708e-02,2.643909176621551116e-01,-3.183470939049280746e-02,1.672549306937948788e-01,-1.252545418349365336e-01,1.176910071125231681e-02,-1.239049545992058077e-01,-2.378799815183018154e-02,1.227678107316556438e-01,7.458249276305120579e-02,-7.582672254590304417e-02,-1.396838328776322802e-01,3.436705119751938542e-02,-1.647063507087914158e-01,-6.612868616011283694e-03,3.096696305871573518e-01,2.711535564034883161e-01,1.618331660964560104e-01,-1.938092281949610196e-01,-4.518350308770258811e-02,-2.004425760472900719e-01,-2.061562634800822025e-01,-2.152466801507298480e-02,-5.594934445862289468e-02,-7.997413145927780020e-02
1.218105841310521825e-01,2.606244095604641209e-01,2.917452786098279627e-01,7.490471465553860675e-01,3.883317168142153691e-02,4.432174608772537217e-01,3.771347920279153887e-01,3.157429107262628154e-01,3.952212141851454974e-01,4.940304608674395692e-01,2.949823834300134909e-02,1.000000000000000000e+00,9.804430711753339689e-02,1.586730529261051181e-01,1.761361859328556267e-01,4.272184266300014799e-01,1.088693864862103483e-01,2.410356905457183840e-01,1.159323197563890129e-01,7.918120662992231829e-01,4.322306293734754501e-01,4.418472189747827406e-01,3.756568482525471375e-01,4.284139362363306169e-01,2.549438486343562627e-01,1.749581836763722809e-01,3.138168830867616999e-01,5.307611363424835638e-01,1.944132877690315786e-01,3.488079637603099803e-01,4.752434951537798380e-02,-3.101493357270648094e-02,5.258557748099209617e-01,4.506368731020006790e-01,-1.340583669741933145e-03,3.281863326966196204e-01,2.968021007481196349e-01,7.457202945381860015e-01,3.685253779300948218e-02,4.000966282958947073e-01,3.410254743748291073e-01,3.351067061032843020e-01,4.329193098747931012e-01,6.125889304139581215e-01,2.395903993848765567e-01,8.938568485839518685e-01,1.614016461415918591e-01,2.343892915123395315e-01,-7.459399270677976798e-03,4.230052767227533428e-01,1.776019686814852838e-01,1.858355610046601991e-01,1.523799265185898366e-01,7.937915359166113349e-01,4.077352020359512053e-01,4.870077946066235230e-01,3.185892443876094937e-01,4.774680111179904762e-01,1.769766513812607300e-01,2.032189800251409939e-01,2.596678322808297357e-01,5.658529560211551512e-01,2.022363604002524462e-01,3.607299152449429114e-01,7.476485883915337527e-02,-2.612575068640759710e-02,5.353936140478362526e-01,4.270259061248512511e-01
5.137812254586711369e-02,9.560050003781578321e-02,3.037386652080104610e-01,4.146475254265250508e-03,5.258244749733844564e-02,9.746142470781914147e-02,3.181610636261658631e-01,9.167991370913420104e-03,4.565372537463402991e-01,4.697512643837902652e-02,3.053174369234231689e-01,9.804430711753339689e-02,1.000000000000000000e+00,3.389370748729168548e-01,2.056526894688669449e-01,1.312704406538852397e-01,-4.632178900692265205e-02,4.627513086697787603e-01,2.599143089929170647e-01,2.955611708576072819e-02,1.342351760899247459e-01,1.989724101976565740e-01,1.706405995167798589e-02,4.447649188247516094e-01,5.874905695015602003e-01,2.012385349480436680e-01,4.425934923356208417e-01,-1.534727874192862718e-01,3.342096501864590813e-02,-1.037945525652486239e-01,2.180685720377936732e-01,1.771075428565446752e-01,6.998794049183922582e-03,-5.056105315549034446e-02,1.482279882937570688e-02,1.245123102250053487e-01,2.137629813262166001e-01,-1.605326542814054791e-02,-4.846136544384816586e-02,6.963891936048242914e-02,1.739132110166692891e-01,-3.653778985307059440e-02,3.865019729885091349e-01,-4.871673556303900837e-02,2.532825483384332776e-01,8.048926522827062544e-03,5.885195607288793429e-01,6.904238073982091328e-02,1.346321079026762957e-01,1.259294046182918292e-01,-2.767155247523320899e-02,3.214915993460883969e-01,1.337016233499583873e-01,2.048074628801970984e-03,1.474337914857163090e-01,2.094169103886215355e-01,1.171649654333099949e-01,3.668965529776044288e-01,4.540143662694142157e-01,2.895187169192583454e-01,4.808305294624766191e-01,-9.172163110296221999e-02,4.069540257207390072e-02,-1.273679608353477655e-01,7.724831764425836578e-02,7.658922819839111829e-02,-4.099629843140234486e-02,-1.763239558095119897e-02
6.013441420002120230e-01,-5.974480016119609015e-03,5.683227902102919726e-01,1.270921340424484292e-01,1.781133097918757846e-01,4.177376078991793529e-01,7.332234398151266097e-01,3.445899486530112354e-01,3.440304041209208408e-01,2.484498333348943988e-01,1.900196265615388680e-01,1.586730529261051181e-01,3.389370748729168548e-01,1.000000000000000000e+00,2.743202318047202048e-01,2.170708563294758142e-01,2.837623775502920997e-01,4.679603252628769527e-01,5.533349187795730817e-01,-4.066910208329628518e-02,1.653895152830822390e-01,1.946516444054329498e-01,1.288617929864706857e-01,4.595644996576600527e-01,2.731242059041285031e-01,1.379785742425555795e-01,4.047496815414682314e-01,-4.992047291390459135e-02,4.656875268902325726e-01,2.074220721479183016e-01,2.497531351332587246e-01,2.770410313980519179e-01,5.197613789250460359e-02,8.444305987477664088e-02,4.993942288729443235e-01,-2.295852366484702270e-02,4.600884689054595134e-01,1.204712599437082338e-01,6.854685907751749407e-02,3.959332302841238604e-01,5.495725197542443707e-01,2.866292451870210978e-01,3.617187756344872329e-01,2.175598443323086828e-01,1.290455508833897591e-01,1.079027540128192769e-01,3.734366421057438434e-01,6.429400492386274646e-01,1.974168008553128240e-01,1.804725475861357620e-01,2.755120993792299910e-01,4.253999981453851498e-01,4.196875025888901489e-01,-4.099439631065940337e-02,2.443569081657637476e-01,2.237768888686329227e-01,2.435643816259983330e-01,4.368135477449173742e-01,1.945104005411833759e-01,2.308542669910479128e-01,4.440271888703063996e-01,1.036478973145247770e-02,4.259669151978711654e-01,8.057095348473031909e-03,2.546032147643338406e-01,2.490159194746378313e-01,8.268084329805673593e-02,1.151389288668471650e-01
1.501918175331114769e-01,-4.560420881719005025e-03,2.139047685191100834e-01,1.052789574987701982e-01,1.113381422013800109e-01,3.325622613439652153e-01,3.366772968122360155e-01,2.405258898325284278e-01,2.825354223492216876e-01,1.640978544589869470e-01,8.585846492070729752e-02,1.761361859328556267e-01,2.056526894688669449e-01,2.743202318047202048e-01,1.000000000000000000e+00,1.172523254161021850e-01,1.906032952068905176e-02,2.811500174553855369e-01,1.370098368963852953e-01,5.315737188318195999e-02,1.301361634393919109e-01,6.653781663998976914e-02,7.159905556385236236e-02,2.288365000509671732e-01,1.826923892489869805e-01,2.670118260300380006e-02,1.751141250962293949e-01,3.686654924624412771e-02,1.167194446733416102e-01,-2.790799998889207170e-02,5.967681014292820774e-02,1.408532104375526950e-01,-8.433312469972890565e-03,-2.095939540768919016e-03,1.825604623967087003e-01,-9.588612119245167389e-03,2.073649530252174855e-01,1.116338754984946835e-01,4.933628803117929423e-02,2.513154006282185549e-01,2.883677692182626817e-01,1.979994715663443428e-01,2.499006010699006131e-01,1.626131149932782960e-01,1.186945612820446833e-01,1.308024165550805140e-01,2.257379233771142635e-01,2.865406139325932244e-01,2.630281459149753087e-01,8.304679638542306064e-02,1.370959753994630825e-01,2.650389802166605024e-01,2.163250474451511030e-01,4.290464582224201573e-02,1.534397454142059636e-01,1.582979259232119296e-01,1.317986122340660260e-01,2.876424923398623879e-01,1.561740410747682051e-01,1.263467070670991066e-01,2.420828067838726450e-01,5.710808062735941298e-02,1.687350390763879826e-01,3.704496901477002252e-02,1.363073735786383689e-01,8.108511484589868423e-02,3.281038652899036234e-02,2.652912317449771656e-02
1.479012548013629857e-01,2.739699170761419889e-01,3.794830052123539521e-01,4.453786547323468348e-01,8.538755225498599610e-02,2.272395383446158268e-01,3.124987193942548869e-01,2.152640598309323583e-01,3.367559163919912613e-01,1.002790592652061663e-01,-1.095457298233544208e-01,4.272184266300014799e-01,1.312704406538852397e-01,2.170708563294758142e-01,1.172523254161021850e-01,1.000000000000000000e+00,2.024284655602605343e-01,1.216940877184116837e-01,1.080882066285326210e-01,3.614105955514185786e-01,7.733225124337490541e-01,4.345436653560181273e-01,7.794350307650691478e-01,4.583806800824012373e-01,2.119079366072739445e-01,1.846284543682701340e-01,5.062759876783382573e-01,5.722476254374552207e-01,3.007335630673546589e-01,4.742379952983619695e-01,1.205742336197012238e-01,-5.988981009890420940e-03,4.500852793135641239e-01,4.854341279488782468e-01,1.830560727815600530e-01,2.958601878219503933e-01,4.028980791236346781e-01,4.578478690466319390e-01,1.049971313147693569e-01,2.664266324593559387e-01,3.646409927386742855e-01,3.739992410059954642e-01,3.583841746173239140e-01,2.433442799918604793e-01,1.559446938727730714e-01,4.203338462391876251e-01,1.908211950040742400e-01,3.243445583849447478e-01,2.318396991786687150e-02,8.133576005295984901e-01,3.482524187917299119e-01,2.057861879453642684e-01,2.788609343060095003e-01,4.316757318900870111e-01,7.701557265311439471e-01,5.314221327077088830e-01,7.609466362587339328e-01,5.465249121747673966e-01,1.173694693283900137e-01,2.781746477979963328e-01,4.864002338372699907e-01,6.925594351560120376e-01,4.193707498848412984e-01,6.287414033763082388e-01,1.408606085200436731e-01,3.493480966206210375e-02,4.848111496506183338e-01,5.935045399672441713e-01
2.772353723457200991e-01,3.330500792050121728e-01,4.983333286397592099e-01,1.820944390446103678e-01,1.916161127994259472e-01,1.344580553958074076e-01,1.662191627280941442e-01,2.298776155694159662e-01,-3.560405678486334990e-02,5.090618837156277339e-03,1.386445381562312062e-01,1.088693864862103483e-01,-4.632178900692265205e-02,2.837623775502920997e-01,1.906032952068905176e-02,2.024284655602605343e-01,1.000000000000000000e+00,6.892501097879819016e-02,5.905073831832851061e-01,1.797307597353534070e-01,1.997287241022108195e-01,2.912634673275550923e-01,3.745616509868005539e-01,9.108456445650221778e-02,8.353679046094179828e-02,4.270246166473546934e-01,4.226118628040655412e-01,2.790035266834904326e-01,2.609109912329468095e-01,5.734720495174676635e-01,1.278956202040431311e-01,7.246515384319532349e-02,1.970896532916423527e-01,4.648117600027795726e-01,1.631775906360706796e-01,3.115298887987104637e-01,2.246711860232993574e-01,1.286504424860572815e-01,-5.393107705307145783e-02,4.263998408170453780e-03,3.797658160432424573e-02,-2.363024196946077909e-04,-1.075881838637465643e-01,-2.664656999155411155e-02,1.501107782705727867e-01,5.296193139477513301e-02,-6.936025394076329731e-02,4.711878706182076604e-02,-3.323885123481562509e-02,2.592951453749167134e-01,5.744412336608747394e-01,1.484444696706538509e-03,5.273586058010164557e-01,1.386117319852394059e-01,1.928567248760858777e-01,2.003630184643963030e-01,3.170100306850496263e-01,1.758376594224856510e-02,-2.574725643203168088e-02,2.050877943314635965e-01,2.588991122981214033e-01,2.112792770933327458e-01,2.244545785842047281e-01,2.695011945550928045e-01,-3.979639574053140533e-02,-4.222002697941020649e-02,2.014756439271655208e-01,3.926402224317518952e-01
2.112733164038533562e-01,5.852738990403235503e-02,5.350438836178325053e-01,1.417785249091316757e-01,1.723852903255443658e-01,3.290180145171823778e-01,6.037593858962959636e-01,3.941725020506157695e-01,2.960571463967400785e-01,2.070225027241699989e-01,3.312557136780200917e-01,2.410356905457183840e-01,4.627513086697787603e-01,4.679603252628769527e-01,2.811500174553855369e-01,1.216940877184116837e-01,6.892501097879819016e-02,1.000000000000000000e+00,4.829050028806400330e-01,9.418176042917200674e-02,1.255385054154771751e-01,1.809247514763152598e-01,1.214899172049148206e-02,3.096617297624680298e-01,3.991933985181506106e-01,2.796010764561461248e-01,4.052983242390248986e-01,-3.475706888724323929e-02,1.841364385036806384e-01,1.956712558391121223e-02,1.785330677569837710e-01,2.463568749398768742e-01,6.183321081698351512e-03,4.407317870564394016e-03,1.873710081756670975e-01,6.015564146046270544e-02,3.906950898921695559e-01,1.320017624830466807e-01,2.133582760916151802e-02,2.487795126266708068e-01,3.426893347783867561e-01,1.831520328719974389e-01,2.720743071755665765e-01,1.416485374173677425e-01,2.329613955393700642e-01,1.435032726028634686e-01,4.050167688945862099e-01,2.517647685139209890e-01,1.572793737789668911e-01,6.886531445266434737e-02,9.137856914892340809e-02,5.086747036106111786e-01,2.994975118613300014e-01,5.117363493845938915e-02,1.785793269518108906e-01,1.514474252622197703e-01,1.289098644537982896e-01,2.648738916689952760e-01,2.883770390008393858e-01,3.384235211189886017e-01,4.094499887434473462e-01,-1.041226472183747094e-02,1.866870437819048711e-01,-7.505513514079836801e-02,1.268231458379173726e-02,7.609054465577765047e-02,2.875919767383197656e-02,2.426769064665411715e-02
3.977504313444627515e-01,1.380198282392604281e-01,6.277238273850129779e-01,8.462378094529626749e-02,1.786674421544240665e-01,2.322535962319042246e-01,4.573237959016477894e-01,2.629853480310078706e-01,1.353248164316737112e-01,1.001172253004348200e-01,3.612006593618030115e-01,1.159323197563890129e-01,2.599143089929170647e-01,5.533349187795730817e-01,1.370098368963852953e-01,1.080882066285326210e-01,5.905073831832851061e-01,4.829050028806400330e-01,1.000000000000000000e+00,5.910803846210753443e-02,9.624966613273995553e-02,2.245912113593722115e-01,1.092077519397642443e-01,2.278871288000838269e-01,3.132549499908457435e-01,4.157101837400352662e-01,4.850007182092231917e-01,2.509483686599480248e-02,2.790963389813521656e-01,3.159525280201777586e-01,1.903821543524761295e-01,1.944620656636570633e-01,3.466945708318916464e-02,2.259170912114142060e-01,2.694323866919438037e-01,1.672260611561385280e-01,3.731948939257261344e-01,3.985390106417221329e-02,-5.682443072749195079e-02,1.417403168489490550e-01,2.065572724467638899e-01,2.215757087748624482e-02,6.908326305288460534e-02,3.120045764267403987e-02,2.346092012199113008e-01,2.839172229842231235e-02,2.263812329299273729e-01,1.913213012622898557e-01,7.400860396216046855e-02,1.217654835435148242e-01,4.128913224412807947e-01,3.483120683340261148e-01,5.288250681696368138e-01,9.428053435194875403e-03,1.461653577587943287e-01,1.232457527499421085e-01,1.837766286399773741e-01,1.242324075868253552e-01,1.773930046003624472e-01,3.219506701743070631e-01,3.986572951466717529e-01,1.188787254284030467e-02,2.231864965037229365e-01,2.039361517921855702e-02,3.258954732829351234e-04,3.277707336404932226e-02,5.604435802115239479e-02,1.635297774658094061e-01
-6.131590625154257485e-02,3.369039591006600665e-01,2.221523688406442931e-01,7.304796222905519665e-01,1.181166883549916377e-02,2.099167411287136131e-01,1.479573914446812022e-01,2.090210583152510293e-01,2.902643126759820724e-01,2.877878050334254922e-01,-2.211938938677398062e-02,7.918120662992231829e-01,2.955611708576072819e-02,-4.066910208329628518e-02,5.315737188318195999e-02,3.614105955514185786e-01,1.797307597353534070e-01,9.418176042917200674e-02,5.910803846210753443e-02,1.000000000000000000e+00,3.838950955452035130e-01,4.697389625547821468e-01,3.772013677363366124e-01,3.355441589544549408e-01,1.873740738299973507e-01,2.236493765147612167e-01,3.050006563670336623e-01,5.564681415651238083e-01,8.290227953580203354e-03,3.923800807329704821e-01,6.008215325705259374e-02,-7.849306255907601004e-02,5.053842687058889283e-01,4.613497343180276156e-01,-2.061459602757546861e-01,4.019222240732110429e-01,2.030264652944457626e-01,6.913008680874193068e-01,-2.230483816317405457e-02,9.503960841397107728e-02,1.568604887954924698e-01,1.520102210082788230e-01,3.026055823260745403e-01,3.675798767591855198e-01,1.757005740558305329e-01,7.342846280067630849e-01,5.054895439485190822e-02,-2.089992718285905299e-02,-9.714920502463152141e-02,3.813115808137069740e-01,1.564370323678056507e-01,5.091563673144494651e-02,1.079936631841659500e-01,9.218808673713509982e-01,3.400768835989427252e-01,4.663745562413927903e-01,2.673049783704354865e-01,3.518229603931737892e-01,1.353115540678046236e-01,1.569109441331563159e-01,1.833965062185002048e-01,5.424427499232342686e-01,2.970660013335387969e-02,3.826525698598885472e-01,-3.258927181251689443e-03,-1.073054432191929142e-01,5.337841804768472809e-01,4.311531704312230318e-01
1.526916754085080041e-01,2.653862726633552938e-01,3.971976272615076464e-01,4.780329300749441845e-01,6.547690201507178065e-02,2.006555980716282495e-01,2.765159899029074886e-01,1.945242076740993642e-01,3.372332781588196493e-01,3.704561690860692924e-02,-1.719621953497181277e-01,4.322306293734754501e-01,1.342351760899247459e-01,1.653895152830822390e-01,1.301361634393919109e-01,7.733225124337490541e-01,1.997287241022108195e-01,1.255385054154771751e-01,9.624966613273995553e-02,3.838950955452035130e-01,1.000000000000000000e+00,3.988130911439691229e-01,8.692200866386371461e-01,4.461259127179310058e-01,2.246008209851969861e-01,1.827700037895325091e-01,5.216984055917562868e-01,5.887867819729021290e-01,2.780436953155653312e-01,4.711357501000927872e-01,1.756776041905302455e-01,-6.310164168177244751e-03,4.390175230223112290e-01,4.902761116080696091e-01,1.955343046030291743e-01,2.880038128540694520e-01,3.882776476539329114e-01,4.923976421869659115e-01,4.425034818213692545e-02,2.630749336281800188e-01,3.318504553906037047e-01,3.423522952153098542e-01,3.578474859159425092e-01,1.903408915710380067e-01,1.271419685154351331e-01,4.488138240801918255e-01,1.816153139279134132e-01,3.032548739218344225e-01,4.358035336699890572e-02,7.717953393983029153e-01,3.707294671618935333e-01,1.796842722036578743e-01,2.596141612798726350e-01,4.723908818117175668e-01,9.258817848211735591e-01,5.274680140374776727e-01,8.590501953674198887e-01,5.496279703945036177e-01,1.101005956475237385e-01,2.753659603470620110e-01,5.180237200057170588e-01,7.328375322428016814e-01,3.988846484853395546e-01,6.884454892995514053e-01,2.221095908611971370e-01,1.405472506715604517e-02,5.001406326725967855e-01,6.404635217946479386e-01
1.211481983399889141e-02,4.432544934615784693e-01,4.225843467692513844e-01,4.229456028191340144e-01,2.664719920271459153e-02,1.433873042055078817e-01,3.123294685163024997e-01,2.046847597466758262e-01,4.497725830272977232e-01,1.863343039676139401e-01,1.933233284774347749e-01,4.418472189747827406e-01,1.989724101976565740e-01,1.946516444054329498e-01,6.653781663998976914e-02,4.345436653560181273e-01,2.912634673275550923e-01,1.809247514763152598e-01,2.245912113593722115e-01,4.697389625547821468e-01,3.988130911439691229e-01,1.000000000000000000e+00,3.837325600977655182e-01,6.032221200388022675e-01,4.031072735188032663e-01,4.375121013246019430e-01,5.284131149256361404e-01,4.800458745257341620e-01,9.077794927492603694e-02,5.310216763345405599e-01,1.561468550306615022e-01,-1.058028626466425010e-02,4.906257457595311622e-01,5.096796864639462354e-01,-1.319326278193622970e-01,4.244643114533183659e-01,3.011792024386895639e-01,3.851381999758963781e-01,1.476887822722967088e-03,5.832458980887111899e-02,2.761423432602637673e-01,1.125676618272810625e-01,4.466918722227604666e-01,2.244375117550544418e-01,2.799118450503321198e-01,4.077276238820282117e-01,1.902862142335773332e-01,5.685135911151208837e-02,-3.191892471799148007e-02,4.318298662192998627e-01,1.882894704628220173e-01,1.216123805030023819e-01,1.492778237145628017e-01,4.812725146216635386e-01,3.891079470401913598e-01,5.901012459696446388e-01,3.272809761218317681e-01,5.147891835985380915e-01,3.155704310157547710e-01,3.781573862635373429e-01,4.116882796190403648e-01,4.530995143443020678e-01,1.365645723804742029e-01,3.623315335633643386e-01,-2.391549694337043869e-02,-5.238261929135922673e-02,4.963548373502740807e-01,4.454436331036082386e-01
1.733641521687602216e-01,3.233853678844821333e-01,3.932689299585102050e-01,4.843661943375183743e-01,1.218989091696367350e-01,1.828744700445646409e-01,1.805919310273130518e-01,2.294449181909203606e-01,2.013079340665013817e-01,2.121595074364424766e-02,-2.109999031494850519e-01,3.756568482525471375e-01,1.706405995167798589e-02,1.288617929864706857e-01,7.159905556385236236e-02,7.794350307650691478e-01,3.745616509868005539e-01,1.214899172049148206e-02,1.092077519397642443e-01,3.772013677363366124e-01,8.692200866386371461e-01,3.837325600977655182e-01,1.000000000000000000e+00,3.173455899616983711e-01,1.214350941791262212e-01,2.283268360421506216e-01,5.189611896627555065e-01,6.538220386196443856e-01,3.168849013386344504e-01,5.985305235709071914e-01,1.024348582393742324e-01,-3.480493149724760149e-02,4.493457606076102784e-01,5.755810206842676413e-01,2.352950811159732203e-01,3.273637829843695779e-01,3.642147503525436369e-01,4.896260424219219254e-01,8.337904302515515564e-02,2.172671811354851823e-01,2.665094777007056548e-01,3.532811661165347061e-01,2.053027196510245345e-01,1.712307300072316574e-01,1.183545597368662328e-01,4.006534181569414432e-01,6.648777895362120716e-02,2.897387757941219388e-01,-9.823744739138160972e-03,7.978916558288743355e-01,5.072316851935837478e-01,8.085133372607021529e-02,3.618563828119338299e-01,4.502155557345557946e-01,8.372171981931140206e-01,4.991732595135621176e-01,8.894638462636869081e-01,4.316337295009561315e-01,6.700273729876550337e-03,2.413570491050135713e-01,4.719892616316229139e-01,7.588528456253283982e-01,4.413826403760361394e-01,7.480031381577706417e-01,1.794157387180288221e-01,1.471454275712766671e-02,4.793048505859912600e-01,7.007161210441161803e-01
