1.000000000000000000e+00 -6.202664692662788332e-02 5.719491461880135130e-01 1.240543315410287950e-01 1.696258749311999742e-02 2.361783561888869398e-01 5.572431106654147648e-01 2.772632507440905281e-01 2.845151899864689637e-01 2.758734636454175937e-01 2.217367760805180610e-01 2.321983131478699280e-01 2.313061602682973672e-01 7.900214570764563238e-01 9.133963844579440217e-02 2.126697243343804999e-01 3.515596300798786711e-01 3.278823174471644508e-01 4.458962469800128448e-01 1.986910778085028417e-01 2.361274869815137012e-01 1.286316086663638614e-01 1.423043306874328118e-01 3.637593522669711477e-01 1.784994568710719653e-01 1.068185481605740395e-01 4.961661571912014956e-01 9.490379316505942464e-02 4.223789711576311778e-01 2.036937495116672714e-01 9.421295586579803150e-02 2.485006690339356950e-01 1.387364552766023329e-01 5.562562988824792942e-02 5.149246797965206790e-01 -4.983254123101017036e-02 3.207060790032564279e-01 9.126436767687978735e-02 2.872885586701542926e-02 2.188384488721864807e-01 4.019692764375691896e-01 2.061492629955428979e-01 2.785940011901694713e-01 2.699184873428746578e-01 2.193846361748122975e-01 2.012202752897683244e-01 2.011247125360197396e-01 4.879988183488051523e-01 1.415668459288014214e-01 1.859125719554174938e-01 2.044383499278658312e-02 2.446736789180108118e-01 1.412096240792464208e-01 2.198369582645833542e-01 2.193035238735598635e-01 5.475831147557372325e-02 1.232970762327363079e-01 2.363715638102609762e-01 5.414920058868966796e-02 9.703140903732428157e-02 2.226712313988821190e-01 1.027306562868519069e-01 3.050689784424309714e-01 -1.807321607895889803e-02 7.710217990073867100e-02 1.497796378445094556e-01 1.795480055820546372e-01 3.144628792883226442e-02
-6.202664692662788332e-02 1.000000000000000000e+00 6.705098993444139066e-03 2.154632068071722917e-01 1.626568416421394353e-02 1.581238406666789498e-01 -2.342554659139260004e-02 1.473292714418677762e-01 3.713366647296329620e-02 1.849937585955176989e-01 1.063694757423671727e-01 1.890128002240243910e-01 -6.204196370738939564e-02 -3.231518877633798859e-02 2.310885300779869089e-02 4.254981298615711366e-02 2.282384373844960623e-01 -1.299426755947487577e-01 1.197811680945780749e-01 1.855851055902220936e-01 1.048313746633931648e-01 2.996305153148439704e-01 1.511910892289882458e-01 1.239389508638876758e-01 8.609406906182910657e-02 2.383700460119215769e-01 1.855138289586107936e-01 2.766389366119940130e-01 1.119237293735250716e-01 3.054299907415667370e-01 -4.841531185977674540e-02 3.618613474168185656e-02 2.012590121139957167e-01 3.045151375477581079e-01 1.435338731702787141e-01 3.887488012585974539e-01 9.055694146420631419e-02 1.683331104497639008e-01 5.643678687015091233e-02 1.286240503592329942e-01 8.927297956394554534e-02 2.320607519170992949e-01 7.099806886197089495e-02 1.875456953717921649e-01 1.391634650419475705e-01 1.762632198914493575e-01 -6.644049078556943377e-02 5.344462181732825834e-02 2.452623201782828943e-02 1.544040523351201399e-01 3.590208206315244066e-01 7.364751199015709404e-02 2.727004759618926188e-01 2.009607541500639249e-01 9.948320281226920303e-02 3.494303912463158079e-01 2.156499957225458397e-01 2.282011569516886607e-01 1.078255870968270191e-01 3.088775687767087996e-01 3.544444214937018112e-01 2.778496273137790462e-01 1.511400448225252990e-01 4.073741431227401177e-01 2.724804036881154148e-02 -9.907357427683088913e-03 2.004196660463178070e-01 2.785855947849673608e-01
5.719491461880135130e-01 6.705098993444139066e-03 1.000000000000000000e+00 -2.224686553702310415e-02 1.954060574565852360e-02 1.612612381347113544e-01 1.055641374139966837e+00 5.298345959342349865e-01 4.451881231196467281e-01 2.257634586860247927e-01 4.104917539987513742e-01 1.702038283197813140e-01 2.788195528442241611e-01 8.692732524431053820e-01 1.865982491991695913e-01 -3.580650432293518148e-03 4.792549648916250016e-01 3.728736106553174334e-01 5.003240670315329819e-01 4.307928557891034793e-01 -8.883662926677182714e-02 2.838310207127417439e-01 -7.156957743426818619e-02 5.469623815805659817e-01 2.469133456892950718e-01 4.797694808039744130e-01 7.465237683573866523e-01 1.522289388517037712e-01 6.170978168318522888e-02 4.252263004831613458e-01 1.461594056444113221e-01 1.200773417333192428e-01 1.125498318756969485e-01 -1.468286015713611212e-02 3.411847355503310197e-01 -4.605874051075234399e-02 7.862106713505786493e-01 -1.146879603655167890e-01 2.005019239291769978e-02 5.028967479060889728e-02 7.239764112081022995e-01 3.449497590512102807e-01 3.915897716935554662e-01 1.833247049843406973e-01 3.034375072072671431e-01 7.381478603867057398e-02 2.731179026251055464e-01 5.838559369384814790e-01 2.156310090592289952e-01 -5.935001506809505639e-02 1.157838515473857688e-01 4.113892749447546349e-01 2.327100371497110576e-01 4.123089783467278058e-01 -8.751588841756359483e-02 1.559201873833758745e-01 -1.022494607638156361e-01 3.201577332553958710e-01 1.222414083922989114e-01 2.982167217440884199e-01 3.945058569678908666e-01 1.003181084884464530e-01 5.454260446391626799e-02 1.442120663942246875e-02 2.549452893021841859e-01 8.736133751552230264e-02 1.318040857689957990e-01 -9.685683232870273551e-02
1.240543315410287950e-01 2.154632068071722917e-01 -2.224686553702310415e-02 1.000000000000000000e+00 4.975261378980223859e-02 4.439097282996005145e-01 8.676139653567704890e-02 1.238948471007172980e-01 1.938947333833429820e-01 3.419725462146923078e-01 7.358924522895088360e-02 8.987985053391680523e-01 7.012293059919329219e-02 3.678452262244863435e-03 1.386712903365573124e-01 3.980949670711160793e-01 8.140354049591674857e-02 -1.242622649867005657e-01 8.005155548864760495e-02 4.826351021994359503e-01 5.169889668105007718e-01 2.599533595269552522e-01 4.938198130966253707e-01 3.163195357395381380e-01 2.133861283780737889e-02 1.928430977176234448e-02 1.103382916394921864e-01 7.380644176594931549e-01 4.325505692463522123e-01 1.502465150391809612e-01 -7.213343991769975705e-02 9.470848216885270621e-02 3.838555603152704054e-01 4.639799815637234426e-01 2.245474938381906427e-01 2.351087314419049168e-01 3.222732475108219113e-02 1.392535637804633408e+00 3.273100328138905946e-02 4.857900361593530114e-01 1.075003278674365181e-01 2.276525771513054630e-01 2.712619721955171204e-01 4.651480086719639861e-01 3.621160649634003886e-02 1.002803372289306161e+00 9.197408755585244344e-02 8.697408733435949002e-02 1.971713269214029063e-01 5.343287993622557464e-01 2.676585128038468930e-01 -7.541621686442684380e-02 1.027016834500065062e-01 6.090094686517367739e-01 5.460989965662709222e-01 2.964471665664550892e-01 5.932719539357484972e-01 4.856169114869716141e-01 5.760018726854450322e-02 8.693177037987011302e-02 2.081846826981562093e-01 7.553172773007277296e-01 4.761734256690146050e-01 4.185926634891207199e-01 1.526251266218164870e-02 1.569662081885333724e-02 4.256396534668204779e-01 4.653703816223010992e-01
1.696258749311999742e-02 1.626568416421394353e-02 1.954060574565852360e-02 4.975261378980223859e-02 1.000000000000000000e+00 1.336244971786733904e-01 3.995980971161094963e-02 7.923882774566451404e-02 4.978919152773238904e-02 1.052773113403832617e-01 4.123899126429605988e-02 8.585791404717302289e-02 3.264380779769416457e-02 1.701505428803165229e-02 8.384351087724166429e-02 6.238250440175945044e-02 1.686225814053261135e-02 3.136459789759175887e-02 6.907519795881593254e-03 3.699792885311629226e-02 9.020535975912560844e-02 4.511467576340377761e-02 9.204894428399072737e-02 5.870895899479235819e-02 2.847660368293787950e-02 4.858603372021934319e-02 3.770576048053424223e-02 9.174745272408765806e-02 9.753884234744968074e-02 2.977039093137028719e-02 1.906473654051228216e-03 1.004279653705884984e-01 8.106320314997608745e-02 8.779729932762653233e-02 5.334171414189246146e-02 4.284002862726545013e-02 3.442976610802401388e-02 6.888173613742647194e-02 1.766010892912554461e-02 1.167099296943357317e-01 5.549483651130517059e-02 1.007399808279742098e-01 6.764988459036645752e-02 1.179918645328839610e-01 1.321743376572140360e-02 8.070311545660191488e-02 6.234344049182622555e-02 5.097571269491149581e-02 4.912136879552137653e-02 8.235768738887393192e-02 5.248784572165545587e-02 1.562371642027603896e-02 4.407868570217510218e-02 5.050652881606337852e-02 8.927757286011013538e-02 4.684491848213700321e-02 1.018434048023899030e-01 8.360229345427855341e-02 4.662744063063033184e-02 4.439781693583518679e-02 5.376916628378890228e-02 1.063360580533936894e-01 1.053915083367986116e-01 7.083192778566554937e-02 1.116106933448805447e-02 -5.300455442441060275e-03 5.391276023877415724e-02 8.998618952933032378e-02
2.361783561888869398e-01 1.581238406666789498e-01 1.612612381347113544e-01 4.439097282996005145e-01 1.336244971786733904e-01 1.000000000000000000e+00 2.776656136490194271e-01 4.840335252433776714e-01 1.931870984691000659e-01 7.873886846597446532e-01 2.015489709306808042e-01 6.922650815165110050e-01 1.500679820457024027e-01 1.880897662917215274e-01 2.619204663428744695e-01 3.878803264607545986e-01 2.146495306871017139e-01 6.054817601135045052e-02 1.798325206551134314e-01 3.320286000794921977e-01 4.630509913218376350e-01 2.237535635402255751e-01 4.768419062246101459e-01 3.116890288571738110e-01 5.258194681462260989e-02 1.255432125522824016e-01 2.236792287379060495e-01 7.096612809270157474e-01 4.962426800758927836e-01 3.160548406943619604e-01 5.166804319322395450e-03 2.160921393204839891e-01 3.260617966282418623e-01 3.803069153138475267e-01 3.608693044201291000e-01 1.908290616400262485e-01 1.704106507235940149e-01 5.039167786045686270e-01 5.809445630037382569e-02 8.950706038317890467e-01 2.521839009384245212e-01 4.500344161558816891e-01 2.554765999029508516e-01 8.023858622758917036e-01 9.779142406998017623e-02 6.767404951124722512e-01 1.549205674729529358e-01 2.435925187034694850e-01 3.042222531824715359e-01 4.452222271267359255e-01 2.666891810062400614e-01 6.053067682545494599e-02 1.866894391437828593e-01 3.772794979507669844e-01 4.596305536678021442e-01 1.776768330057990619e-01 5.103305126514836587e-01 4.093508973015421715e-01 7.672160717048495671e-02 1.526002524589579468e-01 2.157142279045766442e-01 7.049645194358982181e-01 5.019478491175144441e-01 3.954856884710241660e-01 6.523131242721438849e-02 6.197249068593580629e-02 3.497798739103165633e-01 3.724025887659138667e-01
5.572431106654147648e-01 -2.342554659139260004e-02 1.055641374139966837e+00 8.676139653567704890e-02 3.995980971161094963e-02 2.776656136490194271e-01 1.000000000000000000e+00 6.310073235579009010e-01 6.636575074600381541e-01 2.772002928929351850e-01 4.150042583222524617e-01 2.787660731106766931e-01 3.704202588167279098e-01 9.847764520622379614e-01 3.291462907377989966e-01 6.228645540275649928e-02 2.581055215327464625e-01 3.188505545458492074e-01 3.301101217124631226e-01 4.682398302518606115e-01 -1.786908841935677672e-02 3.890767205416478802e-01 -7.688177429043537014e-02 9.078991842157473346e-01 3.189191065871930242e-01 4.476216267789527858e-01 6.842912603991052611e-01 2.879237321207037681e-01 1.206748530530886016e-01 4.101896384140359397e-01 1.700131892163298519e-01 2.066747322842946155e-01 1.703029061265270427e-01 3.715883707978882150e-02 3.888980103488234863e-01 -3.785902477331992699e-02 8.642527209869752536e-01 -1.396800643262462518e-02 5.147486560556394780e-02 1.966552360072599259e-01 1.027348729060149068e+00 4.238002545383990904e-01 6.262307006811796972e-01 2.674648177025972795e-01 2.900594881873936326e-01 2.030216510224919779e-01 4.431384122851184104e-01 8.021050474620587956e-01 3.593299348915587332e-01 3.275088416339298064e-02 9.418358668848886284e-02 3.827789197838832314e-01 1.968039461829853565e-01 4.775718930846944987e-01 -8.159560123469217219e-03 2.616293168063160146e-01 -5.138204309767764599e-02 6.394169852466617954e-01 2.113780513177599962e-01 3.331656557819966391e-01 4.577575929005367472e-01 2.049009132160249380e-01 1.505643091021690583e-01 4.470318113712599961e-02 3.345393923609767950e-01 1.432110756088203207e-01 1.864231443109086450e-01 -3.078438464627065302e-02
2.772632507440905281e-01 1.473292714418677762e-01 5.298345959342349865e-01 1.238948471007172980e-01 7.923882774566451404e-02 4.840335252433776714e-01 6.310073235579009010e-01 1.000000000000000000e+00 2.574218883673648484e-01 3.617786562280589369e-01 4.271663399754427326e-01 3.033807849970797110e-01 1.477868075357030853e-01 4.875230148111984185e-01 2.544968167116556934e-01 1.432502326603093956e-01 4.140018454007320936e-01 2.436759184671190570e-01 3.782491755164838487e-01 3.837736136369359063e-01 1.421499454469384305e-01 3.118703535603566390e-01 1.961276655390806756e-01 3.693397656821684194e-01 4.786213694713715994e-02 4.609432532782273828e-01 3.690111059517251491e-01 6.112755445107964647e-01 2.269880478186407646e-01 8.022719193482554800e-01 6.863326383209718273e-02 1.367557812079670532e-01 2.276519495359007328e-01 2.834659260616457788e-01 3.443219255297972348e-01 1.345129605940167949e-01 5.464811676655625394e-01 7.882733482545810355e-02 6.313946169352001314e-02 3.240391320614288140e-01 5.577591644540542681e-01 7.197910619835600210e-01 3.026351519225552456e-01 3.552161844767032228e-01 3.189474157265519416e-01 2.464022503287001398e-01 1.522872137189725528e-01 4.641767282151150198e-01 2.367725810734780389e-01 1.664561117514027355e-01 3.828027997719151143e-01 3.496618727262857940e-01 3.658383120456308868e-01 3.929142906194150187e-01 1.361172764531492774e-01 2.380979872220563287e-01 2.141391321541737114e-01 3.800915857738653703e-01 3.327576521834500756e-02 3.882086744854019722e-01 3.383116395590166636e-01 5.302002024730468888e-01 2.415253764201297226e-01 4.545411885568136912e-01 2.464423327190485846e-01 3.464821630367518474e-02 2.542688289578031724e-01 2.122639176147341211e-01
2.845151899864689637e-01 3.713366647296329620e-02 4.451881231196467281e-01 1.938947333833429820e-01 4.978919152773238904e-02 1.931870984691000659e-01 6.636575074600381541e-01 2.574218883673648484e-01 1.000000000000000000e+00 2.175247710689850178e-01 1.946894621855576601e-01 3.247159076256652677e-01 3.651292588799654459e-01 4.548596788234602895e-01 3.020697643635509300e-01 1.082227039741813363e-01 3.520987202499345492e-02 8.233922944512961362e-02 6.828497828925997326e-02 4.067522776460688050e-01 8.090160511341201732e-02 4.102760755103500023e-01 -5.068127539462174980e-02 8.379834185140491165e-01 3.504042796506545709e-01 2.118915311015162617e-01 4.452764155489518094e-01 1.347816599146008099e-01 1.679816982751055898e-01 1.002634694355040990e-01 1.087159222684700444e-01 1.844836569321181285e-01 2.215402699351258775e-01 1.259158457287874455e-01 2.211231776346818390e-01 7.220658902637125398e-02 4.332662136839441347e-01 1.125107071464170883e-01 8.716868270666494611e-02 1.606145288709138752e-01 5.747327638651348325e-01 1.972368991234301761e-01 6.460405799023973827e-01 2.189193342998473346e-01 1.549475687371561494e-01 2.562944090145755083e-01 4.966172218394154236e-01 4.705649681753872327e-01 3.423451808081861558e-01 1.370213371133080782e-01 2.232358755818183299e-02 1.244354745568862497e-01 5.123798981396043145e-02 4.171364984461515268e-01 1.035348566893990185e-01 3.428255053378015949e-01 1.540459468194824155e-02 6.531968239822902866e-01 3.203033016326544136e-01 1.823824237209613897e-01 3.838100106042158233e-01 1.345532019842899940e-01 1.955389367808181844e-01 4.385117211237159196e-02 2.652438271225028288e-01 1.567704598256316473e-01 2.155371426884072072e-01 1.150425300043747684e-01
2.758734636454175937e-01 1.849937585955176989e-01 2.257634586860247927e-01 3.419725462146923078e-01 1.052773113403832617e-01 7.873886846597446532e-01 2.772002928929351850e-01 3.617786562280589369e-01 2.175247710689850178e-01 1.000000000000000000e+00 1.746991052361667740e-01 6.429831926670700470e-01 1.048799604019628740e-01 2.510615787394622211e-01 1.499318852162414839e-01 2.785234990082488538e-01 2.306843385874632890e-01 6.463719045206973990e-02 2.555919154311483421e-01 5.653400628252506221e-01 3.242198409572263351e-01 2.648436016350826372e-01 3.074637378011396138e-01 3.201298496094427959e-01 1.348818829550909593e-01 1.413766467234867374e-01 2.857267247291855883e-01 4.688759835715992086e-01 3.857792526053270832e-01 2.487101964840407742e-01 9.540758487978896751e-03 1.522882657912705828e-01 3.281197616161999342e-01 2.858137009716816834e-01 3.911849203564781718e-01 1.923552271333840435e-01 2.389726462452284039e-01 3.809032637910630403e-01 4.899178788728272838e-02 7.120539119680088236e-01 2.961629223945270728e-01 4.532887936782817873e-01 2.903534210139644967e-01 1.343187766755282064e+00 1.898858475905126353e-01 5.804098754238417035e-01 1.454877645766654570e-01 2.937511666396645515e-01 2.223911666067008575e-01 3.490105064521999423e-01 2.575553231445312230e-01 1.841296729432548573e-01 2.616884265838762547e-01 5.832036897974649525e-01 3.305461885723268711e-01 2.211881303352257466e-01 3.696634617187053995e-01 3.567628203614316429e-01 1.370008904410366657e-01 2.102502863744173112e-01 2.765662323435159053e-01 5.209011862977134255e-01 3.966860270429014568e-01 3.248178742083074888e-01 1.211074019260866552e-01 7.783967423975295119e-02 3.419663698679445973e-01 2.896450186155662965e-01
2.217367760805180610e-01 1.063694757423671727e-01 4.104917539987513742e-01 7.358924522895088360e-02 4.123899126429605988e-02 2.015489709306808042e-01 4.150042583222524617e-01 4.271663399754427326e-01 1.946894621855576601e-01 1.746991052361667740e-01 1.000000000000000000e+00 1.652628040589413372e-01 2.698649641054356452e-01 3.799215157997145043e-01 1.285420833138823382e-01 3.284380946066992740e-02 4.070624058187531369e-01 3.056129927602606045e-01 4.497986193084181350e-01 2.930462341110189883e-01 1.322184515678106326e-02 2.436804895542909744e-01 3.659266670338593569e-02 2.649719900224808966e-01 1.764072211449689564e-01 3.594739829524081776e-01 3.779250064512322815e-01 2.534034004396115147e-01 1.151294867476804207e-01 4.219087848403215713e-01 4.320688092438135230e-02 1.410054217459150716e-01 1.238667891565870399e-01 1.505816623562155065e-01 3.109356711488933667e-01 9.278050783351365904e-02 3.690086851595420492e-01 1.323134170862581838e-02 2.647615096589426426e-02 1.362930362012599872e-01 3.636892713254626930e-01 3.734524240428861441e-01 1.824666129826862937e-01 1.853203550504566588e-01 3.470311491345119403e-01 1.267328300247485828e-01 1.358761360110056216e-01 3.310171599188889147e-01 1.558670205007129106e-01 6.224124191373389681e-02 2.805990469988101088e-01 3.063513560876511277e-01 3.390647637053373353e-01 2.934475240797696505e-01 1.441820331203115535e-02 1.875556612566242620e-01 6.836468042163072745e-02 2.350406584891600315e-01 9.432951732347230611e-02 2.383185385796481870e-01 2.950666346252984740e-01 2.185881953633674879e-01 1.226154621926264371e-01 2.336672318680584615e-01 1.793734434129778954e-01 4.043035967718989349e-02 1.698879152861894060e-01 9.365509681500330808e-02
2.321983131478699280e-01 1.890128002240243910e-01 1.702038283197813140e-01 8.987985053391680523e-01 8.585791404717302289e-02 6.922650815165110050e-01 2.787660731106766931e-01 3.033807849970797110e-01 3.247159076256652677e-01 6.429831926670700470e-01 1.652628040589413372e-01 1.000000000000000000e+00 1.616110664606705272e-01 1.863216375193241237e-01 2.721286059803826873e-01 4.082310711404606440e-01 2.219649104364420644e-01 -1.779074293991675035e-03 1.852545759239134782e-01 7.607505574842494678e-01 5.177393116280949448e-01 3.341447746434943467e-01 4.521492624892058387e-01 4.663528682912667644e-01 9.410304741748740098e-02 1.142404083524951597e-01 2.474421044411373727e-01 7.101493224147923389e-01 4.885112392541171022e-01 2.509227600247274648e-01 -8.287368227647206459e-03 1.712387602881830506e-01 4.534629122588357264e-01 4.804743454168943773e-01 3.352804577389550400e-01 2.525119091961540163e-01 2.040696059269440921e-01 8.863804568171692599e-01 5.711811148669928423e-02 6.477883947610405535e-01 2.927257317863931063e-01 3.394808641570060681e-01 3.971059474699429881e-01 6.603500673955381428e-01 1.220158143571086484e-01 1.209075217680783521e+00 1.716305137353453802e-01 2.401835272471070648e-01 3.281758476085872012e-01 5.074603145100304857e-01 2.874767031231773573e-01 5.554898169207869024e-02 2.047279978907060594e-01 8.055691200949793851e-01 5.303337966176492335e-01 3.142348236143294726e-01 5.073746236431205814e-01 5.874847329220451719e-01 1.302269180902781431e-01 1.464336968698817243e-01 2.930000836814605769e-01 7.157342717824494160e-01 5.057943507707933772e-01 4.112799712837099664e-01 9.119153671506201320e-02 6.516962115987690041e-02 4.826541696122754743e-01 4.605830222085504633e-01
2.313061602682973672e-01 -6.204196370738939564e-02 2.788195528442241611e-01 7.012293059919329219e-02 3.264380779769416457e-02 1.500679820457024027e-01 3.704202588167279098e-01 1.477868075357030853e-01 3.651292588799654459e-01 1.048799604019628740e-01 2.698649641054356452e-01 1.616110664606705272e-01 1.000000000000000000e+00 3.400917167244411621e-01 2.404841080216112426e-01 1.046596353347472447e-01 3.651636082386103266e-02 1.373841556636666850e-01 1.499062736866549617e-01 1.803493922436598118e-01 1.308957650443995091e-01 1.283054075997906163e-01 4.525314073420231425e-02 3.599989254106722436e-01 3.601440409660477959e-01 -3.608851436858438733e-02 3.928264889530911352e-01 6.470253127659816861e-02 1.710723826676753268e-01 3.018188048460376111e-03 1.404109888870817835e-01 1.361595643103279407e-01 1.180203513772834223e-01 1.053640471504982967e-01 1.691048312205087889e-01 -7.786389231989537807e-02 1.097082469321527254e-01 4.946850526690669408e-02 1.964969881053317546e-02 1.265655188442493251e-01 1.724045212702051133e-01 6.390208300238314765e-02 2.535949172885866854e-01 1.187660911339301351e-01 1.164933883032949063e-01 1.200902011168838296e-01 4.934396489813916986e-01 2.345553254732951620e-01 2.555444442087851931e-01 1.232154470161509197e-01 -8.316691114905838678e-02 1.666084555740905693e-02 1.039294430908621267e-02 1.870035540776065763e-01 1.478374355032106846e-01 -1.029188158387493550e-03 6.289126893778665406e-02 2.494923619193719078e-01 1.504789460237080934e-01 -1.728873816394051188e-01 6.918596124362952349e-02 3.398533906181345349e-02 1.752699927731717344e-01 -6.937224498568569930e-02 1.449624556814388954e-01 1.283973178479737576e-01 1.325230838052500748e-01 8.577518843328156561e-02
7.900214570764563238e-01 -3.231518877633798859e-02 8.692732524431053820e-01 3.678452262244863435e-03 1.701505428803165229e-02 1.880897662917215274e-01 9.847764520622379614e-01 4.875230148111984185e-01 4.548596788234602895e-01 2.510615787394622211e-01 3.799215157997145043e-01 1.863216375193241237e-01 3.400917167244411621e-01 1.000000000000000000e+00 1.586639342333515668e-01 8.335494268465197532e-02 3.537329412839615994e-01 4.114048158396641508e-01 5.087222986423971527e-01 3.387826752699047983e-01 4.610232484109757362e-02 3.160748119399325873e-01 -4.367034125954900176e-02 5.658776814344994577e-01 3.275323122374126927e-01 2.321931524500937538e-01 6.957122938974449333e-01 8.803104319560704771e-02 2.010493830668865778e-01 3.828361174813348367e-01 1.681035183029519486e-01 2.653492351755332157e-01 1.378403057036148571e-01 2.838465865403374394e-02 5.438233430772643207e-01 -3.992101058230561328e-02 6.417740690108225676e-01 -7.827009484615332635e-02 1.355323632528663766e-02 1.121245025815507113e-01 7.604999525582960551e-01 3.342733969857662468e-01 4.231212918477630924e-01 2.059312260275280304e-01 3.935650353736119822e-01 1.140646178524285237e-01 3.225277418233708504e-01 8.572325320264633230e-01 2.004706869625168808e-01 5.871878658492079434e-02 6.588811208135277042e-02 4.904539869420311837e-01 2.784903141537664051e-01 3.341820945169724499e-01 4.491044894564604623e-02 1.827262275581044704e-01 -3.079057110031146322e-02 3.585954855460438684e-01 1.584263142465334173e-01 2.163834653830356003e-01 4.353206542671249624e-01 7.013488138477219636e-02 1.817977782386639152e-01 2.684290117722425845e-02 2.264331286431229828e-01 1.795875046709807521e-01 1.859374873528309435e-01 -4.228515117577105742e-02
9.133963844579440217e-02 2.310885300779869089e-02 1.865982491991695913e-01 1.386712903365573124e-01 8.384351087724166429e-02 2.619204663428744695e-01 3.291462907377989966e-01 2.544968167116556934e-01 3.020697643635509300e-01 1.499318852162414839e-01 1.285420833138823382e-01 2.721286059803826873e-01 2.404841080216112426e-01 1.586639342333515668e-01 1.000000000000000000e+00 1.313942295823530282e-01 7.460818624823522052e-03 3.053359796356629879e-02 3.507485886439108171e-03 2.446576941828801088e-01 1.308350463103652439e-01 1.789612027506095882e-01 9.013556372153776197e-02 3.998905337593137155e-01 1.707255483262715423e-01 1.091220010617766079e-01 2.309158477395794051e-01 2.261712879168748525e-01 1.588081787832132941e-01 1.153142395471771914e-01 2.739096570759056576e-02 1.017271445944049890e-01 1.903289340435589394e-01 1.622996208988440880e-01 9.861386713247455305e-02 6.754316747518973596e-02 1.836293509244676658e-01 1.169335793601415374e-01 3.836254297629666105e-02 1.722936851818032133e-01 2.325335321172666281e-01 1.427984016417276625e-01 3.142361277106209827e-01 1.490532413112805044e-01 3.466416911679293111e-02 2.025680936006033495e-01 3.000077249507254185e-01 1.693160315772052060e-01 3.179937755841703573e-01 1.510806669661829138e-01 2.357081098398885674e-02 -1.685198168594235699e-02 4.978531690344169432e-03 2.568768005872738569e-01 1.411279801546459767e-01 1.193327363362371718e-01 1.059591767745424740e-01 3.842887307928231078e-01 1.472012643770749252e-01 2.661493534670180544e-02 1.184940093450669030e-01 1.838605509377534142e-01 1.666317737490007889e-01 6.312818073580779565e-02 1.120281358128996790e-01 6.431951575511646313e-02 1.659068709507837414e-01 9.950415272161325375e-02
2.126697243343804999e-01 4.254981298615711366e-02 -3.580650432293518148e-03 3.980949670711160793e-01 6.238250440175945044e-02 3.878803264607545986e-01 6.228645540275649928e-02 1.432502326603093956e-01 1.082227039741813363e-01 2.785234990082488538e-01 3.284380946066992740e-02 4.082310711404606440e-01 1.046596353347472447e-01 8.335494268465197532e-02 1.313942295823530282e-01 1.000000000000000000e+00 4.663730500150681940e-02 -5.597485862801684399e-03 5.330265836818411790e-02 9.492110970170053452e-02 9.264749810792652918e-01 1.418782030067806399e-01 8.037611615281150534e-01 1.914837800093628362e-01 3.131404494057807297e-02 -5.726231360955169603e-02 1.827509805140964949e-01 3.737878072195545132e-01 6.635685373339654802e-01 1.301726349178936037e-01 -2.558280282909368084e-02 1.682073455448844790e-01 4.405996674350457498e-01 4.696216711371463681e-01 2.707461790280173974e-01 7.762915882669667311e-02 -2.460057930453334735e-02 4.753461448002442857e-01 2.982910985005255908e-02 4.376516082455658152e-01 5.180211201922501479e-02 1.795419990037560309e-01 1.672599668898444025e-01 3.329689104605691452e-01 2.468097056519101551e-02 4.544318895585339746e-01 1.227804786157474792e-01 1.204300366151325186e-01 1.814570181858537468e-01 8.391295389148536454e-01 1.410920475465845259e-01 -5.681244722037516459e-02 5.696656815712135974e-02 1.283103594458560315e-01 9.000597368555892652e-01 1.174797799373434593e-01 7.614420418315768213e-01 2.734057170117307201e-01 2.918629459598100218e-02 -3.566520027682471700e-02 1.099405708891376537e-01 4.057892905724576060e-01 6.734229852921422843e-01 2.592488703653229032e-01 -3.730814562814361440e-02 8.249363493076453113e-02 4.079283855053742469e-01 4.458864127183116977e-01
3.515596300798786711e-01 2.282384373844960623e-01 4.792549648916250016e-01 8.140354049591674857e-02 1.686225814053261135e-02 2.146495306871017139e-01 2.581055215327464625e-01 4.140018454007320936e-01 3.520987202499345492e-02 2.306843385874632890e-01 4.070624058187531369e-01 2.219649104364420644e-01 3.651636082386103266e-02 3.537329412839615994e-01 7.460818624823522052e-03 4.663730500150681940e-02 1.000000000000000000e+00 3.223543405093790004e-01 8.622696582302011858e-01 3.451117301968387174e-01 3.420441128315322710e-02 2.837571001126638071e-01 1.886390761648358283e-01 1.129829877258575199e-01 3.797834796043227795e-03 4.473760988114198200e-01 4.326061312374416268e-01 2.969142386592301674e-01 2.006812237977479985e-01 6.348540567322892292e-01 5.703024858963820498e-02 8.692623332124019275e-02 1.725221636203027320e-01 2.338391057002644213e-01 3.381073488765820034e-01 2.554334241869703481e-01 3.123050173595376400e-01 2.139992976994286103e-02 -5.824023797783291906e-03 1.347813436059528136e-01 2.350414176512505005e-01 3.914460693341732522e-01 3.312457258790627024e-02 1.945717490762108870e-01 3.368799242156746976e-01 1.393258231119142987e-01 -1.172856568226145896e-01 1.973785123859915502e-01 4.032277025063425030e-02 7.138591032998932440e-02 4.988110087598546238e-01 3.116220206162779727e-01 5.425183612478722273e-01 3.078826986987616698e-01 1.619598848126686808e-02 1.970490422029690381e-01 1.623835490364497758e-01 1.081852236083626351e-01 -4.842383739763020389e-02 2.559157126521413028e-01 3.407788661870799762e-01 2.724305995777102085e-01 1.313556496887031133e-01 3.993025980400564112e-01 8.586589913255372741e-02 -3.421001430583851810e-02 1.816374243964427593e-01 1.628563615839883905e-01
3.278823174471644508e-01 -1.299426755947487577e-01 3.728736106553174334e-01 -1.242622649867005657e-01 3.136459789759175887e-02 6.054817601135045052e-02 3.188505545458492074e-01 2.436759184671190570e-01 8.233922944512961362e-02 6.463719045206973990e-02 3.056129927602606045e-01 -1.779074293991675035e-03 1.373841556636666850e-01 4.114048158396641508e-01 3.053359796356629879e-02 -5.597485862801684399e-03 3.223543405093790004e-01 1.000000000000000000e+00 4.415902369118185344e-01 7.408799631331776381e-02 -4.536051702667161928e-02 3.479968078587116626e-02 -2.629544930393941382e-02 5.124948266406711278e-02 4.593817771824258017e-02 3.038412066031491721e-01 2.699492287937860224e-01 -3.343973441196210206e-02 6.972231101791190322e-02 1.679143825671325641e-01 1.760119938405399487e-01 1.796496857779577017e-01 -2.999242743337716607e-02 -6.155779581507005854e-02 2.014087520823546196e-01 -9.633573778708283408e-02 2.365615341807594252e-01 -1.377983831780597301e-01 -1.728703543762902251e-02 3.927620293448142591e-02 2.340817122724578869e-01 1.822177530065540729e-01 5.602427271952322568e-02 7.167788349268425230e-02 2.014607897234061418e-01 -4.091660298049291933e-02 5.382322085449720711e-02 2.836212687651652464e-01 5.231710668816147436e-02 -4.381115204492248838e-02 7.023739402730432534e-03 3.175908959821026056e-01 1.511606877435412999e-01 6.194091886731941526e-02 -3.920441763754363429e-02 -4.350139894759836451e-02 -5.225569253070122544e-02 -3.774555543548222675e-02 -4.527794658583452446e-03 1.110787307669609397e-01 9.810545207722908001e-02 -3.792691630133829261e-02 9.028652649165410521e-03 -3.923958813134453827e-02 1.278330300567179223e-01 2.388969786598028888e-02 -2.788704765466384905e-02 -8.218491671616343086e-02
4.458962469800128448e-01 1.197811680945780749e-01 5.003240670315329819e-01 8.005155548864760495e-02 6.907519795881593254e-03 1.798325206551134314e-01 3.301101217124631226e-01 3.782491755164838487e-01 6.828497828925997326e-02 2.555919154311483421e-01 4.497986193084181350e-01 1.852545759239134782e-01 1.499062736866549617e-01 5.087222986423971527e-01 3.507485886439108171e-03 5.330265836818411790e-02 8.622696582302011858e-01 4.415902369118185344e-01 1.000000000000000000e+00 3.268404058685667746e-01 5.495010252627960390e-02 2.299328980850577353e-01 1.255593086541204051e-01 1.077522109612394502e-01 8.480713197842060236e-02 2.940835294507303521e-01 4.683243090144722509e-01 1.832119462246740993e-01 1.719012157775451077e-01 4.888523138759460762e-01 6.290665881328762199e-02 1.304243302329176901e-01 1.322299402800992396e-01 1.682778799282262372e-01 4.092922610068197575e-01 1.494974737497710982e-01 2.913534973301433184e-01 2.415761401623768220e-02 -8.445375025062748509e-03 1.197049754342399130e-01 2.487492022869721708e-01 3.649690951899471902e-01 4.031385923656837650e-02 2.405056454569185209e-01 3.965360733096932044e-01 1.256375177332391402e-01 -2.332570142921308598e-02 2.887089160718239733e-01 4.890877569373196926e-02 8.274320685484755356e-02 3.660377227155711122e-01 4.214165243450036513e-01 5.214149906601626139e-01 3.125295981512595800e-01 5.464397231568476898e-02 1.171149306414281527e-01 1.353706963682935749e-01 5.766179708469718057e-02 -3.071773478238262745e-02 1.400401390057332551e-01 2.762908429027455814e-01 1.835802378964476733e-01 1.349534077525493259e-01 2.754141633400746803e-01 1.290589028934898130e-01 3.086384454778866998e-02 1.880732787967035746e-01 1.191382709542399554e-01
1.986910778085028417e-01 1.855851055902220936e-01 4.307928557891034793e-01 4.826351021994359503e-01 3.699792885311629226e-02 3.320286000794921977e-01 4.682398302518606115e-01 3.837736136369359063e-01 4.067522776460688050e-01 5.653400628252506221e-01 2.930462341110189883e-01 7.607505574842494678e-01 1.803493922436598118e-01 3.387826752699047983e-01 2.446576941828801088e-01 9.492110970170053452e-02 3.451117301968387174e-01 7.408799631331776381e-02 3.268404058685667746e-01 1.000000000000000000e+00 7.147260431165633476e-02 4.370322265612529566e-01 6.382875940695242889e-02 5.589571977928708968e-01 1.774823147269266599e-01 2.742779287813920108e-01 3.753217107625108628e-01 4.364368584264551876e-01 1.278682580260523949e-01 3.681461966654617779e-01 6.245195600370141709e-02 8.555321714272204336e-02 3.707887579356898833e-01 2.721578830835952312e-01 2.884833895097405065e-01 2.035814992459798467e-01 4.611501116711803627e-01 3.417776983308677408e-01 5.068586908536605595e-02 2.320284872897248329e-01 4.662485005271801430e-01 3.902873164337064549e-01 4.388252414410956370e-01 4.756649878096432249e-01 2.707124956989586106e-01 5.887923721085774886e-01 1.821276266364443008e-01 3.306444558323243244e-01 2.668850521625786287e-01 1.401225480596145490e-01 3.205930586933197768e-01 2.276453824882873345e-01 3.424931114170765567e-01 1.443335768048986001e+00 8.596053650546042757e-02 3.603667638758264458e-01 1.314448675004053768e-01 5.275595448449755809e-01 1.569512196969996276e-01 2.321517529709684058e-01 3.809590746045440901e-01 4.216821283047922919e-01 1.592472265310924118e-01 3.340141314334100220e-01 2.179124442255108707e-01 3.875418142442820651e-02 3.824914117435215255e-01 2.331448456028933913e-01
2.361274869815137012e-01 1.048313746633931648e-01 -8.883662926677182714e-02 5.169889668105007718e-01 9.020535975912560844e-02 4.630509913218376350e-01 -1.786908841935677672e-02 1.421499454469384305e-01 8.090160511341201732e-02 3.242198409572263351e-01 1.322184515678106326e-02 5.177393116280949448e-01 1.308957650443995091e-01 4.610232484109757362e-02 1.308350463103652439e-01 9.264749810792652918e-01 3.420441128315322710e-02 -4.536051702667161928e-02 5.495010252627960390e-02 7.147260431165633476e-02 1.000000000000000000e+00 1.160667308992817115e-01 1.128385515913195913e+00 1.519038023393439185e-01 1.335127398633626297e-02 -1.261433108836479966e-01 1.211460716325820919e-01 4.484131291167422484e-01 9.294914547764526747e-01 1.565304582199813499e-01 -2.135995073875572234e-02 1.805720661674343197e-01 5.612327605168633271e-01 6.411292946755602351e-01 3.128752423548754602e-01 1.308564710475471071e-01 -1.059152713716310229e-01 6.268307690996304249e-01 5.583838532356655282e-02 5.344091853406087722e-01 -1.411075610868281136e-02 1.967044742396830970e-01 1.759058327644186792e-01 4.037237583252631934e-01 3.442201928371175362e-02 5.863391310743885088e-01 1.310166964860116634e-01 9.267959994739333185e-02 2.030656860379888018e-01 1.046649315891798437e+00 1.896795144049496784e-01 -9.222700638496007797e-02 4.738132885942868133e-02 1.244523235042422488e-01 1.556804059620603198e+00 1.224600295474449901e-01 1.079983989873052774e+00 2.806597773624763259e-01 -5.967515509436841295e-03 -6.726762124122068198e-02 7.276580130224183374e-02 5.129128248386489730e-01 9.136998330886580977e-01 3.637345310960004574e-01 -6.507807847502888876e-02 9.373950302583525240e-02 5.370991936608540129e-01 6.188722768202199465e-01
1.286316086663638614e-01 2.996305153148439704e-01 2.838310207127417439e-01 2.599533595269552522e-01 4.511467576340377761e-02 2.237535635402255751e-01 3.890767205416478802e-01 3.118703535603566390e-01 4.102760755103500023e-01 2.648436016350826372e-01 2.436804895542909744e-01 3.341447746434943467e-01 1.283054075997906163e-01 3.160748119399325873e-01 1.789612027506095882e-01 1.418782030067806399e-01 2.837571001126638071e-01 3.479968078587116626e-02 2.299328980850577353e-01 4.370322265612529566e-01 1.160667308992817115e-01 1.000000000000000000e+00 9.624285361804421624e-02 5.666570643493284987e-01 2.817878273003038836e-01 3.557726779117928451e-01 4.192107735611506070e-01 3.044687550652400154e-01 1.778283014239958049e-01 3.958790957158147550e-01 5.857953561595498349e-02 1.386362693135136936e-01 3.248778902299661597e-01 3.276913197511011067e-01 2.753499947244752444e-01 3.334078269188419097e-01 3.536554753816253949e-01 1.589407416466168677e-01 6.306536528660915131e-02 1.725496621198977509e-01 4.412428580885032758e-01 3.452290075736663133e-01 4.062915247423031229e-01 2.414618412108420209e-01 2.448129712385530565e-01 2.736244641314507509e-01 1.720312065230808207e-01 3.648757743492319072e-01 1.898748377041228619e-01 1.925824699261653727e-01 3.085904693561578593e-01 1.904523330717006191e-01 3.366984832110805348e-01 4.478109444119181548e-01 1.171863377778424725e-01 5.848118729331120980e-01 1.501019882810414041e-01 5.381683853591190392e-01 2.518709561552538445e-01 3.270687975238248946e-01 5.291877105219514599e-01 2.751654217546403158e-01 2.359430848345674403e-01 3.578308759039736109e-01 1.873487572580372629e-01 5.154395805876457737e-02 2.856518276719259841e-01 2.568849912361888532e-01
1.423043306874328118e-01 1.511910892289882458e-01 -7.156957743426818619e-02 4.938198130966253707e-01 9.204894428399072737e-02 4.768419062246101459e-01 -7.688177429043537014e-02 1.961276655390806756e-01 -5.068127539462174980e-02 3.074637378011396138e-01 3.659266670338593569e-02 4.521492624892058387e-01 4.525314073420231425e-02 -4.367034125954900176e-02 9.013556372153776197e-02 8.037611615281150534e-01 1.886390761648358283e-01 -2.629544930393941382e-02 1.255593086541204051e-01 6.382875940695242889e-02 1.128385515913195913e+00 9.624285361804421624e-02 1.000000000000000000e+00 2.369235114866096586e-02 -1.086347058081063854e-01 -5.119503057449988070e-02 1.377771958145148079e-01 5.853054246475282163e-01 7.775765124550533258e-01 2.652706619465250992e-01 -2.744201027725873612e-02 1.085054175680655875e-01 4.776096665292398069e-01 6.265613525553785923e-01 2.421319733618001457e-01 1.863066932292950784e-01 -1.147795455343495474e-01 5.776895739996268375e-01 2.642749471426464325e-02 5.135548980982648226e-01 -9.334840870606023189e-02 2.326113029529667808e-01 3.631920733265599915e-02 3.768601708655148208e-01 1.488031082626227464e-02 5.016178645770583699e-01 1.428472586191887120e-02 -2.148661053090509046e-02 1.424234707826794177e-01 8.797850165045693061e-01 3.027323438450064685e-01 -1.011459302719477094e-01 1.056501975548571476e-01 1.061232375803127792e-01 1.006096617958533779e+00 9.554637907813350040e-02 1.184585101448932587e+00 1.793850894053961864e-01 -8.239862274154714783e-02 -2.500929992273201105e-02 9.297288964706848513e-02 6.164334853260898806e-01 7.336344112405596141e-01 4.595990418726926818e-01 -5.066568728685257039e-02 9.024158541003947376e-03 4.530861020324299382e-01 5.955382868307648181e-01
