1.000000000000000000e+00,2.243782485004679195e-01,5.809960053116276502e-01,4.833817940633968191e-01,1.792570960758405330e-01,5.828620397000451314e-01,6.044294970164214575e-01,6.356231419847068187e-01,1.877734047678756291e-01,3.981379781905480808e-01,3.113748704972476578e-01,4.625322043610450851e-01,2.206049756159365882e-02,6.334103375283840487e-01,5.575856785281858158e-02,3.782996494020998135e-01,7.480549461778319698e-01,4.618178368226638075e-01,6.805583900725089563e-01,3.959855044752960684e-01,4.252010771488957119e-01,4.409765125027054200e-01,5.294156009929216200e-01,3.590317522920694615e-01,1.485804710085472310e-02,4.731880266145915281e-01,6.442840590698775127e-01,5.841646962635216322e-01,7.422977810358789563e-01,6.821694191559453113e-01,2.767923747755016151e-01,3.551094017937484471e-01,3.368263657978406433e-01,3.103389355256165327e-01,6.755973650396798202e-01,8.560946512788948637e-02,4.174537350517785184e-01,4.678429533070389001e-01,6.425769889878278629e-02,4.660028865867552050e-01,4.557672647312516201e-01,5.115510441193779068e-01,3.426298635801344056e-02,4.650719381137322084e-01,1.262758320212593877e-01,4.144144003885182892e-01,-1.149771410230084924e-02,6.145958337512233971e-01,1.789401696584961947e-03,3.834566656406926954e-01,5.015782919169081699e-01,3.382832896246159016e-01,5.992601332649915014e-01,4.007208311756257357e-01,4.745744150506095993e-01,3.274108232642664040e-01,5.196774303152225105e-01,3.085295670764592879e-01,-6.941525423010451445e-02,2.690205831436008888e-01,4.889908896910167280e-01,5.029124591191708182e-01,5.833607966795865130e-01,4.661662963427725681e-01,2.026112376173214991e-01,2.779605800707077301e-02,2.965314222601067029e-01,3.532174048409122968e-01
2.243782485004679195e-01,1.000000000000000000e+00,-6.126134318363903042e-02,3.848398094458114205e-01,1.160792419193820840e-01,2.243771684956716306e-01,-2.013566666440843103e-02,7.197969381789640075e-02,5.593397758887871940e-02,9.424095858442632645e-02,2.325903206334820894e-01,2.279785944319050739e-01,-2.031009763689318182e-01,-1.444163757187653940e-01,1.025522656572670499e-01,4.919930671473916051e-01,2.460075304482183256e-01,-1.504383146144878391e-01,1.974525587646507041e-02,2.354717038316456179e-01,4.636321600947934107e-01,3.749713621665802799e-01,5.157238091873102004e-01,2.256587752426299498e-01,1.265459467842391938e-01,2.260667714128908323e-01,1.911827096204748722e-01,2.728219705369139825e-01,3.511529037463684833e-01,3.677808542861806806e-01,-2.021368649590736255e-01,-1.097004404580621262e-01,2.641624420355941361e-01,5.895496671059384797e-01,2.415054117837259762e-01,5.599735528960868569e-01,-5.087851556204814329e-02,3.305880701045267878e-01,2.426559925084512126e-02,2.343085251799397473e-01,-5.492293253053916191e-02,1.253532005939863858e-01,-1.939268693991428195e-03,1.171965228845112672e-01,1.248753532805827460e-01,2.259029051078246531e-01,-1.405988562925176710e-01,-8.762413140052371929e-02,8.395464205449126860e-02,5.372869800282571440e-01,3.518262853765603548e-01,-2.237661677213132194e-01,1.532525313027700842e-01,2.160262802597838760e-01,4.744347314391964554e-01,4.374083639850490646e-01,5.309130541444277984e-01,2.444842760308773288e-01,1.798959434998021745e-01,1.849139685420510271e-01,1.423585201544952661e-01,3.735311138187853985e-01,3.650584579792202078e-01,5.241781626772149538e-01,-2.773126278590389848e-01,1.443925586934406702e-01,2.765553531558579414e-01,5.674179238625175481e-01
5.809960053116276502e-01,-6.126134318363903042e-02,1.000000000000000000e+00,3.445161268576770186e-01,1.498824134996415425e-01,5.352799257387876875e-01,8.826622621442040684e-01,5.735025319902070651e-01,3.588094252879034385e-01,5.281246341215919404e-01,2.067525365436384543e-01,5.083475280514858641e-01,1.198744546917560744e-02,7.189548930342157806e-01,1.401622245697910496e-01,1.145154444265744920e-01,7.147749613331370044e-01,6.031380279700784275e-01,6.514558377276608025e-01,4.752561180414354158e-01,2.274906105305493920e-01,4.508207988148033030e-01,2.776810181773428088e-01,5.549174636896002655e-01,-7.053540059363333503e-02,7.481364598645676711e-01,7.186504874444941127e-01,5.659543029633374855e-01,5.447034312974405879e-01,6.758126819859682222e-01,4.710737671964295714e-01,2.871442624561681978e-01,3.238444563429531131e-01,6.649089501233614030e-02,5.102805879815340839e-01,-1.713312108887087015e-01,7.694416257218713584e-01,3.685732150302922783e-01,1.264243124637997873e-01,3.830441284903919330e-01,7.699280987230671114e-01,5.289610148495147435e-01,2.201595780317466000e-01,4.982024687900327709e-01,-2.795971705765594104e-02,4.454417296873415810e-01,-8.222667916902277538e-03,6.742743233931807190e-01,6.013697936784927200e-02,1.264529919553193105e-01,4.692670037762565749e-01,5.361523392902353136e-01,5.349940730799140898e-01,4.641418147847974351e-01,3.051728541319895793e-01,2.811112077861279146e-01,3.308795849835446390e-01,4.496094559124826362e-01,-2.177314189055547522e-01,5.441225617396403536e-01,6.257062687749738172e-01,4.940615669207079619e-01,4.495078490049346231e-01,3.938407861493599116e-01,2.941589031570038815e-01,-1.680424130070325428e-01,2.664323233258553691e-01,1.116623184140352332e-01
4.833817940633968191e-01,3.848398094458114205e-01,3.445161268576770186e-01,1.000000000000000000e+00,1.320551569060247898e-01,5.734982787130742388e-01,4.562576861378610515e-01,2.664042554633919702e-01,2.585773488358145689e-01,5.286303986672804545e-01,1.667226965096477997e-01,7.599168955124250280e-01,-2.358277326064963930e-01,2.106851750687585290e-01,1.762889253676629964e-01,5.594859122248003747e-01,4.536382326361591000e-01,1.032556866512450988e-01,2.423429099100680162e-01,8.107188128496981561e-01,5.940007630921317894e-01,5.284440681256462602e-01,6.236699072359050966e-01,5.631290260301309303e-01,-7.992773176212608632e-02,5.076631444063903764e-01,4.331762536725256574e-01,6.538528746330666275e-01,5.926400711961313794e-01,6.006106106361563945e-01,7.147868676318279435e-02,4.262991333617803524e-02,4.466833695421095762e-01,4.828063101714309413e-01,5.333423749749357512e-01,3.646594936587398972e-01,3.975629481724158865e-01,9.486255442284927675e-01,8.414063258743566254e-02,5.715350006817665474e-01,4.053805574086428165e-01,3.082689405046143971e-01,1.649906187669640256e-01,5.773473012444835240e-01,3.589080856587521795e-02,7.588499277237391594e-01,-1.287513480028261159e-01,3.207577610392182144e-01,1.774061479969797905e-01,5.933890229961196194e-01,5.636337610196950898e-01,7.822289896976425405e-02,4.272314770246722349e-01,8.076481400115467224e-01,6.223313046806746573e-01,5.527587756949630116e-01,6.771106835476971009e-01,5.744874269122332011e-01,-7.499471440140564882e-02,4.596872255318812939e-01,4.716473622933830545e-01,6.288266171912989533e-01,6.095414717945528693e-01,6.558249401580116267e-01,-3.517461599022612961e-02,-1.472817829421865440e-02,4.090642401534878014e-01,5.553218318377159957e-01
1.792570960758405330e-01,1.160792419193820840e-01,1.498824134996415425e-01,1.320551569060247898e-01,1.000000000000000000e+00,3.157841612941855725e-01,1.799308980651030121e-01,2.148155824253790147e-01,2.005404649457668276e-01,1.655524783402213818e-01,1.136782592020171984e-01,1.835048249419357347e-01,1.345135495592016672e-01,1.371112072866109144e-01,1.567208149744103995e-01,1.671569265514907254e-01,2.105726757367854529e-01,9.076638786762056266e-02,1.925134617093468836e-01,1.606530154664765897e-01,1.921600397247858194e-01,2.274817376297658400e-01,2.018920520489234649e-01,1.622218946065681067e-01,3.228788731526506528e-02,1.196599902427788048e-01,2.179514688095649244e-01,2.159154509503091179e-01,2.177215484408353552e-01,1.632940817151839197e-01,8.199143429741832800e-02,2.298564479222046097e-01,1.200488741422722910e-01,2.145270345427162939e-01,1.221933830754173833e-01,7.256364405665353956e-02,8.935791582476387829e-02,1.437783768145974306e-01,1.884367056843397059e-01,2.493118464905083320e-01,1.160189910624715298e-01,1.703210185796291964e-01,1.371645176449439729e-01,1.737730541237657578e-01,9.312810834698521945e-02,1.706321259399690426e-01,1.496601437204822804e-01,1.226855568220500819e-01,1.158227402083581992e-01,1.835781947001317305e-01,7.446130543364264109e-02,8.746003020226073010e-02,1.195073029631914946e-01,1.493904637454842865e-01,2.137513402899466619e-01,1.497653185086374183e-01,2.304877370143120219e-01,1.655206597595312301e-01,2.431604594140044859e-02,3.940794349207917685e-02,1.331005909155733025e-01,2.031910888749415001e-01,1.864649994586938808e-01,1.236835468353622847e-01,8.688573078475718414e-02,9.154232767421204009e-02,1.482731696652832831e-01,1.752086056223389476e-01
5.828620397000451314e-01,2.243771684956716306e-01,5.352799257387876875e-01,5.734982787130742388e-01,3.157841612941855725e-01,1.000000000000000000e+00,6.380339913119813522e-01,5.397432950986013056e-01,4.381206674707132098e-01,7.242474999451394835e-01,3.668577724488999992e-01,7.108130954882067032e-01,1.194623294857447421e-01,4.317980111326146231e-01,3.398593582677372771e-01,4.110435582543502386e-01,6.079585465850811943e-01,3.254004724809606564e-01,5.087210822823451384e-01,6.388372923925924596e-01,3.792382043786413637e-01,5.480847808316154923e-01,4.758603750025406920e-01,5.780478297722578818e-01,4.427406161857286998e-02,5.428056203461419926e-01,5.835811326526981757e-01,7.405469045534708306e-01,6.857983568725378731e-01,6.067604804805409868e-01,1.876218987490194667e-01,2.618966075265150573e-01,4.777227805119536042e-01,4.175703133498824271e-01,5.335237270969324097e-01,1.578477176163859408e-01,5.342193542119464400e-01,5.755541215447156356e-01,1.811806317730174642e-01,7.570968929474940490e-01,5.753816791479785531e-01,5.569629818111433428e-01,3.280544278094907340e-01,7.587332155901833630e-01,2.256447951610180969e-01,6.714361277077369738e-01,1.409003637823098010e-01,5.007663339573971140e-01,2.704842063416148523e-01,4.372826288288357843e-01,5.370223672775100709e-01,3.324179447243885699e-01,5.783404246533113691e-01,6.385757669915118617e-01,4.840740545095071901e-01,4.502290278848533611e-01,5.451622070695282263e-01,5.939407463695285383e-01,-7.989956925373513374e-03,4.365725280469824887e-01,5.422582467551131380e-01,6.589961883633469464e-01,6.484533546118459446e-01,4.911104794819179387e-01,1.788815050954072061e-01,1.062000830132305527e-02,4.277143295796041467e-01,4.561301758024642328e-01
6.044294970164214575e-01,-2.013566666440843103e-02,8.826622621442040684e-01,4.562576861378610515e-01,1.799308980651030121e-01,6.380339913119813522e-01,1.000000000000000000e+00,5.083848988998959095e-01,4.929213118250722059e-01,6.330272045401008629e-01,2.521251932131022833e-01,6.184952176936013846e-01,5.954036411917464078e-02,7.459307759947322314e-01,2.240322244479828473e-01,1.840970551004415812e-01,6.704893296631521116e-01,5.932050351104367625e-01,6.384415448952459604e-01,5.651376144439468341e-01,2.891956139252338520e-01,5.638500142984541608e-01,3.092114115963273124e-01,6.883155675767853587e-01,-1.216844318241816492e-02,7.685126025726062293e-01,7.508010008899361765e-01,6.552147196094109116e-01,6.134120143764254518e-01,6.985997632733449425e-01,5.457020378879822164e-01,2.818226224204020691e-01,3.765956100147815899e-01,1.208626098960225020e-01,6.250859164663856715e-01,-1.235983108188250107e-01,7.948394446636631860e-01,4.773318514046893668e-01,1.174832376279708601e-01,5.380049226657418471e-01,8.770245038875542631e-01,5.110212343643942834e-01,3.462536827661883421e-01,6.401498589372376369e-01,3.477388643981870614e-02,5.681807082304788370e-01,5.464117769604266012e-02,7.778292827366056761e-01,1.287654052796380344e-01,2.042266025370905458e-01,5.474632287199608927e-01,5.531312228337585957e-01,6.531712464656658224e-01,5.710305700979545485e-01,3.792344773334457297e-01,4.179604543239368586e-01,3.909422475751108128e-01,6.137816437222779475e-01,-2.103682161810224716e-01,5.937019999401412784e-01,7.226298463840171715e-01,5.530112511892657512e-01,5.735598291540334737e-01,4.521897136475711565e-01,3.512897627186226113e-01,-1.688942674775957276e-01,3.137659220809421723e-01,2.044657635840011201e-01
6.356231419847068187e-01,7.197969381789640075e-02,5.735025319902070651e-01,2.664042554633919702e-01,2.148155824253790147e-01,5.397432950986013056e-01,5.083848988998959095e-01,1.000000000000000000e+00,3.399233991620385226e-02,3.375688978024161124e-01,2.443442580845881784e-01,3.048983807945792601e-01,4.124439483637509091e-02,7.265207596012996927e-01,-6.856672852501723148e-02,2.156263962124707334e-01,7.201379232351305948e-01,6.233328312793873227e-01,7.149715482009441070e-01,2.488158610986860864e-01,2.523257297239899777e-01,2.960587931549767959e-01,3.635579253172337988e-01,8.684211281044064423e-02,-1.070720585180935380e-01,3.412367885222770125e-01,4.869525840670039796e-01,5.047003910153731177e-01,5.182277130068593252e-01,6.309369644965725499e-01,2.664376233287716889e-01,4.427917011080046983e-01,1.683590645482080927e-01,2.247487447008041928e-01,4.361021775815757118e-01,-7.988572874302049542e-02,3.559884530871512687e-01,2.508237561168494834e-01,1.006939796133134862e-01,3.736980372589505661e-01,3.504763808399632974e-01,7.155179835562908153e-01,-8.973378040191906657e-02,3.554765308430395399e-01,4.391724398068146823e-02,2.712183475913396702e-01,-5.496985241876579942e-02,5.889475147406180167e-01,-1.063866611406922569e-01,2.247411953513953342e-01,3.548459108873068812e-01,4.985485221239051024e-01,4.553474608297373161e-01,2.472523008716633330e-01,2.881110961834410511e-01,1.070081994817339843e-01,3.511321726572094737e-01,5.970399004360747719e-02,-1.891678121855160100e-01,1.228943660601016508e-01,2.989102782061560659e-01,4.565271629488721894e-01,3.156596867925829941e-01,3.600783031076372209e-01,2.794793102703770349e-01,4.003971623987320760e-02,1.179575587029245698e-01,1.678261620818243538e-01
1.877734047678756291e-01,5.593397758887871940e-02,3.588094252879034385e-01,2.585773488358145689e-01,2.005404649457668276e-01,4.381206674707132098e-01,4.929213118250722059e-01,3.399233991620385226e-02,1.000000000000000000e+00,4.813691588843005964e-01,3.028724177558365649e-01,4.902384504070915194e-01,3.211783230242107878e-01,1.438984433017770903e-01,3.960046438179226080e-01,1.975556667910281505e-01,2.104004452880956777e-01,1.175370885461025083e-01,1.577212125782709862e-01,4.359840705544916761e-01,2.433765732587096775e-01,4.894406048719056046e-01,2.243588543665661350e-01,6.645616723752070243e-01,2.460647674212576019e-01,4.896060622068280077e-01,4.966417095036714802e-01,3.511853228813145433e-01,3.878248542537696686e-01,2.751062303620540050e-01,2.152466692594857123e-01,1.669337447720165013e-02,3.663228025902411922e-01,2.357150576327877445e-01,1.927659229288541387e-01,7.755094357149942830e-02,3.976701361791553091e-01,2.982451785629676166e-01,1.506309216446156118e-01,3.499083379433746699e-01,4.672893834027389004e-01,1.312995869654722536e-01,6.238565518204473026e-01,4.037075091907639801e-01,1.951805846668705213e-01,4.338294521158487238e-01,3.547907831588049676e-01,2.564821623899242176e-01,2.939906360642478567e-01,2.027749061096861261e-01,2.143600964636366291e-01,2.215347515810429935e-01,2.103196057016808729e-01,4.374716236431238636e-01,3.277398088898163531e-01,4.573945957588343991e-01,2.798973674103306108e-01,6.112769494725640573e-01,1.342332939095975952e-01,4.189512898321296475e-01,4.924038900239774974e-01,2.966725362334226013e-01,4.279799029465262139e-01,2.318079444909201536e-01,2.169926296432758417e-01,-7.739600157126365343e-02,3.190720422841760162e-01,2.811769867160337499e-01
3.981379781905480808e-01,9.424095858442632645e-02,5.281246341215919404e-01,5.286303986672804545e-01,1.655524783402213818e-01,7.242474999451394835e-01,6.330272045401008629e-01,3.375688978024161124e-01,4.813691588843005964e-01,1.000000000000000000e+00,3.289258477487434496e-01,8.387841274148711834e-01,1.345933923672652521e-01,3.437454810770057545e-01,2.872193865419078729e-01,3.171156603951110209e-01,4.491445001260310765e-01,3.536859938706721218e-01,3.476503404512765183e-01,8.064221879526984882e-01,3.031411734896606869e-01,5.474701552377525537e-01,3.585105286577426331e-01,5.904374501274485265e-01,1.201764094380525782e-01,5.974770535222067025e-01,5.459076629929741076e-01,6.952113934504572379e-01,5.730775172698195918e-01,5.168302238784133751e-01,1.901312554404822053e-01,1.114199750006343720e-01,5.148905028414488827e-01,3.298175771990670690e-01,4.401372629373033196e-01,7.447033080743481470e-02,6.054331727068085200e-01,5.661782533698482833e-01,1.608933096770550630e-01,6.478971929701485832e-01,6.123491478859330872e-01,4.425386604120785661e-01,4.010883830494249014e-01,9.254442024166701364e-01,2.055812544980196166e-01,8.136104500989190802e-01,1.629226359802919966e-01,4.835691574427121164e-01,2.565594220834166439e-01,3.154139078052548562e-01,5.031889088463210591e-01,4.409809582000775441e-01,4.883567754515586445e-01,8.135261353483508318e-01,3.976144561084585249e-01,4.830752851480309973e-01,4.434367707945600645e-01,5.874505713356774628e-01,6.128849507789945958e-03,5.662851290364055989e-01,5.943987643998774884e-01,5.833620638790935065e-01,5.856603652998773057e-01,4.408162818775177572e-01,2.207956718443113697e-01,-1.044559932984776840e-01,4.311892025843922505e-01,3.726619076006265074e-01
3.113748704972476578e-01,2.325903206334820894e-01,2.067525365436384543e-01,1.667226965096477997e-01,1.136782592020171984e-01,3.668577724488999992e-01,2.521251932131022833e-01,2.443442580845881784e-01,3.028724177558365649e-01,3.289258477487434496e-01,1.000000000000000000e+00,2.757741933291502634e-01,2.007650393132590638e-01,1.783572687673966317e-01,1.744571698656801062e-01,1.514495750823013631e-01,4.122473804120793672e-01,3.825404201778216939e-01,3.304452596422355337e-01,1.996228419196679205e-01,5.646063422429612594e-02,4.149116016862358092e-01,1.632526221806199218e-01,2.457808820016711415e-01,4.701837204490043054e-01,4.684997568969587745e-01,4.138322364620771743e-01,2.628444057189215921e-01,3.650043205883711228e-01,3.760555937227982315e-01,-1.032024569318375912e-02,4.733266850817741817e-02,3.122554845974016002e-01,3.713086719634339228e-01,2.237956789716909201e-01,1.859169729306454910e-01,1.470288915048067191e-01,2.151448826319351804e-01,-3.682610717375240598e-03,2.639262651394662651e-01,1.807389730785614046e-01,2.999908612588159107e-01,1.213930416056310801e-01,2.835133212561772309e-01,4.986279260988848439e-01,2.260789751379327084e-01,1.143995964732759940e-01,2.476391705165701118e-01,8.452496050678949546e-02,1.487982323267436346e-01,3.834179459399488232e-01,3.084530630115396854e-01,3.782063334249941566e-01,2.029850702214965608e-01,1.583607411533468345e-01,3.145497927686009554e-01,2.009538215316034049e-01,1.667460970868588077e-01,4.374166986275845881e-01,3.346514080468623309e-01,2.652062681338649419e-01,2.351330058551654723e-01,3.082631687660101205e-01,2.661812505434718035e-01,2.163175923228223899e-02,-1.162798469875976279e-02,2.677246510004249180e-01,3.034226333557716315e-01
4.625322043610450851e-01,2.279785944319050739e-01,5.083475280514858641e-01,7.599168955124250280e-01,1.835048249419357347e-01,7.108130954882067032e-01,6.184952176936013846e-01,3.048983807945792601e-01,4.902384504070915194e-01,8.387841274148711834e-01,2.757741933291502634e-01,1.000000000000000000e+00,6.879672741323492047e-03,3.095454216844294448e-01,3.070499601488219099e-01,4.572575740974861858e-01,4.933516374486626166e-01,2.652378936348157579e-01,3.208213014337694680e-01,9.105047593501978120e-01,4.907261340584475606e-01,6.119025779278577382e-01,5.279865047030334324e-01,6.811003786025583429e-01,5.888714238628508374e-02,6.403543103349536025e-01,5.903116697868294738e-01,7.429255342448433108e-01,6.357679822086024224e-01,6.145363676701154354e-01,1.797744045479372776e-01,8.709965625672858036e-02,5.440460258859126652e-01,4.229333688107040912e-01,5.047062477403795322e-01,2.142834997350656911e-01,5.670808516939719324e-01,7.660026884276520676e-01,1.475115787101889397e-01,6.703995538403001442e-01,5.861233306074072891e-01,4.017842720729217221e-01,3.821512229542991523e-01,8.285430514153911963e-01,1.400841931017813846e-01,9.021727331208219125e-01,8.308499237715107066e-02,4.528122612117830292e-01,2.792357745802748203e-01,4.832473320513832604e-01,5.589488812318850197e-01,2.945197243161964407e-01,4.869486900005990937e-01,8.972425748110867127e-01,5.687695893101619715e-01,5.884425123140594183e-01,6.124100410729675925e-01,6.741477172071237423e-01,-3.834607860286638747e-02,5.826912251920791652e-01,6.401017586160402395e-01,6.775197444663483282e-01,6.691143173217201090e-01,6.005139248307053146e-01,1.527914748620325947e-01,-8.463205815821911449e-02,4.785926886168933581e-01,4.914107875738948916e-01
2.206049756159365882e-02,-2.031009763689318182e-01,1.198744546917560744e-02,-2.358277326064963930e-01,1.345135495592016672e-01,1.194623294857447421e-01,5.954036411917464078e-02,4.124439483637509091e-02,3.211783230242107878e-01,1.345933923672652521e-01,2.007650393132590638e-01,6.879672741323492047e-03,1.000000000000000000e+00,1.495567780958567405e-01,2.214308780286650402e-01,-9.124056737305226428e-02,-7.897321332508187852e-02,1.693730585374630948e-01,1.197626211878325131e-01,-6.830177661957252677e-02,-1.244292604399021701e-01,2.457210878363428469e-02,-1.017970452744737381e-01,9.545335187354982501e-03,3.932863025680210511e-01,-9.678644702008583345e-02,2.459694270683406847e-01,-2.967345636123718336e-02,5.374812718504139164e-02,-1.922868458369254296e-01,2.302050753111785641e-01,1.794499263909503650e-01,3.857319235639707772e-02,-8.408565401771382619e-02,-8.830521727214377115e-02,-1.829695525352116325e-01,-8.864513394855326467e-02,-1.754046838929325114e-01,1.035205005491590113e-01,4.760069592302004077e-02,-1.176255332231626073e-02,1.763926328386105150e-02,2.788158390498176598e-01,1.003049475866383267e-01,2.115439843016549137e-01,4.878951644029925171e-03,5.271055661998661490e-01,1.261332069941909495e-01,9.523542004418329709e-02,-1.081261266098654250e-01,-2.226875436710232248e-01,1.999577972425830852e-01,-5.697239131667917317e-02,-5.528197995824305627e-02,-9.704233723519421762e-02,-8.988186863861605258e-02,-1.220097017790292837e-01,-4.546878205513016358e-02,2.268930105094323357e-01,-2.120868669971913145e-01,1.191348269158708090e-01,-1.477560566208043769e-01,2.424564197170427093e-02,-2.899039457693114441e-01,3.367608184139758154e-01,4.055334970941255196e-02,-1.160635491752866864e-02,-7.793171493839848307e-02
6.334103375283840487e-01,-1.444163757187653940e-01,7.189548930342157806e-01,2.106851750687585290e-01,1.371112072866109144e-01,4.317980111326146231e-01,7.459307759947322314e-01,7.265207596012996927e-01,1.438984433017770903e-01,3.437454810770057545e-01,1.783572687673966317e-01,3.095454216844294448e-01,1.495567780958567405e-01,1.000000000000000000e+00,-5.916916272160446799e-02,2.646039636423172872e-02,6.677444230777507261e-01,7.899643627855741368e-01,8.109266065733508055e-01,2.482105727839236109e-01,1.289286743138491620e-01,2.833704117430234648e-01,1.597143951926330019e-01,1.702260849114224650e-01,-7.103400329754183673e-02,4.142447694038755568e-01,6.502920438354321542e-01,3.885752594130251203e-01,4.607664850031100157e-01,5.425042382594996715e-01,6.452960914388002900e-01,5.204510601247218649e-01,9.496558341193479802e-02,-3.444951316705701511e-02,5.512090515250492873e-01,-3.217952430837910938e-01,4.865606255950168935e-01,2.303223747235391139e-01,3.609625774767912659e-02,3.056109464424764943e-01,5.678579704686740337e-01,5.062500261476410301e-01,-2.302276004826985314e-02,3.945006729048257665e-01,-1.112781043164586502e-02,2.575909202306929102e-01,-2.111137352828893268e-02,8.598323794168548639e-01,-1.900454725833866654e-01,2.355043065494980339e-02,3.338047097227781479e-01,6.428292318327706312e-01,5.979400815808038061e-01,2.560473599229663444e-01,1.695006401754105829e-01,6.957826116824163132e-02,1.793000546002570805e-01,8.633608490245814338e-02,-2.629660754504973275e-01,1.556687888647697859e-01,5.062234626651160863e-01,2.722524601910085718e-01,2.901738056865198478e-01,2.045919032125541326e-01,5.237486372516727551e-01,-5.128262756641381592e-02,2.291737854199703620e-02,-2.424927080156138136e-03
5.575856785281858158e-02,1.025522656572670499e-01,1.401622245697910496e-01,1.762889253676629964e-01,1.567208149744103995e-01,3.398593582677372771e-01,2.240322244479828473e-01,-6.856672852501723148e-02,3.960046438179226080e-01,2.872193865419078729e-01,1.744571698656801062e-01,3.070499601488219099e-01,2.214308780286650402e-01,-5.916916272160446799e-02,1.000000000000000000e+00,1.907224940967658655e-01,6.077013578159350810e-02,-2.456485336309673431e-02,1.814531793941380824e-02,2.606045433663286559e-01,1.622614976755154259e-01,2.699840262412206426e-01,1.686525762606046197e-01,4.162129384687328071e-01,1.920932487506460395e-01,2.498540046905219636e-01,2.473033030904380480e-01,2.623824876658221728e-01,2.032200513593693803e-01,1.308949887844682303e-01,-8.359582064437249757e-03,-8.072467012983620960e-02,2.786018849668037700e-01,1.973142124360410810e-01,7.079325937243134692e-02,1.218399451752286422e-01,2.046070666637582747e-01,1.955643535509292708e-01,1.369537690182751899e-01,3.217269233742488521e-01,2.587377312173684274e-01,6.037483065572927382e-02,3.550288608918013566e-01,2.564816529466694139e-01,1.661538929196790804e-01,2.708350948106248990e-01,3.185224935067134111e-01,4.183735262475704597e-02,3.556919803567691885e-01,1.906851332105602981e-01,1.324042619803669496e-01,2.884120509713555477e-02,1.135003109996580023e-01,2.389627117586720084e-01,2.226307967140130073e-01,2.487209621184618136e-01,2.259613069798620533e-01,3.899170176483346961e-01,1.321941850391525619e-01,2.540689888534097274e-01,2.545490728642861855e-01,2.133823481159839996e-01,2.820983353458528242e-01,1.473171057052165001e-01,4.040080605920817053e-02,-2.124150969218838517e-02,2.453874558491059565e-01,2.230072188228597874e-01
3.782996494020998135e-01,4.919930671473916051e-01,1.145154444265744920e-01,5.594859122248003747e-01,1.671569265514907254e-01,4.110435582543502386e-01,1.840970551004415812e-01,2.156263962124707334e-01,1.975556667910281505e-01,3.171156603951110209e-01,1.514495750823013631e-01,4.572575740974861858e-01,-9.124056737305226428e-02,2.646039636423172872e-02,1.907224940967658655e-01,1.000000000000000000e+00,3.410006377822489276e-01,-5.374041511628697976e-02,1.251818839693611130e-01,4.565982601675408481e-01,7.444284974663503140e-01,4.697008176235108468e-01,7.850257376105602702e-01,3.664468767686739348e-01,2.675033320598988948e-02,2.659576695579185523e-01,3.616284506345527339e-01,5.654276347128780467e-01,5.482785786235532255e-01,4.999348061736349491e-01,-1.010978131658313017e-01,-5.674487667663783829e-04,4.136421006075308715e-01,6.277591155630710684e-01,3.512744955896033305e-01,4.661417851167350412e-01,1.557975926989051685e-01,5.057735835910488476e-01,1.138067617125579911e-01,4.245875012265601933e-01,1.564889539938604801e-01,2.548288184710114090e-01,1.231627046026309152e-01,3.504803752265782668e-01,9.035354644026573345e-02,4.315437821394172979e-01,3.816029790808786459e-02,1.013793089651400803e-01,1.994318676517956579e-01,7.407118584415485207e-01,3.974420417760752833e-01,-5.987853021657014302e-02,2.347480182108168945e-01,4.375792131175216815e-01,7.451033507339777096e-01,5.339957078425368042e-01,7.692383365574055887e-01,4.006405808373983968e-01,6.581340025236999403e-02,2.458864723680202480e-01,3.563420148658189568e-01,5.899055371909622814e-01,5.497063948826408364e-01,6.312182529579278834e-01,-8.734177949772944927e-02,1.269293525502759312e-01,3.796756129925618617e-01,6.362444294189911753e-01
7.480549461778319698e-01,2.460075304482183256e-01,7.147749613331370044e-01,4.536382326361591000e-01,2.105726757367854529e-01,6.079585465850811943e-01,6.704893296631521116e-01,7.201379232351305948e-01,2.104004452880956777e-01,4.491445001260310765e-01,4.122473804120793672e-01,4.933516374486626166e-01,-7.897321332508187852e-02,6.677444230777507261e-01,6.077013578159350810e-02,3.410006377822489276e-01,1.000000000000000000e+00,5.701991712843313964e-01,7.836456253800615501e-01,4.477252600133693194e-01,3.827277846973781705e-01,5.059954414912641862e-01,5.010047244420118284e-01,3.868649070698723658e-01,-2.414166890544137620e-02,6.566492983207845580e-01,6.970966832213414399e-01,5.935841513754108734e-01,6.699725917900174466e-01,8.113206289318179998e-01,2.905368731707803631e-01,3.138189721622726691e-01,3.265257843611797939e-01,3.747489369242915092e-01,6.007217172304809560e-01,9.229144879636487497e-02,5.251854402088040885e-01,4.452983544916507830e-01,9.432415803526369991e-02,4.348023222870907589e-01,5.150853962951034148e-01,5.998497619893137234e-01,5.346513927223817478e-03,4.509213157949115147e-01,1.552769699467251296e-01,4.147722991357948308e-01,-1.222127114791528579e-01,6.007971105905612896e-01,-2.285767482871736006e-02,3.533277268065839749e-01,6.174984348491400210e-01,4.164847962418827265e-01,6.519435368144081977e-01,4.338005076825530160e-01,4.563192009148190897e-01,3.558220286356751916e-01,5.206032506102583612e-01,3.106963146873401027e-01,-7.880787402043161471e-02,4.139267148706057275e-01,5.106897507384505763e-01,5.547348860699186091e-01,5.040704102464658165e-01,5.602900010528122365e-01,1.548906492206311991e-01,-2.128222153066218827e-02,2.800732124286814395e-01,3.653259192414630707e-01
4.618178368226638075e-01,-1.504383146144878391e-01,6.031380279700784275e-01,1.032556866512450988e-01,9.076638786762056266e-02,3.254004724809606564e-01,5.932050351104367625e-01,6.233328312793873227e-01,1.175370885461025083e-01,3.536859938706721218e-01,3.825404201778216939e-01,2.652378936348157579e-01,1.693730585374630948e-01,7.899643627855741368e-01,-2.456485336309673431e-02,-5.374041511628697976e-02,5.701991712843313964e-01,1.000000000000000000e+00,7.157070488546808384e-01,1.873011175720930288e-01,2.388455927567478473e-02,2.733537837862827780e-01,5.405605177708152492e-02,6.752101220553406724e-02,7.151696116674001458e-02,4.511660530044762640e-01,5.446394831598954100e-01,2.684353486223556851e-01,3.384112880291150760e-01,4.723646762458797999e-01,4.297650970872730625e-01,3.705433048856749401e-01,1.372502377117721661e-01,2.816848764752261786e-02,3.375922756022152749e-01,-3.126970428588506379e-01,4.078818179858336723e-01,1.501514932498028421e-01,-8.562627980576434025e-03,2.025874523061067800e-01,4.498145107847183466e-01,4.557487194273638353e-01,-4.769585446133407097e-02,3.428568095998535958e-01,1.478653478098585217e-01,2.041758158199875328e-01,1.512524896223251848e-02,6.972899438378692416e-01,-1.650397018882808764e-01,-5.309717851842413183e-02,3.146417092811644167e-01,7.134626478816392670e-01,4.832135169619337089e-01,1.871386318618039057e-01,7.296766089643613729e-02,7.555728733828384613e-02,8.213175462086173828e-02,-2.459647444733074895e-02,-9.608779808549695878e-02,2.297205624851387518e-01,3.980337491104584680e-01,1.831396917227195997e-01,1.747911969930789899e-01,1.723850201294478413e-01,3.824212307036363168e-01,-6.091073873941911521e-02,5.095257164865912153e-02,-8.261758091090715822e-03
6.805583900725089563e-01,1.974525587646507041e-02,6.514558377276608025e-01,2.423429099100680162e-01,1.925134617093468836e-01,5.087210822823451384e-01,6.384415448952459604e-01,7.149715482009441070e-01,1.577212125782709862e-01,3.476503404512765183e-01,3.304452596422355337e-01,3.208213014337694680e-01,1.197626211878325131e-01,8.109266065733508055e-01,1.814531793941380824e-02,1.251818839693611130e-01,7.836456253800615501e-01,7.157070488546808384e-01,1.000000000000000000e+00,2.565350451494231576e-01,1.830060204715939776e-01,3.324971703474536300e-01,2.559466178862048191e-01,1.854640751844813251e-01,-6.371356115462740999e-02,4.278181427751198695e-01,6.356635514661643782e-01,3.999328089266881436e-01,4.854399622748528098e-01,5.594738009504760523e-01,4.644213216077291984e-01,4.687975525401861798e-01,1.427779025101754140e-01,1.289405641537480773e-01,5.188581296885816929e-01,-1.757146387897617346e-01,3.726288974110871788e-01,2.650418356613514215e-01,5.932916001202337419e-02,3.528162449185243688e-01,4.158263893851444348e-01,4.696766545145923399e-01,-6.829042382256213239e-02,3.823279264170403868e-01,1.337562907551498592e-01,2.611238978111503073e-01,-4.316077808792490728e-02,6.570237916893144625e-01,-1.211294885115188208e-01,1.348561359882255450e-01,3.956479305156471171e-01,4.951327876263531547e-01,6.128135624319667185e-01,2.606873234929616423e-01,2.369364218466741001e-01,9.682562487607125623e-02,2.611031987371064678e-01,7.924388728995614140e-02,-1.747107221360792717e-01,1.164706658101495040e-01,3.908225262193396055e-01,2.861920775221434843e-01,3.094664626751135184e-01,2.394283704014723846e-01,3.243452389829772353e-01,3.318598747962321627e-02,8.502362747878594584e-02,1.350152755405160665e-01
3.959855044752960684e-01,2.354717038316456179e-01,4.752561180414354158e-01,8.107188128496981561e-01,1.606530154664765897e-01,6.388372923925924596e-01,5.651376144439468341e-01,2.488158610986860864e-01,4.359840705544916761e-01,8.064221879526984882e-01,1.996228419196679205e-01,9.105047593501978120e-01,-6.830177661957252677e-02,2.482105727839236109e-01,2.606045433663286559e-01,4.565982601675408481e-01,4.477252600133693194e-01,1.873011175720930288e-01,2.565350451494231576e-01,1.000000000000000000e+00,5.009952793043602748e-01,5.665626606305071977e-01,5.244582253776869374e-01,6.629838796557055991e-01,-7.974676097740935124e-03,6.219856010325826023e-01,5.270691822195316956e-01,6.687109161838243887e-01,5.876050769342892055e-01,5.765306823404801051e-01,1.602472827715237247e-01,4.758605039076433535e-02,5.192272746203524525e-01,4.159231869257716263e-01,4.701792462907751213e-01,2.203628016766688014e-01,5.365622351190945105e-01,8.259926052629087412e-01,1.610772613759827165e-01,5.929164474535837392e-01,5.337504961351903221e-01,3.313960247898859457e-01,3.468630094528974972e-01,7.786867399075640961e-01,6.772505433041575706e-02,8.773451386588331236e-01,1.941867846173949905e-02,3.781073794303757007e-01,2.463447702521342209e-01,4.711583952645199136e-01,5.287662480807597820e-01,2.229873143185610307e-01,4.185450800293234463e-01,9.498584667604417220e-01,5.620302830560508500e-01,5.648310618681936512e-01,5.939418090610255607e-01,6.593137572256891898e-01,-7.801091773782957428e-02,5.713162236431665875e-01,5.871342763534810327e-01,6.212195028600961955e-01,6.193102510122171500e-01,5.839573477035201465e-01,9.265537526765635357e-02,-1.029423036451555390e-01,4.418999633365356949e-01,4.826773748004912212e-01
4.252010771488957119e-01,4.636321600947934107e-01,2.274906105305493920e-01,5.940007630921317894e-01,1.921600397247858194e-01,3.792382043786413637e-01,2.891956139252338520e-01,2.523257297239899777e-01,2.433765732587096775e-01,3.031411734896606869e-01,5.646063422429612594e-02,4.907261340584475606e-01,-1.244292604399021701e-01,1.289286743138491620e-01,1.622614976755154259e-01,7.444284974663503140e-01,3.827277846973781705e-01,2.388455927567478473e-02,1.830060204715939776e-01,5.009952793043602748e-01,1.000000000000000000e+00,5.106802260760463508e-01,9.080007074062977912e-01,3.979526533012462397e-01,-4.099184310579379736e-02,3.476833913601379833e-01,4.618753192694580734e-01,5.797598495253601936e-01,5.884381905157288761e-01,5.661880464669765134e-01,-9.680041504299902524e-03,5.204815169310826606e-02,4.239444304619214288e-01,6.048375723022025863e-01,3.927816191001756718e-01,4.015143870217377509e-01,2.355086095084152342e-01,5.319770049766023856e-01,1.361569435165964348e-01,3.494252544468959276e-01,2.375786388406888605e-01,2.322207804451128510e-01,1.457235791552201343e-01,3.292506954882279957e-01,-2.310504285043512782e-02,4.609497739772952518e-01,-3.688364580699378739e-04,1.889808021531131366e-01,1.375233356175405153e-01,7.280518587519768658e-01,3.739326362420540284e-01,1.085090207689342300e-02,2.196997577699096038e-01,4.780031687857267952e-01,9.283147938727762671e-01,5.757385827437210279e-01,8.647987558630395588e-01,4.253674342002919384e-01,-8.746544381138678104e-03,2.958153076567960893e-01,4.643879128627736441e-01,6.065877849351901663e-01,5.733087335217286196e-01,6.699557891871062987e-01,-8.626459356250566757e-03,7.767166807807607265e-02,3.743462354691416416e-01,6.377651215440409693e-01
4.409765125027054200e-01,3.749713621665802799e-01,4.508207988148033030e-01,5.284440681256462602e-01,2.274817376297658400e-01,5.480847808316154923e-01,5.638500142984541608e-01,2.960587931549767959e-01,4.894406048719056046e-01,5.474701552377525537e-01,4.149116016862358092e-01,6.119025779278577382e-01,2.457210878363428469e-02,2.833704117430234648e-01,2.699840262412206426e-01,4.697008176235108468e-01,5.059954414912641862e-01,2.733537837862827780e-01,3.324971703474536300e-01,5.665626606305071977e-01,5.106802260760463508e-01,1.000000000000000000e+00,5.397657520101016848e-01,6.221047395142970116e-01,2.026774113757447149e-01,6.686599340413451609e-01,6.227135006662647410e-01,5.766645820844025216e-01,6.259624042535131272e-01,6.559641591483219569e-01,1.359841479084145099e-01,6.610895664051073817e-02,4.940904363867988369e-01,5.339395269911808573e-01,4.798335073125514771e-01,3.076188249648815209e-01,4.398067712017486031e-01,5.272833385507952331e-01,1.045779948424902794e-01,4.754556205212105979e-01,4.867304169243985568e-01,3.699554557823911405e-01,3.520382060427116322e-01,5.181334471639860162e-01,2.121743071216195264e-01,5.631995209970049876e-01,1.077810113644986217e-01,4.102913043359945333e-01,1.907908874489009643e-01,4.937922277662242232e-01,5.582928686385445483e-01,2.816752171183590781e-01,4.476526365786999695e-01,5.666730387932664703e-01,5.845459246052350233e-01,6.555623256149035738e-01,6.052083961588003991e-01,5.751297058932988149e-01,1.316866161624989928e-01,5.495291736080296641e-01,5.972201413392522751e-01,5.728813518045943187e-01,6.172143260343726512e-01,6.387288787577338756e-01,7.437541365162723961e-02,-4.403459279482107441e-02,4.443942186141190964e-01,5.528846707074984712e-01
5.294156009929216200e-01,5.157238091873102004e-01,2.776810181773428088e-01,6.236699072359050966e-01,2.018920520489234649e-01,4.758603750025406920e-01,3.092114115963273124e-01,3.635579253172337988e-01,2.243588543665661350e-01,3.585105286577426331e-01,1.632526221806199218e-01,5.279865047030334324e-01,-1.017970452744737381e-01,1.597143951926330019e-01,1.686525762606046197e-01,7.850257376105602702e-01,5.010047244420118284e-01,5.405605177708152492e-02,2.559466178862048191e-01,5.244582253776869374e-01,9.080007074062977912e-01,5.397657520101016848e-01,1.000000000000000000e+00,4.145016743385736002e-01,1.157085370773383061e-02,3.998906494647051502e-01,5.149033298654305257e-01,6.613315270171264970e-01,6.745109286968846707e-01,6.579587322535946914e-01,-4.637583685774008396e-02,7.522986304337481167e-02,4.652493169071140744e-01,6.605479523826176536e-01,4.667476940590735146e-01,4.538208725481617800e-01,2.636410288415044212e-01,5.591769177877763397e-01,1.453203272307903304e-01,4.280984137947679291e-01,2.589397356742397238e-01,3.718180162781852816e-01,1.122152981567273583e-01,3.821455929969269083e-01,6.434392615629788703e-02,4.844645047424956386e-01,1.317053088099283571e-02,2.235646560811789252e-01,1.561690765476319853e-01,7.744151646097745534e-01,4.679259069397808668e-01,3.542384504354678665e-02,3.040988939132588942e-01,4.953781640055650581e-01,9.041435013057246284e-01,5.873806173153955923e-01,9.222246345521644129e-01,4.393863373538616224e-01,3.490176183539078075e-02,3.262931619163460528e-01,4.835409701496388712e-01,6.987252312108668262e-01,6.439125436998039964e-01,7.377589655338263608e-01,-3.904334140557391003e-02,9.255094243553629862e-02,4.257867772969891051e-01,6.705210843634527018e-01
