1.000000000000000000e+00,-1.922141258888311055e-01,4.985605537478958182e-01,3.647125832615307206e-01,-1.425794582945951079e-02,6.033606920006259200e-01,5.663503746293890861e-01,6.209480588691014269e-01,1.048567504679079887e-01,3.811048238388111686e-01,1.963379696488332660e-01,2.425548632618524658e-01,1.879755760143199395e-01,5.901245976602144117e-01,1.350537047118857692e-01,5.541027065001071783e-01,5.585315778912132156e-01,6.820444930246218063e-02,3.823888452670018978e-01,-7.059822491669155708e-02,6.437841684278092780e-01,-6.466587492331414555e-02,6.074272559814813954e-01,2.851470257298450162e-01,-1.653970350884860843e-02,3.075978291513433716e-01,5.241243044008384588e-01,5.401029453609370590e-01,8.090799572084317326e-01,4.726885746481953032e-01,3.267062927020612517e-01,2.431338405906837974e-01,1.276385436439697874e-01,5.481986911776780269e-03,6.461967415516282065e-01,-1.603460135488010418e-01,2.022263823913506842e-01,3.020516821783899020e-01,1.703149911821062734e-02,5.332301130073678896e-01,3.452719851658328509e-01,4.230309616039002463e-01,7.866641336602868406e-02,4.103523557566971514e-01,-7.971944603358235848e-02,2.070526843131655637e-01,1.294978920234584052e-01,5.136008620977362549e-01,1.086715209405391819e-01,5.611298423332534702e-01,2.641566537318974436e-02,-1.123805493423805507e-01,-5.377480417531787377e-02,-7.516660622727977525e-02,6.176237875769455821e-01,-1.153125930661403203e-01,5.692715423079074410e-01,1.150904532512202760e-01,-8.256589333966399269e-02,-9.106145928525649635e-02,2.095346317204075937e-01,4.956302603510128191e-01,7.297166209013586924e-01,1.561816644541457189e-01,6.710206130712788319e-02,1.208980482289353092e-01,2.910162422135145407e-02,-3.549700741933463355e-02
-1.922141258888311055e-01,1.000000000000000000e+00,-2.245728136006180931e-01,1.106046218498360628e-01,1.344831391750764271e-01,-1.062125637751807350e-01,-3.311996202624347685e-01,-1.485621538576950562e-01,4.310185976592689067e-02,7.131048592128043373e-02,1.905158025127739185e-01,2.243597224612287333e-01,-1.302573169851146961e-01,-2.419217456168234470e-01,6.592054179798505220e-02,1.481853026634962489e-01,2.561668186993606988e-01,-1.654078573637554617e-01,2.356550485058515332e-01,3.630078403249453189e-01,7.599012553828321526e-02,3.910148510574666392e-01,1.793566440234092285e-01,3.119963769239453982e-02,5.971447172973147477e-02,2.633170461776219162e-01,8.984984883457333704e-02,4.505713463905189342e-02,2.069211789147929609e-02,2.410771196353217183e-01,-1.984053013770619156e-01,4.473630200101971592e-03,4.530198488780691202e-01,5.396519888009941868e-01,1.224848595806024981e-01,5.673582232785746582e-01,1.051458213960887594e-01,1.565137414625132062e-01,6.982205977644731498e-02,-1.156547528364367325e-04,-1.091060747009318099e-01,-2.616762084145139657e-04,5.088783087244368869e-02,2.948765272196606294e-02,2.695235312066048827e-01,2.177374396584559613e-01,-3.742443485530090770e-03,-1.432523357218389304e-01,1.051954755400389269e-01,1.327502408328410100e-01,4.973791824280116014e-01,3.367599081794252908e-02,3.730043187534959337e-01,3.541006628038437798e-01,1.005808693357530814e-01,4.497625783996851978e-01,2.377381937648818111e-01,2.078886217855150653e-01,1.473101867363325879e-01,3.861720731979011445e-01,3.738310648481161236e-01,1.196518754969214809e-01,-3.477626234359015855e-03,5.110677598300260582e-01,-7.469829977115972908e-02,9.080394059163252041e-02,4.132658313593393085e-01,5.092249980755609862e-01
4.985605537478958182e-01,-2.245728136006180931e-01,1.000000000000000000e+00,2.321204194159063594e-01,2.185254961877057880e-02,4.008645995202520518e-01,8.275568125304457734e-01,6.695305669502070733e-01,3.149579969110126720e-01,2.134528165549630652e-01,2.419977144614292586e-01,1.575043751279491533e-01,2.468310228732665257e-01,7.423395470794829087e-01,2.593218899739270222e-01,3.234717879765365844e-01,4.492105008421122814e-01,3.934690816003360569e-01,3.157272919064675332e-01,-3.770078893988333679e-02,3.534457153900522619e-01,1.221848252732935375e-01,3.309090964916019395e-01,5.213305321311989537e-01,6.623691655515767662e-02,4.931592164688650692e-01,5.534164582664754528e-01,5.154494604328352381e-01,3.634614344979779643e-01,4.431715884643324666e-01,3.461300855489696793e-01,2.406100446860557351e-01,1.138132745153144915e-01,-1.172472237969599818e-01,3.168380886832868892e-01,-1.876764642960670748e-01,4.733774137578599661e-01,2.339949729223456398e-01,9.877896675050257258e-02,3.772220552994853260e-01,5.706427583208997234e-01,4.150815279643847999e-01,2.856287725526539534e-01,1.900610869223592903e-01,-1.101793150345603683e-01,1.194870475599215248e-01,2.008365369759539110e-01,5.185933643021025663e-01,1.634926306812440333e-01,2.653345242899958767e-01,-6.274537659267810652e-02,1.939505281787635982e-01,-2.153985068462674901e-01,-3.128714416328511744e-02,3.187456931870027987e-01,-3.897938617874296963e-02,2.750016555761303771e-01,3.339860968552329501e-01,-2.052047263922287049e-02,5.439999775710766677e-02,2.806444840621480918e-01,4.610044137720875623e-01,3.742052422963772496e-01,6.501747135160523827e-02,1.247838456288650477e-01,1.511904482211867962e-01,8.563077295204409023e-02,-1.508692813283133705e-01
3.647125832615307206e-01,1.106046218498360628e-01,2.321204194159063594e-01,1.000000000000000000e+00,1.131794325168419546e-01,5.531541349650017647e-01,3.003485244459133674e-01,3.648828283590095367e-01,2.779650751792179242e-01,6.284744511800124389e-01,2.637762758763342319e-01,8.705360686792756875e-01,1.302191224130543334e-01,2.251863433719045182e-01,1.475690989555711874e-01,2.734470160610048550e-01,3.436515066425113174e-01,-6.116198002295449715e-02,5.099191312401774034e-02,7.365430873772836895e-01,3.337069993754055441e-01,1.969443366485122415e-01,4.390562727022199740e-01,3.440074752955781245e-01,1.036373679317195151e-01,2.995549358868969669e-01,3.084118565178839422e-01,6.585906323248743588e-01,3.218474698201982953e-01,3.981746928090206250e-01,2.034920718653277297e-02,1.481916165698721755e-01,2.175863646428910503e-01,1.527263539088966060e-01,3.135378533632753872e-01,2.124710223806479392e-01,3.266910792692918619e-01,8.936624266568922170e-01,1.142677926631877339e-01,4.421122577978351398e-01,3.300767215676481126e-01,3.073447270628039130e-01,2.902386530417367383e-01,6.316745609859004684e-01,1.596832393540684181e-01,8.344775411030297407e-01,1.709246289722244627e-01,3.034914622125880479e-01,2.683602746414903706e-01,1.981289852679672947e-01,2.133968107314329621e-01,1.134887465067885293e-02,8.378829383125252495e-02,7.370194432964999320e-01,3.216715731368443576e-01,1.990455922530491306e-01,4.003611470330198929e-01,3.861936904274569371e-01,4.289296287307614586e-02,2.658954860243728513e-01,4.302399309312350817e-01,5.879343551736851969e-01,2.503812526198359589e-01,2.533392945510311578e-01,5.323277633391360758e-02,4.260294890966568465e-02,1.345014791001261922e-01,1.238173179638669547e-01
-1.425794582945951079e-02,1.344831391750764271e-01,2.185254961877057880e-02,1.131794325168419546e-01,1.000000000000000000e+00,7.689122523018336597e-02,2.440474405615205081e-02,7.866519398356112969e-02,7.747840659402298324e-02,1.161853777056911924e-01,1.213393741150299854e-01,1.195551915216287592e-01,2.882194219971436280e-02,3.807214935901921671e-02,8.259633318174038064e-02,1.397803986782148455e-01,9.719737033170540441e-02,-9.637597154485744860e-03,1.726300811873004428e-03,1.517654009212738020e-01,8.991600508020543281e-02,1.615082488233699765e-01,1.414802490446674388e-01,1.071814419338260049e-01,4.094364720392306561e-02,1.249722003097652190e-01,8.566308165230897276e-02,1.321021455633575870e-01,6.106621104536191780e-02,1.699597497167543159e-01,-6.079911450602788064e-03,1.045605333116001040e-01,1.294142489733321466e-01,1.881913085212939263e-01,3.314433229769461059e-02,1.797077380018279047e-01,7.307872857324500260e-02,1.342514969074024289e-01,9.242142189562037313e-02,8.338283430296924981e-02,4.831225043738700958e-02,8.045359714812481966e-02,7.928740802111088060e-02,1.034591422359783103e-01,5.137685392196100764e-02,1.356592139339088121e-01,4.921496087078832543e-02,2.785900823369830484e-02,3.525005193874021503e-02,1.131927134536442475e-01,1.272291508500324464e-01,-3.120235141280613966e-02,4.814675633536349281e-02,1.559575989557404618e-01,1.012231378040146929e-01,1.879890143659141422e-01,1.640723113667733046e-01,1.516346458694262656e-01,3.705086434819563485e-02,1.274576961062706959e-01,1.572681181648819260e-01,1.639081864878105255e-01,2.124803301096965177e-02,2.152122265218825992e-01,-5.349289604430912566e-03,1.011561903983586586e-01,1.340114989410265411e-01,1.802882538307223892e-01
6.033606920006259200e-01,-1.062125637751807350e-01,4.008645995202520518e-01,5.531541349650017647e-01,7.689122523018336597e-02,1.000000000000000000e+00,5.265122973147293717e-01,7.029223602371738044e-01,1.845415050268913448e-01,6.442666029881788381e-01,2.689678924967278673e-01,5.819571356699873022e-01,2.444924034687587788e-01,5.022560827840009123e-01,2.448973636877666005e-01,3.892336978852359297e-01,4.560243063938274610e-01,1.261934517874268025e-01,1.986798952801478724e-01,2.359987316372476607e-01,4.438183583633761309e-01,5.008128927339606379e-02,5.124062149531632970e-01,3.876182608154227771e-01,-1.215332730180566576e-02,2.895997870686069509e-01,4.075673889467152922e-01,7.094341539258797180e-01,5.072008496529716304e-01,4.573632018029088475e-01,2.212087611470628379e-01,2.586886255690133973e-01,4.798367209882801326e-02,9.883015665035282254e-03,4.310635707269428463e-01,-6.629480539577285725e-02,2.600480573453166633e-01,4.584633145309632285e-01,7.753258459392696478e-02,7.883499872639692096e-01,4.223736229758532912e-01,5.647304848841732117e-01,1.882754581380952641e-01,6.659399114409840781e-01,5.202423532744550154e-03,5.393850194941585130e-01,1.972368664073911315e-01,4.585375525393975416e-01,2.758248549843019259e-01,3.576211662759418153e-01,1.005300904637270176e-01,-2.242194794560383592e-02,-2.606270100659448946e-02,2.255451275092210106e-01,4.127354689852520964e-01,-2.987767452182140803e-03,4.750266002035974378e-01,2.834146323725398320e-01,-1.023723884185254729e-01,4.056047288329511086e-02,2.917809231052500563e-01,6.521498777233725175e-01,4.877985697359923378e-01,2.365948002241919645e-01,5.118932828678756514e-02,1.335958783923651416e-01,-5.091378289362113313e-02,-2.231832545554160441e-03
5.663503746293890861e-01,-3.311996202624347685e-01,8.275568125304457734e-01,3.003485244459133674e-01,2.440474405615205081e-02,5.265122973147293717e-01,1.000000000000000000e+00,7.175628900383340669e-01,4.685170795503738050e-01,2.824222371976514157e-01,2.153624292707188581e-01,1.893861796968294431e-01,3.511337471655502918e-01,8.728040872355353752e-01,3.177456805180769450e-01,3.355731026301255193e-01,3.274947637568772496e-01,4.244307029230613981e-01,1.893746940106227072e-01,-5.178164938152512997e-02,3.427396435952297926e-01,1.734321776046486019e-01,3.049091623577957488e-01,7.226661253059862844e-01,1.319534209242247680e-01,4.086421954663526090e-01,6.149795666638100400e-01,5.371031874149471141e-01,3.959565585408588162e-01,4.430295736179718502e-01,4.328836937547180241e-01,2.958004402352907847e-01,8.319202218638072424e-03,-1.704867026769426586e-01,3.173530118013600521e-01,-2.820775376258793932e-01,3.487262018892644533e-01,2.665542069799428648e-01,1.053756663015407158e-01,4.268659736583821918e-01,6.863148874965214752e-01,3.741408423918917703e-01,4.410869119229774982e-01,2.559091347711159314e-01,-1.766808012809497064e-01,1.516548374653251541e-01,3.058218783901704430e-01,6.210799222337265446e-01,1.979201707982821135e-01,2.516477772576865557e-01,-2.047003486138921358e-01,7.942394693753619672e-02,-2.868254733959391123e-01,-5.406387946139779022e-02,3.034537139045119236e-01,1.273104344738054498e-02,2.314999290588448666e-01,4.863279228401241605e-01,1.824111691998190482e-02,-3.393577889584786789e-02,3.008349172166522312e-01,4.628192729421193308e-01,3.968801572082474860e-01,-2.873712475058504481e-02,1.058185934364176684e-01,1.816327452636903039e-01,-1.127873581902492407e-02,-2.628848536654435075e-01
6.209480588691014269e-01,-1.485621538576950562e-01,6.695305669502070733e-01,3.648828283590095367e-01,7.866519398356112969e-02,7.029223602371738044e-01,7.175628900383340669e-01,1.000000000000000000e+00,2.434950196098960018e-01,4.158896576685816582e-01,3.351266709154941403e-01,3.507412438439970193e-01,2.601245993462105166e-01,6.998201532280095005e-01,2.796066172817946449e-01,3.880345606271733971e-01,5.034259064871395850e-01,3.352800294495269506e-01,3.580742757665736908e-01,7.865070513315816636e-02,4.243571451103902437e-01,1.160520388300650546e-01,4.659712843081628697e-01,4.638142112231058434e-01,1.742760906992145767e-03,4.037950259280037035e-01,4.502752665598276915e-01,7.096473050527010162e-01,4.992800409133957285e-01,5.863931062950602513e-01,2.887338701736797408e-01,3.054534418528046524e-01,9.662984977711636114e-02,-8.966651122550963263e-03,4.141707807880360970e-01,-1.191511000883813121e-01,3.986525934868648813e-01,3.260546662906349535e-01,1.193250270427715642e-01,6.288382885337626682e-01,5.591551215436986189e-01,6.696205967303699991e-01,2.254121759630195176e-01,4.262510094428271779e-01,3.917891244815527503e-04,3.064116794036690905e-01,2.314889045510125087e-01,5.702684449166750547e-01,2.300607988559636441e-01,3.358194701617636668e-01,8.435766757923600367e-02,1.466999106056610658e-01,-5.833762220119752956e-02,6.668986956627238893e-02,3.895852668245787798e-01,7.265766931883793547e-04,4.272500620184451758e-01,3.257443395021722421e-01,-4.853363103301361337e-02,6.893212038583343415e-02,2.747365389999659180e-01,6.513518040695349676e-01,4.872175192429550883e-01,2.717037189783280682e-01,5.336268717833812791e-02,2.150291282388438752e-01,3.263808386374053832e-03,-5.010709117918816374e-02
1.048567504679079887e-01,4.310185976592689067e-02,3.149579969110126720e-01,2.779650751792179242e-01,7.747840659402298324e-02,1.845415050268913448e-01,4.685170795503738050e-01,2.434950196098960018e-01,1.000000000000000000e+00,1.653986108917416264e-01,1.712824021883862791e-01,2.359650712571439435e-01,3.402684188195596038e-01,4.163004877623916467e-01,3.490942300866802794e-01,1.697033184663172545e-01,4.401265885390114214e-03,2.937163972486837582e-01,6.042012179067302730e-02,2.019846949257340929e-01,1.252077547039607275e-01,4.506123281605058928e-01,7.086328451738591050e-02,6.587368714278274417e-01,3.462319599574634199e-01,1.282027824910581537e-01,4.603555551833552473e-01,2.009808388260762579e-01,1.286233515217218848e-01,9.055030344364994876e-02,2.613966694105303579e-01,1.994431950114803065e-01,2.448123499673827419e-01,6.590627369086596299e-02,6.913475410581916558e-02,3.958988588243891188e-02,9.781213540375036097e-02,2.567529911353171324e-01,1.396640299779257910e-01,1.438686398672435474e-01,3.283288456711435654e-01,3.836121527719814350e-02,6.351763674078308997e-01,7.761345311928648238e-02,-2.502742431436350348e-02,1.971490832110670000e-01,3.696629658741864555e-01,2.502190144953875262e-01,2.746927826983961984e-01,9.117700826891880772e-02,-1.542079911569593509e-01,2.719397972584268811e-02,-1.163610813011752704e-01,1.974363104717609119e-01,1.084304308300099717e-01,3.427210779482182668e-01,3.583104356808533564e-02,5.766099695620764409e-01,3.115273714994284404e-01,-1.724518293636515681e-02,3.001581021975027186e-01,1.763511110696775464e-01,1.488144693267084706e-01,-3.459958279074055315e-02,-4.848157081635700444e-02,2.102038809941741415e-01,2.968105907915302155e-01,-7.608467121816825558e-03
3.811048238388111686e-01,7.131048592128043373e-02,2.134528165549630652e-01,6.284744511800124389e-01,1.161853777056911924e-01,6.442666029881788381e-01,2.824222371976514157e-01,4.158896576685816582e-01,1.653986108917416264e-01,1.000000000000000000e+00,2.212632176322862076e-01,6.802342840759614262e-01,1.140006542045079729e-01,2.516330907217009250e-01,1.107778327610670771e-01,3.080774226658887782e-01,3.220303184402073526e-01,-7.827340734753242268e-02,8.029107756784380212e-02,4.686221584266978546e-01,3.407689213443483855e-01,1.409556470438751152e-01,4.200869147709883622e-01,2.429468523919202372e-01,1.678047351554198124e-02,3.352245347122364549e-01,2.334650198743758176e-01,6.614720555335051877e-01,3.373152791658618477e-01,4.186884960157911673e-01,2.976242063512978334e-02,1.455758475628464166e-01,1.119873177914877949e-01,1.241600025913709993e-01,3.456024764648139569e-01,1.518980651025464423e-01,3.074478976456755386e-01,5.332755960853867716e-01,5.054217954289812187e-02,5.414612800969738071e-01,3.339477144181050572e-01,4.264756919192863038e-01,1.856333614609126381e-01,9.297935614400276716e-01,1.350113376037549717e-01,6.698362335521139688e-01,1.245915957823819642e-01,3.296879666401834608e-01,1.840548522145499799e-01,2.381255356120105249e-01,2.124718620026140314e-01,-1.975532664065127522e-02,7.011096329395150040e-02,4.546247919439477814e-01,3.340450895267839115e-01,1.736732801009058247e-01,4.191263539424803786e-01,3.004734358884966205e-01,-8.202920900215668332e-02,2.566373276611541576e-01,3.633386718303925345e-01,6.169350428396854769e-01,2.732124641838675205e-01,3.256876643168931107e-01,1.083471508496189860e-02,3.517583064997326092e-02,1.158036433189358651e-02,1.284179235026508270e-01
1.963379696488332660e-01,1.905158025127739185e-01,2.419977144614292586e-01,2.637762758763342319e-01,1.213393741150299854e-01,2.689678924967278673e-01,2.153624292707188581e-01,3.351266709154941403e-01,1.712824021883862791e-01,2.212632176322862076e-01,1.000000000000000000e+00,2.929829851205637548e-01,1.640839505315762337e-01,2.795927725499927630e-01,1.925597944229673064e-01,2.066602710798785547e-01,3.811271737114895752e-01,2.453119209271391044e-01,3.469667061575700262e-01,2.412889389064540591e-01,1.840661144866067023e-01,2.664705413025186265e-01,2.265501736566311042e-01,2.181595242831753378e-01,6.995089339927619554e-02,2.968369442446425199e-01,2.680337266509211780e-01,3.156826335430162334e-01,2.679840919340499283e-01,3.639288104379830857e-01,3.544933680423842381e-02,2.205798441421963074e-01,2.777478652739366893e-01,2.815524725766651026e-01,2.889280541628485577e-01,2.039769801024695350e-01,2.976976707026212088e-01,2.802755515307655543e-01,1.279125740802281030e-01,2.995463283042315017e-01,2.783798516937647238e-01,3.074791721532313393e-01,1.969946290199369177e-01,1.997772041366335238e-01,1.916778824799899861e-01,2.908654447399843246e-01,1.489376676981133407e-01,2.941152369148253287e-01,1.888743224066515014e-01,1.604617278406750835e-01,2.884437560587244098e-01,2.165641640757335895e-01,2.080553831274806198e-01,2.416011965166750541e-01,1.717117073373410352e-01,2.328978895240553237e-01,2.489928688071345597e-01,2.534305480296353275e-01,8.521269913682101571e-02,2.114835146330538984e-01,3.463517160125959560e-01,3.300085652572630202e-01,2.887848896520107123e-01,3.262411893500531956e-01,3.719819713481442580e-02,1.523944009902057917e-01,2.753445395192704037e-01,2.356434010942267121e-01
2.425548632618524658e-01,2.243597224612287333e-01,1.575043751279491533e-01,8.705360686792756875e-01,1.195551915216287592e-01,5.819571356699873022e-01,1.893861796968294431e-01,3.507412438439970193e-01,2.359650712571439435e-01,6.802342840759614262e-01,2.929829851205637548e-01,1.000000000000000000e+00,9.911830628896456385e-02,1.143098808440126818e-01,1.803052555474278784e-01,1.815936297469192273e-01,3.380271881435402692e-01,-5.031615987557534059e-02,9.077779308396645430e-02,8.245255285322825589e-01,2.342701203529405918e-01,2.359350454606117531e-01,3.539010870422483190e-01,2.708876682320842666e-01,5.975649415322992208e-02,3.201758203424365790e-01,1.872658715544574526e-01,6.391712629099494114e-01,2.267361232513150637e-01,3.706365241946112943e-01,-9.278894105779696144e-02,1.066004436299683444e-01,2.434315947937505387e-01,2.165219446565366801e-01,2.741695370741338844e-01,2.795370580358315649e-01,3.575731039050286109e-01,8.199202577644257861e-01,1.098470176835165818e-01,4.769314252625619921e-01,3.096068953512197686e-01,3.397063817233295646e-01,2.635072345907451541e-01,6.729180919982551412e-01,2.433800678224292691e-01,9.145754381857078563e-01,1.675088757081750201e-01,2.260052411898333946e-01,2.952835097201670922e-01,1.090575097323209230e-01,3.091981129882802604e-01,1.265779986212862140e-01,1.607908637291468046e-01,8.126063910153046299e-01,2.150794607337073727e-01,2.591073613312563362e-01,3.292283594867979613e-01,3.824505859843047584e-01,4.186753404315954330e-02,3.710161048418358365e-01,4.425659505818576589e-01,5.734877658168654468e-01,1.799921374621296644e-01,3.130349041998789494e-01,4.445400793935478517e-02,3.902600133512618835e-02,1.533302991354116296e-01,1.947842680491571055e-01
1.879755760143199395e-01,-1.302573169851146961e-01,2.468310228732665257e-01,1.302191224130543334e-01,2.882194219971436280e-02,2.444924034687587788e-01,3.511337471655502918e-01,2.601245993462105166e-01,3.402684188195596038e-01,1.140006542045079729e-01,1.640839505315762337e-01,9.911830628896456385e-02,1.000000000000000000e+00,3.329267616981677613e-01,2.259972930408513936e-01,1.049830586448627645e-01,2.304557925910724614e-02,2.904150832391788617e-01,6.073533482214216184e-02,-1.482450552567999603e-02,1.221020796965193861e-01,7.561593763630292120e-02,7.073675468942872135e-02,3.158764440785208905e-01,1.578999654177595524e-01,-2.007759090205280331e-02,2.609089893840841334e-01,1.513803604716233431e-01,1.719407853044222778e-01,1.081395456316135498e-02,2.746093677693395296e-01,1.763389091636969608e-01,5.576804379306956466e-02,-2.982986515810098771e-02,7.329912651568355753e-02,-1.471791626557285015e-01,-4.287414340034610000e-02,1.069197840556500717e-01,7.234246167228704227e-02,1.988579911054003391e-01,1.601439005305588803e-01,9.971977772748834290e-02,2.924641110226747776e-01,8.031813650439117991e-02,-1.034013499825662263e-01,6.483802804942324916e-02,2.324818780367350346e-01,1.661899099731688478e-01,1.422483419069556221e-01,8.779799252009791444e-02,-2.100015404071715885e-01,-9.886495235681134683e-03,-1.479458028514503420e-01,-1.300879322903419726e-02,9.146051314290271073e-02,5.307218197686114705e-03,4.335409379653685363e-02,2.064004661075288516e-01,7.880069316955364001e-02,-2.099965424045346640e-01,4.507412841551177579e-02,1.083354690928887976e-01,2.117871142129378326e-01,-1.091178374799505468e-01,-2.259707118400448855e-02,1.312912802069806928e-01,1.174917502180573142e-01,-1.053052403750647376e-01
5.901245976602144117e-01,-2.419217456168234470e-01,7.423395470794829087e-01,2.251863433719045182e-01,3.807214935901921671e-02,5.022560827840009123e-01,8.728040872355353752e-01,6.998201532280095005e-01,4.163004877623916467e-01,2.516330907217009250e-01,2.795927725499927630e-01,1.143098808440126818e-01,3.329267616981677613e-01,1.000000000000000000e+00,3.235554099332323408e-01,3.899473318270476607e-01,3.837159294177444058e-01,4.809890731934802766e-01,3.289585399629179063e-01,-1.224427939296773155e-01,4.166972447255091194e-01,2.016469075127506894e-01,3.502305987665834675e-01,6.448247160348062890e-01,1.438140994283336749e-01,3.655096005471857312e-01,6.782583883936514901e-01,4.663516895143372532e-01,5.092988183203082109e-01,4.744516570850119130e-01,4.571546970635977369e-01,3.987274526491959015e-01,1.154607439333778934e-01,-4.674935110781247571e-02,4.135288794688863345e-01,-1.929335358132384937e-01,2.960610484204717063e-01,1.858188957016823073e-01,1.355722575769078286e-01,4.547784156622040053e-01,6.157478346512171852e-01,4.041869817356793515e-01,3.924990187437387701e-01,1.939711343962005063e-01,-1.398735724292756721e-01,5.952973985239833760e-02,2.854743138177344708e-01,7.116719348567186465e-01,2.093343123718784671e-01,3.350352671729697751e-01,-9.785808335463484775e-02,5.357729535130222043e-02,-1.657591112314913129e-01,-1.236733397324917411e-01,3.844610483304080617e-01,5.469183555473040165e-02,3.117276476546078645e-01,4.097453095803766376e-01,2.405978578703743195e-02,-6.134639283262846576e-02,3.524773345675574765e-01,4.276082152454711016e-01,5.141595327372793234e-01,9.277858071961524178e-02,5.590850071289375084e-02,2.425894986455260638e-01,8.709930759653811139e-02,-1.502654181186947047e-01
1.350537047118857692e-01,6.592054179798505220e-02,2.593218899739270222e-01,1.475690989555711874e-01,8.259633318174038064e-02,2.448973636877666005e-01,3.177456805180769450e-01,2.796066172817946449e-01,3.490942300866802794e-01,1.107778327610670771e-01,1.925597944229673064e-01,1.803052555474278784e-01,2.259972930408513936e-01,3.235554099332323408e-01,1.000000000000000000e+00,1.489676014780655644e-01,1.929742094825417364e-01,2.541902701065892334e-01,1.723752523660287972e-01,1.109408323942707442e-01,1.565550723344586448e-01,2.386606706946604317e-01,1.207660152004435966e-01,3.799668057773044061e-01,1.147386384478094601e-01,1.148727627541173274e-01,2.810229578778872805e-01,2.009364243007938644e-01,1.744755075361580088e-01,1.682651503078916311e-01,1.548059710211112938e-01,1.850835854200855168e-01,1.739000917415195746e-01,1.141703420066558228e-01,1.815448822231849335e-01,9.815639914331117377e-02,2.013734823537425001e-01,1.507151824991431743e-01,9.343026052205666288e-02,2.574604486903815381e-01,3.204731865707197147e-01,2.050455809038756461e-01,3.255763090514637303e-01,6.252798408786257311e-02,1.049504310067523455e-01,1.397575011108066756e-01,2.184333332238602710e-01,2.792499605426231324e-01,2.588735781154663518e-01,1.161158414420754154e-01,6.822910854186968466e-02,9.899993547465106569e-02,6.358458736999458849e-02,9.101736806875806995e-02,1.312228961975357433e-01,1.705264212388838407e-01,1.184658473717195154e-01,3.814575854913749842e-01,1.182275011534505149e-01,3.857056892793336161e-02,2.622780236333918658e-01,2.048461632232230489e-01,1.975918729169636179e-01,1.029704487624539810e-01,3.330486829746095306e-02,2.083730472754462271e-01,1.581026749206349280e-01,6.238386581133832653e-02
5.541027065001071783e-01,1.481853026634962489e-01,3.234717879765365844e-01,2.734470160610048550e-01,1.397803986782148455e-01,3.892336978852359297e-01,3.355731026301255193e-01,3.880345606271733971e-01,1.697033184663172545e-01,3.080774226658887782e-01,2.066602710798785547e-01,1.815936297469192273e-01,1.049830586448627645e-01,3.899473318270476607e-01,1.489676014780655644e-01,1.000000000000000000e+00,4.521312177534181354e-01,-3.846715130191251386e-02,2.441513326986086418e-01,3.368469761270230511e-02,7.961739003333753173e-01,2.727973355153813229e-01,7.918653447620161989e-01,3.480984518666720429e-01,1.332504232483801565e-01,3.472410420663643582e-01,5.728549199853490981e-01,4.948653632331979635e-01,6.361702652362178911e-01,5.696600148928508967e-01,2.170282683520735889e-01,3.192456929245129360e-01,4.132812444833091070e-01,3.519534649649365132e-01,5.106392943521950167e-01,1.351051905287011246e-01,1.844352132356669449e-01,2.770450987714875302e-01,9.215894922187004012e-02,4.032722996666959769e-01,2.076159734432131976e-01,2.838930976934303518e-01,1.818936102921704379e-01,2.770589212253727340e-01,-3.297830737862800232e-02,1.748928319271280951e-01,1.336117312956846825e-01,2.922928812744603477e-01,1.369498024127622782e-01,8.855078696000108218e-01,1.769452337825522525e-01,-1.973916908981940832e-01,4.551373290042956717e-03,7.012786186216705964e-02,8.186292117760580744e-01,2.704657390145848161e-01,7.945444900058998838e-01,3.027831887168729308e-01,5.220912053072390702e-02,5.614132507685231505e-02,4.029558225982712849e-01,5.708803343711212896e-01,5.293651219470998370e-01,4.894129596822577866e-01,-3.266043837247108866e-02,2.606920955749569280e-01,3.131022457882671195e-01,2.993281473346801613e-01
5.585315778912132156e-01,2.561668186993606988e-01,4.492105008421122814e-01,3.436515066425113174e-01,9.719737033170540441e-02,4.560243063938274610e-01,3.274947637568772496e-01,5.034259064871395850e-01,4.401265885390114214e-03,3.220303184402073526e-01,3.811271737114895752e-01,3.380271881435402692e-01,2.304557925910724614e-02,3.837159294177444058e-01,1.929742094825417364e-01,4.521312177534181354e-01,1.000000000000000000e+00,6.736736704246719387e-02,6.077726247609872567e-01,1.601600149384206084e-01,5.161970959682097293e-01,1.696648286017523044e-01,5.986270659228677404e-01,2.575577548635470393e-01,-7.406501289931476106e-02,6.013174040964253120e-01,4.837317499415280664e-01,5.513595729611603380e-01,5.421620430373068622e-01,6.569615519349486510e-01,1.219567368024722515e-01,2.143163028832014705e-01,3.561412781210821499e-01,3.169882071057509298e-01,6.010467941842831952e-01,2.288227178254810534e-01,4.526453003133820152e-01,3.353913481173777522e-01,6.214841386432039955e-02,5.148346465616295831e-01,3.628228726574601604e-01,4.834030895417820717e-01,1.731848852008830569e-02,3.274042224623022190e-01,1.259657825968983069e-01,3.147203850424918348e-01,6.241113737156542274e-02,4.154721562602041729e-01,1.703488118927146133e-01,4.576725406344799851e-01,4.964390761479791081e-01,9.835436149252047011e-02,2.707447828933446932e-01,1.520055160345183398e-01,5.019213367869624909e-01,1.324410449951124447e-01,6.070346780974724687e-01,2.434521897940528368e-01,-9.362174614959775654e-02,2.915836798656091799e-01,4.769308293384680320e-01,5.552388569433240884e-01,5.294401178631390481e-01,5.314684658802002470e-01,7.304393622669531905e-02,1.150404957952390617e-01,2.317657561858949278e-01,2.970391190584878993e-01
6.820444930246218063e-02,-1.654078573637554617e-01,3.934690816003360569e-01,-6.116198002295449715e-02,-9.637597154485744860e-03,1.261934517874268025e-01,4.244307029230613981e-01,3.352800294495269506e-01,2.937163972486837582e-01,-7.827340734753242268e-02,2.453119209271391044e-01,-5.031615987557534059e-02,2.904150832391788617e-01,4.809890731934802766e-01,2.541902701065892334e-01,-3.846715130191251386e-02,6.736736704246719387e-02,1.000000000000000000e+00,3.543628040597068818e-01,-1.483685541765486782e-01,-1.165482120904806976e-02,1.327998282332416569e-01,-9.758983456932759926e-02,2.617844494737527894e-01,8.695161251454901208e-02,3.441461237884917146e-02,2.894823457543358458e-01,1.667758144554613506e-02,2.588333204787109446e-02,1.953208317200007607e-02,2.813852873902018548e-01,2.352938451489134108e-01,3.161786446279077345e-02,-5.654895499073322312e-02,-8.572411457421361472e-03,-1.477812256549789760e-01,4.842960724061494242e-03,-7.778997447303986901e-02,8.680197507927310541e-02,1.233268610081536820e-01,2.137921960980350977e-01,9.419513427415888984e-02,2.481916355151219389e-01,-1.046624887206119570e-01,-4.373536350703540604e-02,-8.954254994901007791e-02,1.956898986121167472e-01,2.297506760575136753e-01,1.166303539562053432e-01,-3.281869373143837115e-02,-1.875687570150781636e-01,2.887712332808475280e-01,-9.338944406417735988e-02,-1.586361547409324280e-01,-4.827645799723667003e-02,2.694963958040453786e-02,-1.112299525731808986e-01,1.129681972972069876e-01,8.350394322121292012e-02,-1.912872241654833272e-01,6.002217028423107587e-02,-1.371591539337056916e-02,1.264432848277626809e-01,-1.310036463201111612e-01,-8.529674015775154730e-03,1.701053464548071270e-01,1.099522755956440084e-01,-1.702903737549701924e-01
3.823888452670018978e-01,2.356550485058515332e-01,3.157272919064675332e-01,5.099191312401774034e-02,1.726300811873004428e-03,1.986798952801478724e-01,1.893746940106227072e-01,3.580742757665736908e-01,6.042012179067302730e-02,8.029107756784380212e-02,3.469667061575700262e-01,9.077779308396645430e-02,6.073533482214216184e-02,3.289585399629179063e-01,1.723752523660287972e-01,2.441513326986086418e-01,6.077726247609872567e-01,3.543628040597068818e-01,1.000000000000000000e+00,-2.257400168149757344e-02,2.737003277939003554e-01,1.545404247155311994e-01,2.244781999526927752e-01,1.321121202314249898e-01,-1.964441338315026098e-02,3.646376925136352587e-01,3.754669736489823495e-01,1.947708961527901961e-01,3.241705216092782837e-01,3.101058664073065851e-01,1.899009368350685623e-01,2.094274834606898450e-01,2.729199325588801406e-01,2.643865028068629885e-01,3.495120982111993291e-01,1.143770664948302596e-01,1.493718661990376950e-01,3.196602459361415349e-02,9.821277932977202918e-02,2.643010837387705370e-01,1.080423055885041395e-01,2.520527997394408914e-01,1.632400830391930735e-02,5.766813501206610737e-02,1.098877632477496674e-01,4.150440688062335959e-02,8.004550241646006536e-02,2.465117163572546899e-01,1.110584188584760462e-01,2.664429437281146673e-01,2.777348206559403510e-01,1.806193799530889932e-01,2.699469442039675315e-01,-4.714952868238864864e-02,2.472570632430179660e-01,9.758135570127156322e-02,2.474226649227737052e-01,6.957341164418442969e-02,3.320063099903781956e-02,6.341087503845220519e-02,2.317255501634534753e-01,1.801797186523785843e-01,3.447400244728151542e-01,2.606344254083003964e-01,-1.616330732023405284e-02,1.473788534809199191e-01,2.558383212211075008e-01,1.834335003987106749e-01
-7.059822491669155708e-02,3.630078403249453189e-01,-3.770078893988333679e-02,7.365430873772836895e-01,1.517654009212738020e-01,2.359987316372476607e-01,-5.178164938152512997e-02,7.865070513315816636e-02,2.019846949257340929e-01,4.686221584266978546e-01,2.412889389064540591e-01,8.245255285322825589e-01,-1.482450552567999603e-02,-1.224427939296773155e-01,1.109408323942707442e-01,3.368469761270230511e-02,1.601600149384206084e-01,-1.483685541765486782e-01,-2.257400168149757344e-02,1.000000000000000000e+00,3.954553709121084309e-02,3.159091480727915791e-01,1.656470213174785489e-01,1.645038271066718572e-01,9.317410942758727610e-02,2.266492710698901347e-01,3.714730197250345339e-02,3.943572889862675401e-01,-1.478304449931716093e-02,2.515838256752039315e-01,-2.122369031727311117e-01,2.585906959496764822e-03,3.041093592401342693e-01,3.065121388397851754e-01,8.991927709422943560e-02,4.377505623206539020e-01,3.144948332780611033e-01,7.168751753421825912e-01,1.353524436709849788e-01,2.012945742715161468e-01,1.749975678972435778e-01,1.533787357352718039e-01,2.453490572621005172e-01,4.507652507896649507e-01,3.481474373515590637e-01,8.244621401062790511e-01,1.614774075789993657e-01,5.044410922840555922e-02,2.493180874295849170e-01,-5.494715088508836387e-02,3.589439863814724574e-01,1.671059273871776663e-01,2.579383519214190623e-01,9.476959048588258216e-01,3.853207512113866751e-02,3.651834220498549333e-01,1.628333210455581437e-01,3.615612799642002884e-01,1.239188307731602934e-01,4.496372824812095437e-01,4.236993931108427036e-01,3.538148990821289863e-01,-6.197012038102719250e-02,3.130999767381643095e-01,2.431580057225594255e-02,1.730174063460788655e-02,2.456006570548344980e-01,2.755822136027281100e-01
6.437841684278092780e-01,7.599012553828321526e-02,3.534457153900522619e-01,3.337069993754055441e-01,8.991600508020543281e-02,4.438183583633761309e-01,3.427396435952297926e-01,4.243571451103902437e-01,1.252077547039607275e-01,3.407689213443483855e-01,1.840661144866067023e-01,2.342701203529405918e-01,1.221020796965193861e-01,4.166972447255091194e-01,1.565550723344586448e-01,7.961739003333753173e-01,5.161970959682097293e-01,-1.165482120904806976e-02,2.737003277939003554e-01,3.954553709121084309e-02,1.000000000000000000e+00,1.325036206286205331e-01,8.822250395341056928e-01,2.713432565777722516e-01,7.561230596436231688e-02,3.394059557339388356e-01,5.643731147695503214e-01,5.549128057032748362e-01,7.085225362938060156e-01,5.724395587009111219e-01,2.804978831350847801e-01,2.727752226121737955e-01,4.386582710543564523e-01,3.076089524722036561e-01,5.870093908495460644e-01,7.219805820449835820e-02,2.304713877808080846e-01,3.043514429633195628e-01,5.245388830009641706e-02,4.401671324106791183e-01,2.469841899014427744e-01,3.296859691525370617e-01,1.311932766697967156e-01,3.077894022467846935e-01,9.910815031514924687e-04,2.222757469745258452e-01,1.443344222108596808e-01,3.729195665883460187e-01,1.667685914808483549e-01,8.009126455585021676e-01,2.046156837885068080e-01,-1.388894826120712356e-01,2.229950197782337717e-02,7.325868262116244645e-02,9.678695243305238671e-01,1.266868791786033843e-01,8.640578446660249767e-01,2.147512721256191470e-01,-3.675465020346575795e-02,4.403808272376087685e-02,3.913202513325566567e-01,5.728567110271758356e-01,6.265731506928898797e-01,4.527874822447530145e-01,-2.765849142871715238e-02,1.930995997944668363e-01,2.915708348334182798e-01,2.675721428855831197e-01
-6.466587492331414555e-02,3.910148510574666392e-01,1.221848252732935375e-01,1.969443366485122415e-01,1.615082488233699765e-01,5.008128927339606379e-02,1.734321776046486019e-01,1.160520388300650546e-01,4.506123281605058928e-01,1.409556470438751152e-01,2.664705413025186265e-01,2.359350454606117531e-01,7.561593763630292120e-02,2.016469075127506894e-01,2.386606706946604317e-01,2.727973355153813229e-01,1.696648286017523044e-01,1.327998282332416569e-01,1.545404247155311994e-01,3.159091480727915791e-01,1.325036206286205331e-01,1.000000000000000000e+00,1.568717418126280849e-01,5.057254316944173045e-01,2.753776190934592027e-01,3.657769602603535564e-01,3.512636244258580120e-01,2.149332241830658186e-01,7.656977937776945908e-02,3.737220088153517805e-01,-4.634072953631185321e-02,1.694416962683681360e-01,4.061258346188508228e-01,3.935163519616441952e-01,1.751461813831080017e-01,3.809078492974061758e-01,2.489003471012147251e-01,2.329029186515507721e-01,1.653956075089725031e-01,1.087232360716229168e-01,2.955033432966783224e-01,9.931392793674045927e-02,4.568016964159840043e-01,5.783679404429146326e-02,2.062491298073732271e-01,2.372564249072871834e-01,2.503867445700591610e-01,1.893268710328151749e-01,2.307734164164773616e-01,1.596886807988350532e-01,2.651987800634185710e-01,1.261654501397942996e-01,1.662093813988148872e-01,3.254632935709149688e-01,1.372212219444570169e-01,6.405463746175453776e-01,1.787373172971809532e-01,6.022926035897873120e-01,3.170139674545686126e-01,3.714105736583949713e-01,5.025791168195479219e-01,2.786866453192707316e-01,7.108253314535079026e-02,3.984581506213895064e-01,-7.300862921240246217e-02,1.994470890457172851e-01,4.202155339538731216e-01,3.182699348786048321e-01
6.074272559814813954e-01,1.793566440234092285e-01,3.309090964916019395e-01,4.390562727022199740e-01,1.414802490446674388e-01,5.124062149531632970e-01,3.049091623577957488e-01,4.659712843081628697e-01,7.086328451738591050e-02,4.200869147709883622e-01,2.265501736566311042e-01,3.539010870422483190e-01,7.073675468942872135e-02,3.502305987665834675e-01,1.207660152004435966e-01,7.918653447620161989e-01,5.986270659228677404e-01,-9.758983456932759926e-02,2.244781999526927752e-01,1.656470213174785489e-01,8.822250395341056928e-01,1.568717418126280849e-01,1.000000000000000000e+00,2.688156445991544685e-01,2.801289223883692697e-02,4.383134498852025995e-01,5.815601945684487628e-01,6.644948930892993211e-01,6.832028295641493498e-01,7.038905180669656758e-01,1.889774008061567701e-01,2.644119813126007967e-01,4.284108251248731625e-01,3.765397145312768257e-01,5.633823978362515472e-01,1.993809372995849760e-01,2.662740184968218071e-01,4.237287615618202663e-01,4.820859590431043895e-02,4.972592214575952130e-01,2.308353559409441202e-01,3.820281428072529462e-01,5.877902566586978156e-02,4.338739967024243249e-01,5.699083751280465543e-03,3.572071839452228281e-01,8.722584118664893083e-02,3.063244341354762201e-01,1.448943565208827000e-01,8.011338290941476536e-01,3.118398193994868506e-01,-2.014897491307401090e-01,4.869497757591955550e-02,1.967273449455265999e-01,8.842539426650637413e-01,1.633700531085194030e-01,9.495260386534049024e-01,2.292838988011194901e-01,-9.783307504529856202e-02,1.453803441856453271e-01,4.864353270885904967e-01,6.960089566057894306e-01,5.671863703327514328e-01,6.098484875594737398e-01,-1.308955313514558252e-02,1.552124634540649750e-01,2.660893607045683451e-01,3.594127413853127062e-01
