1.000000000000000000e+00 4.246942077715243902e-01 3.888151864715297945e-01 5.170461925730530650e-01 2.175642996902787674e-01 5.727909579918900596e-01 4.362167433482520007e-01 4.218299703461730887e-01 3.702386446090342176e-01 5.105915441831938573e-01 4.098119024289210710e-01 5.229314375325258002e-01 3.216506034994632279e-01 6.048821069795167205e-01 2.647367654447722041e-01 4.839649157815366642e-01 7.092522940417409494e-01 1.933218695695446410e-01 6.846273028155683837e-01 4.795051535348040517e-01 5.832113728722544410e-01 4.019873669129013782e-01 6.385507439680087050e-01 4.383368712140136014e-01 2.724210448517019323e-01 3.909349981514173566e-01 6.349537638960894848e-01 4.979127792600231972e-01 9.758446053312076485e-01 6.372861463914133440e-01 2.101633565070239740e-01 1.561634973554761607e-01 6.417754727480795562e-01 5.948169626333363880e-01 8.120179913048757303e-01 5.002674949196805887e-01 3.851667760906777871e-01 5.090450205529741812e-01 1.540579893955300594e-01 5.364311056685131529e-01 4.174755691093506305e-01 4.378718882461046236e-01 3.534303588193362655e-01 5.205275804294997588e-01 4.587689036050722202e-01 5.128286365685297277e-01 3.021822124005417720e-01 5.328192072142156066e-01 2.136032514164269702e-01 4.840087053628531200e-01 5.197928831459666110e-01 3.180727682091334940e-01 5.872173156289924867e-01 4.572520026681206606e-01 6.037359690152598324e-01 4.836304239050814857e-01 6.049657752734345362e-01 4.623509451477219589e-01 2.869392211292643990e-01 3.490308848121662089e-01 6.210511558658150522e-01 4.919212945761382016e-01 8.722685839833506094e-01 5.671307381166416084e-01 6.355469111097876433e-02 2.837994391018303642e-01 5.938714161738439801e-01 5.743195674790535499e-01
4.246942077715243902e-01 1.000000000000000000e+00 3.920934651879751653e-01 4.809817259890079577e-01 1.831035140607825129e-01 4.704225123595587865e-01 4.177643291555188099e-01 4.323231216205964400e-01 3.533017821265755365e-01 4.727380510657146484e-01 3.985765272205046839e-01 4.892397072543401282e-01 2.391901076784030133e-01 2.140738379959950533e-01 2.758700374476839579e-01 4.438187807930544793e-01 5.203142546243997302e-01 1.118304732929115836e-01 3.673379830357285658e-01 4.724639461265003337e-01 5.427001281214391959e-01 5.608159246341519744e-01 5.967746969650997713e-01 5.326858205185154294e-01 3.822078486033961831e-01 5.603568863551213752e-01 5.598451701931630442e-01 5.772338713075170213e-01 4.350356634553539936e-01 6.541274006449313561e-01 1.485665233396010754e-01 6.573451319045725549e-02 4.882813523652929089e-01 6.281194000635396124e-01 4.027071389462255069e-01 5.781762440501346800e-01 4.504413036832184414e-01 4.871909539266634503e-01 1.104511399447661996e-01 4.386874163225242818e-01 4.525825762632139648e-01 4.649603339367615606e-01 3.726131067457704726e-01 4.494411457041838087e-01 4.685077588002613536e-01 4.695477439360786764e-01 2.442473021796453536e-01 3.323615567289735506e-01 2.052226708019994350e-01 4.364101676690745890e-01 5.015188632833228466e-01 2.255297150659653638e-01 4.597610896093694000e-01 4.709718304096525143e-01 5.148199161555734316e-01 5.916769885855274191e-01 5.717634429321258871e-01 5.194841627861349620e-01 4.208247887941507503e-01 5.405972896209931822e-01 5.983185008832521135e-01 5.653541844919118819e-01 4.574006346275938384e-01 6.413588153040890028e-01 8.165197923418270054e-02 1.788373537810806491e-01 4.932609791353063655e-01 5.643411713170681798e-01
3.888151864715297945e-01 3.920934651879751653e-01 1.000000000000000000e+00 3.266767676401028941e-01 1.956065158428575423e-01 4.361276433099713357e-01 1.057438945489024729e+00 7.667271386334153505e-01 4.636624374155179362e-01 3.636304620311967550e-01 5.369029933096557405e-01 3.789026098865910241e-01 3.065687627943807225e-01 6.208324561560626398e-01 2.941158802398702310e-01 2.903733244885535747e-01 6.726776590788704491e-01 4.503093543561504930e-01 5.673080148031184322e-01 4.628992993622308427e-01 3.656203227195592986e-01 4.826419457577683647e-01 4.327721905844974515e-01 6.363388893176882277e-01 3.649054008212738731e-01 9.448973441139574270e-01 8.353948587481224708e-01 4.259447036600876868e-01 3.977809487647586129e-01 6.901853417959634696e-01 2.440769121731705682e-01 9.791538603773163041e-02 4.496717575307720427e-01 4.740292875703308595e-01 2.916509188895160531e-01 4.273378045391852953e-01 9.383900704872314424e-01 3.061637391696192534e-01 1.727265445279128064e-01 3.752460416396646847e-01 8.073112718970973933e-01 5.934170237287136329e-01 4.516984962737359277e-01 3.329640783317567854e-01 4.591328673631849266e-01 3.521657636018323823e-01 3.333657634379066370e-01 6.503741474933428801e-01 1.883681292867688817e-01 2.633319870922124495e-01 5.011136900407756611e-01 5.556892205980290544e-01 3.987018098367094421e-01 4.165112837603930918e-01 3.639264727113471487e-01 4.968600869432713285e-01 3.950487752812819608e-01 5.684408692237151728e-01 4.067211898597309361e-01 6.914589812463940444e-01 7.368808410714204893e-01 4.171374091914157867e-01 3.650889124785492434e-01 4.987520324816993034e-01 2.066435232660337740e-01 2.185832292029453450e-01 4.177970103320752249e-01 3.767031514360351663e-01
5.170461925730530650e-01 4.809817259890079577e-01 3.266767676401028941e-01 1.000000000000000000e+00 1.919269785325920519e-01 7.838735828477977341e-01 4.562411404863462305e-01 3.314318683730975712e-01 4.413866526585389360e-01 8.441517252861874265e-01 3.692592232490269355e-01 1.342372057617892356e+00 3.002005808460141978e-01 1.805117900872798553e-01 3.636258023530544725e-01 5.770077551537123872e-01 4.819113115974308914e-01 3.797172288174410770e-02 3.430866844727383791e-01 1.140721897681364227e+00 6.209453289054461811e-01 5.243530340728407291e-01 5.866440851353669217e-01 6.919154271665441946e-01 3.383097946156944369e-01 4.662959171158220228e-01 4.943947390757471583e-01 8.320620475024214091e-01 5.234861948653235508e-01 5.141309732611424321e-01 2.078318877921056518e-01 6.751772393577068487e-02 5.746908268835093647e-01 6.080358488484179924e-01 6.215735118548931792e-01 5.595772458349157485e-01 4.280305404004070557e-01 1.499669060596280357e+00 1.190660353699028035e-01 8.136579228654613472e-01 5.504798650770610369e-01 4.261054400537632181e-01 5.075219417886863704e-01 7.909146331450509493e-01 4.284569166825435427e-01 1.320427969545826308e+00 3.008087568181025406e-01 3.526862278237627990e-01 3.383265832535088946e-01 5.430885526751800807e-01 4.781041770066303820e-01 1.672278304799796611e-01 4.710644825921616596e-01 1.101686636217044990e+00 6.306545379864633150e-01 5.865894096066622820e-01 6.119431356543462153e-01 8.092577635400178826e-01 3.595715920736496929e-01 4.547689040104296865e-01 6.209708849112824947e-01 7.980517556947384072e-01 5.806807135500979822e-01 5.726690281187852838e-01 7.381551988067741599e-02 1.779577823694581395e-01 5.710357715119770416e-01 5.523796226724222436e-01
2.175642996902787674e-01 1.831035140607825129e-01 1.956065158428575423e-01 1.919269785325920519e-01 1.000000000000000000e+00 3.198191702791494118e-01 2.332789536281840714e-01 2.431529094542944081e-01 1.650774152835037811e-01 2.108005467756681739e-01 1.919643979708322012e-01 2.279573329793279091e-01 1.516087062773535665e-01 2.086212840962993198e-01 1.909697896830167552e-01 2.041622178250722675e-01 2.234298537929242379e-01 1.001995930304204752e-01 2.015914240252424938e-01 2.166873412806233357e-01 2.222743044907139198e-01 1.760090479184612533e-01 2.230904060000413747e-01 2.015801680507353366e-01 1.433838320375749320e-01 2.123458692728215635e-01 2.355516961445980051e-01 2.388052555189227877e-01 2.528809250509517215e-01 2.446504384489558981e-01 8.961306539209486222e-02 1.407681546845633291e-01 2.464476122489125953e-01 2.554150403902668010e-01 1.800945514871646891e-01 1.788187670446090560e-01 1.905453415139099771e-01 1.919011400709551562e-01 1.057811210168050353e-01 2.757761856862699368e-01 2.203341274326810484e-01 2.284397910811679089e-01 1.571251689092249548e-01 2.113944867396736205e-01 1.855957739651780125e-01 2.228181562929190396e-01 1.407395857023185926e-01 2.201449964939198034e-01 1.682551473800403541e-01 1.719079659708596941e-01 1.778608404104814744e-01 1.497111697215043058e-01 1.725919765697499497e-01 2.052486786428519006e-01 2.213903542173936145e-01 1.935587457772872666e-01 2.045552102448273124e-01 1.987203402774108396e-01 1.382228778408196856e-01 1.623138194027183290e-01 2.265406122046611515e-01 2.294811124987385653e-01 2.532903808726113537e-01 2.099237334684062040e-01 6.776589042124711582e-02 1.266891844771841635e-01 2.098594613399455966e-01 2.326039138241421389e-01
5.727909579918900596e-01 4.704225123595587865e-01 4.361276433099713357e-01 7.838735828477977341e-01 3.198191702791494118e-01 1.000000000000000000e+00 6.317260780372468965e-01 5.281926046256961715e-01 4.435252445291028023e-01 1.002305979617460929e+00 4.757105647539497384e-01 9.699000257554727389e-01 3.823923690195988323e-01 3.891279170412266786e-01 4.771602945210798863e-01 4.767927671393188405e-01 5.640358242857463900e-01 1.422003145550360392e-01 4.441887887128220802e-01 8.678587121351137856e-01 5.307709665046571601e-01 4.983218057539519075e-01 5.407550468377904096e-01 6.419117828251780233e-01 3.491583650774133241e-01 5.280481341419993591e-01 5.714766711542711430e-01 7.378677699708771076e-01 6.017980141486414247e-01 5.559802119303690615e-01 2.360107739378620173e-01 1.230639916060211198e-01 5.490202982245825369e-01 6.406760629666974349e-01 5.744695386263144465e-01 5.405759303702375451e-01 5.148875572946440826e-01 7.556543352884018683e-01 1.922655928265384895e-01 1.171635132239332799e+00 6.690198522515347079e-01 5.925738038170493827e-01 5.162022232882959027e-01 9.501206415109396675e-01 5.362254095216647531e-01 9.522995875158308809e-01 3.739238611387826206e-01 5.383850661703626361e-01 3.995347896480784256e-01 4.338796926465094406e-01 5.438934065782430327e-01 2.725022313157866027e-01 5.439999015180244646e-01 8.313593286167350049e-01 5.496826356257197288e-01 5.585051843571574581e-01 5.515276271092417470e-01 7.163348886770913859e-01 3.864076357632017511e-01 4.851907863957564682e-01 6.625849431929931033e-01 7.312768732957553031e-01 6.173075350189527466e-01 5.550138476213015704e-01 1.270999039449474122e-01 2.454083202035620970e-01 5.079374667579069635e-01 5.704329746305712989e-01
4.362167433482520007e-01 4.177643291555188099e-01 1.057438945489024729e+00 4.562411404863462305e-01 2.332789536281840714e-01 6.317260780372468965e-01 1.000000000000000000e+00 7.935513021515243626e-01 6.932017536276622316e-01 4.743709041015690686e-01 5.753772918230952715e-01 5.681968498665237455e-01 4.720234449882431682e-01 7.971109572630515894e-01 4.977680109369396755e-01 3.437556374524786129e-01 5.812828055189912524e-01 4.162051983972768210e-01 4.573545085958586887e-01 6.214533412873227691e-01 4.056150083886887470e-01 5.922242366212338016e-01 4.179191243454962734e-01 1.008128845379402838e+00 4.968982462636289954e-01 8.617143762383107086e-01 8.837122003397032133e-01 5.273837058088470808e-01 4.848782769145963401e-01 7.607771256202549015e-01 3.422079586925611538e-01 1.197109832187539802e-01 5.397054429212477800e-01 5.317010393703986981e-01 3.684831343052827890e-01 4.662975816635250847e-01 9.148771970632638695e-01 4.135204894805291076e-01 2.004293698822596781e-01 5.580630402709804150e-01 1.244299444872456917e+00 6.672923929725429470e-01 6.985508421045706351e-01 4.345522614189978872e-01 5.637046943903187834e-01 5.283101311329101435e-01 5.104470458892801377e-01 9.086336150179828985e-01 3.347984051450759724e-01 2.760854496217310938e-01 5.079756774633691352e-01 5.385587973150285368e-01 4.731355828934739050e-01 5.664861122627709022e-01 3.963547197492269802e-01 6.094205019550852365e-01 3.862924234307075766e-01 9.036865970929528480e-01 5.683895425311938920e-01 7.087168332922428871e-01 8.747741121111400897e-01 4.958654787848969514e-01 4.407810594832705098e-01 5.703578084641045542e-01 2.669813380248232115e-01 2.535344513559290580e-01 4.745930616427548321e-01 4.407997810960910812e-01
4.218299703461730887e-01 4.323231216205964400e-01 7.667271386334153505e-01 3.314318683730975712e-01 2.431529094542944081e-01 5.281926046256961715e-01 7.935513021515243626e-01 1.000000000000000000e+00 3.166417979354857470e-01 4.107991371132226899e-01 5.373171412807448144e-01 3.800130259012478029e-01 2.282145289739292149e-01 4.627847281793280310e-01 2.960027121742587752e-01 2.659493880403347998e-01 6.319909918897843593e-01 3.838603901556879583e-01 5.088729852469778825e-01 4.162972054465652327e-01 3.494039558944598278e-01 4.675245756413526355e-01 4.411933542318793311e-01 5.010819089273650384e-01 2.934372978482728267e-01 8.284931863400093466e-01 5.663502953902417314e-01 5.915296002287542265e-01 3.847318546647461313e-01 8.615659737514966832e-01 1.301638599163746635e-01 8.506816500804606496e-02 3.707008851273637662e-01 4.989878321754961932e-01 3.055518666979376574e-01 4.519384573761734414e-01 7.537372522193654945e-01 3.163569225131785956e-01 1.747223861632009601e-01 4.382149102880187330e-01 6.996590795365007498e-01 8.210167062148483463e-01 3.349187019712513980e-01 3.554831958706639039e-01 5.192130569193897927e-01 3.658499163661790288e-01 2.352257179226494854e-01 5.568541549748406982e-01 1.986090026529687136e-01 2.357124181889733716e-01 5.434874254151657036e-01 4.927928789107851593e-01 4.496220498560522527e-01 3.876074287333916568e-01 3.318260445041817386e-01 4.940075385756274584e-01 4.147751149280365923e-01 4.682920119600034736e-01 3.616789815310791356e-01 7.278393037487084216e-01 5.605511670942763258e-01 5.830164518213279967e-01 3.534242691976553497e-01 6.965831230133423535e-01 1.488943073374788262e-01 1.780891385967562079e-01 3.681103090363049279e-01 4.286989833183837417e-01
3.702386446090342176e-01 3.533017821265755365e-01 4.636624374155179362e-01 4.413866526585389360e-01 1.650774152835037811e-01 4.435252445291028023e-01 6.932017536276622316e-01 3.166417979354857470e-01 1.000000000000000000e+00 4.533556418207707051e-01 3.746553712746252263e-01 4.923235002862140774e-01 5.273294900429107424e-01 4.964128555796979425e-01 4.237204262377219921e-01 3.818305408874810292e-01 3.115640646429160276e-01 1.439279894851813457e-01 2.376370034489789784e-01 4.915132557321945095e-01 4.272718411832615582e-01 5.549594452322694771e-01 3.943367082521216371e-01 8.631361582244935216e-01 5.082687937683109114e-01 4.232934934972205077e-01 6.473074698069097854e-01 3.465260456966892666e-01 4.219101391978063997e-01 4.032455248468296838e-01 3.452613129494927491e-01 1.132672802918549826e-01 4.635791771910126036e-01 4.501946776795019978e-01 3.371575161579910551e-01 4.052966311616837958e-01 4.174271051306295277e-01 4.256039483585397631e-01 1.480035745953190984e-01 4.257733757172837974e-01 6.199997949521004470e-01 3.376725105211234035e-01 7.706513702895151363e-01 4.560913866979590114e-01 4.055806112196198576e-01 4.782800748941681279e-01 5.307879151371338589e-01 5.335878445373805068e-01 2.899130389559124166e-01 3.486355908848981500e-01 3.158182039492455351e-01 2.171420694515295846e-01 3.435360196337026162e-01 4.883891797480083286e-01 4.368921104075776940e-01 5.698256046944227826e-01 3.924134681064418428e-01 7.969020163705278215e-01 5.469627964067269588e-01 3.394222348254148924e-01 6.743404097274582343e-01 3.447870640857452762e-01 4.289824561557324945e-01 3.657703415427566718e-01 2.128881562948259365e-01 2.449750284116626875e-01 4.551530070708650899e-01 4.001964157095907471e-01
5.105915441831938573e-01 4.727380510657146484e-01 3.636304620311967550e-01 8.441517252861874265e-01 2.108005467756681739e-01 1.002305979617460929e+00 4.743709041015690686e-01 4.107991371132226899e-01 4.533556418207707051e-01 1.000000000000000000e+00 4.166153968106623973e-01 9.435636793077633033e-01 2.887121506816971439e-01 2.412631482958687568e-01 3.087850133422738730e-01 4.155433751760203576e-01 4.815262627770993675e-01 9.745715851974104393e-02 3.669884874861507607e-01 9.219189566916712320e-01 4.756265641675777034e-01 5.012331423698489496e-01 4.806732381062267523e-01 6.266989198346488710e-01 3.606974736821075833e-01 5.278044516541674502e-01 4.489673484552647587e-01 7.313231916561766521e-01 4.508436908227187456e-01 5.012651298025725399e-01 1.717770723682401079e-01 6.338754821977971021e-02 4.816351578178640347e-01 5.591514524039180589e-01 4.994066279172136302e-01 5.652520723720824147e-01 4.934528349739157882e-01 8.812254450535241812e-01 1.301980853143230310e-01 9.007725393265264557e-01 5.795259946964343989e-01 5.123024043237391911e-01 5.075475803008226983e-01 1.600018190103798199e+00 5.152845383981629057e-01 9.693744884150010677e-01 2.920796286349752746e-01 3.653300033511591716e-01 2.692988788187526961e-01 4.134493896048132555e-01 5.043257717090191550e-01 2.519161994106849933e-01 5.144837149431261691e-01 1.005928565957197929e+00 5.083612615419260683e-01 6.394910873621466596e-01 5.247233732002829498e-01 7.156934204569340707e-01 4.178971203714701987e-01 5.403696407012278380e-01 5.999740399378894473e-01 7.431860507510598124e-01 4.896222242648332612e-01 5.453610440091369860e-01 1.026482769483572921e-01 1.778051995004642505e-01 4.837477693559799063e-01 5.125085142209403477e-01
4.098119024289210710e-01 3.985765272205046839e-01 5.369029933096557405e-01 3.692592232490269355e-01 1.919643979708322012e-01 4.757105647539497384e-01 5.753772918230952715e-01 5.373171412807448144e-01 3.746553712746252263e-01 4.166153968106623973e-01 1.000000000000000000e+00 4.425465774247611672e-01 3.417380058511645391e-01 3.943796843705899002e-01 2.672544652908790952e-01 2.713123202774562204e-01 6.345719605673780794e-01 4.162497592608240815e-01 5.830146973837352364e-01 4.674229485591719913e-01 4.080495854899061636e-01 4.274852459222532319e-01 4.219607914670063242e-01 4.849052273663995716e-01 3.537671001299345641e-01 6.429223714363722086e-01 5.875954342692086829e-01 4.106173839756737109e-01 4.419782505946915352e-01 6.172789066829080795e-01 2.165748559390234806e-01 1.396218121114619903e-01 4.468657012754090330e-01 5.507559141112623458e-01 3.837902751234170129e-01 4.145280891443199334e-01 5.169771608521430695e-01 3.573127190283393873e-01 1.627492543975982420e-01 4.415346206541500562e-01 5.256474229838826728e-01 4.155193369270575587e-01 3.457404782956736700e-01 4.007592059109215676e-01 5.933129624628576959e-01 4.344800425760532714e-01 2.929052410871897938e-01 4.661221360820064774e-01 2.115713288365220768e-01 2.436578771380908670e-01 5.097940482940862550e-01 4.098478397176209542e-01 5.146876352659184306e-01 4.420680840112094501e-01 4.054929593538466048e-01 4.392078703624618941e-01 3.796735303425142205e-01 4.522972740549153770e-01 3.887813162324539329e-01 4.863318280504882463e-01 5.647417177672442445e-01 4.061379034848361935e-01 4.121333273394260366e-01 4.987382132314687744e-01 1.093889123510004002e-01 1.658427997086608652e-01 4.126867396374241936e-01 4.222926570836333382e-01
5.229314375325258002e-01 4.892397072543401282e-01 3.789026098865910241e-01 1.342372057617892356e+00 2.279573329793279091e-01 9.699000257554727389e-01 5.681968498665237455e-01 3.800130259012478029e-01 4.923235002862140774e-01 9.435636793077633033e-01 4.425465774247611672e-01 1.000000000000000000e+00 3.479806408611618718e-01 2.458501182704472265e-01 4.288070446543115199e-01 5.689433786936147763e-01 5.204642075515759636e-01 1.004690765133812447e-01 3.945341707848150081e-01 1.457718114251382868e+00 6.211445666805319732e-01 5.674330860477347915e-01 5.766201860590254302e-01 7.187878715981915745e-01 3.784318547357947149e-01 5.036541034780586124e-01 5.330155589402562066e-01 7.846682199876116037e-01 5.630442224370226789e-01 5.583830276877663756e-01 2.257652758782995039e-01 7.768575530586711853e-02 6.534547435259642212e-01 6.685952614320014309e-01 6.287966103132081042e-01 5.616736373159847417e-01 4.782631934628568393e-01 1.270650859693957191e+00 1.478325024745540672e-01 9.594498573016165821e-01 6.443126484837602419e-01 4.498899020442576613e-01 5.543307881634569334e-01 8.793461803438468172e-01 4.995009852177531018e-01 1.611058153567673124e+00 3.454607365144615194e-01 4.238089819351543719e-01 3.951098940883790434e-01 5.185482704997295134e-01 5.232398804253376445e-01 2.145127224294355317e-01 5.235913692084566140e-01 1.350889215064859483e+00 6.364364397179096411e-01 6.219520431419833795e-01 6.043772223940677701e-01 8.595610816462377901e-01 4.144082614500772532e-01 4.814203651457343858e-01 6.598905851515379783e-01 7.721072234541719315e-01 6.068219975944775246e-01 5.730369285886616204e-01 1.114963795678345498e-01 2.022664058758184280e-01 6.085196767156142439e-01 5.863094690007986109e-01
3.216506034994632279e-01 2.391901076784030133e-01 3.065687627943807225e-01 3.002005808460141978e-01 1.516087062773535665e-01 3.823923690195988323e-01 4.720234449882431682e-01 2.282145289739292149e-01 5.273294900429107424e-01 2.887121506816971439e-01 3.417380058511645391e-01 3.479806408611618718e-01 1.000000000000000000e+00 4.436010340552720699e-01 3.727213749191784498e-01 3.014542003939399972e-01 2.589904127184947669e-01 1.524882228203378598e-01 2.367624217050109392e-01 3.233752097589026597e-01 3.815960099777796488e-01 3.158494688389703597e-01 3.442448198624889488e-01 5.057878326878887387e-01 3.834647608757577597e-01 2.725813490027124697e-01 5.392068183465059672e-01 2.553954253394988827e-01 3.909704488359171393e-01 2.594520640729210958e-01 4.093565723271811452e-01 1.597298276615086721e-01 3.278612867327584945e-01 3.735336316040135385e-01 2.791837353510538966e-01 2.481081420889389155e-01 2.418872175583775264e-01 2.749679268793071563e-01 1.558336890890565374e-01 3.761846584034532759e-01 3.890857683557721325e-01 2.072698353683771477e-01 4.896785537621266005e-01 2.972207904041992976e-01 3.104073354831032860e-01 3.483908742723227370e-01 5.629949831369175373e-01 4.184127761096792519e-01 2.367351657931854314e-01 2.644041866822436915e-01 1.953244553398807148e-01 1.590660688967723280e-01 2.583964960068576011e-01 3.133660916407503549e-01 3.723219882859460927e-01 3.096429046978813604e-01 3.068171998263932720e-01 4.742089408850104215e-01 3.733878405277297752e-01 1.618050834472931632e-01 4.851233239326496749e-01 2.287231792750555881e-01 3.729669157883928055e-01 2.190338344267082904e-01 1.881574515092691025e-01 2.111510879340698088e-01 2.984236743057246954e-01 2.987915095755551143e-01
6.048821069795167205e-01 2.140738379959950533e-01 6.208324561560626398e-01 1.805117900872798553e-01 2.086212840962993198e-01 3.891279170412266786e-01 7.971109572630515894e-01 4.627847281793280310e-01 4.964128555796979425e-01 2.412631482958687568e-01 3.943796843705899002e-01 2.458501182704472265e-01 4.436010340552720699e-01 1.000000000000000000e+00 3.164579329489198845e-01 2.537938257463310254e-01 4.831762562569519304e-01 4.912566693295572495e-01 5.363597685692516048e-01 2.762585016489393364e-01 2.916991011348312735e-01 3.204077257323930117e-01 3.032186979080405131e-01 4.594079120114703541e-01 2.928658419227555543e-01 3.513811605769895929e-01 7.145203112524889377e-01 1.606196691644177499e-01 6.158747562703668077e-01 4.517778364450721895e-01 3.785398638487287859e-01 2.419220801917879027e-01 4.322426306042291277e-01 3.469621064592477433e-01 3.910318253145539380e-01 2.809574898826932010e-01 4.736437513967096113e-01 1.414622412960896414e-01 2.017321549264650959e-01 3.385834727137017053e-01 5.779447319745614209e-01 3.730506900590438990e-01 4.252339762422420177e-01 2.444311083625909098e-01 3.979608385919770619e-01 2.277343890217520261e-01 4.670142903202098017e-01 9.138553739190988789e-01 1.774989331003594684e-01 2.181730072153401090e-01 3.272749900215333740e-01 5.312454802550972133e-01 4.359809956312890034e-01 2.258143501316101642e-01 2.784649177782464458e-01 3.530074202344296586e-01 2.666142929831047392e-01 4.007827306955173974e-01 2.915271052519196604e-01 2.646512108299984289e-01 6.188321657553842448e-01 1.422904827673847905e-01 5.075284296479104507e-01 2.964703330597297515e-01 2.129894474602882504e-01 3.293000893976451571e-01 3.566970907083761855e-01 3.149536899380374622e-01
2.647367654447722041e-01 2.758700374476839579e-01 2.941158802398702310e-01 3.636258023530544725e-01 1.909697896830167552e-01 4.771602945210798863e-01 4.977680109369396755e-01 2.960027121742587752e-01 4.237204262377219921e-01 3.087850133422738730e-01 2.672544652908790952e-01 4.288070446543115199e-01 3.727213749191784498e-01 3.164579329489198845e-01 1.000000000000000000e+00 3.277464672865558759e-01 2.539334400391930480e-01 7.635892231723641344e-02 1.749823632943680873e-01 3.839340840399102506e-01 3.478774849797241497e-01 3.556081324087700390e-01 3.245974129502828265e-01 5.133034350448812955e-01 2.861068805211529065e-01 3.150721312200267521e-01 4.552532189060453094e-01 3.414032347050513505e-01 3.444859972417253502e-01 3.195046687927683982e-01 2.454461971346540705e-01 1.119907921750852020e-01 3.523686509191755190e-01 3.729733232522878805e-01 2.778721794882129670e-01 2.841712374168236521e-01 3.032862875642492462e-01 3.278443268261008736e-01 1.683380850354296576e-01 4.406960127828597473e-01 4.659307239075141105e-01 3.306755644407669559e-01 4.642900274095896895e-01 3.005025079940896182e-01 2.640348230567828858e-01 4.033738004122974785e-01 3.769427773151453054e-01 3.825159410873338328e-01 3.902106521867290678e-01 2.962959321400462920e-01 2.557886754981718025e-01 1.417174831237854871e-01 2.442511612146627265e-01 3.561689289934757419e-01 3.482369706282053001e-01 3.233027864698457265e-01 3.195853484929388477e-01 5.138212424332029293e-01 3.268629152004637883e-01 2.471666613512220056e-01 4.455317828031190031e-01 3.341911195361547682e-01 3.426958251777518782e-01 3.155017416246792550e-01 1.484106301289233321e-01 1.826760018268323849e-01 3.072107555277520663e-01 3.196280675096357382e-01
4.839649157815366642e-01 4.438187807930544793e-01 2.903733244885535747e-01 5.770077551537123872e-01 2.041622178250722675e-01 4.767927671393188405e-01 3.437556374524786129e-01 2.659493880403347998e-01 3.818305408874810292e-01 4.155433751760203576e-01 2.713123202774562204e-01 5.689433786936147763e-01 3.014542003939399972e-01 2.537938257463310254e-01 3.277464672865558759e-01 1.000000000000000000e+00 3.805932626478711889e-01 4.679317013205720743e-02 2.716795380321250786e-01 4.805955474187625365e-01 9.088913643124083563e-01 5.551412159779137712e-01 9.319498084084076872e-01 5.864405107721893939e-01 3.127495661507949665e-01 3.847177475686568426e-01 6.405489551976260021e-01 6.440613010374957037e-01 5.666988647075095198e-01 4.896551141074331204e-01 2.220568472485492106e-01 1.254332913057909504e-01 5.360293540986654781e-01 6.507395643758213666e-01 4.586224690823491601e-01 4.661507913767442002e-01 3.112965459180654371e-01 5.859077341328948751e-01 1.591374271550972108e-01 4.565269576591722278e-01 3.557996454612380455e-01 3.646501111204438206e-01 4.197501131719698075e-01 4.142668662890689468e-01 2.889039368744115710e-01 5.474238189017741618e-01 2.825013653028253247e-01 2.943755294513428211e-01 2.836135105143162138e-01 1.112727248114307343e+00 3.237918987328736731e-01 1.334444736473074655e-01 3.052932588481613863e-01 4.542978190262172422e-01 8.554940915639812626e-01 5.843058282755124733e-01 9.013261671969647892e-01 5.756431448715526589e-01 3.237762414564010482e-01 3.344310342171006312e-01 6.297262491667514617e-01 6.457620598259113942e-01 5.842356758929997396e-01 4.880984739101552616e-01 1.012494411131296679e-01 2.012510730628373767e-01 5.198501271196745988e-01 5.621876651405574021e-01
7.092522940417409494e-01 5.203142546243997302e-01 6.726776590788704491e-01 4.819113115974308914e-01 2.234298537929242379e-01 5.640358242857463900e-01 5.812828055189912524e-01 6.319909918897843593e-01 3.115640646429160276e-01 4.815262627770993675e-01 6.345719605673780794e-01 5.204642075515759636e-01 2.589904127184947669e-01 4.831762562569519304e-01 2.539334400391930480e-01 3.805932626478711889e-01 1.000000000000000000e+00 3.988772372066195504e-01 9.678547665437954306e-01 5.400620302762421110e-01 4.940680966960723786e-01 5.093861957355724224e-01 6.354527537578662510e-01 4.658888767138064102e-01 2.634539353724760780e-01 7.753430472583965338e-01 7.436873778204469154e-01 5.611009113979551488e-01 6.526512966379318659e-01 9.354400575044545807e-01 1.765647262850419952e-01 1.258521200173307597e-01 5.645594609947063303e-01 6.976895698824465697e-01 6.477451019820438249e-01 5.734146097928766173e-01 6.819139030390227729e-01 4.728873831653629956e-01 1.454363089154467881e-01 5.186292066039104309e-01 5.889338458481138128e-01 6.082067568483833231e-01 3.350593117673821286e-01 4.806344507633364960e-01 6.282586584472802382e-01 5.091922415290155435e-01 2.499761174562967203e-01 5.889356672633745404e-01 2.221758133247268285e-01 3.755130467069809908e-01 8.142566010608582872e-01 5.006713648608470679e-01 7.552685780337073940e-01 5.110116069384931237e-01 4.885492789712764239e-01 5.583845701748072488e-01 5.902904212655573080e-01 5.012110662871664957e-01 3.251221981875517808e-01 6.421687808268911057e-01 7.396343980958295372e-01 5.535510025800034484e-01 6.408090223662573637e-01 7.576667116392232781e-01 7.204479938941123207e-02 2.196762096955382493e-01 5.635974926456629452e-01 6.044764241568478802e-01
1.933218695695446410e-01 1.118304732929115836e-01 4.503093543561504930e-01 3.797172288174410770e-02 1.001995930304204752e-01 1.422003145550360392e-01 4.162051983972768210e-01 3.838603901556879583e-01 1.439279894851813457e-01 9.745715851974104393e-02 4.162497592608240815e-01 1.004690765133812447e-01 1.524882228203378598e-01 4.912566693295572495e-01 7.635892231723641344e-02 4.679317013205720743e-02 3.988772372066195504e-01 1.000000000000000000e+00 5.297992440404128978e-01 1.637102899563438463e-01 7.996931421123411321e-02 1.617407406343909226e-01 1.092505945344071361e-01 1.206876654692878581e-01 8.248570770690642762e-02 3.204964236698116253e-01 3.418377948167684588e-01 8.602689118395097367e-02 1.718957858584261866e-01 3.674967105656845590e-01 1.354555760670549946e-01 1.481117740126938198e-01 1.741339668539226837e-01 1.853870586468041592e-01 1.267884486886387274e-01 1.143694454489872225e-01 3.619114326995486186e-01 9.252888292568397371e-03 8.283619454263833892e-02 1.160017130968244714e-01 3.064330626420957437e-01 2.411746662128521623e-01 1.224664244092435322e-01 1.004507695679554974e-01 3.340507478322775059e-01 9.171381570360566393e-02 1.299213225514977421e-01 4.031735039337606685e-01 3.032919129233135197e-02 3.105291902692348255e-02 2.735859272653595187e-01 6.079680836202123739e-01 3.182217510176029718e-01 1.423659449919997821e-01 8.734237564993109493e-02 1.660727624291389870e-01 1.019464279550393870e-01 9.927429027575387921e-02 8.319079015840558089e-02 2.431573949105331756e-01 2.645569171778249795e-01 6.630172828715238942e-02 1.325234358748831331e-01 1.973773603619500272e-01 1.190614128118092085e-01 8.671323525072405225e-02 1.777235592874784331e-01 1.416236363825305600e-01
6.846273028155683837e-01 3.673379830357285658e-01 5.673080148031184322e-01 3.430866844727383791e-01 2.015914240252424938e-01 4.441887887128220802e-01 4.573545085958586887e-01 5.088729852469778825e-01 2.376370034489789784e-01 3.669884874861507607e-01 5.830146973837352364e-01 3.945341707848150081e-01 2.367624217050109392e-01 5.363597685692516048e-01 1.749823632943680873e-01 2.716795380321250786e-01 9.678547665437954306e-01 5.297992440404128978e-01 1.000000000000000000e+00 4.390414090418146009e-01 3.683305367881902770e-01 3.463708081687844054e-01 4.425946824163322635e-01 2.962736561931365586e-01 1.761479958053271400e-01 5.289864091100906496e-01 6.075277126667113503e-01 3.699939353625317229e-01 5.972822760534386433e-01 6.674858503977233459e-01 1.942580496727353834e-01 1.651450675180048677e-01 4.859355624830278830e-01 4.959412431899296037e-01 5.558332038409080633e-01 4.107382683108262711e-01 5.178873005855524347e-01 3.360252850136484781e-01 1.193835342262933585e-01 4.112938433094585067e-01 4.276880108957432092e-01 4.352911908223986992e-01 2.371283371435813359e-01 3.808820966394206309e-01 5.394131594643384320e-01 3.984158015408870712e-01 2.109818060001255047e-01 5.252467292408951050e-01 1.498596272929614559e-01 2.862085251531520380e-01 6.098171715961973050e-01 5.341111257810661206e-01 6.746050327500575650e-01 4.119353567413748252e-01 3.902947361446039709e-01 3.966088257092725833e-01 4.254244411736147757e-01 3.268956410697069215e-01 2.097152028538248059e-01 4.201584866724463740e-01 5.556503905776740693e-01 3.657729135545697563e-01 5.551937567231264303e-01 5.175015784581935563e-01 3.299551236596220960e-02 2.278004258639843294e-01 4.847562232621359657e-01 4.525820310375245903e-01
4.795051535348040517e-01 4.724639461265003337e-01 4.628992993622308427e-01 1.140721897681364227e+00 2.166873412806233357e-01 8.678587121351137856e-01 6.214533412873227691e-01 4.162972054465652327e-01 4.915132557321945095e-01 9.219189566916712320e-01 4.674229485591719913e-01 1.457718114251382868e+00 3.233752097589026597e-01 2.762585016489393364e-01 3.839340840399102506e-01 4.805955474187625365e-01 5.400620302762421110e-01 1.637102899563438463e-01 4.390414090418146009e-01 1.000000000000000000e+00 5.303108389739151773e-01 5.635780302098936101e-01 4.820102764028894593e-01 7.185545079211155262e-01 3.775403222091679445e-01 5.375976615767114053e-01 5.314223466700532805e-01 6.793405036350687043e-01 5.174139835036386526e-01 5.750872571631499008e-01 2.113764684814896377e-01 7.316343789531747077e-02 6.680008369551709846e-01 6.368446584993230353e-01 5.668919368926681468e-01 5.746840203483635223e-01 5.441490668113291296e-01 1.080338147114806802e+00 1.321770103543348784e-01 8.593898179184877861e-01 6.733808891488490822e-01 4.407592197432502190e-01 5.461183886318310421e-01 8.439172424498291303e-01 5.267120002556390235e-01 1.439929831069798549e+00 3.389868071454228970e-01 4.533507617561950420e-01 3.649190539466612426e-01 4.251643654774289183e-01 5.444049394431925704e-01 2.865605073184706586e-01 5.418873765356891914e-01 1.622278494512073177e+00 5.692501509522475134e-01 6.177242392689066275e-01 5.158561483699172223e-01 8.421347226871372937e-01 4.274673052504172066e-01 5.092697067817376633e-01 6.602109362030401662e-01 6.620764792624240780e-01 5.540122507098582672e-01 5.428822765598929623e-01 1.041285384189502145e-01 2.028777165226204326e-01 6.378551736407493955e-01 5.715785451139232531e-01
5.832113728722544410e-01 5.427001281214391959e-01 3.656203227195592986e-01 6.209453289054461811e-01 2.222743044907139198e-01 5.307709665046571601e-01 4.056150083886887470e-01 3.494039558944598278e-01 4.272718411832615582e-01 4.756265641675777034e-01 4.080495854899061636e-01 6.211445666805319732e-01 3.815960099777796488e-01 2.916991011348312735e-01 3.478774849797241497e-01 9.088913643124083563e-01 4.940680966960723786e-01 7.996931421123411321e-02 3.683305367881902770e-01 5.303108389739151773e-01 1.000000000000000000e+00 5.512772660498296284e-01 1.361549286658378266e+00 5.892012467436600343e-01 3.702534300717622018e-01 4.861131768526400498e-01 7.491316355990431664e-01 7.632605053980763277e-01 6.745592897453216441e-01 6.718420351206191299e-01 2.792647039056744829e-01 1.160435773910637042e-01 6.335420467159685876e-01 8.711857126859512412e-01 5.134928446309192651e-01 5.162588728292203388e-01 3.670359789079025714e-01 6.186564229155357975e-01 1.631118303860527030e-01 5.141551816534877251e-01 4.011262673920426014e-01 3.955528612610941797e-01 4.805861331049035012e-01 4.609377335693901623e-01 4.180235836647682723e-01 6.068339128320108244e-01 3.442003218489597671e-01 3.391186490751080251e-01 2.906475203900326099e-01 8.620141022540301901e-01 3.771829314689671420e-01 1.882111026256274300e-01 3.665156538244140338e-01 4.921066895325180157e-01 1.321168103517284864e+00 5.847824529094356460e-01 1.126392123582083737e+00 5.795715153338337755e-01 4.066171666099358539e-01 3.920858813683607003e-01 7.239640864845255930e-01 7.434081058708450485e-01 6.705356466247459624e-01 6.488680306648146878e-01 1.527060102038527156e-01 2.342520401932230434e-01 6.143141266562891500e-01 7.032021891590668483e-01
4.019873669129013782e-01 5.608159246341519744e-01 4.826419457577683647e-01 5.243530340728407291e-01 1.760090479184612533e-01 4.983218057539519075e-01 5.922242366212338016e-01 4.675245756413526355e-01 5.549594452322694771e-01 5.012331423698489496e-01 4.274852459222532319e-01 5.674330860477347915e-01 3.158494688389703597e-01 3.204077257323930117e-01 3.556081324087700390e-01 5.551412159779137712e-01 5.093861957355724224e-01 1.617407406343909226e-01 3.463708081687844054e-01 5.635780302098936101e-01 5.512772660498296284e-01 1.000000000000000000e+00 5.922019061497444392e-01 7.651682060082247716e-01 4.595202064597424529e-01 6.142570193651601951e-01 6.635615104038818934e-01 5.373771392339942166e-01 4.621774219653460580e-01 7.183560080732417363e-01 1.863469714276143330e-01 7.379797306924651412e-02 5.613345137989920186e-01 6.679995436432817346e-01 4.447297827206699861e-01 6.147521329206120377e-01 5.474711059520120937e-01 5.335280087156478723e-01 1.391560922929266364e-01 4.565048089517256824e-01 6.155197877373981274e-01 5.157961208911023832e-01 5.423980729840703896e-01 4.798613789270020913e-01 5.268847930303247606e-01 5.430239038872880508e-01 3.496861669205509893e-01 4.622131400713180849e-01 2.903275119561637418e-01 4.979754240538864507e-01 5.602292521912912715e-01 2.874841339330037604e-01 5.081275193164480619e-01 5.538595623828094228e-01 5.473963105587147382e-01 7.801183578007269137e-01 5.925343195479603198e-01 7.234156102010316225e-01 5.065553207529581714e-01 5.867503323891755107e-01 7.336875778116651592e-01 5.425981505252251980e-01 5.040130537582001580e-01 6.822976735429779893e-01 1.382726180683432893e-01 1.866408970308129078e-01 5.648211348701059897e-01 6.024143667116883538e-01
6.385507439680087050e-01 5.967746969650997713e-01 4.327721905844974515e-01 5.866440851353669217e-01 2.230904060000413747e-01 5.407550468377904096e-01 4.179191243454962734e-01 4.411933542318793311e-01 3.943367082521216371e-01 4.806732381062267523e-01 4.219607914670063242e-01 5.766201860590254302e-01 3.442448198624889488e-01 3.032186979080405131e-01 3.245974129502828265e-01 9.319498084084076872e-01 6.354527537578662510e-01 1.092505945344071361e-01 4.425946824163322635e-01 4.820102764028894593e-01 1.361549286658378266e+00 5.922019061497444392e-01 1.000000000000000000e+00 5.679978212319185538e-01 3.480995933438951195e-01 5.773065808215110950e-01 8.408914800488553887e-01 8.365594165093721557e-01 6.976413504075986705e-01 8.224147764562426133e-01 2.470722701520008391e-01 1.102183657115702042e-01 6.057226534304480658e-01 9.018212734297208488e-01 5.599177731514480838e-01 5.739540162849237070e-01 4.401020289833488253e-01 5.896547485456339333e-01 1.759163569505018399e-01 5.037180716122988677e-01 4.343393623877999099e-01 4.999337884011703093e-01 4.430647587229356033e-01 4.587958740870350383e-01 4.469945754169152852e-01 5.466733715869077637e-01 3.039217791935636681e-01 3.685042930923705384e-01 2.615149696810638580e-01 8.908294344482527993e-01 4.798112175560061976e-01 2.320819108948627973e-01 4.284295289457157319e-01 4.407513968485715083e-01 1.108275358711894754e+00 6.397901280701634441e-01 1.289921098436206837e+00 5.511872527856844783e-01 3.857813339733093816e-01 4.965943448297419627e-01 7.972049335783133461e-01 8.147439046725793999e-01 7.068548799396121574e-01 7.639160473739664559e-01 1.256606940192609156e-01 2.392615493113428859e-01 6.031234101904855427e-01 7.281596306982981437e-01
