1.000000000000000000e+00 1.943576811309447316e-01 3.645341242705877338e-01 6.744108477503811816e-01 2.470504798861201667e-01 8.047890134882680346e-01 6.645954653985833849e-01 5.679829364365748257e-01 3.533642586293817001e-01 6.680675324907574542e-01 5.029705936110181463e-01 7.545037654724853216e-01 4.785700201399946119e-01 7.715805388274814547e-01 4.924639282067534984e-01 5.407149043084035211e-01 5.615982315029970362e-01 3.009336292153584891e-01 5.579293127510032146e-01 4.709030875425022078e-01 7.223322418985547166e-01 4.196358917422146617e-01 6.468354495103015855e-01 5.811080429263741909e-01 2.459338781270504204e-01 3.398602646369419666e-01 4.738211048246541712e-01 6.310309158686613351e-01 1.232835254020510973e+00 5.235447092624163634e-01 3.307501847916765603e-01 3.813091811888569826e-01 5.350932623396178478e-01 5.658015244760230544e-01 1.085928758268750016e+00 3.581923310566780261e-01 5.135876416761433472e-01 6.986296022593228017e-01 1.424404442009296612e-01 7.883766876785920363e-01 7.313364297166154993e-01 5.880554970585362140e-01 4.129198920158614894e-01 6.302125623250183217e-01 4.428845069223251718e-01 7.591026385183297087e-01 4.235137272837872779e-01 7.064511303798787223e-01 5.232177662013747232e-01 5.119734546921921314e-01 5.768133032863843601e-01 2.172657835155955286e-01 5.942426629505259683e-01 5.229142477254959953e-01 7.009935551252408636e-01 4.354911471124975897e-01 6.688923152557391116e-01 6.385367661084103696e-01 2.019034771378872550e-01 3.814520570186175075e-01 6.323684115464541788e-01 6.093976850158243641e-01 1.053348979474538982e+00 6.227611568831724620e-01 4.201597941104355249e-01 3.625625293505142510e-01 5.262520269240821280e-01 5.995557458980699250e-01
1.943576811309447316e-01 1.000000000000000000e+00 2.559100153359032959e-01 2.897153262932049000e-01 8.046248615110812574e-02 1.939914420806438944e-01 2.598376705900120043e-01 1.623452756074443282e-01 2.058869708274805588e-01 3.097121684984042167e-01 3.021388392202892792e-01 2.968467020996155004e-01 1.449485068058579129e-01 7.358575433661702914e-02 1.613091816548311019e-01 3.809660894098830797e-01 3.553842896031368381e-01 1.147028639143262557e-01 3.094884802059333917e-01 3.417178546846331155e-01 3.415566512616251549e-01 4.580774697870870771e-01 4.179412553230928418e-01 3.640225973706018303e-01 2.309131131494268074e-01 3.998274482296242383e-01 4.400421316573707720e-01 3.603719554164229177e-01 2.691014507944374246e-01 4.001978466820723113e-01 4.379074423967481422e-02 6.112542782895941107e-02 4.060565187541466114e-01 4.173026862376011392e-01 1.557382551244718694e-01 4.288709926526245719e-01 2.329878932679781411e-01 2.705831612650552720e-01 9.482833476534203998e-02 1.903808651604294300e-01 2.789911406743267319e-01 1.590199823095431730e-01 2.484134250708053271e-01 3.034012854067150156e-01 2.152404080636377837e-01 2.779644214017725767e-01 1.475281441418034023e-01 1.047937562730422573e-01 1.710121646178835997e-01 3.650579857376493598e-01 3.595505919252666716e-01 7.085303904146481035e-02 3.177832073794831236e-01 3.289495456712154819e-01 3.352757441690635276e-01 4.347112334511594733e-01 3.516571058255354987e-01 3.619004145882744883e-01 2.243243504932643795e-01 3.319643194336752146e-01 3.270795030354665678e-01 3.200533994792976733e-01 2.395638898002538653e-01 3.843228915845963156e-01 5.048047731935019489e-02 6.180008308239610948e-02 3.860979529666543897e-01 3.851982342383245550e-01
3.645341242705877338e-01 2.559100153359032959e-01 1.000000000000000000e+00 3.375896380584608725e-01 1.262101870337558884e-01 3.620487173275226400e-01 8.348686406134340210e-01 6.165257270455229976e-01 3.216798666548533747e-01 4.390425611104353254e-01 5.192637139249934863e-01 3.757635771977559935e-01 3.058618393887768128e-01 4.831170113575339320e-01 3.109283481357246748e-01 3.369978728270456858e-01 7.295109205799624741e-01 6.624995053758226948e-01 6.932152893724397025e-01 4.010351961414319599e-01 3.918859780868931830e-01 4.404494350246571099e-01 4.568590406827237049e-01 4.826255163544724835e-01 2.986561975456725748e-01 9.563541823278017828e-01 7.796357148546426696e-01 4.428914537935234597e-01 3.972140474340470906e-01 6.315715617609628518e-01 2.002438763808584987e-01 1.682028956121453811e-01 4.251117444294508774e-01 4.483590294474822380e-01 3.169439576407500625e-01 3.487387835651873380e-01 7.573868414383931880e-01 3.365639152418273827e-01 8.190483109563637121e-02 3.261086361068510353e-01 6.351450071152831001e-01 3.662923740589864030e-01 3.396860043079332758e-01 4.530779880180829666e-01 4.795608978428783642e-01 3.584887156754192339e-01 2.544710506867992050e-01 4.432581466145688598e-01 2.826609084531170324e-01 2.932051344606986243e-01 5.241342419539888331e-01 4.168943572906108064e-01 5.351892294527674787e-01 4.256638325411179480e-01 3.800209752314027689e-01 4.001298480107229327e-01 3.926593992412381051e-01 4.682899309463682824e-01 2.166963125600048223e-01 6.162167408613021813e-01 5.856800870827031380e-01 3.727697228221799053e-01 3.635285459218489112e-01 4.954290385512868378e-01 2.254893728355019111e-01 1.293602599993504965e-01 4.287633435127986004e-01 4.188164123693037255e-01
6.744108477503811816e-01 2.897153262932049000e-01 3.375896380584608725e-01 1.000000000000000000e+00 2.072515357356638499e-01 7.923552883419660020e-01 7.062560758179849962e-01 4.419711321164168649e-01 4.603150950568641875e-01 8.782690676778621697e-01 5.311153470581613245e-01 1.501897755290193537e+00 4.186265476726705459e-01 3.870729906322321057e-01 5.741907830100403398e-01 6.924499638579629801e-01 4.246741680112585682e-01 2.108977558556128784e-01 4.252176852753430936e-01 1.124711158043400605e+00 8.019088077740310627e-01 6.043102911900690710e-01 6.775876143903795112e-01 9.752676119644261288e-01 3.082765950629489660e-01 4.869603668112813533e-01 4.745092381339723331e-01 1.016746781442117165e+00 7.590349750880120983e-01 5.623645906412138018e-01 1.896694660077101746e-01 2.766262738202437954e-01 6.252301240956572581e-01 6.361065337969948885e-01 6.624077591758168460e-01 4.506022231223307251e-01 5.874301421385761390e-01 1.773305339069704667e+00 1.606511627950294174e-01 8.328395598690390145e-01 8.626282789677613971e-01 5.930324297454947491e-01 6.182227287918051761e-01 9.090698624541527773e-01 4.936619665233789589e-01 1.434066486181945432e+00 4.127358967526209010e-01 5.343195380960682472e-01 6.001720996957228271e-01 6.932585471121349707e-01 6.274362033440900044e-01 2.502183274553082537e-01 5.869780321913232735e-01 1.147177613619177361e+00 8.836830410091260912e-01 6.587987695731317705e-01 7.713669565036100906e-01 1.033820689250656510e+00 2.510284679777472494e-01 6.230362621672302925e-01 6.597743170281171743e-01 1.017099478088165920e+00 7.167665507147091830e-01 7.709211081463338555e-01 3.469245932417118761e-01 2.910060202044192912e-01 5.974409749189192320e-01 6.725195503390253293e-01
2.470504798861201667e-01 8.046248615110812574e-02 1.262101870337558884e-01 2.072515357356638499e-01 1.000000000000000000e+00 2.648209345199655784e-01 2.003595616469686924e-01 2.099300988085679998e-01 9.448914012194184475e-02 2.055141686538431156e-01 1.667481522219720347e-01 2.342267352592363183e-01 1.888078535670723035e-01 1.907767509220845981e-01 2.277770865443772830e-01 1.743433671903956705e-01 1.324878940570754504e-01 1.036851284462432243e-01 1.494668795388549853e-01 1.284884067411892761e-01 2.139620711593266111e-01 1.421796701191457013e-01 1.858477059890600858e-01 1.847820260216733734e-01 8.224594406031883465e-02 9.864539651576897938e-02 1.291343695618145937e-01 2.260920452592460883e-01 2.525898397723156386e-01 1.538848906968315333e-01 8.044221125872867695e-02 1.662430441657074265e-01 1.371736601474914385e-01 2.038062540006026213e-01 2.446194950023540260e-01 9.750304131995451984e-02 1.942641472242870038e-01 2.151919259751182423e-01 4.790593342661540743e-02 2.544197298139374563e-01 2.372032566285529331e-01 2.302192736340343826e-01 1.510395329577403079e-01 1.932925011934871207e-01 1.675861925143383446e-01 2.307044566148151454e-01 1.639661974254468246e-01 2.307058270302446146e-01 1.916556363078755765e-01 1.690132645147666146e-01 1.780741188721324808e-01 9.303549187922215136e-02 1.708185986316858307e-01 1.360638650459325139e-01 2.403299814735833095e-01 1.416476850232041285e-01 2.208933980252531515e-01 2.166524000083773216e-01 5.372458714391871448e-02 1.260507855362740237e-01 1.962630787611278904e-01 2.252307766821687041e-01 2.636261921412006992e-01 2.240684937649211617e-01 1.181666307623780443e-01 1.292500672540163320e-01 1.641831647716762432e-01 2.231408506659144364e-01
8.047890134882680346e-01 1.939914420806438944e-01 3.620487173275226400e-01 7.923552883419660020e-01 2.648209345199655784e-01 1.000000000000000000e+00 7.560594952254597878e-01 7.383276050724486561e-01 2.795687865718530785e-01 9.314018006411521888e-01 4.451971571567442387e-01 9.831042255052208079e-01 4.227982799984882911e-01 5.682855611210833047e-01 6.987708275241771849e-01 5.609047140891116889e-01 4.304018725601791440e-01 2.683014695183846832e-01 4.522181381635035358e-01 5.034534363146867531e-01 6.729379873904761666e-01 4.100770815165583061e-01 6.135870792551496589e-01 5.841866889562240539e-01 1.749557697560762681e-01 3.299253308125837392e-01 3.894328348713092525e-01 8.984388398135809695e-01 7.862334817857306035e-01 4.678379512250142591e-01 2.344828237421212325e-01 3.437554544659544575e-01 4.141450569305696328e-01 5.501678887597680756e-01 6.888986759617470312e-01 3.357231068294063703e-01 6.466894853960929446e-01 8.340131485609654227e-01 1.750172992110001213e-01 1.253131105874057072e+00 9.003607667030539830e-01 8.745350200871739865e-01 4.265479659847099536e-01 8.872415580404857671e-01 4.518487152015282504e-01 9.725554319075802034e-01 3.878561390187524882e-01 7.161136724784210594e-01 7.263417419137010445e-01 5.498066563410493046e-01 5.411046597776836276e-01 2.212005086507453644e-01 5.167506077513531748e-01 5.806279483609682046e-01 7.205590861277402226e-01 4.456033393732505288e-01 7.127811486878559144e-01 7.036973413455476223e-01 1.725850984344545480e-01 4.645366020429488318e-01 5.732724905989466935e-01 8.873555934472501239e-01 7.669320335327806104e-01 6.659491378298009190e-01 3.315200182125274120e-01 3.538598744462438384e-01 3.832593638174088269e-01 6.147681038880830062e-01
6.645954653985833849e-01 2.598376705900120043e-01 8.348686406134340210e-01 7.062560758179849962e-01 2.003595616469686924e-01 7.560594952254597878e-01 1.000000000000000000e+00 7.993976304875181071e-01 5.827553299747425530e-01 7.788816222691461455e-01 6.054046346979600202e-01 7.957409559721179138e-01 4.800890385731900745e-01 7.741016959089537242e-01 5.758085870782443383e-01 4.957920627620965859e-01 5.721135190116717339e-01 5.437220423726005780e-01 5.902959473992012152e-01 6.506340630626450405e-01 5.729031967394847547e-01 5.950675744871162243e-01 5.360540849492945181e-01 9.268123674154015168e-01 4.338701070633932400e-01 8.109603172734546339e-01 6.891466903527636578e-01 7.402598992145172918e-01 6.622124419376694826e-01 6.713086844065072611e-01 2.720369603731158104e-01 3.021314549132648186e-01 5.563099282709486060e-01 5.324465539311680207e-01 6.148119239226281785e-01 4.032376959470112543e-01 9.323702546511787315e-01 7.001621375345937759e-01 1.554052766635378446e-01 7.106220957556406148e-01 1.289548008651367983e+00 6.392075415446635267e-01 6.552948624882409812e-01 7.751844094793050033e-01 5.927766455948889623e-01 7.725999841965029979e-01 5.044065875938601451e-01 8.543986357361454953e-01 5.727264924239779953e-01 4.351812135774048018e-01 5.735108933859156544e-01 4.325851698896625575e-01 6.150763370923677531e-01 7.095637568240490411e-01 5.813345955256565833e-01 5.759848081761587135e-01 5.416586538038945520e-01 9.438698357075963052e-01 3.425164522624081775e-01 8.005887235535704693e-01 7.753465828285942552e-01 6.563770933679307085e-01 6.177341442427917162e-01 6.331123925600231628e-01 4.159290591223533395e-01 2.825575636720122907e-01 5.317063724972981298e-01 5.576183052109976446e-01
5.679829364365748257e-01 1.623452756074443282e-01 6.165257270455229976e-01 4.419711321164168649e-01 2.099300988085679998e-01 7.383276050724486561e-01 7.993976304875181071e-01 1.000000000000000000e+00 1.753118513309994131e-01 5.221048601703794922e-01 4.840265032103810428e-01 5.242972479869676405e-01 2.724849307801566756e-01 6.696306613110845074e-01 4.377858543184205420e-01 3.404012195096634552e-01 5.043506208719213957e-01 4.986994799939816758e-01 5.262235880749777106e-01 2.682143580792972215e-01 4.324292143003085620e-01 3.184483404727739275e-01 4.687993992576078850e-01 3.503207350248457308e-01 1.682697138193497421e-01 5.337922461668842544e-01 4.538769251287709250e-01 6.583710006487291100e-01 5.485449959455559465e-01 6.479791213356796975e-01 1.872742654792201866e-01 2.729513631946731689e-01 3.007846623288801258e-01 4.308419537988429915e-01 5.197878561164576139e-01 2.868759767885061818e-01 6.723909196404933564e-01 4.580472847861383201e-01 1.204852288970872098e-01 6.829378077980785555e-01 7.387826496692981859e-01 8.739472893375219709e-01 2.529703360034619153e-01 4.986435472099932653e-01 4.788060587017953784e-01 5.137467954683484495e-01 2.339172034896733754e-01 7.162074898573952408e-01 4.519529605795385985e-01 3.079035598547908981e-01 4.739776311948418197e-01 4.078064103978813471e-01 4.995945270286687445e-01 3.258424839975838094e-01 4.497693346451004937e-01 2.999810975825336623e-01 4.794776001530768328e-01 4.139788970021194836e-01 1.212423003330903720e-01 4.933299787741985409e-01 5.033229617487094965e-01 6.202527026313414682e-01 5.488792397069290896e-01 6.248719556305623035e-01 2.476023386252561576e-01 2.417826275320084928e-01 2.839230880513083366e-01 4.508738343172236096e-01
3.533642586293817001e-01 2.058869708274805588e-01 3.216798666548533747e-01 4.603150950568641875e-01 9.448914012194184475e-02 2.795687865718530785e-01 5.827553299747425530e-01 1.753118513309994131e-01 1.000000000000000000e+00 4.070588641421866716e-01 3.612499138690777323e-01 4.462242191584970818e-01 4.492408428127359077e-01 3.757977587545335285e-01 3.015892958896861931e-01 3.354703819281086297e-01 2.492671263252695946e-01 1.961565614062435459e-01 2.654995922376776618e-01 5.280981628076422130e-01 3.550786509674533353e-01 5.259143066532023791e-01 2.908833792204053026e-01 7.387990864135466351e-01 3.947628382079764187e-01 3.925833175182527057e-01 4.167726284730638442e-01 3.172963106147813073e-01 3.860985781793800364e-01 2.714729190309155271e-01 1.994956392468857087e-01 1.659521868070920336e-01 4.627394596564671225e-01 3.213672437553352079e-01 3.398046694931401435e-01 3.116989950614176275e-01 3.786510387500588437e-01 4.269807706033518779e-01 1.061223622944692385e-01 2.778679484477381556e-01 5.384083834675800206e-01 1.863370234518760826e-01 6.875430215666640255e-01 4.030008112246284968e-01 3.348456389451963666e-01 4.285279220554328861e-01 4.656984603681710855e-01 3.771574146616851197e-01 2.880350614777513751e-01 2.854560123767800883e-01 2.817570446106742454e-01 1.842070946274991794e-01 3.232585810827178219e-01 5.221439646343736252e-01 3.463514730590145363e-01 4.755721479816087394e-01 2.919799487312730313e-01 6.731078852376263244e-01 3.439077171774860275e-01 4.588838525369226540e-01 4.768458590559545573e-01 2.920846304415108396e-01 3.587399180535152388e-01 3.020943438993998198e-01 2.763309589111597186e-01 1.543688580853097292e-01 4.366361578057491033e-01 3.291337109017088425e-01
6.680675324907574542e-01 3.097121684984042167e-01 4.390425611104353254e-01 8.782690676778621697e-01 2.055141686538431156e-01 9.314018006411521888e-01 7.788816222691461455e-01 5.221048601703794922e-01 4.070588641421866716e-01 1.000000000000000000e+00 5.322374229804253121e-01 1.003547861585002643e+00 4.426967439768551005e-01 4.808744998108860358e-01 5.313595649344441396e-01 5.739999200827912151e-01 5.193725978986941660e-01 2.954372436859060702e-01 5.355325672543082005e-01 8.056568608433607448e-01 6.678980756678393194e-01 5.875043913453419364e-01 6.199613680218591938e-01 6.856114443069719622e-01 2.995266992591597011e-01 5.130545460893376486e-01 5.216336212615731993e-01 9.232447458348631564e-01 6.977985379980216063e-01 5.442766940212906412e-01 1.957562537563551919e-01 2.863422277600968235e-01 5.959792659879865617e-01 5.997670276491471331e-01 5.498766300197233114e-01 4.249448370814976061e-01 6.447778785444682192e-01 8.609558754046867657e-01 1.665322824183289308e-01 9.179972479725089229e-01 8.573784322638834388e-01 6.125147717494222599e-01 5.201115602168255858e-01 1.736420506430850885e+00 5.209950411099205647e-01 9.411331810815357635e-01 4.069660134544638153e-01 5.434933774414107965e-01 5.453474501837171085e-01 5.367145925961760433e-01 5.858154389067862233e-01 2.962955944299694444e-01 6.197390882869603379e-01 8.423314492963779321e-01 6.746227080783254726e-01 5.988508525309343966e-01 6.284643838334090793e-01 7.618887985665702134e-01 2.455830528262646084e-01 5.974617685933141242e-01 6.239122357795299223e-01 8.580424406398461379e-01 6.352197167633111263e-01 6.699750875910235326e-01 2.977501249175792397e-01 3.039554282724872825e-01 5.870588664020525149e-01 6.208221967225385773e-01
5.029705936110181463e-01 3.021388392202892792e-01 5.192637139249934863e-01 5.311153470581613245e-01 1.667481522219720347e-01 4.451971571567442387e-01 6.054046346979600202e-01 4.840265032103810428e-01 3.612499138690777323e-01 5.322374229804253121e-01 1.000000000000000000e+00 5.369784120242713232e-01 4.610253338461368644e-01 4.750877915117462935e-01 3.074942764302938669e-01 4.974990345677513526e-01 7.040001895507455032e-01 4.784734592934040132e-01 7.422951411870220007e-01 5.125936755221409680e-01 5.885090059175118737e-01 5.725269512801449689e-01 6.061046708720944087e-01 5.256910683621621727e-01 3.463478643819278280e-01 6.976224572372272670e-01 6.502208555639301668e-01 5.662485932502481223e-01 5.453649446373715071e-01 7.139843122708970924e-01 2.372865321011188855e-01 2.078231379668439294e-01 5.210308174956870264e-01 6.243995576381111690e-01 4.582401077545127932e-01 4.538407636621933916e-01 4.687190779088539760e-01 5.055084190764993490e-01 1.414151657562659481e-01 4.338391389667666243e-01 5.424430340539201367e-01 4.177153900684551502e-01 3.809720766648091450e-01 5.369819927942602877e-01 5.619749385821651844e-01 5.182241728331615782e-01 3.187660755167978643e-01 4.113932774306521267e-01 3.145711871339872401e-01 4.652021346854476880e-01 6.318100787668556872e-01 4.018707578877357411e-01 7.223793779548276506e-01 5.186885115083473830e-01 5.915985073835430264e-01 5.587987400337002253e-01 5.762027047706856919e-01 5.318079408443456835e-01 2.726323735248624702e-01 5.524533562975048051e-01 5.756368555997886105e-01 5.342820308371687421e-01 5.098292671445127100e-01 6.725155916059259997e-01 2.640202785464961233e-01 2.392687719125817236e-01 5.178845654805938059e-01 5.752005040421843685e-01
7.545037654724853216e-01 2.968467020996155004e-01 3.757635771977559935e-01 1.501897755290193537e+00 2.342267352592363183e-01 9.831042255052208079e-01 7.957409559721179138e-01 5.242972479869676405e-01 4.462242191584970818e-01 1.003547861585002643e+00 5.369784120242713232e-01 1.000000000000000000e+00 4.476798593062057963e-01 4.401086781211597243e-01 6.788618860174562286e-01 7.304437440092700351e-01 4.549046900796134274e-01 2.323904840354437118e-01 4.578214926779665128e-01 1.099159620633926027e+00 8.639646807130583195e-01 6.029802567457454021e-01 7.266566400222009836e-01 9.557769359198913239e-01 3.004099253915059053e-01 4.732606734329303233e-01 4.909638604386451499e-01 1.094363120634420872e+00 8.405452199788427947e-01 5.559535073414312301e-01 2.117337266391913775e-01 3.049249262327639598e-01 6.444552558771349249e-01 6.745024014401272971e-01 7.260108596420360438e-01 4.665136452173652137e-01 6.617612469891193117e-01 1.504033824852236023e+00 1.735852911233639606e-01 1.040675232486593993e+00 9.845950186233488610e-01 6.928363738244432968e-01 6.251928196285827521e-01 1.050409789793832038e+00 5.127879383344260411e-01 1.746992007751191789e+00 4.387905309779679963e-01 6.062947334255540666e-01 7.130818564855225805e-01 7.335623744577317584e-01 6.476838022855569976e-01 2.459167318894349974e-01 6.102310286250437477e-01 1.181400448129333869e+00 9.443461412975747704e-01 6.550781152465756652e-01 8.412653275681700737e-01 1.064964578711508736e+00 2.490727088451075710e-01 6.319748985014050913e-01 6.911561646379190682e-01 1.078459975712217078e+00 8.082861894074443443e-01 7.977936802455085630e-01 3.622571518892238607e-01 3.295236460608270690e-01 6.137717948135817947e-01 7.298231029326556207e-01
4.785700201399946119e-01 1.449485068058579129e-01 3.058618393887768128e-01 4.186265476726705459e-01 1.888078535670723035e-01 4.227982799984882911e-01 4.800890385731900745e-01 2.724849307801566756e-01 4.492408428127359077e-01 4.426967439768551005e-01 4.610253338461368644e-01 4.476798593062057963e-01 1.000000000000000000e+00 4.976365312323214329e-01 3.589002807141880025e-01 4.317738199128109411e-01 3.365430562893951816e-01 2.899899484437223895e-01 3.795954603986291254e-01 3.843312934245426415e-01 4.800508497423875420e-01 4.180349122993063937e-01 4.023583562525817614e-01 4.858669420459690302e-01 4.360748535217430222e-01 2.872313796460972402e-01 4.739429511423453034e-01 3.670231842885030016e-01 5.268972686367323632e-01 2.425768322978914537e-01 3.039006663514031148e-01 2.495319389018611778e-01 3.960947034986518345e-01 3.910748479852840243e-01 4.705078821364669928e-01 2.712740686449891525e-01 4.054675471150109844e-01 4.168974426451715898e-01 1.343838959572714320e-01 4.022442902392025510e-01 4.907000938089960407e-01 3.155589317287330609e-01 4.971763952316750057e-01 4.272186329124974535e-01 3.914923408498867108e-01 4.313550088394823012e-01 6.080197233445174820e-01 4.871639669565842601e-01 3.454625227003683130e-01 4.082349512234197952e-01 3.322217727513179231e-01 2.322647335474728458e-01 3.670587956987423350e-01 3.994497716208414428e-01 5.104495873107341986e-01 3.818715894753994533e-01 4.440414412003547140e-01 5.076078069707643525e-01 3.181283300679420001e-01 3.673161682964182773e-01 5.472710210089957172e-01 3.690816594513940396e-01 5.338959338042266189e-01 3.761434144259087620e-01 3.142669593952440721e-01 2.283992268358611133e-01 4.030310852861608284e-01 4.432079323003567106e-01
7.715805388274814547e-01 7.358575433661702914e-02 4.831170113575339320e-01 3.870729906322321057e-01 1.907767509220845981e-01 5.682855611210833047e-01 7.741016959089537242e-01 6.696306613110845074e-01 3.757977587545335285e-01 4.808744998108860358e-01 4.750877915117462935e-01 4.401086781211597243e-01 4.976365312323214329e-01 1.000000000000000000e+00 3.381920405406294572e-01 2.480594201019602207e-01 4.947412228856328809e-01 4.745324861587074672e-01 5.675277346857914296e-01 2.560168770981980368e-01 4.354084604993617713e-01 2.862826662260215538e-01 3.869084433330987616e-01 3.543919086846513133e-01 2.583210045419193635e-01 3.676709725240654425e-01 4.779226655227976073e-01 4.319731944636114318e-01 6.754386883101299865e-01 4.370247977089556368e-01 4.661486668278627676e-01 3.889489333049874209e-01 3.185457964750729731e-01 3.444700586125708508e-01 6.797168126247301601e-01 2.172933234138536840e-01 4.871178911883468632e-01 3.979232248008747197e-01 1.006175440202024401e-01 5.332377268815365889e-01 6.055431839947078565e-01 5.819435219426090100e-01 3.348889138376675567e-01 4.430564425460531419e-01 4.208530099261558188e-01 4.409163681344293595e-01 4.070609029309610882e-01 8.426969501685299679e-01 3.603249874220953441e-01 2.027904313436946215e-01 3.456353586377609588e-01 3.794096002166647552e-01 4.394761909857854421e-01 2.949936500400688888e-01 4.049162203804113069e-01 2.298291888994725418e-01 3.895145839898370155e-01 3.764496218668905714e-01 1.786632992803993680e-01 3.306619394917993948e-01 5.197135810675562739e-01 4.199114831951917814e-01 6.255721154396882699e-01 4.039014453745348732e-01 4.213722060716608153e-01 3.020971570619957469e-01 3.080042771204351548e-01 3.634557365452527056e-01
4.924639282067534984e-01 1.613091816548311019e-01 3.109283481357246748e-01 5.741907830100403398e-01 2.277770865443772830e-01 6.987708275241771849e-01 5.758085870782443383e-01 4.377858543184205420e-01 3.015892958896861931e-01 5.313595649344441396e-01 3.074942764302938669e-01 6.788618860174562286e-01 3.589002807141880025e-01 3.381920405406294572e-01 1.000000000000000000e+00 4.733708596917798328e-01 2.997191189259984512e-01 1.816789252277772326e-01 2.934529273395181659e-01 4.389827952020985968e-01 5.283240758350645772e-01 3.724076239305230684e-01 4.563732940635581437e-01 5.728018450160692332e-01 2.044130251309967117e-01 2.987055646415467391e-01 3.426126780796229787e-01 5.776728264777516442e-01 5.388167480266570220e-01 3.332206341595815857e-01 1.454523579609554029e-01 2.417931344739048805e-01 3.732126549452794984e-01 4.272423529768266670e-01 4.588004571320944969e-01 2.898782452708209556e-01 4.907492025108084466e-01 5.875466452500095471e-01 1.267637037311483694e-01 6.519449791689835294e-01 6.624436416869559086e-01 4.881241297444787741e-01 4.403862772249151347e-01 5.236203918855134587e-01 3.434672943043921567e-01 6.665949399251640539e-01 3.750398655602738551e-01 4.834024189013171879e-01 5.789450106379395722e-01 4.615980609516320277e-01 3.919512549787188549e-01 1.490139719643997218e-01 3.552406024299120113e-01 4.934824762800573694e-01 5.776854279921712632e-01 3.978308262852299770e-01 5.265665444239936432e-01 6.296243262186856926e-01 2.115865365854211755e-01 4.115081922331361164e-01 4.557026570915317931e-01 5.603507044646035551e-01 5.309490711350145498e-01 4.660151685976576807e-01 2.641129798059461131e-01 2.415377598336388987e-01 3.620949397324688124e-01 4.746534922488451769e-01
5.407149043084035211e-01 3.809660894098830797e-01 3.369978728270456858e-01 6.924499638579629801e-01 1.743433671903956705e-01 5.609047140891116889e-01 4.957920627620965859e-01 3.404012195096634552e-01 3.354703819281086297e-01 5.739999200827912151e-01 4.974990345677513526e-01 7.304437440092700351e-01 4.317738199128109411e-01 2.480594201019602207e-01 4.733708596917798328e-01 1.000000000000000000e+00 5.013517383559169538e-01 1.924441233155851638e-01 4.856015132762819819e-01 5.880545071361954479e-01 1.052964703686041448e+00 7.750927118020418671e-01 1.120818673302869772e+00 7.479873999608478430e-01 3.201243047053380364e-01 4.434344126681896148e-01 7.034158610639492659e-01 7.668255880900505250e-01 7.091843915783142549e-01 6.394241229163070139e-01 1.925961511607327259e-01 1.724918268546611066e-01 7.251204288638374296e-01 8.244194391518416820e-01 5.033974483837623248e-01 5.644552449271369454e-01 5.171792196555023979e-01 6.928979222232375390e-01 1.649241160568080122e-01 5.483641078674809100e-01 6.248736421318126233e-01 4.049406471347620773e-01 4.878538698993241107e-01 5.667453013133647577e-01 4.396945282993218740e-01 6.961165655496988069e-01 3.870588423582648763e-01 3.840842817607797999e-01 4.862104035655326895e-01 1.394198038692104902e+00 6.574708722019234619e-01 1.738834929603192692e-01 5.799753850728747162e-01 6.224968273206150648e-01 1.078358806870445274e+00 7.925060510036427974e-01 1.078425464837503789e+00 7.971056308871540264e-01 2.746609636437694069e-01 5.456821477399388387e-01 7.169251879646199033e-01 7.487191139005964224e-01 6.934323953393144446e-01 8.513444619307132255e-01 2.931291572677697244e-01 2.386339811272534250e-01 7.215393600765400706e-01 8.566576846165471215e-01
5.615982315029970362e-01 3.553842896031368381e-01 7.295109205799624741e-01 4.246741680112585682e-01 1.324878940570754504e-01 4.304018725601791440e-01 5.721135190116717339e-01 5.043506208719213957e-01 2.492671263252695946e-01 5.193725978986941660e-01 7.040001895507455032e-01 4.549046900796134274e-01 3.365430562893951816e-01 4.947412228856328809e-01 2.997191189259984512e-01 5.013517383559169538e-01 1.000000000000000000e+00 4.874132939660945074e-01 1.046848883889794912e+00 4.266313834553190354e-01 6.258097749762427942e-01 5.494294494194202905e-01 7.364073674191133900e-01 4.360637556294619799e-01 2.662999009253987914e-01 7.993573780667382334e-01 8.490857541847163237e-01 5.237643769036806063e-01 6.076925931324252961e-01 8.085283996677925522e-01 2.518399471694450775e-01 1.893458359588389706e-01 5.458906606080621282e-01 6.887454901835793342e-01 4.658739903823480577e-01 4.837003707826179055e-01 5.262987746442335801e-01 4.129858484369188232e-01 1.077836833666740435e-01 3.943453843873305220e-01 5.061065914669180543e-01 3.790792825362077623e-01 2.795699423708862819e-01 5.216825103138753583e-01 5.206800033236183012e-01 4.394970356064124006e-01 2.463692044435564221e-01 3.782991904209174194e-01 2.895939315243956091e-01 4.771601094423529865e-01 7.833246586717521609e-01 3.491464284198945167e-01 8.157737151686306198e-01 4.453881278987956716e-01 5.976655445469563066e-01 5.173197346398101804e-01 6.324900641466713047e-01 4.433238797113132623e-01 2.385416508865468854e-01 5.357446160025012283e-01 6.436053236521340759e-01 4.720330365901067582e-01 5.333807174876878943e-01 6.960902148561453062e-01 2.237836303413443528e-01 2.075249997304252081e-01 5.606028762385176778e-01 6.303670169895472242e-01
3.009336292153584891e-01 1.147028639143262557e-01 6.624995053758226948e-01 2.108977558556128784e-01 1.036851284462432243e-01 2.683014695183846832e-01 5.437220423726005780e-01 4.986994799939816758e-01 1.961565614062435459e-01 2.954372436859060702e-01 4.784734592934040132e-01 2.323904840354437118e-01 2.899899484437223895e-01 4.745324861587074672e-01 1.816789252277772326e-01 1.924441233155851638e-01 4.874132939660945074e-01 1.000000000000000000e+00 5.863814542297030030e-01 2.247489250594357224e-01 2.756335054938804374e-01 2.416330522944657444e-01 2.783321232074935092e-01 1.975167241162416598e-01 2.105872834981149799e-01 6.161118877662807858e-01 5.185547293207026787e-01 2.193167396648580403e-01 2.977189384966580366e-01 3.426831327092052515e-01 1.832625933667208773e-01 1.690026802475739220e-01 2.503472246922500144e-01 2.784476271190553520e-01 2.987241184824152573e-01 1.731318132681680111e-01 4.239098553302209083e-01 2.074968337932929507e-01 6.812127213263245717e-02 2.534875755281743026e-01 3.790698150498830188e-01 3.031889262119553119e-01 1.912346087671508432e-01 3.118999360123072551e-01 4.441276134707907719e-01 2.290047767409763291e-01 1.889598299687361427e-01 3.913152006387400905e-01 1.990262907799612846e-01 1.661391793658137939e-01 3.024306673127854506e-01 6.233536516033733044e-01 3.766667636727543678e-01 2.328431801221785280e-01 2.606045548988503158e-01 1.771308967474150564e-01 2.471748186265470548e-01 2.058730045442804246e-01 1.113601612788417822e-01 3.772061910446195543e-01 3.753447886794388788e-01 1.896610866529970241e-01 3.055858154198802801e-01 2.714648058445846557e-01 1.685612128792804698e-01 1.317859475887689646e-01 2.650532801242232450e-01 2.745131952053733171e-01
5.579293127510032146e-01 3.094884802059333917e-01 6.932152893724397025e-01 4.252176852753430936e-01 1.494668795388549853e-01 4.522181381635035358e-01 5.902959473992012152e-01 5.262235880749777106e-01 2.654995922376776618e-01 5.355325672543082005e-01 7.422951411870220007e-01 4.578214926779665128e-01 3.795954603986291254e-01 5.675277346857914296e-01 2.934529273395181659e-01 4.856015132762819819e-01 1.046848883889794912e+00 5.863814542297030030e-01 1.000000000000000000e+00 4.257753007778591892e-01 5.919103096478212089e-01 5.047366691692788399e-01 6.568154058945934182e-01 4.179477917679965127e-01 2.557911846979370463e-01 7.416149732522252513e-01 7.827964871722693507e-01 5.265289105034201000e-01 6.059745097912141443e-01 7.494096829839902441e-01 3.286272140591664503e-01 1.952956289254429711e-01 5.225033472985167737e-01 6.441796553031208239e-01 4.755506038728798401e-01 4.231404460204801210e-01 5.043708369338842923e-01 4.140475325094102321e-01 1.185385198966719955e-01 4.198785009500483612e-01 5.037802283902493850e-01 4.086889756268630713e-01 2.772007474137588856e-01 5.356845979682397507e-01 5.628496344569599019e-01 4.356896882947196015e-01 2.777636133917607553e-01 4.131452953544588191e-01 3.114739756373643975e-01 4.624428884056129840e-01 7.062925203321275269e-01 4.018658889138344570e-01 8.306231448094510972e-01 4.420073021143771097e-01 5.807951970119679119e-01 4.770708893942370854e-01 5.836765929551492871e-01 4.160376478220830232e-01 1.988367733202312526e-01 4.660712855970915447e-01 5.789308547628790880e-01 4.896670682648607831e-01 5.492206304142129847e-01 6.659364342803271164e-01 2.583424314399390131e-01 2.376552379516322921e-01 5.454630881577329227e-01 5.995593406914591084e-01
4.709030875425022078e-01 3.417178546846331155e-01 4.010351961414319599e-01 1.124711158043400605e+00 1.284884067411892761e-01 5.034534363146867531e-01 6.506340630626450405e-01 2.682143580792972215e-01 5.280981628076422130e-01 8.056568608433607448e-01 5.125936755221409680e-01 1.099159620633926027e+00 3.843312934245426415e-01 2.560168770981980368e-01 4.389827952020985968e-01 5.880545071361954479e-01 4.266313834553190354e-01 2.247489250594357224e-01 4.257753007778591892e-01 1.000000000000000000e+00 6.727433399569262562e-01 6.321363546724303450e-01 5.828024129280672261e-01 9.709401905106473940e-01 3.674340931199792104e-01 5.690054525134091712e-01 5.129956067365141203e-01 7.326490584478824175e-01 5.803593924511757374e-01 5.104592328335467721e-01 1.261378272264210287e-01 1.897247382578743369e-01 7.185029635526033465e-01 5.920568217204122963e-01 4.606333040832798487e-01 4.665271975352652811e-01 5.121520661643047534e-01 1.007305764730282993e+00 1.335186863517656697e-01 5.155245225624202066e-01 6.982936392120459024e-01 3.266765296096161841e-01 6.607951297171400507e-01 8.396825281840534227e-01 4.707058764746596680e-01 1.020508388780271281e+00 4.054567069647838085e-01 3.448880282729046010e-01 4.276140607173700148e-01 5.660114927208463875e-01 5.621186461359073405e-01 2.459670290952498117e-01 5.641053255297154845e-01 1.443042276747414254e+00 6.755626694235177254e-01 6.744695141806160699e-01 5.822268929491779543e-01 9.496694677386834371e-01 3.014481423894995182e-01 6.242316808568593167e-01 6.013892744678914770e-01 6.575254422019727318e-01 5.117307381646599707e-01 5.992827313848664295e-01 2.769762879277627987e-01 2.139409079799942659e-01 6.773209222514680050e-01 5.709127868850107923e-01
7.223322418985547166e-01 3.415566512616251549e-01 3.918859780868931830e-01 8.019088077740310627e-01 2.139620711593266111e-01 6.729379873904761666e-01 5.729031967394847547e-01 4.324292143003085620e-01 3.550786509674533353e-01 6.678980756678393194e-01 5.885090059175118737e-01 8.639646807130583195e-01 4.800508497423875420e-01 4.354084604993617713e-01 5.283240758350645772e-01 1.052964703686041448e+00 6.258097749762427942e-01 2.756335054938804374e-01 5.919103096478212089e-01 6.727433399569262562e-01 1.000000000000000000e+00 6.693575966606061245e-01 1.482945221912374434e+00 7.246013625872256281e-01 3.023447161356370705e-01 4.765622268313162713e-01 6.860379174216312270e-01 9.177529978609522132e-01 9.252781230293034564e-01 7.543762589948448394e-01 2.338315751553810273e-01 2.720737209009088664e-01 7.783664930064569942e-01 9.250957819084064671e-01 6.725060177571645648e-01 5.287783771939834621e-01 5.719838647396555675e-01 7.957993620635354093e-01 1.887880231472613413e-01 6.616051656504635670e-01 6.908893084928046102e-01 5.147669198483482145e-01 5.296286576971931392e-01 6.397128332575958698e-01 4.778285415811273085e-01 8.220445563570637493e-01 4.185026768979194789e-01 5.006726946357096253e-01 5.479047879849939795e-01 1.028697429683657960e+00 7.533934657851126815e-01 2.611792594540613965e-01 6.614864814605944110e-01 6.872918180285865208e-01 1.475878079187201486e+00 7.053458995599433123e-01 1.254978093460166866e+00 8.163258034549946141e-01 2.638613305070479642e-01 5.774293014832163617e-01 7.653837979528282931e-01 8.341164667216602879e-01 8.721973003427069271e-01 9.781852339297151255e-01 3.250796267154566488e-01 3.273727196326453592e-01 7.551119933584923283e-01 9.333502613303820139e-01
4.196358917422146617e-01 4.580774697870870771e-01 4.404494350246571099e-01 6.043102911900690710e-01 1.421796701191457013e-01 4.100770815165583061e-01 5.950675744871162243e-01 3.184483404727739275e-01 5.259143066532023791e-01 5.875043913453419364e-01 5.725269512801449689e-01 6.029802567457454021e-01 4.180349122993063937e-01 2.862826662260215538e-01 3.724076239305230684e-01 7.750927118020418671e-01 5.494294494194202905e-01 2.416330522944657444e-01 5.047366691692788399e-01 6.321363546724303450e-01 6.693575966606061245e-01 1.000000000000000000e+00 7.076228617526008069e-01 7.737901820459593960e-01 4.536682573484817071e-01 6.450682093602313483e-01 7.171561775195212096e-01 6.148446725090795928e-01 5.469184158678432883e-01 6.849211510225052812e-01 1.696975416953600546e-01 1.343734091929832952e-01 7.071575381794574788e-01 7.075177194903644606e-01 3.819521893273304380e-01 6.319102722102940550e-01 5.102056899991085359e-01 5.729087358258680984e-01 1.620371430414522529e-01 4.026606525562907990e-01 6.192394733926674943e-01 3.282888802918672577e-01 5.860122068623414560e-01 5.837409081405933176e-01 4.752175864280205886e-01 5.662541887827030607e-01 4.021417429862266246e-01 3.613023043844276749e-01 3.480386784124460675e-01 7.004786513443770346e-01 6.079485586359529847e-01 2.535651557619140739e-01 6.081481946560832741e-01 6.347636816150022954e-01 6.778371187862228808e-01 8.802355816028935021e-01 6.571873364820151053e-01 7.721919860129282664e-01 4.126899847989836112e-01 6.523441348539644746e-01 7.044736944552273394e-01 5.749888138613007404e-01 5.008254806922074476e-01 7.113122333034200828e-01 2.634746453040556213e-01 1.840327261467806785e-01 6.774686268857151861e-01 6.711493600467343112e-01
6.468354495103015855e-01 4.179412553230928418e-01 4.568590406827237049e-01 6.775876143903795112e-01 1.858477059890600858e-01 6.135870792551496589e-01 5.360540849492945181e-01 4.687993992576078850e-01 2.908833792204053026e-01 6.199613680218591938e-01 6.061046708720944087e-01 7.266566400222009836e-01 4.023583562525817614e-01 3.869084433330987616e-01 4.563732940635581437e-01 1.120818673302869772e+00 7.364073674191133900e-01 2.783321232074935092e-01 6.568154058945934182e-01 5.828024129280672261e-01 1.482945221912374434e+00 7.076228617526008069e-01 1.000000000000000000e+00 6.444819648744601892e-01 2.902283815830816183e-01 5.474729097666192201e-01 8.084363945246356709e-01 9.349582929624383754e-01 8.272476070146567162e-01 8.802285243424324834e-01 2.099405749859845904e-01 2.179536558564670878e-01 7.750833658747426913e-01 9.657012155623029281e-01 5.721579037380917221e-01 6.053292971408490430e-01 5.641485563457085961e-01 6.713566312753203036e-01 1.814914442477794931e-01 5.891590813886862232e-01 6.313920737872477096e-01 4.961197680882314387e-01 4.310437380439124389e-01 5.957682918839027897e-01 4.702212647059890172e-01 6.966911403024086402e-01 3.416751634733969922e-01 4.287425232845355483e-01 4.745456787933203247e-01 1.078613428946657127e+00 8.372847979513218242e-01 2.453826398839860645e-01 7.149197640519746599e-01 6.041524170282828177e-01 1.186998051247600827e+00 7.392016087803031654e-01 1.286963346566730060e+00 7.120510151680999877e-01 2.657131422703890578e-01 5.824068467055476539e-01 7.979484461645161009e-01 8.254434120796061425e-01 7.612250054141028732e-01 1.034000263519040175e+00 2.763438290467476466e-01 2.851189872344314646e-01 7.398142895373556183e-01 9.199650028584414052e-01
