1.000000000000000000e+00,3.568352627186710535e-01,4.786105042251537767e-01,3.816124493940372675e-01,1.908288527777522448e-01,6.427239534992232883e-01,6.661871641825145574e-01,6.226884031018103949e-01,2.999835970748094827e-01,5.728813980499437575e-01,3.340608583849278834e-01,4.932442652856577348e-01,3.041036072323641259e-01,7.098672741848802703e-01,3.525445228207129134e-01,4.508291101469534268e-01,6.559850078248093963e-01,3.590020432424020913e-01,5.669673497845900689e-01,2.817493599597173382e-01,4.439237469359055832e-01,4.551056961243192811e-01,5.047303247619653321e-01,5.280801794535806559e-01,1.719503165729126259e-01,3.180778048035410310e-01,5.705746971518812494e-01,5.491372002461047952e-01,8.146989090158697211e-01,6.015650419980008712e-01,4.674946214023200097e-01,3.512371176261765982e-01,4.094656156081324383e-01,3.712829862106336587e-01,7.883625686703363833e-01,3.338903137811880528e-01,2.858366356185608192e-01,4.158049817041495344e-01,1.191043592509101051e-01,6.062356363784040525e-01,5.950252303949976618e-01,5.806057578949027631e-01,2.755065901605284751e-01,6.111369091034896117e-01,2.123985167150810593e-01,4.782756090614134759e-01,1.025992516153514528e-01,6.777595732151675545e-01,3.048084478980164214e-01,4.437341708875224278e-01,4.024484086088383483e-01,-1.998676604222262773e-02,4.276647626299472371e-01,2.742690351001309534e-01,4.817777013102500505e-01,3.733367388323265978e-01,4.462869293517480740e-01,5.299937048056151401e-01,8.950509378947653361e-02,2.257379684801055497e-01,5.443243290966954806e-01,5.433550583485989849e-01,7.384550626549103436e-01,5.422508108551592487e-01,2.149602567412564058e-01,1.167466537970135720e-01,3.436522869324850626e-01,3.870226780995761340e-01
3.568352627186710535e-01,1.000000000000000000e+00,4.184095036531544354e-01,5.825029235100968039e-01,1.346604957899880661e-01,3.017686490308290614e-01,3.458733618006572530e-01,2.298279770408389600e-01,4.398077882395466376e-01,3.045170498298991890e-01,4.329209815092445179e-01,5.913942566474608142e-01,2.491364653392141582e-01,1.662011462108922422e-01,3.457906111865847176e-01,7.057411385567686768e-01,4.966520051476587261e-01,1.134155070636565787e-01,4.597733995473559099e-01,5.802526640699410265e-01,7.055510199438430607e-01,6.663641306972689637e-01,7.525724132515492215e-01,6.384708289947759186e-01,4.655368994542729566e-01,4.488457652114554164e-01,6.733847441712965676e-01,6.160657031300716957e-01,4.781343311893785364e-01,5.723858104365822097e-01,1.100234160980675530e-01,1.651882619831214483e-01,6.489843247536226656e-01,7.447826767902144818e-01,4.353410124490212363e-01,7.129581631226565852e-01,2.803428485135637804e-01,5.575288234665967124e-01,1.109929409798066369e-01,3.172393106601528734e-01,3.503214150502174662e-01,2.430808416431182450e-01,3.899819586412655026e-01,3.889188407312651474e-01,2.436119427975479979e-01,5.865997334614919678e-01,1.354080143546487758e-01,1.487733926273891449e-01,2.995184536456235724e-01,7.316218880019089710e-01,5.657666466522368598e-01,8.814163185462105601e-03,3.883342381462708826e-01,5.666195019757436224e-01,6.882307172048018895e-01,6.264720883442627120e-01,7.518634438164840672e-01,5.804459006129901733e-01,4.149395133442661532e-01,3.466309578318471640e-01,6.848405537114991004e-01,6.161264781477818753e-01,5.146714983190899817e-01,6.586796698805650330e-01,-1.403229000496988843e-01,-1.667627042413496845e-03,5.361490342153196753e-01,6.308469284761606399e-01
4.786105042251537767e-01,4.184095036531544354e-01,1.000000000000000000e+00,4.656556661053232182e-01,1.619539062083187597e-01,5.097040725574840669e-01,7.428103847694488282e-01,6.608205736461242319e-01,4.504536129906808739e-01,5.122868336350232532e-01,4.909221509132141725e-01,5.133677330355347346e-01,3.556336660284541429e-01,6.642154866661560408e-01,3.529127878146660624e-01,4.914796421675166616e-01,7.412894504976712540e-01,5.584347850336164321e-01,6.626655394184155501e-01,4.008268944298388203e-01,5.501641982756868554e-01,4.921220952647088476e-01,5.851627442897627818e-01,5.647273637100924670e-01,2.933033533148245442e-01,8.060102757037607146e-01,7.717874577752272813e-01,5.308533427995706377e-01,5.275769969151119509e-01,6.161528596979517491e-01,3.246409920727799658e-01,2.307258050860671317e-01,3.510494333363097241e-01,4.061109432307817291e-01,4.093087747349535288e-01,4.567335203918637676e-01,5.539485087181500456e-01,4.711681347941992226e-01,5.064571898697770025e-02,4.847870218698057121e-01,5.757727724413564951e-01,4.429809712838585489e-01,3.737329420458215812e-01,5.536380319544883521e-01,1.790414220187259431e-01,5.623458006118347008e-01,6.594126351184545487e-02,3.848768767611794317e-01,2.844439731003509664e-01,4.670531600651462445e-01,4.315298057851562619e-01,1.951149935592964291e-01,3.263983723173943252e-01,4.071372486207900376e-01,5.796858779490878799e-01,4.078845621637918750e-01,5.669464420806266114e-01,4.811826813989870111e-01,1.424978192876119598e-01,5.179249415839431991e-01,6.769555394071664622e-01,5.398999009866491949e-01,4.890078934328085936e-01,4.785449988206927352e-01,-4.679303010638027893e-02,1.957964820263042097e-02,3.873839076449314134e-01,3.747699542429283603e-01
3.816124493940372675e-01,5.825029235100968039e-01,4.656556661053232182e-01,1.000000000000000000e+00,1.504140722938751007e-01,3.885766404952893938e-01,4.735593684196144348e-01,2.860695095042788960e-01,5.678449431103228529e-01,4.293804034950582382e-01,3.949109618075251626e-01,8.486701474039223259e-01,2.860437860477799688e-01,2.785088362970313813e-01,3.824006861982846006e-01,6.737259850455860066e-01,4.678073956380600085e-01,2.329752752540456273e-01,4.910788629854863641e-01,8.057080661853327497e-01,6.665010719049461185e-01,5.819433197842684979e-01,6.747583179295346678e-01,7.066707920833554812e-01,3.786447624866720041e-01,4.987255906839381803e-01,6.090411897456363688e-01,7.258455506837497850e-01,4.900134896036919541e-01,4.943961012617323902e-01,2.100314349967300487e-01,1.569662679952931184e-01,6.042248331778028447e-01,5.877074056579986161e-01,4.194652287435426397e-01,5.674086121679824402e-01,2.319111096392307281e-01,9.317484619689181402e-01,1.114403583864468084e-01,3.445225383081110260e-01,3.639586077207254133e-01,2.680978365028882093e-01,4.612618378767247562e-01,5.194293192238561563e-01,1.877021691058040898e-01,8.568687991557595307e-01,1.309550148596965169e-01,1.849429635464780730e-01,2.906612830258799018e-01,6.917760613490937516e-01,4.417328636087040628e-01,5.221505517475746871e-02,3.453726300935617832e-01,8.226889219294335476e-01,6.370539141888893475e-01,5.452749626579760367e-01,6.745237472603113904e-01,6.086747362012941975e-01,2.760802587960319854e-01,3.560058742763328454e-01,6.046264851639157056e-01,7.013974921902184079e-01,4.779105761666619379e-01,5.581710151389077668e-01,-8.510996054073219352e-02,4.934121348403031071e-02,5.147429605370321681e-01,4.828362597267426004e-01
1.908288527777522448e-01,1.346604957899880661e-01,1.619539062083187597e-01,1.504140722938751007e-01,1.000000000000000000e+00,2.347240648437305954e-01,2.230230125761327176e-01,2.201612824881523378e-01,1.369546193988132599e-01,1.662693117129764586e-01,1.032611904883715265e-01,1.599074680447213903e-01,1.475669249505454639e-01,1.848231560645859917e-01,1.979011447529855083e-01,1.656333774001407799e-01,1.575621363456851109e-01,1.250013208703584233e-01,1.370269605602162100e-01,9.939229610141975257e-02,1.775747979159950363e-01,1.503286427726684971e-01,1.813631733698832793e-01,1.753572267817883057e-01,9.259244034919646149e-02,1.055996346595861474e-01,1.550043161118247748e-01,1.994437092223708963e-01,1.867088304560036716e-01,1.883015497722041187e-01,1.498429106488524953e-01,1.920956802523071660e-01,1.399045694092898862e-01,1.230711012767997520e-01,1.694248172096292082e-01,1.283519481969011000e-01,7.269664309144374670e-02,1.435849599805257004e-01,7.471054118112094300e-02,1.977630335164399233e-01,1.881468976434725049e-01,2.223794560656449648e-01,1.081867235810688860e-01,1.816464163455485670e-01,1.006441943849628456e-01,1.560739111007431734e-01,6.221940896525139653e-02,1.707343008292142861e-01,1.049751478221905426e-01,1.460810437355396507e-01,8.369079246446574361e-02,-2.837387223860350985e-02,8.540636731172016050e-02,9.367654870373300080e-02,1.700042181129001739e-01,1.285424375986447543e-01,1.499374248817158806e-01,1.785904329298222404e-01,5.763848004714033219e-02,8.995732485649259036e-02,1.819338888331078763e-01,1.951453937220740953e-01,1.759276911075438043e-01,1.643261572370298407e-01,1.924935754673915908e-02,4.933139660136916238e-02,1.027396941298183569e-01,1.290015471811734593e-01
6.427239534992232883e-01,3.017686490308290614e-01,5.097040725574840669e-01,3.885766404952893938e-01,2.347240648437305954e-01,1.000000000000000000e+00,7.204558516299383042e-01,6.934278247274677787e-01,3.118937381555189070e-01,8.048022115021149503e-01,3.624111222343532890e-01,5.596718787807918316e-01,3.476033749603050227e-01,5.681362170096203590e-01,4.208407338559980726e-01,4.226516716294888565e-01,5.509228443423961341e-01,3.774345475542539297e-01,4.752309167174056381e-01,3.330397908970880727e-01,4.255683003416437793e-01,4.364471295032163467e-01,4.549326953847582233e-01,4.557843717746561940e-01,1.268632867437565204e-01,4.038570847535972730e-01,4.917436522611451921e-01,6.180710751280582560e-01,5.042310235006244312e-01,5.200593553956064374e-01,3.948380181876440242e-01,3.292914843562161353e-01,2.994786951791519880e-01,2.972571155677185550e-01,5.320957279875611068e-01,3.359684852843513037e-01,3.135616460153978213e-01,3.818549962377478235e-01,1.111853287936964141e-01,8.648560727692575778e-01,6.564482091995553770e-01,6.667881516366767070e-01,3.233190973850110228e-01,8.195659639725858536e-01,2.072657032182207981e-01,5.491216832086929234e-01,9.517217066984200169e-02,5.447970508752735253e-01,3.880995006908697365e-01,3.882440755247204556e-01,3.261406218182340000e-01,1.519882670545166445e-02,3.076295918097715631e-01,2.998752579791423845e-01,4.241883083739954041e-01,3.667897448147328654e-01,3.819736211206105625e-01,5.227581776274613512e-01,3.881280707182796497e-02,3.181539149308499348e-01,4.875093318230958594e-01,6.003341341804026010e-01,4.830263295419817138e-01,4.492357431611755936e-01,1.929131285193770029e-01,8.370169849741393442e-02,3.148137092730481923e-01,2.700672006083711385e-01
6.661871641825145574e-01,3.458733618006572530e-01,7.428103847694488282e-01,4.735593684196144348e-01,2.230230125761327176e-01,7.204558516299383042e-01,1.000000000000000000e+00,7.451866678570003844e-01,5.234765032429021803e-01,6.720282064818225987e-01,4.139144536162742694e-01,5.822307744430225140e-01,4.423531024826639624e-01,7.498134287029701861e-01,4.307650035106652675e-01,4.812972331507617274e-01,5.891244874445462631e-01,5.486150154528348644e-01,4.929318161842461410e-01,3.728301765702653481e-01,4.817625454128041662e-01,5.233746474542243510e-01,5.068091171585802357e-01,6.859905887069254193e-01,2.277205776047346586e-01,6.445325867967710565e-01,6.220192789766867403e-01,6.475444138181389864e-01,5.642405468395896850e-01,6.423427325748010119e-01,4.459103745961864318e-01,2.803191505756916224e-01,3.186366440118099108e-01,3.333338904215208398e-01,5.721270977039538685e-01,3.758363089272217517e-01,4.530664349238464061e-01,4.786358145153898902e-01,8.259600191533780777e-02,6.865267163520749616e-01,8.029567938050299336e-01,6.479265305731847224e-01,4.943073260534119884e-01,7.087640920664066702e-01,1.639252116096641398e-01,5.860735612290783880e-01,1.548229283184996419e-01,6.668100589711426496e-01,3.962240274231781378e-01,4.538091222624257015e-01,3.377779869384833766e-01,1.643752710787200477e-01,2.635533645130159197e-01,3.684680258303832945e-01,5.197637413357999447e-01,4.883765117034619130e-01,4.641589563747149927e-01,7.027600876675766939e-01,1.191195163047431560e-01,4.741283155829589258e-01,6.268650476085974033e-01,6.321233168437426775e-01,5.451883068180395364e-01,5.320324618532789041e-01,1.119805648859649311e-01,8.081017587372751887e-02,3.226245926941890829e-01,3.356525264949718479e-01
6.226884031018103949e-01,2.298279770408389600e-01,6.608205736461242319e-01,2.860695095042788960e-01,2.201612824881523378e-01,6.934278247274677787e-01,7.451866678570003844e-01,1.000000000000000000e+00,2.725810134829677600e-01,5.712548830736778882e-01,3.840220249454265322e-01,3.915478905803503884e-01,3.369832963568715756e-01,7.463536341901205740e-01,3.264811052608616593e-01,3.321865247483074546e-01,6.309490604251657420e-01,6.009484384608770879e-01,5.583829496969429096e-01,2.126153197205374601e-01,3.822969660677787984e-01,3.794794169691423358e-01,4.165276424371261998e-01,3.803049368910735861e-01,8.459535559125617998e-02,5.021660091373721935e-01,5.292390066751249122e-01,5.129017640233576314e-01,5.238313140072772267e-01,6.183013778816870420e-01,3.838409883589494198e-01,3.639123534587944686e-01,1.873443844379364120e-01,2.299857618835242090e-01,5.087480406961264467e-01,2.572665603020676817e-01,3.410331260419019461e-01,2.883298757648130595e-01,8.253434710094008364e-02,6.549789417436108208e-01,6.491821095364562755e-01,7.223730624836675052e-01,2.648743058839506670e-01,5.864577258991344744e-01,1.490915048928751208e-01,4.110278260239523251e-01,3.290598123424469390e-02,6.031926033188977909e-01,3.012324980823502529e-01,2.965453112089701526e-01,3.020853460419984926e-01,3.206287101193069922e-02,2.479718919052364967e-01,1.859141657981355500e-01,4.241283898831735844e-01,3.025736463571674917e-01,3.540955563513286108e-01,4.220119239856154336e-01,-1.480943424950827841e-02,3.223451414063327469e-01,4.716894132585463528e-01,4.925408787501033836e-01,5.021260017702937617e-01,4.598460394078501823e-01,1.243536884812475457e-01,7.066465236491611956e-02,2.454725073082465181e-01,2.609955085214022974e-01
2.999835970748094827e-01,4.398077882395466376e-01,4.504536129906808739e-01,5.678449431103228529e-01,1.369546193988132599e-01,3.118937381555189070e-01,5.234765032429021803e-01,2.725810134829677600e-01,1.000000000000000000e+00,3.048888865177026286e-01,3.572930738888238644e-01,5.700610695021379737e-01,4.035235687843848340e-01,3.458846050519201465e-01,3.951867840798036768e-01,4.560587044528420786e-01,3.262202137877524555e-01,2.751924811774733581e-01,3.211027877605107106e-01,5.287405518644999747e-01,4.830160057619940495e-01,5.013052347889760396e-01,4.632322911816989519e-01,6.918059704035368629e-01,4.316182849638289243e-01,4.793913779485769466e-01,5.169606606783321290e-01,4.503926063890362763e-01,3.781774786938500998e-01,3.696142576456640239e-01,2.360320754812735844e-01,8.887048539912593970e-02,4.328360886192320622e-01,4.059670700954502442e-01,3.024074553196604564e-01,4.194107232683232933e-01,2.073052355278750536e-01,5.670121066195191739e-01,8.893581593133229046e-02,2.943871369207165523e-01,3.514686301255520173e-01,2.216751824687410721e-01,5.086661495111447495e-01,3.665776421808409902e-01,1.285021888745528085e-01,5.669888518663220855e-01,2.073200521907866689e-01,2.161924447132959615e-01,3.011976445561952986e-01,4.735390866878619875e-01,2.603271837843122993e-01,1.575826853366864011e-01,1.832473538974765392e-01,5.519302605462096389e-01,4.868212315838997273e-01,5.017441826282788009e-01,4.761386854753867914e-01,5.811607668935606652e-01,3.486605407580615767e-01,3.105788875786256176e-01,5.029168826206812382e-01,4.553047478817556781e-01,3.700622937209034902e-01,3.814877952912816284e-01,-1.179027343351097545e-01,-1.561844106720988875e-04,4.013936361508789741e-01,3.692584973224512512e-01
5.728813980499437575e-01,3.045170498298991890e-01,5.122868336350232532e-01,4.293804034950582382e-01,1.662693117129764586e-01,8.048022115021149503e-01,6.720282064818225987e-01,5.712548830736778882e-01,3.048888865177026286e-01,1.000000000000000000e+00,3.700972288152112322e-01,6.149150604026017986e-01,3.498894048545578839e-01,5.158522899831754494e-01,3.320770896843404096e-01,4.692000801845274127e-01,5.559678575234253683e-01,4.082699849494038635e-01,5.056920115688569028e-01,3.711470118187691902e-01,4.707013584296154685e-01,4.392294254846668689e-01,5.100658693793300724e-01,4.306928388810254971e-01,1.194376001342395133e-01,4.378882727311645406e-01,5.414756469170860509e-01,6.464448218151750414e-01,5.043961650028645494e-01,5.162919130175052107e-01,3.609582456184107224e-01,2.747664832604629903e-01,3.595943103295415888e-01,2.998024957445226124e-01,4.932423500592496013e-01,3.186532149255457136e-01,2.870068812183114160e-01,4.038248211443407065e-01,7.839777589223641263e-02,7.178461391570768457e-01,5.771686407618707992e-01,5.032757280369458686e-01,3.093642778086945211e-01,9.628824193320956182e-01,1.595668072289070372e-01,6.031397097993898004e-01,1.046188318864952199e-01,4.515398313366752459e-01,2.603797208342599201e-01,4.180265971837239802e-01,3.198191968869786850e-01,6.175629336748075793e-02,3.152858431280758933e-01,3.362970428638479836e-01,4.818979592130631651e-01,3.207980673837701469e-01,4.445244145867909835e-01,4.674766018823768299e-01,-2.562478800541223220e-02,3.153107508228478739e-01,5.012215371222683569e-01,6.225528127735466821e-01,4.633936456726570063e-01,4.580055495093269813e-01,2.021614338937306465e-01,7.511836018574352680e-02,3.471646569319729037e-01,2.491514938844521521e-01
3.340608583849278834e-01,4.329209815092445179e-01,4.909221509132141725e-01,3.949109618075251626e-01,1.032611904883715265e-01,3.624111222343532890e-01,4.139144536162742694e-01,3.840220249454265322e-01,3.572930738888238644e-01,3.700972288152112322e-01,1.000000000000000000e+00,4.336902398509241419e-01,3.222592374773882717e-01,3.302810128645189969e-01,2.930604942727123019e-01,4.125200324263402218e-01,5.432927130566682639e-01,3.554224423491175733e-01,5.491090753282417136e-01,3.900127020119783516e-01,4.566513047464311748e-01,4.647960457468836570e-01,4.923356480320396078e-01,4.425047715057522923e-01,3.563903951768342959e-01,5.425000027676013525e-01,5.834027875977070288e-01,4.255607551215320195e-01,4.066683697764896244e-01,4.946032164603192394e-01,1.636273113074378227e-01,1.891357301288148773e-01,4.151605212705390957e-01,4.410480527918517191e-01,3.459541442083010065e-01,4.658360320076873062e-01,3.079700233876086490e-01,3.874453752208972257e-01,8.541023318836424294e-02,3.447598110805609184e-01,3.482585166858412906e-01,2.627188711371815644e-01,2.366094840403263344e-01,3.982651030505534040e-01,2.512191000618794190e-01,4.445372558398331675e-01,8.493979419053823698e-02,2.180135389603004847e-01,2.269614696043868729e-01,4.044627795133430292e-01,4.377311706489205312e-01,1.680166214247066636e-01,3.877312282082857609e-01,3.818065625827927745e-01,4.594801026177151582e-01,3.657700019555489290e-01,4.702131064405415950e-01,3.651978224900653824e-01,2.071399073685794567e-01,3.619098891641571170e-01,5.097561302235448233e-01,4.106859658609704478e-01,4.097852742304217699e-01,4.256368219988880819e-01,-6.810195969324792098e-02,5.424849375098537291e-02,3.690282496460791650e-01,3.900022557341195628e-01
4.932442652856577348e-01,5.913942566474608142e-01,5.133677330355347346e-01,8.486701474039223259e-01,1.599074680447213903e-01,5.596718787807918316e-01,5.822307744430225140e-01,3.915478905803503884e-01,5.700610695021379737e-01,6.149150604026017986e-01,4.336902398509241419e-01,1.000000000000000000e+00,3.813766815264772458e-01,3.797988292412696754e-01,4.703593361371489201e-01,6.574097591112200156e-01,5.551599276544622041e-01,3.078900855311206830e-01,5.396029127273925807e-01,8.282886835882811161e-01,6.537325220278213944e-01,6.345555840062361286e-01,6.873466453454253333e-01,7.187027692303935567e-01,4.029616941634125982e-01,4.968511015937013831e-01,6.627094571860919769e-01,7.763244320394513398e-01,5.592358165726202257e-01,5.565494859276065576e-01,3.091791267814260058e-01,1.973855981682368366e-01,6.082815143028903471e-01,5.907947680675426083e-01,4.877176000869523631e-01,5.862204018686171247e-01,2.713158141119387246e-01,8.270976673474847995e-01,1.176392502458799144e-01,4.956072747385835697e-01,4.776191201362338101e-01,3.742996103299106037e-01,4.908824255245174961e-01,6.815264300700045741e-01,2.317224627123631864e-01,9.291322475543990489e-01,1.417150838808446389e-01,3.045069969992826309e-01,3.873503830197388420e-01,6.623197470175469226e-01,4.803303800510708155e-01,6.038271377967633496e-02,3.790733308048996331e-01,7.974619695003216657e-01,6.524897673628576866e-01,5.700524149348275005e-01,6.702449429723296159e-01,6.470085192792486284e-01,2.569626894323626121e-01,3.615499755095981649e-01,6.463401011992958578e-01,7.525833121983372953e-01,5.490426335386855428e-01,6.066392282453345608e-01,-4.420937630932933460e-02,5.328160006185601871e-02,5.339522656081356899e-01,4.985555117662779367e-01
3.041036072323641259e-01,2.491364653392141582e-01,3.556336660284541429e-01,2.860437860477799688e-01,1.475669249505454639e-01,3.476033749603050227e-01,4.423531024826639624e-01,3.369832963568715756e-01,4.035235687843848340e-01,3.498894048545578839e-01,3.222592374773882717e-01,3.813766815264772458e-01,1.000000000000000000e+00,4.084652363187183388e-01,2.953705041641059292e-01,2.895119366465151445e-01,2.945820346791182542e-01,3.983488977864266256e-01,2.906359326593455639e-01,2.624740237433489387e-01,3.443167622195629218e-01,3.009666465419840731e-01,3.129312897769941926e-01,4.197442593373018060e-01,4.221013961439045725e-01,2.979319878428045021e-01,4.175902457798069678e-01,2.588996192438754451e-01,3.709722453396437913e-01,2.116070323461573810e-01,3.329052562859239894e-01,1.559826092899262162e-01,2.823094645732149299e-01,2.370899566833886418e-01,2.554206675180524244e-01,2.060014938896804759e-01,7.391999030354397607e-03,2.996169073433952446e-01,4.132280078019995306e-02,3.188794331646003233e-01,2.023800062815472867e-01,2.508317175488102291e-01,2.894203489788719219e-01,3.678349919771036203e-01,1.565341663554127016e-01,3.747759585098060509e-01,2.509349423114048405e-01,2.454464613260657069e-01,2.183058137201264182e-01,2.917066101173640402e-01,6.090915471993731123e-02,7.350156925930124985e-02,1.068900765568994715e-01,2.827663803698656775e-01,3.632501008265328624e-01,2.344455014846353325e-01,2.968363993416320290e-01,3.200715159536123844e-01,1.866241391537824534e-01,7.384429742627107718e-02,3.506121636195455582e-01,2.869784641519368962e-01,3.466481994914532572e-01,2.042580458903853202e-01,7.711273228292532533e-02,2.665512669392909248e-02,2.367388161101783295e-01,2.240149316457732964e-01
7.098672741848802703e-01,1.662011462108922422e-01,6.642154866661560408e-01,2.785088362970313813e-01,1.848231560645859917e-01,5.681362170096203590e-01,7.498134287029701861e-01,7.463536341901205740e-01,3.458846050519201465e-01,5.158522899831754494e-01,3.302810128645189969e-01,3.797988292412696754e-01,4.084652363187183388e-01,1.000000000000000000e+00,3.221652936221799379e-01,2.870508670661230943e-01,6.340487314501206395e-01,6.460404353359995300e-01,5.718386417233325414e-01,1.580949415873266484e-01,3.273529696012982826e-01,3.366714350018588098e-01,3.374301952777876701e-01,4.328965173731534333e-01,1.156716020443054188e-01,4.720857553554964059e-01,5.837268818114025315e-01,3.829339584578089761e-01,6.552109594812978166e-01,5.406128514658634643e-01,4.887966737479467194e-01,3.295558218115844373e-01,1.719725740751903986e-01,1.421031997186750218e-01,5.946424377987926668e-01,1.626342301951156366e-01,2.374506769457060684e-01,3.356389862279560155e-01,7.052939959693584060e-02,5.359464221477675538e-01,5.328797553591759772e-01,5.496276899846969100e-01,2.401262544998186144e-01,5.435636752664134708e-01,1.184399650067651383e-01,4.113661795006196553e-01,1.038056960554522151e-01,7.075125122444360093e-01,2.296914421794871430e-01,2.528842125167548027e-01,1.643061803352976191e-01,1.401717470329033877e-01,2.574886643536282160e-01,1.955422903881903485e-01,4.036914320287760538e-01,2.034578526978803592e-01,3.001340197666177434e-01,3.835579648560477062e-01,1.353380254595679556e-03,2.171922466743704816e-01,4.373384103331841577e-01,3.981574593906445636e-01,5.787439126013699253e-01,3.572047947818515201e-01,1.875297870605791284e-01,1.123887644881562536e-01,2.031984892926216035e-01,2.108525601471714916e-01
3.525445228207129134e-01,3.457906111865847176e-01,3.529127878146660624e-01,3.824006861982846006e-01,1.979011447529855083e-01,4.208407338559980726e-01,4.307650035106652675e-01,3.264811052608616593e-01,3.951867840798036768e-01,3.320770896843404096e-01,2.930604942727123019e-01,4.703593361371489201e-01,2.953705041641059292e-01,3.221652936221799379e-01,1.000000000000000000e+00,3.624191093231178273e-01,3.219820672688062380e-01,2.102414616707923845e-01,2.825642270673101031e-01,3.216761698509839618e-01,3.384199508142449742e-01,3.353521520291425917e-01,3.675363073703549199e-01,4.855919830071661614e-01,2.889142551946757842e-01,2.772485345444369864e-01,3.636339004737024760e-01,3.957065803705490104e-01,3.883761058250891351e-01,2.862338978017809343e-01,2.834521146404495040e-01,2.015276079843868196e-01,2.922954781227409260e-01,3.193982904193794492e-01,3.073873434686552608e-01,3.416564520045664022e-01,2.065547118870973142e-01,3.963325843473389232e-01,3.050482399638929781e-02,3.739272554355393963e-01,3.611327379593544662e-01,3.071280345356635078e-01,3.598485282055858825e-01,3.693054295589719982e-01,1.762955851966875320e-01,4.621356504398209109e-01,1.518558946273004806e-01,2.736688897257494313e-01,3.858360821973524368e-01,3.639816869593603954e-01,2.478994550513561324e-01,4.032763551463152546e-02,1.868156641679488417e-01,3.355236162025959645e-01,3.370786530735241371e-01,3.566929848724122998e-01,3.436783163919921447e-01,4.578245151486938225e-01,2.210177333968884050e-01,2.263844827503470325e-01,4.025761701751152111e-01,4.116055288468957740e-01,3.701700198818081433e-01,3.088605424764249152e-01,4.224590755550373944e-02,8.073418463989556759e-02,2.788556865055738521e-01,3.204388252979451512e-01
4.508291101469534268e-01,7.057411385567686768e-01,4.914796421675166616e-01,6.737259850455860066e-01,1.656333774001407799e-01,4.226516716294888565e-01,4.812972331507617274e-01,3.321865247483074546e-01,4.560587044528420786e-01,4.692000801845274127e-01,4.125200324263402218e-01,6.574097591112200156e-01,2.895119366465151445e-01,2.870508670661230943e-01,3.624191093231178273e-01,1.000000000000000000e+00,5.245407213205963703e-01,2.019541978603363042e-01,4.945977664106330218e-01,5.463034384167930746e-01,8.564070166826163177e-01,6.775505755787430973e-01,8.829648071289527556e-01,7.052820397609148584e-01,4.056982200606507605e-01,4.758485737849484920e-01,7.302160369807875195e-01,7.350338197735724055e-01,5.886768243095888975e-01,6.081567906382117084e-01,2.182657247825827151e-01,2.402838955881756444e-01,6.538268685899206734e-01,7.013668557854422225e-01,5.344431678472026936e-01,6.459432850799006198e-01,2.479560106939762143e-01,6.640415560165560116e-01,1.002507699818896841e-01,4.214432729709826631e-01,4.119650873783065603e-01,3.321905225923319493e-01,4.491825470787207952e-01,5.441035224288451877e-01,2.158849133498685624e-01,6.863847521992231249e-01,1.265126403775677644e-01,2.324837616069400648e-01,2.812738169219238804e-01,9.019153060376025044e-01,4.926930134395283156e-01,-8.653039295180128820e-02,3.453161762263844414e-01,5.673846239664694924e-01,8.174115829399721811e-01,6.155709383138052715e-01,8.621453077192003933e-01,6.455470025831282488e-01,2.854683012875815495e-01,2.822642159226821934e-01,7.339573579628825284e-01,7.346342019549521041e-01,5.863547447985996142e-01,6.744249515135886108e-01,-5.540969358042231035e-02,4.911232757292445517e-02,5.443353389800105191e-01,5.948668489855399866e-01
6.559850078248093963e-01,4.966520051476587261e-01,7.412894504976712540e-01,4.678073956380600085e-01,1.575621363456851109e-01,5.509228443423961341e-01,5.891244874445462631e-01,6.309490604251657420e-01,3.262202137877524555e-01,5.559678575234253683e-01,5.432927130566682639e-01,5.551599276544622041e-01,2.945820346791182542e-01,6.340487314501206395e-01,3.219820672688062380e-01,5.245407213205963703e-01,1.000000000000000000e+00,4.986159115614244297e-01,8.751534182010899388e-01,4.393053130690678931e-01,5.855266610531757454e-01,5.422298887996838124e-01,6.632699064237476128e-01,4.963147059622012858e-01,2.803566536122781283e-01,6.447691893273642672e-01,8.035586412439862380e-01,5.643461371923219616e-01,6.721618355934202427e-01,7.215479888882372350e-01,3.445871806732264675e-01,3.010791741498540230e-01,4.585951525751257862e-01,5.254226763979247261e-01,6.078230406877044301e-01,4.967263480335996073e-01,4.658408848913917488e-01,4.812034978306876654e-01,8.065903139290572788e-02,5.165556392461077007e-01,5.164233313184365404e-01,4.727147009775087283e-01,2.285350444055362085e-01,5.867829602223454399e-01,2.720807156566317775e-01,5.770089676213600027e-01,5.055326073067517578e-02,4.692736039578559448e-01,2.416051217974802268e-01,5.049598253461182740e-01,6.020563362682637143e-01,1.378761894342075134e-01,6.230754206349298219e-01,4.250853615922498552e-01,5.969139081533071378e-01,3.926684690935561273e-01,6.088340361806088286e-01,4.132776591472112071e-01,1.189205856412657303e-01,4.083163710571386384e-01,7.000891740580953426e-01,5.442885719059531446e-01,6.353992674005199959e-01,5.793396520826534779e-01,7.568273347758910918e-02,5.706328092745200503e-02,4.558652841440317682e-01,4.525216816446720469e-01
3.590020432424020913e-01,1.134155070636565787e-01,5.584347850336164321e-01,2.329752752540456273e-01,1.250013208703584233e-01,3.774345475542539297e-01,5.486150154528348644e-01,6.009484384608770879e-01,2.751924811774733581e-01,4.082699849494038635e-01,3.554224423491175733e-01,3.078900855311206830e-01,3.983488977864266256e-01,6.460404353359995300e-01,2.102414616707923845e-01,2.019541978603363042e-01,4.986159115614244297e-01,1.000000000000000000e+00,5.655129901029446460e-01,1.734983406448474264e-01,3.005001649965443611e-01,2.288089204621576167e-01,2.553215096704376519e-01,2.620128313537185005e-01,9.960806494445102743e-02,5.279914311368919533e-01,4.702644318283608071e-01,1.902552538219056122e-01,3.377114742122426239e-01,3.653006082063691706e-01,3.388937492958735143e-01,1.876798892290294229e-01,1.104800901560153009e-01,8.294016716957472446e-02,2.958114673210981427e-01,1.013538361863276782e-01,7.293119964609452721e-02,2.539030224249617662e-01,6.008447845487939476e-02,3.623237056390364308e-01,2.779544019153388223e-01,3.495826008372910909e-01,1.592472627135308461e-01,4.076971203439924696e-01,7.812910562249782143e-02,3.267741886528804374e-01,4.914593347251564048e-02,3.853636633395841615e-01,1.343607860997979297e-01,1.547613159422567275e-01,3.997449325452879371e-02,2.126618100119604116e-01,1.706236861142503836e-01,1.992513639735761788e-01,3.380841103317633878e-01,8.779396567925890071e-02,2.436311746870349071e-01,1.613419090910890030e-01,-1.008005520400007959e-01,1.492392747035868605e-01,2.980017631312916193e-01,1.947329664604510735e-01,3.197749927602892006e-01,1.567344057110160171e-01,9.521610243760141035e-02,5.835345484088366730e-02,1.607353608325831906e-01,1.367439004660362667e-01
5.669673497845900689e-01,4.597733995473559099e-01,6.626655394184155501e-01,4.910788629854863641e-01,1.370269605602162100e-01,4.752309167174056381e-01,4.929318161842461410e-01,5.583829496969429096e-01,3.211027877605107106e-01,5.056920115688569028e-01,5.491090753282417136e-01,5.396029127273925807e-01,2.906359326593455639e-01,5.718386417233325414e-01,2.825642270673101031e-01,4.945977664106330218e-01,8.751534182010899388e-01,5.655129901029446460e-01,1.000000000000000000e+00,4.680530189088263904e-01,5.812642273426438244e-01,4.791084968078206385e-01,6.163416696217930424e-01,4.271181404358184719e-01,2.880216282701837383e-01,6.394130433543512293e-01,7.580272615717220663e-01,4.732855707472793383e-01,6.258417059240121150e-01,6.097111485679801435e-01,3.054483228602731804e-01,2.429229233881761707e-01,4.613844510183972014e-01,5.044074108538072476e-01,5.531042424807564029e-01,4.722895701806503754e-01,3.086378055291820743e-01,5.059278304941033921e-01,8.626445660233079960e-02,4.477628991959006766e-01,3.600675333420698676e-01,3.882861196142352589e-01,1.979883657282882348e-01,5.387999419293175718e-01,2.846675722040827305e-01,5.710796010376320009e-01,3.897792596611588528e-02,3.686734382855368919e-01,1.981870152632417559e-01,4.870974355677853973e-01,5.093899524490780317e-01,1.799697992148022452e-01,6.253950112135454598e-01,4.622466815697592324e-01,5.888390893959859484e-01,3.207851159047823142e-01,5.874546083117456741e-01,3.086230110919883085e-01,9.277953081444850758e-02,3.428445162175225991e-01,6.067076126878129250e-01,4.720689498019692842e-01,6.003828766027484720e-01,4.928798093388301882e-01,5.555151386103656524e-02,5.663706164918642927e-02,4.579447941311524106e-01,4.487098136265289527e-01
2.817493599597173382e-01,5.802526640699410265e-01,4.008268944298388203e-01,8.057080661853327497e-01,9.939229610141975257e-02,3.330397908970880727e-01,3.728301765702653481e-01,2.126153197205374601e-01,5.287405518644999747e-01,3.711470118187691902e-01,3.900127020119783516e-01,8.282886835882811161e-01,2.624740237433489387e-01,1.580949415873266484e-01,3.216761698509839618e-01,5.463034384167930746e-01,4.393053130690678931e-01,1.734983406448474264e-01,4.680530189088263904e-01,1.000000000000000000e+00,5.682097629198291644e-01,5.721579315019157397e-01,5.933485432310751095e-01,6.148360122802087879e-01,3.614121266870022331e-01,4.617863716391245044e-01,5.443334971667846967e-01,5.949256906173882031e-01,3.921675064551025103e-01,4.513405921126856790e-01,1.096116134215418259e-01,1.115638355632573436e-01,6.796065311816926746e-01,6.225533570014014639e-01,3.488653890292895965e-01,5.830630536755705418e-01,2.812783143056923896e-01,7.411439259748560104e-01,9.674908666124638901e-02,2.991283249632485930e-01,3.331505892779694222e-01,2.219210417497382570e-01,4.552313679561384996e-01,4.439566584906385338e-01,2.110687431250721224e-01,7.801990972851191586e-01,1.446178106899658478e-01,1.398928245217302135e-01,3.028353736802909535e-01,5.838130529918361677e-01,4.812276681675408119e-01,1.531977957662160328e-01,4.021243103653497908e-01,9.001410976257070429e-01,5.484849954907358160e-01,5.684878186472344108e-01,6.085524688082339928e-01,5.545300535053612201e-01,3.063756156159721522e-01,4.099830149815221758e-01,5.702827823387127681e-01,5.557392784512779071e-01,4.449802919382789823e-01,5.067552081443286172e-01,-1.355671111188603839e-01,-1.740203787353117879e-03,6.021219644763390333e-01,5.037739688796687432e-01
4.439237469359055832e-01,7.055510199438430607e-01,5.501641982756868554e-01,6.665010719049461185e-01,1.775747979159950363e-01,4.255683003416437793e-01,4.817625454128041662e-01,3.822969660677787984e-01,4.830160057619940495e-01,4.707013584296154685e-01,4.566513047464311748e-01,6.537325220278213944e-01,3.443167622195629218e-01,3.273529696012982826e-01,3.384199508142449742e-01,8.564070166826163177e-01,5.855266610531757454e-01,3.005001649965443611e-01,5.812642273426438244e-01,5.682097629198291644e-01,1.000000000000000000e+00,6.758958272735968720e-01,9.269473772476651829e-01,6.811487207627614504e-01,4.329964934768939511e-01,5.619937513442470056e-01,7.881822760629633162e-01,6.920179983524761269e-01,5.970980115246388165e-01,6.565349369859088124e-01,2.115557165338831092e-01,2.333743985657584785e-01,6.808027443822565195e-01,7.485815925275758342e-01,5.122069969521833022e-01,6.566535999846929705e-01,2.656618051207625397e-01,6.585073067317077644e-01,1.112241712225546103e-01,4.271182588166665961e-01,3.846295124079417982e-01,3.335154163333779453e-01,4.176083919654320908e-01,5.321024665655957886e-01,2.073740269587343588e-01,6.802594429864294856e-01,1.077962550005800019e-01,2.256605637688171295e-01,2.708618740874479403e-01,8.582875703977561610e-01,5.204741612985337440e-01,-2.399882242467172785e-02,3.884532797325646603e-01,5.887271774359833509e-01,9.312631521145857683e-01,5.817404093225448936e-01,9.206725792301871936e-01,5.858560079239550911e-01,2.551178282225419758e-01,3.274689694677379026e-01,7.446628953445166843e-01,7.057436413195969926e-01,6.141729250965501929e-01,6.949076350590834839e-01,-1.020638903698308092e-01,3.564988840636036660e-02,6.097810780534032027e-01,6.445762626159989850e-01
4.551056961243192811e-01,6.663641306972689637e-01,4.921220952647088476e-01,5.819433197842684979e-01,1.503286427726684971e-01,4.364471295032163467e-01,5.233746474542243510e-01,3.794794169691423358e-01,5.013052347889760396e-01,4.392294254846668689e-01,4.647960457468836570e-01,6.345555840062361286e-01,3.009666465419840731e-01,3.366714350018588098e-01,3.353521520291425917e-01,6.775505755787430973e-01,5.422298887996838124e-01,2.288089204621576167e-01,4.791084968078206385e-01,5.721579315019157397e-01,6.758958272735968720e-01,1.000000000000000000e+00,7.222050662242938124e-01,6.904739116120695019e-01,3.943144884409648387e-01,5.095317816693081259e-01,7.115328273486035693e-01,6.753777475019067111e-01,4.979133842989628689e-01,6.735530058785257346e-01,2.091282794877724893e-01,2.018843262223277146e-01,6.038604789127927086e-01,6.434914744762324501e-01,4.971042484914681703e-01,6.227162002646868810e-01,3.173008250152072884e-01,5.633008131681822572e-01,9.286913998162436845e-02,4.512064233536537960e-01,5.013276473282435308e-01,3.554264940349508017e-01,4.558938467758029689e-01,5.126825288270742131e-01,1.881938569255573734e-01,6.290763467795115194e-01,1.243741538440354122e-01,2.763143024009179771e-01,2.977977908641970539e-01,6.870191566550244433e-01,5.245413419035489522e-01,2.065265597635438689e-03,3.472705959977357426e-01,5.596432809461372448e-01,6.691715705905808553e-01,6.654342648244911951e-01,7.006419123900504697e-01,6.405997596212358314e-01,3.415907475349778122e-01,3.353972174868171119e-01,6.824314564486877455e-01,6.405541950288093922e-01,5.126078580486798097e-01,6.677816281187113345e-01,-8.850559600117786918e-02,2.280772905117669017e-02,4.963214004508588739e-01,5.358011058683829209e-01
5.047303247619653321e-01,7.525724132515492215e-01,5.851627442897627818e-01,6.747583179295346678e-01,1.813631733698832793e-01,4.549326953847582233e-01,5.068091171585802357e-01,4.165276424371261998e-01,4.632322911816989519e-01,5.100658693793300724e-01,4.923356480320396078e-01,6.873466453454253333e-01,3.129312897769941926e-01,3.374301952777876701e-01,3.675363073703549199e-01,8.829648071289527556e-01,6.632699064237476128e-01,2.553215096704376519e-01,6.163416696217930424e-01,5.933485432310751095e-01,9.269473772476651829e-01,7.222050662242938124e-01,1.000000000000000000e+00,6.939341231428993728e-01,4.512712330862744259e-01,5.668190162801485243e-01,8.445353416344981712e-01,7.692049411492964950e-01,6.438028961712588538e-01,7.248702330901468649e-01,2.256073365260501395e-01,2.674477940407434251e-01,7.012283089260504809e-01,7.819622242008504864e-01,5.735487457791061949e-01,7.205141214843903130e-01,3.515614162627974104e-01,6.718471171091342509e-01,9.224764286103084854e-02,4.454814850877421017e-01,4.556524694682923537e-01,3.661909935922981196e-01,4.137588270720817807e-01,5.722001502201135015e-01,2.318452802438984439e-01,7.095926113469770424e-01,9.866247337956401964e-02,2.636769457154986562e-01,2.859233740919787659e-01,8.827397858135394015e-01,6.379378679308694844e-01,-4.344620822967498047e-02,4.542143596475420875e-01,6.002487546223401749e-01,8.837836329776483923e-01,6.332818870006560186e-01,9.419272000175572535e-01,6.255903575941028638e-01,2.981790977633375639e-01,3.792364688418664032e-01,8.306391905939213283e-01,7.583994888642272558e-01,6.558558173409380077e-01,7.584311076291875287e-01,-8.129204791465392821e-02,4.429246842998790096e-02,6.201911885866701057e-01,6.534807726675564421e-01
