1.000000000000000000e+00,1.321495941127321105e-01,3.213028425164409785e-01,9.520622423319430316e-02,1.983480349831564463e-03,2.196650196625565266e-01,2.695390190982491774e-01,-8.027349401146700869e-02,2.319427970489663648e-01,2.288559264936543547e-01,2.005577510329962510e-01,2.036061315346064937e-01,1.936709633466499741e-02,4.688519185802018652e-01,1.048076692086739453e-01,1.812027557742638129e-01,4.961020103812764925e-01,2.401827618719622748e-01,3.925342082756487772e-01,1.743264553530499417e-01,6.789852690913937561e-02,2.459192399518569661e-01,1.678798099430837965e-01,3.082901281143525241e-01,1.083228826036579245e-01,2.363134476634761727e-01,4.594886962848936385e-01,4.731093566648907761e-02,4.607785051665923559e-01,2.818510648238247568e-02,2.921693846005143369e-01,-6.464130231438577727e-03,2.180938960807282112e-01,9.548943637728635192e-02,3.725558489162598685e-01,8.576830783616384846e-02,1.391268798421472774e-01,8.702702826899705313e-02,5.175730890911532656e-02,2.232487796480191744e-01,1.479811336107141329e-01,1.646714180930550567e-02,1.518107571149929780e-01,1.907506195198798715e-01,1.683971940965368341e-01,1.831684049263043179e-01,7.901653019182361404e-02,3.302430909893531163e-01,1.049616785483177689e-01,1.677581992714144987e-01,5.639343659313875157e-02,1.411383870837716881e-01,2.146330275005421118e-01,1.494580933086569474e-01,6.002063849598123640e-02,1.580527090324865547e-01,1.512207353045428859e-01,2.300405657524402236e-01,1.051809613083222461e-01,1.228558863254554240e-01,3.330840628976822204e-01,1.766326490531769031e-02,3.995325835473385045e-01,-5.334559782862129118e-02,2.727412327876237441e-01,-2.315976448451046582e-02,2.347100309114124594e-01,7.337670801655293840e-02
1.321495941127321105e-01,1.000000000000000000e+00,-1.040620002616702705e-01,3.646923000563998540e-01,-1.583821271234246361e-02,1.569487910686825083e-01,-2.537675675067707637e-01,1.750844121120869942e-02,-6.721335269966969292e-04,1.814926127233265074e-01,8.050329723433619078e-02,2.825728932941868887e-01,-4.782585759526989527e-02,-1.743348898205870634e-01,-1.734364227111936940e-02,3.652650653670479475e-01,1.812620183454652645e-01,-2.347040115772885682e-01,7.145404859473560022e-02,2.652631219906740889e-01,3.440618277980356798e-01,2.927695174150813928e-01,4.021451940087117927e-01,7.962556360097798602e-02,4.686488976451532590e-02,1.093185130691974177e-01,2.062585232785692224e-01,3.648861275854329289e-01,2.707016197128022661e-01,2.261198925537347415e-01,1.795690356501179405e-02,4.613172061298410377e-03,1.968394888517960295e-01,4.233929549727971642e-01,1.945420180198364213e-01,3.779000982149972043e-01,-5.715129656341182141e-02,3.405052656327708926e-01,-1.974262666621434681e-02,1.243500144525269413e-01,-1.657331669521468487e-01,-4.685184237047736178e-02,-6.432749444364503633e-02,2.156072131299411332e-01,-1.662721727010747080e-02,2.962428045120118481e-01,-1.069244770731928862e-01,-2.277261782969630111e-01,-5.418774756860986197e-02,3.722858049802472147e-01,3.054925641077118059e-01,-1.763876469183556783e-01,3.156098120601412704e-01,2.746905618350418687e-01,3.096716696948960679e-01,3.520478882765036843e-01,3.810268007166084936e-01,1.262177069384509964e-01,1.327302864569031016e-01,8.842575284136236502e-02,1.257690072942928283e-01,3.886521394000291285e-01,2.453683484077647248e-01,3.626164160990505980e-01,-1.175581212327901498e-01,-7.697504842576351203e-02,1.888484320763838265e-01,3.984449656432602627e-01
3.213028425164409785e-01,-1.040620002616702705e-01,1.000000000000000000e+00,-6.018362917313088700e-02,-5.770344804414804379e-02,9.194188251107085486e-02,7.335025704755145926e-01,1.895267591463272727e-01,2.722195249928466287e-01,9.182849368330103790e-02,2.378841432711827630e-01,2.349444197914607457e-02,1.333841434220565669e-01,4.875037550170396861e-01,1.097581410024362075e-01,-1.373718355602569254e-02,3.522293748039544425e-01,4.888456038354013211e-01,3.324110798089838226e-01,3.024468199714957367e-02,3.166955061102367380e-02,2.541392836419184009e-01,1.607308191431954802e-01,3.531782931761247579e-01,9.335560389056445085e-02,7.532052477306648841e-01,5.395734560341400865e-01,2.520579519011899583e-01,1.784450963709315885e-01,3.762435104695702748e-01,8.918686741677306351e-02,-1.014275330385499413e-01,2.416567764122843076e-01,-2.923918294070032564e-02,8.022980699610671174e-02,-4.421676305299526710e-02,6.783428352907463488e-01,-1.243706474877867840e-01,1.524231369188571994e-01,4.890930634776042424e-02,5.348036542252286862e-01,1.666441136302080905e-01,2.293635267172166592e-01,2.570510173499265111e-02,2.972918995944455745e-01,-4.119516985895622235e-02,8.526523608047285874e-02,4.208549998765484523e-01,1.774895129092829704e-01,-2.197338206910739913e-03,1.627689929118812939e-01,2.677923917368915663e-01,5.133428173306052444e-02,-9.419308962655397605e-03,4.841181083661316720e-02,5.944497721526081913e-02,1.246455468283585027e-01,2.646494543790925413e-01,-1.859797953855715433e-02,5.221999370944532259e-01,5.359519624485754585e-01,1.242038394628978450e-02,1.831640405730233512e-01,4.438199883168093135e-02,8.778754159621911246e-02,-5.756167612229214775e-02,1.072197038461960433e-01,-9.731882628118034007e-03
9.520622423319430316e-02,3.646923000563998540e-01,-6.018362917313088700e-02,1.000000000000000000e+00,-2.818079783028974716e-02,2.230972742992862190e-01,-1.165732363573814545e-01,-5.895721970623663682e-02,4.466408122651153306e-02,5.777063306414661481e-01,1.095354856186440407e-01,8.081458696673881059e-01,-3.672189987032521002e-02,-2.226091138965711758e-01,-3.240303752527214087e-02,4.276332237298352545e-01,6.222138043425919085e-02,-1.883588581011388374e-01,-4.051735698190830903e-02,8.515214002976414509e-01,4.421544712429589796e-01,3.128066760411670200e-01,4.676299306203252071e-01,2.131683048329710839e-01,9.375247362831000408e-02,2.388058756062721999e-01,1.706029497005263074e-01,5.530902428605135590e-01,1.665540690425789394e-01,1.280500753841219141e-01,-2.560566817052635155e-02,-6.634859969147507974e-02,2.122713376113137818e-01,3.996738629003129817e-01,1.978753047787049635e-01,3.410275697182850729e-01,7.656709323389716826e-02,9.334016276612819851e-01,4.096176164375334855e-02,2.734567804350671594e-01,1.708957419037968051e-02,-9.019041638249396253e-02,6.096958471739517826e-02,5.517813539853712035e-01,3.268527275986080061e-02,8.368091941063185990e-01,-4.569399852706280962e-02,-1.481612306443340910e-01,5.971876618863107555e-02,4.545599153961489836e-01,2.946972994828684911e-01,-7.381773611199668461e-02,2.342590905986305927e-01,8.662802209045573631e-01,4.270519289428460485e-01,3.597934272890944141e-01,4.842124106988022203e-01,2.296489093476090093e-01,1.260905394778454591e-01,2.871854177748193737e-01,2.062392400294578432e-01,5.399914172085721331e-01,2.356110546201561073e-01,3.518376077063011809e-01,-1.205865910121557555e-01,-8.840620617271791049e-02,1.759177451064906361e-01,4.240307011711716978e-01
1.983480349831564463e-03,-1.583821271234246361e-02,-5.770344804414804379e-02,-2.818079783028974716e-02,1.000000000000000000e+00,5.428738544962398438e-02,-5.050004926308723080e-02,6.519439079874862764e-02,1.306567824770554602e-02,-1.142860568749083511e-01,2.921792529132760316e-02,-2.148440049800759075e-02,2.859846098042131621e-02,4.644647323328646854e-02,9.024185283359822951e-02,-4.013338343145889803e-02,-1.315954079130426859e-03,2.692808306220143347e-02,-1.677194591127935787e-03,-4.890908975514902252e-02,-1.459098778418745079e-01,1.033268112395738583e-02,-7.047215093205357050e-02,-4.086194766429438602e-02,-7.648288197419805812e-02,-9.234324193607749975e-02,-6.940815251751987491e-02,-8.322682353684507373e-02,-2.573191015732917766e-02,-4.883838117463834561e-02,-3.306152680185958648e-02,1.629251983117132596e-01,-7.532689952133472810e-02,-1.692885201282720575e-02,6.736740155224133636e-03,-7.937127611850032863e-03,-7.492267186563962567e-02,4.136057282561787611e-03,5.258159777347878178e-02,3.253491039137845070e-02,-1.022646536610156559e-01,4.277395009649036933e-02,-8.597716457355705430e-03,-1.076184927906037314e-01,4.189436678192931529e-02,9.248550933072552729e-03,2.543831754686031420e-03,-6.593462383015717687e-03,6.533026218130444374e-02,-5.858424428055080541e-02,-1.313795806349251499e-02,3.601733547914514472e-02,-7.857264369472807472e-03,-2.934972505221782046e-02,-1.337367507707157843e-01,-2.238648065255005939e-02,-9.509660482572281082e-02,-5.848038597480734180e-02,-9.849562567773516297e-02,-1.200404217922858841e-01,-8.292327151639355964e-02,-7.410474569306226000e-02,7.801260589740370219e-03,-7.685178565878617030e-02,-3.469751837082556134e-02,9.765281155368350785e-02,-2.221051712453778193e-02,-4.013189691582508939e-04
2.196650196625565266e-01,1.569487910686825083e-01,9.194188251107085486e-02,2.230972742992862190e-01,5.428738544962398438e-02,1.000000000000000000e+00,1.067966400816705158e-01,3.689228932906665759e-01,7.827477308598561334e-02,3.961261886277122057e-01,1.258249837879027999e-01,3.144036071491173590e-01,2.527552490113602751e-02,1.539512073392089730e-01,1.836060772705936095e-01,3.093527079690945314e-01,1.818950298649212871e-01,1.228083547997492198e-01,1.339902597067131884e-01,2.084826869441667729e-01,2.352110822684847224e-01,2.069760112141705855e-01,3.046431007813842906e-01,1.688901384111885229e-01,5.335362228292424985e-02,1.032421942928110487e-01,2.252118728937768655e-01,4.111328187587607874e-01,2.362623241048322220e-01,1.818822692593134727e-01,4.904796161160697443e-02,9.689395330670497186e-02,1.528443958108521017e-01,2.755134234511051328e-01,1.630603123506557395e-01,1.181645562171031449e-01,9.019545969187639511e-02,2.052485052524112841e-01,1.538702189830342681e-01,5.982179733549253253e-01,2.567188507742781262e-02,3.580115185224568841e-01,5.782665982915278363e-02,4.533060990707390436e-01,7.794285321689321810e-02,2.982794990480822084e-01,7.756074625961181801e-02,1.365834429411570405e-01,2.966711040332157268e-01,2.927790362312129302e-01,1.805590935228126859e-01,1.080901001401419516e-02,1.608220648259633123e-01,2.374810358185651393e-01,2.539432530545008282e-01,1.613636262943179689e-01,3.310834383399978709e-01,1.925801428326234521e-01,1.249570667857701281e-02,1.958080247693613427e-02,2.471765384227470608e-01,3.938730049416718226e-01,2.760071001368956112e-01,2.126875337917427944e-01,5.709634141159498216e-02,9.221888734413527522e-02,1.737496689611170708e-01,2.906988236251979441e-01
2.695390190982491774e-01,-2.537675675067707637e-01,7.335025704755145926e-01,-1.165732363573814545e-01,-5.050004926308723080e-02,1.067966400816705158e-01,1.000000000000000000e+00,8.830528878253985844e-03,5.118483752526535868e-01,3.016565011516549044e-02,2.601140603653723793e-01,1.778082600839763980e-02,2.941176999637569178e-01,6.039449200613885571e-01,2.545417983316043964e-01,-1.031871515640644110e-01,7.828494846182594558e-02,4.823409432177280243e-01,6.141321971165993043e-02,-1.350824318281058055e-02,-1.640596534752558067e-01,2.366380077042344321e-01,-1.690882815114991555e-01,6.531178096811524059e-01,2.740942194495577522e-01,5.347691786020867255e-01,3.969969082304211638e-01,9.522068101717487409e-02,1.046062323422325968e-01,8.869819687961535970e-02,2.081545155140069048e-01,-1.304576968898253919e-01,1.301529725248358471e-01,-2.193161894616739438e-01,4.812943254909431839e-02,-1.640472020484305404e-01,5.839129020939836101e-01,-1.360742816093716001e-01,1.537796531400672240e-01,1.254987347780686657e-01,7.355770453662573427e-01,1.221093810027258364e-01,5.157385180098158495e-01,-6.618345482052517999e-03,3.905442067877801238e-01,-4.464432134237937555e-02,3.913651287177151161e-01,6.011041180175732412e-01,3.281605335454217953e-01,-1.176524971139846637e-01,-1.438984463691483917e-01,2.646408658210649412e-01,-1.944350148677281842e-01,-1.764893892157265096e-02,-1.276998549438080055e-01,6.908102944660013400e-02,-1.015737734328258091e-01,5.628237079044194902e-01,1.518549803920224150e-01,3.962212916214433167e-01,4.765099927388981582e-01,-7.010299671502899510e-02,1.531266891622110049e-01,-1.584852114954578561e-01,3.476045926187811830e-01,-3.517586051896360450e-02,3.574975827719664018e-02,-2.192402317913228760e-01
-8.027349401146700869e-02,1.750844121120869942e-02,1.895267591463272727e-01,-5.895721970623663682e-02,6.519439079874862764e-02,3.689228932906665759e-01,8.830528878253985844e-03,1.000000000000000000e+00,-2.153451314312997689e-01,-2.285056415729257162e-02,-2.384007385165333708e-03,-1.002387792297158020e-01,-1.113313059765819318e-01,8.805287821829946293e-02,-1.236113029696812859e-02,1.753863937253728744e-02,3.816754233110560696e-02,1.526198871944235147e-01,1.825403971578946627e-01,-1.421799053475983898e-01,8.242059048036046165e-02,6.063986718115176727e-02,2.004160052886910792e-01,-1.943512912804375159e-01,-1.681759079324385009e-01,2.165251531935750151e-01,2.666267031714466933e-03,4.213675219349528045e-01,3.064429093603166301e-02,5.817733387929348021e-01,-1.486701769988479083e-01,8.970647302926863798e-02,8.391330251932621609e-02,1.767395119909474788e-01,-1.276920834538510657e-02,2.687512899975399300e-03,1.626914512479757380e-01,-5.758852013590431279e-02,1.240111481744309713e-01,2.405055037428043552e-01,1.520829275842953965e-02,5.278729323323824163e-01,-2.063931833205711330e-01,5.202740719060093555e-02,7.198593307642293937e-02,-9.260457009822395391e-02,-1.813757511519680510e-01,8.381726484112396458e-02,8.150159250477710671e-02,3.511930954000883065e-02,3.649546511823025252e-01,1.735302390130036010e-01,2.502674868462807511e-01,-1.036222055731765568e-01,8.659221600304102540e-02,4.505979008133350477e-02,1.491652667349806227e-01,-1.132515066560748351e-01,-2.278486198149030362e-01,1.230122590102931818e-01,8.004791540587989640e-02,3.346616935985197716e-01,9.013167904748639603e-02,4.186759801279395510e-01,-2.094542320652723333e-01,6.704889440060482486e-02,4.541608468440851143e-02,2.563389991363617115e-01
2.319427970489663648e-01,-6.721335269966969292e-04,2.722195249928466287e-01,4.466408122651153306e-02,1.306567824770554602e-02,7.827477308598561334e-02,5.118483752526535868e-01,-2.153451314312997689e-01,1.000000000000000000e+00,6.947062675635733153e-02,2.432608252065024956e-01,1.994927587479135012e-01,3.659698678773519731e-01,2.973213066405025473e-01,2.869737466296976569e-01,4.219414122875632389e-02,5.746622941152076253e-02,1.521169035425497806e-01,-1.018071512261734535e-01,1.078400792700608957e-01,-9.626054962896216094e-02,3.456952205263931210e-01,-9.734233408308072544e-02,6.677674891146072600e-01,3.796190728319989716e-01,1.852702874776558373e-01,3.621997622244383375e-01,2.752943717603969706e-02,1.284667614218082954e-01,-1.453721858275542622e-01,2.111871184885759645e-01,-2.107432253568822592e-02,1.127363540209787435e-01,-8.556282765857044226e-02,3.084639528892780050e-02,4.203371324646242024e-02,1.125489418950324783e-01,3.118345930739546690e-02,4.659872805404795953e-02,8.369881884389056281e-02,2.698834802455188364e-01,-8.391981030002672315e-02,5.779932232602804643e-01,1.932186306212270444e-02,2.814543141725480146e-01,1.511467938004058542e-01,4.236002148055566519e-01,1.795718503459032001e-01,2.462701425986413561e-01,1.426725246736656322e-02,-2.907098199964489038e-01,-7.262224459185349923e-02,-2.849105233864561160e-01,1.074833629376972383e-01,-1.021141878798608182e-01,1.787278574916954244e-01,-8.944058139145444342e-02,5.344392041006883476e-01,3.705643426435847321e-01,5.989186544479555702e-02,2.717577731077621683e-01,-3.153801236154372967e-02,1.417740174460463132e-01,-2.006392370786410639e-01,3.170796352895724479e-01,-5.958292672261551043e-02,7.353273776493317315e-02,-1.347297506214733820e-01
2.288559264936543547e-01,1.814926127233265074e-01,9.182849368330103790e-02,5.777063306414661481e-01,-1.142860568749083511e-01,3.961261886277122057e-01,3.016565011516549044e-02,-2.285056415729257162e-02,6.947062675635733153e-02,1.000000000000000000e+00,1.293430174109334307e-01,6.485294071906942959e-01,3.889044515692810511e-02,-4.085691394429735723e-02,-1.763367036235884491e-02,4.472433752622215208e-01,1.401254046345415116e-01,2.362980796770375660e-02,1.029838847670029867e-01,6.660814798006418069e-01,5.066546893811174623e-01,2.348066466547915343e-01,4.871121927935490037e-01,1.613532392001756632e-01,1.465359461470211178e-01,2.456039527443071302e-01,2.972284345743965162e-01,3.832405354828752331e-01,2.514761789434529216e-01,8.929043786367010793e-02,-1.064362309741393418e-02,-1.337442272581623737e-01,2.664722755541288346e-01,2.950547128669835928e-01,2.271377910816986534e-01,1.692741449880718063e-01,1.761539460177955208e-01,4.774448198719300485e-01,1.186935650569240740e-02,3.864122005526980930e-01,9.839250628421472578e-02,1.219265092532155620e-01,9.706568831842962708e-02,9.140864251274144481e-01,9.827667671414622164e-02,6.126722748870937485e-01,8.754181518069019396e-02,5.482328148372105081e-02,9.411496398844153288e-02,4.783898825231722718e-01,1.807034844916883543e-01,5.704699612780689266e-02,1.689045159854858091e-01,5.877516463478158482e-01,5.221104939425170732e-01,2.233118518597355939e-01,5.661658281756452027e-01,1.249271321406256463e-01,1.733831072246109772e-01,2.661416338268189352e-01,3.351177633709417347e-01,3.816573899191814112e-01,3.466555851510358388e-01,2.601933025627509721e-01,2.111632194204196295e-04,-6.005211105127902793e-02,2.169411831242509803e-01,3.616509883627654354e-01
2.005577510329962510e-01,8.050329723433619078e-02,2.378841432711827630e-01,1.095354856186440407e-01,2.921792529132760316e-02,1.258249837879027999e-01,2.601140603653723793e-01,-2.384007385165333708e-03,2.432608252065024956e-01,1.293430174109334307e-01,1.000000000000000000e+00,1.719869401572911571e-01,2.520194973360138091e-01,2.556521542363186517e-01,1.318591087982864118e-01,1.352716193683626555e-01,2.279175986548547805e-01,2.605782920354782206e-01,2.275520574769602233e-01,1.319640392697353504e-01,-9.703407584921767970e-03,2.804452398943057534e-01,4.579310905068684212e-02,2.332882771971884484e-01,2.378772944756919472e-01,2.442976367234896695e-01,3.352970458849816038e-01,9.588567480607435023e-02,2.032756507390536538e-01,1.308696057171908345e-01,1.241275556878432829e-01,-4.254552386631704070e-02,2.126822388349895732e-01,1.278286598117426842e-01,1.230772805110168372e-01,1.126749407076875209e-01,9.517324364656254421e-02,1.275714793918874546e-01,6.610877055784639134e-02,1.267801933018782023e-01,1.025538271202586088e-01,-1.299920972605786429e-02,1.931878664961343139e-01,9.049333577683683905e-02,3.772989332175835653e-01,1.907330051910451907e-01,2.295839138036366578e-01,9.896286793541751725e-02,1.286913637589396364e-01,1.112366549357188261e-01,2.549280012143673342e-03,7.631796823015438158e-02,4.106400385346167803e-02,1.560349979796917252e-01,1.848244806237954452e-02,1.698436113725442786e-01,6.746144260065856102e-02,1.557109348513580904e-01,2.053596090837257471e-01,1.023219790719847172e-01,1.869063727235982242e-01,8.127039117478225549e-02,1.992962098213174604e-01,3.241856385244055311e-02,1.299664620947566518e-01,5.526400737507122969e-03,1.661727728165846851e-01,1.017332890135118489e-01
2.036061315346064937e-01,2.825728932941868887e-01,2.349444197914607457e-02,8.081458696673881059e-01,-2.148440049800759075e-02,3.144036071491173590e-01,1.778082600839763980e-02,-1.002387792297158020e-01,1.994927587479135012e-01,6.485294071906942959e-01,1.719869401572911571e-01,1.000000000000000000e+00,6.767513821144725827e-02,-8.347368487427425654e-02,1.349554065104405232e-01,3.858532769023029774e-01,1.077435616433033566e-01,-1.021727710221081026e-01,-3.283556772772432131e-02,8.463559972401494269e-01,3.346779959491761325e-01,3.217791665125322442e-01,3.994719264453600038e-01,3.278012638999586170e-01,1.885270013720010407e-01,2.313701489395075805e-01,2.823563742302898638e-01,4.673190464135287825e-01,2.225475953932936346e-01,-5.263853817077026459e-03,6.576998363480900112e-02,-7.321769586313087164e-02,2.293625068909875275e-01,3.252206942887526653e-01,1.612843662915430520e-01,3.303377206790859555e-01,1.288266036121464564e-01,7.419588593847035174e-01,6.849388604387320056e-02,3.505780351619507962e-01,9.606935497261402668e-02,-5.598208783552046514e-02,2.108226055667367926e-01,5.782954340397136184e-01,1.272240384328466589e-01,8.664475016809989327e-01,1.312772006200906283e-01,-6.117838735190425474e-03,2.098002558785387883e-01,3.863517517737035112e-01,1.960667536232303665e-01,-5.735202006192745977e-02,1.384654814430901493e-01,8.214934783538900831e-01,3.230375414616771246e-01,3.070663157234764240e-01,4.141329158365308905e-01,3.290646077042861939e-01,2.170161302160501238e-01,2.581311750532505056e-01,3.016870884528602970e-01,4.220188762342737543e-01,2.812849060710397309e-01,1.965099106156960318e-01,2.175149685269043426e-02,-2.942169664277223540e-02,1.920072976787944863e-01,3.305220993534809804e-01
1.936709633466499741e-02,-4.782585759526989527e-02,1.333841434220565669e-01,-3.672189987032521002e-02,2.859846098042131621e-02,2.527552490113602751e-02,2.941176999637569178e-01,-1.113313059765819318e-01,3.659698678773519731e-01,3.889044515692810511e-02,2.520194973360138091e-01,6.767513821144725827e-02,1.000000000000000000e+00,6.480023919612722116e-02,1.718888886300721786e-01,-1.156185713661701531e-01,-5.723249386280101353e-02,1.264420600011450513e-01,-1.357497429111837461e-01,3.510554323727363424e-02,-1.803648527862477535e-01,9.673879224292368517e-02,-1.662812852486596216e-01,2.595734984627307562e-01,4.088271839165484867e-01,2.245336448778549945e-02,1.583570012130441629e-01,-1.369541801268113479e-02,1.787858528568275762e-02,-1.542293438475532130e-01,1.179881348337680491e-01,-4.903048168618139024e-02,7.698955642166498310e-03,-2.083522905205147657e-01,-7.121135364843692375e-03,-5.201935110834424170e-02,6.074676320813601760e-02,-3.339952451664877919e-02,4.270710505950476438e-02,4.625202628904744040e-02,9.896752477649642388e-02,-1.002779712606663258e-02,3.266079272939655942e-01,2.661629342567495976e-02,1.879390046532373459e-01,5.841541762520175568e-02,4.510148185285341449e-01,-2.582403682728955790e-02,1.596383609160081374e-01,-1.237918779552681509e-01,-2.631207452902704635e-01,-1.372075399814474683e-01,-3.071289093041670304e-01,4.766999378757504069e-02,-1.700280819524754017e-01,-4.243777985131427788e-02,-1.576473879459450167e-01,1.622475822111915378e-01,3.515868221304879748e-01,-6.799930686655770995e-02,7.617167680446058908e-02,-6.426650197765373940e-02,1.913534071718520427e-02,-1.818984941729124560e-01,1.018725071621315870e-01,-6.964215893453203077e-02,2.461415637288396144e-02,-1.797275354031666328e-01
4.688519185802018652e-01,-1.743348898205870634e-01,4.875037550170396861e-01,-2.226091138965711758e-01,4.644647323328646854e-02,1.539512073392089730e-01,6.039449200613885571e-01,8.805287821829946293e-02,2.973213066405025473e-01,-4.085691394429735723e-02,2.556521542363186517e-01,-8.347368487427425654e-02,6.480023919612722116e-02,1.000000000000000000e+00,2.156683888327755594e-01,-1.210821057225700513e-02,4.649576773294261112e-01,5.112142385627306274e-01,5.028437179502892596e-01,-1.206221408079618390e-01,-1.723084038293377362e-01,1.547902303151436065e-01,-8.783854925166850736e-02,3.741382659300835356e-01,5.762699190873475652e-02,2.153675953690814271e-01,4.632027803285526657e-01,-6.494557847683506135e-02,2.627425719870075671e-01,8.843350051423913560e-02,3.290035955855986627e-01,9.202418482072165229e-02,9.584432317871523221e-02,-1.048316164937015404e-01,1.353931660001068682e-01,-2.040312787917205883e-01,2.085212756313890303e-01,-1.915090313969445845e-01,1.357633313470280045e-01,1.309660744716866776e-01,3.300165328618035465e-01,1.255575477052966460e-01,2.539042271458413214e-01,-8.088463615903579429e-02,2.784816945930082555e-01,-9.942800638064865082e-02,2.416136192936266802e-01,6.934606158202158976e-01,2.063392445910578465e-01,-4.187976864180710523e-02,-8.983488264492599240e-02,3.546972846947095692e-01,1.127471429541484632e-01,-1.094362467915229731e-01,-1.408706533810784867e-01,3.290862063858644021e-02,-7.245078233544620383e-02,2.702174277028248639e-01,7.872373056098841068e-03,2.343972079523306412e-02,3.418450710883406685e-01,-1.056951624583976346e-01,2.741019220129205514e-01,-1.797949364017609464e-01,4.803697843158432623e-01,1.316337446515216114e-01,8.380539276133144866e-02,-1.199456880672155890e-01
1.048076692086739453e-01,-1.734364227111936940e-02,1.097581410024362075e-01,-3.240303752527214087e-02,9.024185283359822951e-02,1.836060772705936095e-01,2.545417983316043964e-01,-1.236113029696812859e-02,2.869737466296976569e-01,-1.763367036235884491e-02,1.318591087982864118e-01,1.349554065104405232e-01,1.718888886300721786e-01,2.156683888327755594e-01,1.000000000000000000e+00,2.987952928315688872e-02,3.136845417260258895e-02,1.590321678675246375e-01,-1.812758394482082494e-02,2.321125347268814670e-02,-1.589760702964201078e-01,6.830642789576593654e-02,-9.415485377220492169e-02,2.773126978013459865e-01,1.081910505000620026e-01,-4.072188250655974298e-03,1.498882775745797868e-01,-3.936235953988508757e-02,-1.275204442841859805e-02,-1.724877028552370961e-01,5.037405404190230945e-02,9.335949455217755488e-02,-4.355933821296540526e-02,-6.130925254071162983e-02,-5.955112918965670132e-02,-1.753519341392502373e-02,1.762637215510329605e-02,-2.171667650278419695e-02,1.082513204790308131e-01,1.771000103325036379e-01,6.541720037718938563e-02,4.249953684067615117e-02,2.317703511020677565e-01,-3.775755280287940857e-02,9.904057480179047357e-02,1.080202647472173344e-01,2.104556142672586727e-01,1.262565740121698865e-01,2.756729700655509152e-01,-8.518699992141011076e-03,-1.620672819607897330e-01,-5.275985513208841099e-02,-1.507259285007147287e-01,4.342807100591114522e-02,-1.242723092357784914e-01,-3.376279198537407433e-02,-9.248823785455785595e-02,2.182639018649353835e-01,2.777175590549586098e-02,-1.020808721768470539e-01,7.638706160118728661e-02,-7.307954814546424593e-02,6.323303841134084863e-03,-2.086958086469397622e-01,1.530274351055302962e-01,1.366255031329828840e-01,-2.410478424059641148e-02,-8.125128492658501012e-02
1.812027557742638129e-01,3.652650653670479475e-01,-1.373718355602569254e-02,4.276332237298352545e-01,-4.013338343145889803e-02,3.093527079690945314e-01,-1.031871515640644110e-01,1.753863937253728744e-02,4.219414122875632389e-02,4.472433752622215208e-01,1.352716193683626555e-01,3.858532769023029774e-01,-1.156185713661701531e-01,-1.210821057225700513e-02,2.987952928315688872e-02,1.000000000000000000e+00,2.404672399891293333e-01,2.314884460398582491e-02,2.008995864142418541e-01,3.727642207949247166e-01,6.936985053693419667e-01,3.581210420972112396e-01,6.898383122957343350e-01,1.973869979917546036e-01,1.685433671108811302e-02,1.443016121501234927e-01,3.883325661647015759e-01,3.851996703274773726e-01,3.755343902089774977e-01,1.977617791510997702e-01,-7.653967344792682315e-02,2.153501374481146119e-02,3.576168329866936668e-01,5.772789529815380849e-01,2.477029526778810609e-01,2.745580433273836496e-01,3.187421420941875805e-02,3.685977461766382079e-01,1.500717837111264011e-02,2.557417173280088218e-01,-6.956267346610277291e-02,8.745692366480227464e-02,2.828163844602432989e-02,4.352742193891102063e-01,1.043914730284493247e-02,3.981103523822306367e-01,-3.464800725451547270e-02,-4.401515243417800788e-02,1.166307086769244467e-01,8.496080428346475255e-01,2.601380440745857947e-01,8.917128486040033775e-02,2.983287294988932747e-01,3.635529758006590950e-01,6.918094715684489637e-01,4.088349688065511245e-01,7.359524002358482919e-01,1.991632061195815484e-01,9.686032649088206770e-02,1.094637876828891132e-01,3.031304598530509820e-01,4.316422818766167957e-01,3.772470867204252287e-01,3.563844609522081042e-01,-1.168929309154733212e-02,7.880966227926027023e-02,3.061077681043755105e-01,5.285013156559444925e-01
4.961020103812764925e-01,1.812620183454652645e-01,3.522293748039544425e-01,6.222138043425919085e-02,-1.315954079130426859e-03,1.818950298649212871e-01,7.828494846182594558e-02,3.816754233110560696e-02,5.746622941152076253e-02,1.401254046345415116e-01,2.279175986548547805e-01,1.077435616433033566e-01,-5.723249386280101353e-02,4.649576773294261112e-01,3.136845417260258895e-02,2.404672399891293333e-01,1.000000000000000000e+00,2.421215593184202763e-01,7.106872188760819942e-01,1.190787807317505304e-01,1.813702585008061530e-01,2.190087762941705929e-01,3.448838941049188200e-01,1.266406152498281701e-01,-1.362845836610383082e-03,2.410271390850109718e-01,5.470622833073591762e-01,1.192786836130014794e-01,3.374850196106669586e-01,1.891855382645760142e-01,2.390818322124850237e-01,1.132029826598340977e-01,1.772513921009308824e-01,2.312537804136200470e-01,1.730590049289381371e-01,1.466956200410851896e-01,7.952992643738951428e-02,4.410251835040444879e-02,4.131515785905769816e-02,1.043586338709828337e-01,-6.684018544757946989e-02,5.261757963211611752e-03,-2.196821688150537438e-02,1.140631995426355932e-01,8.937891241622875071e-02,1.106053012184649992e-01,-6.060181291982395801e-02,1.694704921206776904e-01,2.049391312267247189e-02,2.288157674375987938e-01,2.300954532524548124e-01,6.759920012729708771e-02,3.873864117616492853e-01,1.054088678052299971e-01,1.828698397356347538e-01,1.387206693678804392e-01,2.526984514506983581e-01,2.802062048670815597e-02,-1.472367216175365836e-03,4.652528992225386795e-02,2.947945543964874959e-01,8.432101123876238613e-02,2.520078964799895571e-01,1.944392603325036453e-02,1.450825223248227436e-01,5.083698355930343915e-02,1.879433601824864464e-01,2.037560718597495601e-01
2.401827618719622748e-01,-2.347040115772885682e-01,4.888456038354013211e-01,-1.883588581011388374e-01,2.692808306220143347e-02,1.228083547997492198e-01,4.823409432177280243e-01,1.526198871944235147e-01,1.521169035425497806e-01,2.362980796770375660e-02,2.605782920354782206e-01,-1.021727710221081026e-01,1.264420600011450513e-01,5.112142385627306274e-01,1.590321678675246375e-01,2.314884460398582491e-02,2.421215593184202763e-01,1.000000000000000000e+00,4.208252720888563947e-01,-1.018088344569403336e-01,-2.094937366427190514e-02,7.907426149403203042e-02,2.823753461488625466e-02,8.545265703246078537e-02,6.428569671370289174e-02,2.380948198336080845e-01,4.001173431453222129e-01,-1.465567929899895018e-02,1.495360591704197883e-01,1.611901214599791021e-01,2.616016612793631291e-02,-2.912299518775266372e-03,1.703328258426829445e-01,-8.393081792996674728e-02,1.111928359984662024e-01,-2.304508288414930939e-01,2.017925691440630720e-01,-1.704778812793459331e-01,1.659711617340485501e-01,1.376110023488162359e-01,1.908797609969910825e-01,1.700891362985824939e-01,1.288570913333971779e-01,-3.257450533997535008e-02,2.814546309316552919e-01,-1.234160326910127975e-01,1.990129438179497334e-01,3.283652421971271496e-01,1.775540300601157473e-01,4.343848706376903651e-02,-1.078403577347807479e-01,4.606447867728664103e-01,-9.434667304014644762e-02,-9.681282076558185568e-02,3.912823474759355435e-02,-8.298516231775091012e-02,5.007598408033211296e-02,-3.082843187391752504e-02,-7.596434725565705259e-02,-2.638887511525991186e-02,2.270776049975951338e-01,-4.707988928690163416e-02,2.594912927803901259e-01,-5.496065602597818150e-02,1.457772626774863356e-01,8.828352031614901396e-02,1.765924234694920825e-01,-3.581419052926691077e-02
3.925342082756487772e-01,7.145404859473560022e-02,3.324110798089838226e-01,-4.051735698190830903e-02,-1.677194591127935787e-03,1.339902597067131884e-01,6.141321971165993043e-02,1.825403971578946627e-01,-1.018071512261734535e-01,1.029838847670029867e-01,2.275520574769602233e-01,-3.283556772772432131e-02,-1.357497429111837461e-01,5.028437179502892596e-01,-1.812758394482082494e-02,2.008995864142418541e-01,7.106872188760819942e-01,4.208252720888563947e-01,1.000000000000000000e+00,1.635763582889129819e-02,1.899181712697453339e-01,1.289653109214617399e-01,3.183762388846408942e-01,-6.164169734578869159e-02,-1.086935472523136992e-01,1.961656458416075610e-01,4.459128016591082377e-01,8.132569341922150918e-02,3.085813449534519082e-01,2.855019849765320639e-01,1.307187475149095279e-01,9.365298935039448325e-02,1.614548822478054368e-01,2.141071459475471783e-01,1.997153376831825866e-01,-7.534601773613832862e-03,5.883384002156335363e-02,-5.052643154364493822e-02,5.106801123707763179e-02,7.082289848961145773e-02,-9.187195839265291375e-02,9.500300988944025693e-02,-1.338186879065020318e-01,8.860015157486179904e-02,1.314837226355548006e-01,-9.428691816166812414e-03,-8.758461714384993546e-02,2.095481106801951598e-01,-4.694210630051164762e-02,2.194714622107700464e-01,2.249453691516777598e-01,2.673929007077459064e-01,4.431038223088847872e-01,9.851127461186961337e-03,2.239023652815134158e-01,5.652376643614779456e-02,2.760176578202489517e-01,-1.423798496055923291e-01,-1.289118041367285361e-01,-1.433716608692719302e-02,1.968958453000020092e-01,8.405016273581272790e-02,2.726018024872952639e-01,8.043573932036679475e-02,1.045581438168416838e-01,7.472918212939541616e-02,1.823561652855832382e-01,1.981879641288345761e-01
1.743264553530499417e-01,2.652631219906740889e-01,3.024468199714957367e-02,8.515214002976414509e-01,-4.890908975514902252e-02,2.084826869441667729e-01,-1.350824318281058055e-02,-1.421799053475983898e-01,1.078400792700608957e-01,6.660814798006418069e-01,1.319640392697353504e-01,8.463559972401494269e-01,3.510554323727363424e-02,-1.206221408079618390e-01,2.321125347268814670e-02,3.727642207949247166e-01,1.190787807317505304e-01,-1.018088344569403336e-01,1.635763582889129819e-02,1.000000000000000000e+00,3.972763785044871043e-01,2.784864178846285232e-01,4.215131958456753147e-01,2.539510940073005374e-01,1.228163986958832610e-01,2.448634718289607604e-01,2.281178859584756524e-01,4.238178272572316052e-01,1.832967947678755816e-01,2.413318277068282267e-02,2.059345901653409500e-02,-7.928110505273462671e-02,2.297215831235564221e-01,3.129707767383115291e-01,1.907468813161639076e-01,2.710997501932299603e-01,1.035827790057988751e-01,7.817321690670231416e-01,3.764427140098473845e-02,2.894110368784985066e-01,5.923903691238234515e-02,-1.168981095948237736e-01,1.525907244708555321e-01,6.029663877988127307e-01,7.212913471424638179e-02,8.665660903240517410e-01,5.723894396644477883e-02,-6.237537787012526619e-02,9.809436513044879347e-02,3.932086838169345788e-01,2.261954711445442745e-01,-7.618336872814161775e-02,1.985182303491854761e-01,9.310011434657536888e-01,3.846398388594618467e-01,2.661221770705344825e-01,4.296789339552463116e-01,2.311761623286263667e-01,1.544788976794496671e-01,2.544663786768915359e-01,2.322623306809745991e-01,3.890564260478999725e-01,2.642488498361423299e-01,2.219090816463016314e-01,-4.064810488195790689e-02,-4.550315440130428546e-02,1.918021249239249826e-01,3.209236666396116378e-01
6.789852690913937561e-02,3.440618277980356798e-01,3.166955061102367380e-02,4.421544712429589796e-01,-1.459098778418745079e-01,2.352110822684847224e-01,-1.640596534752558067e-01,8.242059048036046165e-02,-9.626054962896216094e-02,5.066546893811174623e-01,-9.703407584921767970e-03,3.346779959491761325e-01,-1.803648527862477535e-01,-1.723084038293377362e-01,-1.589760702964201078e-01,6.936985053693419667e-01,1.813702585008061530e-01,-2.094937366427190514e-02,1.899181712697453339e-01,3.972763785044871043e-01,1.000000000000000000e+00,2.588099038122380624e-01,8.533886179555013607e-01,4.343849823478282413e-02,-5.122619803249469500e-02,2.642792490756417090e-01,3.593530100273313876e-01,5.018416221631516461e-01,3.520644989458389662e-01,3.444116456449750063e-01,-1.124122503103957282e-01,-8.045029170480601233e-02,4.208106320727162952e-01,6.405757328687694541e-01,2.197485612530112042e-01,2.451674557198033066e-01,9.625689261329281599e-02,3.472004789635982913e-01,-3.002450322151598711e-02,1.639599509815907186e-01,-6.165284566796100374e-02,3.231389726826968539e-02,-1.227332025838169666e-01,4.917260160215772280e-01,-1.252637094834948561e-01,3.005877029064583650e-01,-1.695256010744658481e-01,-1.550615770837305285e-01,-2.249307063097077258e-02,7.507352139981201544e-01,3.386077746497037633e-01,3.435153646929405696e-02,3.411837598778588165e-01,3.541831399352528553e-01,9.556746051505194961e-01,3.056216326769919944e-01,8.839100129401971095e-01,3.784300304786267916e-02,6.091750745409980905e-02,2.293447441721222224e-01,3.393629006487068334e-01,4.870805232332904300e-01,3.376098174147869613e-01,5.372273378068078697e-01,-1.188648800706551545e-01,-6.948436936560314914e-02,3.387613606779416031e-01,6.329863890441816965e-01
2.459192399518569661e-01,2.927695174150813928e-01,2.541392836419184009e-01,3.128066760411670200e-01,1.033268112395738583e-02,2.069760112141705855e-01,2.366380077042344321e-01,6.063986718115176727e-02,3.456952205263931210e-01,2.348066466547915343e-01,2.804452398943057534e-01,3.217791665125322442e-01,9.673879224292368517e-02,1.547902303151436065e-01,6.830642789576593654e-02,3.581210420972112396e-01,2.190087762941705929e-01,7.907426149403203042e-02,1.289653109214617399e-01,2.784864178846285232e-01,2.588099038122380624e-01,1.000000000000000000e+00,3.152661888611548724e-01,4.754571790296494016e-01,2.399738028972709381e-01,3.942641699784927845e-01,3.984800733996983757e-01,3.816091338147948320e-01,3.278627043495000448e-01,2.961541778656089918e-01,7.894442743960584929e-02,-3.210859009586738283e-02,2.992054762869958418e-01,3.036807030397097873e-01,2.284138173443765463e-01,2.438450439743495568e-01,1.565335418381855748e-01,2.695669461313455195e-01,2.003928751211971060e-02,1.675453513158460250e-01,1.864885035656423939e-01,3.932576194314759549e-02,2.765834285141095528e-01,2.345707368648287938e-01,2.966221711783706971e-01,3.358333483084426363e-01,1.289465394381680563e-01,9.015318502656202715e-02,1.108392430419062602e-01,3.326658504736086375e-01,1.653133395748669077e-01,4.808656779054364117e-02,1.448291854904894815e-01,2.991510203935216494e-01,2.378460297216382913e-01,4.599691000210208713e-01,3.028105740244310673e-01,4.302582800192649159e-01,2.570387031531691235e-01,2.699540749236065129e-01,3.573351535239924215e-01,3.109111247721177418e-01,3.383136626193442575e-01,2.692790060401936136e-01,8.383957278285197878e-02,-9.476909063152490209e-02,2.478180500839358424e-01,2.905410772438798417e-01
1.678798099430837965e-01,4.021451940087117927e-01,1.607308191431954802e-01,4.676299306203252071e-01,-7.047215093205357050e-02,3.046431007813842906e-01,-1.690882815114991555e-01,2.004160052886910792e-01,-9.734233408308072544e-02,4.871121927935490037e-01,4.579310905068684212e-02,3.994719264453600038e-01,-1.662812852486596216e-01,-8.783854925166850736e-02,-9.415485377220492169e-02,6.898383122957343350e-01,3.448838941049188200e-01,2.823753461488625466e-02,3.183762388846408942e-01,4.215131958456753147e-01,8.533886179555013607e-01,3.152661888611548724e-01,1.000000000000000000e+00,5.165310439716032029e-03,-7.208584738782598811e-02,3.403687724302165707e-01,4.483704884216971331e-01,6.025652274461029689e-01,4.000934885842304944e-01,4.373128263428350260e-01,-1.279326645180348387e-01,-5.194483517933936798e-03,4.471961031831188094e-01,6.435004994453237259e-01,2.668877524884564756e-01,3.177761525136283960e-01,1.652768852200962590e-01,3.750785776348962708e-01,2.970944921796484645e-02,2.210749030629694523e-01,-8.401653207005653490e-02,1.383193048711650608e-01,-1.382459724681332769e-01,4.560248783106095050e-01,-6.338575836050197587e-02,3.680402652228224603e-01,-1.882645109284297735e-01,-1.086758534354609201e-01,3.277674473839489039e-02,7.451071682325819401e-01,4.620152703084207668e-01,8.153588441766060346e-02,4.103641954437077799e-01,3.979365544831918733e-01,8.195924294937244614e-01,3.107514455928814812e-01,8.916471890584407589e-01,9.245212154878902286e-03,2.726740677084682138e-02,2.622249511198521676e-01,4.019973337301320226e-01,5.371323859373698939e-01,3.718122958269967082e-01,5.636905557350938567e-01,-1.626328639152138655e-01,-2.340456691260875063e-02,3.359535057694518767e-01,6.211098973270694490e-01
