1.000000000000000000e+00,1.868433102175652560e-01,4.449127336850783876e-01,2.966340050943224171e-01,6.180550261026987457e-02,2.857748773471549542e-01,2.815857378626357987e-01,4.520499773379253461e-01,-4.499730415147460555e-02,2.968773379777561727e-01,3.150356698185616255e-01,2.817534232545952366e-01,-1.548395434601736731e-01,3.674935426770503666e-01,3.156495150033743202e-02,2.257799638241076989e-01,6.247956986935857548e-01,4.047205241460333225e-01,6.102801096524311797e-01,3.026975059872059615e-01,3.349019412473864254e-01,1.105819475832514887e-01,3.270046240625649747e-01,5.933937849380853391e-02,-9.954407755810668057e-02,4.141411952577427336e-01,4.674313221335977819e-01,3.014929933765468917e-01,4.710667460373851867e-01,4.305858800099626738e-01,-4.871778915777159880e-02,5.761636660270041954e-02,6.628404489817493750e-02,1.464944970141513758e-01,4.243586737396188857e-01,9.263053993517862683e-02,1.045745389186662627e-01,3.003536375220632326e-01,-2.267864679453016757e-02,2.023306788939953915e-01,5.700563209524580482e-02,3.573073010772033764e-01,-8.310155690642916093e-02,2.500261801334311973e-01,8.210219714606398211e-02,2.831650685213950580e-01,-1.763270544590639088e-01,1.615541236642127898e-01,-2.622517742041038588e-02,2.369841658916394533e-01,2.927403856163450779e-01,1.515047875454058612e-01,2.038293653767615787e-01,2.506177330587835428e-01,3.315734428250880494e-01,-2.959694836706462662e-02,3.008841396631088405e-01,-3.325640791166038779e-02,-1.398316764208759055e-01,-3.876035244804249685e-02,6.076861830406771886e-02,2.657800700618048739e-01,3.086863764595290105e-01,2.153694654002352438e-01,-1.106869369082831012e-01,4.153808672512937505e-02,4.756263103290443717e-02,2.219840015187458937e-01
1.868433102175652560e-01,1.000000000000000000e+00,-4.450463653462630176e-02,2.574701508540984674e-01,1.003394243816797538e-01,1.537327137808889577e-01,-6.553202401953529821e-02,9.217550426558009102e-02,-8.449658573852114607e-02,1.120375068717890249e-01,1.132109499305402611e-01,1.640904157614039849e-01,-9.913599528613513401e-02,-9.858353589580626242e-02,5.878333450933388715e-02,1.269734927452876028e-01,1.974292309143863000e-01,9.082066136261965003e-03,1.564627584011706041e-01,1.474744770562497198e-01,1.817354200743585835e-01,1.963684744609147659e-01,2.633070714996911255e-01,-2.162188537142510636e-02,1.375000425062499199e-01,7.496852116158175816e-02,1.356625007806916416e-01,2.398783314125074728e-01,2.207534312512391128e-01,1.654477979902681806e-01,-1.069339759498732223e-01,-1.280577106952590812e-02,1.378084552473659852e-01,2.814679575715608451e-01,1.424674917989303680e-01,2.023825393634202663e-01,-1.129039185461535866e-01,2.844125859601586703e-01,1.273773558247926103e-02,1.881913551951853170e-01,-9.306791088544597024e-02,1.929659053327226759e-01,-6.199992595219580571e-02,1.413931656898607947e-01,1.405214897287471176e-01,2.221478151217595731e-01,-9.564178460678385285e-02,-8.978992838594895831e-02,2.488177419757245032e-02,1.491354200722192491e-01,2.609404619679122628e-01,-9.614602808806824163e-02,1.371812878892131049e-01,1.922804137455838003e-01,1.559059885038377724e-01,2.231694192117086584e-01,3.248808396090194783e-01,3.195978321385761767e-02,6.350572112667433877e-02,6.883382249468274205e-02,6.720078883716407159e-02,2.650834866241798538e-01,2.375155580119859278e-01,3.125304952304337469e-01,-1.492659179614001241e-01,5.677317777729442433e-02,1.281379332155316297e-01,3.482108777690852142e-01
4.449127336850783876e-01,-4.450463653462630176e-02,1.000000000000000000e+00,2.545190912845597397e-01,-5.675525988559282364e-02,1.101412826986697957e-01,6.891456493915546488e-01,4.712198971233356182e-01,3.436797268193892974e-01,2.206476025961474352e-01,3.732101176821546740e-01,3.205451991563642022e-01,6.435056174260211925e-02,5.776752026431796194e-01,1.748571821211477029e-01,1.259518559749910060e-01,5.120696685294174877e-01,4.466133382574528632e-01,4.928445764610322466e-01,3.752871453749558328e-01,1.844725140911160355e-01,1.639147723484464247e-01,1.241236220377644889e-01,4.981384501833415190e-01,-9.538076847696999594e-02,7.754429045055073466e-01,7.060289349955685134e-01,1.897969436182483649e-01,1.398152505563597936e-01,5.131930927906921402e-01,1.490516219873561088e-01,9.656251243815885260e-03,-1.561608961130788766e-02,-5.193124318913919235e-02,2.132941958331948107e-01,-2.315222268843219328e-02,4.718999356598141959e-01,1.635033621018815442e-01,-3.869617571282640833e-02,7.634239028183138244e-03,4.289887530073951960e-01,1.967271443918678364e-01,2.100239972795469312e-01,1.181262197549054205e-01,-1.431883572014658497e-02,2.027781277147721328e-01,-6.167675958263528491e-02,3.340286531371601253e-01,2.513686544953373792e-02,8.736194936482891138e-02,1.045825398550799534e-01,2.074389448787824219e-01,8.913150064041118481e-02,2.821095935668795351e-01,2.205671798106896841e-01,-7.377179637694993020e-02,4.695681774712161249e-02,2.687813428395632864e-01,-1.101367798622478328e-01,1.832814579941225985e-01,2.684129917617894545e-01,6.424395376210061126e-02,-1.107472670631265942e-02,1.435667500017167707e-03,-8.710566494339247456e-02,-6.885717716739042649e-03,9.511114753618718845e-03,-7.631059903264227062e-02
2.966340050943224171e-01,2.574701508540984674e-01,2.545190912845597397e-01,1.000000000000000000e+00,8.822307382931419972e-02,4.049506352131702624e-01,3.238350705284150366e-01,3.569269921530169309e-01,1.084703355325999097e-01,3.990313048188242617e-01,1.968895093626076287e-01,7.493951821573683336e-01,-1.727987187443268402e-01,7.635039890748014646e-02,1.595747117301454243e-01,2.651280324922631881e-01,3.304999331667534124e-01,1.159051474209867316e-01,1.943353517881594161e-01,7.281770940527739766e-01,3.022598471595197567e-01,3.331100737387481803e-01,4.446262572316517225e-01,3.694528367572768590e-01,-8.765491902146602468e-03,4.149097264333660995e-01,2.797553740475561823e-01,6.106491462114159718e-01,2.672528378875661526e-01,4.140012014026438480e-01,1.207829047233755643e-02,-1.217979499734099351e-02,1.257832201171843467e-01,2.473778381059300313e-01,2.821992610005775726e-01,1.616002908832870899e-01,1.735037363252068809e-01,8.757248324704534070e-01,1.669706124105448108e-02,3.625320721519079137e-01,2.050460800467866773e-01,3.262291888665425077e-01,1.340853474023055436e-01,3.888739681484162380e-01,1.651512957558058659e-01,7.561850842764377134e-01,-1.086542499099580200e-01,2.729948601760857907e-02,1.372813472711301441e-01,2.993651968047466583e-01,3.850861988625717824e-01,1.848993472857516328e-03,2.105575897222436432e-01,7.398802634617992480e-01,3.267655497846048140e-01,2.992037290735017341e-01,4.418370253182586915e-01,3.872906078315340728e-01,8.527552807267326646e-03,2.926449280249582841e-01,1.672993278126054251e-01,5.132953047267189151e-01,2.728782848813373074e-01,4.487455502257491347e-01,-1.603223382163654342e-01,4.756894784761076661e-02,1.039984457717661320e-01,3.570941843900246604e-01
6.180550261026987457e-02,1.003394243816797538e-01,-5.675525988559282364e-02,8.822307382931419972e-02,1.000000000000000000e+00,1.492823305860212502e-01,-7.025483605105914062e-03,1.696656887850423179e-01,-8.359951870134536833e-02,-2.086946606594441023e-03,6.418997135664256115e-02,4.725630166929767340e-02,-1.031485387950496248e-02,-9.372111315804705634e-02,1.368093118500519068e-01,1.180087775551906526e-01,7.026354300187080681e-02,4.486547838940340566e-02,5.037875989492671819e-02,1.115671600625012944e-02,1.196895256938813323e-01,1.094583426239297136e-01,1.372951674074776307e-01,-5.408953533001081143e-02,1.718746379489782122e-02,-2.230684262757392372e-02,-1.209045046325638723e-02,1.944790676191524015e-01,8.990072829567334611e-02,1.578819221266931916e-01,-1.372982714578543928e-01,7.514039865441120292e-02,5.075685090695244289e-02,2.198891697808945112e-01,4.521167603126319962e-02,1.095111206407138743e-01,-1.312478574735683190e-01,1.443392401924273871e-01,1.106286532415208107e-01,2.273661238901550363e-01,-9.265601605340936797e-02,1.724055409259591387e-01,-8.029163769758325409e-02,5.928326719331351857e-02,6.155770190448015683e-02,1.046689994136199564e-01,8.829270745154058422e-03,-1.013318247638086977e-01,5.742672335756683621e-02,1.534399854806125785e-01,1.408097037117668482e-01,-6.493747086411344460e-02,5.941065771518140755e-03,4.382268362971038222e-02,1.755113446812212319e-01,9.736582590467372789e-02,1.751749020363764509e-01,-1.990949015030961042e-02,1.944763209087990372e-02,-5.430499896108326868e-02,-8.726743892452462625e-02,2.070500815678927575e-01,1.525969890002590867e-01,2.433763612569811718e-01,-1.326912430213325889e-01,6.757105559859286070e-02,7.660065730581684662e-02,2.699057282185557960e-01
2.857748773471549542e-01,1.537327137808889577e-01,1.101412826986697957e-01,4.049506352131702624e-01,1.492823305860212502e-01,1.000000000000000000e+00,2.849086824818200525e-01,4.155232581579009765e-01,-4.822034832619349204e-02,6.832087416853368511e-01,1.819511616371086160e-01,4.532763983585240131e-01,-1.256439237919763641e-01,6.037912641335921315e-02,2.022220940621439755e-01,2.872952310530121345e-01,2.953749915379988988e-01,2.395561059295242823e-01,2.222723644060612125e-01,3.791390397293493142e-01,3.726835051825633793e-01,1.565404341650585007e-01,4.089028424613540547e-01,5.403789162352242575e-02,-7.581357179583035621e-02,1.967005522006886331e-01,1.662656881168189937e-01,5.570682810085354486e-01,3.292416713013346929e-01,2.954992047015624346e-01,-8.593290851430705757e-02,2.348511162529837160e-02,1.697285911243022749e-01,2.508065888674417265e-01,2.118584966982951234e-01,5.689055151212001754e-02,9.596296811242724378e-02,4.533646689145974240e-01,2.151344442343054719e-02,7.162382415958992166e-01,9.852057603748468062e-02,4.948102303988294870e-01,2.348015113326547103e-03,6.712819738682628268e-01,1.723184443635661922e-01,5.326054192043313540e-01,-4.647422607303766662e-02,8.849706835541303052e-02,2.328154168453414052e-01,3.223114972886961249e-01,3.571042495739791822e-01,1.747657912433776550e-01,2.506846292136611365e-01,4.391305437458853378e-01,4.190585937926772364e-01,1.025197254941217356e-01,4.381144861793500045e-01,7.109765335313644741e-02,-3.642553620927972691e-02,9.095077613300317498e-02,1.154027005352276369e-01,5.543713009377017054e-01,3.421022249240899260e-01,4.145929045608948149e-01,-7.122891268113169805e-02,8.393106813260628463e-02,1.492379946551766201e-01,3.381298738810182281e-01
2.815857378626357987e-01,-6.553202401953529821e-02,6.891456493915546488e-01,3.238350705284150366e-01,-7.025483605105914062e-03,2.849086824818200525e-01,1.000000000000000000e+00,6.517862428826831644e-01,4.934480822233272557e-01,2.993484414492298407e-01,3.769554990057990551e-01,3.663575441671205191e-01,1.739331919396910342e-01,5.393564264685578591e-01,2.952884488275407393e-01,1.475808709173998534e-01,3.402969953084442611e-01,4.701252067539975488e-01,2.859753089747423260e-01,3.612463027473576394e-01,1.697955785831962716e-01,2.736509828225263119e-01,1.803418782632202066e-01,7.063419802985458906e-01,-7.213968958568387282e-03,7.224129254544664480e-01,5.391172864266956521e-01,3.312040154380650470e-01,1.582085152316715926e-01,5.717496556783839834e-01,8.599308927049399698e-02,9.395274966898180258e-02,3.700273336354670262e-02,1.153329901277114905e-02,1.307367954802367283e-01,-1.794937457235387668e-02,5.265041527184260994e-01,2.588177826153090777e-01,-3.388173934251702876e-03,1.991983318080881304e-01,6.408407933789702637e-01,2.394240691722157310e-01,3.561020242601308783e-01,2.335852266537114807e-01,1.200360574883282266e-01,2.780932726800059984e-01,7.988635949391056923e-02,4.240068594158634685e-01,2.275600376168588346e-01,1.351140549604122332e-01,1.212463385547818823e-01,2.898597214249785670e-01,9.313200049633552080e-02,3.012344625576609536e-01,2.466217417699498593e-01,5.975517918013847907e-02,1.111850923141775305e-01,4.947022417704317609e-01,-7.993272244307388086e-02,2.852907038501154569e-01,2.034048289156679956e-01,1.753837668629521229e-01,7.374580075848123639e-02,1.529238066120984785e-01,-1.161485696974813436e-01,7.386922498635312140e-02,7.451245118958617353e-02,3.428751262306130310e-02
4.520499773379253461e-01,9.217550426558009102e-02,4.712198971233356182e-01,3.569269921530169309e-01,1.696656887850423179e-01,4.155232581579009765e-01,6.517862428826831644e-01,1.000000000000000000e+00,1.200922128915304365e-01,2.712294051135388240e-01,4.471592009798814327e-01,2.899134272105021171e-01,-1.276669372459912112e-02,3.017854834853719859e-01,1.955836237457174442e-01,2.632937305366010450e-01,4.910296746961111403e-01,5.914516048907394463e-01,3.715177218237867285e-01,2.880734701640087492e-01,2.896697698114417130e-01,2.125943159048966635e-01,3.256750322227735528e-01,2.550624460311352038e-01,-6.352607599757482959e-02,5.911372258482389119e-01,4.374948021286860778e-01,5.253585021633032648e-01,2.505058648348631456e-01,6.552576602094601910e-01,-1.954414659939387455e-01,7.347998835989798250e-02,5.527125925470239426e-02,2.031969210721661645e-01,1.680330283646288281e-01,6.498675615324697730e-02,2.354641338075127432e-01,3.599936657771183879e-01,5.813490247536799022e-02,3.477701061666013116e-01,2.457979823966011390e-01,5.037396337591376616e-01,3.462875401360419186e-02,2.562145374429585232e-01,1.885937789922532970e-01,2.793559378233334001e-01,-6.873286541667759930e-02,1.522893931072851481e-01,1.223121332112265119e-01,2.677475538890928264e-01,3.276139625163760893e-01,2.359405091564657220e-01,1.068235275958264174e-01,2.498509826824551472e-01,3.730367388065038425e-01,7.878693904279703009e-02,3.176660777336225983e-01,1.108844074232088195e-01,-1.512624760875771190e-01,1.190101554543789297e-01,-2.502751555911486223e-02,4.144241707557367871e-01,1.569199357019413210e-01,3.898654709122181261e-01,-3.277481390587043131e-01,1.132440534958564782e-01,5.865875153253026497e-02,2.757602133269799194e-01
-4.499730415147460555e-02,-8.449658573852114607e-02,3.436797268193892974e-01,1.084703355325999097e-01,-8.359951870134536833e-02,-4.822034832619349204e-02,4.934480822233272557e-01,1.200922128915304365e-01,1.000000000000000000e+00,2.395673533299545049e-02,1.323729592018047518e-01,1.390539104522358349e-01,2.876273238700846058e-01,3.323361182548165704e-01,1.903496788788097971e-01,5.838397421384905646e-03,-2.063368391924486067e-02,1.719563451892377678e-02,3.351855115989042788e-02,1.517499674439208301e-01,1.209809333124125218e-02,2.605218150889508366e-01,-2.562733733544293041e-02,6.530193981858395391e-01,1.485595840078544894e-01,3.388667274173537969e-01,2.771538061870096326e-01,-4.233087625985385710e-02,3.513455511212820043e-02,1.482766931164393454e-01,1.572344078943380963e-01,6.458240375690350865e-02,3.046611156121113023e-02,-1.186846280494639749e-02,-2.078721331247862514e-02,-2.085357383463971523e-02,3.162674113063532189e-01,4.002070608633475496e-02,-3.267597854079271839e-03,-7.681268314277515941e-02,4.658241852170922903e-01,-8.309459219070976232e-02,5.017123374629668398e-01,-3.035417194419487083e-02,3.839406259541344041e-02,5.450791971074468029e-02,2.651514899428086824e-01,3.253227798149480599e-01,1.801902307915711487e-01,4.548888193823007187e-03,-1.437393312117134225e-01,6.356419165886330325e-02,-4.576941187328878446e-02,1.062751627400756599e-01,3.682932409088280484e-02,1.202822302749835398e-01,-1.041925800862547880e-01,5.388669495202557114e-01,1.481837749691265471e-01,2.232447074426619493e-01,1.949469804225733571e-01,-1.194879868260036587e-01,4.954756482853812927e-02,-1.133513707551577487e-01,5.951179627504231406e-02,2.179749018744380970e-02,7.702416293025980687e-02,-8.672211791086047172e-02
2.968773379777561727e-01,1.120375068717890249e-01,2.206476025961474352e-01,3.990313048188242617e-01,-2.086946606594441023e-03,6.832087416853368511e-01,2.993484414492298407e-01,2.712294051135388240e-01,2.395673533299545049e-02,1.000000000000000000e+00,1.577251091537658356e-01,4.812570327041429952e-01,-1.499217922940569159e-01,1.890265421693223813e-01,1.091120866092807895e-01,2.888998407005745617e-01,2.998345941746877186e-01,2.030268138624034269e-01,2.795906655546760433e-01,5.046684138698003252e-01,3.272351876481001676e-01,8.984320289358142808e-02,3.713789449953867616e-01,1.296874346693707991e-01,-1.283100245677570861e-01,2.552905473794612190e-01,2.484637489784604636e-01,4.289443503016797110e-01,2.973374320995696429e-01,2.164905774296188301e-01,1.014520923921558293e-01,3.087405578742020290e-02,1.603195798333831856e-01,8.291918086231092611e-02,2.602623480969010750e-01,-1.584097667495922013e-02,2.513505259387520119e-01,4.054328036019643755e-01,-7.051396619373216657e-02,5.659112455300073785e-01,2.235330352840659007e-01,4.317020075553427150e-01,6.600835036601185313e-02,8.341099043456501327e-01,1.529740381041763408e-01,5.292260171637578337e-01,-6.551253321221506276e-02,2.329006241754576489e-01,1.500441256513618538e-01,2.182903979396423055e-01,3.104250041908163671e-01,2.663551224060833333e-01,3.452957325909705721e-01,5.311351973394538017e-01,3.509647241372812476e-01,4.802557110880331659e-02,3.916204602342561736e-01,1.281123054495235947e-01,-3.661435589425317272e-02,1.878581557281636394e-01,2.834653197972873961e-01,4.505151796727280833e-01,3.005447495317679629e-01,2.878970516076158614e-01,1.268172740099192120e-01,1.724475042315077797e-02,1.111868792179704496e-01,1.738916854931112921e-01
3.150356698185616255e-01,1.132109499305402611e-01,3.732101176821546740e-01,1.968895093626076287e-01,6.418997135664256115e-02,1.819511616371086160e-01,3.769554990057990551e-01,4.471592009798814327e-01,1.323729592018047518e-01,1.577251091537658356e-01,1.000000000000000000e+00,1.869693512942839364e-01,8.148443548781858503e-02,2.685691490790020342e-01,1.332195393565837049e-01,1.474583816144785509e-01,4.100397437724858096e-01,4.610836824720712657e-01,4.269850515192127327e-01,2.263044513788793344e-01,1.563082045511061668e-01,1.851361012377035764e-01,1.529322900980699118e-01,2.122487777109204610e-01,5.332574727509582779e-02,4.905735446162070579e-01,4.086258935338538123e-01,1.817297604493314789e-01,2.143866985171629658e-01,4.244736146308048519e-01,-4.021437659429153572e-02,6.260471269252593229e-02,1.234264437720660745e-01,2.224334105303024944e-01,1.213133156446924571e-01,9.196482184391976955e-02,1.615680488870805398e-01,1.676705955656079550e-01,-1.073804469143576322e-02,1.343803693931024945e-01,1.744644851625336557e-01,2.174737307489094384e-01,8.347041163103298411e-02,1.076660998959175497e-01,2.598401000053125465e-01,1.587268729797040590e-01,-1.597211201800276259e-02,1.635058374053925956e-01,9.323315653239784562e-02,1.455032137024664940e-01,2.015539419980637015e-01,2.504058913702659761e-01,2.153158183421151894e-01,1.992259068297641267e-01,1.849006562695772182e-01,7.131371066604649811e-02,1.221356652875455057e-01,4.988797937527900822e-02,3.110987451707323756e-02,1.275877725607275082e-01,6.238901411147195625e-02,1.222172550348971237e-01,1.130172856305193402e-01,1.552170973241800422e-01,-1.520137162194939162e-01,4.002638033837226106e-02,9.281252591241102856e-02,1.964196677544081393e-01
2.817534232545952366e-01,1.640904157614039849e-01,3.205451991563642022e-01,7.493951821573683336e-01,4.725630166929767340e-02,4.532763983585240131e-01,3.663575441671205191e-01,2.899134272105021171e-01,1.390539104522358349e-01,4.812570327041429952e-01,1.869693512942839364e-01,1.000000000000000000e+00,-9.537510309608808468e-02,1.732607605871734624e-01,2.236851563030382295e-01,2.007101638339310046e-01,3.355955775927774720e-01,1.594162914229411698e-01,2.520711992954494107e-01,8.183619295608527411e-01,2.263662208682540589e-01,2.639883924327408593e-01,3.273471780472477777e-01,3.620635683440875385e-01,-4.349758599782043052e-03,4.190076584996363374e-01,3.428695240713826031e-01,4.442908248448566022e-01,2.601430633043251839e-01,3.549740564365807538e-01,8.099125473444533652e-02,-1.037256350321823575e-02,1.328451631173336311e-01,1.747892443864030865e-01,2.841034324141314960e-01,1.204520543713514386e-01,2.368661925007610192e-01,6.966434067842253164e-01,-1.891047121710998438e-02,3.623198119084546920e-01,2.425128652200623236e-01,2.321486862775124782e-01,1.547364907657365063e-01,3.603400532360145903e-01,1.496172126545192715e-01,7.825028640009219494e-01,-7.237969326683621474e-02,1.379713292414553316e-01,2.039077345539483388e-01,1.822539027899302000e-01,3.295147948479867916e-01,9.611499254319330610e-02,2.545388880785102170e-01,7.764380917191646692e-01,2.399968649655051522e-01,1.629557454569116604e-01,2.813921625109250813e-01,3.406799864970074254e-01,-5.988958267317163152e-03,2.575429714161971972e-01,2.798495762023118227e-01,3.320976426566147888e-01,2.456051485404512902e-01,3.041121858448532778e-01,-6.490946818648238303e-02,5.832750187730760885e-03,1.240888629136537719e-01,2.557606451958203131e-01
-1.548395434601736731e-01,-9.913599528613513401e-02,6.435056174260211925e-02,-1.727987187443268402e-01,-1.031485387950496248e-02,-1.256439237919763641e-01,1.739331919396910342e-01,-1.276669372459912112e-02,2.876273238700846058e-01,-1.499217922940569159e-01,8.148443548781858503e-02,-9.537510309608808468e-02,1.000000000000000000e+00,1.477631540387851494e-01,1.383581839570489080e-01,-2.582688468792505854e-02,-1.732015850477861552e-01,-1.258427405519850148e-02,-1.704194031596908965e-02,-8.555086889047744392e-02,-5.258133580847289268e-02,3.305094988862928435e-02,-1.439233815648958414e-01,2.231538474879541378e-01,2.668079394999342546e-01,-1.513551026734050002e-02,9.586286770895903475e-02,-2.977512249364332453e-01,-2.638342359116934918e-02,-1.538018441666625935e-01,6.886876291148552598e-02,1.135633238088030461e-01,1.707996338563425726e-02,-3.470967639355121426e-02,-1.954861837287630022e-01,-6.463562498638332487e-02,-5.597099598411939964e-02,-1.991119077028372375e-01,3.491717211010651051e-02,-1.266225405851855446e-01,7.015753433218294144e-02,-2.475498116283535721e-01,2.627825231682969775e-01,-1.957790359992465923e-01,-7.940975192795313164e-02,-1.508578129928364320e-01,3.528140608736848871e-01,1.022410249857711867e-01,1.576908921324562951e-01,-3.219563525727556219e-02,-2.858727651127342950e-01,-6.593422232220737256e-02,-2.271988402233260096e-01,-1.192778466903726270e-01,-6.022511245697397680e-02,-8.886382864887769351e-02,-1.774012902609335973e-01,1.004205015395842199e-01,1.696646531716834161e-01,-1.766616255162474225e-01,-5.376431519904382311e-02,-3.289214051054856758e-01,-1.260563750221020858e-02,-3.021641228412630942e-01,-2.784754955931342292e-03,1.187805511364768696e-01,7.067995586724780399e-02,-1.286181168767676075e-01
3.674935426770503666e-01,-9.858353589580626242e-02,5.776752026431796194e-01,7.635039890748014646e-02,-9.372111315804705634e-02,6.037912641335921315e-02,5.393564264685578591e-01,3.017854834853719859e-01,3.323361182548165704e-01,1.890265421693223813e-01,2.685691490790020342e-01,1.732607605871734624e-01,1.477631540387851494e-01,1.000000000000000000e+00,5.327113080035144471e-02,1.069870257996138607e-01,3.265361971187497603e-01,3.674434897352440998e-01,4.468182446441446576e-01,2.220266610885229808e-01,1.474754282900634650e-01,8.299264618395092719e-02,2.604028947909281175e-02,3.928834906417770223e-01,-4.056781008594698146e-02,4.633938749117479938e-01,6.316534627422106807e-01,-4.371602158149144601e-02,2.414132516943347795e-01,3.737699570467841181e-01,3.195716779730787271e-01,1.289465582590988424e-01,1.806852233537498825e-02,-1.461761878982818230e-01,2.517563547494005016e-01,-9.292968121300496098e-02,2.907456973131609113e-01,2.821418476116194229e-02,-5.193240207334702541e-02,-2.622207046041957756e-02,3.926401613011433755e-01,1.096751213327941260e-01,1.888334207143952670e-01,1.325441098580835975e-01,-6.167668175340037390e-02,1.221487520302016877e-01,-2.716854169989684972e-02,5.536638162016590536e-01,-4.343843339475942159e-03,6.074658412717316019e-02,-1.228200930875147784e-01,2.494078943298831397e-01,9.055120779877649795e-02,1.607612641628674566e-01,1.310878060936892797e-01,-1.333492720570024492e-01,-3.550455015134418302e-02,1.614703308723175468e-01,-4.838258436179302541e-02,2.575588134382002670e-03,2.843208594039015047e-01,-8.334909272135296310e-02,9.555213199752497777e-02,-1.702208111306907912e-01,1.799500916608091916e-01,3.635988599119070741e-02,6.569474082508339197e-02,-1.599637441543278193e-01
3.156495150033743202e-02,5.878333450933388715e-02,1.748571821211477029e-01,1.595747117301454243e-01,1.368093118500519068e-01,2.022220940621439755e-01,2.952884488275407393e-01,1.955836237457174442e-01,1.903496788788097971e-01,1.091120866092807895e-01,1.332195393565837049e-01,2.236851563030382295e-01,1.383581839570489080e-01,5.327113080035144471e-02,1.000000000000000000e+00,7.426117379895687265e-02,9.130118813444074166e-02,1.025412861247909646e-01,1.024552687116906530e-01,1.703133281157753753e-01,1.055253266185143535e-01,1.499086843700391247e-01,1.058637221205258189e-01,2.602389764386288662e-01,1.013170444437918177e-01,1.788128865300531722e-01,1.687388245430089251e-01,1.325420113427746294e-01,9.982198504703461428e-02,1.132917723092622814e-01,-7.729966990327519216e-02,1.511221258953401522e-02,8.157278838455897518e-02,1.544234629080823984e-01,2.050229353798129969e-02,5.584837332326781506e-02,9.836410008275443817e-02,1.391792473501555216e-01,5.858186122951274805e-02,1.665118691442188936e-01,1.607532361769350993e-01,5.261479005259448588e-02,2.088591913833331704e-01,7.110144010826228989e-02,2.444949096277240427e-02,1.761000940841941087e-01,1.163020866017127619e-01,1.079069804226735346e-01,2.403111863476112275e-01,9.789848815212046085e-02,7.623302482727378759e-02,9.505708097692761732e-03,-2.040076389347231234e-02,1.502430982825703476e-01,1.204817271117772648e-01,8.026900414190749067e-02,9.977340295736879250e-02,2.292298890798572797e-01,4.515770729881993933e-02,4.563215348704125623e-02,5.105919521878727468e-02,7.907266923858860541e-02,1.252978871162021834e-01,7.604249311468040673e-02,-1.404825783939495087e-01,1.052084491829453766e-01,1.140082712044073326e-01,1.489867600266346348e-01
2.257799638241076989e-01,1.269734927452876028e-01,1.259518559749910060e-01,2.651280324922631881e-01,1.180087775551906526e-01,2.872952310530121345e-01,1.475808709173998534e-01,2.632937305366010450e-01,5.838397421384905646e-03,2.888998407005745617e-01,1.474583816144785509e-01,2.007101638339310046e-01,-2.582688468792505854e-02,1.069870257996138607e-01,7.426117379895687265e-02,1.000000000000000000e+00,2.207153465723263597e-01,1.286531932253006105e-01,2.083535461083653728e-01,2.109244918204059849e-01,5.116525878656620341e-01,2.083328964878883860e-01,4.555011514071532486e-01,6.716703811797938850e-02,-1.155912058484498059e-02,1.955402390312681038e-01,2.215797653236829812e-01,2.953918745293675485e-01,2.840391296698560608e-01,2.636565123613461292e-01,-5.737122975823241017e-02,2.288778302290185931e-02,1.173464114560500704e-01,2.317962535651550970e-01,1.825216366722990924e-01,6.022807940672970234e-02,2.657169730267853330e-02,3.034837694599746283e-01,-6.971654260601698946e-03,2.869456392012060819e-01,3.242800503036712828e-02,2.914619176130978651e-01,1.029428992020393332e-03,3.357380739257778690e-01,7.815863569998518501e-02,2.507079206371033986e-01,1.001089800217162123e-02,5.671668657317558565e-02,3.623766922998012535e-02,4.587014338413393233e-01,1.926658320477204200e-01,2.671170229674069835e-02,1.185643663754300386e-01,2.413144709610163807e-01,5.205318649936206965e-01,1.559220865950477208e-01,4.197574051486038238e-01,3.925320356617990891e-02,4.627919963163985850e-02,6.527527303990500462e-02,9.279384512484126213e-02,3.387020548477230331e-01,2.645989637348724610e-01,3.162493000878186522e-01,-1.130043775305625414e-01,7.477236130522031676e-02,1.313142326368827717e-01,2.811793193826160886e-01
6.247956986935857548e-01,1.974292309143863000e-01,5.120696685294174877e-01,3.304999331667534124e-01,7.026354300187080681e-02,2.953749915379988988e-01,3.402969953084442611e-01,4.910296746961111403e-01,-2.063368391924486067e-02,2.998345941746877186e-01,4.100397437724858096e-01,3.355955775927774720e-01,-1.732015850477861552e-01,3.265361971187497603e-01,9.130118813444074166e-02,2.207153465723263597e-01,1.000000000000000000e+00,5.086298050220162681e-01,7.056338746405105278e-01,3.654278623973978291e-01,3.046642151142427979e-01,1.975743201092032553e-01,3.268346123004874371e-01,9.650513280718089892e-02,-1.177468022687632176e-01,5.639172304461852470e-01,5.728282348884131681e-01,3.694626205867624358e-01,3.168473930112528092e-01,5.765650438370368835e-01,-3.453210988561024666e-03,2.985663793971442357e-03,6.852258144087601532e-02,2.282631311250283568e-01,3.454974647953706346e-01,1.112963136841948752e-01,1.225285348781581796e-01,3.117243063355354393e-01,-5.359994819679574085e-03,2.239890000172184426e-01,7.242109139307113808e-02,3.500140964145331823e-01,-9.887408742262386585e-02,2.443317085612102257e-01,1.623239650177333293e-01,3.114088925415793851e-01,-2.323840499325805498e-01,9.841394679824823355e-02,-2.674789940855050018e-03,2.179987796022889168e-01,4.533255237158018702e-01,1.883204028743556135e-01,3.298244375203900347e-01,3.042079335735471401e-01,3.328425974403570464e-01,5.433061930426377056e-02,3.110678006727150557e-01,-2.873995231667256928e-02,-1.068281477173013416e-01,5.603103082332887286e-02,1.145600639930051262e-01,3.172972500638999160e-01,1.974773812879460633e-01,3.126532170441663205e-01,-1.759417387794505738e-01,4.532853164548935471e-02,5.508086806904505250e-02,2.675802590747007326e-01
4.047205241460333225e-01,9.082066136261965003e-03,4.466133382574528632e-01,1.159051474209867316e-01,4.486547838940340566e-02,2.395561059295242823e-01,4.701252067539975488e-01,5.914516048907394463e-01,1.719563451892377678e-02,2.030268138624034269e-01,4.610836824720712657e-01,1.594162914229411698e-01,-1.258427405519850148e-02,3.674434897352440998e-01,1.025412861247909646e-01,1.286531932253006105e-01,5.086298050220162681e-01,1.000000000000000000e+00,5.337605596511502126e-01,1.584304854343913938e-01,1.584384403288064680e-01,5.683091575293147679e-02,1.349278210628673258e-01,5.147508814719499448e-02,-1.394666036117972741e-01,5.046158880587794382e-01,4.690782713655207714e-01,1.486354587460518017e-01,1.718511189288945140e-01,4.388553051272751637e-01,-6.138320884431781171e-02,5.711584493816347641e-02,5.179724136419641689e-02,7.034144669398668948e-02,1.247820924370953294e-01,-9.084763976356656154e-03,1.076496346235148449e-01,8.944567826424074108e-02,1.318872737912921145e-02,1.550076600155218254e-01,5.437628346694351605e-02,2.440251284960665290e-01,-1.385193754069589667e-01,1.334285239315537164e-01,1.091994009882154004e-01,1.070650846153428232e-01,-1.249595688357623274e-01,1.125349690113605777e-01,2.387580096744609109e-02,1.287653785408794938e-01,2.151202004285087122e-01,3.152054662906100813e-01,1.541963768368843357e-01,9.806408649290321300e-02,1.904532447884123569e-01,-1.045411933712419028e-01,1.080969053646758798e-01,-1.827233499732143773e-01,-1.830582307538755060e-01,-8.704491029426873749e-02,-6.339790710799396434e-02,7.622436519239952912e-02,6.054137694621893051e-02,8.658057553249826066e-02,-2.059661792723997409e-01,7.293286870106151232e-02,6.318461565128788426e-02,9.208531256109461771e-02
6.102801096524311797e-01,1.564627584011706041e-01,4.928445764610322466e-01,1.943353517881594161e-01,5.037875989492671819e-02,2.222723644060612125e-01,2.859753089747423260e-01,3.715177218237867285e-01,3.351855115989042788e-02,2.795906655546760433e-01,4.269850515192127327e-01,2.520711992954494107e-01,-1.704194031596908965e-02,4.468182446441446576e-01,1.024552687116906530e-01,2.083535461083653728e-01,7.056338746405105278e-01,5.337605596511502126e-01,1.000000000000000000e+00,3.014729911879401314e-01,2.915103419011537689e-01,1.371499054032950526e-01,1.921201907726316216e-01,6.116941883684713643e-02,-5.508717884162799006e-02,4.867225930276639079e-01,5.967834878160264145e-01,1.370076996263631663e-01,3.454578491251088512e-01,3.886899959221791767e-01,5.440614212853164128e-02,7.285013393138148330e-02,7.889862609804026983e-02,1.688922929348215252e-01,3.914628580650683642e-01,9.652482318556264429e-02,4.521824018042146925e-02,1.622928736684624285e-01,-3.494833154731871727e-02,1.436505392971808015e-01,2.984769867667097856e-02,2.548038244977430256e-01,-5.003882024940797119e-02,2.053600220193265435e-01,1.248035309977762880e-01,2.274925397684393336e-01,-1.406436882549844947e-01,2.108848722763503880e-01,-1.292347477241575539e-02,2.038362779492887134e-01,3.125654430342352796e-01,2.102746760848341334e-01,3.899532443198440168e-01,2.313602939252207003e-01,2.895159201585110753e-01,-3.903780181280364775e-02,2.029030342096795614e-01,-1.170667742731832522e-01,-4.894398744117688105e-02,-8.241786488412851386e-02,1.395904959221621611e-01,1.088855259376496909e-01,2.455814243363990679e-01,9.681014015900069047e-02,-8.580685846941192574e-02,5.579520571000446544e-02,9.021502083889043622e-02,1.556520497205665654e-01
3.026975059872059615e-01,1.474744770562497198e-01,3.752871453749558328e-01,7.281770940527739766e-01,1.115671600625012944e-02,3.791390397293493142e-01,3.612463027473576394e-01,2.880734701640087492e-01,1.517499674439208301e-01,5.046684138698003252e-01,2.263044513788793344e-01,8.183619295608527411e-01,-8.555086889047744392e-02,2.220266610885229808e-01,1.703133281157753753e-01,2.109244918204059849e-01,3.654278623973978291e-01,1.584304854343913938e-01,3.014729911879401314e-01,1.000000000000000000e+00,2.303589226493773234e-01,2.329980017474402310e-01,2.880808403726324851e-01,3.518008354767984125e-01,-1.390520778638604238e-02,4.581494360508715502e-01,4.058567040572986229e-01,3.774300084456683191e-01,2.354057788527270101e-01,3.720376749864139909e-01,1.357349564908846840e-01,8.098068808594973897e-03,1.165744328584449180e-01,1.516881183053710447e-01,2.948452819057359453e-01,1.185655344938296302e-01,3.122458784880283722e-01,6.587967861761329091e-01,-3.621629371237584938e-02,2.799109580831983246e-01,3.031740006267318321e-01,2.329352268090296163e-01,1.811825715317273433e-01,3.601741205578044558e-01,1.766534782973588624e-01,7.437288001839429397e-01,-5.303794299027620590e-02,1.958729946222705354e-01,1.637851743040867336e-01,1.581298332842658028e-01,3.455914856570356797e-01,1.665765085105395671e-01,2.979090742284726812e-01,8.594060392193589859e-01,2.447758934555991917e-01,1.599782506865085885e-01,2.541347119635744001e-01,3.468302721776626019e-01,1.824856425309970623e-02,3.357359930672633164e-01,3.606521040675475520e-01,2.696690664410897886e-01,2.128733511846154225e-01,2.743680997173494895e-01,-3.240395548065899689e-02,-3.572508129483828888e-03,1.131540761201886014e-01,2.326560297991847881e-01
3.349019412473864254e-01,1.817354200743585835e-01,1.844725140911160355e-01,3.022598471595197567e-01,1.196895256938813323e-01,3.726835051825633793e-01,1.697955785831962716e-01,2.896697698114417130e-01,1.209809333124125218e-02,3.272351876481001676e-01,1.563082045511061668e-01,2.263662208682540589e-01,-5.258133580847289268e-02,1.474754282900634650e-01,1.055253266185143535e-01,5.116525878656620341e-01,3.046642151142427979e-01,1.584384403288064680e-01,2.915103419011537689e-01,2.303589226493773234e-01,1.000000000000000000e+00,2.094543254151459977e-01,5.959730023974704194e-01,7.089174382925961249e-02,-7.423203476792042399e-02,2.330153266752094110e-01,2.976312408422970290e-01,3.677637052990818112e-01,3.911496704758311571e-01,3.135739894188236954e-01,-5.955528709179914310e-02,5.032383990662953055e-02,1.588914183176012296e-01,2.645666013258477500e-01,2.480538629150149388e-01,4.902372695277756182e-02,4.924955429336250190e-02,3.556707797775418012e-01,3.636972144969170817e-02,3.647406145900219943e-01,5.002115559914110943e-02,4.071753413338125016e-01,2.629751203942388635e-02,3.934720109646688835e-01,7.430050465354007261e-02,2.836171259854738946e-01,-2.188736158001016244e-02,9.673949560847150408e-02,5.179805851080934026e-02,5.468702882442094682e-01,2.432542983134131642e-01,3.585707013715969810e-02,1.814185171228257232e-01,2.582446586244709907e-01,7.696021919060896943e-01,1.266853873081819626e-01,5.492742557123988512e-01,4.546458605935779079e-02,2.896548941481271941e-02,9.086118860147626708e-02,1.424031096447273825e-01,4.231731560473333542e-01,3.530123848006673781e-01,3.782479098113499250e-01,-1.377453282059905304e-01,8.207549682215857512e-02,1.458197605849858303e-01,3.245091937871564247e-01
1.105819475832514887e-01,1.963684744609147659e-01,1.639147723484464247e-01,3.331100737387481803e-01,1.094583426239297136e-01,1.565404341650585007e-01,2.736509828225263119e-01,2.125943159048966635e-01,2.605218150889508366e-01,8.984320289358142808e-02,1.851361012377035764e-01,2.639883924327408593e-01,3.305094988862928435e-02,8.299264618395092719e-02,1.499086843700391247e-01,2.083328964878883860e-01,1.975743201092032553e-01,5.683091575293147679e-02,1.371499054032950526e-01,2.329980017474402310e-01,2.094543254151459977e-01,1.000000000000000000e+00,2.950500630929762114e-01,3.794405669355748190e-01,1.555328400662980559e-01,3.197265218995694602e-01,2.576330066077880399e-01,3.061703014937096623e-01,1.856372938313836374e-01,3.788606013300145348e-01,-1.851527772154359236e-02,3.122667511297829573e-03,1.226419866937107500e-01,2.727670950935996985e-01,2.048861571347189992e-01,1.501563419171413616e-01,1.200439864779408727e-01,3.381310239783170690e-01,6.981608343618088408e-02,1.803807992042519293e-01,2.237616074127366517e-01,1.782059650634423009e-01,2.384347409791924832e-01,1.211188699076980180e-01,1.602744410939042630e-01,2.677638466518504901e-01,8.467543939017627141e-02,1.175461418653542534e-01,9.629821382094153059e-02,2.253163713127630530e-01,2.389632976697080580e-01,-1.536242126999096472e-02,1.680601124675533686e-01,2.335805150870347568e-01,2.389815473674421209e-01,3.727169100492331855e-01,2.636045646054104297e-01,3.710155478148290942e-01,1.583256237735307936e-01,2.773721044498274058e-01,1.866823531648990064e-01,2.826245556472101184e-01,2.911877826169673722e-01,3.563982550736216059e-01,-1.341282708797885692e-01,6.497682700855766935e-02,1.852582632973817367e-01,3.203020658318909142e-01
3.270046240625649747e-01,2.633070714996911255e-01,1.241236220377644889e-01,4.446262572316517225e-01,1.372951674074776307e-01,4.089028424613540547e-01,1.803418782632202066e-01,3.256750322227735528e-01,-2.562733733544293041e-02,3.713789449953867616e-01,1.529322900980699118e-01,3.273471780472477777e-01,-1.439233815648958414e-01,2.604028947909281175e-02,1.058637221205258189e-01,4.555011514071532486e-01,3.268346123004874371e-01,1.349278210628673258e-01,1.921201907726316216e-01,2.880808403726324851e-01,5.959730023974704194e-01,2.950500630929762114e-01,1.000000000000000000e+00,9.502612981275611326e-02,-5.421962420868101790e-02,2.270915530655914505e-01,2.690983284413324128e-01,5.596434873744884353e-01,3.793730582386435346e-01,3.819902270506951858e-01,-1.375739167444588462e-01,2.322986752771287813e-02,1.822748163100023355e-01,3.228394869308292559e-01,2.020278258696738827e-01,1.220870702807319158e-01,1.528421013811843455e-02,4.979074939566843216e-01,6.189703929502893970e-02,3.937508587249776704e-01,-8.357214510534179130e-03,3.518313027019582817e-01,-3.350998215046539774e-02,4.249627434645826263e-01,1.102634060105558977e-01,3.870841595355224429e-01,-2.197111614215787462e-02,-4.094877615200498422e-02,8.040744477043074157e-02,4.897184748603320426e-01,3.211169179302023613e-01,-2.950408518497429564e-02,1.055406074492315077e-01,3.397521565910568975e-01,5.871940896403479160e-01,2.685580218562810262e-01,7.651846132874770001e-01,1.044831612793760828e-01,8.955611430777804527e-03,9.212339777319529521e-02,1.175966678387211362e-01,5.713194044665700355e-01,3.595582365682739590e-01,4.946117083560290228e-01,-2.320420448423582971e-01,8.052316331535121219e-02,1.556628668649105429e-01,4.222204442136611169e-01
