1.000000000000000000e+00 4.878374720730176417e-01 7.644270396768113596e-01 5.404015505967663113e-01 1.934831454585093091e-01 7.063563863086157468e-01 6.421108394361187965e-01 6.036590484567920800e-01 4.957093915385747951e-01 5.904469149185576082e-01 4.720840919821294168e-01 6.045534355866406528e-01 2.938631153615659519e-01 7.872519272282507696e-01 3.529470668016462254e-01 5.442577097909261363e-01 7.398471180616932319e-01 3.795393915569881815e-01 6.573317930334275916e-01 5.768488469938781726e-01 6.957767303799630154e-01 5.688513970560323818e-01 8.156051028238648914e-01 6.410749653392122660e-01 4.494141809978518531e-01 6.364865241013476505e-01 7.328382830014685823e-01 6.011301139927360815e-01 9.999447292114438390e-01 7.137547145485317879e-01 1.820028177838771410e-01 2.865177487764760667e-01 6.702420875999521854e-01 6.384465907561815978e-01 9.525248055174406758e-01 4.637714909836165855e-01 6.744263507340872987e-01 5.460915380824100662e-01 3.237068378535812863e-01 7.393979802920724875e-01 7.180059972767803833e-01 6.043445006182690538e-01 4.504686320459950766e-01 5.731206044290066970e-01 4.838197623916866141e-01 6.127993847140154049e-01 3.102938866441854460e-01 7.479536873053984625e-01 2.905970331393294415e-01 5.266403918950852692e-01 5.947708501027024752e-01 4.658178040827620214e-01 7.326959100942787018e-01 5.135360515028046802e-01 6.514082310599044190e-01 4.760324182305197827e-01 7.986147925884845566e-01 6.368272885420792617e-01 3.928171002171382264e-01 5.991596189792087745e-01 7.563139678492769580e-01 5.956447924887748879e-01 8.836386971324676765e-01 7.500241093409892867e-01 7.448206493458441046e-02 1.010986234977229448e-01 6.363976976172679434e-01 6.400061583049578839e-01
4.878374720730176417e-01 1.000000000000000000e+00 5.606063982179110283e-01 5.968583042506706571e-01 1.228752321761989175e-01 5.177867710486008246e-01 4.444644551092656326e-01 4.795707245954755615e-01 4.851670326824491508e-01 4.481350903383422013e-01 4.513524087587947320e-01 6.535298896549146530e-01 2.515668996204610819e-01 4.306242427250752680e-01 2.742720284859440083e-01 6.163742741488863475e-01 6.491975923931129211e-01 2.419400727106922888e-01 5.743048436558585434e-01 6.420047464688385386e-01 5.801495178273454734e-01 6.266749477482456143e-01 7.820102673584581332e-01 6.025016016296016463e-01 5.604214388508005351e-01 6.748308025669190746e-01 6.758163442095064255e-01 6.060700563615533110e-01 6.080339495311117837e-01 7.304571068752432339e-01 1.497331320375195063e-01 1.463453970648664615e-01 6.585867283094801738e-01 6.322846255687905037e-01 4.359865511232995927e-01 6.278490566510921411e-01 5.305145918767025792e-01 6.165023494974347651e-01 2.570008112971142178e-01 5.357619955190796590e-01 5.662485523184170866e-01 5.237619018867931686e-01 3.998462249360120735e-01 4.733699134151292953e-01 4.151011693952147974e-01 6.850423184312686153e-01 2.263654971294367657e-01 5.043821623293580636e-01 2.314562287110714933e-01 5.908504793839444158e-01 6.461446924569240746e-01 3.048809001519910411e-01 6.699813049575429336e-01 6.331646592242698990e-01 5.393100489435784795e-01 5.943025087577031851e-01 7.738959753769394379e-01 6.228428847292269976e-01 4.595294124691048920e-01 6.094845336196317298e-01 7.573356233521750802e-01 6.305487732118213451e-01 5.651962221977142597e-01 7.926916846528572203e-01 1.206715548176791331e-02 -2.336469600394796078e-02 6.818180598269740766e-01 6.996686728961086787e-01
7.644270396768113596e-01 5.606063982179110283e-01 1.000000000000000000e+00 5.543999659836074123e-01 1.974484440853439549e-01 6.561804674652900182e-01 1.203426993068368311e+00 8.989494322253386294e-01 8.127656374579240728e-01 7.132831167425071062e-01 6.848486112337778264e-01 6.837549444160990753e-01 4.244403755136672007e-01 1.066947856356849744e+00 4.170854686279629742e-01 6.079183851774442315e-01 9.790001599668960441e-01 7.930953783951736336e-01 8.409900061566066842e-01 7.351727230127037549e-01 6.637494063432363145e-01 8.124679871711906198e-01 9.334260114744923342e-01 9.658156007176053048e-01 6.123638620376788966e-01 1.154382078651389421e+00 1.341485079359288068e+00 6.619526219368084829e-01 8.668034400003717943e-01 8.770699349692887559e-01 2.720199460339319253e-01 2.565831504407903862e-01 7.116302132661611601e-01 6.043771064993622710e-01 7.805322158178840120e-01 4.819724130887955704e-01 1.037418216132709681e+00 5.858646385814451074e-01 3.730699943970687271e-01 7.379782482594807735e-01 1.101214340555590976e+00 8.281847343748677259e-01 7.060882772415734143e-01 7.589893177303680405e-01 7.491553047651851038e-01 7.083929349576578716e-01 4.916220944203463228e-01 1.105371449140410078e+00 2.959779896493081042e-01 5.436956426636649908e-01 8.182019218855560716e-01 8.003655869569200609e-01 7.786750054448934311e-01 7.320630795746270181e-01 6.669777817189439517e-01 6.148278054546780780e-01 9.026580150547106607e-01 8.825347051529082165e-01 5.120747103459968308e-01 8.590807651643187492e-01 1.130894565419441999e+00 7.654540569454650889e-01 8.519687714757184782e-01 8.209422202110471245e-01 2.178502574448523132e-01 9.353841308289648215e-02 7.763124147216245996e-01 6.386244285752895600e-01
5.404015505967663113e-01 5.968583042506706571e-01 5.543999659836074123e-01 1.000000000000000000e+00 1.688097817447195281e-01 7.398709945325814274e-01 5.639202605985855765e-01 5.110065713075506721e-01 5.174153700494295016e-01 6.719215826928005564e-01 4.456984984273651418e-01 1.252753316257375182e+00 2.216452148865710181e-01 4.468578205047856744e-01 3.339291155563061109e-01 5.829076382621706243e-01 5.320775494594190969e-01 2.450714473513179448e-01 4.504267065733508213e-01 1.043862422426686809e+00 6.708523640068102534e-01 5.940749915385084012e-01 7.650094899328520048e-01 7.531284424211449613e-01 4.566298215114286130e-01 6.634543660821202726e-01 5.860004533450319242e-01 8.904863346415584635e-01 5.816052264616266010e-01 6.208559055612510313e-01 1.351058028268023181e-01 1.454875168196997637e-01 5.787089627243406920e-01 5.517842267545940427e-01 5.059055382143581303e-01 4.992934741044888769e-01 5.163864918754086375e-01 1.383376753915863011e+00 2.879111788658388349e-01 7.271159610269717355e-01 6.448944103534618444e-01 5.831979140035117304e-01 4.610765017673130739e-01 6.868816151751155896e-01 3.789004311106188294e-01 1.274068847860998055e+00 1.894015896327658210e-01 4.904959323766581170e-01 2.241538829294167368e-01 5.867366804660228974e-01 5.326461115912037858e-01 3.026019084884565835e-01 5.687194188130169081e-01 9.562234541341161354e-01 6.663700300124300036e-01 5.133440741989215850e-01 7.861241789172247474e-01 7.558567538337030989e-01 3.773393700707460274e-01 6.031127256829800221e-01 6.357978401088877352e-01 9.037323135045793876e-01 5.645316642565882947e-01 6.983585938753100741e-01 9.063825528108682139e-02 9.312997568207210392e-03 5.900682605104727863e-01 6.025443252384522497e-01
1.934831454585093091e-01 1.228752321761989175e-01 1.974484440853439549e-01 1.688097817447195281e-01 1.000000000000000000e+00 2.084861342258746419e-01 1.719709313868293676e-01 1.977451660077017004e-01 1.305084342637413408e-01 1.252617894564571066e-01 1.911353331742893791e-01 1.828182894587802587e-01 9.361926357135083587e-02 1.961913035378484715e-01 1.605162611291717500e-01 1.705498129454611766e-01 1.944185813253510309e-01 1.448859249181653763e-01 1.673343362056890216e-01 1.752868544418258456e-01 1.848666731177223133e-01 1.553927757905336493e-01 2.215723458119253642e-01 1.659686969664237177e-01 1.485286203143887929e-01 1.822673711501370530e-01 2.124969504553468058e-01 1.594533155076840181e-01 2.206091722155807677e-01 1.869190858351849061e-01 4.217774000235172127e-02 1.336842345384419706e-01 1.842644791494660039e-01 1.708613192898427724e-01 1.819334994970152053e-01 1.468898948219866107e-01 1.804088003205878143e-01 1.609120063963605796e-01 1.387575753812992363e-01 2.083965085802888528e-01 1.739302903182644300e-01 1.697955941384036993e-01 1.080737582102484079e-01 1.393092449781719588e-01 1.626439083183959244e-01 1.825776047631629539e-01 1.274270112697010460e-01 2.002426534404415093e-01 1.147821200702834610e-01 1.764254666536187177e-01 1.881108593808207829e-01 1.537896909493360331e-01 1.866432715959958633e-01 1.604819078842259772e-01 1.855986699087085190e-01 1.385636419391631236e-01 2.252229469756062141e-01 1.634525857881274358e-01 1.269172059681175357e-01 1.518691120039542264e-01 2.105624749295762765e-01 1.670019526344014849e-01 2.175370937919725856e-01 1.994207469838985558e-01 3.495235281103387104e-02 5.085482727318154511e-02 1.894266674765513470e-01 1.851007892427944390e-01
7.063563863086157468e-01 5.177867710486008246e-01 6.561804674652900182e-01 7.398709945325814274e-01 2.084861342258746419e-01 1.000000000000000000e+00 6.601895288278777363e-01 7.203463830516765309e-01 4.916296224436612072e-01 7.781464671782346576e-01 5.053617025553333031e-01 8.460562541430702854e-01 2.122460589487183413e-01 6.047151277713520567e-01 4.285443360606590590e-01 5.489706135894486527e-01 6.100795141804945532e-01 3.192440325792940126e-01 5.319328336036270866e-01 7.231882934083009307e-01 6.380375628381353970e-01 5.928197676691365769e-01 7.961957610379815087e-01 6.602979087419507120e-01 4.312095707902227071e-01 6.702167985771859682e-01 6.144538101941764419e-01 8.432655305576525206e-01 7.236860913290615871e-01 7.229109654919332328e-01 1.470848592591560144e-01 2.268627484114253412e-01 6.121356223146132702e-01 5.632800683004289821e-01 6.598143180709616917e-01 4.643045444594380289e-01 6.978653438775594964e-01 7.044509481002269036e-01 3.275590451101353939e-01 1.058610857373233127e+00 8.086412216309111223e-01 7.605495438878246972e-01 4.608031693155364983e-01 7.346189848412556511e-01 4.847566498768125509e-01 8.312903445590918983e-01 2.281017256805836779e-01 6.958524387461593186e-01 3.234088704859421903e-01 5.233792813150002221e-01 6.402118043005091685e-01 4.846411916603278192e-01 7.007453779512794467e-01 6.093646210481360459e-01 5.961363278583303726e-01 5.307936542427684756e-01 7.781460232548798039e-01 7.028874595803413783e-01 4.002291645097010298e-01 7.422316066635710197e-01 7.484034097558093235e-01 8.643507254679443363e-01 6.775011863833378944e-01 7.857497240379447412e-01 1.240811336799885756e-01 9.163644722250660624e-02 5.900470113345727130e-01 6.118389655043104947e-01
6.421108394361187965e-01 4.444644551092656326e-01 1.203426993068368311e+00 5.639202605985855765e-01 1.719709313868293676e-01 6.601895288278777363e-01 1.000000000000000000e+00 9.391650823332226006e-01 9.056962505732875091e-01 7.143010402797631553e-01 6.324059509579076366e-01 6.698784524928153017e-01 4.432005892528064761e-01 1.137720606940862744e+00 3.954030304738611057e-01 5.476121367296565845e-01 6.664082010260345967e-01 7.932013098693782016e-01 5.858867940922729556e-01 7.108850524102472423e-01 5.845250725932145119e-01 7.771763678259624442e-01 7.472381015770952484e-01 1.149207159560645231e+00 5.638631474787173525e-01 1.024047644150610559e+00 1.080618122132475101e+00 6.867549783131721153e-01 6.745332863132559309e-01 7.530010811501318679e-01 3.088493013593093250e-01 2.348967344241049693e-01 6.062060933858531842e-01 4.369177655875280397e-01 6.497074279797675489e-01 3.658592952642498175e-01 8.770490230074025062e-01 5.709798635271081668e-01 3.373737730836789961e-01 7.143686078382711635e-01 1.309713827667164487e+00 8.415939944290271590e-01 8.169153775775900295e-01 7.409264980465111172e-01 6.584833934144104228e-01 6.917358270967027822e-01 4.965301953077440600e-01 1.118602601278456454e+00 2.651643433131332661e-01 4.832647649895634445e-01 5.935211608426327334e-01 7.514975311867639896e-01 5.440736296918677883e-01 7.088400423674684481e-01 5.989940914823013163e-01 5.908121623747739637e-01 7.133450447698972408e-01 1.038894264224567543e+00 4.495553717406950978e-01 7.923181419448906970e-01 9.121776787563492528e-01 7.928849414210014102e-01 6.608936632457464988e-01 6.503924558370345332e-01 2.981874598107658314e-01 1.075712506836661447e-01 6.565949764819276613e-01 4.755093155157735785e-01
6.036590484567920800e-01 4.795707245954755615e-01 8.989494322253386294e-01 5.110065713075506721e-01 1.977451660077017004e-01 7.203463830516765309e-01 9.391650823332226006e-01 1.000000000000000000e+00 5.725162241621271075e-01 5.809566528496009630e-01 6.694263204544588231e-01 6.096773932841285104e-01 2.719330999290163753e-01 8.404192278583337838e-01 3.687126174462609374e-01 4.896182134953778187e-01 7.566008290667055602e-01 6.329810105410786925e-01 6.625745263561614307e-01 6.126605669031197632e-01 5.233110277370142116e-01 6.445909186528440138e-01 7.757181002721100782e-01 6.665834733955172675e-01 4.282041083620940491e-01 9.020055881287600830e-01 8.358161127226070297e-01 7.575218757777857359e-01 6.894408768456036229e-01 9.494750227438644163e-01 1.920951805816262792e-01 1.908868949496705936e-01 5.860855382843448425e-01 4.984054526210905944e-01 5.749768265600224693e-01 4.460048416117333159e-01 7.151193546281435776e-01 5.242027462760185941e-01 3.362506471993865764e-01 7.250759252152615408e-01 8.983584315428424505e-01 9.761410986942388179e-01 4.760674900478506499e-01 5.762202848711234227e-01 6.018550468526777664e-01 6.318815216366199250e-01 2.961923016606308745e-01 8.645871896432282266e-01 2.445642818956110243e-01 4.487055756285585062e-01 7.244179450653400743e-01 7.199202011190746209e-01 6.347838652120324499e-01 5.937849502365583065e-01 5.072584958556028978e-01 5.010527350428265470e-01 7.491551637643247830e-01 6.622909240852462576e-01 3.857919853404211397e-01 7.341222733441414849e-01 8.610464022323092159e-01 8.147263675485333367e-01 6.603040965086931502e-01 7.976053515242438330e-01 1.745287043416957617e-01 7.361158729468417206e-02 6.181747175069783884e-01 5.408766528720491129e-01
4.957093915385747951e-01 4.851670326824491508e-01 8.127656374579240728e-01 5.174153700494295016e-01 1.305084342637413408e-01 4.916296224436612072e-01 9.056962505732875091e-01 5.725162241621271075e-01 1.000000000000000000e+00 5.701908498582873852e-01 4.838364001900506972e-01 6.110890388984679955e-01 4.074250750333583970e-01 6.901562190078216474e-01 3.683953465249979464e-01 5.291695651774208642e-01 5.557027522013410215e-01 5.169391576293367319e-01 4.497710120479034845e-01 6.534249429544581877e-01 5.575449033032979784e-01 7.383149901708326857e-01 6.851828094014706938e-01 9.990740888677205334e-01 5.706356455470595890e-01 7.688547919235579897e-01 8.341495125238782560e-01 4.992487548816843534e-01 5.901362188013570265e-01 5.654654098062237289e-01 2.762012036224116285e-01 1.936210659757064412e-01 5.859198698033704078e-01 4.559245712469290890e-01 5.166575634523313809e-01 3.896970351532797472e-01 7.008356279979757186e-01 5.258600733379155123e-01 3.073247617034745582e-01 5.424167533547537001e-01 8.821652798514233451e-01 5.776500390739616186e-01 8.365276318854121262e-01 6.064144678221402573e-01 5.614587036154481403e-01 6.273911449731663925e-01 4.692216767605113525e-01 8.044283947840734639e-01 2.660666101222139424e-01 4.963559241922003706e-01 5.351154816312567730e-01 4.987172214317030505e-01 5.109966626639315113e-01 6.556099720351880045e-01 5.568306594730860759e-01 6.208415414597220350e-01 6.577352113122322264e-01 9.360164869392521014e-01 4.637162030817029712e-01 6.780888640402514822e-01 8.016884340472458792e-01 5.924267097981634755e-01 6.013397325231473189e-01 5.941319511144524945e-01 2.150269275185132667e-01 6.962371995729987884e-02 6.283496883177583925e-01 5.060851927310124898e-01
5.904469149185576082e-01 4.481350903383422013e-01 7.132831167425071062e-01 6.719215826928005564e-01 1.252617894564571066e-01 7.781464671782346576e-01 7.143010402797631553e-01 5.809566528496009630e-01 5.701908498582873852e-01 1.000000000000000000e+00 4.260752998472576714e-01 7.162108196453960129e-01 2.349943475886492328e-01 6.046367793422857684e-01 2.758268387385636733e-01 4.882701352468940548e-01 5.202515838072691023e-01 4.000748224347708826e-01 4.726924128210014397e-01 6.971204394327382703e-01 5.143318040229389876e-01 6.094590656271963169e-01 7.018446359674489488e-01 7.464259471684162595e-01 4.145902262941210670e-01 7.470065361701189177e-01 6.442523630060874584e-01 7.880414233701161786e-01 5.604709263525757823e-01 5.950860359984089243e-01 1.355129430229868870e-01 1.726018697085159315e-01 4.885074167619951058e-01 3.916708444717414972e-01 5.858890458510772614e-01 3.321129691809731055e-01 6.668889003404561144e-01 7.009885837267499920e-01 2.512015485554009997e-01 7.173384558228955710e-01 8.279467149568001672e-01 6.908572072087153515e-01 5.553632981568152882e-01 1.677860719316889737e+00 4.521546765785710575e-01 7.277372108006112672e-01 2.503606621924907016e-01 6.912428315808943902e-01 1.937354121040446020e-01 4.125639516613119895e-01 4.934649454227316712e-01 4.740937834793648720e-01 5.960823947028485170e-01 6.875209733552973823e-01 4.715042493026022630e-01 5.223155595465316381e-01 6.579241799747164166e-01 7.482609795056427426e-01 3.536712005185242425e-01 7.821392616824152100e-01 6.820373941233075499e-01 8.547808319592311577e-01 5.021723056471573132e-01 6.459904983904733999e-01 1.719523357764993488e-01 4.415568224199840908e-02 4.880887307954827614e-01 4.606281318901425115e-01
4.720840919821294168e-01 4.513524087587947320e-01 6.848486112337778264e-01 4.456984984273651418e-01 1.911353331742893791e-01 5.053617025553333031e-01 6.324059509579076366e-01 6.694263204544588231e-01 4.838364001900506972e-01 4.260752998472576714e-01 1.000000000000000000e+00 5.202567329650633621e-01 3.550360000745999001e-01 5.843802458239025777e-01 3.204130579674077661e-01 4.209707449874535157e-01 6.567670972681476371e-01 5.115869766853315959e-01 5.870167692063652520e-01 5.326683079121383724e-01 4.663155287404207594e-01 5.558352451567110108e-01 6.279708342481897798e-01 5.660188558090422095e-01 4.723546367435162985e-01 7.232039921041998332e-01 7.133317725060770442e-01 4.967062764897695049e-01 5.841843582334236284e-01 6.446003003873004289e-01 2.102264619155983505e-01 1.810527980394911751e-01 5.106357486520609612e-01 5.039431108460720177e-01 4.746627837958716789e-01 3.852929680014941516e-01 5.768350198566722931e-01 4.552265084395376027e-01 3.010802252731062945e-01 5.262022596967694810e-01 6.070252599960423989e-01 6.108411450012571908e-01 4.077400646190083577e-01 4.544302599907829032e-01 5.532820996797958024e-01 5.319746080903167140e-01 3.201133169022106761e-01 5.933398885757195096e-01 2.563717839856640701e-01 3.919132300768954913e-01 6.144662205070230421e-01 4.958101139593790174e-01 5.550076236749034164e-01 5.372755337115034946e-01 4.630893259425916675e-01 3.970813043413161658e-01 6.123064558219917242e-01 5.341127248150526752e-01 4.073441225981364044e-01 5.558280363382800404e-01 6.762110300520347561e-01 5.618622213067725468e-01 5.689972109480272433e-01 5.922270146885840747e-01 1.379962027698252713e-01 5.942305311781581612e-02 5.450600262420198794e-01 5.077622443157252530e-01
6.045534355866406528e-01 6.535298896549146530e-01 6.837549444160990753e-01 1.252753316257375182e+00 1.828182894587802587e-01 8.460562541430702854e-01 6.698784524928153017e-01 6.096773932841285104e-01 6.110890388984679955e-01 7.162108196453960129e-01 5.202567329650633621e-01 1.000000000000000000e+00 2.421057711317146088e-01 5.557315642193670913e-01 3.757416628191516672e-01 6.278190948413548966e-01 6.544369112221640750e-01 3.375705377869037682e-01 5.548554794777236232e-01 1.275419430818267141e+00 7.210693099008584905e-01 6.754438479939842699e-01 8.507822055166101016e-01 8.183800808958032746e-01 5.178948952240530756e-01 7.521488121926854786e-01 6.984325027592548363e-01 8.922248910826140467e-01 6.860769047253579833e-01 7.421265485839012577e-01 1.662590595841927921e-01 1.577918830543187378e-01 6.941973318895662270e-01 6.207343232484561213e-01 5.755516027555174219e-01 5.393050066942683962e-01 6.623378476823260641e-01 1.174704925529494570e+00 3.142031454753187458e-01 8.314496936843672747e-01 7.785151179095926022e-01 6.872908744653334345e-01 5.343557153716217423e-01 7.273402656569687430e-01 5.014409528619465650e-01 1.358037144875513080e+00 2.752807884131918126e-01 6.368429440050186185e-01 2.858605496374077570e-01 6.205213434233181058e-01 6.451119897523691638e-01 4.432646983473306213e-01 6.801857548772196616e-01 1.137639472521706274e+00 7.140204897159091457e-01 5.785644538848749852e-01 8.729595811718722231e-01 8.486944476117028735e-01 4.321297164906365840e-01 7.140559265221495533e-01 7.783272617648941960e-01 9.354935301906539546e-01 6.672516769197097686e-01 8.092820104249355273e-01 1.288609894524818111e-01 9.503140539328077188e-03 7.005003106616077835e-01 6.996476512643224899e-01
2.938631153615659519e-01 2.515668996204610819e-01 4.244403755136672007e-01 2.216452148865710181e-01 9.361926357135083587e-02 2.122460589487183413e-01 4.432005892528064761e-01 2.719330999290163753e-01 4.074250750333583970e-01 2.349943475886492328e-01 3.550360000745999001e-01 2.421057711317146088e-01 1.000000000000000000e+00 4.524643066476530251e-01 1.978896569288782770e-01 2.420813370795680819e-01 3.272901064405014382e-01 3.809819698669564270e-01 2.828906872155290686e-01 2.788426006211891517e-01 2.900860838073900383e-01 3.436598190110696782e-01 3.227561572193356487e-01 4.012533668950020727e-01 4.301175018055905519e-01 3.198679334540359132e-01 5.284924678647264784e-01 1.789273127063081836e-01 3.490794847712278548e-01 2.130729821378696265e-01 3.158453820156508773e-01 1.888849218000272501e-01 3.092972794404120762e-01 2.943926114478597755e-01 3.155600292402427343e-01 2.222102214101379647e-01 3.206893792393494813e-01 2.261602694357228160e-01 1.941175133201726299e-01 2.668812562239698538e-01 3.524833984994036884e-01 2.325420733062196765e-01 3.828550106337658687e-01 2.761967641061144341e-01 3.657331597884271313e-01 2.488692599579576115e-01 5.210447628578740442e-01 4.081001511866671483e-01 1.669487491192113982e-01 2.253724195552727072e-01 2.431913721551950958e-01 2.379907383395330756e-01 2.570617123326928710e-01 2.916475505536682000e-01 3.138681011587236558e-01 2.357044068781778690e-01 3.361283549982664320e-01 3.624292821812791221e-01 3.389102671063803363e-01 2.043608897522459222e-01 3.846969385203503622e-01 2.189933059216165601e-01 3.598734742909638351e-01 2.412298674683377164e-01 1.646768509784266588e-01 1.004379061905542325e-01 3.373744206576047011e-01 2.735456700818750808e-01
7.872519272282507696e-01 4.306242427250752680e-01 1.066947856356849744e+00 4.468578205047856744e-01 1.961913035378484715e-01 6.047151277713520567e-01 1.137720606940862744e+00 8.404192278583337838e-01 6.901562190078216474e-01 6.046367793422857684e-01 5.843802458239025777e-01 5.557315642193670913e-01 4.524643066476530251e-01 1.000000000000000000e+00 3.539103950520664510e-01 4.956507690061388027e-01 7.458216182888657286e-01 8.087123586458696556e-01 7.289626798236654714e-01 6.061694006709352767e-01 6.221537020346873392e-01 6.576937883642967053e-01 7.574670531371006099e-01 7.795830315764618046e-01 5.393837137304691165e-01 8.031297772590717532e-01 1.027483866122383072e+00 5.037232821139470129e-01 8.558947751833005935e-01 7.201637122964554827e-01 2.871506229934443488e-01 3.396631705893795594e-01 6.384477403744482915e-01 5.178134787205519451e-01 7.771685439953790464e-01 3.696046602188247099e-01 7.777597824403804649e-01 4.629927795855203199e-01 3.537650010387978217e-01 6.830986670183701870e-01 9.580958762745100943e-01 7.347411504557385120e-01 6.157213950248772161e-01 6.125623682719956165e-01 6.392840207626993010e-01 5.623551446099021023e-01 4.964475761383493335e-01 1.157272486568887926e+00 2.782194875789942290e-01 4.663481098130968228e-01 5.907066065265061949e-01 7.486777685641040625e-01 6.525781980441567320e-01 5.823989581801493065e-01 6.099641379083901027e-01 5.094064635027545362e-01 7.339389377720794139e-01 7.464449060744891007e-01 4.544498406534446810e-01 6.513259685977026425e-01 8.928142279628332734e-01 5.844961168958127118e-01 7.764768941881210473e-01 6.651570310957939380e-01 1.964712304592545200e-01 1.831580523113043868e-01 6.520930217553189134e-01 5.262269638836354346e-01
3.529470668016462254e-01 2.742720284859440083e-01 4.170854686279629742e-01 3.339291155563061109e-01 1.605162611291717500e-01 4.285443360606590590e-01 3.954030304738611057e-01 3.687126174462609374e-01 3.683953465249979464e-01 2.758268387385636733e-01 3.204130579674077661e-01 3.757416628191516672e-01 1.978896569288782770e-01 3.539103950520664510e-01 1.000000000000000000e+00 2.889537723771428146e-01 3.776607671823418166e-01 2.271084376034167573e-01 3.083080368225957213e-01 3.546447750727376169e-01 3.263164752437620053e-01 3.387507422116318168e-01 4.026123729936016415e-01 3.975042915269401678e-01 2.864077975825442546e-01 3.726567111208642924e-01 4.124922750730256049e-01 3.479354811520671276e-01 3.987884795170829610e-01 3.656866377917693534e-01 1.438221219594082168e-01 1.424524216737760862e-01 3.348535200751443508e-01 3.042098465268562868e-01 3.615450738357443017e-01 2.689230492191343469e-01 3.953265021725321793e-01 3.252809948351797487e-01 2.172553129918102233e-01 4.114981617081632237e-01 4.155097726229331490e-01 3.567122203838183347e-01 3.461944009964154079e-01 2.986828078829742994e-01 3.421906356070829047e-01 3.927827872338122694e-01 2.340516851223980455e-01 3.838195362667187194e-01 2.896106554963449042e-01 3.015001105915826041e-01 3.902416696941661822e-01 3.020824891401763801e-01 3.518683919310080510e-01 3.396535374263286444e-01 3.313786104200951987e-01 2.723136039804729958e-01 4.012255879528456859e-01 3.953265680896890233e-01 2.592755073599695148e-01 3.548073550697461442e-01 4.308879542394119522e-01 3.598634310013276161e-01 4.041429389010199325e-01 3.845638612003634549e-01 9.056140216151546685e-02 9.195352222287696276e-02 3.532857064355155452e-01 3.519732090964257099e-01
5.442577097909261363e-01 6.163742741488863475e-01 6.079183851774442315e-01 5.829076382621706243e-01 1.705498129454611766e-01 5.489706135894486527e-01 5.476121367296565845e-01 4.896182134953778187e-01 5.291695651774208642e-01 4.882701352468940548e-01 4.209707449874535157e-01 6.278190948413548966e-01 2.420813370795680819e-01 4.956507690061388027e-01 2.889537723771428146e-01 1.000000000000000000e+00 5.355420543435158720e-01 2.982969285975521911e-01 4.595765734374989697e-01 6.128765820338627490e-01 7.994662623497291731e-01 6.732990156970050100e-01 9.626035489589945815e-01 7.473564713764950795e-01 4.163088775998274871e-01 6.757721730380779057e-01 6.795639681249752151e-01 7.028736633998565742e-01 5.900301722624540224e-01 6.798981439812317173e-01 1.873521068978654669e-01 1.645273540759608355e-01 6.150236533559165775e-01 5.814398843409980255e-01 4.991413331254156427e-01 5.377790051104002211e-01 5.072534026492999670e-01 5.907611168693365222e-01 2.518123756431190352e-01 5.497577480638762282e-01 6.364320972781603025e-01 5.368141408296106531e-01 4.524171873973473201e-01 5.223826291336448602e-01 4.131246817838888918e-01 6.724435571947693369e-01 2.389930159372627705e-01 5.781328158901899439e-01 2.537052176440622864e-01 1.165619370785099029e+00 5.172084274792168035e-01 3.335364109474783234e-01 5.371626804964078072e-01 5.735769464949780350e-01 7.406300546760375969e-01 6.086096329689836271e-01 9.057210066850625019e-01 7.171757380010115313e-01 3.735083560978388340e-01 6.064070318525633940e-01 7.462682380228596868e-01 7.020507469354287933e-01 5.726993808581912759e-01 7.717996665727901995e-01 7.873362472668837819e-02 1.850571725258386147e-02 6.133829284866896270e-01 6.841214714491966609e-01
7.398471180616932319e-01 6.491975923931129211e-01 9.790001599668960441e-01 5.320775494594190969e-01 1.944185813253510309e-01 6.100795141804945532e-01 6.664082010260345967e-01 7.566008290667055602e-01 5.557027522013410215e-01 5.202515838072691023e-01 6.567670972681476371e-01 6.544369112221640750e-01 3.272901064405014382e-01 7.458216182888657286e-01 3.776607671823418166e-01 5.355420543435158720e-01 1.000000000000000000e+00 5.576232041218684987e-01 1.047876039156816486e+00 6.810867486281843020e-01 6.211238120011830510e-01 6.661384195337264336e-01 9.013632901266577235e-01 6.113754155006886348e-01 5.632024170591920509e-01 8.844265529644693702e-01 1.018286759475500958e+00 6.049697109433689324e-01 9.171888875332656621e-01 9.362089395638146794e-01 2.008127515628958526e-01 2.195350310979005681e-01 7.542046527201231587e-01 7.310326400767793720e-01 7.079048014261447586e-01 5.756516123602333224e-01 7.810749310283389146e-01 5.767147608380929213e-01 3.596158942672556535e-01 6.848148615275883033e-01 7.144863524680716838e-01 7.209352439395060319e-01 4.318679981467568041e-01 5.465382358981153432e-01 6.586977463182706050e-01 6.596884880825636399e-01 3.429463074684074297e-01 7.582419993280883341e-01 3.007262690046078046e-01 5.079140042330069216e-01 9.679293658927878852e-01 6.286056273716008613e-01 9.470217760689878528e-01 6.584654533139266963e-01 6.107767586766967849e-01 5.260793200588935736e-01 8.971671142117719766e-01 6.012222309777148777e-01 4.731270005703235304e-01 7.042074844406956968e-01 9.755535162983106634e-01 6.624281278731665168e-01 8.550686033267813624e-01 8.918421546279916567e-01 5.311573664749677515e-02 5.425755219040565014e-02 7.868842418758325019e-01 7.505653295189018692e-01
3.795393915569881815e-01 2.419400727106922888e-01 7.930953783951736336e-01 2.450714473513179448e-01 1.448859249181653763e-01 3.192440325792940126e-01 7.932013098693782016e-01 6.329810105410786925e-01 5.169391576293367319e-01 4.000748224347708826e-01 5.115869766853315959e-01 3.375705377869037682e-01 3.809819698669564270e-01 8.087123586458696556e-01 2.271084376034167573e-01 2.982969285975521911e-01 5.576232041218684987e-01 1.000000000000000000e+00 5.794881141626769816e-01 4.210372833467683762e-01 3.702138230477780567e-01 4.349071062997176274e-01 4.751317473222127497e-01 4.639296712606461037e-01 3.839953103485103658e-01 6.254177040118518160e-01 7.395977120473559152e-01 2.751593651466058277e-01 4.675938442215705759e-01 4.352172782412631058e-01 2.342669992378410837e-01 1.939241378659579407e-01 3.927254044789637022e-01 2.838245136657931433e-01 4.317825933883530642e-01 2.063147000344269788e-01 5.031089055779268682e-01 2.779383155564922325e-01 2.520649281060554081e-01 3.994915574103838907e-01 6.149405046899478755e-01 5.110172069247487237e-01 4.322493583999722500e-01 4.294389717646303062e-01 5.638809792035045509e-01 3.557828858269215244e-01 4.412965121931307633e-01 7.499106109039174184e-01 1.652992694860542233e-01 2.543544603331371889e-01 4.467341419447791173e-01 7.463648174863088958e-01 4.014050390770734777e-01 4.314182597107142914e-01 3.908407893623074281e-01 3.048560546635271096e-01 4.678879231068413524e-01 4.215877333430341767e-01 2.940276821847391808e-01 4.101154531131547820e-01 5.954697899705290176e-01 3.693798479916500233e-01 4.494123095368574572e-01 3.837236309112234678e-01 2.402960724914193769e-01 1.095717874118057045e-01 4.359332900166325020e-01 3.110632412373433020e-01
6.573317930334275916e-01 5.743048436558585434e-01 8.409900061566066842e-01 4.504267065733508213e-01 1.673343362056890216e-01 5.319328336036270866e-01 5.858867940922729556e-01 6.625745263561614307e-01 4.497710120479034845e-01 4.726924128210014397e-01 5.870167692063652520e-01 5.548554794777236232e-01 2.828906872155290686e-01 7.289626798236654714e-01 3.083080368225957213e-01 4.595765734374989697e-01 1.047876039156816486e+00 5.794881141626769816e-01 1.000000000000000000e+00 5.848791771995611732e-01 5.761174618828612815e-01 5.692607484626012182e-01 7.793301094543484409e-01 5.067874260934128738e-01 5.242154633436499900e-01 7.998439925464271294e-01 8.763871508063743043e-01 5.025886793619419590e-01 7.810784877452356945e-01 8.425051692549636595e-01 1.336776464518695251e-01 2.116387633968987991e-01 6.414019239453871979e-01 6.414190875106485779e-01 6.346494072625524785e-01 5.090105612734088236e-01 6.891817825270165621e-01 4.959435644830809675e-01 3.154385168982770660e-01 5.828097658835812434e-01 6.392368851315335387e-01 6.225715759344930822e-01 3.586725418930152842e-01 4.944312647650272452e-01 5.986578237239698064e-01 5.656450242661860139e-01 2.868733109224018696e-01 7.188546614210240548e-01 2.311719857623475982e-01 4.359887006904321627e-01 8.394531751176325107e-01 6.562360084258707094e-01 9.098786538890553111e-01 5.704928489705227701e-01 5.427419232038597219e-01 4.740872343653771415e-01 7.801740951047648753e-01 5.042885747128944551e-01 4.428649761843401755e-01 6.453099830790239855e-01 8.704069121944945087e-01 5.645788211624338526e-01 7.209661775206435141e-01 7.859778680515652205e-01 3.425263014856201604e-02 4.394639870740497251e-02 6.668755987234233906e-01 6.470480723397618039e-01
5.768488469938781726e-01 6.420047464688385386e-01 7.351727230127037549e-01 1.043862422426686809e+00 1.752868544418258456e-01 7.231882934083009307e-01 7.108850524102472423e-01 6.126605669031197632e-01 6.534249429544581877e-01 6.971204394327382703e-01 5.326683079121383724e-01 1.275419430818267141e+00 2.788426006211891517e-01 6.061694006709352767e-01 3.546447750727376169e-01 6.128765820338627490e-01 6.810867486281843020e-01 4.210372833467683762e-01 5.848791771995611732e-01 1.000000000000000000e+00 6.941566687994962237e-01 6.872438058423736562e-01 8.235528013524654467e-01 8.111904628127238892e-01 5.593124373243338887e-01 7.611081512039553632e-01 7.786736121852400050e-01 7.434430265501744683e-01 6.740426738279844399e-01 7.189924554824312919e-01 1.750541588446265506e-01 1.731561173495889672e-01 7.090966098620173907e-01 6.041742211139359275e-01 5.479077032242073431e-01 5.134340754489852277e-01 6.494286126308433937e-01 9.631258123451076347e-01 3.168792865118752466e-01 7.301961981305838956e-01 7.531083560785493125e-01 6.669366934390932311e-01 5.711377979647318526e-01 7.260584197056709765e-01 5.448181777792373559e-01 1.137311873294316600e+00 3.141385238117282985e-01 6.669876300959238780e-01 2.679919106739507839e-01 6.221259651525603562e-01 6.385352750559363244e-01 4.678196653680934958e-01 6.494105474447455784e-01 1.357390095640909955e+00 6.937447403068242036e-01 5.736319201385743360e-01 8.417696931822272743e-01 8.174640807581130542e-01 4.506272439025650334e-01 6.684135394536757646e-01 7.920051928321834023e-01 7.939510472895028315e-01 6.436865843912016327e-01 7.555129416444312795e-01 1.380962226420113792e-01 1.768771264563037682e-02 7.365883532128550959e-01 6.669425319122495033e-01
6.957767303799630154e-01 5.801495178273454734e-01 6.637494063432363145e-01 6.708523640068102534e-01 1.848666731177223133e-01 6.380375628381353970e-01 5.845250725932145119e-01 5.233110277370142116e-01 5.575449033032979784e-01 5.143318040229389876e-01 4.663155287404207594e-01 7.210693099008584905e-01 2.900860838073900383e-01 6.221537020346873392e-01 3.263164752437620053e-01 7.994662623497291731e-01 6.211238120011830510e-01 3.702138230477780567e-01 5.761174618828612815e-01 6.941566687994962237e-01 1.000000000000000000e+00 6.282759616709213679e-01 1.334833431324727204e+00 6.981946068747109102e-01 4.395805975848453007e-01 6.466680354749573256e-01 7.302852624254119185e-01 7.256862366286407351e-01 8.514299798666674635e-01 7.176525226084509157e-01 2.140211939192278312e-01 2.208866852703835204e-01 7.773361281436421688e-01 7.745824253900245315e-01 6.160947707156935182e-01 5.088071640707860777e-01 5.483842657789632646e-01 6.466510983858324568e-01 3.546338250267849213e-01 6.778538285793753726e-01 6.489351144263354465e-01 5.612060256429755034e-01 4.843890040399859709e-01 5.171317353903188696e-01 4.458542858849039447e-01 7.468126703551332124e-01 2.804430100976594842e-01 6.572541626950374472e-01 2.749256930927118092e-01 8.452709903150230630e-01 5.592253611445144879e-01 4.159522921143635754e-01 6.157375579458090886e-01 5.892178740441516016e-01 1.555064277047286225e+00 5.548297828576715940e-01 1.246417643101330741e+00 6.971589824158231918e-01 4.066691579488895814e-01 5.683182559208173057e-01 7.944205121989178497e-01 6.785273054865605946e-01 7.774730298566500108e-01 8.546188411114504779e-01 1.032799621362297665e-01 8.615930658790033059e-02 7.218104160433089778e-01 7.624967794934122134e-01
5.688513970560323818e-01 6.266749477482456143e-01 8.124679871711906198e-01 5.940749915385084012e-01 1.553927757905336493e-01 5.928197676691365769e-01 7.771763678259624442e-01 6.445909186528440138e-01 7.383149901708326857e-01 6.094590656271963169e-01 5.558352451567110108e-01 6.754438479939842699e-01 3.436598190110696782e-01 6.576937883642967053e-01 3.387507422116318168e-01 6.732990156970050100e-01 6.661384195337264336e-01 4.349071062997176274e-01 5.692607484626012182e-01 6.872438058423736562e-01 6.282759616709213679e-01 1.000000000000000000e+00 8.367039553748889524e-01 9.219655515456418593e-01 5.710410558964211791e-01 9.020386920148922849e-01 8.645415393527720038e-01 6.715385338658536041e-01 6.676474504895979489e-01 7.986162066797656278e-01 2.131365497614535198e-01 1.609803614836356200e-01 6.571908638957375537e-01 5.862647559302411882e-01 5.690300949499086380e-01 5.334478310437036352e-01 7.451934846315456662e-01 6.106366839008805503e-01 3.244537509789903185e-01 6.055765131472355955e-01 8.711275410836719635e-01 6.633065883157353015e-01 6.491035153900375221e-01 6.497137702235048495e-01 5.597325290286507826e-01 7.173108840866916358e-01 3.732390931179346283e-01 7.804212348585246595e-01 2.537561761549017025e-01 6.015143542324948855e-01 6.680676616582876814e-01 5.024278678130968956e-01 6.745288811009241270e-01 6.992306341597712693e-01 5.892010377688441380e-01 7.286699575248614114e-01 8.043153969623781929e-01 8.964199669819983285e-01 5.039402421596361759e-01 8.101218561744303326e-01 9.174390429816708936e-01 7.252690039764408958e-01 6.649424483387414986e-01 7.966578048601151707e-01 1.418170873224052497e-01 3.887923097792420069e-02 6.965467399527419667e-01 6.596950398763062884e-01
8.156051028238648914e-01 7.820102673584581332e-01 9.334260114744923342e-01 7.650094899328520048e-01 2.215723458119253642e-01 7.961957610379815087e-01 7.472381015770952484e-01 7.757181002721100782e-01 6.851828094014706938e-01 7.018446359674489488e-01 6.279708342481897798e-01 8.507822055166101016e-01 3.227561572193356487e-01 7.574670531371006099e-01 4.026123729936016415e-01 9.626035489589945815e-01 9.013632901266577235e-01 4.751317473222127497e-01 7.793301094543484409e-01 8.235528013524654467e-01 1.334833431324727204e+00 8.367039553748889524e-01 1.000000000000000000e+00 8.580007974512393609e-01 5.530338799332772393e-01 9.629008520642852176e-01 1.031464308894685544e+00 9.435630468850730868e-01 1.020006300613948591e+00 1.069640508884629693e+00 2.205964919800015578e-01 2.314042032252821013e-01 8.993384449539777448e-01 8.745319596296512454e-01 7.417044417316842608e-01 6.771240706945038657e-01 7.737328255185120796e-01 7.888426042850795739e-01 4.046484925303934777e-01 8.330452297255699357e-01 8.867750435069960968e-01 8.093161133745998548e-01 5.654509667053791988e-01 7.127571168032713622e-01 5.961718921963172768e-01 8.948360556081227379e-01 3.196394162126142691e-01 8.587347679149875956e-01 3.179832046606871909e-01 9.520727304090489396e-01 8.353413265754068284e-01 5.713423424971078024e-01 8.656237527264784015e-01 7.413991031503309737e-01 1.171992935440287598e+00 7.189395810960294009e-01 1.629830058718670482e+00 8.557280740338052416e-01 5.004883674201732191e-01 8.331327720411043636e-01 1.164243561761633794e+00 9.356985104067406800e-01 9.379158703491954352e-01 1.174743308723389834e+00 1.017858103187925384e-01 6.533061982768514908e-02 8.971485236354482806e-01 9.267806151968245310e-01
