1.000000000000000000e+00,-1.671402875455816131e-02,2.528247961222795936e-01,-2.469096452177310663e-02,-3.323393623573087097e-02,2.923161412874540274e-02,3.043929446187394472e-01,1.167959006901460595e-01,1.342473553173896550e-01,1.496027357120625068e-01,1.833668626856694295e-01,4.852807487113142138e-02,1.319428276489595375e-01,5.431556224622057227e-01,3.086033374857920925e-02,-2.699503038145038142e-02,3.778044118035103760e-01,1.880037744812426137e-01,3.342149881147964408e-01,-1.617030245953511580e-01,1.257332466947892191e-01,-5.662873075909670428e-02,1.171702968225333541e-01,1.322022250757499406e-01,2.334363901143910597e-02,-1.276121365426192977e-01,1.452392201989247400e-01,-5.182524918658152485e-02,4.161870295893647098e-01,1.340258864260194527e-01,2.427267580289808324e-01,-4.377250989644673740e-02,2.153353964362930348e-02,9.426354947434448239e-03,5.437333688657599584e-01,-1.399475074995182311e-01,1.395764962895755246e-01,1.006866387277956590e-02,2.580441203161960156e-02,4.792644286434998013e-02,2.299060749998149689e-01,-4.198636104611301600e-02,1.055826149503732159e-01,1.359230604017227784e-01,2.943288073023366813e-01,5.137923652436318656e-02,1.033079227386503318e-01,4.660278474902682100e-01,-8.033875585111208140e-02,1.099337117171340396e-02,7.989182785573280265e-02,2.871918654416803496e-01,2.961374137137098850e-01,-1.855563762266983219e-01,9.838780317103983097e-02,-6.590933916583149865e-02,2.409563099611786857e-02,6.176845666996574197e-02,7.098211045558761034e-02,-1.331917249308877671e-01,1.122855548613713172e-01,-8.979676373795027200e-02,1.736274598873904229e-01,-4.160107350191070280e-02,-8.917164723480125454e-02,1.609491750872640847e-02,-1.165366562930911926e-02,7.029582339215659226e-02
-1.671402875455816131e-02,1.000000000000000000e+00,-1.027809306856762722e-01,1.918450500993983121e-01,-1.056316349557581170e-02,5.275110999701072140e-02,-1.246369870859755091e-01,-5.368508598689425426e-02,-9.890781027400211145e-02,3.483799896069805779e-02,-1.050139378361852893e-02,1.911369759600749785e-01,-2.270988053391600689e-02,-5.999427978502368253e-02,6.528261788294668910e-02,2.543485568385560613e-01,9.616770948947048203e-02,-1.858530829308142895e-01,-7.029407228930191487e-02,8.427783907038806366e-02,1.855251526940590590e-01,2.199032708568400829e-01,2.866567871318354555e-01,6.181494312933302065e-02,3.545939343301050036e-03,1.095127196165391614e-01,1.342582331116113081e-01,1.989846671967902547e-01,1.487428549566885139e-01,2.174976256168709710e-01,-9.874228257813830179e-02,-1.852390239047444626e-02,9.158483382947586737e-02,2.540108841428589947e-01,1.995247598636334940e-02,2.466729109596706160e-01,-4.277234809769575596e-02,1.271940303079638623e-01,5.413253344420865948e-02,8.071466946920353991e-02,-7.408593957334530522e-02,-8.619785614064822896e-03,-1.706959081362687328e-02,4.324726818294910569e-02,-4.094034714926389549e-04,1.766971249878153127e-01,-7.019022313385293865e-02,-1.052382111147264349e-01,5.389728433142421810e-02,2.841882800500458162e-01,1.185283082545696420e-01,-1.912674540740108009e-01,-2.019389863488695730e-02,8.500286462009778998e-02,1.316192858599644910e-01,2.637566834711813080e-01,2.309464471206791047e-01,1.318116209119016002e-01,4.894005584308998291e-02,1.767249303094739210e-01,1.060523563798598246e-01,1.861008017076012933e-01,1.336426271213223826e-01,3.187410548079731010e-01,-6.680538655420397397e-03,-1.456026231577669822e-03,1.142333004177424755e-01,2.674228447096313466e-01
2.528247961222795936e-01,-1.027809306856762722e-01,1.000000000000000000e+00,7.119899725282619399e-03,-3.227069866554770072e-02,4.346927399345641707e-02,7.644983426616924760e-01,4.710753007291419436e-01,2.134036465357801449e-01,2.093192362163452391e-01,2.698093010224587585e-01,5.367580868120826881e-02,1.413248592683171434e-01,5.203911555052138649e-01,1.498137052092735622e-01,-1.163707471285435613e-01,1.682633492520566043e-01,6.342409558530155422e-01,5.162691081563980378e-01,1.196191006983434307e-01,5.765286539709508357e-02,7.021192467585062567e-03,2.919808877738553493e-02,2.352430870033700716e-01,-1.432995193740875702e-02,3.387254260311021725e-01,2.801808079125900353e-01,2.397109915273839820e-01,-9.320859618359086940e-02,3.011538959798880088e-01,1.983404690171682305e-01,-3.198639234565363310e-02,-2.247628528093905623e-03,-3.535126217269023152e-02,1.496038746342290282e-02,-1.709408359302062586e-01,5.148954502310472137e-01,1.137923820353220624e-04,-3.699387201965182587e-02,-4.657218877490424541e-02,5.107464875569289742e-01,1.134835984468973991e-01,1.349942495930605002e-01,2.108508048025027337e-01,2.013702900632783344e-01,8.384099977717011931e-02,2.449098987220916721e-02,3.605097233078303764e-01,3.819808364911008586e-02,-1.702807498029893299e-02,5.832752417468150402e-02,4.755119096555007197e-01,1.790926756980675827e-01,1.585903036000894661e-01,3.833116802109864246e-02,-1.056467011728084160e-01,-6.470821703974394268e-03,3.922912917702319618e-02,1.575819042830426189e-02,9.234005370248880851e-02,2.356040562876445532e-01,1.101931150238184415e-01,-1.291616144552921452e-01,-6.346517831841734514e-02,-1.082179363264153954e-01,-9.143549105084006201e-02,-5.365500386813747309e-03,-1.045857529128202817e-01
-2.469096452177310663e-02,1.918450500993983121e-01,7.119899725282619399e-03,1.000000000000000000e+00,4.146579647866022178e-02,9.406993009487807367e-02,3.245561663651910095e-02,-2.517386838401557830e-02,6.602003310290605054e-02,1.714884084405970399e-01,4.379415933702736352e-02,4.691315013543954082e-01,5.407341562261750584e-02,1.184874787336454155e-01,3.462706245901738672e-02,2.267053770418299419e-01,5.486248784909734943e-02,-2.708706513571086660e-02,2.118057664116326788e-02,4.776829936883593142e-01,3.021744435526416694e-01,3.007553798936615785e-01,2.713591175616900664e-01,2.142158137474802493e-01,6.490016601362701143e-02,1.454822054143909416e-01,1.320534899880780322e-01,2.400644480232737299e-01,2.904374615841019969e-01,1.639199438067079906e-01,1.276349617008215066e-02,-2.893394019400532396e-02,1.987677254173263186e-01,2.535959295056626206e-01,4.853450044348835146e-02,1.808756647034474030e-01,3.677049856552876139e-02,5.541864067382423764e-01,6.980418761505548242e-02,5.133881773631850109e-02,9.064540576488748502e-02,3.303995757645040304e-02,1.551580400496665457e-01,1.178432287039698906e-01,1.084497229511360988e-01,4.358915110623258760e-01,3.975458100399963113e-02,1.092583253182785041e-01,6.635762096908792707e-02,2.810421203417114988e-01,1.293923244737423539e-01,-2.577097050705648429e-02,1.163371427271008979e-01,4.202438305462276036e-01,1.934774960801002586e-01,2.902785406711981819e-01,2.681358585229824398e-01,2.195089691696781031e-01,1.662273994169509439e-01,2.040473979210028210e-01,1.632729141791059158e-01,2.135547375532819425e-01,3.040840922670358104e-01,2.700795425065480315e-01,2.913892014449934176e-02,2.484809174708737731e-02,2.321546049837831249e-01,3.083795106124240237e-01
-3.323393623573087097e-02,-1.056316349557581170e-02,-3.227069866554770072e-02,4.146579647866022178e-02,1.000000000000000000e+00,1.322945623591456898e-01,-6.489747561791081587e-02,8.789495669032990066e-02,-4.592717780019096863e-02,9.092896576981503165e-02,8.859138941558394311e-04,-1.014255037772615435e-02,1.646669525868188488e-02,-1.945896773676194721e-02,-1.233101572909381036e-02,4.410254777143001598e-02,-4.206174047223523726e-03,2.729822531340758696e-02,-1.174067869069899891e-02,-2.336227634093786254e-02,7.544853123689836127e-02,-2.351338172884906430e-02,1.841647828294628100e-02,-9.685744316966872491e-02,-2.476036167924880460e-02,-7.596841486547303846e-02,-1.079483556843067460e-01,1.946249383334294064e-02,7.435356059632269865e-02,-1.550617918934945813e-02,3.703213774800540904e-03,1.069381770438861817e-01,1.960735467397674986e-02,1.358367701017244022e-01,1.960818073692826430e-02,3.161615152740617635e-02,1.267188557819382000e-02,1.111487047287451624e-02,8.148650882339648904e-02,6.351403900032633054e-02,-2.296601035181366698e-02,1.320191859499614817e-01,9.249345190956411236e-03,7.220019603068035530e-02,1.986560229658745208e-03,2.559345493552930145e-02,1.625100470672101102e-02,-1.105084108611882393e-03,7.566955153695617553e-02,1.962608243469343011e-02,3.814683450910385382e-02,1.910090892619183481e-02,-1.820377235952182204e-02,-4.620824873237118491e-02,9.213565907552556666e-02,1.201565912875039201e-02,6.217150918256651032e-02,-7.125570059593946959e-02,-5.864531731671482340e-02,-2.788270731630285507e-02,-8.377279129589373929e-02,4.908995396309439457e-02,1.190184667624569759e-01,5.511669255689328334e-02,2.139456277074981705e-02,3.364856064459448293e-02,7.528884170088170902e-02,1.102557804727805485e-01
2.923161412874540274e-02,5.275110999701072140e-02,4.346927399345641707e-02,9.406993009487807367e-02,1.322945623591456898e-01,1.000000000000000000e+00,3.114635395781454631e-03,2.721162272599850773e-01,-2.056025809849594196e-02,5.270923899016014547e-01,-5.350328759829314079e-02,2.898536860347695199e-01,4.747550204590044245e-03,3.246732310797255383e-02,1.379868951897553764e-01,1.029601925107264809e-01,-2.437101343003670109e-02,1.082941601871457299e-01,-3.169124457391150201e-02,9.143690927363963550e-02,2.302081340690099731e-01,4.837064829035001706e-02,1.873843814720393686e-01,-5.268373231070237750e-02,-3.142123763326200997e-02,-1.103114420772006027e-01,-6.906578179456258904e-02,3.268823756792625379e-01,8.021869422795988025e-02,-1.236942544547797729e-02,-7.801000091470979003e-02,3.707181202124340547e-02,4.188478358257299167e-02,1.807195775441403085e-01,6.131967943117865721e-02,3.171973404527723972e-02,1.544578471233487293e-01,1.336197785460326859e-01,1.168846689572362596e-01,4.979361255730914149e-01,1.268528986223894650e-01,3.509462550564311778e-01,7.300877802765903812e-02,5.194732555521971440e-01,6.997665608868069986e-02,2.194584527487142556e-01,-2.556713852735150588e-02,1.279650155302894665e-01,1.921496145849798665e-01,1.292097009284493836e-01,4.013857772081332737e-02,1.536281433528219331e-01,4.159973092517422338e-02,7.975451491773863366e-02,2.578233313609327726e-01,4.999367570991326143e-02,2.415954801404784635e-01,5.176879983073136293e-02,-1.116314732986424807e-01,3.697822736028353197e-03,-3.626469143692530317e-02,3.626632092044334565e-01,1.335425032177482152e-01,1.887031422433852468e-01,1.571198167146383579e-02,5.671026349890975066e-02,1.007789690532896604e-01,2.033255474948028330e-01
3.043929446187394472e-01,-1.246369870859755091e-01,7.644983426616924760e-01,3.245561663651910095e-02,-6.489747561791081587e-02,3.114635395781454631e-03,1.000000000000000000e+00,3.488437603680459298e-01,4.979384457662897612e-01,1.081072759178753895e-01,2.708833435849611337e-01,1.242125682452957652e-01,2.481398955629014191e-01,7.098841072127115570e-01,2.246852817228688626e-01,-1.646552471964989606e-01,7.211948114779351271e-02,6.338440699631913144e-01,5.039387453732100397e-01,6.248120609789414165e-02,-2.368755867439660892e-02,9.683558590613414174e-02,-1.370820511279905174e-01,5.602249244352006663e-01,1.165727359516934430e-01,3.765185637315567879e-01,3.181634230958087506e-01,6.868543993091552613e-02,-2.186586852028269551e-02,1.748157567440240812e-01,3.439743219573692112e-01,-6.975419960523905616e-02,-1.639064809556751295e-02,-1.486928980574727666e-01,7.397512766044034294e-02,-2.096706476232311767e-01,3.268068269012626703e-01,4.155306406323696494e-02,-1.182547277307524486e-01,-4.906965614890963084e-02,6.358782893008169124e-01,-2.499202280230655802e-03,3.844900577949996734e-01,1.043519660679699812e-01,1.673659747980288381e-01,1.041114395988722158e-01,2.232889014143000783e-01,5.064345562841315873e-01,1.360782625258808928e-02,-7.348386068748430366e-02,-2.034528651937107802e-01,4.876938365629501226e-01,1.237152148594368867e-01,6.507031120218048637e-02,-4.969416572148009636e-02,-2.971735576073764387e-02,-1.929873632026786190e-01,3.559647372967036927e-01,1.611235164419299870e-01,-5.982552048901594935e-03,3.250408314749660410e-01,-7.601004582077905414e-02,-9.009059308211629646e-02,-2.750221678076679721e-01,1.154962957368036412e-02,-8.495690589848338414e-02,-1.501141595910525026e-02,-2.130291832278255471e-01
1.167959006901460595e-01,-5.368508598689425426e-02,4.710753007291419436e-01,-2.517386838401557830e-02,8.789495669032990066e-02,2.721162272599850773e-01,3.488437603680459298e-01,1.000000000000000000e+00,7.144942435207212545e-04,2.101762673633091327e-01,1.822424948280134960e-01,4.864821487785519344e-02,8.524731483242706243e-02,2.705585161761050461e-01,1.521293019244143729e-01,-9.761208583541784722e-02,1.416706899466309288e-01,4.999147572651161942e-01,3.114200855448533423e-01,-7.972534857419014132e-03,7.309568897722047709e-02,-5.050139864639990872e-02,7.245858161848546530e-02,-1.034061783854290512e-01,-9.163579884854013147e-02,7.000841150169669069e-02,1.877003276595687678e-02,3.030721498597742092e-01,-1.922400333216183616e-02,3.235522400149298816e-01,4.482457639096285723e-02,9.580162332156166860e-02,-1.409783701199175676e-02,8.694518298076051033e-02,3.414018717315905893e-02,-1.216259239842160805e-01,2.534461368419894667e-01,-3.035983441619948334e-02,1.035783871236553577e-01,1.648834608974988902e-01,1.854199430907031709e-01,3.445710668144613131e-01,-3.952125113068322843e-02,2.214239567585079560e-01,1.688725179715969416e-01,2.855798653835212378e-02,-6.849186735447303220e-02,1.880397530288977770e-01,1.196054868264993937e-01,-5.048352729237307740e-02,1.302044270847997898e-01,2.784752863043240545e-01,1.285075719287177010e-01,-5.855297164279793520e-03,1.398779198533947610e-01,-1.513813983917791095e-01,1.106537153467159890e-01,-1.833825774611874959e-01,-1.953696271762538905e-01,-7.847483376880456940e-02,-6.312665625325587782e-02,2.243522269096557276e-01,2.078921474930104513e-02,1.377367638558434082e-01,-3.845708873835299024e-02,4.416374363305442668e-02,1.464471855619826207e-02,1.040045441423245454e-01
1.342473553173896550e-01,-9.890781027400211145e-02,2.134036465357801449e-01,6.602003310290605054e-02,-4.592717780019096863e-02,-2.056025809849594196e-02,4.979384457662897612e-01,7.144942435207212545e-04,1.000000000000000000e+00,2.419747538187362601e-02,1.837516273961042057e-01,1.640323629179075704e-01,1.861271226374801024e-01,3.927393427529690673e-01,1.854056159530604320e-01,-1.137426974194782614e-01,3.022752022111041548e-02,2.763003159947678977e-01,2.852227040414513914e-01,3.580074294687018988e-02,3.608201183470085421e-02,1.729990733217755261e-01,-1.314406518618357611e-01,5.536497878392452332e-01,1.803115319942191763e-01,1.676947747634185137e-01,2.776477742533089432e-01,-1.679290298975639750e-01,5.603545960584972729e-02,-7.814572367650766960e-02,2.278616347096983352e-01,-6.902272248560641088e-02,-2.977914746796020439e-04,-1.316062723543894308e-01,7.060808355271751269e-02,-1.097773930506245749e-01,-3.640419378581866150e-02,1.247841187835834059e-01,-1.384463149255671099e-01,1.052901131547851442e-02,2.753377352679033940e-01,-1.173529737683455254e-01,4.439884467151448133e-01,2.927976154030303285e-02,6.940684288651563505e-02,1.340068864989895914e-01,2.885841326143622765e-01,3.113288650149266812e-01,6.593764145783211073e-02,-3.701685158112053009e-02,-2.551606911100038899e-01,2.783154992258210503e-01,9.940326948900142512e-02,2.206275469833645503e-02,3.076862222554829079e-02,6.300112479503376661e-02,-1.640938805113817123e-01,4.504384986127117352e-01,2.258298153198634028e-01,-1.001407242370998540e-01,3.165602979500554692e-01,-1.808288546251942686e-01,-1.301107942172828082e-02,-3.086557307202256184e-01,8.564906311495854019e-02,-8.623629442044758453e-02,-1.930019174722682768e-03,-1.116049465087658732e-01
1.496027357120625068e-01,3.483799896069805779e-02,2.093192362163452391e-01,1.714884084405970399e-01,9.092896576981503165e-02,5.270923899016014547e-01,1.081072759178753895e-01,2.101762673633091327e-01,2.419747538187362601e-02,1.000000000000000000e+00,7.731593920476786952e-02,3.411939671536819985e-01,-1.595454909942998351e-02,1.582738633309639376e-01,4.732600584697339852e-02,1.438676197256220923e-01,6.712884803988916627e-02,2.132212175282114652e-01,1.597905135037616109e-01,2.964389228705892054e-01,3.492371744647707055e-01,6.157404692808995939e-02,2.961617402247019304e-01,-1.984656071101989841e-02,-1.785400262663004375e-02,6.428081254226168315e-03,3.179284080662156398e-02,2.772484333003011336e-01,1.924860523748160857e-01,1.191129524465479456e-01,-6.629843860124426391e-02,-5.518680990733614705e-02,1.230227149802568393e-01,2.442964596840939973e-01,1.451515799825062736e-01,1.355081644908029230e-02,3.346697130809933585e-01,2.553432133061193099e-01,1.257762627414861778e-01,3.004811202819110960e-01,2.897344728248188450e-01,2.901558955396903450e-01,5.704215317907231075e-02,9.100089428845348216e-01,2.707629592589947953e-01,3.495008215003415630e-01,-6.982035803205825786e-02,2.634731729208608098e-01,1.200301214286672163e-01,2.018940018923504331e-01,1.979544932007532565e-01,2.808702446624922744e-01,2.618814871946657519e-01,3.196404913249467628e-01,3.345914512352996528e-01,5.092368790338093476e-02,3.730893358088748224e-01,-7.417548106843677505e-03,-3.773189142482506753e-02,1.587216640946571278e-01,8.705388750751125171e-02,3.524354301247650256e-01,2.174626747394513282e-01,2.633895448948050944e-01,-4.465248250910133082e-02,1.235351321743472473e-02,1.763484695084198417e-01,2.721467403819259889e-01
1.833668626856694295e-01,-1.050139378361852893e-02,2.698093010224587585e-01,4.379415933702736352e-02,8.859138941558394311e-04,-5.350328759829314079e-02,2.708833435849611337e-01,1.822424948280134960e-01,1.837516273961042057e-01,7.731593920476786952e-02,1.000000000000000000e+00,9.247830751939825622e-02,1.747898468668400707e-01,2.763463883743593197e-01,6.032740494641380263e-02,-1.187604507516163560e-01,3.184654676323444566e-01,2.766819317343475748e-01,4.337853404501693100e-01,7.342413328647290349e-02,5.605383381166075679e-02,7.207120525254168131e-02,3.074847660359747437e-02,1.238512308546787233e-01,7.152522785159244612e-02,1.852877614496115932e-01,2.065253195718284307e-01,-1.165832421096780862e-02,9.319576200579086922e-02,2.539503399143315798e-01,1.199273749570708980e-01,-2.502521411541990676e-02,3.687752615884235668e-02,9.028974067073512744e-02,1.025504411006366162e-01,-3.659272106344158004e-02,6.025669495664262576e-02,6.586508860433526458e-02,-5.743320765925538640e-02,-9.742471982919626017e-02,1.075781519146943588e-01,-3.638258882669628824e-02,4.913907001096524951e-02,9.556418771196695250e-02,3.516537661748697086e-01,6.502053792807882537e-02,9.531940551605558309e-02,2.102399024494476243e-01,-6.517594680475798791e-03,-4.769406440321473373e-02,1.769285619248263386e-01,2.349902292748988486e-01,3.773515117538803199e-01,8.833667593664532025e-02,3.824642999945077060e-02,-1.161593119713200985e-02,-3.145535313667526933e-03,-1.978613601457759625e-03,7.503651367998082078e-02,3.125182371026733602e-02,1.460280077644423025e-01,-7.673388797465639788e-02,9.188806139125624967e-03,1.350379022187622215e-02,-9.240429079111310562e-02,-1.112602138385370559e-01,-6.521265292555515451e-03,7.678431568118627981e-02
4.852807487113142138e-02,1.911369759600749785e-01,5.367580868120826881e-02,4.691315013543954082e-01,-1.014255037772615435e-02,2.898536860347695199e-01,1.242125682452957652e-01,4.864821487785519344e-02,1.640323629179075704e-01,3.411939671536819985e-01,9.247830751939825622e-02,1.000000000000000000e+00,4.561442306825109344e-02,1.549016480653255257e-01,1.444816412974750663e-01,1.504295987275677260e-01,1.387755045023882083e-01,-1.750949694786875857e-02,8.393182554492778502e-02,4.764995566925235293e-01,2.333835681390621919e-01,3.157285336150897903e-01,2.720821416005692606e-01,3.306763489957235125e-01,8.214691540157230409e-02,2.552747958648127202e-01,2.384576752690099888e-01,2.732774305974727258e-01,2.227014532260339352e-01,2.315389967968372043e-01,-1.042460997579542151e-02,-3.712891921713098314e-02,1.477939591461800151e-01,2.573401881897365295e-01,5.273817113590071465e-02,1.941753801872012908e-01,4.918207062912807043e-02,4.709380070363748949e-01,7.548784828447263270e-03,2.484409531508852687e-01,1.731300506238634407e-01,1.093653563018190666e-01,1.933646129204820707e-01,3.167464639574347762e-01,2.081417094003444324e-01,5.450978225490340501e-01,6.071233211789108658e-02,1.478646194967603023e-01,1.167684039250242028e-01,2.530490678569817797e-01,1.375382381677115740e-01,-1.541676524267320274e-04,1.549395321981693330e-01,4.510474700245181712e-01,1.194730819632597585e-01,3.034996854420224932e-01,2.443569928142387826e-01,3.288153626442456012e-01,1.516208839783309004e-01,2.745898847094033202e-01,2.740355898456948158e-01,2.361210768799591186e-01,2.209564239055860080e-01,2.662807444540999935e-01,1.237393595537226477e-02,-2.649868280287551517e-02,1.930751799000858249e-01,2.949992864873972054e-01
1.319428276489595375e-01,-2.270988053391600689e-02,1.413248592683171434e-01,5.407341562261750584e-02,1.646669525868188488e-02,4.747550204590044245e-03,2.481398955629014191e-01,8.524731483242706243e-02,1.861271226374801024e-01,-1.595454909942998351e-02,1.747898468668400707e-01,4.561442306825109344e-02,1.000000000000000000e+00,2.853709432841857185e-01,1.307801912606345873e-01,5.855083328466880073e-03,-9.412724604610112761e-03,2.393323901628836847e-01,1.558256829193098159e-01,-3.978956037043628741e-02,6.096057621082592165e-02,5.583490715743656164e-03,-5.379102762352969136e-02,1.484322698659957251e-01,1.910449307877547798e-01,-5.636601652328578765e-02,5.689916625597291749e-02,-6.146468424480681925e-02,1.408215023388189324e-01,-6.511271904892590445e-02,2.157846808427038576e-01,5.412375041065855402e-02,5.731438641833570130e-02,1.792120362663999003e-02,7.084467169855646063e-02,-7.770344673103143918e-02,-1.188440295903130627e-02,3.564563179766792878e-02,-5.015709412397589828e-02,-1.431138823730742152e-02,8.709913453790056603e-02,-7.272333481329197602e-03,1.307078715757697129e-01,-2.200023353707202325e-02,7.819380603169073796e-02,4.651708411797869647e-02,2.729622894884032869e-01,2.281508204651103433e-01,4.491848244115758532e-02,-1.102646947423771041e-02,-1.339391119232795080e-01,1.528034119433462623e-01,4.473363311296892075e-02,-4.487497202813230113e-02,5.225577649328867758e-02,-3.935701840075169627e-02,-7.179310888590426099e-02,9.453830599496669540e-02,1.033285759539995935e-01,-1.811128243594586351e-01,3.683993910690894213e-02,-7.850934274102580601e-02,1.272726470485767980e-01,-1.590778762398504520e-01,1.136973250905571609e-01,2.641296292762293149e-02,4.844692398210166282e-04,7.100966459996104797e-03
5.431556224622057227e-01,-5.999427978502368253e-02,5.203911555052138649e-01,1.184874787336454155e-01,-1.945896773676194721e-02,3.246732310797255383e-02,7.098841072127115570e-01,2.705585161761050461e-01,3.927393427529690673e-01,1.582738633309639376e-01,2.763463883743593197e-01,1.549016480653255257e-01,2.853709432841857185e-01,1.000000000000000000e+00,1.837517611165612463e-01,-6.908903323135132113e-02,2.233533908708423832e-01,5.267815277245262440e-01,4.854368050202310658e-01,-2.908372914051293723e-02,8.234831549842167031e-02,1.296531253452496389e-02,-3.423778601237037478e-02,3.747755031210802668e-01,1.089780834986793928e-01,8.258478831218792060e-02,2.744092718712025092e-01,-8.072320919857899069e-02,2.829046898109457975e-01,1.646436765118710621e-01,4.439746153785837923e-01,-1.362470047366060033e-02,3.665979673700218988e-02,-2.584389262757551611e-02,3.428022123337260418e-01,-1.894029270257108766e-01,8.797063372701421913e-02,1.406181535980081665e-01,-1.517428404961698382e-02,9.509719382500322893e-03,3.533896727000951921e-01,-8.959479902730976136e-03,2.597209815505491792e-01,1.361504612350579457e-01,2.317008978772141514e-01,1.199180758390553242e-01,2.458322141079052336e-01,6.070323270937533211e-01,-9.330235044660442970e-03,-1.285277324367982248e-02,-1.779693734960180462e-01,4.134978045117790324e-01,1.591633682528391658e-01,-3.400166599655369409e-02,5.066350666484318449e-02,-9.333888464519508876e-02,-1.165027742109332048e-01,1.684029503647198889e-01,1.493614606232621933e-01,-2.401952526750273376e-01,1.673036493981012729e-01,-1.865284113358838536e-01,9.861343463769539630e-02,-2.067245498499281353e-01,6.306882455539275338e-03,3.229232023694657283e-02,4.248152385586142707e-03,-1.246264227292431283e-02
3.086033374857920925e-02,6.528261788294668910e-02,1.498137052092735622e-01,3.462706245901738672e-02,-1.233101572909381036e-02,1.379868951897553764e-01,2.246852817228688626e-01,1.521293019244143729e-01,1.854056159530604320e-01,4.732600584697339852e-02,6.032740494641380263e-02,1.444816412974750663e-01,1.307801912606345873e-01,1.837517611165612463e-01,1.000000000000000000e+00,2.409024067343863013e-02,-1.700073367262038698e-02,2.107499077915972463e-01,8.691433992283505161e-02,-1.408692603613276133e-02,1.241644252642500196e-01,1.124346598967015526e-01,5.731085097163528957e-02,1.529373590842305619e-01,4.176440873844021462e-02,2.109464881902835503e-04,7.519114673207470678e-02,8.245463146478680672e-02,7.371530495706694885e-02,3.060014986339385998e-02,3.399326307954014803e-02,-9.367783815804725175e-03,6.943619520862401306e-02,3.867414557646407791e-02,-6.914230221297275152e-03,-1.075693741511523152e-02,1.247316142102973709e-02,7.362844550426134171e-02,1.576762531087429892e-02,6.884829293653348115e-02,9.743425371778098587e-02,3.943152195573276092e-02,1.206382200328621479e-01,2.804318204416478277e-02,1.366734102078168275e-03,1.223303698522661132e-01,1.038511617795077474e-01,1.331514641090929263e-01,1.191793317253964923e-01,4.263824950882540155e-02,-8.933487053308962478e-02,1.292800872993203620e-01,2.579799888741074812e-02,-8.152948032134859149e-03,1.301214532901144860e-01,2.610942594567160213e-02,2.221952615068705297e-02,1.297468304325637423e-01,9.753949487310297622e-03,-1.071459888297066343e-01,8.815061376440776197e-02,4.174022867056995795e-02,5.958001427043413400e-02,-2.763188057218159480e-02,9.329263356670597362e-02,7.742225759346441777e-03,4.716677464803593900e-02,7.516833138563930317e-02
-2.699503038145038142e-02,2.543485568385560613e-01,-1.163707471285435613e-01,2.267053770418299419e-01,4.410254777143001598e-02,1.029601925107264809e-01,-1.646552471964989606e-01,-9.761208583541784722e-02,-1.137426974194782614e-01,1.438676197256220923e-01,-1.187604507516163560e-01,1.504295987275677260e-01,5.855083328466880073e-03,-6.908903323135132113e-02,2.409024067343863013e-02,1.000000000000000000e+00,-3.132654216600044145e-02,-1.837378356040337835e-01,-1.562904655530155118e-01,4.516744550880912729e-02,4.842022745191156829e-01,2.990289083635312983e-01,5.142290265579713138e-01,5.089245182976574744e-02,4.550115469423610115e-02,-7.717838092433693814e-03,1.955496934655462371e-01,2.851545620894913591e-01,1.892446865460225836e-01,1.458273242580143958e-01,-1.524331771514332579e-01,-4.478171624212154422e-02,2.113389171778598530e-01,3.828424473077930990e-01,4.322303321564438527e-02,3.022848987336801962e-01,4.711673440122026921e-03,1.905502958294745808e-01,5.368392234241727706e-02,9.426745480828806201e-02,-5.930495750843339103e-02,-3.021852844242869408e-03,3.498504557545381762e-03,1.227388468022056894e-01,-2.386446741317322165e-02,2.164585927176606028e-01,-1.236656344565215809e-02,-1.085582571220344988e-01,4.273396913855310314e-02,6.312308668062004413e-01,1.001222145268626657e-01,-1.512351123287548615e-01,-7.152899805845709669e-02,4.647927356021499395e-02,4.068250211671162186e-01,2.862226426474583363e-01,5.078867225490711901e-01,1.598008026602108500e-01,9.056111085991114251e-02,1.347629487612093668e-01,1.849720947586970810e-01,2.888675865127176001e-01,2.196124652963425961e-01,3.678085472570390979e-01,1.819664486648086762e-02,9.687568818807124060e-02,1.594677224676934180e-01,3.863526873978615495e-01
3.778044118035103760e-01,9.616770948947048203e-02,1.682633492520566043e-01,5.486248784909734943e-02,-4.206174047223523726e-03,-2.437101343003670109e-02,7.211948114779351271e-02,1.416706899466309288e-01,3.022752022111041548e-02,6.712884803988916627e-02,3.184654676323444566e-01,1.387755045023882083e-01,-9.412724604610112761e-03,2.233533908708423832e-01,-1.700073367262038698e-02,-3.132654216600044145e-02,1.000000000000000000e+00,6.513643818960276888e-02,5.347157671888195241e-01,1.597473611188193199e-01,1.000085907000708013e-01,1.613161447291973360e-01,2.303101355748064794e-01,9.032039847275843969e-02,-3.746988660047371328e-02,2.637951383660401827e-01,4.194962271034320955e-01,5.898198167625157140e-03,1.387172677845669444e-01,4.930178467512659757e-01,7.648967516061294658e-02,-7.313344258517592844e-02,-2.219181513461320962e-02,1.881287893433410685e-01,2.128482584619829088e-01,1.218610680852629941e-01,-1.035568794305614798e-01,8.194942839262815693e-02,1.568382100103745194e-02,-1.011553881089619251e-02,-1.472782190822954085e-01,-2.610268776173937239e-02,-7.205008680491940820e-02,1.349642724368927404e-01,3.615655066057071321e-01,1.636202212749263973e-01,-8.571566022546596442e-02,7.431394328837913343e-02,-3.876045000709735233e-02,4.622343137331469398e-02,4.227129101123541233e-01,1.710345982128905207e-02,4.666766285677955706e-01,1.494025969377469343e-01,7.643919505463538100e-02,9.263010459955661746e-02,1.348162510788473989e-01,-5.266378643778489577e-02,3.985032436290609353e-02,7.064442444250705611e-02,2.138342640323015464e-01,-6.953021554675627158e-02,2.075504348657953441e-02,2.415563791161852714e-01,-2.128021022016736152e-01,-9.238510805628041833e-02,2.654014448337633364e-02,2.086008023138201939e-01
1.880037744812426137e-01,-1.858530829308142895e-01,6.342409558530155422e-01,-2.708706513571086660e-02,2.729822531340758696e-02,1.082941601871457299e-01,6.338440699631913144e-01,4.999147572651161942e-01,2.763003159947678977e-01,2.132212175282114652e-01,2.766819317343475748e-01,-1.750949694786875857e-02,2.393323901628836847e-01,5.267815277245262440e-01,2.107499077915972463e-01,-1.837378356040337835e-01,6.513643818960276888e-02,1.000000000000000000e+00,5.069661232055081568e-01,-5.278521656083606101e-02,7.574183888290600408e-02,-8.791087470033825957e-02,-1.132154471030298454e-01,4.316673927530416399e-02,-1.316854087572764606e-02,4.779032769953435456e-02,3.711055956216470497e-02,-6.054842074253423412e-02,1.022911953449794215e-01,4.268296309502593588e-02,1.889752050992416776e-01,-1.367292321291548214e-02,3.368143524562782626e-02,-6.239574455607314885e-02,9.489392139617100486e-02,-3.256608004215514329e-01,3.059350552028582970e-01,1.797902598788119269e-02,-8.266125308952607456e-03,-2.647715151227441818e-02,3.810354992964926635e-01,1.395916695185464851e-01,1.793086980163502708e-01,1.837856705479696540e-01,1.631446012813547175e-01,-1.027742961039368637e-02,1.289214325002983885e-01,4.290131570618199719e-01,6.782681999001038964e-02,-1.388594837041660646e-01,-1.001493450004410507e-01,5.826329447225139235e-01,1.590107618223252361e-01,-4.087248410143632521e-02,1.043619159044888584e-01,-2.627289883889303290e-01,-1.197642171429122437e-01,-1.103432995737114453e-01,-6.500245965898207579e-02,-2.250762265489532343e-01,4.874901066447775294e-03,-1.351324594278130176e-01,9.716237954950443512e-02,-2.381865643100879448e-01,4.307468163035769321e-02,-8.044816417515400497e-02,4.754020003762816221e-02,-7.615555027904408192e-02
3.342149881147964408e-01,-7.029407228930191487e-02,5.162691081563980378e-01,2.118057664116326788e-02,-1.174067869069899891e-02,-3.169124457391150201e-02,5.039387453732100397e-01,3.114200855448533423e-01,2.852227040414513914e-01,1.597905135037616109e-01,4.337853404501693100e-01,8.393182554492778502e-02,1.558256829193098159e-01,4.854368050202310658e-01,8.691433992283505161e-02,-1.562904655530155118e-01,5.347157671888195241e-01,5.069661232055081568e-01,1.000000000000000000e+00,1.215775998935612057e-01,7.515138573006788225e-02,8.038666513302676619e-02,-1.125763464625761587e-02,2.160812171324386355e-01,4.112093895946297012e-02,3.059021887974071596e-01,4.215713497732647697e-01,-5.887958006656234672e-02,4.091591404239285079e-02,3.749618052964887038e-01,2.273281646270622347e-01,-1.006105762155957567e-01,-4.341673672623406512e-03,1.923371891047055693e-02,1.317589830574528997e-01,-1.024398441784801217e-01,1.170819611913335723e-01,4.403796468309516959e-02,-4.086148123134105553e-02,-8.258765451118028900e-02,1.919569743493313163e-01,1.076909052873224054e-02,1.223492201475201852e-01,1.925413524174946767e-01,3.910362767559939501e-01,1.107689649294326811e-01,5.046982603229380193e-02,3.024796990184502876e-01,-1.229935280720825287e-02,-8.063144640012384623e-02,1.812538986849242528e-01,4.128610859019553048e-01,4.742075322540455495e-01,1.258635397055755389e-01,6.025006418457374419e-02,-4.888041149207506680e-02,-6.312830384022784236e-02,1.277706418926100561e-02,9.925959516685672890e-02,-3.434273038507417580e-02,2.664560208861820323e-01,-1.412049990917484954e-01,-4.298629796926137919e-02,-5.220773188619154404e-02,-1.445894817728082815e-01,-1.428069365407106661e-01,4.233422969673542730e-02,-1.703795745682528447e-03
-1.617030245953511580e-01,8.427783907038806366e-02,1.196191006983434307e-01,4.776829936883593142e-01,-2.336227634093786254e-02,9.143690927363963550e-02,6.248120609789414165e-02,-7.972534857419014132e-03,3.580074294687018988e-02,2.964389228705892054e-01,7.342413328647290349e-02,4.764995566925235293e-01,-3.978956037043628741e-02,-2.908372914051293723e-02,-1.408692603613276133e-02,4.516744550880912729e-02,1.597473611188193199e-01,-5.278521656083606101e-02,1.215775998935612057e-01,1.000000000000000000e+00,6.308692899723568337e-02,2.171855708108288707e-01,1.424870962577851619e-01,2.057004529230120338e-01,1.139829855587150276e-02,3.575961446454693493e-01,2.203606373137508290e-01,1.894771088779665380e-01,-7.613922041646255245e-02,2.217536599521791607e-01,-4.609433848567003750e-02,-9.818473644160215230e-02,6.292954894675059641e-02,8.256656110534171811e-02,-1.715362491092865260e-01,1.904783307928170633e-01,1.607578586938766818e-01,3.676562018658960929e-01,-4.451811042813041269e-03,-2.957936786807242174e-02,1.164842116964594915e-01,5.282726665396932780e-02,4.908788430355415927e-02,2.717167770550448225e-01,2.030894502099859500e-01,4.167151582073258531e-01,-6.872576969121176049e-02,3.766622935125709531e-02,5.031200974947417498e-02,8.876668237953173890e-02,2.664309613986671765e-01,-3.236604795130162970e-02,2.249127665310730328e-01,8.933234193205541462e-01,-7.262342237188133820e-02,2.191463714361892023e-01,1.600599207117443801e-01,1.135866737415597849e-01,1.020781374971904548e-01,3.879281844114264577e-01,2.628448549206937601e-01,1.777929591859487013e-01,-6.667276555855010389e-02,2.322154447026312796e-01,-7.620247220331687055e-02,-9.448936594673636169e-02,1.255685732977482039e-01,7.955009505789860380e-02
1.257332466947892191e-01,1.855251526940590590e-01,5.765286539709508357e-02,3.021744435526416694e-01,7.544853123689836127e-02,2.302081340690099731e-01,-2.368755867439660892e-02,7.309568897722047709e-02,3.608201183470085421e-02,3.492371744647707055e-01,5.605383381166075679e-02,2.333835681390621919e-01,6.096057621082592165e-02,8.234831549842167031e-02,1.241644252642500196e-01,4.842022745191156829e-01,1.000085907000708013e-01,7.574183888290600408e-02,7.515138573006788225e-02,6.308692899723568337e-02,1.000000000000000000e+00,2.742798256928737355e-01,6.749999417456477024e-01,5.808574371689390059e-02,3.545834801756345828e-02,-6.375260887841857627e-02,1.265070027569255573e-01,3.485217163119253003e-01,3.393526191484061982e-01,2.291496418940185964e-01,-1.148284557928937050e-01,-3.269922031796211603e-02,2.226695878683015717e-01,4.734776156864025087e-01,1.148666224130478891e-01,1.512653116527299946e-01,1.103818246493670219e-01,3.437172851107648253e-01,1.307269036483950375e-01,1.816579690585371498e-01,8.032671906494200098e-02,8.503110832306526312e-02,1.411804787870903910e-01,3.035180476883953538e-01,1.306594828033297573e-01,3.362793548703527091e-01,-1.696509582196399635e-02,8.247960944453487653e-02,1.459983143093395164e-01,5.262286315311275331e-01,1.675898561996279068e-01,1.610517645425361688e-01,1.537100634666417054e-01,6.800476622755051437e-02,8.118222531578354051e-01,2.223097582387817406e-01,6.324450629478264307e-01,1.568057697504443015e-01,1.381697470239334063e-02,7.129926107588624440e-02,1.868072697955102390e-01,3.693310376345369517e-01,3.221548543333454528e-01,4.232819876547728177e-01,1.738739776998473111e-02,4.527479592771020689e-02,1.797117689986939548e-01,5.272132506095876803e-01
-5.662873075909670428e-02,2.199032708568400829e-01,7.021192467585062567e-03,3.007553798936615785e-01,-2.351338172884906430e-02,4.837064829035001706e-02,9.683558590613414174e-02,-5.050139864639990872e-02,1.729990733217755261e-01,6.157404692808995939e-02,7.207120525254168131e-02,3.157285336150897903e-01,5.583490715743656164e-03,1.296531253452496389e-02,1.124346598967015526e-01,2.990289083635312983e-01,1.613161447291973360e-01,-8.791087470033825957e-02,8.038666513302676619e-02,2.171855708108288707e-01,2.742798256928737355e-01,1.000000000000000000e+00,2.765170169295670943e-01,4.046363255510781465e-01,8.286393966186737792e-02,3.902917241518081837e-01,2.953225153640041678e-01,2.355908031031311023e-01,1.630299224875857711e-01,3.112063274635989418e-01,-5.766417394799296797e-02,-9.267833356951866997e-02,1.602010523026581867e-01,2.912389050952154945e-01,-2.031700408939939029e-02,3.130903793606255592e-01,-1.286699075155072446e-02,2.540763596843849115e-01,-1.495607753125030581e-02,5.021679952025901589e-02,1.187298858832933762e-01,-4.306822537210570206e-02,2.699817889528021708e-01,7.040796288244577372e-02,6.363089724066377240e-02,3.754364189755762249e-01,-5.297039891304053914e-03,-2.096701541481778980e-02,3.002305201848180435e-02,3.565055933050133019e-01,1.296771058624974216e-01,-1.060819381772930003e-01,1.230120274427676519e-01,2.125208390540109793e-01,2.079308646379066927e-01,4.757203638476313334e-01,2.470799486148802238e-01,4.384720550027033648e-01,1.625346970239493205e-01,3.526637530683612853e-01,3.395432464378758675e-01,1.748220089422489743e-01,1.845761734788637920e-01,3.331576601709491103e-01,4.371064388207468454e-02,-5.353448755668929054e-02,1.663976770429551333e-01,3.033830976201906116e-01
1.171702968225333541e-01,2.866567871318354555e-01,2.919808877738553493e-02,2.713591175616900664e-01,1.841647828294628100e-02,1.873843814720393686e-01,-1.370820511279905174e-01,7.245858161848546530e-02,-1.314406518618357611e-01,2.961617402247019304e-01,3.074847660359747437e-02,2.720821416005692606e-01,-5.379102762352969136e-02,-3.423778601237037478e-02,5.731085097163528957e-02,5.142290265579713138e-01,2.303101355748064794e-01,-1.132154471030298454e-01,-1.125763464625761587e-02,1.424870962577851619e-01,6.749999417456477024e-01,2.765170169295670943e-01,1.000000000000000000e+00,6.713059159115013219e-03,-1.806164752052668090e-02,7.004951907512346754e-02,2.886271954672207651e-01,5.736094817818978564e-01,2.352838375350750910e-01,4.210473418850154137e-01,-1.817537915536193427e-01,-4.244241054661264390e-02,1.973378937381368992e-01,5.263305565707342426e-01,1.022505038559156088e-01,2.960751875673353073e-01,7.076013651207622990e-02,2.945116829132275460e-01,1.570674206621315849e-01,2.036290706952557372e-01,-5.914419414843027217e-02,9.704047730408475736e-02,-5.275871838438225825e-02,2.947578167086388756e-01,1.057357941804600854e-01,3.477429515618147282e-01,-1.202961922454447025e-01,-7.081977532370861694e-02,1.289883781909862970e-01,5.908796216759613085e-01,3.342169699857974741e-01,-8.259697690252570945e-02,1.103197786887956666e-01,1.473203387880680781e-01,6.232798403711592439e-01,2.738485098892460279e-01,8.022393644740677399e-01,8.414987465028297975e-02,-1.007220303277783433e-02,2.127416516705085969e-01,2.705975196766558510e-01,5.555612920183763404e-01,2.268479139040250059e-01,6.014942697538468996e-01,-9.221604072354669390e-02,6.145639175799955806e-02,1.330080914615691390e-01,5.503144139095348386e-01
