1.000000000000000000e+00,-3.318915397277043960e-02,3.086752822227026849e-01,-3.492899504325315541e-02,2.118723642633093401e-02,6.539700480387490578e-02,2.401364073230085050e-01,9.389007702293637736e-02,2.486010796712411625e-02,7.172398159323234434e-02,-1.043974999772707577e-03,1.711905683629507888e-02,3.234451741310960526e-02,2.265925918624016322e-01,-4.164619794631638098e-04,8.362595800878833141e-02,3.018555524252576894e-01,1.127493536998275814e-01,4.445208409886898804e-01,-4.304134675924604523e-04,1.824301674190300648e-01,1.075410600376430770e-02,1.402756705053805897e-01,3.270429029024633089e-02,-8.609365423403395057e-02,1.689575618882940139e-02,8.763619621352694566e-02,-8.527354713703258829e-03,4.161094385256794981e-01,6.652738219419293553e-02,2.922480517980628745e-02,-9.445340394040453030e-03,1.038609298428413152e-01,-1.436415457548059424e-02,3.918406268643869761e-01,-7.792948906882669891e-02,8.704859099389755661e-02,-7.475239822889018226e-02,7.316043826055135257e-02,7.898566333419064500e-02,8.714162152948277951e-02,1.978403782504469313e-02,3.160328299113854267e-02,1.011707101864101205e-01,7.856332512420792502e-02,-1.077836150347689752e-02,2.894287667824120211e-02,1.071482452597944390e-01,3.911422555172187898e-02,8.759835244923000475e-02,-2.296322497020967732e-02,8.337304539432653649e-02,7.896065708610915113e-02,-3.102438553855452197e-02,1.870167925302514411e-01,-1.935841445698730304e-02,6.022474551426451606e-02,2.380672624022176637e-02,-1.317229164717559744e-03,-2.413602730501792672e-03,-8.289315743761369037e-02,-9.998861784398065111e-02,3.334711308454983980e-01,-7.116475342819798822e-02,1.229379155436757937e-01,-5.830065917477061065e-03,1.480166609919294773e-01,5.776195869692223039e-02
-3.318915397277043960e-02,1.000000000000000000e+00,-7.416653598713217332e-02,1.984805777903543011e-01,1.596411429167667040e-02,1.204518948853688515e-01,-7.384282416766187185e-02,-1.157814861707374549e-01,2.501894946501494188e-02,9.843127945418861380e-02,8.560500944852848793e-02,1.967494227157939313e-01,3.870111384695582718e-02,-1.392942775476745942e-01,-7.527208176359051137e-03,2.205970419515859426e-01,2.709437350203611553e-02,-1.414323881487213330e-01,1.014407276364223849e-02,1.476297534178044879e-01,2.167901753529821729e-01,1.486743752822133335e-01,3.101570460352123249e-01,1.573790687468376304e-01,4.622911459500862741e-02,1.288078835294209634e-01,1.721336713025696796e-01,2.795003926084081436e-01,1.533792175934472479e-01,1.624991757501312584e-01,2.490804816902942448e-02,-3.216098822204042917e-02,2.323420529410129554e-01,2.556433133216018949e-01,3.081431846053706361e-02,2.949649402931968645e-01,2.081922408917228837e-02,2.021999376950429084e-01,1.413583380447427928e-02,9.380332607735969441e-02,-6.645294772947608897e-02,-6.763275470304497619e-03,2.365380815059383093e-02,7.624019683168035966e-02,7.410483244166943262e-02,1.517027278906001309e-01,3.615487396436372486e-02,-7.961419198554897658e-02,7.615022662857617863e-02,2.313111041544642366e-01,-4.317676234222756100e-03,-9.735998611331744823e-02,2.299619814745754165e-01,1.041615029650382468e-01,2.232422786932339864e-01,2.234617511408296675e-01,3.307996008359224693e-01,2.077264637240560929e-01,6.279874570815802137e-02,2.061592065790431305e-01,2.243016796118593170e-01,2.922898853525676688e-01,1.111000700822543513e-01,2.751343063889212237e-01,-4.965819481371581273e-02,-2.825431485434287682e-02,1.913492957024727770e-01,2.200720346716279197e-01
3.086752822227026849e-01,-7.416653598713217332e-02,1.000000000000000000e+00,2.038478602813333929e-01,1.704708133902320677e-01,2.900625188564480705e-01,6.795817894507927281e-01,3.995073702810562621e-01,3.446275526430012670e-01,1.066193756059785475e-01,-7.639711409536847908e-02,3.082980336288648204e-01,3.500034293762251114e-02,4.848804524476689748e-01,2.153918803459387854e-01,2.102994400873239855e-01,4.332881039437248005e-01,3.006819736802829879e-01,3.453399816917862575e-01,2.530701577614286046e-01,3.046370942344865940e-01,2.427093880292806316e-01,2.402003437011065168e-01,4.357605195712069279e-01,2.244780889552747821e-02,4.645677908042029070e-01,3.988677371496877622e-01,2.744686035681531688e-01,1.992695887346173922e-01,3.119141741437123638e-01,1.093425681286608331e-01,8.759370148939897571e-02,1.660274990552826624e-01,3.141280604339775906e-02,2.543261618271959734e-01,-1.137217217457960478e-01,5.093156810745083085e-01,9.942544241544494510e-02,1.552036346968490022e-01,3.131962107790676186e-01,5.177899589151452320e-01,3.469819933057116668e-01,2.736441359083089386e-01,2.265689780524290653e-01,1.412768955762804847e-02,3.142429141620625699e-01,-7.899067143635812860e-02,4.044660493045247884e-01,2.216425910908566832e-01,2.080696944427488648e-01,1.979260077389029537e-01,3.190373609586085180e-01,4.243190439941832426e-02,2.366109754141868249e-01,3.015708765205938890e-01,2.024256215548042026e-01,1.627039491489431222e-01,3.522483613959497828e-01,-9.848952260866127018e-02,3.182079746608594828e-01,1.756483722610811538e-01,1.821614694735483042e-01,1.423505674513564079e-01,7.424646383051966558e-02,8.539651823181708401e-02,8.782363174384387461e-02,1.637666049652625189e-01,1.049034976773479400e-01
-3.492899504325315541e-02,1.984805777903543011e-01,2.038478602813333929e-01,1.000000000000000000e+00,1.401631589428957159e-01,2.647757134053369543e-01,2.014948867488948470e-01,1.349257154184527463e-01,2.081993374625820958e-01,4.220307175654394727e-01,-4.117972163043939066e-02,7.032053169959577854e-01,-3.327374539551446186e-02,-1.429769763682812132e-02,4.994082630036485865e-02,1.787597463180748691e-01,2.274170696986517193e-01,6.567876608478995237e-02,1.326434506013545178e-01,7.823005461721687093e-01,3.128206520565723348e-01,2.626602597901593894e-01,4.111248648100661041e-01,3.175055493535258733e-01,5.795873149350438958e-02,2.989627914544454312e-01,2.549485611668723117e-01,5.278660567680882876e-01,6.537569976028681507e-02,3.359812465746511156e-01,1.242620586605257538e-01,2.644215632178899614e-02,2.758669875711694530e-01,2.940203662748844815e-01,7.911863144628313027e-02,1.202445210427951078e-01,3.044021006550267638e-01,7.757929362422409936e-01,-1.386158376840357191e-02,2.398659288349981600e-01,1.514759943280526988e-01,1.580300761966335066e-01,9.588261476058207444e-02,4.431119807351294182e-01,-9.350845216252666459e-02,6.581351472101093503e-01,-6.757953362507379547e-02,4.850788025773786205e-02,1.535681630846786883e-01,2.228953144257410091e-01,1.471447862672834728e-01,6.638750595127505816e-02,3.599983325933855394e-01,7.245914863969159514e-01,3.565207727015684558e-01,3.337670445375356953e-01,4.628740074550391492e-01,3.654984722892515303e-01,-3.660950912677675417e-02,3.526004526491097746e-01,3.236647131673364153e-01,4.618987258218523739e-01,4.288608840127586252e-02,4.108651926860238390e-01,-1.142151277961481193e-01,-2.807632371143672922e-02,2.821130825483252891e-01,2.946873638139946294e-01
2.118723642633093401e-02,1.596411429167667040e-02,1.704708133902320677e-01,1.401631589428957159e-01,1.000000000000000000e+00,2.257950788720357871e-01,2.026938720851345632e-01,1.878524890566367067e-01,1.298433784471303976e-01,7.208824094465704491e-02,1.242592573049915508e-02,1.758369901904087429e-01,-8.953324376410677285e-03,1.465301691739513967e-01,1.103825902316689367e-01,9.423558985297544877e-02,6.482083023298582103e-02,1.795785730715514783e-01,5.231837089239060185e-02,1.279246594354340183e-01,1.118793904973543057e-01,1.825869353403200834e-01,1.324419344141753163e-01,1.972758923522218155e-01,-4.260131656795275619e-03,1.173645662637327058e-01,1.533718813903400258e-01,1.464558564887898096e-01,5.880649577807041742e-03,1.282978399673156966e-01,9.681161855661149507e-02,1.526928562056993621e-01,6.818657136248901240e-02,7.010757536020997827e-02,1.184077212446114358e-01,-1.538704620826144946e-02,1.916183212875491315e-01,1.015710086951725627e-01,-5.113225200640883483e-02,1.964093226127572867e-01,2.265528786809303530e-01,2.652992962010237710e-01,9.790501339816344573e-02,1.274777203266394543e-01,-7.532284642035348698e-03,1.612924949450582346e-01,-3.153198508810391848e-02,1.985672393565530713e-01,7.112186562621364283e-02,1.138063780871970548e-01,8.474453313099751528e-02,1.987149857554901256e-01,1.116870331174178721e-01,1.544881777131283385e-01,1.081727663951212587e-01,1.823134357613325207e-01,1.586332663662890496e-01,1.925071679474910369e-01,-5.811944572002147869e-02,7.736738101070818330e-02,1.707823064915722777e-01,1.103631312724455277e-01,1.467466091682676811e-02,1.599486893401494136e-01,3.378851121138431307e-02,1.112437865844795731e-01,8.509539616756504887e-02,1.250619523900345365e-01
6.539700480387490578e-02,1.204518948853688515e-01,2.900625188564480705e-01,2.647757134053369543e-01,2.257950788720357871e-01,1.000000000000000000e+00,2.598276072578148965e-01,3.210598933953123235e-01,1.850694073214670110e-01,4.398909481335292471e-01,-2.030539589254646074e-02,4.749204874705263424e-01,-4.337986038512015724e-02,1.131961781865061384e-01,2.706860381742078880e-01,2.451022368725672695e-01,1.453726519986735244e-01,1.842243887734094920e-01,3.655539469832899679e-02,2.874480750462234391e-01,2.728292382409568395e-01,2.525310194827285470e-01,3.854418982525006920e-01,2.549352208959165256e-01,4.064200540272133039e-02,2.340171028444028301e-01,2.944472692208200404e-01,5.320791340736580333e-01,1.665966304227483041e-01,3.025180469767909663e-01,4.134406302861092647e-02,1.343232951177794343e-01,2.679584942749010934e-01,2.052580443950515199e-01,1.335885366714856526e-01,8.647159778429931720e-02,2.788076902982785099e-01,2.614574759264685078e-01,1.047035270563676790e-01,5.063121005740354175e-01,2.297272627537668976e-01,3.585190829611043517e-01,1.791384364804147200e-01,5.213162859907616298e-01,3.044314879902457194e-02,3.999769915762201311e-01,-1.892496892457408084e-02,1.484464525657721301e-01,2.511143769435657536e-01,2.332818064020795723e-01,1.542020583709751702e-01,1.965403185944741837e-01,1.560176260083810107e-01,3.032382424799577869e-01,2.130942693550998135e-01,3.270325035480683429e-01,3.688972455864434341e-01,3.275790115782561407e-01,-3.178066803054268447e-02,2.490140782993843505e-01,3.661817781411964012e-01,4.147132004829067742e-01,1.234724320414206378e-01,3.165408630453008243e-01,3.448362496079337980e-02,8.262807795272118783e-02,2.664396864718584501e-01,2.690784371886436599e-01
2.401364073230085050e-01,-7.384282416766187185e-02,6.795817894507927281e-01,2.014948867488948470e-01,2.026938720851345632e-01,2.598276072578148965e-01,1.000000000000000000e+00,5.100655739630726160e-01,5.821225930449062114e-01,-1.937366719328896536e-02,-1.100832541013998800e-01,2.482898534574236871e-01,2.514114768322691651e-01,6.249889708096004748e-01,3.943503654964300997e-01,3.056611299940720228e-01,1.766955870867759626e-01,3.375484245900890468e-01,3.394061703947703901e-02,2.083271615231546414e-01,3.365187991359447350e-01,4.366720337979816402e-01,1.849716219562417274e-01,6.981416554680220932e-01,2.830080313083926380e-01,2.947384842216860812e-01,5.335180868757291028e-01,2.322061220802951464e-01,1.082881897287835682e-01,3.497445136897424089e-01,2.004257787613475394e-01,2.007452081039536734e-02,2.156301318278243673e-01,-9.143905064722820941e-02,1.782930035473851149e-01,-1.478484601609519888e-01,5.316316160741740848e-01,3.955570413095547966e-02,1.084146398878692852e-01,2.173383990487090522e-01,7.655522307795541437e-01,3.150931407255698202e-01,5.117880394776749275e-01,1.982673430368675840e-02,4.102577148453829571e-03,2.342738769767292173e-01,1.716409461860476104e-01,5.782622157499075488e-01,3.034943652131264491e-01,3.530225959039609007e-01,2.353791510294007128e-01,3.618777465182066444e-01,-4.136606699861184594e-02,1.619337090645575350e-01,2.876601070975163821e-01,4.299881248425229119e-01,1.250264262155209860e-01,6.082643529421730699e-01,1.364103041158059859e-01,2.718552889305286269e-01,3.736366878397723301e-01,1.121903650861224983e-01,9.534074640264433853e-02,1.134805447576080623e-01,1.327990244956880062e-01,1.213552854268505100e-02,2.327053260168436000e-01,9.909399034247436122e-02
9.389007702293637736e-02,-1.157814861707374549e-01,3.995073702810562621e-01,1.349257154184527463e-01,1.878524890566367067e-01,3.210598933953123235e-01,5.100655739630726160e-01,1.000000000000000000e+00,2.240623028557698349e-01,2.033016086471101935e-01,-1.313857774773740106e-01,2.077482677424838109e-01,1.386093145979878094e-01,5.032265856135575977e-01,2.909077247844155112e-01,1.018164012793533330e-01,1.514596263908745410e-01,3.085628939975192941e-01,-5.469160740584673268e-03,1.916179623952994349e-01,3.514587025748820009e-02,2.280198960260309549e-01,9.109855219713981767e-02,1.907784105067319158e-01,1.638712443127992580e-01,1.556491919912384725e-01,2.806097330652341793e-01,3.195068730124485668e-01,-2.855993509582985604e-02,5.113388356619751329e-01,1.172110978809990517e-02,-4.146772185109698361e-02,1.301835010122721625e-01,-6.515841257244839313e-02,-2.573144662468643609e-02,-1.364309905909492360e-01,3.665978938985777202e-01,5.041241463214873875e-02,1.093828146618522346e-01,1.388122819130559182e-01,4.022063865832192775e-01,3.227006899288856756e-01,1.601101863326202246e-01,2.190831113730009883e-01,-5.991749610694836053e-02,2.276403038905480958e-01,8.129409605205417666e-02,3.733585377700572860e-01,2.622775056909340541e-01,1.568698681884944379e-01,3.026488229535079233e-01,3.267544864161782137e-01,-6.089381642409413473e-03,1.635485883567531773e-01,4.579460939487701998e-02,2.708170383181880969e-01,6.406112330092229856e-02,1.484275453976908188e-01,9.899690258654918196e-02,6.934587297066595324e-02,2.076053328587998958e-01,2.241418938302603969e-01,-1.167881663274263349e-01,3.023965014869230417e-01,-6.167106090940609880e-02,-1.254969413092764940e-01,1.583598328736307015e-01,2.476368800522169705e-02
2.486010796712411625e-02,2.501894946501494188e-02,3.446275526430012670e-01,2.081993374625820958e-01,1.298433784471303976e-01,1.850694073214670110e-01,5.821225930449062114e-01,2.240623028557698349e-01,1.000000000000000000e+00,6.853607147573878566e-02,1.267368913856339180e-02,2.508878236064036038e-01,3.090128185321020515e-01,3.814124346700051293e-01,3.630678218700388316e-01,2.710749495602380876e-01,-8.824419997770832635e-02,1.316679859404903674e-01,-4.057626137559439822e-02,2.516302359018414148e-01,2.917654980873132797e-01,4.795890767125081666e-01,1.848928095396679405e-01,6.812126127158786293e-01,4.506816900295523842e-01,4.054728430000847234e-02,5.835874307401704986e-01,1.334359895117095129e-01,7.895627404437062513e-02,5.652449066609991496e-02,2.138594010976342386e-01,1.892517125987856416e-02,1.494304508556144606e-01,1.675898760063912127e-02,8.343689104630226672e-02,3.339117848520450904e-02,2.494902309107393246e-01,9.736820543741066258e-02,2.175230129551196812e-03,1.524502399945854847e-01,4.136703813662789830e-01,1.201078759609337521e-01,6.496822899566553344e-01,6.024154803027500366e-02,9.797617775168129123e-03,2.446146082791665344e-01,2.982104405343907749e-01,4.248884081891431408e-01,2.712068408242107598e-01,3.112027784829881627e-01,-1.845815244797560303e-02,1.311919151673543449e-01,-7.296636169808014272e-02,1.637654290310014138e-01,2.518173912462144948e-01,4.257716808031997702e-01,1.302150404269578898e-01,6.115039166018840788e-01,3.210166507438654282e-01,9.669730589688503575e-02,4.375634686666278195e-01,4.064721698799220878e-02,7.304636715649408252e-02,1.298410317009036745e-02,8.203364045064463761e-02,1.813687597202930796e-02,1.754848366948369154e-01,9.724394654045748210e-02
7.172398159323234434e-02,9.843127945418861380e-02,1.066193756059785475e-01,4.220307175654394727e-01,7.208824094465704491e-02,4.398909481335292471e-01,-1.937366719328896536e-02,2.033016086471101935e-01,6.853607147573878566e-02,1.000000000000000000e+00,-6.981030373795112098e-02,4.778490340904951172e-01,-3.697210674013719223e-02,-1.324482281405605644e-01,4.963118637055875110e-02,1.032685988869359722e-01,1.713575845476101311e-01,-3.423164197864510955e-02,8.191449786171293990e-02,5.352170733377320522e-01,1.597761308466500163e-01,2.018857573292701796e-02,2.797577794719994793e-01,-6.394091802146331660e-02,-1.319141373931717598e-01,1.707376280249526812e-01,1.053145905350390092e-02,4.389106307613971358e-01,1.899870052814310317e-01,2.083057819314964865e-01,-1.341109264722367689e-01,-9.519653599240096575e-02,2.335827525451278919e-01,2.569736920981337547e-01,3.914423314747412369e-03,1.081124622653329981e-01,9.997904541318913818e-02,4.467501309959100997e-01,2.415561940246018988e-02,1.968028009114866639e-01,-1.076158294586395531e-01,1.158995779321352363e-03,-3.566830648990989422e-02,8.815546736595873956e-01,2.203916684140353952e-02,4.258597280359892046e-01,-2.682755441636416882e-02,-1.629929048230416844e-01,1.678198914468467251e-01,6.461004636320527572e-02,9.740084215252096944e-02,-1.039546290349837449e-01,1.322180084069536354e-01,4.807799759270993678e-01,2.207093150456498898e-01,1.039559610317910138e-01,2.951780281545858808e-01,4.523272057913371724e-02,4.816890201993838383e-02,2.682176161770258305e-01,7.525742145550418094e-02,3.374721255161183819e-01,9.458690589344466437e-02,2.482393014150926780e-01,-1.772927857830499943e-01,-1.376166267840293611e-01,2.464936511346269843e-01,2.565611663880095761e-01
-1.043974999772707577e-03,8.560500944852848793e-02,-7.639711409536847908e-02,-4.117972163043939066e-02,1.242592573049915508e-02,-2.030539589254646074e-02,-1.100832541013998800e-01,-1.313857774773740106e-01,1.267368913856339180e-02,-6.981030373795112098e-02,1.000000000000000000e+00,-2.618793589715643494e-02,1.260241582266719840e-01,-1.014019823635874812e-01,-6.652966889621043890e-04,-1.698307088905483958e-02,1.762017477112738303e-02,1.487774625027383016e-02,1.149582608863675137e-01,-4.847965134767544954e-02,5.646096982695086169e-02,4.620920814817407185e-02,1.039660324260656132e-01,3.139578385847218572e-02,3.599801214390545984e-02,1.702360602280119165e-02,4.326580751857524859e-02,-9.359573580522929578e-03,1.302099707680842988e-01,-5.381634576126747421e-02,7.672863470774955730e-02,4.638493815537866882e-02,6.757860846764154883e-02,1.437682274136052318e-01,-1.210542445155019485e-02,1.466108606379804002e-01,-1.303783627012201352e-01,-3.599427132621600689e-02,2.247090518293149569e-02,1.958800816638089567e-02,-1.312744559043082793e-01,-2.123284088221915125e-02,5.535102306157707597e-02,-9.514860174993067243e-02,1.344977815544909916e-01,-2.866339290577146412e-02,2.822121469472056027e-02,-7.459514275986364740e-02,2.636092906745276729e-02,1.717863108371608374e-03,-6.507297170208216353e-02,-8.731549248910501493e-02,8.869443823664184545e-02,-7.753468444684030736e-02,2.927453184558194768e-02,3.883739377567490408e-02,7.527626174433618700e-02,2.839282466986870965e-02,5.525059456782986655e-02,-3.401032500555022792e-02,4.141396634342241201e-02,1.437337227366503392e-02,7.799654098976190053e-02,1.971176466542992958e-02,6.888262747172912981e-02,7.208360329662717725e-02,4.200528824328388783e-02,8.755561758187113686e-02
1.711905683629507888e-02,1.967494227157939313e-01,3.082980336288648204e-01,7.032053169959577854e-01,1.758369901904087429e-01,4.749204874705263424e-01,2.482898534574236871e-01,2.077482677424838109e-01,2.508878236064036038e-01,4.778490340904951172e-01,-2.618793589715643494e-02,1.000000000000000000e+00,-1.077577302272438864e-01,-3.201454381930691345e-02,1.418795389487791381e-01,2.197883526480708116e-01,2.643660244814629579e-01,1.242043237094907077e-01,1.707907692587834758e-01,7.775623746441233664e-01,3.022170917416344693e-01,2.937148689060941065e-01,4.408720571878460004e-01,3.453597036515230756e-01,-2.795783964441799982e-02,3.643976648507578631e-01,2.691846612947214057e-01,6.374871559746027039e-01,1.647374485261874077e-01,2.954471289018049118e-01,9.740689330691838788e-02,1.537081407324309701e-01,2.624218709960727813e-01,3.163113801961927041e-01,1.528900299914329464e-01,1.077402150996101399e-01,3.251458249977344783e-01,7.230825740659654333e-01,5.608748343113393459e-02,4.568822672621651870e-01,2.072463958491709279e-01,3.221723042887354449e-01,1.109816767822426747e-01,5.634978783893818122e-01,-6.116050012994782292e-02,7.807533549507535975e-01,-1.637142368305248008e-01,3.868996409083855226e-02,1.969272188367916232e-01,2.403980422937490591e-01,1.844225152082082375e-01,1.454605065185634316e-01,3.167261669843905447e-01,7.627078251259851172e-01,3.121943204022566976e-01,3.579195707991807418e-01,4.818627314260005567e-01,4.248032811552162058e-01,-1.212389631720554167e-01,3.697092141607538074e-01,3.561045038005978269e-01,5.709591607406627745e-01,1.522635598516317301e-01,3.861683594627006721e-01,-5.018757031863421009e-02,8.125219616425201352e-02,2.538859488319893387e-01,2.838880401640030970e-01
3.234451741310960526e-02,3.870111384695582718e-02,3.500034293762251114e-02,-3.327374539551446186e-02,-8.953324376410677285e-03,-4.337986038512015724e-02,2.514114768322691651e-01,1.386093145979878094e-01,3.090128185321020515e-01,-3.697210674013719223e-02,1.260241582266719840e-01,-1.077577302272438864e-01,1.000000000000000000e+00,2.500477588096694515e-01,2.370542522238522076e-01,8.927850734150229173e-02,-2.301012163186008652e-01,-1.058694896318631978e-01,-1.557972945875932547e-01,-4.772084802157933181e-02,1.469625527740842930e-01,1.170155499979211311e-01,5.428358081223227244e-02,2.325752592163992660e-01,5.346985211936498006e-01,-2.453216566522233300e-01,3.575514030031853863e-01,-3.287202686775955729e-02,7.807008530580715477e-02,3.748200142719317063e-02,7.531418184380574143e-02,-2.380472509342002885e-01,1.234489110317468774e-01,-1.489729989746884642e-01,-4.754320152866223226e-02,1.022844731922943479e-01,2.957066288020468448e-02,-1.290616211192763263e-01,2.302745622289168598e-02,-1.930148585935896055e-01,9.237210125839387387e-02,-1.862253070647123532e-01,3.139382808655602486e-01,-1.149674575551897227e-01,6.993840897749260821e-02,-7.998782874193404585e-03,5.181728748135476792e-01,2.319371284429506685e-01,2.191131815954115991e-01,1.117015188832558570e-01,-1.359889529974218358e-01,-6.622271921302512465e-02,-1.500285681009922989e-01,-7.365132490475857774e-02,1.055589724217975423e-01,1.677294497302547482e-01,-7.932352175736845368e-02,1.640052100699471160e-01,4.812200701857669016e-01,-9.559851774513680733e-02,2.768482544317316663e-01,-8.162173153564764028e-02,-1.465658927758147802e-02,-4.916909503120114877e-02,4.782989294214076009e-02,-2.656110871321015199e-01,8.729139905417504508e-02,-8.183177450555537136e-02
2.265925918624016322e-01,-1.392942775476745942e-01,4.848804524476689748e-01,-1.429769763682812132e-02,1.465301691739513967e-01,1.131961781865061384e-01,6.249889708096004748e-01,5.032265856135575977e-01,3.814124346700051293e-01,-1.324482281405605644e-01,-1.014019823635874812e-01,-3.201454381930691345e-02,2.500477588096694515e-01,1.000000000000000000e+00,2.436331393762175834e-01,3.020453333633145443e-02,9.628746092876884488e-02,3.086592893914309466e-01,1.149100090143111291e-01,-1.879494343978386703e-02,3.987681907406739890e-02,2.792817184599322711e-01,-1.187346194938394550e-01,3.979922128575129059e-01,3.573798800263094377e-01,-6.882715387567675536e-02,5.155861792294004209e-01,-1.190546176859418742e-01,-4.737166474259710269e-02,2.672115741997576066e-01,1.649452042724577072e-01,-2.872582220482323284e-02,5.128636535442068767e-02,-2.950949997528585222e-01,1.693680227339647293e-01,-1.436269025619394124e-01,4.265361576396151100e-01,-1.838969149368601397e-01,3.900487416016255177e-02,-1.423905892456875724e-02,5.154680689785707814e-01,2.159146832799627991e-01,3.448562963628256650e-01,-6.256008326455557433e-02,-7.012752031959756938e-02,3.528205337640093892e-02,2.517781240107711538e-01,7.490427100776210212e-01,1.323183597726341199e-01,7.960861764936658092e-02,6.025158975366839975e-02,4.087579857797482563e-01,-4.591151005463673523e-02,-4.864374344091149799e-02,6.009453086085393692e-03,2.783025287206597476e-01,-1.627407197293436469e-01,2.499883966496198318e-01,2.018800526395498618e-01,-1.142849462342784422e-01,3.424681928432593558e-01,-1.894087832902040802e-01,-1.720659002405769133e-01,5.298400031911682483e-03,-7.860795473260878685e-03,-7.211446685413067104e-02,9.139234069401475091e-02,-8.162226563041660721e-02
-4.164619794631638098e-04,-7.527208176359051137e-03,2.153918803459387854e-01,4.994082630036485865e-02,1.103825902316689367e-01,2.706860381742078880e-01,3.943503654964300997e-01,2.909077247844155112e-01,3.630678218700388316e-01,4.963118637055875110e-02,-6.652966889621043890e-04,1.418795389487791381e-01,2.370542522238522076e-01,2.436331393762175834e-01,1.000000000000000000e+00,1.409707139040321522e-01,-8.337676930388911167e-02,4.173991450015775671e-03,-1.482540475099928534e-01,9.157403326153271128e-02,1.644381398245984560e-01,2.442691566418791482e-01,1.483674843243574792e-01,4.008530318291383399e-01,3.107001753280578815e-01,7.396240235812416575e-02,3.197564179036719856e-01,2.118563972306492238e-01,6.116026908185708683e-02,1.861630384954430784e-01,-1.873411901996159187e-02,-1.399974244230192122e-01,1.457891616046938510e-01,-4.716974887096932190e-02,-8.754853659628317186e-02,4.860540533631033111e-02,1.603053992407463268e-01,-2.243016368110839487e-02,4.051856434561955378e-02,7.408300812673046520e-02,3.036510802875091453e-01,5.377236895630191360e-02,3.992610852716489411e-01,2.512519115973620848e-02,2.940495935358795540e-02,1.561057365156038879e-01,2.588765714615884339e-01,1.975732807208352426e-01,3.506863046893931024e-01,1.522141514840440468e-01,5.886219452934374208e-02,1.313268327417395354e-02,-1.582542209565382108e-01,3.619626737526068783e-02,9.541070746587113072e-02,2.643876499329539387e-01,4.567009804215610425e-02,3.489217026658195664e-01,2.839802650617714863e-01,8.642427184203547996e-02,2.361136607023029965e-01,1.120155025779334540e-01,-3.031101225533081381e-02,4.887237860655186533e-02,3.335206683589330562e-02,-1.291637550716111527e-01,1.435965571561994836e-01,-7.700146882281401310e-03
8.362595800878833141e-02,2.205970419515859426e-01,2.102994400873239855e-01,1.787597463180748691e-01,9.423558985297544877e-02,2.451022368725672695e-01,3.056611299940720228e-01,1.018164012793533330e-01,2.710749495602380876e-01,1.032685988869359722e-01,-1.698307088905483958e-02,2.197883526480708116e-01,8.927850734150229173e-02,3.020453333633145443e-02,1.409707139040321522e-01,1.000000000000000000e+00,1.828351272896524410e-02,-1.514761244691159581e-03,7.981021183192839319e-02,1.559790614630437167e-01,5.236651074541036621e-01,2.963071843996444299e-01,5.207210771545701666e-01,3.842568019627964904e-01,1.154277228941002348e-01,1.384469073010148044e-01,4.162386370373792333e-01,3.977478819428894030e-01,1.996747385761856175e-01,1.298366014443720906e-01,1.043889984112017083e-01,6.111052928340796747e-02,3.422100335774300728e-01,1.965650569384706503e-01,1.764675787688285702e-01,2.889368396999980951e-02,1.948521875984470797e-01,1.330111859479271297e-01,2.294370329879659096e-02,2.563333495816864094e-01,2.034607526402268107e-01,1.024715040251206882e-01,2.330830095447093409e-01,1.085758224480640882e-01,-4.201871262581306082e-02,1.224001686479109646e-01,9.650908152757542435e-02,1.668465521587202682e-01,1.091369628113041668e-01,8.077667744557800455e-01,1.162723152826725392e-01,1.290888472557925604e-01,1.069228336731925799e-01,9.053392867119759713e-02,5.295711445729055500e-01,3.303037906714167971e-01,4.842495501981219364e-01,4.007443511167471661e-01,3.913685413221793669e-02,2.143259908640721689e-01,3.701499037814659498e-01,3.694951095609096403e-01,2.551245558339867436e-01,2.337929586871175247e-01,1.121378530815567570e-01,8.191058543566809291e-02,3.060005352701410386e-01,3.033272841193040970e-01
3.018555524252576894e-01,2.709437350203611553e-02,4.332881039437248005e-01,2.274170696986517193e-01,6.482083023298582103e-02,1.453726519986735244e-01,1.766955870867759626e-01,1.514596263908745410e-01,-8.824419997770832635e-02,1.713575845476101311e-01,1.762017477112738303e-02,2.643660244814629579e-01,-2.301012163186008652e-01,9.628746092876884488e-02,-8.337676930388911167e-02,1.828351272896524410e-02,1.000000000000000000e+00,1.809547664457105132e-01,5.559448512391519381e-01,2.073574251042013539e-01,2.272412163615031375e-03,5.351875874857382753e-02,1.240966627452502330e-01,1.011409985912181397e-01,-3.704404189012390214e-01,5.346697919610456928e-01,-6.886211690541269026e-02,2.579717202510668494e-01,1.296262158187015678e-01,3.289639644923008643e-01,2.750881397323956534e-02,1.574708616337121003e-01,-3.123892919614920747e-03,1.547636173356090605e-01,2.226041930530418267e-01,-6.351921669309085194e-02,3.360092673723107937e-01,1.948346179236447040e-01,8.707717076633315900e-02,2.443155119938151265e-01,2.595425912127037882e-01,2.925760292798760820e-01,-1.571641294243720510e-01,2.289083377974887867e-01,7.293448583573663990e-02,1.549981886178379564e-01,-3.733051850213254252e-01,2.254116355151663739e-02,-2.213848745676659166e-02,3.549971514523473509e-02,2.820296580047645385e-01,1.114911874714303031e-01,3.330265335554519202e-01,2.109456404051910927e-01,3.086647067739543837e-02,7.314133974794870263e-02,1.399795211812397133e-01,1.421310665837867415e-01,-3.405022658699021210e-01,3.592076949911067740e-01,-6.635720658831376073e-02,2.451827680294052514e-01,8.573608715417825599e-02,1.859762090624914599e-01,-1.789711703812955912e-02,1.628735460472988672e-01,1.780847801961040269e-02,1.601656587177934243e-01
1.127493536998275814e-01,-1.414323881487213330e-01,3.006819736802829879e-01,6.567876608478995237e-02,1.795785730715514783e-01,1.842243887734094920e-01,3.375484245900890468e-01,3.085628939975192941e-01,1.316679859404903674e-01,-3.423164197864510955e-02,1.487774625027383016e-02,1.242043237094907077e-01,-1.058694896318631978e-01,3.086592893914309466e-01,4.173991450015775671e-03,-1.514761244691159581e-03,1.809547664457105132e-01,1.000000000000000000e+00,1.890525003212538968e-01,9.320303999594729827e-02,2.514735728190885949e-02,2.752530529380770585e-01,3.676816563114065212e-02,1.175469989347376759e-01,-1.712280008897730521e-02,1.356545144012241133e-01,1.267655972782558427e-01,3.409645370845056089e-02,-6.119050070187725954e-02,1.868239864269577721e-01,2.015546549749167859e-01,3.319192166791198884e-01,2.870017906663829485e-02,6.890044040490593547e-02,1.453588091570257590e-01,-1.876946769737851961e-01,1.573146044968881940e-01,3.715445040214301886e-02,7.209602033087206263e-02,3.288805096252280791e-01,2.588061049525773871e-01,4.963113380521650408e-01,4.010285445351311623e-02,6.571597268938772496e-02,-6.895206123498505424e-02,8.624683902385475720e-02,-1.909405702883084088e-01,2.936680185043016866e-01,-4.024414123960666501e-02,1.601366423633814387e-02,2.179842972508016230e-01,4.834335768682683221e-01,1.590053635381061259e-01,9.699023265839436247e-02,3.152640089918067740e-02,1.694853650876420315e-01,1.207056894873374947e-01,7.225762138714166005e-02,-2.790104074641283627e-01,-1.081152920304769699e-01,6.581384531261150195e-02,-1.041034336520067077e-02,4.299667325704262938e-02,1.650064654100264483e-01,6.774590998185663071e-02,3.429286754204346477e-01,8.776913395473612267e-02,1.351213097628206350e-01
4.445208409886898804e-01,1.014407276364223849e-02,3.453399816917862575e-01,1.326434506013545178e-01,5.231837089239060185e-02,3.655539469832899679e-02,3.394061703947703901e-02,-5.469160740584673268e-03,-4.057626137559439822e-02,8.191449786171293990e-02,1.149582608863675137e-01,1.707907692587834758e-01,-1.557972945875932547e-01,1.149100090143111291e-01,-1.482540475099928534e-01,7.981021183192839319e-02,5.559448512391519381e-01,1.890525003212538968e-01,1.000000000000000000e+00,1.608952087007184117e-01,2.666780293936618293e-02,2.152366187553660104e-02,8.579710383783570316e-02,2.023627902373423965e-02,-2.297736763826934980e-01,2.132137229439977355e-01,6.769270187508398540e-02,6.881956790424892390e-02,2.198665038463276655e-01,1.150862436282810985e-02,7.840355037141016892e-02,1.774938376079552294e-01,-5.261030899556225909e-02,8.934153758848853433e-02,4.006445078756650791e-01,-5.290157513020667807e-02,1.636205501025149167e-01,9.339727339452191801e-02,1.099262533749900163e-02,2.020922417927245585e-01,-1.579865329424011422e-02,1.401102559624493593e-01,-1.245870466604884902e-01,1.751312282138374199e-01,2.619766403714272190e-02,1.024845065152172746e-01,-2.403780378164347142e-01,8.176841665095235800e-02,-8.972386517068797751e-02,7.840858994968681606e-02,1.511433422536147958e-02,1.253380473241418047e-01,3.673022854961935924e-01,1.194277653574007531e-01,8.639372061499496491e-02,-3.406864584437509225e-02,9.492434253757456308e-02,-5.946455751803663174e-05,-2.367473461203806750e-01,5.398863238086192007e-02,-9.403403602540454098e-02,7.783891764724837348e-02,2.253684190883969429e-01,2.096985366816260955e-03,1.363801780332972620e-02,1.503088934290673917e-01,-1.607440946513750274e-02,1.125912728106264887e-01
-4.304134675924604523e-04,1.476297534178044879e-01,2.530701577614286046e-01,7.823005461721687093e-01,1.279246594354340183e-01,2.874480750462234391e-01,2.083271615231546414e-01,1.916179623952994349e-01,2.516302359018414148e-01,5.352170733377320522e-01,-4.847965134767544954e-02,7.775623746441233664e-01,-4.772084802157933181e-02,-1.879494343978386703e-02,9.157403326153271128e-02,1.559790614630437167e-01,2.073574251042013539e-01,9.320303999594729827e-02,1.608952087007184117e-01,1.000000000000000000e+00,2.774500261477654273e-01,2.573447375789450486e-01,3.624300119727706382e-01,2.552476401069061485e-01,2.988298685346575320e-02,2.630757950726166361e-01,2.522463933098652022e-01,5.129555528670463049e-01,1.084579856648650031e-01,2.712819314557461392e-01,8.100259877202660441e-02,3.710261962323438412e-02,2.466291737247556237e-01,2.765528890913862003e-01,8.756976963246804191e-02,1.016053109808335853e-01,2.721931714426784610e-01,7.676438388293249648e-01,-8.265588927334949210e-03,2.416198418713820795e-01,1.157258507181093826e-01,1.542260254327036950e-01,9.673718068877333598e-02,5.448347860989349867e-01,-9.562358743765438096e-02,7.284614878494538592e-01,-9.334085650438457560e-02,3.127975564848663181e-02,1.486414695454315038e-01,1.715890909594867675e-01,1.447179137055469855e-01,8.478571941725639161e-02,2.923058762475176930e-01,8.102087317046071657e-01,3.225628555738189185e-01,2.962628751386097159e-01,4.021692837527716669e-01,3.036349577545023881e-01,-2.595298079120485560e-02,3.114678322780975450e-01,2.925109179961183359e-01,4.809619598801661566e-01,9.288599573960309996e-02,3.589982640139863790e-01,-1.372678759808553806e-01,-3.627373937275522181e-02,2.475951588122307923e-01,2.365065020326972411e-01
1.824301674190300648e-01,2.167901753529821729e-01,3.046370942344865940e-01,3.128206520565723348e-01,1.118793904973543057e-01,2.728292382409568395e-01,3.365187991359447350e-01,3.514587025748820009e-02,2.917654980873132797e-01,1.597761308466500163e-01,5.646096982695086169e-02,3.022170917416344693e-01,1.469625527740842930e-01,3.987681907406739890e-02,1.644381398245984560e-01,5.236651074541036621e-01,2.272412163615031375e-03,2.514735728190885949e-02,2.666780293936618293e-02,2.774500261477654273e-01,1.000000000000000000e+00,2.772881841255007140e-01,7.769965904314155569e-01,3.703594939818242726e-01,1.570716033255179778e-01,2.395277655820558238e-01,4.525164203234252058e-01,4.395926590163936054e-01,3.525176333121989858e-01,2.724161248667126833e-01,1.047486114991308254e-01,-6.530044485476850513e-02,4.941700152781433597e-01,3.248061730082537624e-01,1.694801787278324978e-01,1.756842585315152583e-01,1.143398645377438627e-01,2.460949964596935713e-01,8.817703758584718998e-02,2.234208276882548305e-01,1.420501825896844927e-01,8.141036956153979709e-02,2.821029979626243356e-01,1.721593515731418833e-01,5.541704024188454786e-02,2.731494247180535351e-01,1.349222826214547533e-01,1.050490506192345158e-01,1.912362430376081945e-01,4.619781283119810400e-01,-2.107961657872723174e-02,9.262297155775668644e-02,9.784873380797644293e-02,2.055944476750984629e-01,8.674992838233424042e-01,2.830518845542757678e-01,7.127451790422612010e-01,3.534055519770492593e-01,5.640327239007703053e-02,2.847943035191590755e-01,3.610177970558546834e-01,3.543870309588633138e-01,3.397667071498051139e-01,3.607400299659657139e-01,1.251868810602075888e-01,4.562017287380020630e-03,4.710153011283901847e-01,3.542934238121345780e-01
1.075410600376430770e-02,1.486743752822133335e-01,2.427093880292806316e-01,2.626602597901593894e-01,1.825869353403200834e-01,2.525310194827285470e-01,4.366720337979816402e-01,2.280198960260309549e-01,4.795890767125081666e-01,2.018857573292701796e-02,4.620920814817407185e-02,2.937148689060941065e-01,1.170155499979211311e-01,2.792817184599322711e-01,2.442691566418791482e-01,2.963071843996444299e-01,5.351875874857382753e-02,2.752530529380770585e-01,2.152366187553660104e-02,2.573447375789450486e-01,2.772881841255007140e-01,1.000000000000000000e+00,2.864854707715789872e-01,5.725335889252523014e-01,2.661230026848435681e-01,1.513638906129127493e-01,4.766972540790868629e-01,2.640798891810146598e-01,1.570443288950646929e-02,2.123825274498958859e-01,2.504673798913287230e-01,1.654310643295809347e-01,2.022108516189159710e-01,1.548215950679824870e-01,1.845403452537910938e-01,6.162797257755368158e-02,2.909042611153439539e-01,1.998972686793863973e-01,5.232415774586267332e-02,2.813879287040846333e-01,4.044321645215152028e-01,3.349921729216221999e-01,4.075847727906459772e-01,5.383717368073987625e-02,-2.985068147145627029e-02,2.337431355966319291e-01,6.532916633954713448e-02,3.938297883937219579e-01,1.477233227602145760e-01,3.497827931805544410e-01,1.576744064146444468e-01,2.712617352360349732e-01,1.994195787360757421e-01,1.994553121112510041e-01,2.471313647326914276e-01,5.444937945259075152e-01,3.143404109149215975e-01,5.644803912542523117e-01,5.819442203527647878e-02,1.421253367612181906e-01,4.880690796814951549e-01,1.997875375519737873e-01,4.770518685644833945e-02,2.478257115730102267e-01,3.439676528203296918e-02,1.818784455031062786e-01,2.427014674715214093e-01,2.838953035341819087e-01
1.402756705053805897e-01,3.101570460352123249e-01,2.402003437011065168e-01,4.111248648100661041e-01,1.324419344141753163e-01,3.854418982525006920e-01,1.849716219562417274e-01,9.109855219713981767e-02,1.848928095396679405e-01,2.797577794719994793e-01,1.039660324260656132e-01,4.408720571878460004e-01,5.428358081223227244e-02,-1.187346194938394550e-01,1.483674843243574792e-01,5.207210771545701666e-01,1.240966627452502330e-01,3.676816563114065212e-02,8.579710383783570316e-02,3.624300119727706382e-01,7.769965904314155569e-01,2.864854707715789872e-01,1.000000000000000000e+00,3.123719279344207012e-01,7.668904857261837904e-02,3.433980372919928081e-01,3.944509210572975655e-01,6.757061322628867828e-01,3.678418539171695034e-01,4.252077558180683559e-01,7.809754936256815827e-02,-2.486790302882716658e-02,5.251815115105905596e-01,4.657106812323050793e-01,1.199160723858642974e-01,2.524208397105009438e-01,8.122554216711201647e-02,3.591713480610259634e-01,1.341583829650181969e-01,3.291089927787039793e-01,3.923741227009853311e-02,1.608081378557096042e-01,1.460004360294755166e-01,2.861152933862549097e-01,4.643851304771764305e-02,3.612639983577077829e-01,2.194293591959814438e-02,-6.873463139933953803e-02,2.018552661750096788e-01,5.074596675689350134e-01,2.704940604861044359e-02,4.394336372982975136e-02,2.265019547436660230e-01,2.918877943411809506e-01,7.168528202125422633e-01,3.667768979008285690e-01,8.158321283260036028e-01,3.344386132633858089e-01,-3.249617464163786357e-02,3.064970509772769747e-01,3.626002027389401694e-01,5.787187400589743902e-01,3.279139482180825627e-01,5.354700353441860239e-01,6.221577501355281259e-02,3.079694100851740335e-02,4.877553381787039233e-01,4.237071292895130958e-01
