1.000000000000000000e+00 4.083156702433369256e-01 5.111090423263950910e-01 6.313857424469334623e-01 9.820434143334799693e-02 7.052387144279212983e-01 6.680529981291787323e-01 5.599031027198319022e-01 3.357095070850355523e-01 5.078828020173090652e-01 3.872504995550067330e-01 6.547118101492500619e-01 2.124434557810238045e-01 7.412333146057769051e-01 2.703567534827579499e-01 6.112225943405796835e-01 6.034116910211684282e-01 3.760500454097452372e-01 5.223189296207965127e-01 5.698949062528023690e-01 7.470869411300217200e-01 4.717967608072284880e-01 7.313099990326417110e-01 4.945848672595065110e-01 1.009577563134328587e-01 5.074298767300113866e-01 6.098059202354790820e-01 5.665929824702726769e-01 9.616319822823058416e-01 7.948106147936055965e-01 1.325076138445255292e-01 1.864618066830092125e-01 4.810437267464387490e-01 5.309015244142734069e-01 9.304929304951203850e-01 3.957833300619876815e-01 5.773385769073253737e-01 5.459842211629680753e-01 6.520265432662696037e-02 6.503509907474931406e-01 5.705930935595943110e-01 5.601962885653993807e-01 3.418053998655237180e-01 4.903291111147672354e-01 3.415137019016514786e-01 5.998946253281776109e-01 9.498864440580011281e-02 6.086242920072698626e-01 3.981721249163739929e-01 6.015229271901307850e-01 5.075970335071731121e-01 2.685736281913085333e-01 5.559834849417881752e-01 5.194746719264401458e-01 6.829753789010118981e-01 3.674573204880763333e-01 7.257546640714214181e-01 5.786067242234550489e-01 6.160083723951804979e-02 5.922059697646535614e-01 5.737113348950858560e-01 5.544745908429243864e-01 8.401798082235679699e-01 6.809771663052370805e-01 1.040704035543972839e-01 3.707208199418877970e-02 4.073443366758584538e-01 5.820687368588786104e-01
4.083156702433369256e-01 1.000000000000000000e+00 2.713882775602288744e-01 3.792870818301828928e-01 8.098187536420511923e-02 3.127666026647966668e-01 3.095477107772950376e-01 2.678547964304447415e-01 3.001339832599205226e-01 2.555518648202746990e-01 2.900804871106959504e-01 3.707426501339173841e-01 9.479122872156242607e-02 2.936045983600431009e-01 2.126781106032321345e-01 5.012495461886089521e-01 3.272862799821934510e-01 1.705616070602285761e-01 2.287027130522120699e-01 3.458312918441955874e-01 4.380965635042118889e-01 5.888283062634389609e-01 5.307829108006991703e-01 4.872332593970480907e-01 2.219651679380746923e-01 4.828729270870107948e-01 4.499782086900470657e-01 4.055489756161314019e-01 5.491405568111041857e-01 5.446287446189839176e-01 5.385051738136117927e-02 4.021132171046881698e-02 4.796587052276001240e-01 5.551363001709577194e-01 3.135936377268147002e-01 5.702298303277842928e-01 2.531743231116722059e-01 2.992428014495726041e-01 4.321068499272626151e-02 2.540387931766354135e-01 2.353890265817369376e-01 2.222003978262374058e-01 3.037552359385750078e-01 2.341274378816278756e-01 1.981308648519412019e-01 3.301672653050429229e-01 7.584637484611163327e-02 2.006975849378904997e-01 1.961521408209578876e-01 4.929798885390792029e-01 2.825149791643487562e-01 8.335081571353215868e-03 1.787794634653738779e-01 3.297391405027928490e-01 3.865095475308814588e-01 5.106211413120134157e-01 5.013253984803482943e-01 4.684778118949094461e-01 2.186391152210141742e-01 3.709785401689926210e-01 3.629550553899328347e-01 3.865794664001216407e-01 4.774973565533539577e-01 5.011884683036379462e-01 -1.697237913446826216e-02 2.600646875116931558e-02 4.174725916196736497e-01 5.552408363037708572e-01
5.111090423263950910e-01 2.713882775602288744e-01 1.000000000000000000e+00 4.083492513131578017e-01 1.061464310690986568e-01 4.590256470850938575e-01 8.767613706263568396e-01 5.771646909759605704e-01 4.321605484106748607e-01 3.472062050756565821e-01 4.122480024570278068e-01 4.584167823257820906e-01 3.068428168433556258e-01 7.841505229175829150e-01 3.039228021617139675e-01 3.712918391461182965e-01 6.224892596002381540e-01 5.064078105431639720e-01 4.742666863386990062e-01 4.583347378481856804e-01 4.654376755213034955e-01 4.050603716773866214e-01 4.422301433628577083e-01 5.122109218157812061e-01 2.311954190006421384e-01 6.924938899098397327e-01 7.894902616707336618e-01 4.133740456975815158e-01 5.067038448402720885e-01 5.533185779198938059e-01 1.484783641471423277e-01 1.389245084903677208e-01 3.411141024995849036e-01 3.208593930900945357e-01 4.447761327705246348e-01 2.381937788936975831e-01 7.472189802735230701e-01 3.411084536705766834e-01 5.035381956787772506e-02 3.999396627552088135e-01 6.124893035111478312e-01 4.105864967261411702e-01 3.526776968147768421e-01 3.392223592920134423e-01 3.076614882243352556e-01 4.127645716552925115e-01 1.231077071466437911e-01 5.010547854333358142e-01 3.312325575436131930e-01 3.361598134804584803e-01 2.971914851429039994e-01 2.667734095128440064e-01 3.208523577809693772e-01 4.657439364587580566e-01 4.654904904056102466e-01 2.426519467118511963e-01 4.378740051341495909e-01 4.447755071139155025e-01 5.231865602824493922e-02 5.736274411042205923e-01 4.981686694895644529e-01 3.998988661140858158e-01 4.267926632461270797e-01 4.293019212130849693e-01 9.291140485447463293e-02 1.558861506427413821e-02 3.103934726490114038e-01 3.270232404087952682e-01
6.313857424469334623e-01 3.792870818301828928e-01 4.083492513131578017e-01 1.000000000000000000e+00 6.585913828577684426e-02 9.288454936594801037e-01 6.486058892429141798e-01 6.160853969024148169e-01 4.398402496406225715e-01 7.490758789976408316e-01 3.433536972572813206e-01 1.326515867999381593e+00 1.517915230931354276e-01 5.838001322152369665e-01 4.213558858822240016e-01 7.286405602593384323e-01 4.437352239756552352e-01 3.420537865205649508e-01 4.528184257294896042e-01 9.843083022899810075e-01 9.308714894483399727e-01 5.567373760907172731e-01 8.272070261770442245e-01 6.589500231219753701e-01 6.936972347016678864e-02 5.744882087717477770e-01 4.810793900105156951e-01 1.048464786535113547e+00 6.785209620987012746e-01 7.556999610962986669e-01 1.068735173508146008e-01 1.136828027266283958e-01 4.224545870036309214e-01 5.634767921828279791e-01 6.235955356575628716e-01 3.867177063727377795e-01 4.690419712487277071e-01 1.447396516586600512e+00 7.692099206195851524e-02 8.539910197378141055e-01 6.300066226540025349e-01 6.508234580142303605e-01 4.872927198747146749e-01 7.279156798299648568e-01 3.087135973797480726e-01 1.315513465053817610e+00 4.466927106788469437e-02 5.481281591003317466e-01 5.143917134575206607e-01 6.566659237444020247e-01 3.808407861804732897e-01 2.104332837235340370e-01 4.253069969385212534e-01 9.623787754954808982e-01 8.933463063007145433e-01 4.576821037937914283e-01 8.406797673892124623e-01 8.230549127425541567e-01 3.836733307609349608e-02 6.312502730458722233e-01 4.620294029547087344e-01 1.068233503894531200e+00 6.439204369647691939e-01 8.021744461899737999e-01 2.194802586388253790e-02 1.854463651085877518e-02 3.620785172732894908e-01 6.227144445116095106e-01
9.820434143334799693e-02 8.098187536420511923e-02 1.061464310690986568e-01 6.585913828577684426e-02 1.000000000000000000e+00 1.316358838117541175e-01 1.275814960281967114e-01 1.308425542315052315e-01 1.016209771603220624e-01 2.851595646498049363e-02 1.073738023023720761e-01 8.391467946547609413e-02 1.089716499335160599e-01 1.517050358148557820e-01 1.143090718793185051e-01 8.941679084918996434e-02 6.917856885793569055e-02 9.772847083865224271e-02 9.161938909087813387e-02 9.890173049296194230e-02 9.496385881254579275e-02 9.770467760157640347e-02 8.855558742317889975e-02 1.212095427213699672e-01 6.597362278304402805e-02 9.929729663916757321e-02 1.487527245616782623e-01 7.426422709538577083e-02 1.147955010187240582e-01 9.084068823887303523e-02 1.485771004997763975e-02 1.753267439049423226e-01 5.438905671483142135e-02 9.505522342586414375e-02 9.484416049269392412e-02 7.767133560484286436e-02 8.117496837562253320e-02 6.454669938523618922e-02 3.405424855387411548e-02 1.028871270116322595e-01 1.098528372709180884e-01 1.325959217193066753e-01 9.968637125930195075e-02 3.783138253995989991e-02 5.481035833363431808e-02 9.263980080056408162e-02 4.364774060880230455e-02 1.174432804238198513e-01 9.188045199928991658e-02 9.584803481017079019e-02 7.557071710562277000e-02 1.769321214502066197e-02 8.842447919930938871e-02 9.752190615787907635e-02 9.352335155547530920e-02 6.892171335262468890e-02 8.934159339229393038e-02 1.164024536944310156e-01 2.032779614503743559e-02 7.877810476997945677e-02 1.062275559042073908e-01 7.897950237393139283e-02 9.154223637119997259e-02 9.226327838786607671e-02 6.779480378775923355e-02 -2.601310590062751171e-03 8.233432208017534004e-02 8.995496917430262362e-02
7.052387144279212983e-01 3.127666026647966668e-01 4.590256470850938575e-01 9.288454936594801037e-01 1.316358838117541175e-01 1.000000000000000000e+00 6.891823469213326225e-01 7.719275574626546232e-01 3.598708807975213864e-01 8.966548249236317991e-01 3.288907381772517291e-01 1.097735317003428301e+00 2.543270572070688851e-01 6.903617113065256827e-01 4.642699797344083112e-01 6.161065200034564482e-01 4.855507846034873842e-01 4.012102106603702145e-01 4.879910522870352652e-01 8.519502047010900636e-01 8.431976282094324482e-01 4.499271693300741504e-01 7.713113532254010085e-01 5.076149627204425974e-01 9.418414929285015558e-02 5.353461705742487142e-01 5.392594216413180153e-01 8.426086583102365690e-01 7.253970224271062417e-01 6.993268357288969783e-01 1.332590067507382348e-01 2.332749867191426518e-01 3.958321254340596007e-01 5.112451155563038085e-01 6.995596481892332186e-01 3.236633186631431292e-01 5.556560451592659211e-01 8.410905588352961537e-01 1.122065864794837414e-01 1.173801913774670247e+00 6.986234857198465598e-01 7.808718402801575476e-01 4.089730824699798206e-01 9.077626176144444337e-01 3.059722686045728834e-01 1.015328595906965781e+00 1.106559798088674607e-01 6.915606175771891184e-01 5.511651235321826103e-01 6.044160793277668642e-01 4.225333085190574045e-01 2.311528052712429060e-01 4.892080515533731022e-01 8.040678615464191825e-01 8.059338042756974962e-01 3.550894390630309760e-01 7.548786821861959151e-01 6.748758390574655097e-01 2.002006416794501267e-02 5.826177774419195599e-01 5.158582363798567272e-01 8.767903235238442283e-01 6.468237818812814233e-01 7.039252648580666127e-01 1.093479775312433122e-01 5.073868616935663101e-02 3.319804680205586389e-01 5.317428281100572418e-01
6.680529981291787323e-01 3.095477107772950376e-01 8.767613706263568396e-01 6.486058892429141798e-01 1.275814960281967114e-01 6.891823469213326225e-01 1.000000000000000000e+00 8.341109742785304260e-01 6.868931053061746450e-01 5.960068294502842701e-01 4.049818453138525620e-01 7.106683569291970537e-01 3.818818849403882165e-01 1.178938358035544365e+00 4.457633813396027489e-01 5.119814785639356103e-01 5.226624049498795888e-01 5.464335914542393091e-01 4.678834154332746631e-01 6.342686329635854880e-01 6.561989654813118467e-01 5.377347373167337130e-01 4.799654296641224227e-01 9.713283907763707870e-01 1.921392729265611887e-01 7.419610787768928795e-01 6.907815783815102195e-01 7.883460319134145688e-01 6.883355957165447903e-01 7.042721151179367478e-01 2.093771663812382111e-01 2.226422909483267709e-01 4.389673410087192584e-01 4.243196548580550065e-01 6.023547529939822232e-01 3.139032199458546279e-01 7.551089488003401851e-01 5.349371375186298128e-01 8.650285509486596580e-02 6.054475723676677745e-01 1.170977587594665748e+00 6.829066237330269074e-01 6.376877737202226726e-01 5.751388598766585813e-01 3.077376280066497771e-01 6.458153809074242968e-01 1.567569085873380397e-01 7.983804658180426728e-01 4.624784380830714303e-01 4.484855999325200182e-01 2.661974798245567708e-01 3.054764897295123016e-01 3.328180652938706463e-01 6.493190876747643170e-01 6.248149439090019408e-01 4.071355088444580383e-01 4.912043462177357878e-01 8.755510395565860859e-01 3.894553398910561431e-02 6.940735413793609476e-01 5.044349603274442817e-01 7.638027602197035026e-01 5.206764468185218764e-01 5.947521046955885904e-01 1.818459850143401835e-01 -3.177748944150817628e-03 3.458784363036108145e-01 4.179956016028729127e-01
5.599031027198319022e-01 2.678547964304447415e-01 5.771646909759605704e-01 6.160853969024148169e-01 1.308425542315052315e-01 7.719275574626546232e-01 8.341109742785304260e-01 1.000000000000000000e+00 4.218688339869570703e-01 5.784857561052131336e-01 3.875158303719567487e-01 6.536331453310920692e-01 2.538351211695305532e-01 8.316637174106582542e-01 3.779723972084524930e-01 4.416140229354552083e-01 4.373127418362785512e-01 5.242319889821702716e-01 4.120086193431261035e-01 5.796884188931902271e-01 5.687773323490047384e-01 4.519411137325010652e-01 4.864206142928519383e-01 5.429808703555591975e-01 9.161260119371850141e-02 6.513395885125237150e-01 4.689885958702472157e-01 7.997003223990135634e-01 5.622488753025317587e-01 7.104197981723756605e-01 1.517509274642477590e-01 1.966360779957352645e-01 3.563438784335659082e-01 3.826728739528375556e-01 5.334504993618006674e-01 2.760085772458242825e-01 5.411607715101665050e-01 5.448872914289969449e-01 7.795618251982690261e-02 6.183527630825939037e-01 7.120891964405050567e-01 8.568610520998896085e-01 4.143016615782538770e-01 5.723102908878620054e-01 2.615362897879697224e-01 6.137873868702300451e-01 4.528671161547651730e-02 7.297155006044730996e-01 3.746668221357604134e-01 3.752700153676168382e-01 3.108321644463513111e-01 2.486839088447094781e-01 3.488475652995545184e-01 5.735090964584865780e-01 5.482503132092770848e-01 3.309499354615017541e-01 4.729982680430617759e-01 5.544407326129643376e-01 -2.674700202982413857e-02 5.949765797797235134e-01 3.662689658507656820e-01 7.629891625863026716e-01 4.437462502081471749e-01 6.398805040204125216e-01 1.103411739420708387e-01 4.044413664366888067e-03 2.907172266223592150e-01 3.783651849780594323e-01
3.357095070850355523e-01 3.001339832599205226e-01 4.321605484106748607e-01 4.398402496406225715e-01 1.016209771603220624e-01 3.598708807975213864e-01 6.868931053061746450e-01 4.218688339869570703e-01 1.000000000000000000e+00 3.433223079694845969e-01 2.764577207479144150e-01 4.795467172536734823e-01 3.343761858325862146e-01 5.403561670676496620e-01 3.784682966640124935e-01 3.898822033682135535e-01 2.566427423838185673e-01 3.122313971720299675e-01 2.269807646110975907e-01 4.653124168643090197e-01 4.403524762444217533e-01 4.831253893957531131e-01 3.002237679067477072e-01 8.014793562832041030e-01 2.511892970538404657e-01 4.879513816024534933e-01 4.007383196285790872e-01 4.412066870602452950e-01 4.775162912428017048e-01 3.289506777843899110e-01 1.374765084742258225e-01 1.550561655880792478e-01 4.146969424694301187e-01 3.471326451268272328e-01 2.851426804496269840e-01 2.939301710216124519e-01 3.818572486244430353e-01 3.636618823364861641e-01 7.273231861924375763e-02 3.034647352141356391e-01 5.902338975554408673e-01 3.300440768851832241e-01 6.608411963187703630e-01 3.220884860137167571e-01 2.089858568632063651e-01 4.337609263722161934e-01 1.924021463606186422e-01 3.898968421106377980e-01 3.410868501477882231e-01 3.553915418118605563e-01 7.521289927528648778e-02 1.105965054990756535e-01 1.103551223414091370e-01 4.913958515586064335e-01 4.196783974530439165e-01 4.307452129269454533e-01 2.970140134579974944e-01 7.138908036539184376e-01 1.568590930299652852e-01 4.048778007878752749e-01 3.094767713472185156e-01 4.361283843989838815e-01 3.368112043698862634e-01 3.137182639345944546e-01 1.422685845098332624e-01 -2.340186021090300689e-02 3.272559002367677050e-01 3.059039284132584191e-01
5.078828020173090652e-01 2.555518648202746990e-01 3.472062050756565821e-01 7.490758789976408316e-01 2.851595646498049363e-02 8.966548249236317991e-01 5.960068294502842701e-01 5.784857561052131336e-01 3.433223079694845969e-01 1.000000000000000000e+00 2.043678448444871676e-01 8.796469016116348349e-01 1.711533808914681987e-01 4.908737328997756499e-01 2.787505616211315429e-01 5.178913918682608308e-01 3.598964049381069286e-01 2.958854552191716447e-01 3.501357402956621900e-01 7.380538868741102210e-01 6.715236058082517667e-01 3.950392210651367808e-01 6.023732323474344508e-01 4.719300663794936401e-01 1.408714458922174714e-02 4.296382077051993376e-01 3.343762615965343299e-01 8.842789855706407742e-01 5.434524397775406523e-01 5.367664520898007829e-01 1.316837851415098570e-01 1.570100468684942352e-01 3.436176951689061676e-01 4.154068907755584239e-01 4.510740888382742675e-01 2.879090563214863341e-01 3.864237414339030119e-01 6.481510585140632941e-01 6.938061222647912141e-02 7.478436699366679541e-01 5.325028759218924934e-01 5.748087393166748660e-01 3.526048736879184853e-01 1.657075562436447491e+00 1.852802386218480590e-01 7.627078805307948572e-01 1.979265126884312276e-02 4.572531176472600101e-01 3.509642005354537408e-01 4.790410591116656125e-01 2.454573272387152172e-01 1.424729418291195149e-01 2.788441797123528687e-01 6.889254014276514626e-01 6.262040067084795325e-01 3.304666303634832825e-01 5.757288102929855045e-01 5.477792540944903532e-01 -1.071611405642381061e-02 4.936926773166857574e-01 3.178067669858922195e-01 8.892559075445590766e-01 4.490710684608028025e-01 5.263264860345805429e-01 8.263581841674363937e-02 -7.418353162858146166e-03 2.417029080414414555e-01 4.288573494078258275e-01
3.872504995550067330e-01 2.900804871106959504e-01 4.122480024570278068e-01 3.433536972572813206e-01 1.073738023023720761e-01 3.288907381772517291e-01 4.049818453138525620e-01 3.875158303719567487e-01 2.764577207479144150e-01 2.043678448444871676e-01 1.000000000000000000e+00 3.305982694512376585e-01 2.029698795343109485e-01 4.197787842537903935e-01 2.313853144214036150e-01 3.240093788698279464e-01 4.626436177393767890e-01 3.801808059782402216e-01 4.502643509621268025e-01 3.122026741230811697e-01 3.657698359142010358e-01 3.694974322721997217e-01 3.957160675306786168e-01 3.637156361771053392e-01 2.540955781502016175e-01 5.051462242983231210e-01 5.036524534899757821e-01 3.262030630228518469e-01 3.931034605625067790e-01 4.753431764258297387e-01 9.006530630981904317e-02 1.161751073688241376e-01 2.879578624743716064e-01 4.261564228144407718e-01 3.284642315305416060e-01 2.756690277770962316e-01 3.485404043093995874e-01 2.869119600791372182e-01 5.034026900206987204e-02 2.735058579823099745e-01 2.889932906035527771e-01 2.958992753830948508e-01 2.563936662362626406e-01 1.974093281828973034e-01 3.296047374070025238e-01 3.126270270831891240e-01 1.212435640017781868e-01 2.748230193759784168e-01 2.239375408562138403e-01 3.014149620421784359e-01 3.252283444548323965e-01 1.803776767711401940e-01 3.468606166824338977e-01 3.043691435524601419e-01 3.545908175734137635e-01 2.798918267356822476e-01 3.924375524840217899e-01 3.476489323140859455e-01 1.305211485837348695e-01 3.635323517851893338e-01 3.869678746501037381e-01 3.235798386535608806e-01 3.494135995438996112e-01 3.765921823465930851e-01 6.483439932805072636e-02 6.474615119207554823e-03 2.724201558608868590e-01 3.870765419842637778e-01
6.547118101492500619e-01 3.707426501339173841e-01 4.584167823257820906e-01 1.326515867999381593e+00 8.391467946547609413e-02 1.097735317003428301e+00 7.106683569291970537e-01 6.536331453310920692e-01 4.795467172536734823e-01 8.796469016116348349e-01 3.305982694512376585e-01 1.000000000000000000e+00 2.286511946650948701e-01 6.330394163811188246e-01 4.752467154554982920e-01 6.659122426209189705e-01 4.576839134739064674e-01 3.661382947158461354e-01 4.824122037809376318e-01 1.182399916722402189e+00 8.871652071633544523e-01 5.242543002423900589e-01 7.958397705722792814e-01 6.542981481059323423e-01 1.078158152334604408e-01 5.793264784799578848e-01 5.156850924209354092e-01 1.006074481323950387e+00 7.435755241752066702e-01 7.111230732926561160e-01 1.172297765479769216e-01 1.726765910114837765e-01 4.643684662635705340e-01 5.723351570091471663e-01 6.016634463409811229e-01 3.784387502288674709e-01 5.375124582636608972e-01 1.135646912921837171e+00 9.143831361015702930e-02 9.510064328732387162e-01 6.796658420885306473e-01 6.590081478170645157e-01 5.135144902047151794e-01 8.561432153738839368e-01 3.008632349053113053e-01 1.520380595603022522e+00 9.716528414283634452e-02 5.728908102162161287e-01 5.723555772765327454e-01 6.298640519087381762e-01 3.806513029928151326e-01 2.078968691359865673e-01 4.205802411724017809e-01 1.149855601564191643e+00 8.213509651329813366e-01 4.332586947659722298e-01 7.864037923168257782e-01 8.399651968522280354e-01 4.366381071271274034e-02 6.250634074551381092e-01 5.053402699594475855e-01 1.033413309824841475e+00 6.562268444779799648e-01 7.253322609424850409e-01 6.089068074115715906e-02 1.317389804625267516e-02 3.971750889094317616e-01 5.939974945894083147e-01
2.124434557810238045e-01 9.479122872156242607e-02 3.068428168433556258e-01 1.517915230931354276e-01 1.089716499335160599e-01 2.543270572070688851e-01 3.818818849403882165e-01 2.538351211695305532e-01 3.343761858325862146e-01 1.711533808914681987e-01 2.029698795343109485e-01 2.286511946650948701e-01 1.000000000000000000e+00 4.148288734345734197e-01 2.425018868077449818e-01 1.619077040398671785e-01 1.551398419319009181e-01 2.928292489304571422e-01 2.365704994134463224e-01 2.752669867082188082e-01 2.388420921394253660e-01 1.613014343409589491e-01 1.626628334347910432e-01 2.441090713296410197e-01 2.869247356515376990e-01 1.564031274178666886e-01 3.708508377763023445e-01 1.509006920769975224e-01 3.127002832887122996e-01 7.834800027532759503e-02 1.716508210464662565e-01 2.759025805227142691e-01 2.580083456783216489e-01 1.574039123137398466e-01 1.810180337049792643e-01 8.758616142756649181e-02 2.506327404927037317e-01 1.308499165777945450e-01 7.605558821055649621e-02 2.130308394054837018e-01 2.821915098110714393e-01 2.218029993322545579e-01 3.036284451056271427e-01 1.683073113374489727e-01 1.611929026615648297e-01 2.104798324465074200e-01 3.176641897287685312e-01 2.942006933544770719e-01 2.167439296747234456e-01 1.622896502511117223e-01 2.854528188604176994e-02 1.659541132836729327e-01 1.483931651356549530e-01 2.734572514816959177e-01 2.390426283921956718e-01 1.093719042067665959e-01 1.646422204482195228e-01 2.174546872899559002e-01 7.527498761722418996e-02 9.022198334348784099e-02 2.469046665051691236e-01 1.488447522254798261e-01 2.256772255394822457e-01 7.447394275305060929e-02 2.394284913480600463e-01 7.547402515172374482e-02 2.278237929929770034e-01 1.117325521574187575e-01
7.412333146057769051e-01 2.936045983600431009e-01 7.841505229175829150e-01 5.838001322152369665e-01 1.517050358148557820e-01 6.903617113065256827e-01 1.178938358035544365e+00 8.316637174106582542e-01 5.403561670676496620e-01 4.908737328997756499e-01 4.197787842537903935e-01 6.330394163811188246e-01 4.148288734345734197e-01 1.000000000000000000e+00 3.712981057455945755e-01 4.470909325507800292e-01 5.053240112824775032e-01 5.862357922490355477e-01 5.409676263092931814e-01 5.857097257185085448e-01 6.390791250094409737e-01 4.586414695886307236e-01 4.866497410369765575e-01 6.468832625595187791e-01 2.057144356871154489e-01 6.116935548475259665e-01 7.376585351566982141e-01 5.920738638026009637e-01 7.232249055767236978e-01 6.862292404534443557e-01 1.898254124786903918e-01 2.863486085538641257e-01 4.173536459215703154e-01 4.091193892542588917e-01 6.666048075852385457e-01 2.922814308745839695e-01 6.463465318355978706e-01 5.152676144654775303e-01 8.440326128619077273e-02 6.020719864238052166e-01 8.400756122626884537e-01 6.719301012423125607e-01 4.851238053206846645e-01 4.905177415648873662e-01 2.977519480184568912e-01 5.909494288596411904e-01 1.807174493792680914e-01 8.174311178783918441e-01 3.986002124086456266e-01 4.203117048734563710e-01 2.781507135632710348e-01 3.589767949600627395e-01 4.315428494903535972e-01 5.854825722005553290e-01 6.075730574324614830e-01 3.430764472263451714e-01 4.964301818356419149e-01 5.978929210214262158e-01 4.148057827635485278e-02 5.600671130048996416e-01 5.244396743710588726e-01 5.782494001792328753e-01 5.501322554613068405e-01 5.600402639378356806e-01 2.161653733933836530e-01 3.528132851474538589e-02 3.662692630782888870e-01 3.908254992612080758e-01
2.703567534827579499e-01 2.126781106032321345e-01 3.039228021617139675e-01 4.213558858822240016e-01 1.143090718793185051e-01 4.642699797344083112e-01 4.457633813396027489e-01 3.779723972084524930e-01 3.784682966640124935e-01 2.787505616211315429e-01 2.313853144214036150e-01 4.752467154554982920e-01 2.425018868077449818e-01 3.712981057455945755e-01 1.000000000000000000e+00 3.315192627562051908e-01 2.120197291181903088e-01 2.368718782673319145e-01 2.075703471842418602e-01 4.457184421032482913e-01 3.817251666454339332e-01 2.996526590141025959e-01 3.211369553921441522e-01 4.636039799061393851e-01 1.945837808903705946e-01 3.571021908306044046e-01 3.337008856449440453e-01 3.841903697528538664e-01 3.883896339936977471e-01 2.868847522066332867e-01 8.798215938557168991e-02 1.304722010587221481e-01 2.949713675363328513e-01 2.818896950573225868e-01 2.751001381121225831e-01 2.065941426356927013e-01 3.185676004890359847e-01 3.791208041443366872e-01 1.013255131512099255e-01 3.969377268893841126e-01 4.445630528261702019e-01 3.276468154583777048e-01 4.103838550387601258e-01 2.785756699492010213e-01 1.925549119317338242e-01 4.609902395488540972e-01 1.793197714145526867e-01 3.245979643357779776e-01 3.926250140153734192e-01 3.140118313504082770e-01 1.401096333521281712e-01 8.541592272806422526e-02 1.638420253291021922e-01 4.563556242124491291e-01 3.717908179010033787e-01 2.570390424363748205e-01 3.180730716566286809e-01 5.171797956733282797e-01 9.850358764894537322e-02 3.094554881790246847e-01 2.996867258182707716e-01 3.994992992240817831e-01 3.243630065001504303e-01 2.996801536977457547e-01 7.572141632316284343e-02 -3.993294822942134240e-03 2.587543395943215918e-01 2.563200901229335527e-01
6.112225943405796835e-01 5.012495461886089521e-01 3.712918391461182965e-01 7.286405602593384323e-01 8.941679084918996434e-02 6.161065200034564482e-01 5.119814785639356103e-01 4.416140229354552083e-01 3.898822033682135535e-01 5.178913918682608308e-01 3.240093788698279464e-01 6.659122426209189705e-01 1.619077040398671785e-01 4.470909325507800292e-01 3.315192627562051908e-01 1.000000000000000000e+00 3.935528826883067932e-01 2.554310862427010553e-01 3.418013705112070144e-01 5.340188893223902777e-01 1.041853829263464037e+00 6.856002859134521232e-01 9.866023805226505905e-01 6.305836197102153706e-01 1.424026133443862530e-01 5.057105833026085406e-01 5.402177823312431793e-01 7.539705183474318950e-01 7.748829333272113651e-01 7.042107452846191329e-01 1.211027148680444698e-01 9.865541682023193371e-02 5.510262007081392355e-01 6.570474844884498511e-01 5.466906772042126050e-01 4.768901649381616092e-01 4.342103780449577677e-01 6.294976141817344439e-01 5.879126158837540833e-02 5.584800836019302439e-01 4.701135787765216012e-01 4.272445832944662403e-01 4.218589762285786526e-01 4.976671733734835401e-01 3.001084201644261262e-01 6.611194990686535267e-01 7.975132057600385627e-02 4.167419922124704357e-01 3.884597597502905675e-01 9.615547997438926853e-01 3.719018465173647425e-01 1.386846488102130293e-01 3.436526091764273150e-01 5.157396612485500853e-01 9.750992341381363726e-01 5.208759243100113956e-01 9.797296428790360778e-01 7.264024873242790337e-01 1.158425384118018930e-01 5.210698184665037980e-01 4.919958891984042015e-01 7.420073464612048086e-01 7.299925410943729487e-01 7.234158043537005645e-01 3.363258464133597053e-02 1.423394355956357493e-02 4.398758395359904649e-01 6.983207742485803005e-01
6.034116910211684282e-01 3.272862799821934510e-01 6.224892596002381540e-01 4.437352239756552352e-01 6.917856885793569055e-02 4.855507846034873842e-01 5.226624049498795888e-01 4.373127418362785512e-01 2.566427423838185673e-01 3.598964049381069286e-01 4.626436177393767890e-01 4.576839134739064674e-01 1.551398419319009181e-01 5.053240112824775032e-01 2.120197291181903088e-01 3.935528826883067932e-01 1.000000000000000000e+00 4.285140163644772238e-01 7.642123540529887071e-01 4.165186263589961690e-01 4.627839700718096583e-01 3.708310391251659066e-01 5.683093468221784850e-01 3.726080473116007430e-01 1.461752784544015638e-01 5.954011453898908623e-01 6.510088151443383930e-01 3.975847077445353595e-01 4.986359648978052062e-01 6.290019186334012691e-01 1.218999016322139389e-01 1.101247969900378820e-01 2.638764671284075103e-01 4.642984882692466897e-01 4.951558804179707063e-01 3.019761338950958107e-01 5.764822997576003472e-01 3.844500472741975150e-01 5.872749877067693497e-02 4.246265316328036166e-01 4.305763208394178809e-01 4.045881524066038404e-01 2.242972824059386028e-01 3.668475058223623630e-01 3.757950394505190084e-01 4.137634154184340884e-01 9.537981427819948455e-02 4.304344154457045990e-01 2.903223185523908789e-01 3.702136270314939637e-01 5.376543774200590597e-01 2.414087087059951509e-01 5.232203845854813684e-01 3.959763323935075463e-01 4.577118570693555766e-01 2.513595046373455211e-01 5.540398694570116689e-01 3.871580300348173576e-01 5.247166723959337253e-02 5.129567205253958706e-01 5.041404145759260658e-01 4.181065009251743181e-01 4.378995434745635018e-01 5.133278641028182765e-01 5.536623558343189977e-02 4.160893037554329321e-02 2.661542716131590769e-01 4.636782429657056448e-01
3.760500454097452372e-01 1.705616070602285761e-01 5.064078105431639720e-01 3.420537865205649508e-01 9.772847083865224271e-02 4.012102106603702145e-01 5.464335914542393091e-01 5.242319889821702716e-01 3.122313971720299675e-01 2.958854552191716447e-01 3.801808059782402216e-01 3.661382947158461354e-01 2.928292489304571422e-01 5.862357922490355477e-01 2.368718782673319145e-01 2.554310862427010553e-01 4.285140163644772238e-01 1.000000000000000000e+00 5.406846563171575637e-01 3.526249336943337309e-01 3.563381571869778108e-01 2.855508168043018880e-01 2.706583230061443968e-01 2.679314183573546226e-01 1.325679138961183834e-01 3.678633801252141899e-01 4.815526557759343129e-01 3.304461676411451498e-01 3.775614071805823424e-01 3.370141448306573362e-01 1.437196748250255673e-01 2.313965464432000685e-01 2.694899393779982555e-01 2.448549104203073534e-01 3.626843611973023518e-01 1.846749687598874534e-01 3.936004516071214265e-01 3.067939499409147452e-01 9.145189007009948967e-02 3.398629805312012309e-01 4.106078557039359866e-01 4.276176119137446441e-01 2.821165370681794071e-01 3.053586505220077241e-01 2.371513385991200484e-01 3.466068879872386543e-01 1.200862606563566498e-01 4.569177126650851295e-01 2.303790472173527504e-01 2.191060743827936419e-01 1.736605440340139861e-01 3.599013493709029565e-01 3.301941001423297495e-01 3.686374717731302209e-01 3.571900762251444261e-01 1.766633603507498373e-01 2.859796827852510437e-01 2.567533272778238507e-01 -4.665351736153450224e-02 2.967406339831032414e-01 2.799819370830506360e-01 3.305629901030687767e-01 3.044277760664332311e-01 2.826215889828092021e-01 1.653886244720498833e-01 3.780997152321579485e-02 2.518697148923211837e-01 2.374772444096519275e-01
5.223189296207965127e-01 2.287027130522120699e-01 4.742666863386990062e-01 4.528184257294896042e-01 9.161938909087813387e-02 4.879910522870352652e-01 4.678834154332746631e-01 4.120086193431261035e-01 2.269807646110975907e-01 3.501357402956621900e-01 4.502643509621268025e-01 4.824122037809376318e-01 2.365704994134463224e-01 5.409676263092931814e-01 2.075703471842418602e-01 3.418013705112070144e-01 7.642123540529887071e-01 5.406846563171575637e-01 1.000000000000000000e+00 4.364683653162816368e-01 4.400333300118445812e-01 3.002660910541151695e-01 4.499834751472239214e-01 2.340012693073669214e-01 1.737933863839846438e-01 3.884245927521193797e-01 6.454653401743679630e-01 3.548656940123510739e-01 4.350305828029277788e-01 4.642102352114617081e-01 1.078452537312755144e-01 2.416032591523861184e-01 2.470134621509681438e-01 3.723871339717290119e-01 4.538737203722840174e-01 2.207948221832543856e-01 4.437908068898765990e-01 4.189514639169779064e-01 7.665806198058271181e-02 4.410387191838545662e-01 3.398019822611858531e-01 4.146817354178735648e-01 1.995662865578209655e-01 3.487079172135474914e-01 3.473546049014665238e-01 4.484317916574795948e-01 1.448668519267948263e-01 4.153799984775917165e-01 2.872791276687400308e-01 3.279298720402248346e-01 4.297128777169206826e-01 3.686767789697121822e-01 6.264050015862538956e-01 4.236143143905136133e-01 4.402433321284298096e-01 1.783401860259108684e-01 4.814829658122686817e-01 2.659004538893403602e-01 1.631478387540584787e-02 3.325010523639672089e-01 4.568054686240453632e-01 3.731351544011221599e-01 3.859798144944194265e-01 3.682513274806469838e-01 1.487281888648787076e-01 1.023254556524487990e-01 2.615913347623526342e-01 3.753367496110729395e-01
5.698949062528023690e-01 3.458312918441955874e-01 4.583347378481856804e-01 9.843083022899810075e-01 9.890173049296194230e-02 8.519502047010900636e-01 6.342686329635854880e-01 5.796884188931902271e-01 4.653124168643090197e-01 7.380538868741102210e-01 3.122026741230811697e-01 1.182399916722402189e+00 2.752669867082188082e-01 5.857097257185085448e-01 4.457184421032482913e-01 5.340188893223902777e-01 4.165186263589961690e-01 3.526249336943337309e-01 4.364683653162816368e-01 1.000000000000000000e+00 7.150330752565465797e-01 4.706249103117898791e-01 6.278137275477556623e-01 5.535177921289347047e-01 1.520029203444101529e-01 4.875814695142879907e-01 4.996747796742356251e-01 7.137064141520083060e-01 6.836193377152770534e-01 5.442891212230815956e-01 9.866127445883553226e-02 1.926738396500649597e-01 4.796183418754552119e-01 4.692399340674530128e-01 4.937285009993634954e-01 3.423669433979514287e-01 5.173696804597023302e-01 8.725169956001952443e-01 9.369481986252167771e-02 7.413258406806952916e-01 5.902828002187666678e-01 5.524488068936836971e-01 4.983218874238590779e-01 7.026968977497561886e-01 2.906004530171307221e-01 1.092299183191205669e+00 1.408361947219838317e-01 5.021742691958500648e-01 4.894436135079903716e-01 5.063487240189820104e-01 3.043691612122539913e-01 2.210303880454181358e-01 3.732155775503827044e-01 1.408771137089358083e+00 6.427731599857876565e-01 3.995288856275018841e-01 5.848804108891174636e-01 6.875702597574024910e-01 8.406182477968007771e-02 5.242539191526324194e-01 4.697076834383052679e-01 7.038448405102859518e-01 5.559757927370894137e-01 5.255612664730413552e-01 8.639342386719248146e-02 8.822058878608464438e-03 4.030684094008585294e-01 4.757661938588225170e-01
7.470869411300217200e-01 4.380965635042118889e-01 4.654376755213034955e-01 9.308714894483399727e-01 9.496385881254579275e-02 8.431976282094324482e-01 6.561989654813118467e-01 5.687773323490047384e-01 4.403524762444217533e-01 6.715236058082517667e-01 3.657698359142010358e-01 8.871652071633544523e-01 2.388420921394253660e-01 6.390791250094409737e-01 3.817251666454339332e-01 1.041853829263464037e+00 4.627839700718096583e-01 3.563381571869778108e-01 4.400333300118445812e-01 7.150330752565465797e-01 1.000000000000000000e+00 6.223654202319259809e-01 1.227928586965187030e+00 6.193635738008862468e-01 1.352629409861655363e-01 5.617557823382651749e-01 6.130501985429728240e-01 8.637263198090414651e-01 9.055121493657387610e-01 8.223572612752164668e-01 1.490421209825835980e-01 1.479786485473593705e-01 5.769868202847889815e-01 6.836799075788868585e-01 6.889663492089398433e-01 4.566246154591063200e-01 5.538344578043232769e-01 8.427263479192097506e-01 8.133296938284967359e-02 7.781764659281653618e-01 6.061089235273836584e-01 5.787083572688693778e-01 4.846709614125104260e-01 6.486484215948808973e-01 3.567336229785748047e-01 8.910962986526622664e-01 1.515607461510018183e-01 5.849708784355124314e-01 4.606931502479768570e-01 9.302190898841162792e-01 3.950532803241417756e-01 2.307929157937012588e-01 4.427161431294946992e-01 6.749037067137370061e-01 1.638100687554876034e+00 4.746537991129236023e-01 1.174688049386239941e+00 7.592238318247920281e-01 7.760040686863392545e-02 6.164306885274248859e-01 5.615912825229607552e-01 8.485175517502645537e-01 8.203257814770056333e-01 8.314931866475760991e-01 8.365249323437524975e-02 3.705451349644148240e-02 4.645959977846647604e-01 7.368734731632484714e-01
4.717967608072284880e-01 5.888283062634389609e-01 4.050603716773866214e-01 5.567373760907172731e-01 9.770467760157640347e-02 4.499271693300741504e-01 5.377347373167337130e-01 4.519411137325010652e-01 4.831253893957531131e-01 3.950392210651367808e-01 3.694974322721997217e-01 5.242543002423900589e-01 1.613014343409589491e-01 4.586414695886307236e-01 2.996526590141025959e-01 6.856002859134521232e-01 3.708310391251659066e-01 2.855508168043018880e-01 3.002660910541151695e-01 4.706249103117898791e-01 6.223654202319259809e-01 1.000000000000000000e+00 6.223073052516229220e-01 7.113505400854963634e-01 2.164194328223508490e-01 6.071274145762490804e-01 5.216681743103704916e-01 5.999501338823867158e-01 6.101232765365949273e-01 6.553649722323040550e-01 6.154487631514993229e-02 6.397871145265711379e-02 5.121019295454950493e-01 6.143733133644390110e-01 4.136265867987531930e-01 5.091973836102584583e-01 3.728535938099007407e-01 4.514875586586021283e-01 6.157725563800248159e-02 3.820206682816233990e-01 4.456593100789403294e-01 3.756553318374169503e-01 4.952254719647035675e-01 3.635154062313000201e-01 2.843737901003050017e-01 4.911358861011561050e-01 1.006636200749272542e-01 3.486451759129287620e-01 2.907496041965906275e-01 5.960423883218738395e-01 2.848384684594063576e-01 8.852801250045844172e-02 2.400082889867756197e-01 4.648902375019021704e-01 5.640416497560558629e-01 6.381887768219594026e-01 6.028387079559625050e-01 6.881839019792501677e-01 1.921886363396077824e-01 5.043899932960784760e-01 4.194393908445072094e-01 5.718385238240879520e-01 5.332103374585830391e-01 5.979333193649108980e-01 1.544922133853094716e-02 7.667568381450173137e-03 4.259348143691497057e-01 6.079829540580617975e-01
7.313099990326417110e-01 5.307829108006991703e-01 4.422301433628577083e-01 8.272070261770442245e-01 8.855558742317889975e-02 7.713113532254010085e-01 4.799654296641224227e-01 4.864206142928519383e-01 3.002237679067477072e-01 6.023732323474344508e-01 3.957160675306786168e-01 7.958397705722792814e-01 1.626628334347910432e-01 4.866497410369765575e-01 3.211369553921441522e-01 9.866023805226505905e-01 5.683093468221784850e-01 2.706583230061443968e-01 4.499834751472239214e-01 6.278137275477556623e-01 1.227928586965187030e+00 6.223073052516229220e-01 1.000000000000000000e+00 5.142747517897310328e-01 1.514776379032162501e-01 5.816614345280387566e-01 7.193904802792016051e-01 8.206645903904887795e-01 8.411181493644954710e-01 9.759204624707933373e-01 1.236566054905515188e-01 1.066776372978119336e-01 5.363078793085301887e-01 7.929739940214615146e-01 6.475289139253674886e-01 5.166349654456381391e-01 5.116206045889499787e-01 7.205362785234510348e-01 6.305761032609188965e-02 6.952970098502100349e-01 4.311726538950861887e-01 4.987299026546653247e-01 3.428388665566166060e-01 5.798456950112937935e-01 3.670884474841729639e-01 7.673571936910263958e-01 1.141980896151593428e-01 4.535586031432804477e-01 4.227073138857810330e-01 9.452320826708138224e-01 5.452896759666204796e-01 1.640781664358849645e-01 4.777627552724257876e-01 5.717158619674492792e-01 1.084712474767860257e+00 4.591359909799444528e-01 1.386106504643738413e+00 6.584895233471947940e-01 1.008729074117552804e-01 6.021340137585303731e-01 6.610328000944707405e-01 7.915219012119755204e-01 8.318927976854293416e-01 9.187294295909196329e-01 1.916605005520304050e-02 5.415381270105161515e-02 4.401842566283986069e-01 8.309551589126794591e-01
