1.000000000000000000e+00 2.808158496869605503e-01 3.566705163604690365e-01 4.427899554098733148e-01 2.047975790855730838e-01 5.908434984133420498e-01 5.118444100766877947e-01 4.559025556797887679e-01 3.296240221064096199e-01 4.689802112083334418e-01 4.370821028765558558e-01 4.877073154782839426e-01 4.227822559353742182e-01 5.935074110330449404e-01 3.639110593749742550e-01 4.530372644048097364e-01 4.632461896129321799e-01 2.543206038996629337e-01 4.469208804432680537e-01 3.743893405386470308e-01 5.143268034576189418e-01 3.470654671139273839e-01 5.188669821129174853e-01 4.623158509165508634e-01 1.999884587424445304e-01 3.172652399716793248e-01 4.792046349915944359e-01 4.426643193765872342e-01 7.339939724649052755e-01 4.631024156633259392e-01 3.654822562647691564e-01 2.458705825456635741e-01 3.940097854541401157e-01 4.409311335751135985e-01 6.253134651956322454e-01 2.813827068358309980e-01 2.983704384606929993e-01 4.630054555702267649e-01 1.784690238748836144e-01 5.635314683383945145e-01 4.851531306995673365e-01 4.614043818706173861e-01 3.096874002208572230e-01 4.912092318169823946e-01 3.358562078245677096e-01 4.512409638706681991e-01 3.698545427499825289e-01 4.734648084143378011e-01 3.240834773106082700e-01 4.345731815705240475e-01 3.698370059265042586e-01 1.400568755443649949e-01 4.121365634224735119e-01 3.416273133473114454e-01 5.004429376156862563e-01 3.251357765264598076e-01 5.033856826190585831e-01 4.801664441862842914e-01 1.700872762211784461e-01 2.517794511206704056e-01 4.873182944122606552e-01 4.681495055974180808e-01 6.838137312202561269e-01 4.742859449101919367e-01 2.757831405069338659e-01 1.151455138196774142e-01 3.725995955317646380e-01 4.429006778763657781e-01
2.808158496869605503e-01 1.000000000000000000e+00 2.000360548367334790e-01 3.673106379089988716e-01 1.039610903412913623e-01 2.841712824274940097e-01 2.697455309775829146e-01 1.412672056578980206e-01 2.730898306230525874e-01 3.158952482715368659e-01 3.205717032393911037e-01 3.700745605018613826e-01 2.109313788618200070e-01 1.489290051808757342e-01 2.366773206927545448e-01 4.202370659792823426e-01 3.550142158578261653e-01 1.473477136643693564e-01 2.938365895662866101e-01 3.885092472279898512e-01 4.281930574504622111e-01 4.553204417832397710e-01 4.686487434483626036e-01 4.298392895327821650e-01 3.030153071523552510e-01 3.881398116074009641e-01 4.443739127854390292e-01 3.157918531840220866e-01 3.273531487188700573e-01 4.002912419883398187e-01 9.833582475820865088e-02 5.629910080012955065e-02 3.847769352575047264e-01 4.759305660154384832e-01 1.749223604997434678e-01 4.401242026355547399e-01 2.172588997591077542e-01 3.607711595531062354e-01 8.318928630519072109e-02 2.769164121427775127e-01 2.534409571160394226e-01 1.360190967160133657e-01 3.128121122292056855e-01 3.063370407776854210e-01 2.668503206192130994e-01 3.669029040583435264e-01 2.000730504082732231e-01 9.294853951306591977e-02 2.320485980515380464e-01 4.135982694151915107e-01 3.106188530621266652e-01 4.699511865894793333e-02 3.511361444911073049e-01 3.735920003447973925e-01 4.242343059602273758e-01 4.596267649714430581e-01 4.459708330738351711e-01 4.105158113135813913e-01 2.463408368262090531e-01 2.777512391866032715e-01 4.010959586892339224e-01 3.132785932056784128e-01 3.221602649906845084e-01 3.979533173751402808e-01 8.857500379820887337e-02 1.841888844637738429e-02 4.010439585298669618e-01 4.635046667979789703e-01
3.566705163604690365e-01 2.000360548367334790e-01 1.000000000000000000e+00 2.194061474481529550e-01 1.526731926838801323e-01 3.755037146220731037e-01 6.560026704679042808e-01 4.627690384365297227e-01 3.358378418775216923e-01 3.107589673450080747e-01 4.623313612523509142e-01 2.800833137059359212e-01 3.070849620773458133e-01 4.868453559597918923e-01 2.989600541377326337e-01 2.690757039000413187e-01 4.939480197596889388e-01 5.394448451885190954e-01 4.875419284682049881e-01 2.323963035170032443e-01 3.069523508063417561e-01 3.330735569516413141e-01 3.576583786732274728e-01 4.246881445192817184e-01 2.423670195425494112e-01 5.726542279965831650e-01 5.783338559125237310e-01 2.410049769025765509e-01 4.040355770247580081e-01 4.528421088754040480e-01 2.956783241027016729e-01 1.085672196129042200e-01 3.213734353953701106e-01 3.678104722788368419e-01 2.548937888014931041e-01 2.256273978467258634e-01 5.399062241765364423e-01 2.114633746084437216e-01 1.516882233106972844e-01 3.012902902817084505e-01 5.225140003515567066e-01 3.431519493882552729e-01 2.725964026017562158e-01 2.680563674506404315e-01 4.244458925898724755e-01 2.400986945997841682e-01 3.048265717212919057e-01 4.351272337755855979e-01 2.161137068118462179e-01 2.543169255189239308e-01 3.896955427166237107e-01 4.388561992512227672e-01 3.627427269560168366e-01 2.327135640175451436e-01 2.892392647101224012e-01 2.817961006954411429e-01 3.184901339462853365e-01 3.532243843614253365e-01 2.180416402942063347e-01 5.163088662219801339e-01 4.904329966156011356e-01 2.591297613822259871e-01 3.549255483403871425e-01 3.246980601960360313e-01 3.366432379557434129e-01 2.188948225770364839e-02 3.057088187472580820e-01 3.501239739335735290e-01
4.427899554098733148e-01 3.673106379089988716e-01 2.194061474481529550e-01 1.000000000000000000e+00 1.610522732958612480e-01 5.435184301074396096e-01 4.836398851152763356e-01 3.246553969012744290e-01 4.417181352503802283e-01 5.292061977326111277e-01 4.332837676765653456e-01 8.408710459147249461e-01 3.828999086102449212e-01 3.159043086879924633e-01 3.822991759840321246e-01 6.334466988320562875e-01 3.384745379852186487e-01 1.739536448056967499e-01 2.979962000777319764e-01 8.038884765481655315e-01 6.818014238147080963e-01 5.113311418332983083e-01 6.528303622864111144e-01 7.055434341754792671e-01 3.127492583312669328e-01 4.501520193712257312e-01 4.649230889028078684e-01 7.171249313782934731e-01 4.826061988322862817e-01 5.584242710588018799e-01 2.010003036353615047e-01 1.205859825983840450e-01 4.388134159335504991e-01 5.651178674377285160e-01 3.262265893270880346e-01 4.308278713997368836e-01 3.032249152779778467e-01 9.154949742320876993e-01 1.311241804942097078e-01 5.581792778748487782e-01 4.946859485723810179e-01 3.636683441839358433e-01 5.542620097530914780e-01 5.919757996453792748e-01 3.869037054369948159e-01 8.417852497691944436e-01 3.548084308269167098e-01 2.579333718985203361e-01 4.134657052353482021e-01 6.315651493991530918e-01 3.463455662282728387e-01 6.863102920001851182e-02 3.889129175613562639e-01 7.615967609166403030e-01 6.775501391025012810e-01 5.164201460940055499e-01 6.459033233492074144e-01 7.398033371026031535e-01 2.736858722538627609e-01 3.849804885695153889e-01 5.253680509672633558e-01 7.018711690689645177e-01 4.852732232287250147e-01 6.160889761382954966e-01 2.498584490899876664e-01 -2.386165149203700597e-03 4.390257702500568460e-01 5.716109471873469516e-01
2.047975790855730838e-01 1.039610903412913623e-01 1.526731926838801323e-01 1.610522732958612480e-01 1.000000000000000000e+00 2.422455231223726302e-01 1.940461337199555492e-01 2.035643199938202974e-01 1.265676531232545754e-01 1.634047113518805883e-01 1.840090689220985343e-01 1.822278009725679659e-01 1.727993316751184616e-01 2.101809038018003228e-01 1.887562456389548504e-01 1.482861648133806387e-01 1.570912914736525279e-01 1.230504825897064530e-01 1.509248332410009219e-01 1.313320644103438961e-01 1.760740603676184124e-01 1.270162601024849847e-01 1.769795512120513337e-01 1.652574813992166436e-01 8.912392351311995697e-02 1.496888903878531019e-01 1.838428578131840740e-01 1.974460403269738262e-01 2.172639694254802634e-01 1.591067163372190674e-01 1.350137239748187556e-01 1.719508682980820935e-01 1.306523824748905271e-01 1.829219989929259105e-01 1.588734178829960264e-01 1.084015716410081653e-01 1.405105624975086231e-01 1.601487427055229840e-01 8.452275160181049740e-02 2.120148427505018918e-01 1.884708802612453382e-01 1.973153137913765121e-01 1.311648227711280090e-01 1.708647978959662028e-01 1.533397878683491755e-01 1.753030528349218686e-01 1.529228891511534016e-01 1.967994396903844923e-01 1.740837820041996609e-01 1.457108612572144413e-01 1.438772495058525669e-01 9.777284062577812351e-02 1.553719772692599144e-01 1.321540365057033151e-01 1.876762042825418919e-01 1.257193304645621845e-01 1.917533958351064216e-01 1.746014536827995012e-01 8.462200639655123591e-02 1.388957799744724997e-01 1.877835463684868478e-01 2.047470250788160362e-01 2.027060616163093298e-01 1.798449750794065827e-01 9.450030844308361655e-02 7.725018594018917550e-02 1.090652411131733390e-01 1.821239542821486701e-01
5.908434984133420498e-01 2.841712824274940097e-01 3.755037146220731037e-01 5.435184301074396096e-01 2.422455231223726302e-01 1.000000000000000000e+00 6.635541282967583054e-01 5.936294469991841849e-01 3.509355217777170299e-01 7.536509718314415851e-01 4.616776811164490790e-01 6.910037027026677547e-01 4.072087769813758640e-01 5.208285379023780415e-01 5.192700013676230242e-01 4.900773159027052017e-01 4.066659958320320012e-01 2.666701319147413152e-01 3.709231103649376360e-01 5.103913181020557355e-01 5.586117136603032662e-01 3.793541822024022458e-01 5.468341813428885256e-01 5.505347841578723811e-01 1.727791051222005159e-01 3.799943951610829096e-01 4.416709693565439299e-01 6.259041788120507377e-01 5.991490428725034789e-01 4.631962784892611484e-01 3.171693010327359952e-01 2.393273635240033004e-01 3.494768807986942671e-01 4.929201495113257891e-01 4.572041575923107559e-01 3.162730105873268194e-01 4.468085579105940397e-01 5.635754413998901313e-01 2.053460632463371405e-01 7.761850320539533943e-01 6.347319102633881549e-01 6.403765632353142223e-01 3.881717295048373040e-01 7.560375688743179445e-01 4.163985472050051873e-01 6.401122193622161838e-01 3.872575652776054644e-01 4.938438614337294918e-01 4.747716836717816857e-01 4.785263893626018339e-01 4.148095752282219828e-01 2.303208564222624100e-01 4.336896587854262575e-01 5.063611966670488185e-01 5.487337347673315602e-01 3.465858141098331902e-01 5.462427525186372979e-01 5.870981846235804325e-01 1.748941494302208022e-01 4.068659415097159449e-01 5.147988634950996234e-01 6.251482661212768299e-01 5.497605910381377914e-01 5.355918911841860419e-01 3.079340937221151098e-01 7.441173373892322196e-02 3.155317354643769057e-01 5.133671493887175252e-01
5.118444100766877947e-01 2.697455309775829146e-01 6.560026704679042808e-01 4.836398851152763356e-01 1.940461337199555492e-01 6.635541282967583054e-01 1.000000000000000000e+00 6.112889266824347301e-01 5.198998465916615519e-01 5.819363570274158626e-01 5.468302634582650201e-01 5.969172239915123690e-01 4.437612256189398807e-01 6.263467696364188875e-01 4.965853414618025541e-01 4.624062495713665566e-01 4.742930619935874503e-01 4.823662874077694340e-01 4.414543422643438797e-01 4.929733107927259939e-01 5.092375632779326811e-01 4.652309185064577024e-01 5.062120420164970547e-01 7.192340743614618059e-01 3.265590833894977951e-01 5.903065364480597488e-01 6.212478110663354203e-01 5.426506572920508642e-01 5.485077620241354257e-01 5.959665547467933866e-01 3.548616115777560864e-01 1.841703483196983349e-01 4.084167817580542370e-01 5.099919307621660902e-01 3.764689790052634377e-01 3.248393606965696012e-01 6.106611977978591010e-01 4.780881214770358323e-01 2.229490139822518091e-01 5.648816822281098604e-01 8.097656740975950340e-01 5.511251142867947816e-01 5.014422825924634841e-01 5.510590400275723333e-01 4.936299475749463816e-01 5.372389056599238266e-01 4.604263499311707641e-01 5.900320488494537052e-01 4.243203642072224113e-01 4.265341662956577684e-01 4.204937252872385511e-01 3.775177172384379110e-01 4.237801391762817671e-01 4.781278832267985002e-01 4.841674227567411837e-01 4.219348389267866262e-01 4.779044924590120091e-01 6.756152560752718417e-01 3.066197673702159010e-01 6.045981502894466342e-01 6.136612523003990294e-01 5.384611270635610847e-01 4.896994878530235296e-01 5.104734804627135691e-01 4.280455885561865181e-01 4.751435642374056412e-02 3.774854304931068438e-01 4.952510943799568466e-01
4.559025556797887679e-01 1.412672056578980206e-01 4.627690384365297227e-01 3.246553969012744290e-01 2.035643199938202974e-01 5.936294469991841849e-01 6.112889266824347301e-01 1.000000000000000000e+00 1.906274371215965768e-01 3.838996849427254165e-01 4.222073312782254062e-01 3.838402397259327303e-01 2.460967344572081439e-01 5.160302229058958412e-01 3.416620733811202015e-01 2.821546711086627690e-01 3.820856386903795920e-01 3.563498259273446545e-01 3.746292357141739471e-01 2.308008226803054397e-01 3.443124014203173822e-01 2.331619288244922705e-01 3.516751202834043633e-01 3.349556422680235457e-01 8.026859363715931062e-02 3.838926757211796326e-01 3.607173705687602427e-01 5.292696445830558094e-01 4.498901577143747943e-01 5.238833534562943317e-01 2.484709819753458115e-01 1.560578772594588548e-01 2.105047109824136897e-01 3.250380904686329675e-01 3.516312168849368147e-01 1.714855618724488717e-01 4.511640081134267177e-01 3.448064039985983542e-01 1.673365581774959032e-01 4.863517312876488585e-01 5.134582160927099181e-01 6.482287417904645244e-01 1.782553180502502999e-01 3.861844873476745210e-01 4.013524363913067994e-01 3.610723680621630849e-01 2.512870992558165484e-01 5.257375514750868284e-01 2.925318689886465262e-01 2.808716952510227349e-01 3.710237767875004256e-01 3.517893955967789088e-01 3.686283819872154810e-01 2.134556240115130787e-01 3.447917842250747267e-01 2.031878347093400983e-01 3.664803027238888178e-01 3.504786893894306088e-01 8.734227429663959930e-02 4.014110092675823860e-01 3.865649654397718127e-01 5.452351343426651287e-01 4.214778329395690859e-01 5.091544590872282283e-01 2.549281719752352071e-01 5.665496873368008890e-02 1.643635117211059704e-01 3.386166763994717943e-01
3.296240221064096199e-01 2.730898306230525874e-01 3.358378418775216923e-01 4.417181352503802283e-01 1.265676531232545754e-01 3.509355217777170299e-01 5.198998465916615519e-01 1.906274371215965768e-01 1.000000000000000000e+00 3.899477663889979184e-01 3.749321326135295895e-01 4.905813345157518102e-01 4.954573521941817993e-01 4.047018110666708024e-01 3.725959075054815495e-01 4.289347253767111789e-01 2.452434930361430676e-01 1.976705832386454476e-01 2.243456396398668951e-01 4.701974116131844017e-01 4.529907781851103543e-01 4.790878536884974892e-01 4.187530965959276874e-01 6.835005662892914557e-01 4.162453169936107811e-01 3.386647515952859733e-01 4.867173731152435456e-01 3.031013811757272136e-01 3.929294037753738866e-01 3.205705450361032716e-01 2.786905228136068446e-01 1.489757857370427596e-01 3.961087603271026825e-01 4.234279394834249977e-01 2.419337821989692161e-01 3.266372643329704673e-01 3.069209770461245324e-01 4.366214341458615200e-01 1.648366638115678073e-01 3.274604569062903869e-01 5.455283696943937777e-01 2.154005089349647351e-01 6.029458886866995160e-01 3.887959010695509754e-01 3.293543729013043153e-01 4.574157617630179029e-01 4.969826946914184251e-01 3.423260041909214069e-01 3.331650547965578912e-01 4.107001786672693777e-01 1.953451975398342033e-01 1.194591904436543561e-01 2.269676481658563505e-01 4.650716261890304737e-01 4.537117390565662545e-01 4.718070781015167858e-01 4.102847048506416128e-01 6.116305298297768367e-01 3.744924686777648115e-01 3.668747733428574520e-01 5.121853119400793242e-01 3.128027165247123653e-01 3.619501116014754993e-01 3.125962533238742513e-01 3.233444264057312445e-01 2.386776559552955881e-02 3.905236668122309962e-01 4.101900484586364914e-01
4.689802112083334418e-01 3.158952482715368659e-01 3.107589673450080747e-01 5.292061977326111277e-01 1.634047113518805883e-01 7.536509718314415851e-01 5.819363570274158626e-01 3.838996849427254165e-01 3.899477663889979184e-01 1.000000000000000000e+00 4.283791888050812458e-01 6.902535472620244805e-01 3.992830769682181313e-01 3.785927271721889475e-01 4.045368541306073595e-01 4.801335782272065367e-01 3.886245544374260508e-01 2.769489516450360789e-01 3.514014416245222483e-01 6.046661481311587094e-01 5.647115676234674142e-01 4.472963232651044341e-01 5.332861299649257480e-01 5.658288366699316674e-01 2.547077629314375424e-01 4.263289895958963793e-01 4.255680140751518792e-01 5.566676178303862077e-01 4.830845310149810556e-01 4.242509671930551063e-01 2.504406293740866207e-01 1.655680209646951950e-01 3.931607849440822422e-01 5.038329055202404039e-01 2.764023641677531007e-01 3.659674843658605736e-01 4.226639113485127774e-01 5.425713729290533305e-01 1.754739500751383297e-01 7.049409313159474832e-01 5.469432294940295147e-01 4.597384524746787049e-01 4.479015755215469130e-01 9.227199731468013200e-01 4.178968243167531238e-01 6.501960110134107351e-01 3.937583116366683567e-01 3.033947126347817380e-01 4.088464292022127022e-01 4.776774957496188745e-01 3.759582147914459216e-01 2.309982920958544850e-01 4.091042468862046144e-01 6.148543165703325153e-01 5.435884948736875444e-01 4.025605082188616346e-01 5.115764473421122727e-01 5.873850385846519639e-01 2.387629203653207077e-01 4.449102493913783540e-01 4.808318783361881232e-01 5.427502841770701636e-01 4.178257290708939364e-01 4.738196119556222774e-01 3.057673722181171727e-01 3.239112986469937228e-02 3.688980228087124225e-01 5.127513667561041100e-01
4.370821028765558558e-01 3.205717032393911037e-01 4.623313612523509142e-01 4.332837676765653456e-01 1.840090689220985343e-01 4.616776811164490790e-01 5.468302634582650201e-01 4.222073312782254062e-01 3.749321326135295895e-01 4.283791888050812458e-01 1.000000000000000000e+00 4.546025764804075830e-01 4.437129063027641096e-01 4.559148177043635397e-01 3.364713622946390315e-01 4.362417644453293608e-01 5.322179785522336282e-01 5.180335969849079181e-01 5.702778515083171129e-01 4.288126411502554136e-01 4.984871426777325309e-01 4.539706433354798731e-01 5.210045881003434465e-01 4.911940219617170200e-01 3.641616541933387907e-01 5.473112624463589704e-01 6.139940489357549325e-01 4.181766505219035590e-01 4.973492456444613685e-01 5.408134878362473863e-01 3.091389134684425777e-01 1.280051481980148398e-01 4.313273453757565656e-01 5.486114163416285772e-01 3.063893233306513308e-01 3.590359915172143812e-01 3.682539141730720722e-01 4.153994582318091267e-01 1.495249832091147812e-01 4.078990392263354692e-01 4.315556540781160244e-01 3.413663312689227958e-01 3.365722898026041188e-01 4.097600940355777266e-01 5.079947656666410349e-01 4.367192356989509916e-01 3.970586934965230630e-01 3.238885091368107760e-01 2.867559608088011136e-01 4.265975953399400722e-01 4.479618731583437374e-01 3.360840739744019312e-01 4.933744238411573724e-01 4.180428502546020275e-01 4.963048096755110494e-01 4.119053380441940471e-01 5.046925736793259620e-01 4.583167525876127302e-01 2.863767928675434171e-01 4.397383471165296487e-01 5.191005802001623648e-01 4.225774742980049070e-01 5.010823981175248631e-01 5.022719541278838351e-01 3.031517794160820678e-01 1.029977419161501838e-02 4.334915446059075528e-01 5.204342277903371006e-01
4.877073154782839426e-01 3.700745605018613826e-01 2.800833137059359212e-01 8.408710459147249461e-01 1.822278009725679659e-01 6.910037027026677547e-01 5.969172239915123690e-01 3.838402397259327303e-01 4.905813345157518102e-01 6.902535472620244805e-01 4.546025764804075830e-01 1.000000000000000000e+00 4.333388596941049054e-01 3.664083701554108341e-01 4.757742748420810130e-01 6.559764788365344268e-01 3.780925510022371538e-01 2.243733235196771758e-01 3.377214226196054714e-01 8.310020890854142861e-01 7.105802996021839402e-01 5.178532728750468994e-01 6.746915820380606776e-01 7.365111800825390187e-01 3.086645381935120835e-01 4.570219917861485515e-01 4.980462662269665719e-01 7.342210387390714077e-01 5.352549379106243954e-01 5.430009735303370499e-01 2.572113545633211151e-01 1.702987212694974661e-01 4.568090711011656424e-01 5.963545884725293122e-01 3.321854788150526705e-01 4.365423594544071140e-01 3.745742575719193113e-01 8.427836391331349208e-01 1.727960710171386194e-01 6.768548955704646319e-01 5.790362286522866553e-01 4.212920264497257428e-01 5.852604450760507948e-01 7.258036866132280274e-01 4.157376356035826226e-01 8.972144336251900443e-01 3.967218097451524761e-01 2.982934312298849422e-01 5.058457639229921865e-01 6.425078755869136904e-01 3.773624617402583925e-01 1.078819300094381456e-01 4.008883812728407658e-01 8.149724101104860452e-01 7.037239295313331144e-01 5.050627545584965850e-01 6.718529817827738615e-01 7.617272190983099822e-01 2.620132493309664801e-01 4.257819154256834437e-01 5.559082178970493615e-01 7.207065515340663753e-01 5.136972437536097003e-01 6.024030686367906062e-01 2.631011571487216205e-01 1.312695682560452611e-02 4.442582199997895942e-01 6.102945661596484994e-01
4.227822559353742182e-01 2.109313788618200070e-01 3.070849620773458133e-01 3.828999086102449212e-01 1.727993316751184616e-01 4.072087769813758640e-01 4.437612256189398807e-01 2.460967344572081439e-01 4.954573521941817993e-01 3.992830769682181313e-01 4.437129063027641096e-01 4.333388596941049054e-01 1.000000000000000000e+00 5.299733899629862632e-01 3.632252450964308377e-01 4.471880241266289469e-01 2.397985484058777761e-01 1.969000201747513890e-01 2.848122572565299215e-01 3.783440614880412278e-01 4.897467287190244711e-01 3.675750920635372232e-01 4.488695129103231762e-01 5.256919152431087650e-01 4.058108087026596200e-01 1.961732655209176279e-01 5.242104318000144758e-01 3.207968144014967105e-01 5.037180677302491860e-01 2.473127596905664582e-01 4.506682577200403772e-01 2.460807061046580979e-01 3.794488515277242291e-01 4.033883639808468757e-01 3.261136292759136968e-01 2.439579963362730197e-01 2.086907930734783478e-01 3.852083222095362136e-01 1.723719760463954809e-01 4.053908589417550834e-01 4.886025193186484539e-01 2.977379580533757730e-01 4.938507437815580214e-01 4.018983178887950425e-01 3.125987795438374128e-01 4.186061035361761107e-01 6.336934035146176702e-01 4.304970484473193415e-01 3.275715367981516524e-01 4.479141100993490610e-01 1.762750282736714191e-01 1.049508603093364523e-01 2.360871862952083067e-01 3.900062168369263782e-01 5.080787239918389542e-01 3.494180834013064785e-01 4.673618630966029919e-01 5.116563993799203569e-01 3.674185194810277166e-01 2.110340146988052279e-01 5.375138822970437769e-01 3.497590879557678778e-01 4.804141026713492635e-01 2.910709094630254956e-01 3.923811735750214469e-01 8.981298105636591200e-02 3.524909765167754117e-01 4.218898113802949101e-01
5.935074110330449404e-01 1.489290051808757342e-01 4.868453559597918923e-01 3.159043086879924633e-01 2.101809038018003228e-01 5.208285379023780415e-01 6.263467696364188875e-01 5.160302229058958412e-01 4.047018110666708024e-01 3.785927271721889475e-01 4.559148177043635397e-01 3.664083701554108341e-01 5.299733899629862632e-01 1.000000000000000000e+00 3.483471338301458720e-01 3.055012571089606999e-01 3.204502047230100570e-01 3.768319975317730997e-01 3.713732272786895439e-01 2.368695222713934345e-01 3.832285082038168200e-01 2.743110169064157944e-01 3.547565747731116215e-01 4.283903462483824587e-01 2.546991191591851389e-01 2.401689461915577084e-01 5.248092759748096414e-01 2.876245312822676703e-01 6.554427076791957685e-01 3.592965671471521905e-01 5.157713157398090553e-01 3.309007446293467658e-01 3.270957840776813064e-01 3.205998234964739235e-01 5.516803436110531145e-01 1.525235745201131143e-01 2.932204190166768365e-01 3.347743382670547718e-01 2.234914427225352385e-01 4.681244338415255779e-01 5.793742736332636589e-01 5.164430284802674631e-01 3.298873589135145057e-01 3.755047918940598306e-01 3.017086360180563642e-01 3.144437612421154826e-01 4.759273041659166648e-01 7.094919743441294724e-01 2.929059240017964361e-01 2.895631996827094379e-01 2.443568117552006869e-01 3.037045816566586454e-01 2.659523962490538684e-01 2.291439506673153548e-01 3.868451087199437088e-01 2.395356862552783239e-01 3.602800961003869151e-01 4.124813374546698608e-01 2.311968126369654541e-01 2.490106921779238203e-01 5.071258998651200223e-01 3.404396459099406913e-01 5.675499645822579264e-01 2.990947831670582313e-01 4.636162029012179664e-01 1.300687337027411627e-01 2.607578967399438730e-01 3.411625643433781052e-01
3.639110593749742550e-01 2.366773206927545448e-01 2.989600541377326337e-01 3.822991759840321246e-01 1.887562456389548504e-01 5.192700013676230242e-01 4.965853414618025541e-01 3.416620733811202015e-01 3.725959075054815495e-01 4.045368541306073595e-01 3.364713622946390315e-01 4.757742748420810130e-01 3.632252450964308377e-01 3.483471338301458720e-01 1.000000000000000000e+00 4.204868917212579160e-01 2.483786346185409000e-01 2.020848982636171964e-01 2.493926600576002461e-01 3.700431709969801974e-01 4.178515386657448150e-01 3.329783366457645388e-01 4.068296765615268540e-01 5.062882134191342143e-01 2.344814612573499213e-01 2.863711028804113434e-01 3.557994186615883181e-01 3.951654862104486687e-01 3.932330029666373239e-01 3.095443148316056603e-01 2.288843625858421049e-01 1.479632220663102127e-01 2.676498769707277292e-01 3.938639971010992613e-01 2.666151720389434709e-01 2.445558655345135557e-01 3.218627108155115990e-01 3.813750370534304546e-01 1.744128460649810863e-01 4.503287619119452079e-01 5.040130917530618593e-01 3.666129251197842165e-01 3.837569152031762854e-01 3.959023388758944884e-01 3.315350449030397550e-01 4.401255787914953310e-01 3.762388941518440277e-01 3.647388355409425520e-01 3.947968835559092504e-01 3.922085622939033289e-01 2.553534786857847294e-01 1.703254770620939162e-01 2.824574447094214125e-01 3.555271990932565296e-01 4.229553895103279615e-01 3.170727919957305185e-01 4.037167967200529506e-01 4.944249785798511265e-01 2.335026893293555006e-01 3.183062196000950861e-01 4.350021222529027454e-01 3.906802579726079694e-01 3.975153389880704546e-01 3.553776168341153396e-01 2.644316950919841647e-01 7.763004022579245156e-02 2.514624731959236303e-01 3.798450354037538612e-01
4.530372644048097364e-01 4.202370659792823426e-01 2.690757039000413187e-01 6.334466988320562875e-01 1.482861648133806387e-01 4.900773159027052017e-01 4.624062495713665566e-01 2.821546711086627690e-01 4.289347253767111789e-01 4.801335782272065367e-01 4.362417644453293608e-01 6.559764788365344268e-01 4.471880241266289469e-01 3.055012571089606999e-01 4.204868917212579160e-01 1.000000000000000000e+00 4.014762195663560407e-01 1.987140252790442208e-01 3.689646261908483549e-01 5.840491307130535326e-01 8.031365793648130857e-01 5.682710163832777051e-01 8.078249967118085184e-01 6.632955691051616309e-01 3.437770687133587244e-01 4.165721507596696904e-01 5.781764149675659992e-01 6.213035957313968183e-01 5.270825440436880394e-01 5.417268444375902270e-01 2.354591337883107649e-01 1.192887552152570863e-01 5.213301518505905063e-01 6.513273737583116230e-01 2.675964723207532314e-01 4.629615197753031430e-01 3.151261993683993623e-01 6.286983841930543493e-01 1.197275077646291486e-01 4.834765331359806018e-01 4.723325501841546536e-01 3.057754769873439193e-01 5.060394238594868588e-01 4.940307054678442222e-01 3.899691069984929648e-01 6.498502313410419173e-01 4.014747842306294334e-01 2.286826277987207279e-01 4.078992832967942017e-01 8.436700956081638614e-01 3.828616592778486538e-01 6.840469867472474819e-02 4.209130401467799376e-01 5.737030457538783157e-01 8.058634051314922386e-01 5.540033151095530295e-01 8.047047027322463686e-01 6.896748986551530791e-01 3.099186145253294278e-01 3.552347655428120810e-01 6.214451173410309170e-01 6.268161429318426237e-01 5.543380974826612739e-01 6.211803341173359749e-01 2.316967928565334400e-01 4.305440006434662487e-02 5.093132094505523622e-01 6.734675913747811826e-01
4.632461896129321799e-01 3.550142158578261653e-01 4.939480197596889388e-01 3.384745379852186487e-01 1.570912914736525279e-01 4.066659958320320012e-01 4.742930619935874503e-01 3.820856386903795920e-01 2.452434930361430676e-01 3.886245544374260508e-01 5.322179785522336282e-01 3.780925510022371538e-01 2.397985484058777761e-01 3.204502047230100570e-01 2.483786346185409000e-01 4.014762195663560407e-01 1.000000000000000000e+00 4.346889015084309804e-01 6.586888765807050738e-01 3.423858265628514363e-01 4.580194312211063878e-01 4.417268426896104883e-01 5.438562938689855963e-01 4.140807587704615211e-01 2.608473456971749371e-01 6.241468271837654624e-01 5.900403025379843402e-01 3.906211029720188521e-01 4.590710571836712495e-01 6.290968159940919513e-01 2.028796957045223837e-01 7.421897898023657736e-02 4.126582450751828945e-01 5.285304344360922668e-01 2.819293331808441216e-01 3.997231002638803044e-01 3.935384578222794749e-01 3.252231313954094816e-01 1.305945691123180930e-01 3.570177378142480595e-01 3.234446463720854759e-01 2.585110372465923567e-01 2.037239545266801843e-01 3.737961862460176254e-01 4.444116411980353898e-01 3.344926959126128807e-01 2.074128156080529417e-01 1.888365168208013811e-01 2.029150966993802374e-01 3.776553705108015024e-01 5.802317442696326433e-01 2.319280092443314345e-01 5.885124217678114888e-01 3.267046638419847104e-01 4.275542554660259897e-01 3.903303237706540751e-01 4.909691268537311193e-01 3.811597582125541006e-01 1.692460459836390152e-01 4.126298910663325770e-01 4.581324707990342970e-01 3.845819042671525523e-01 4.436004043512258854e-01 5.465621981881880753e-01 1.576301454706270089e-01 1.462519728364223073e-02 4.222286075704535513e-01 5.164335546789937670e-01
2.543206038996629337e-01 1.473477136643693564e-01 5.394448451885190954e-01 1.739536448056967499e-01 1.230504825897064530e-01 2.666701319147413152e-01 4.823662874077694340e-01 3.563498259273446545e-01 1.976705832386454476e-01 2.769489516450360789e-01 5.180335969849079181e-01 2.243733235196771758e-01 1.969000201747513890e-01 3.768319975317730997e-01 2.020848982636171964e-01 1.987140252790442208e-01 4.346889015084309804e-01 1.000000000000000000e+00 5.512030586139898825e-01 2.159457758978449160e-01 2.342948837929308137e-01 2.608767270365212054e-01 2.599752655376646460e-01 2.517927696579969066e-01 2.114483436848769715e-01 5.166433299845119009e-01 4.770642620711449400e-01 1.454688401546781473e-01 2.968363506642117677e-01 3.755572394072064224e-01 2.646497866909735541e-01 5.629193101554343104e-02 2.769576731584867391e-01 3.100652377596402887e-01 1.242967099771764977e-01 1.706409977756735419e-01 3.742208719682905138e-01 1.543483748856558369e-01 1.097523105176961833e-01 2.109823282269654987e-01 2.956101737134430585e-01 1.942845193928159631e-01 1.407066629189955842e-01 2.258313316203784671e-01 4.316236697145904855e-01 1.999929088252068721e-01 1.935199439899110418e-01 2.447200951275675107e-01 1.438305685345582230e-01 1.822473203596963742e-01 3.312381730656537848e-01 5.345623580559059063e-01 3.213012705163438287e-01 2.197139907021200544e-01 2.301231262408700851e-01 2.143878992936724126e-01 2.489871173584666253e-01 1.931968428101259461e-01 1.463052377539151017e-01 4.159326713694632138e-01 3.129516645743388725e-01 1.676700325967184213e-01 2.917478437645456002e-01 2.464084540857015004e-01 2.952280532774672617e-01 -2.158118556478321945e-02 2.784075087356568945e-01 3.009355763703445708e-01
4.469208804432680537e-01 2.938365895662866101e-01 4.875419284682049881e-01 2.979962000777319764e-01 1.509248332410009219e-01 3.709231103649376360e-01 4.414543422643438797e-01 3.746292357141739471e-01 2.243456396398668951e-01 3.514014416245222483e-01 5.702778515083171129e-01 3.377214226196054714e-01 2.848122572565299215e-01 3.713732272786895439e-01 2.493926600576002461e-01 3.689646261908483549e-01 6.586888765807050738e-01 5.512030586139898825e-01 1.000000000000000000e+00 3.019581629120734467e-01 4.095009717559917051e-01 3.876423426097708180e-01 4.608863343960896142e-01 3.324941268001809780e-01 2.603188839361118001e-01 5.703270169991188077e-01 5.874635964809774569e-01 3.194265711380215311e-01 4.512492361232737226e-01 5.251060010549002399e-01 2.716886387457480012e-01 1.111812076524983928e-01 3.816226118991092320e-01 4.749740430362939803e-01 2.861749386713763332e-01 3.299481368385005498e-01 3.324232997656718092e-01 2.963698125286655660e-01 1.355083965737253759e-01 3.382488248570352241e-01 2.773628366948834301e-01 2.716069502138762637e-01 1.670510428704610750e-01 3.332058096927983937e-01 4.505325724793741715e-01 3.079015173664210736e-01 2.368446310080691841e-01 2.182367648385298287e-01 1.958841731149146559e-01 3.534107552238336947e-01 5.005611521513255724e-01 3.556056699868219706e-01 5.523146139321617465e-01 3.055661370670488264e-01 4.096531552777302743e-01 3.264788438304965790e-01 4.423279509408047927e-01 2.996651784429831267e-01 1.763184031506705163e-01 3.727715794679418715e-01 4.366386226408552895e-01 3.397900293916908399e-01 4.546233423116405326e-01 4.589188581588625748e-01 2.120147460266882111e-01 1.077516359739589050e-02 3.925614172033909388e-01 4.573809037148768297e-01
3.743893405386470308e-01 3.885092472279898512e-01 2.323963035170032443e-01 8.038884765481655315e-01 1.313320644103438961e-01 5.103913181020557355e-01 4.929733107927259939e-01 2.308008226803054397e-01 4.701974116131844017e-01 6.046661481311587094e-01 4.288126411502554136e-01 8.310020890854142861e-01 3.783440614880412278e-01 2.368695222713934345e-01 3.700431709969801974e-01 5.840491307130535326e-01 3.423858265628514363e-01 2.159457758978449160e-01 3.019581629120734467e-01 1.000000000000000000e+00 6.357002258031860809e-01 5.265486871799851532e-01 6.079164335868545432e-01 7.030093513874033917e-01 3.443031416702981296e-01 4.686366422155937572e-01 4.637696923923079750e-01 5.959766468455158783e-01 4.218605034868021519e-01 4.965194237448660175e-01 1.700743121038551520e-01 9.166645435060002955e-02 4.839086460853966876e-01 5.562484733865983300e-01 2.118043424884222814e-01 4.507614895160444446e-01 3.282767390015425835e-01 7.766610605702584103e-01 1.310974654592703126e-01 5.208041426223055659e-01 4.714276565335266400e-01 2.412131637147815200e-01 5.813692117336983767e-01 6.210516945637238884e-01 4.011035973035098623e-01 8.025927810359232417e-01 3.657625465698101652e-01 1.578322102157545537e-01 4.128568382129435554e-01 5.698184176032021764e-01 3.417823803988148113e-01 8.291269190994240978e-02 3.673778300021519061e-01 8.494341706479339171e-01 6.236160790641616103e-01 5.276172974227697487e-01 5.933147283446065234e-01 7.078113480376011513e-01 3.072637040343239034e-01 4.256412665255958072e-01 5.075076647762948312e-01 5.703108635077563937e-01 4.102098967360819914e-01 5.084430192671387516e-01 2.239243154125854507e-01 -2.409236857955076444e-02 4.872740444247473102e-01 5.583816915082782106e-01
5.143268034576189418e-01 4.281930574504622111e-01 3.069523508063417561e-01 6.818014238147080963e-01 1.760740603676184124e-01 5.586117136603032662e-01 5.092375632779326811e-01 3.443124014203173822e-01 4.529907781851103543e-01 5.647115676234674142e-01 4.984871426777325309e-01 7.105802996021839402e-01 4.897467287190244711e-01 3.832285082038168200e-01 4.178515386657448150e-01 8.031365793648130857e-01 4.580194312211063878e-01 2.342948837929308137e-01 4.095009717559917051e-01 6.357002258031860809e-01 1.000000000000000000e+00 5.625837334846612858e-01 9.037607127600800760e-01 6.877937073191717765e-01 3.424770043407014408e-01 4.440317510585406469e-01 6.102950208571282786e-01 7.063618729805904994e-01 5.966986559401031842e-01 6.465573405612938807e-01 3.003553282446192463e-01 1.552356186697198548e-01 5.577012621399297654e-01 7.248319579676262281e-01 3.162303569182788321e-01 4.599580841104792817e-01 3.047982094802361153e-01 6.811257696845585130e-01 1.548764498252912514e-01 5.405694503444222754e-01 4.859667493629504786e-01 3.496128182351509461e-01 5.072958810442962374e-01 5.791649807111483028e-01 4.166508567285142073e-01 6.928486075721165260e-01 4.263693810819186858e-01 2.630153637931985089e-01 4.300133274984175857e-01 8.039605700543133171e-01 4.046545121137169465e-01 7.719324723161269386e-02 4.523684161134193804e-01 6.346012672814400624e-01 9.072867069743077995e-01 5.580062307715341063e-01 8.564167699370266451e-01 7.068106689622107863e-01 2.886101051584907262e-01 3.533654914214225395e-01 6.118902558815874082e-01 7.049655734911585148e-01 5.985486910916590908e-01 6.982859371802998538e-01 2.498431443078812653e-01 3.473810340905626737e-02 5.430019785459765380e-01 7.313203006553546937e-01
3.470654671139273839e-01 4.553204417832397710e-01 3.330735569516413141e-01 5.113311418332983083e-01 1.270162601024849847e-01 3.793541822024022458e-01 4.652309185064577024e-01 2.331619288244922705e-01 4.790878536884974892e-01 4.472963232651044341e-01 4.539706433354798731e-01 5.178532728750468994e-01 3.675750920635372232e-01 2.743110169064157944e-01 3.329783366457645388e-01 5.682710163832777051e-01 4.417268426896104883e-01 2.608767270365212054e-01 3.876423426097708180e-01 5.265486871799851532e-01 5.625837334846612858e-01 1.000000000000000000e+00 5.794539629704482664e-01 6.261683920726328623e-01 4.257851629781500558e-01 5.280148098643189236e-01 5.654936055256110095e-01 4.420336822633451623e-01 4.233059139552001748e-01 5.458544620954142168e-01 1.462001649233943823e-01 6.410961759412227290e-02 4.976025783156102777e-01 5.772715387334550474e-01 2.103094461391206982e-01 4.747198500187329029e-01 3.504084349012294153e-01 4.890120965758815164e-01 1.198527936569070418e-01 3.519141052282024340e-01 4.224715589941249183e-01 2.120130278496752951e-01 4.995442189273545663e-01 4.425488171538379811e-01 4.112462937558233333e-01 5.103109122980397094e-01 3.634949202412559588e-01 1.902934519385995893e-01 3.084790462981649717e-01 5.470024991764873556e-01 3.797770289639517682e-01 1.307221198499615156e-01 4.269895167352901755e-01 5.046075616229002136e-01 5.587926676353153210e-01 5.982591285342271359e-01 5.515349870679622235e-01 5.951411829628794337e-01 3.506804131850414508e-01 4.314503777543156060e-01 5.273454497222337389e-01 4.307279261293276429e-01 4.230410962151954224e-01 5.255831400500059480e-01 2.127242661897036091e-01 1.484802337964755831e-02 4.993213031555617798e-01 5.763994995621251061e-01
5.188669821129174853e-01 4.686487434483626036e-01 3.576583786732274728e-01 6.528303622864111144e-01 1.769795512120513337e-01 5.468341813428885256e-01 5.062120420164970547e-01 3.516751202834043633e-01 4.187530965959276874e-01 5.332861299649257480e-01 5.210045881003434465e-01 6.746915820380606776e-01 4.488695129103231762e-01 3.547565747731116215e-01 4.068296765615268540e-01 8.078249967118085184e-01 5.438562938689855963e-01 2.599752655376646460e-01 4.608863343960896142e-01 6.079164335868545432e-01 9.037607127600800760e-01 5.794539629704482664e-01 1.000000000000000000e+00 6.650225371858839996e-01 3.419996097546871838e-01 4.999304505496530160e-01 6.619118909888803692e-01 6.941966673776135410e-01 5.994359566837826891e-01 6.732939910203706857e-01 2.556330546074851995e-01 1.330541301969069279e-01 5.762231370470073388e-01 7.334111700982643978e-01 2.934373529162733751e-01 5.099676704766056279e-01 3.547857420054185695e-01 6.356050919095451723e-01 1.372406597793072169e-01 5.175866930882048189e-01 4.649037917336994452e-01 3.326890685285556204e-01 4.659403154263461744e-01 5.385515663640831896e-01 4.318443394434569038e-01 6.474842157540177112e-01 3.865950488183819145e-01 2.424912976167309386e-01 4.076438951738893257e-01 7.964748235947356481e-01 4.840434074672152476e-01 9.134934293494563484e-02 5.065655417593537546e-01 6.002756167219145400e-01 8.402079229956624928e-01 5.707792279787041734e-01 8.657295027148499411e-01 6.682569122259416350e-01 2.892232039695440404e-01 3.866386674708782722e-01 6.486625246299900782e-01 6.688687640463614192e-01 6.011873271497191196e-01 7.080679411732903050e-01 2.275658610977714935e-01 2.956561310450322305e-02 5.693881049530532534e-01 7.357887784847476631e-01
