1.000000000000000000e+00 1.503589723032345560e-01 4.276307559741862052e-01 5.242974820538226499e-01 1.515018123267012351e-01 6.667917019322440186e-01 3.815869405478178877e-01 4.714268750551167675e-01 2.358678127020760185e-01 4.221750144478467748e-01 1.836375586445842811e-01 5.615153624032582780e-01 3.912324184617721468e-02 4.434739098440125815e-01 1.143279541518670284e-01 6.228572940847301176e-01 4.584911542542847718e-01 2.108667095289490367e-01 4.156537089396356022e-01 3.551720619274740809e-01 6.907024929476688335e-01 1.901343743477465487e-01 6.545306535055294139e-01 3.506713383160211528e-01 -7.513002318630636334e-02 2.143203365816358508e-01 3.422203669399241921e-01 5.435869350838626879e-01 7.775181020949353261e-01 5.142134940798411824e-01 -8.345261110615013328e-03 1.246631441470275325e-01 4.606305923117324230e-01 4.463819478040530475e-01 7.341022208683027905e-01 1.888194891635804895e-01 3.082419454594922392e-01 4.661698081715835440e-01 5.277802862702458270e-02 5.913474391785172868e-01 3.662244155863488837e-01 5.041959108705427184e-01 1.427566495634540189e-01 4.512421167135198807e-01 1.737333349750986300e-01 5.772617456950247528e-01 3.754788053123197383e-02 4.318194367271732670e-01 3.126574426314362304e-02 6.313501936571455087e-01 3.709287364625731831e-01 1.706816953718154894e-01 3.322113814731124659e-01 2.262194783616298666e-01 6.822154441491681265e-01 1.633092788571137710e-01 6.450334201491143560e-01 3.477721718795599992e-01 -7.341925599370952016e-02 1.574984085942045531e-01 3.854792773807990125e-01 5.818872529391206916e-01 6.919972270840391015e-01 4.843590130898610679e-01 1.607935597566185343e-03 -1.720955776625310990e-02 3.049326830527668841e-01 3.856626863776793646e-01
1.503589723032345560e-01 1.000000000000000000e+00 8.300171069858869322e-02 2.679576134883527305e-01 6.341290838387052264e-02 1.721707396986471017e-01 1.441599133786436171e-01 1.944214247511694693e-01 1.977910018566561567e-02 1.724936194247247423e-01 1.533509388922831007e-01 2.659366503931078762e-01 -5.978174703819137681e-02 8.701934412452994039e-02 2.790975503785602871e-02 1.520915691409027437e-01 2.370646077327583090e-01 3.676233973255381426e-02 2.008419800770113450e-01 3.003463391082542011e-01 1.750869297126087520e-01 3.141019346864317718e-01 2.808120326810232825e-01 1.913204329846785456e-01 -1.938151425069173719e-02 2.940597599396239659e-01 1.337913450725259912e-01 3.197870533693084605e-01 1.537885892755098127e-01 3.563892138478283456e-01 4.753023767885192598e-04 -9.632934726456312755e-03 2.326752863493914136e-01 3.501327039245580863e-01 1.549000233702229057e-01 3.572234507129938841e-01 9.626840276280054787e-02 2.688843762576444418e-01 4.580439142870098429e-02 1.186401405870388115e-01 1.317532769921084257e-01 2.080214946526513231e-01 2.095182471053111742e-02 1.584119166944795987e-01 1.138965229423415104e-01 2.331919897225014637e-01 -3.474104651359635060e-02 1.732820845624465367e-01 -7.689969124334486775e-03 1.682174578176209578e-01 2.567484249502489657e-01 2.047837363068070321e-02 2.549606920366585538e-01 3.106158139723815825e-01 1.384138520729732702e-01 2.812474444635370552e-01 2.402786480457947682e-01 2.403147863302911580e-01 8.630179271045101269e-04 2.418935512639296403e-01 1.753927074215069215e-01 2.913469897288875621e-01 1.624673054625128121e-01 4.015112250076903755e-01 -6.988336588916152503e-02 4.841342791546865594e-03 2.104840110882834625e-01 3.028306714192752214e-01
4.276307559741862052e-01 8.300171069858869322e-02 1.000000000000000000e+00 2.209986454605673833e-01 1.333214785458683993e-01 3.180081161814089508e-01 6.947622369585241264e-01 5.418165534272874062e-01 3.029469678573669111e-01 3.190163863777086273e-01 3.032932478313106750e-01 3.019049039735313689e-01 1.340570752398230203e-01 6.103426197883047299e-01 1.677627008358372196e-01 2.394906723518774039e-01 5.886959466332806201e-01 5.352768626880969327e-01 4.206968718100557725e-01 3.758615884749026970e-01 2.474374758201900448e-01 2.941434118010949894e-01 3.175746852226647432e-01 4.326829161203151197e-01 1.630274689140581157e-01 5.207935420770550827e-01 5.589631158509369424e-01 4.068167258387663243e-01 2.954967177255287125e-01 5.908248139377190178e-01 -7.735679677144578770e-02 1.400696411092328952e-01 3.504965369144349974e-01 2.679542209745168213e-01 2.798270465992022116e-01 1.298482693514237396e-01 5.919156173729632764e-01 1.805720486899290711e-01 2.015210008899991079e-02 2.413375453396996440e-01 5.794172146293514736e-01 4.695220863619834484e-01 2.210959813934259277e-01 3.156820466074517495e-01 3.031361030042299953e-01 2.727758298211423460e-01 1.174418796008848409e-01 5.471710252364112570e-01 7.866180116256239752e-02 2.391542869772038116e-01 3.872844034710917205e-01 4.281586417019882518e-01 3.868355817753939552e-01 3.410997981206862484e-01 2.321774407672265728e-01 2.760384980703143309e-01 2.344814366007362816e-01 3.514169972119952079e-01 8.037019955332155852e-02 3.695872417279442157e-01 5.242355001691166860e-01 3.756213079054461224e-01 2.549856490969840683e-01 3.387946159587598705e-01 3.948427570081804172e-02 3.424730443606274766e-02 2.382756972489067371e-01 1.856209236734844836e-01
5.242974820538226499e-01 2.679576134883527305e-01 2.209986454605673833e-01 1.000000000000000000e+00 1.483031063479947065e-01 6.474494906231644809e-01 3.658689672003685445e-01 4.112177879372425626e-01 2.339816212778879356e-01 6.844368004613401446e-01 1.766713160094503243e-01 8.283609096663451243e-01 5.144720299380731166e-02 2.804094217751386675e-01 1.498123251432993963e-01 5.517332520641231586e-01 2.521265739869625877e-01 1.357902733472971801e-01 2.482386780280658178e-01 6.792652384044264302e-01 5.867116718014736554e-01 3.174311921766340139e-01 5.713452820846761648e-01 4.485651071479915819e-01 -3.334400233445884015e-02 2.718362132186045721e-01 2.220353312884184027e-01 6.944240109324708587e-01 4.969545089259719273e-01 4.643825514344358529e-01 -2.675313772953467201e-02 5.685612677535406556e-02 4.274388393366936878e-01 4.425815320497749061e-01 4.809356349200912262e-01 2.732979647929462685e-01 2.004295526527760107e-01 8.752323739918774770e-01 3.232906341864380528e-02 5.859798499216921641e-01 3.640689729728886492e-01 4.648851288303846863e-01 1.989493257503517909e-01 6.821786293679840130e-01 1.807432003910645069e-01 8.235508434581578774e-01 8.035846617184518037e-02 3.800752588780123009e-01 9.257968848134921769e-02 5.812055193941374487e-01 2.725259294612648042e-01 8.828358222828283641e-02 2.889235017214172863e-01 6.237368338497422116e-01 5.760329651660117678e-01 3.305084800369560427e-01 6.047118491702813126e-01 4.927679680830240327e-01 -2.149305372224370736e-02 1.990925938282346042e-01 2.893926795026882104e-01 7.452557211143460147e-01 4.593525030418981747e-01 5.270579457776208843e-01 -4.225805528713290349e-02 -5.417715187457582821e-02 3.273456399646124670e-01 4.108931325568207504e-01
1.515018123267012351e-01 6.341290838387052264e-02 1.333214785458683993e-01 1.483031063479947065e-01 1.000000000000000000e+00 1.986329040884884378e-01 1.701077554901314626e-01 1.933091259114018690e-01 9.491976137291061044e-02 1.193596216048367908e-01 1.242087638087757823e-01 1.746880857815572285e-01 7.976964365398683809e-02 1.906393422916110858e-01 1.170687635130158027e-01 1.493544842418582652e-01 1.337229664809398144e-01 1.163502510349725960e-01 1.011456731634111234e-01 1.539441112323103600e-01 1.789641234244374601e-01 1.156457120553187473e-01 1.972617569655597258e-01 1.437314172626497910e-01 3.681756870313145080e-02 7.645278698809838958e-02 1.470248103864718048e-01 1.887565570125204484e-01 1.845455410036604127e-01 1.803133100583714510e-01 -1.509495599453494936e-02 1.227118521547183594e-01 1.502040916252275204e-01 1.861381549463042850e-01 1.558151291487323009e-01 8.052889355618758627e-02 6.518399359284546279e-02 1.401358339749944615e-01 5.755260776941661938e-02 1.677132549549761875e-01 1.160952286452716364e-01 1.635984724938484014e-01 9.837366064354656492e-02 1.286609347285396221e-01 9.316372896361985179e-02 1.632900815952466056e-01 8.212272645077234312e-02 1.524388397098683234e-01 8.411770402008576786e-02 1.623454934561106289e-01 8.228642833167745807e-02 4.077725669221179960e-02 8.695076585095322386e-02 1.168093885456135683e-01 1.715464627430731415e-01 8.999277178091444340e-02 1.672988973381961675e-01 1.555252632711129346e-01 4.588278900436194851e-02 3.084222904642430416e-02 1.586273590728045080e-01 1.823100534595393785e-01 1.722641000994959426e-01 1.577283977717684194e-01 1.015885937086136778e-03 1.868380042451017048e-02 1.210542930830829089e-01 1.688511788165675542e-01
6.667917019322440186e-01 1.721707396986471017e-01 3.180081161814089508e-01 6.474494906231644809e-01 1.986329040884884378e-01 1.000000000000000000e+00 4.358978108467460588e-01 5.603777012463120322e-01 2.314746734125734395e-01 5.666598930547863677e-01 2.032298848897786114e-01 7.044617446505877512e-01 7.158700122565106461e-02 4.081666335038621196e-01 2.010231189722811174e-01 6.003230610834452419e-01 3.153035161734973890e-01 1.904284911592823981e-01 2.911486466467421153e-01 4.824739568545036716e-01 6.538120722460523115e-01 2.383690325863376813e-01 6.154968363917830976e-01 4.125750565853320562e-01 -2.034617526065115450e-02 2.482624337883382049e-01 3.020389798205567744e-01 7.052492076386820408e-01 6.427303664993913035e-01 4.898020603215584856e-01 -3.335545576281601782e-02 1.303295745985657561e-01 4.297535429860923073e-01 4.423732151830415127e-01 6.005201122384218326e-01 2.137322845833659613e-01 2.299155078956141574e-01 6.049361338670514732e-01 8.497133245584445604e-02 7.688833451812703279e-01 3.856810043692199819e-01 5.468351266918238807e-01 1.749127345064513117e-01 6.150287753418421932e-01 1.957941479895378978e-01 7.187931767494747382e-01 7.795400692996233560e-02 4.174395886494858265e-01 1.123957122971424027e-01 6.241796234359151541e-01 2.533909171327293208e-01 1.025806814552299995e-01 2.688184666044124427e-01 3.618404348574497664e-01 6.598786379555978687e-01 2.365607245981694584e-01 6.346699669435432734e-01 4.332281521984695516e-01 -1.813158362734442614e-02 1.586781752438158055e-01 3.462839906109723698e-01 7.417760734257180522e-01 5.979630969958000808e-01 5.016017589413360733e-01 -1.573735659369355361e-02 -1.586341098607391836e-02 2.926339006886820027e-01 4.069711181471816763e-01
3.815869405478178877e-01 1.441599133786436171e-01 6.947622369585241264e-01 3.658689672003685445e-01 1.701077554901314626e-01 4.358978108467460588e-01 1.000000000000000000e+00 6.227699467840139835e-01 5.441564091788360091e-01 4.951123441371797496e-01 3.519507483516504109e-01 4.311815951592118390e-01 3.223640786384127099e-01 7.876234022599797324e-01 3.148704371213959519e-01 2.887568652171499384e-01 4.083261333462548937e-01 4.872019457791346708e-01 3.298388225648911098e-01 5.234408428762372667e-01 2.602503785888590770e-01 5.118568723270872090e-01 2.843046987275444359e-01 7.749563549562745735e-01 3.316320645054990912e-01 5.006583680790839264e-01 6.207559985167099281e-01 5.408888730563902181e-01 2.655077418736472294e-01 5.980457026843232216e-01 -7.488110940075584643e-02 1.630106302964030862e-01 4.116348236943179195e-01 3.063405926315069250e-01 2.559499229373927154e-01 2.310640413012574890e-01 4.687221572476055753e-01 3.369422306243216036e-01 5.492620128975174432e-02 3.171941135675972467e-01 7.706417480034226664e-01 5.194392071156983537e-01 4.788774044884585024e-01 4.754648470618144107e-01 3.630885116402246537e-01 3.785222667784021722e-01 3.000597415366049736e-01 7.394670467146383652e-01 1.890131406549591664e-01 2.823984649399882141e-01 2.210214693037868827e-01 3.906420264523640107e-01 3.798727028215158619e-01 4.988913559622115135e-01 2.359205549193585383e-01 4.667222943227923304e-01 2.295955072610273706e-01 6.999716868235210665e-01 2.487172457079800392e-01 3.446382988630714572e-01 6.274493449280733604e-01 5.038373432576974675e-01 2.449972536202387752e-01 3.547904228612350774e-01 1.259555372331372380e-01 5.851794670240970803e-02 2.857885687033111521e-01 2.371306758624047717e-01
4.714268750551167675e-01 1.944214247511694693e-01 5.418165534272874062e-01 4.112177879372425626e-01 1.933091259114018690e-01 5.603777012463120322e-01 6.227699467840139835e-01 1.000000000000000000e+00 3.075408421355327326e-01 4.504075427196179149e-01 2.979113527540264150e-01 4.518341448278908046e-01 1.378995156058852034e-01 5.602997093619449531e-01 2.007489216254594311e-01 3.774086336378072448e-01 4.021824694458553950e-01 3.660081426675596550e-01 3.442604555048164316e-01 4.352357133219874608e-01 4.206421531248714651e-01 3.668042895407345183e-01 4.725158239838584961e-01 4.953012210008147509e-01 1.103165585673610005e-01 4.562409944304195442e-01 4.207586340626233157e-01 6.795915522491531302e-01 3.906496162810777495e-01 6.222130305409454554e-01 -5.451836493972166131e-02 1.332154612355488099e-01 3.891307186610599711e-01 3.591654257107972370e-01 3.647804667234363918e-01 2.292503639355796818e-01 3.712682199693299046e-01 3.791418275655233927e-01 5.844004954377100824e-02 4.379207064845282438e-01 5.162463610969385552e-01 6.005169072265459373e-01 2.342500273983842418e-01 4.548547359385077815e-01 2.893677884551356660e-01 4.307384638193982318e-01 1.427345198662351433e-01 5.185902700458204784e-01 1.067974132274304572e-01 3.994996921044897120e-01 3.057994667638431752e-01 1.983166957281080334e-01 3.063319714127791804e-01 3.865631365547951281e-01 3.908538766877510118e-01 3.356679314581367812e-01 4.054254740143876101e-01 4.736290085310222442e-01 5.786310556758567092e-02 2.848554645122124418e-01 4.079254450961286582e-01 6.195342510191002017e-01 3.418969355363918883e-01 4.850788078828799366e-01 -6.787703501921016000e-03 -1.410613755019015855e-02 2.330727443150795164e-01 2.977210606584381192e-01
2.358678127020760185e-01 1.977910018566561567e-02 3.029469678573669111e-01 2.339816212778879356e-01 9.491976137291061044e-02 2.314746734125734395e-01 5.441564091788360091e-01 3.075408421355327326e-01 1.000000000000000000e+00 2.985945977223601888e-01 1.817268193166441947e-01 2.829303262657514306e-01 4.846715189253507639e-01 5.539463960214238147e-01 3.388530368204847876e-01 2.368892275371162481e-01 4.597829642474421386e-02 1.705562122527502777e-01 6.109986094984284216e-02 3.058799379295805143e-01 2.373572552788198731e-01 3.040308905260412642e-01 1.512142318826922294e-01 6.427688096057454503e-01 4.348610908264379793e-01 2.134494448453263735e-02 5.098948759221779703e-01 2.236424619731839369e-01 1.903860513363680451e-01 1.213655497363779479e-01 -4.445404875174501641e-02 1.362499353747101405e-01 2.422572438023941066e-01 1.348950358736263067e-01 1.738704434669439969e-01 7.633569874366824548e-02 1.177351052836255879e-01 2.114288073108284149e-01 2.827782117836227793e-02 1.912735212984122968e-01 4.119878197636824280e-01 2.162438984470388958e-01 6.126368965202657613e-01 2.995912889242716148e-01 1.453787822497728255e-01 2.307881668483305060e-01 4.322295473283744860e-01 4.234335662642231823e-01 2.091897527427367676e-01 2.310791587229525101e-01 -1.038253298182119505e-01 9.959920892043075402e-02 3.276387181059490367e-02 2.886974458676625499e-01 2.286640563102853019e-01 2.312012946602067798e-01 1.630764554940176969e-01 5.427109614091222278e-01 3.348927974196930779e-01 -5.208117196773277835e-02 4.612275747698826867e-01 2.255249855548806248e-01 1.956230650036374086e-01 -8.649155681765082274e-03 1.729938170605253012e-01 5.548223934253203316e-02 1.599351075721456017e-01 9.255100963058793262e-02
4.221750144478467748e-01 1.724936194247247423e-01 3.190163863777086273e-01 6.844368004613401446e-01 1.193596216048367908e-01 5.666598930547863677e-01 4.951123441371797496e-01 4.504075427196179149e-01 2.985945977223601888e-01 1.000000000000000000e+00 1.968221479059079071e-01 6.301766748787758221e-01 1.101571964183919866e-01 3.588742928087964024e-01 1.615063495008940420e-01 4.038016536476280449e-01 2.507767142384749182e-01 2.138205124037136917e-01 2.275286310783228849e-01 6.466430294116785049e-01 4.108017476609995278e-01 3.295406261379667523e-01 3.909022971595609297e-01 4.660290444667933296e-01 7.700052184178728110e-02 3.078049015005770994e-01 2.279694772730405938e-01 6.467663003669277266e-01 3.840858621386727956e-01 4.336461091549656532e-01 -5.247622275450901375e-02 5.158062191454231005e-02 3.994158199592446890e-01 3.405360791799564302e-01 3.286151356309310323e-01 2.034367176141248512e-01 3.129972645876729631e-01 6.698011411101427726e-01 4.030442135804543358e-03 4.660017033760071037e-01 5.018701755685082144e-01 4.867479124669054080e-01 2.733044419552369542e-01 9.209037243798446903e-01 2.762898293691520291e-01 6.132486420974399000e-01 1.604994678515700157e-01 4.796467526195065667e-01 6.607021318360534190e-02 4.316823468708377853e-01 2.690140547593731779e-01 2.456184174392559982e-01 3.463568356489535316e-01 6.330881066312056271e-01 4.053853012173304626e-01 3.858634254666449825e-01 4.203046235882472725e-01 4.887740696505572524e-01 6.616764107713343779e-02 2.874796828405477012e-01 3.331313656355182062e-01 6.921041135842154191e-01 3.340915404943405331e-01 4.287200741926961989e-01 -7.205730378430318800e-03 -2.932395106118172376e-02 3.014477730812902267e-01 3.237848513081441615e-01
1.836375586445842811e-01 1.533509388922831007e-01 3.032932478313106750e-01 1.766713160094503243e-01 1.242087638087757823e-01 2.032298848897786114e-01 3.519507483516504109e-01 2.979113527540264150e-01 1.817268193166441947e-01 1.968221479059079071e-01 1.000000000000000000e+00 2.179448434727865036e-01 1.822054769345752279e-01 3.213919662469314487e-01 1.295660390417528729e-01 1.362076144904956210e-01 3.519980773108639105e-01 3.225043964072475400e-01 3.460583080503087383e-01 2.511439868019009758e-01 1.428032475463053008e-01 2.534080472924887251e-01 1.781440014790472426e-01 2.797094732759407565e-01 1.612960519083714295e-01 3.076081810290893781e-01 3.078405694544567028e-01 2.731509249851756804e-01 1.526281730850216622e-01 3.417879417331871061e-01 -5.469451667438882982e-03 1.035160630098815315e-01 2.017077448021628583e-01 2.599841168721035434e-01 1.369724863687150629e-01 1.880086735590921765e-01 1.541093859498710306e-01 1.727616582267945122e-01 8.191960567253050995e-02 1.315327269972983160e-01 2.522673912245751437e-01 2.357667758213304876e-01 1.402925653111250504e-01 1.904335984162379425e-01 2.608500789377278251e-01 1.871422050494478684e-01 1.171650369569900846e-01 2.880653396223533669e-01 4.145608169749297189e-02 1.155219232531739249e-01 2.009552547853423188e-01 1.765427682661538378e-01 3.055717426674119386e-01 2.406541878839305870e-01 1.174811275023148194e-01 2.212596770706242721e-01 1.272161555609848949e-01 2.561138077691770265e-01 9.737630426946372597e-02 1.624221534053555682e-01 2.942857171594577825e-01 2.465901483787088233e-01 1.391526972061075396e-01 2.527712058735098744e-01 6.436463420607471675e-02 -5.556032522209083946e-03 1.459015587266173086e-01 1.863353317150371335e-01
5.615153624032582780e-01 2.659366503931078762e-01 3.019049039735313689e-01 8.283609096663451243e-01 1.746880857815572285e-01 7.044617446505877512e-01 4.311815951592118390e-01 4.518341448278908046e-01 2.829303262657514306e-01 6.301766748787758221e-01 2.179448434727865036e-01 1.000000000000000000e+00 8.959896712456841272e-02 3.543278192229635248e-01 1.957305014020365164e-01 5.655668671034769224e-01 2.975151419862334667e-01 1.696915620087213195e-01 2.573709852558005440e-01 7.247486526796762529e-01 6.041603052175770205e-01 3.240468598906452447e-01 5.872546269138239072e-01 4.899614513466121202e-01 1.435674609740983376e-02 2.908639274956240639e-01 3.033602874589418352e-01 6.922500061096064083e-01 5.386733627458796247e-01 4.918341772800950418e-01 -3.871988847803831818e-02 7.348655855754855637e-02 4.594934063144108793e-01 4.744637450400899237e-01 5.003590165672185952e-01 2.796479433776986046e-01 2.685982539825276794e-01 8.177600738955457249e-01 3.905980529371186338e-02 6.319766905025390180e-01 4.241209432388934886e-01 5.070533675164110576e-01 2.374237542146426239e-01 6.341826532492952362e-01 2.156106456565322071e-01 8.363534514299926226e-01 1.180194044803881542e-01 4.397074993326681724e-01 1.168299274068273913e-01 5.930624882234434292e-01 2.882480099288291520e-01 1.360118422250093939e-01 2.955662512789741236e-01 6.476721661470281610e-01 5.944139047791160424e-01 3.373271120718058236e-01 6.071394936325699154e-01 5.312884066258668492e-01 3.076725398627733199e-02 2.222526045672257866e-01 3.881480273746945597e-01 7.409378615274962998e-01 5.027851890750496544e-01 5.251740390949111159e-01 -3.624322274434421676e-02 -2.757402176732486054e-02 3.567409298023078157e-01 4.273855679063285340e-01
3.912324184617721468e-02 -5.978174703819137681e-02 1.340570752398230203e-01 5.144720299380731166e-02 7.976964365398683809e-02 7.158700122565106461e-02 3.223640786384127099e-01 1.378995156058852034e-01 4.846715189253507639e-01 1.101571964183919866e-01 1.822054769345752279e-01 8.959896712456841272e-02 1.000000000000000000e+00 4.108463255959949323e-01 2.658722762010956586e-01 7.832212056978457571e-02 -5.028232145415182514e-02 1.251983825985004684e-01 2.449851336432795623e-02 1.307582880568904649e-01 8.424230095484031011e-02 1.359080000014603329e-01 1.604620230099273667e-02 3.699868020535356239e-01 4.659058089949321690e-01 -1.450276097661198638e-01 4.269605671073721243e-01 3.090417797393076732e-02 4.548328081528119071e-02 -9.563983197858956509e-02 6.737028550823256912e-02 1.236510093887535078e-01 9.279811903950314911e-02 2.962040485670587239e-02 1.316497509525586113e-02 -2.415930585400426905e-02 -1.176984396202319927e-01 5.345556785142873552e-02 7.823712322490516957e-02 6.969218649560213197e-02 1.232786765519851835e-01 1.862366204356263877e-02 4.332366513782829887e-01 1.340966512478640182e-01 8.673551284100702863e-02 5.739044971951670626e-02 4.301563633659017949e-01 1.684834399510451164e-01 1.912242034287227055e-01 5.871534625816988984e-02 -2.521898691512579616e-01 -2.737502340472708004e-02 -1.078111525255955050e-01 1.265459475768499209e-01 9.549151117776108477e-02 5.533359953777459289e-02 3.383699796910304147e-02 2.676284118613550533e-01 3.463960553756661453e-01 -2.621907136669700544e-01 3.069647860661294803e-01 2.945571968891538828e-02 7.578280439751064468e-02 -1.954349910237080379e-01 2.373767797892101794e-01 7.144656246109025444e-02 6.892857310266770066e-02 -7.752996943612743344e-03
4.434739098440125815e-01 8.701934412452994039e-02 6.103426197883047299e-01 2.804094217751386675e-01 1.906393422916110858e-01 4.081666335038621196e-01 7.876234022599797324e-01 5.602997093619449531e-01 5.539463960214238147e-01 3.588742928087964024e-01 3.213919662469314487e-01 3.543278192229635248e-01 4.108463255959949323e-01 1.000000000000000000e+00 3.106552205705443992e-01 3.108011827875802879e-01 3.791632058060623311e-01 4.693146389479443403e-01 3.766114514270300639e-01 3.864117016005815253e-01 3.481759078622036485e-01 3.743726985666103735e-01 3.146881786463005537e-01 6.135069989062460483e-01 3.490994540393678180e-01 2.227291591741061560e-01 6.986009775742563210e-01 3.933017475270960683e-01 3.481119258144655393e-01 4.425748156543961032e-01 -3.983369971295305789e-02 2.119230682556272616e-01 3.796107674024413736e-01 2.913893670265033098e-01 3.157046526865563973e-01 1.438841504632079604e-01 2.491445192822885346e-01 2.457916252403990198e-01 7.313341856678617914e-02 3.175544488158215106e-01 5.278594103772180635e-01 4.103483753738728645e-01 4.587362196728729247e-01 3.685104134206134141e-01 2.556992688986163276e-01 3.212035326204692454e-01 3.238903325427404112e-01 6.229766852647388164e-01 1.840107242300306201e-01 3.095380924144427448e-01 7.838242915427419411e-02 2.821144210320631340e-01 2.342468971532914446e-01 3.436342002829624875e-01 3.347999344721847015e-01 2.913262153203666771e-01 2.804895296141255989e-01 5.191880056206614746e-01 2.415367457318101096e-01 4.637299519150357707e-02 5.919334612510372962e-01 3.847849154689661488e-01 3.146986964060727865e-01 2.193346886504376481e-01 2.168464681282777362e-01 8.712159165178787190e-02 2.561141164549995963e-01 1.997218321705346300e-01
1.143279541518670284e-01 2.790975503785602871e-02 1.677627008358372196e-01 1.498123251432993963e-01 1.170687635130158027e-01 2.010231189722811174e-01 3.148704371213959519e-01 2.007489216254594311e-01 3.388530368204847876e-01 1.615063495008940420e-01 1.295660390417528729e-01 1.957305014020365164e-01 2.658722762010956586e-01 3.106552205705443992e-01 1.000000000000000000e+00 1.363208968626418160e-01 4.465045329378083266e-02 1.123198849569818497e-01 6.338487184019045428e-02 1.855530591139172292e-01 1.254998191677356156e-01 1.554967343256339896e-01 1.090013391546846150e-01 3.590022847778782111e-01 2.442517057710745509e-01 5.045525605391480012e-02 2.847956068802267593e-01 1.589656166896574185e-01 1.232639935904702722e-01 9.025362039387042901e-02 -3.458622312960900336e-02 9.292213239050677032e-02 1.297112745866271510e-01 1.123262023799032477e-01 1.003905961318868334e-01 7.500939090546378252e-02 3.949407345548557047e-02 1.378524063824220491e-01 7.506031215104516652e-02 1.603628699033363414e-01 2.165516101049672626e-01 1.352281141241881701e-01 2.955659272776823832e-01 1.724200137277703548e-01 9.094940900387339655e-02 1.571456521187603317e-01 2.532189358303304494e-01 2.259929673555809704e-01 2.073513638645947676e-01 1.310307587775593197e-01 -6.072823576081946839e-02 1.919895534340342741e-02 4.073274010664347522e-02 1.785965172997881212e-01 1.224320290767733077e-01 1.164695666642802663e-01 9.664526672573992006e-02 3.215071181910189035e-01 2.026165852006592272e-01 -2.521652461869892253e-02 2.609372004190200212e-01 1.616161974660589029e-01 1.504138904830465417e-01 3.764247418708138032e-02 5.104784705477607987e-02 4.935658576324628011e-02 9.826447990466308235e-02 1.001172318961426194e-01
6.228572940847301176e-01 1.520915691409027437e-01 2.394906723518774039e-01 5.517332520641231586e-01 1.493544842418582652e-01 6.003230610834452419e-01 2.887568652171499384e-01 3.774086336378072448e-01 2.368892275371162481e-01 4.038016536476280449e-01 1.362076144904956210e-01 5.655668671034769224e-01 7.832212056978457571e-02 3.108011827875802879e-01 1.363208968626418160e-01 1.000000000000000000e+00 2.198442305586235657e-01 1.372848985959585488e-01 2.053952288165195872e-01 3.154113855946308331e-01 8.028955523925989102e-01 2.164936029945616902e-01 7.329504188488584759e-01 3.305750847256827551e-01 -2.664645219806870829e-02 1.258961347077460491e-01 3.099322666192563802e-01 5.512482538183614000e-01 6.426261224243037251e-01 3.868646194349404932e-01 -4.516216613806467439e-03 8.538881613832179085e-02 4.266095273424163059e-01 4.431996726833214995e-01 5.841702833379389670e-01 1.843595896425166414e-01 1.632373928153502407e-01 5.108548243899903030e-01 7.539185348116048124e-02 5.531765409758896412e-01 2.549754312956261093e-01 4.168979705769379485e-01 1.800601930199218770e-01 4.247268726551659546e-01 1.106661789361916143e-01 5.921313349465862075e-01 9.313190023155433483e-02 3.147625516373339094e-01 6.826973229857784264e-02 7.778274461995343669e-01 1.957680456506327715e-01 6.702866185265501930e-02 1.694953277132881797e-01 1.939669359930149828e-01 7.959064828204686082e-01 1.795693979868830115e-01 7.511684074419314738e-01 3.325216131164563382e-01 -2.979396979027321146e-02 5.620548549500897079e-02 3.398888389423524448e-01 5.845680195947228208e-01 6.238352894633131251e-01 4.363066144253889278e-01 -7.410670092317078739e-03 -3.356533306163263231e-02 3.193487348734871389e-01 4.093881800976318930e-01
4.584911542542847718e-01 2.370646077327583090e-01 5.886959466332806201e-01 2.521265739869625877e-01 1.337229664809398144e-01 3.153035161734973890e-01 4.083261333462548937e-01 4.021824694458553950e-01 4.597829642474421386e-02 2.507767142384749182e-01 3.519980773108639105e-01 2.975151419862334667e-01 -5.028232145415182514e-02 3.791632058060623311e-01 4.465045329378083266e-02 2.198442305586235657e-01 1.000000000000000000e+00 4.561148495247672185e-01 6.826007780474521169e-01 3.214052687300412714e-01 2.382801725085334221e-01 2.814398660421361109e-01 3.777308410921971227e-01 2.129215429016105554e-01 -6.368849439521563627e-02 4.914790858947467589e-01 3.641697200328490314e-01 3.751192436489338977e-01 3.416594360394135110e-01 6.339709697539588351e-01 -1.054261947252760345e-02 8.773566267028146126e-02 3.304057884034852233e-01 4.291623819023290820e-01 3.295072407320362995e-01 2.667915679034030263e-01 3.763870854530312338e-01 2.194340231354175441e-01 4.970109985984111356e-02 2.160461676727473967e-01 3.183760347541700342e-01 3.739084210778349515e-01 -2.656930658144966012e-02 2.442253522462049797e-01 2.863076086993017744e-01 2.655332008663844334e-01 -9.651756667119787414e-02 3.613875942857517343e-01 -1.368447134242337798e-02 2.169028421512225746e-01 5.792794015205533498e-01 3.168560450033559017e-01 5.969147035128512524e-01 2.858610917064602908e-01 2.119794400062032791e-01 2.622130505832059866e-01 2.849535599165037292e-01 2.048946251430628362e-01 -1.261318327502615189e-01 3.270658803348837074e-01 3.502087652471561618e-01 3.503018844438059443e-01 2.802010492351300619e-01 4.974421450914784382e-01 1.769963343083276464e-03 -7.892515831066562043e-04 2.425998048561108789e-01 3.206076677984154855e-01
2.108667095289490367e-01 3.676233973255381426e-02 5.352768626880969327e-01 1.357902733472971801e-01 1.163502510349725960e-01 1.904284911592823981e-01 4.872019457791346708e-01 3.660081426675596550e-01 1.705562122527502777e-01 2.138205124037136917e-01 3.225043964072475400e-01 1.696915620087213195e-01 1.251983825985004684e-01 4.693146389479443403e-01 1.123198849569818497e-01 1.372848985959585488e-01 4.561148495247672185e-01 1.000000000000000000e+00 4.048302574625698980e-01 1.899755652340686662e-01 1.454832647414754376e-01 2.031000773502683321e-01 1.861549131323873563e-01 1.815425655904198410e-01 1.062279241161029480e-01 3.394023283260416690e-01 3.521736714426623172e-01 2.306832645478383848e-01 1.563050790764887177e-01 3.973150020776136659e-01 -2.945215981601428598e-02 1.216654609324689940e-01 2.205936344810986993e-01 1.839369243907381657e-01 1.301603591844402441e-01 7.082952522892096980e-02 2.928781777100089023e-01 1.030596422848455429e-01 3.034873693707381206e-02 1.423146346408361018e-01 3.346491517477354072e-01 3.000405008892263470e-01 7.958377561149401758e-02 2.194121453171183622e-01 2.415501781439893803e-01 1.560116151307276988e-01 6.197512090648383404e-02 3.660382660114872011e-01 4.845041166353991624e-02 1.331455660423714604e-01 2.284985843478611889e-01 3.961237531245538346e-01 3.147882061170831913e-01 1.811828092553253167e-01 1.368863728701431581e-01 1.790096762377903494e-01 1.253208637757364241e-01 1.266431425823048851e-01 2.678787062853259585e-02 1.852541523488430708e-01 3.010739544158014813e-01 2.000014495997781416e-01 1.312505163508458916e-01 2.149413680253233205e-01 8.894956670663679843e-02 2.299859035674713115e-02 1.534587024340341443e-01 1.370217357353312737e-01
4.156537089396356022e-01 2.008419800770113450e-01 4.206968718100557725e-01 2.482386780280658178e-01 1.011456731634111234e-01 2.911486466467421153e-01 3.298388225648911098e-01 3.442604555048164316e-01 6.109986094984284216e-02 2.275286310783228849e-01 3.460583080503087383e-01 2.573709852558005440e-01 2.449851336432795623e-02 3.766114514270300639e-01 6.338487184019045428e-02 2.053952288165195872e-01 6.826007780474521169e-01 4.048302574625698980e-01 1.000000000000000000e+00 2.635731233797276030e-01 2.398434649034044963e-01 2.513376680042092581e-01 3.271200834713686723e-01 1.827334891062471489e-01 -6.276285791731810171e-02 3.289481552208185500e-01 3.153476355549894028e-01 3.244730857203554364e-01 3.013468867393232498e-01 5.043173574814554527e-01 4.014564372455692309e-02 1.089421431741546265e-01 2.656641544439656277e-01 3.696018227685508584e-01 2.988974798007218436e-01 2.276413333917239878e-01 1.467486013475606255e-01 2.203274989666307304e-01 5.309406224408925318e-02 1.926222073395108814e-01 1.654343486370247751e-01 2.901074582664595058e-01 -3.262181780664849540e-02 2.271777193189216670e-01 2.187014449864739252e-01 2.408834852246342084e-01 -8.340950256896839665e-02 2.727067509734882322e-01 -1.767081543195055116e-03 2.117158638141989624e-01 4.004130945903482397e-01 1.751653218419752245e-01 5.202775582115679587e-01 2.396400292570414203e-01 2.221671971025246661e-01 2.007773478929746336e-01 2.653484949328113185e-01 1.627249789982216366e-01 -1.229485851470712154e-01 1.348033921577156402e-01 2.365935456416474736e-01 3.083491608387395333e-01 2.533840402130912994e-01 3.946226041272665186e-01 6.341296380957037182e-02 1.190703360215054213e-02 1.903310209861080737e-01 2.714023352015685342e-01
3.551720619274740809e-01 3.003463391082542011e-01 3.758615884749026970e-01 6.792652384044264302e-01 1.539441112323103600e-01 4.824739568545036716e-01 5.234408428762372667e-01 4.352357133219874608e-01 3.058799379295805143e-01 6.466430294116785049e-01 2.511439868019009758e-01 7.247486526796762529e-01 1.307582880568904649e-01 3.864117016005815253e-01 1.855530591139172292e-01 3.154113855946308331e-01 3.214052687300412714e-01 1.899755652340686662e-01 2.635731233797276030e-01 1.000000000000000000e+00 3.193964038574679809e-01 4.281265824240275686e-01 3.639542217776658983e-01 5.395916353080190131e-01 1.239507700447329830e-01 3.931111082649585420e-01 3.445686244821339894e-01 5.921362291500248398e-01 3.100638374468665526e-01 5.063783165182020873e-01 -5.024636967061588133e-02 6.351571363443499207e-02 4.414368761979292621e-01 3.996855694717612595e-01 2.657237902604913105e-01 3.189048735321023953e-01 3.534907294933775646e-01 6.664419282379816512e-01 2.660568379281177953e-02 3.876140394437962988e-01 5.070636349318199398e-01 4.453280721578161128e-01 2.933630877367100487e-01 5.929314265012339824e-01 2.932550120288880402e-01 6.416847433300032488e-01 1.537900348379357685e-01 4.792522925124051425e-01 1.101087871862237860e-01 3.250037505824832640e-01 3.254008648239700152e-01 2.200928385163780643e-01 3.687861903615294867e-01 8.526941540048648127e-01 2.859875386189534296e-01 4.557939045887925977e-01 3.489761123502059803e-01 5.707398191128612019e-01 1.284138739844425670e-01 3.513804612735337285e-01 4.293082973571563654e-01 6.071338385228634005e-01 2.834188910528729344e-01 4.754304805846444881e-01 -1.373921986867211384e-02 1.941338588938250342e-02 3.465714089473034276e-01 3.745538678550214828e-01
6.907024929476688335e-01 1.750869297126087520e-01 2.474374758201900448e-01 5.867116718014736554e-01 1.789641234244374601e-01 6.538120722460523115e-01 2.602503785888590770e-01 4.206421531248714651e-01 2.373572552788198731e-01 4.108017476609995278e-01 1.428032475463053008e-01 6.041603052175770205e-01 8.424230095484031011e-02 3.481759078622036485e-01 1.254998191677356156e-01 8.028955523925989102e-01 2.382801725085334221e-01 1.454832647414754376e-01 2.398434649034044963e-01 3.193964038574679809e-01 1.000000000000000000e+00 1.794394281780932743e-01 8.554292785853940817e-01 3.155605433702179941e-01 -4.875533697950181627e-02 1.032832792835207958e-01 3.425825577290664836e-01 6.296453518693416740e-01 7.307872966926658442e-01 4.286291630596156255e-01 1.409633033857694145e-02 1.084065030121560830e-01 4.614540559033566414e-01 5.095378053643961902e-01 6.546135384169323723e-01 1.773423206491847870e-01 1.417391060194193586e-01 5.466311708731045327e-01 7.168700918411334555e-02 6.210320582229386099e-01 2.226189960162945347e-01 4.576403165954043284e-01 1.623993702017930696e-01 4.399776621675941524e-01 8.979572089729366546e-02 6.397135096189359160e-01 1.002797497580610875e-01 3.135664791859492651e-01 4.542841979371044225e-02 8.171549007800014142e-01 1.842097695291200488e-01 4.516266598930181175e-02 1.448709928265536906e-01 1.678505026559068969e-01 9.441711779269800209e-01 1.425241832868239522e-01 8.563091367679787069e-01 3.193210588978750430e-01 -4.277339173878043355e-02 9.538646624213361139e-03 3.541848534868262677e-01 6.547978441477280143e-01 6.846517830730415310e-01 4.960282416118849680e-01 5.183548775890667315e-03 -3.889311432856742967e-02 3.355795368159947278e-01 4.685700196679508656e-01
1.901343743477465487e-01 3.141019346864317718e-01 2.941434118010949894e-01 3.174311921766340139e-01 1.156457120553187473e-01 2.383690325863376813e-01 5.118568723270872090e-01 3.668042895407345183e-01 3.040308905260412642e-01 3.295406261379667523e-01 2.534080472924887251e-01 3.240468598906452447e-01 1.359080000014603329e-01 3.743726985666103735e-01 1.554967343256339896e-01 2.164936029945616902e-01 2.814398660421361109e-01 2.031000773502683321e-01 2.513376680042092581e-01 4.281265824240275686e-01 1.794394281780932743e-01 1.000000000000000000e+00 2.494904688172500662e-01 5.105898076539796548e-01 2.016677848379878901e-01 4.537613686926987855e-01 3.363833531118826103e-01 3.970536319210892784e-01 1.627630363122692658e-01 4.848370305680074765e-01 -5.666913999123616985e-02 6.047755101288415647e-02 3.471837106345213031e-01 3.690151474699094880e-01 1.644116351267474463e-01 3.868766707072630040e-01 2.457552462944666005e-01 3.048705595812482017e-01 6.803649894352016558e-02 1.778810692459291409e-01 4.330412449509317696e-01 3.409980067358420741e-01 2.940835775417166564e-01 2.976409098724530078e-01 2.851205948386095201e-01 2.782030633949855725e-01 1.568070906837618073e-01 4.580537939780930934e-01 6.753559854916578453e-02 2.038290305578507877e-01 2.480522457353558641e-01 2.042407666526465659e-01 3.588647774957582914e-01 4.419324718839246491e-01 1.365155675535537905e-01 5.249982892120694800e-01 1.922370713403802334e-01 5.253584300196130208e-01 1.722412044291494471e-01 3.443914266043600625e-01 4.011191862718365142e-01 3.668878737919759603e-01 1.694334763390310805e-01 3.978623242078530020e-01 -6.575570707053092490e-04 3.538967367444424694e-02 2.617156301070344138e-01 3.129445769143765488e-01
6.545306535055294139e-01 2.808120326810232825e-01 3.175746852226647432e-01 5.713452820846761648e-01 1.972617569655597258e-01 6.154968363917830976e-01 2.843046987275444359e-01 4.725158239838584961e-01 1.512142318826922294e-01 3.909022971595609297e-01 1.781440014790472426e-01 5.872546269138239072e-01 1.604620230099273667e-02 3.146881786463005537e-01 1.090013391546846150e-01 7.329504188488584759e-01 3.777308410921971227e-01 1.861549131323873563e-01 3.271200834713686723e-01 3.639542217776658983e-01 8.554292785853940817e-01 2.494904688172500662e-01 1.000000000000000000e+00 2.941598999925463809e-01 -9.622908279953150401e-02 2.660673675580332298e-01 3.618877983698471357e-01 6.808967360042609274e-01 6.798030765588178870e-01 5.807552105027949940e-01 1.886821697320832311e-02 9.290059883231427396e-02 4.872672479746718022e-01 5.746751631772768487e-01 6.165557984908847100e-01 2.846336851644508670e-01 2.312508398830135925e-01 5.345725352836389055e-01 7.503112981812576354e-02 5.423949699589090123e-01 2.438963476593744850e-01 5.042912966061181557e-01 8.696289479096142028e-02 4.053314094938450518e-01 1.346929756540904966e-01 5.913980799893323592e-01 3.556473993585338583e-02 3.159313254509728552e-01 1.445025118201575393e-02 7.546249105978379834e-01 3.555636240373231116e-01 7.894458944585060201e-02 2.641209701887662908e-01 2.607089394919666625e-01 8.165307134925470223e-01 2.192564834584650457e-01 8.744764535243627623e-01 3.111224218228794136e-01 -1.007523665246323336e-01 1.528377589915521362e-01 3.863903572195473979e-01 6.828499161296182063e-01 6.485278220094641277e-01 6.395440998400403476e-01 -4.296601908942056236e-02 -3.261076877350042869e-02 3.642170053143460873e-01 5.125872940303726200e-01
