1.000000000000000000e+00,1.469134268305613278e-01,2.206807515869598779e-01,7.749786325270531474e-04,-6.819895029402228345e-03,-3.943105489824610954e-02,1.947185237965867455e-01,1.697094822075716214e-02,4.114175598544021067e-02,6.997163644684975536e-02,3.021863161324409575e-01,9.329113186805257016e-03,1.260006607929408662e-01,4.072130553273968223e-01,-7.717306127057912968e-02,1.161953800145641702e-01,4.945715138471623584e-01,5.680371185146796537e-02,5.691942165430741163e-01,6.672492494294920973e-02,2.684652599029374032e-01,2.273074960809104983e-01,2.482333414806150163e-01,1.989885121900870912e-01,3.457472928948775864e-02,1.995019939891173044e-01,3.570760367893033860e-01,-1.966974140115506595e-05,4.856744070881831576e-01,3.359787126090908460e-01,3.362184435003290339e-01,-2.140508981774466926e-02,1.171175221446252718e-01,2.105348573305932669e-01,4.803265477516638904e-01,1.234684822729510828e-01,-3.711861199752625878e-02,5.607308640308265868e-02,-7.664741575627362358e-02,-8.877365443120795174e-02,-8.908936398351344210e-02,-9.677538990958521603e-02,-2.604037241741298525e-02,4.698984405279886707e-03,1.144080792955241843e-01,1.705705167832492763e-02,-7.121257947866892202e-02,9.215702072672608824e-02,-6.584514175969452543e-02,2.388522342147369470e-01,2.380336908229051529e-01,-4.924447436617018087e-02,3.295540804081864006e-01,2.878749539238281349e-02,2.332469678868766272e-01,1.465462911686584158e-01,1.399003325622314720e-01,3.214970402569256730e-02,8.125093479263328575e-03,-3.350546713377184488e-02,1.559106177696927553e-01,-3.587196171734682165e-02,4.215429229074525441e-01,1.127450589775817191e-01,6.749932537922487263e-02,-2.923056511481763806e-02,6.817192610611816361e-02,1.506222375566389216e-01
1.469134268305613278e-01,1.000000000000000000e+00,-8.029743186696637613e-02,1.281544917488293134e-01,-6.095523562267380485e-02,-2.145389394041279443e-02,-8.439384368404399817e-02,-1.089922117554704278e-01,-1.315125977451598802e-02,9.280597241535869235e-02,1.526339721541883007e-02,1.077018696806934239e-01,-8.637676006703376430e-02,-1.195070360783827973e-01,-4.677629520409983671e-02,2.238974808844832465e-01,2.044029136046832396e-01,-2.509057752900830662e-01,1.224493348551008443e-01,1.722857227034134964e-01,2.234304402243433851e-01,3.429933563428915200e-01,2.720967124672540316e-01,1.480008988922500990e-01,6.912214443083131155e-02,1.580102136192020751e-02,2.046582571876967294e-01,2.871363354997977790e-01,5.681369765655332194e-02,1.816221595993531002e-01,-8.029222929608831327e-02,-1.230353087047080379e-01,7.027673376167477282e-02,2.607239699966107382e-01,2.392753849352940165e-01,3.621530803487777450e-01,4.485765460077314332e-02,1.728733246284707148e-01,-2.265362765788556804e-02,-3.851333796203777055e-02,-1.241408832820688375e-02,-8.315576210533408286e-02,5.431758278759209191e-02,4.729794517093135336e-02,1.646789035673277557e-01,1.186305797860589123e-01,-7.645852269250977273e-02,-1.244313151584379995e-01,-5.514986445740746590e-02,2.821636022167150482e-01,3.229973141378451040e-01,-1.919307966080807393e-01,2.724233932746867315e-01,9.759906472237735164e-02,2.277218072895806356e-01,3.339931013213631172e-01,3.187724271092935435e-01,2.139491405504269361e-01,1.104912143835490440e-01,1.306558060538023092e-01,2.933373759206887033e-01,2.985178217773776232e-01,1.061525210930448770e-01,3.404412255015807909e-01,3.227249500495516649e-02,-1.076949887770340814e-01,-4.224355343332477503e-02,2.916125620033526711e-01
2.206807515869598779e-01,-8.029743186696637613e-02,1.000000000000000000e+00,-8.663089459880379817e-02,3.314184902222987172e-02,1.530345687032150237e-02,8.519826656088759220e-01,6.217721076608303532e-01,2.637370630007085937e-01,-1.353682758360361948e-01,3.219828892914916030e-01,-2.146281192698776610e-02,2.570675779631706459e-01,5.122352914403969226e-01,8.686707431640185162e-02,7.571806540023542920e-02,3.677942568294392811e-01,6.044069164105255743e-01,4.559309003404287686e-01,-1.195437981935116786e-02,3.053775596746649557e-02,2.692141300320799371e-03,6.652308105145955663e-02,3.643385085079772212e-01,-7.061416394860713097e-02,8.071844385573575531e-01,5.223720363218758989e-01,8.002169589006946637e-02,6.878035402538729137e-02,5.233910904347806037e-01,3.040627164909023850e-01,1.478369344958465302e-02,3.520559320907466067e-02,-1.801736119688364390e-02,-9.345505233880188611e-02,-2.710148381457039291e-01,4.477254835541152889e-01,-7.531769264184762398e-03,-4.400765004847526779e-02,2.015357009037990754e-02,4.674922065945791849e-01,3.279320533442487418e-01,6.753209144039151735e-02,-1.346506809351177558e-01,-5.394565228113139960e-03,-6.347368114078120148e-03,5.002934433991781948e-02,1.870691974607457952e-01,4.067024829131473534e-02,8.065344718460380757e-02,-1.231668784387606186e-01,4.999119099108677022e-01,-2.781933821028907683e-02,-3.857137863393952232e-02,7.091835743246692816e-03,-1.394903950383828140e-01,-6.528807132088142173e-02,1.109408727705161191e-01,-2.410409737536233776e-01,2.493230457450848481e-01,7.505067003209781040e-02,-1.228823657222784804e-01,-2.693503129488165285e-03,-1.325042429738775007e-01,1.339500189089569693e-01,4.833028504957984084e-02,6.011224613655846705e-02,-2.310862944838607269e-01
7.749786325270531474e-04,1.281544917488293134e-01,-8.663089459880379817e-02,1.000000000000000000e+00,6.442687361391496483e-03,2.096738026645276198e-01,-2.275573755517234717e-02,5.617064381100515466e-03,-5.894633074204436857e-02,2.750674292397732312e-01,-2.013151782215490404e-01,7.167580611254750211e-01,-1.976995322565089086e-01,-3.059119205726379409e-01,-1.275052815645026476e-02,1.762337145151679774e-01,1.501805207430337852e-01,-2.982064930342441800e-01,-1.129156196010563107e-01,6.830672122535775825e-01,1.665040914890781598e-01,1.306352047944040196e-01,2.258158167237417357e-01,7.551320507151221273e-02,-1.563794203438347574e-01,-1.530322643965827401e-01,-1.863767376469774029e-01,4.419384403305423037e-01,1.527468139171310989e-02,1.215787186711248524e-01,-1.571481059913799327e-01,-1.783331444051352299e-01,-2.872099085417599909e-02,2.040854726668286934e-01,2.024227430660487659e-01,1.894073031957027031e-01,1.357038101316726808e-01,7.988233327729103994e-01,4.019209315585048695e-03,2.587831859760889586e-01,7.056656002228063607e-02,2.350621126561430740e-02,1.939559751500194527e-03,1.844470451190542704e-01,-1.042334847715889641e-02,7.461971337400629123e-01,-1.617748255718081396e-01,-2.943988467577109969e-01,-3.106510974496627642e-04,2.746427622951824743e-01,2.935295299802335722e-01,-1.320443705171131243e-01,1.127668733273461121e-01,7.003979467574926732e-01,1.937192418249671921e-01,2.209714792124444771e-01,2.694740095123840384e-01,1.980373333083750020e-01,-1.363796767211214733e-01,8.749145736209519575e-02,2.035995618947615896e-02,3.935449838953534729e-01,5.467494304811320455e-02,2.373110791172331480e-01,6.949370921794534306e-02,-1.288543031691080087e-01,-2.707292670070018947e-02,2.317359472196448555e-01
-6.819895029402228345e-03,-6.095523562267380485e-02,3.314184902222987172e-02,6.442687361391496483e-03,1.000000000000000000e+00,5.021272649242181779e-02,3.126432525064288398e-02,1.003095904345398803e-01,-8.721973078692104100e-03,-1.017009362947559822e-02,2.295165265908421376e-02,-4.294751578708240480e-03,-1.445668893258309981e-02,5.727335358240980348e-03,4.320592454778616337e-02,-1.888623113711861840e-03,5.044126144634344944e-02,5.135668094452477961e-02,1.182872545725728759e-02,-2.471125449146074557e-02,-7.318377618819898144e-03,-1.330224384018676917e-02,1.007345831455332651e-02,-4.125019190827145660e-02,-6.397635203865072173e-02,-1.693742378539269539e-02,-3.528924958679940938e-02,1.517168688578329240e-02,-4.110450324783619658e-02,4.726861891229740265e-02,2.768541669496899296e-02,1.056349163439018329e-01,-7.968091396556736816e-02,8.268196116751180130e-03,-2.414197253184308806e-02,-1.226280345018054135e-01,-4.092685655530126781e-02,6.940583519056206388e-04,3.124673214658476791e-02,4.322223750347307242e-02,-2.409889286269581779e-02,5.131468783134205541e-02,-4.942797810413126353e-02,-1.648807828599987285e-02,-4.598062495608710304e-02,-4.190895697482452907e-03,-2.940228929567912514e-02,-2.573715852803341864e-02,2.304449787758340237e-02,3.517461987196821016e-02,-4.906049191963524764e-02,-2.925216764786974649e-02,-2.832298316077636394e-02,-2.085328590432628318e-02,-1.056180808212502098e-02,-4.662713412220018117e-02,-1.149850434599263699e-02,-4.829555641329506821e-02,-6.438654087577405649e-02,-6.986486593652881105e-02,-8.390965479779924352e-02,-1.517953996189944175e-03,-4.334583677247650507e-02,-3.523161433488852801e-02,-3.782630489780822169e-02,1.890680272092739450e-02,-7.853267518868781161e-02,-3.420322015098060942e-02
-3.943105489824610954e-02,-2.145389394041279443e-02,1.530345687032150237e-02,2.096738026645276198e-01,5.021272649242181779e-02,1.000000000000000000e+00,1.479345287885767135e-01,2.577035013279602160e-01,2.662912080647661731e-02,5.805434739089841978e-01,7.216468458642315287e-03,3.129238292180270276e-01,5.454617596002522134e-02,-2.507962562441849036e-02,1.304756389266889249e-01,1.357434659131499799e-01,-3.452219112120379074e-02,2.841286963329748769e-02,-7.905747582968331022e-02,2.345101022418860093e-01,7.326976685920756627e-02,-7.911132991766321385e-03,1.841822468821721348e-01,2.872101550431170602e-02,8.716221214257677263e-02,-3.189790756405521538e-02,2.503266221265868299e-02,3.648276155701730139e-01,2.192733451140294054e-02,-1.749671024227611102e-02,2.813694787432539576e-02,4.677577356431328326e-02,2.200609666192441735e-02,6.190202787890363573e-02,1.042378063413215428e-01,1.256558077003184018e-02,5.481470578583578362e-02,2.210750406523312450e-01,-3.302752598829058767e-03,6.652965194485112033e-01,5.518614321647768300e-02,3.194471799603766926e-01,8.432505665790046567e-02,5.860179658120908686e-01,2.811356933541356989e-02,2.405475028879233701e-01,7.173687493840225082e-02,-1.592028053536846330e-02,1.299820094061215348e-01,1.172251684800004606e-01,1.036040115017467927e-01,-2.911882675523371627e-02,8.338670063443945346e-02,2.207869366477997475e-01,1.058464757295992098e-01,-4.200869947245383651e-02,2.385655766009554812e-01,3.709447286276254530e-02,-3.292244221927304038e-02,-1.726650765732569426e-02,1.425250760974876123e-02,4.080887065058730889e-01,7.643059516283297154e-03,1.072952553746040760e-01,1.203977658930428449e-02,7.802129948923963720e-02,-2.230983272376830737e-02,-9.273644106303401136e-03
1.947185237965867455e-01,-8.439384368404399817e-02,8.519826656088759220e-01,-2.275573755517234717e-02,3.126432525064288398e-02,1.479345287885767135e-01,1.000000000000000000e+00,5.946336346599321310e-01,3.863548785423524534e-01,1.153197803352216076e-02,2.319421349111364661e-01,9.433424141034860155e-02,2.869279940566715759e-01,5.740671686160799814e-01,1.525129494336248392e-01,9.982110143634355393e-02,1.607166839049768980e-01,5.576735628326198180e-01,2.924137321057750372e-01,8.072365306100802440e-02,3.390616717089651316e-02,6.429504179273613784e-02,1.050377780518991014e-02,5.715437245722956305e-01,3.529509923269821131e-02,7.248013808707433059e-01,5.190440535848361847e-01,1.659291994873613452e-01,3.619584095561602377e-02,4.121634400890085148e-01,3.436749154811581941e-01,3.627497672945685647e-02,3.450029257154395290e-02,-6.549338943150541381e-02,-7.956688459599597918e-02,-2.433532493583842604e-01,4.375628084895727965e-01,7.554012718701295925e-02,-6.911644337676296768e-02,1.190368613604737835e-01,6.008031331624232863e-01,3.658995339457718488e-01,2.308547706214822970e-01,-1.185789517117276891e-02,-7.162015656224089699e-02,7.188932032216795165e-02,1.451508095884506133e-01,2.976455328445617443e-01,9.385327251406963556e-02,1.114386957612226309e-01,-2.011775535864572251e-01,4.205539086140228089e-01,-1.128824228471476537e-01,2.316803696828755380e-02,1.904083101829842639e-02,-4.078462122110560611e-02,-8.512690305513029299e-02,3.339045835138749752e-01,-1.227467067477826940e-01,2.558579603677946235e-01,1.683576703545366648e-01,-6.878629075938951128e-03,-2.548745771398483462e-02,-1.310498365535854304e-01,1.724453084796152835e-01,9.123178000277425148e-02,2.720494215032794733e-02,-2.724698913938159439e-01
1.697094822075716214e-02,-1.089922117554704278e-01,6.217721076608303532e-01,5.617064381100515466e-03,1.003095904345398803e-01,2.577035013279602160e-01,5.946336346599321310e-01,1.000000000000000000e+00,9.472093090635469448e-02,-8.520120742792175461e-02,1.422703539601642142e-01,3.307172562633779733e-02,1.369337951165899570e-01,2.578260286555557612e-01,8.094291210849741125e-02,6.289565193372431695e-02,2.365565600074983899e-01,4.245085480712986192e-01,2.375083781221332679e-01,8.610900120830237633e-03,-1.030142367148749738e-01,-8.025366531787818392e-02,1.413804281667879574e-02,9.589427189534466267e-02,-1.741779140645333124e-01,3.677714001612362726e-01,1.598564302699896911e-01,2.455327117257893321e-01,-1.250053961648730783e-01,4.199411113513876748e-01,9.752158140364489136e-02,1.842199599214728797e-02,-7.747521362559521563e-02,-2.248870034763574000e-02,-1.720867304598016623e-01,-2.859656053079110971e-01,2.574067904307573706e-01,2.792024577372304028e-02,2.892977471101527975e-02,2.095316927050464295e-01,3.054326365499154816e-01,5.285057504389282235e-01,-5.102702888621506172e-02,-8.486739270075907560e-02,-7.408087832326032407e-02,2.409421414328656932e-02,-3.113699712524646557e-02,2.556329365620149674e-02,4.004318554795732732e-02,2.841861849282549882e-02,-1.077981737499002085e-01,3.531999852920947869e-01,-4.490717677877906211e-02,-3.918295529416498946e-02,-8.514294461480566290e-02,-2.023014737010884745e-01,-4.375976704165921577e-02,-1.900675305857128794e-02,-3.297505038509125908e-01,2.900198686958788477e-02,-1.582538921744626181e-01,6.978657321278713965e-02,-1.992385259820129983e-01,-4.908160768384512568e-02,8.029087389151751131e-02,8.844855022862491145e-02,-2.242409322741819450e-02,-2.098803392902218456e-01
4.114175598544021067e-02,-1.315125977451598802e-02,2.637370630007085937e-01,-5.894633074204436857e-02,-8.721973078692104100e-03,2.662912080647661731e-02,3.863548785423524534e-01,9.472093090635469448e-02,1.000000000000000000e+00,5.949515867160463933e-02,6.989038491863636127e-02,4.744748680555294085e-02,2.025954784507949802e-01,2.379833866849712654e-01,1.345341144443148174e-01,2.892566274926706635e-02,-1.151901861086519485e-01,1.639314683526388872e-01,-8.584086932383659663e-02,2.911826832273841856e-02,-1.302621369706532736e-02,1.264772903256649594e-01,-4.188459897533496068e-02,5.689860374095521145e-01,3.070698687153786133e-01,2.925346832215283688e-01,3.118557312233199985e-01,-1.508020990996772857e-02,7.830083608394186601e-02,-1.563617416182057004e-02,2.033312826444620414e-01,3.874155440455664956e-02,1.250717727880243380e-01,-9.077096003743215236e-02,-7.461625446556378882e-02,9.789442004741168157e-03,1.271994683895735501e-01,-5.814546431826893985e-03,-3.632373919655227518e-02,2.332077143923138099e-02,2.388989725434830236e-01,2.645354409031680509e-02,4.436417979509744702e-01,6.242651112421433723e-02,-9.053658538380403298e-02,-1.313697284706949291e-02,2.089622359066967971e-01,1.133042747593173138e-01,1.547078586729671024e-01,5.370113823663542896e-03,-2.124106442991294807e-01,4.423499269982861248e-02,-2.373861469899264665e-01,1.086366476281360773e-02,-3.580630240095603045e-02,1.148185875831317787e-01,-9.631608342179440174e-02,3.727932912307250213e-01,1.879825509608470391e-01,9.361429959943300128e-02,1.480088889507802652e-01,-4.211348841861586867e-02,3.160928915130269828e-02,-1.452169424243670293e-01,1.927566850703008872e-01,7.338956979809606318e-02,8.070863420491967977e-02,-1.185824922449438268e-01
6.997163644684975536e-02,9.280597241535869235e-02,-1.353682758360361948e-01,2.750674292397732312e-01,-1.017009362947559822e-02,5.805434739089841978e-01,1.153197803352216076e-02,-8.520120742792175461e-02,5.949515867160463933e-02,1.000000000000000000e+00,3.235786148692953307e-02,3.142322578996185056e-01,4.047337896447086858e-02,1.488424941519336624e-02,1.699613460370504731e-02,2.113587469071708802e-01,-1.082702214713476274e-01,-8.816535154187862822e-02,-5.448656964291424126e-02,3.101584025176666315e-01,2.546471871787656660e-01,1.019061078722434677e-01,2.740495316000309822e-01,9.293128114581605814e-02,2.171897407114049272e-01,-2.910363753234310180e-02,1.371437659278415544e-01,3.158969971649387976e-01,1.774953936457382697e-01,-8.755169130165768587e-02,4.687219874004727727e-02,-5.581946347601803027e-02,1.090368242452351977e-01,6.518425229236721186e-02,1.849646776890915278e-01,1.566457313847254285e-01,1.293557136546479502e-03,3.028699025562607283e-01,-6.555147348089325476e-02,4.569684861349580518e-01,-3.886895041105890153e-02,5.952742113998760187e-02,1.324482162864986656e-01,8.666797747171451904e-01,9.839603067932825575e-02,2.598388041812490501e-01,9.851681002903335538e-02,5.985294851558179557e-02,3.632573273004265080e-02,2.359169740470809795e-01,1.509982339629200032e-01,-1.152182097934826982e-01,1.205035595397128678e-01,3.477964985185192925e-01,2.869757556926791353e-01,1.338609853797348426e-01,3.546111379558695154e-01,7.726216249850335893e-02,1.866514236299076646e-01,8.512865519726640906e-02,2.118978335904203592e-01,4.351517195492922707e-01,1.618604968129560562e-01,1.841423720893471394e-01,5.766711775691680045e-03,3.101664493953073740e-02,-4.817320568802733148e-03,9.133420869176847590e-02
3.021863161324409575e-01,1.526339721541883007e-02,3.219828892914916030e-01,-2.013151782215490404e-01,2.295165265908421376e-02,7.216468458642315287e-03,2.319421349111364661e-01,1.422703539601642142e-01,6.989038491863636127e-02,3.235786148692953307e-02,1.000000000000000000e+00,-1.576324680207417950e-01,3.135488349815933051e-01,4.358459077779159307e-01,1.676354434604362606e-02,-2.673822999576766848e-02,2.422736946291428051e-01,4.300596546121931429e-01,5.028548300625100831e-01,-8.900699462345260105e-02,7.443990336071040076e-03,5.676753061346546253e-02,2.509269206048062376e-02,6.408010916168049853e-02,1.855151271046180106e-01,4.057771463143274304e-01,4.482821303394542989e-01,-1.628066517635506361e-01,2.642896519356373597e-01,1.178831832591067386e-01,3.348863966512108936e-01,7.963868374055359245e-02,1.108709245587738840e-01,5.648140379033730896e-02,2.278301968168911298e-02,-2.933702857908031952e-02,-8.251237875413300338e-02,-1.560005749421257415e-01,-3.515733236776781567e-02,-1.904500346456105067e-02,-1.113697549815065996e-01,-4.025252575824771195e-02,-8.116155740614508507e-02,3.931456670619205146e-02,1.894977646346477917e-01,-1.465159833150265489e-01,1.067879606261465664e-01,1.222106516629176826e-01,-1.969316108354499800e-02,-1.228776110243524032e-02,-5.348874537795832856e-02,2.238984765556177037e-01,1.347184827620400704e-01,-1.311903795426499209e-01,-1.087229035514885054e-04,-1.589808311934405027e-01,-9.211348233332192215e-02,-2.018628900555822225e-01,4.001777966089142824e-02,-5.046785725877585282e-02,-3.182648103570646231e-02,-1.946533098069691547e-01,1.366440558432532038e-01,-2.169450738703034565e-01,6.245127453937015377e-02,3.230215431915830354e-02,6.463882138240249764e-02,-6.547281410132689550e-02
9.329113186805257016e-03,1.077018696806934239e-01,-2.146281192698776610e-02,7.167580611254750211e-01,-4.294751578708240480e-03,3.129238292180270276e-01,9.433424141034860155e-02,3.307172562633779733e-02,4.744748680555294085e-02,3.142322578996185056e-01,-1.576324680207417950e-01,1.000000000000000000e+00,-1.234925481890503662e-01,-2.478496692651497579e-01,6.091329271645699872e-02,1.676422531759792223e-01,1.382787983174662005e-01,-2.159731684810100305e-01,-8.241988747268691462e-02,6.663510161493768624e-01,1.246201394326253986e-01,1.446446276492555083e-01,2.117557891244353507e-01,1.552703583597153658e-01,-9.315644727205073250e-02,-9.825316694929253636e-02,-9.586083402337595982e-02,4.555290460454975432e-01,2.671248578422750694e-02,7.467172696395023290e-02,-1.096937596850073027e-01,-1.459375267446677282e-01,2.137417756804631599e-02,1.646499088455211091e-01,1.965914369383214844e-01,1.682678257227563923e-01,1.316538685392747432e-01,7.384573308001939340e-01,2.040857178330912972e-02,3.601389433166623522e-01,1.343246221614424751e-01,1.466003431981109835e-02,7.730894653096019586e-02,2.025800443862710298e-01,-2.939897149344244953e-02,7.599455920442512724e-01,-8.423945125163440073e-02,-2.527720187173281285e-01,9.206865785556042625e-02,2.928457326149750961e-01,2.315540726190622733e-01,-1.173383333857841299e-01,1.132092880714984651e-01,6.489695839384649334e-01,1.568545801396407369e-01,1.955741346699378103e-01,2.181525986035878495e-01,2.727909430299803040e-01,-1.349566919371696927e-01,8.209242559865698174e-02,5.217071090989305188e-02,3.994654326422678592e-01,7.731650594013908528e-02,1.750521952695315575e-01,1.117649528433622419e-01,-1.023777733848528770e-01,7.391181044084128848e-03,1.795924207611613033e-01
1.260006607929408662e-01,-8.637676006703376430e-02,2.570675779631706459e-01,-1.976995322565089086e-01,-1.445668893258309981e-02,5.454617596002522134e-02,2.869279940566715759e-01,1.369337951165899570e-01,2.025954784507949802e-01,4.047337896447086858e-02,3.135488349815933051e-01,-1.234925481890503662e-01,1.000000000000000000e+00,4.470176203129049286e-01,6.367661138390715014e-02,-6.547634847817597470e-02,-6.392335018910264011e-02,4.041448735106699108e-01,1.605559149091148885e-01,-1.238576004679463050e-01,-5.268169187549022470e-02,-6.916925839304907675e-02,-1.131326606072309282e-01,1.804473781896273887e-01,3.570466855625211156e-01,3.171245695643838958e-01,3.867182975545794821e-01,-2.052252440286076729e-01,1.030831887447075795e-01,-7.065715629319799240e-02,2.889267196112440539e-01,1.461312873008165369e-01,7.524426135022799222e-02,-1.067664394658145027e-01,-1.186082730053044793e-01,-1.156462584539721117e-01,-7.896553885340897028e-02,-1.677750063853468698e-01,-4.165450787824188927e-02,3.887256770165493924e-02,-2.108641935044832435e-03,2.810439430991578877e-02,9.323512039230637261e-02,6.308511718991681450e-02,-2.481535437347717060e-02,-1.593424639141101384e-01,2.556589393020304857e-01,2.645322832984997596e-01,1.000149869843513922e-01,-1.269780261802196941e-01,-2.703994417475390488e-01,1.474689844478695167e-01,-1.673402859941984511e-01,-1.883196387423114182e-01,-5.793551885399273599e-02,-1.897366313729947074e-01,-1.691231356591572643e-01,-7.763481738329362780e-02,1.561840346282973024e-01,-7.455525393977160964e-02,3.193135722026269052e-02,-2.135687306216510761e-01,2.024958200793300703e-02,-2.934748896919649463e-01,-4.671132625697543145e-02,1.433310669158837924e-01,4.285294159324735952e-02,-2.075787466574336437e-01
4.072130553273968223e-01,-1.195070360783827973e-01,5.122352914403969226e-01,-3.059119205726379409e-01,5.727335358240980348e-03,-2.507962562441849036e-02,5.740671686160799814e-01,2.578260286555557612e-01,2.379833866849712654e-01,1.488424941519336624e-02,4.358459077779159307e-01,-2.478496692651497579e-01,4.470176203129049286e-01,1.000000000000000000e+00,3.200912977162136130e-02,-1.127827618105732427e-01,3.353119761187220438e-02,6.767787406845032772e-01,4.783142955186681644e-01,-2.163463802315751250e-01,8.012525270874473401e-03,-6.127501286880182585e-02,-1.186175615075858031e-01,2.431284291969181555e-01,2.883950869126261640e-01,5.145683775391644010e-01,6.555218693701710952e-01,-3.444945079205334881e-01,2.046887687817547097e-01,7.663981462679535228e-02,5.513338307705388797e-01,2.259268663226420559e-01,6.154721470235476055e-02,-1.897237293704989447e-01,-6.486558909994595556e-02,-2.629067428872662870e-01,-9.453834362724734819e-02,-2.510315640309027096e-01,-1.297584252321358211e-01,-9.263314492900764918e-02,4.887944624148111983e-02,5.653093682456757779e-02,5.701539772172512649e-02,4.334532341994688093e-02,-5.382958516060030313e-02,-2.813355034946402600e-01,2.827123643624964155e-01,5.915671097668048217e-01,-1.231905387208469954e-02,-1.238091606946710305e-01,-3.806823639895224876e-01,2.553522312021235252e-01,-1.319086150217846365e-01,-2.693918938329221135e-01,-2.619705598264502125e-02,-2.870701976634206232e-01,-2.353391871694903714e-01,-1.571543619140953751e-01,1.467576001793858831e-01,-1.180267133893648512e-01,1.054737584248317539e-01,-3.594872076274308603e-01,1.117129582609763111e-01,-4.002440745770482478e-01,-9.680822777750450192e-02,2.102936266800882470e-01,1.111260921731882685e-02,-3.538001996676305438e-01
-7.717306127057912968e-02,-4.677629520409983671e-02,8.686707431640185162e-02,-1.275052815645026476e-02,4.320592454778616337e-02,1.304756389266889249e-01,1.525129494336248392e-01,8.094291210849741125e-02,1.345341144443148174e-01,1.699613460370504731e-02,1.676354434604362606e-02,6.091329271645699872e-02,6.367661138390715014e-02,3.200912977162136130e-02,1.000000000000000000e+00,8.565755528869392274e-03,-1.328973130884190945e-01,6.305280252523479123e-02,-1.075100266839941754e-01,2.788295021061447040e-02,-2.637879267984170190e-02,-4.915086428845969607e-02,-2.001039671200899664e-02,1.620373328435133486e-01,1.341390655231977092e-01,7.401192779434645486e-02,8.070382655352514867e-02,-1.440702784953093452e-02,-2.689233084101104107e-02,-8.465401702969660436e-02,1.035504403963474415e-02,2.026536888382490451e-02,3.941237435387920374e-02,-8.169140432471652669e-02,-9.226381027670631230e-02,-5.685706490903694871e-02,6.987770076696714350e-02,1.196359406357831202e-03,-1.498091149943621241e-02,1.248865759051626667e-01,1.591966114992319492e-01,6.287944319459988496e-02,1.764863385455353040e-01,3.016818715440797161e-02,-7.829100688664271390e-02,1.375693397921402134e-02,1.277872186017266209e-01,5.713615253841961006e-02,1.688314137453389152e-01,-2.780374925884432011e-02,-1.428511198407783900e-01,2.391464099591224940e-02,-1.170257054425608428e-01,6.707335346714958426e-04,-4.267120046255972604e-02,-8.660563742608987092e-02,-7.458990100995142869e-02,1.487002986622463496e-01,4.159957256382100510e-02,2.632180077409747992e-02,5.320976986254006419e-02,-2.372029534472134410e-02,-4.121717081216531853e-02,-1.189375021988536979e-01,-3.370368490427163438e-02,8.140457615497580235e-02,3.505423138409312356e-02,-1.184548778569045613e-01
1.161953800145641702e-01,2.238974808844832465e-01,7.571806540023542920e-02,1.762337145151679774e-01,-1.888623113711861840e-03,1.357434659131499799e-01,9.982110143634355393e-02,6.289565193372431695e-02,2.892566274926706635e-02,2.113587469071708802e-01,-2.673822999576766848e-02,1.676422531759792223e-01,-6.547634847817597470e-02,-1.127827618105732427e-01,8.565755528869392274e-03,1.000000000000000000e+00,1.907176986486651127e-01,-2.052336799253128563e-01,4.238489166620649368e-02,2.112792383423856279e-01,4.027867546041764557e-01,3.244385231477974196e-01,4.770477638610678972e-01,1.957931190165144719e-01,-1.197760304621888275e-02,6.902428798218843142e-02,1.418793993100637696e-01,4.682780947251697357e-01,1.200164801697587297e-01,3.186677921688155224e-01,-5.817389471110201438e-02,-1.320102486339236603e-01,1.177813033337039017e-01,2.804699804039508249e-01,2.015815677393188454e-01,1.905737197094263258e-01,2.103873624547975552e-01,2.119513441662689568e-01,-2.048829464623352567e-02,9.073668899948882094e-02,1.680685513472421067e-01,1.138204651184568789e-01,7.396095991352047427e-02,1.349093391309875711e-01,1.283376230369711601e-01,1.972837905579600537e-01,-6.415140200414991278e-02,-7.519947576038359116e-02,-1.377508476240897574e-03,4.630876284065826853e-01,3.023612702933992091e-01,-3.850201439211500126e-02,2.197562373385841539e-01,1.868721920984098284e-01,3.874534441768512916e-01,3.251432779537611339e-01,4.753346015011022385e-01,2.686828621549903762e-01,1.824961108024516707e-02,2.174596658073168209e-01,2.601288475218493379e-01,4.381394946667645507e-01,1.490680655336283356e-01,3.918470202157109394e-01,8.327024488416248649e-02,-1.008085451402890159e-01,1.751841612823197905e-02,2.649157115341339574e-01
4.945715138471623584e-01,2.044029136046832396e-01,3.677942568294392811e-01,1.501805207430337852e-01,5.044126144634344944e-02,-3.452219112120379074e-02,1.607166839049768980e-01,2.365565600074983899e-01,-1.151901861086519485e-01,-1.082702214713476274e-01,2.422736946291428051e-01,1.382787983174662005e-01,-6.392335018910264011e-02,3.353119761187220438e-02,-1.328973130884190945e-01,1.907176986486651127e-01,1.000000000000000000e+00,-2.943476047220040109e-02,6.780956153763870731e-01,1.755991220182342993e-01,2.138038391696770457e-01,2.600151327410750723e-01,3.931198847711928068e-01,-4.388674686151702799e-04,-3.061349012180061835e-01,2.100435073609236425e-01,1.633658957470547901e-01,2.979601000108149655e-01,2.590883457973487958e-01,6.393280217740228144e-01,1.142015469508117637e-01,-1.620808976477390306e-01,4.484858950722823978e-02,4.080773505166427340e-01,4.207751781238048827e-01,1.320790614312462863e-01,1.472343314128846115e-01,1.910145874513671793e-01,-1.427304706755462560e-02,-2.257253661031190239e-02,-3.333852080340408974e-02,2.783155643190871401e-02,-2.451701509262731449e-01,-1.667852110009477029e-01,1.923654175071184136e-01,1.748772850849640570e-01,-2.836120332148770462e-01,-3.155590963228458445e-01,-1.282875614976609069e-01,3.535285586745375297e-01,5.615443199638934235e-01,4.701392160598662912e-02,5.620529460795639087e-01,1.516630626877739363e-01,1.984255257404857198e-01,1.590014534520762801e-01,3.250183719736776666e-01,-2.255188591519826508e-02,-4.052792823821506074e-01,3.347222398946107097e-02,-2.972286178574720748e-03,1.698388766641922565e-01,2.632414833203722271e-01,3.632824332792245481e-01,1.527027675866960976e-01,-1.843599363615300024e-01,4.829377786443035669e-02,3.336343120984698873e-01
5.680371185146796537e-02,-2.509057752900830662e-01,6.044069164105255743e-01,-2.982064930342441800e-01,5.135668094452477961e-02,2.841286963329748769e-02,5.576735628326198180e-01,4.245085480712986192e-01,1.639314683526388872e-01,-8.816535154187862822e-02,4.300596546121931429e-01,-2.159731684810100305e-01,4.041448735106699108e-01,6.767787406845032772e-01,6.305280252523479123e-02,-2.052336799253128563e-01,-2.943476047220040109e-02,1.000000000000000000e+00,3.553535879930067032e-01,-2.187703370594140939e-01,-2.056517569584125904e-01,-2.335601961399803861e-01,-2.547946201131085497e-01,1.377796123577261327e-02,1.682144354827541655e-01,5.652139592182244821e-01,4.671523430539349930e-01,-3.612781116437514539e-01,3.575774994574907467e-02,2.186086967317044105e-02,3.454508944796920167e-01,2.298639345875507500e-01,3.125304949892258877e-02,-2.422336707177426829e-01,-3.624589384940401504e-01,-4.109516056306201648e-01,-7.448524409743444152e-02,-2.749066591197869003e-01,-5.407539176312878976e-02,2.466171056464329381e-02,4.248077430438531449e-02,1.389289152957976503e-01,-5.088923823911258720e-02,-2.672425446569080473e-02,-1.077601427079863672e-01,-2.465676526666888690e-01,2.387447488333523937e-01,3.549922004397315645e-01,4.622408801549963975e-02,-2.404774730314785391e-01,-4.857208100977338239e-01,4.324431418065394772e-01,-2.578252021749284362e-01,-2.671101919710178185e-01,-2.045618530719160166e-01,-4.760754955121774268e-01,-3.754676361237365700e-01,-3.330133629477081136e-01,-4.516646195900970995e-02,-1.526534359094235960e-01,-1.912933639258570795e-01,-4.327853401173697989e-01,-1.035474191583107273e-01,-5.612252274463398471e-01,-8.646248326039555898e-02,1.899574575509118124e-01,3.848613013611983796e-02,-4.487904408499939768e-01
5.691942165430741163e-01,1.224493348551008443e-01,4.559309003404287686e-01,-1.129156196010563107e-01,1.182872545725728759e-02,-7.905747582968331022e-02,2.924137321057750372e-01,2.375083781221332679e-01,-8.584086932383659663e-02,-5.448656964291424126e-02,5.028548300625100831e-01,-8.241988747268691462e-02,1.605559149091148885e-01,4.783142955186681644e-01,-1.075100266839941754e-01,4.238489166620649368e-02,6.780956153763870731e-01,3.553535879930067032e-01,1.000000000000000000e+00,-3.221242111501753519e-02,8.604159763511623482e-02,1.571842685165495412e-01,1.196277076541168577e-01,-1.125237635829240759e-02,-7.506321109277779013e-02,4.284119801868272459e-01,4.803505170533935442e-01,-3.652180006367645310e-02,2.662468480625156397e-01,4.426493368790777039e-01,3.921555480654839165e-01,-2.260408149050968304e-02,5.429462386742210656e-02,1.732552270289170748e-01,2.727602989412766243e-01,-2.737612463135548693e-02,-3.841776033606771751e-02,-5.485615969521451252e-02,-5.016995944434322896e-02,-1.075978801572358146e-01,-1.188854662120307631e-01,-2.465899874443254480e-02,-2.615991583089116168e-01,-9.811021240906363239e-02,2.116050135841923141e-01,-8.266850321237227683e-02,-1.290699071721492508e-01,5.466912323920944394e-02,-1.426013849238526587e-01,1.270259230226816194e-01,2.324750688921459751e-01,1.754244695372403351e-01,4.775340396034769008e-01,-7.902046999100903468e-02,3.161750707506478381e-02,-5.824831146939444398e-02,7.852898894840577154e-03,-2.156717709239178715e-01,-2.336167429461752099e-01,-5.519484091148788019e-02,2.489065657992739489e-02,-1.278329208063443967e-01,2.205970455001652619e-01,9.740900935578734529e-03,1.067317166196110265e-02,-2.378969735162468277e-02,3.487351641773035055e-02,4.947939565900460329e-02
6.672492494294920973e-02,1.722857227034134964e-01,-1.195437981935116786e-02,6.830672122535775825e-01,-2.471125449146074557e-02,2.345101022418860093e-01,8.072365306100802440e-02,8.610900120830237633e-03,2.911826832273841856e-02,3.101584025176666315e-01,-8.900699462345260105e-02,6.663510161493768624e-01,-1.238576004679463050e-01,-2.163463802315751250e-01,2.788295021061447040e-02,2.112792383423856279e-01,1.755991220182342993e-01,-2.187703370594140939e-01,-3.221242111501753519e-02,1.000000000000000000e+00,1.871568640078602186e-01,1.735338402832634908e-01,2.544671482434358034e-01,1.791753341847314995e-01,-8.338382371586722241e-02,-4.816082133533926973e-02,-5.988040562976969933e-02,4.136294235061437896e-01,9.869606809598194253e-02,1.168724092420359156e-01,-1.103016432505245503e-01,-1.530958154300787466e-01,6.687034882230866173e-02,1.989950005842603953e-01,1.952142582122617931e-01,2.094564634305552675e-01,1.776464005005284341e-01,6.828305743506211112e-01,-1.555490417470438598e-02,2.441672420025514656e-01,1.379857688864698229e-01,1.965923515074852884e-02,9.388210391095258567e-02,2.346703421559556135e-01,3.339556213406083551e-02,6.621021446278674283e-01,-7.613555437783334212e-02,-2.241212963293330862e-01,3.100195206621243413e-02,2.834828276591693785e-01,2.633711112841529700e-01,-5.534557057486141213e-02,1.617329811379271953e-01,7.121698449284805665e-01,2.204518856912932867e-01,2.103328180899941280e-01,2.721819847056828889e-01,2.725967303347952564e-01,-1.082981057882602682e-01,1.342479923295587241e-01,9.948732269113003124e-02,3.771772842544706128e-01,1.455149106477844068e-01,2.165410207923825214e-01,1.446589709649294120e-01,-1.313310413196676074e-01,9.559206769703360723e-03,2.413154458007595038e-01
2.684652599029374032e-01,2.234304402243433851e-01,3.053775596746649557e-02,1.665040914890781598e-01,-7.318377618819898144e-03,7.326976685920756627e-02,3.390616717089651316e-02,-1.030142367148749738e-01,-1.302621369706532736e-02,2.546471871787656660e-01,7.443990336071040076e-03,1.246201394326253986e-01,-5.268169187549022470e-02,8.012525270874473401e-03,-2.637879267984170190e-02,4.027867546041764557e-01,2.138038391696770457e-01,-2.056517569584125904e-01,8.604159763511623482e-02,1.871568640078602186e-01,1.000000000000000000e+00,2.945378654400743201e-01,7.273986036511947972e-01,1.394023466976638259e-01,-1.914517306578704739e-02,5.779934130955670379e-02,2.427890205605641449e-01,3.355320424172503202e-01,2.533238159035261505e-01,2.946714725454665507e-01,3.831831077056566115e-02,-7.167512816169718803e-02,1.215230482826060721e-01,3.623077584994260913e-01,2.460958071114762169e-01,2.165952709834537693e-01,1.207904721967473505e-01,1.975131545925303544e-01,-7.662543335894655971e-02,4.822611688640782851e-02,6.707154807040741074e-02,-5.967492861429900958e-02,5.357807032492303834e-02,2.019005524568681098e-01,1.233509050631685366e-01,1.618139237310356471e-01,-9.260695700113381543e-03,-1.107960838480590189e-02,3.630618890772503715e-02,4.408397676203485993e-01,2.661293437561512154e-01,-6.027785360270000725e-02,1.604322448123284284e-01,2.060859341288109325e-01,7.790157218296701602e-01,2.855398802418899762e-01,6.343495502681889553e-01,1.878170541297212170e-01,3.642138529185875995e-02,1.753609223307435183e-01,3.356665706975278662e-01,3.805005809485619839e-01,2.673247121874481325e-01,3.979478097602748843e-01,3.101635430426629564e-02,-1.182925976486566971e-01,8.641133346408691462e-02,3.303167395038236753e-01
2.273074960809104983e-01,3.429933563428915200e-01,2.692141300320799371e-03,1.306352047944040196e-01,-1.330224384018676917e-02,-7.911132991766321385e-03,6.429504179273613784e-02,-8.025366531787818392e-02,1.264772903256649594e-01,1.019061078722434677e-01,5.676753061346546253e-02,1.446446276492555083e-01,-6.916925839304907675e-02,-6.127501286880182585e-02,-4.915086428845969607e-02,3.244385231477974196e-01,2.600151327410750723e-01,-2.335601961399803861e-01,1.571842685165495412e-01,1.735338402832634908e-01,2.945378654400743201e-01,1.000000000000000000e+00,3.213784692864228854e-01,3.438169213280660164e-01,4.460959359212202102e-02,9.426376462311861215e-02,2.138874632225248595e-01,3.510532592702434451e-01,1.154607364113286599e-01,3.293492184968493941e-01,4.678067057797115347e-02,-1.062116096177143504e-01,6.945345562751470414e-02,2.930395381410527689e-01,3.168928388840536736e-01,3.517767820492007647e-01,9.598566550052622937e-02,1.831850540211848732e-01,-1.169912241250815194e-02,-3.111374136090569106e-02,8.139649108303965985e-02,-8.620896186288837248e-02,1.059648522523208292e-01,1.277999847248481938e-02,1.940376684877401503e-01,1.564532711454705016e-01,-9.245997489654957102e-02,-9.684844976430874441e-02,-5.138490182148791607e-02,3.955062162376580259e-01,3.448429918394579907e-01,-1.641022496949290643e-01,3.111484219198935031e-01,1.407665683451496119e-01,2.653234682339991601e-01,4.957291567650120578e-01,3.545717639859700676e-01,3.601618762698957643e-01,6.856828933912219315e-02,1.894677849321607099e-01,3.208746719240616607e-01,3.521040676352669707e-01,1.540759185598838676e-01,4.105967746637044780e-01,1.484903486120959237e-01,-1.317770241573280043e-01,-3.020676700377241189e-02,3.010183285095703321e-01
2.482333414806150163e-01,2.720967124672540316e-01,6.652308105145955663e-02,2.258158167237417357e-01,1.007345831455332651e-02,1.841822468821721348e-01,1.050377780518991014e-02,1.413804281667879574e-02,-4.188459897533496068e-02,2.740495316000309822e-01,2.509269206048062376e-02,2.117557891244353507e-01,-1.131326606072309282e-01,-1.186175615075858031e-01,-2.001039671200899664e-02,4.770477638610678972e-01,3.931198847711928068e-01,-2.547946201131085497e-01,1.196277076541168577e-01,2.544671482434358034e-01,7.273986036511947972e-01,3.213784692864228854e-01,1.000000000000000000e+00,8.466473199752862222e-02,-7.608936620315506771e-02,2.570124710221726935e-02,2.008386559124349935e-01,5.454717704986774551e-01,2.561344676326554604e-01,4.155619242938444202e-01,-6.103839215780033217e-02,-1.311392382597922901e-01,1.340232023984848919e-01,4.562189872555242331e-01,3.076410625596730508e-01,2.801521726787209454e-01,1.675537693569729425e-01,2.710230727673166307e-01,-6.430178024382177115e-02,1.455487540150112724e-01,3.625941687357154414e-02,3.810244111467941952e-02,1.464434040752849060e-02,2.207464805337178704e-01,1.557562228066194654e-01,2.615332688338724565e-01,-7.454317820897221614e-02,-1.915350567095752687e-01,2.007192057634592242e-02,5.160815210496066952e-01,4.442790914507402378e-01,-7.294017901188572239e-02,2.974374041060978135e-01,2.623280752692759288e-01,6.764905404465744176e-01,3.084309479531455733e-01,7.798597230919673828e-01,1.574065361092943927e-01,-8.353268048359005493e-02,1.801156705012906256e-01,3.060358549854312327e-01,5.509736538895299018e-01,2.882630216098204246e-01,5.140639238874423755e-01,6.688587387831276820e-02,-1.469204600997363885e-01,7.147749574478158563e-02,4.261790104556015257e-01
