0.000000000000000000e+00 3.186064142869820398e-02 -3.573212044911146940e-03 -1.787852226135960496e-02 -1.119641395479542903e-02 3.589009712233688643e-02 2.857444033036099854e-02 -3.851602851830769961e-03 3.596726002038391073e-02 4.176056827583869528e-03 -3.320244874628125453e-02 4.724236574229980640e-02 2.115229203366377278e-03 -1.045234917032014828e-02 -5.000412296758243932e-03 -7.012675303508912605e-02 4.088902446095789289e-02 4.426254098714786644e-02 -3.692103297370535886e-02 6.147867444349768701e-02 3.047135070048044916e-02 1.754943145780677241e-02 3.058973168973431675e-02 6.648498958022472372e-02 2.117570738934221319e-02 -4.024626107309529216e-03 -2.392502175203074094e-02 -2.414320799793784333e-02 2.424364118358887307e-02 -2.357419606362268910e-02 -5.862002809623755029e-02 -1.117945045276425367e-02 -6.175877439323427393e-02 -3.246168894426448848e-02 -3.361882531255692280e-02 2.980154485750846627e-02 3.754926445775789989e-02 2.594654832248158988e-02 -3.385627401736918118e-02 1.522665716777004893e-02 5.124932160335578246e-02 -6.585653634453712130e-03 5.619605466952736633e-03 2.500861701560377209e-02 5.424459202356520654e-02 -6.596183509972183834e-02 9.949112690754099292e-03 2.868163072774355948e-02 -4.512838425797727204e-02 5.869765048134563401e-02 3.084706108154427334e-02 -8.982887075902178109e-02 1.511096592486565332e-02 1.372616749971566040e-02 -8.544682295791504456e-02 -8.146475843574078890e-02 4.919722360122778110e-02 -3.164667269242008724e-02 4.589637500867609771e-02 -2.798025071202106182e-02 -4.143364236871042300e-02 -2.597677877248420406e-02 8.020282178906060428e-04 -1.840574206136032231e-02 6.512159389926502895e-02 3.449969486153543850e-03 -1.980628139699609769e-02 1.083330405609879941e-02
3.186064142869820398e-02 0.000000000000000000e+00 -1.046806607627371460e-01 -8.226626321752433801e-02 4.054322631525746762e-02 -4.850027389760971225e-02 -5.539417108666415401e-02 5.690165641701300887e-04 6.028604410670129060e-02 -5.218848560885001181e-02 -4.065820714728999447e-02 1.638796734752558798e-03 8.442921474362026502e-02 -7.569399173371144096e-02 -3.124705722263039498e-02 6.015427942221350695e-03 7.664154311591071800e-02 5.807952416770024995e-02 -3.096728352503551936e-03 2.103488904771961751e-02 9.682744812671056911e-02 4.575549384887211274e-02 -3.312987915577554621e-03 -9.053316622203199174e-03 2.461486978594219430e-02 2.557648041215795573e-02 5.844785180113594956e-03 -3.423542528993024636e-02 -4.553427240565170037e-02 6.529468364345672460e-02 -3.243987007960854024e-03 4.691112639462448330e-02 -2.733245229110985511e-02 1.629755110731657963e-02 -3.980502557327690594e-02 2.208060119277629671e-02 2.417694566604122741e-02 -3.032215815019881008e-02 -6.102284266405670621e-02 6.878787948720053828e-03 -8.823601390701438230e-02 4.361824405558244189e-02 2.659728265807379671e-02 2.401446721791573521e-02 -2.572562089943178018e-02 5.175523206389337494e-03 -1.566576741099961687e-02 -4.078678595236809312e-02 -4.352612426408264401e-02 -3.526188029367841731e-02 4.350849906995310490e-02 2.981344402025961488e-02 -2.570211520427659498e-03 2.726881786757352766e-02 3.317869988870610076e-02 -5.641311028440262193e-02 5.118935302167836737e-02 -8.332591753453021111e-02 -8.753551311803448032e-02 -5.277724029688026647e-02 -6.894591656535413102e-03 -2.171940315384357154e-02 -3.120395537407908565e-02 -1.204169937898534049e-01 -3.841644766051612730e-02 -9.850756238292760966e-03 3.882709886213734501e-02 1.248130168995520289e-01
-3.573212044911146940e-03 -1.046806607627371460e-01 0.000000000000000000e+00 -8.905746880840788304e-03 -7.694728661347667587e-02 1.286110894550442085e-01 1.268403320272312208e-02 5.520596195605205481e-02 -3.176324839452690507e-02 -4.974878476519657700e-02 -1.076976928969588035e-02 2.509171893405376733e-02 -2.813191945182360459e-02 -6.908000093491755214e-03 -3.033951181572027908e-02 -6.118000153844520977e-02 -3.864241811558736389e-02 -2.947922289944772747e-02 3.043221255388770669e-02 4.703426187243368514e-03 2.308049145875611455e-02 -6.586529368728660794e-02 3.379998580392425123e-02 -2.452270783390392284e-02 2.158590359750779241e-03 1.578208946721318742e-02 8.889744727652318379e-02 -1.505946362815177748e-02 -1.067530020587028824e-02 -2.270032411674523590e-02 8.746955223614058528e-02 -6.668471086822079508e-02 7.608545798966970253e-02 -4.003725100664326346e-03 -3.673645276555964449e-03 -8.086471226015284897e-02 1.227229243354940359e-02 -2.452646242534405052e-02 5.887480066412437846e-02 7.253597693827042170e-02 2.446679271751831322e-02 -8.241280025194405723e-02 8.590177125714217043e-02 1.703566068120341073e-02 -2.412840536098903935e-02 -5.655394786404624452e-02 -2.353682519079544969e-02 -4.338231415647101491e-02 -4.307600421960288556e-02 4.394690606001470934e-02 8.915079171762410951e-03 5.260355499405202501e-02 -4.390661909041147781e-02 1.602311620721321925e-02 2.004965133630047525e-02 1.561866706162203314e-02 -4.756857388544367439e-03 1.520262770344847983e-02 -5.019445617526954034e-02 1.956329131900039209e-02 2.810038629217920247e-02 4.677175100176052952e-02 2.652084602340897077e-03 -9.964036427312526409e-03 2.701481888778170526e-02 -8.346692360477787551e-03 -4.556856853992752310e-02 -6.051307951812592845e-02
-1.787852226135960496e-02 -8.226626321752433801e-02 -8.905746880840788304e-03 0.000000000000000000e+00 7.942309374003229255e-03 9.016920072701083968e-04 1.228066789836231368e-02 -9.612532855205721538e-02 3.280504266456173851e-02 5.773555051931518467e-02 2.551143448009246528e-03 -3.747799171995003231e-02 3.939825053486798595e-02 1.538440729795521184e-02 -1.266785617562129172e-02 -4.478257511515520983e-02 -4.547791096686371742e-02 1.653119035214044297e-02 -2.090268005151142694e-02 -4.708464804156504285e-02 -6.197111802489584792e-02 -1.675117229508090236e-02 1.429668083294857381e-03 -2.318924529315872368e-02 -5.118324817091196577e-02 2.645666731904312494e-02 -6.207290828685772116e-02 3.277952598477677087e-02 -4.958599817667857373e-02 2.126673575492656065e-02 6.345040364189578896e-02 -1.140772571523866741e-02 -2.245019678047392372e-02 -2.925204294332281116e-02 -9.148629285047947535e-02 -4.743008443546702785e-02 3.654687348469130848e-02 4.699755985585225143e-02 -2.141857965311613765e-02 1.478251003798637317e-02 -7.230023234027745105e-02 3.226996376432687830e-02 -1.115483811928593277e-01 3.943987696363580181e-02 -5.494028788769295124e-02 -3.541999269790065824e-02 -6.406794745702918195e-03 -8.753861272672260052e-02 -4.752110958344738650e-02 4.777594706653163353e-02 -4.793540069103273404e-02 8.517871369829474459e-02 -1.389913996174453256e-02 -3.391047634520268778e-02 2.844114118463733284e-02 3.534868803054831005e-02 3.024524686672817181e-02 3.257021756665612333e-02 6.648728677420055744e-02 -2.386438543093812037e-02 1.625078572063268570e-02 1.353188779558579628e-02 -3.815946680475384122e-03 -9.808657951392092678e-02 -9.523922753563241958e-03 7.740496804992770541e-02 -6.230657505397288465e-02 -3.774783496935483346e-02
-1.119641395479542903e-02 4.054322631525746762e-02 -7.694728661347667587e-02 7.942309374003229255e-03 0.000000000000000000e+00 -2.261755855865861531e-02 -5.107690078737160688e-02 7.160883230402551036e-02 6.376888815721371007e-02 -1.692059932035339847e-03 1.175482534258162062e-03 -5.690254671079797433e-02 -8.714899120496757967e-02 -7.907894351451468786e-04 -5.683660298305742015e-02 -4.174383608753917674e-02 7.191546137369937697e-02 -1.780391286731921457e-02 4.773230336396560441e-02 1.319564501060080212e-03 -9.695079396056391352e-02 1.136126271905172902e-01 -8.958747102713536872e-03 -3.158205701706840937e-03 2.426416897853421635e-03 -4.517750149446592318e-03 5.645748554058643842e-02 -1.694708298778701411e-02 5.362498785610665675e-02 -2.447249024764021862e-03 2.790657073889928758e-02 1.142837386600327743e-01 8.569147451417164982e-03 8.468836240818694572e-02 5.802417347497328126e-02 1.888397883957158851e-02 -1.000831928839427537e-01 3.540877921942673506e-02 -8.133696736736820143e-03 -7.802997805951324140e-02 -4.323443534864864629e-02 9.481819138736345166e-04 1.381039326374243828e-02 4.898052983781166908e-02 -1.644522710150088385e-02 1.749412371432856536e-02 8.541958327809568222e-03 -6.023093512492650077e-03 7.329856057259162561e-02 2.230548049770749927e-02 -3.509285697661470443e-02 -3.109635891547758366e-02 -4.462198836477666158e-02 1.575693690158558660e-02 1.636821432346134003e-02 -5.331598807956747232e-02 -8.626050282157450566e-02 -1.680849819260313337e-03 6.091744819849803649e-02 -4.123763977073235248e-02 -2.879693267145340754e-02 -2.929840892933634894e-02 -7.575057903352643007e-02 -2.094707832627638183e-02 8.742126132854814713e-02 7.172372668549768793e-02 1.475495826918526120e-02 2.567728075419796821e-02
3.589009712233688643e-02 -4.850027389760971225e-02 1.286110894550442085e-01 9.016920072701083968e-04 -2.261755855865861531e-02 0.000000000000000000e+00 7.007458541052764833e-02 3.962875763034945376e-02 2.457555232274303766e-02 4.187304853275795186e-02 1.960723509232781617e-02 7.076163166536492133e-02 -8.223455831769903995e-03 -3.399733300084199078e-02 -1.240018995149870344e-02 -5.781709899477089493e-02 -2.761611823841624361e-02 5.557780095611631471e-02 2.801066037687448967e-02 6.984580110305493861e-02 2.953022541578744983e-02 1.122833110061853892e-02 6.264104389783265933e-03 5.699009490587805815e-02 -5.959719893079631209e-02 1.107787698912698626e-01 1.426262461014139726e-02 -4.266795504660014088e-02 2.097826786638048221e-03 -3.197997886002935247e-02 3.446778305507199741e-02 4.672035169972089258e-02 -6.034113999198297690e-03 4.874798417417687720e-03 6.211455399889324186e-02 -3.141776988972110052e-02 -4.451049801060272260e-02 7.118927220699602411e-03 5.650519014241956600e-02 1.116882406257793323e-02 1.354158634947854323e-01 2.748890619104962796e-02 1.153282101704935537e-02 -3.256042587999496279e-02 -9.767047184218358505e-03 -5.371161523795461856e-02 4.728953289738645899e-02 8.553793908145262970e-02 -7.201577061236623389e-02 -5.985545043519775038e-02 -2.324182237480628202e-03 -4.958266910997664867e-02 1.804589777414880580e-02 8.273751349512618869e-02 -6.346549439922431757e-02 7.157687421097386204e-02 3.979928152606052039e-02 5.483434813896160241e-03 1.456730793634081547e-02 -3.626187588382331906e-02 3.188510619019849918e-02 3.215531816587966288e-03 -6.184797436875855842e-02 3.097658299018521064e-02 4.094072918792600324e-02 2.443868974844962821e-02 -1.982310500445197410e-02 3.520003318781635051e-04
2.857444033036099854e-02 -5.539417108666415401e-02 1.268403320272312208e-02 1.228066789836231368e-02 -5.107690078737160688e-02 7.007458541052764833e-02 0.000000000000000000e+00 -6.128969948679317131e-02 2.373181895640783575e-03 3.776989662528012354e-02 9.978015465260265879e-03 1.020967070063176357e-01 2.371272524782868513e-02 9.162895018219192889e-02 -3.335271281701417817e-02 -8.094525202444103132e-03 1.229860884754630651e-02 4.582521037070053788e-02 9.605590585199445808e-02 2.414583700430229796e-02 3.113924727959997522e-03 2.925173626904780527e-02 -5.724784531500574924e-02 3.491706280324442802e-02 -1.870730647102513550e-02 2.135668359316411982e-02 -4.943741396356383239e-02 2.544860588879966842e-02 6.415296762993884239e-02 -1.125265139440976281e-01 9.560690467234482168e-03 -6.322597659072725328e-03 4.595839661068638199e-02 -3.733760435428097688e-03 -2.340642584229935333e-02 1.594338501239808345e-02 -2.462053993841701715e-03 -3.177565634072314349e-02 2.156242152549693591e-02 -5.336542716348954829e-02 -1.493409037775449144e-02 -4.773217395098263566e-02 2.851683754275360569e-02 -1.639052109082490827e-02 2.684013993192440467e-02 -3.428038598292017930e-02 7.240326943011993199e-02 4.675121165322703581e-02 -4.575275614956310355e-02 7.607974103822759404e-02 3.077041743567296428e-02 -3.956758487102011307e-02 6.684242421747112022e-03 -5.810557203810326476e-02 9.355624492819678006e-02 8.478449180106949201e-03 2.747761187825931498e-02 7.968872819426468844e-04 2.885000625126751816e-02 -7.299028709724852959e-02 4.959428223580013978e-02 8.861483691312102909e-03 7.874096231622253195e-02 -1.606993895325200400e-02 -7.714616402686935714e-02 -2.642161497388410482e-02 8.582093224862390179e-02 1.929591202994824714e-02
-3.851602851830769961e-03 5.690165641701300887e-04 5.520596195605205481e-02 -9.612532855205721538e-02 7.160883230402551036e-02 3.962875763034945376e-02 -6.128969948679317131e-02 0.000000000000000000e+00 1.008041433246635067e-02 -1.020756251366371561e-02 4.445387708204162625e-02 -6.915468476108935225e-02 1.846137622955080354e-02 -2.619910166056915214e-03 1.766584367582072976e-02 1.454193234999939972e-03 8.796969879314385163e-03 5.769859012006935822e-03 1.504217231574262251e-02 -4.468987348418227562e-02 8.863239274182506747e-03 -6.276054204132842929e-02 6.846031133694945037e-02 -1.376039911253159123e-02 4.924852573606175454e-02 -3.370974277387604745e-02 -9.003311955671347566e-03 8.969495714775339856e-02 -5.591636457427636223e-03 7.071246447029218285e-02 3.553146706846963682e-02 3.179958080784979491e-02 1.343247952688679569e-03 8.944219743494401242e-02 -5.024581828390570215e-02 -6.198348231511158213e-02 -1.002001582197601937e-01 -1.408933955880470150e-02 1.962270924869570152e-02 3.562724725857376734e-02 3.770877099674550120e-02 -4.574214371454799616e-02 -2.399961764545115520e-03 3.666007568340071826e-02 4.806269743778818909e-02 -9.226972321953396186e-03 -6.551417044700945380e-02 2.756005121296280225e-02 -1.031164413184194883e-02 -1.330013291441220664e-02 -3.633100942957108448e-02 -9.695222186946935231e-03 -5.899579269431465267e-02 7.452199875420407668e-03 1.061696151449713355e-02 3.652324900087142862e-02 -4.348585821230982473e-02 7.033795252415232790e-02 -9.826890891611505998e-04 -5.423604082417618488e-02 1.023299872338058816e-02 6.935937578412508520e-02 2.482084604320735494e-02 -1.846396796816563400e-03 -3.219816314772084177e-03 -1.287863679184395593e-01 3.851319087085183779e-02 -6.503681201871079620e-03
3.596726002038391073e-02 6.028604410670129060e-02 -3.176324839452690507e-02 3.280504266456173851e-02 6.376888815721371007e-02 2.457555232274303766e-02 2.373181895640783575e-03 1.008041433246635067e-02 0.000000000000000000e+00 8.335620198431486702e-03 -5.123823147752026852e-02 -1.119952822583649647e-03 -3.841098359232044540e-02 1.882582497354575585e-02 1.255325874965669379e-02 -2.720400922642675356e-02 -1.146728935669462379e-02 -1.708764276334289942e-02 3.465119400921604087e-02 2.547226405633246440e-02 8.656931823475811499e-03 3.426607337754457999e-02 -1.168923215933085962e-03 1.343262274518127949e-02 2.487504848294878196e-02 -4.580407363162753570e-02 -1.520104043512638947e-01 -2.002295004930485997e-02 -3.823836542714128400e-02 -6.903784474706210761e-02 1.815374968286372417e-02 -3.951461563741082324e-03 -5.269555506278857798e-02 -1.128493111731688169e-02 4.264633806989848175e-02 9.475388795306347034e-02 -5.907758016170835957e-02 -6.423479285187240484e-02 -3.708207717192922581e-02 -4.010296245645332547e-02 -8.188648912086067891e-03 2.796862930563282033e-03 -2.520908662014242560e-03 -9.565783982671799413e-02 2.188043499303854098e-02 4.548253721074563272e-03 6.969203948383984049e-02 5.535604111662264376e-02 -2.512834903751197738e-02 -9.182523759256760489e-04 -1.179743935844304176e-01 -3.742675653479362458e-02 1.065932807699168788e-01 -9.580801329578237865e-03 9.257398825888045468e-03 6.996155036076712186e-02 -1.904163491896706736e-02 1.003862145515750821e-02 1.047903510110760085e-02 7.686774683250850726e-02 -9.729945230398942546e-02 -2.830555875358101506e-02 6.326864509030750983e-02 -3.981844102455917890e-03 -4.601909806771177502e-02 -2.444382925999194576e-03 3.434515691641097657e-02 -6.479626599560929512e-02
4.176056827583869528e-03 -5.218848560885001181e-02 -4.974878476519657700e-02 5.773555051931518467e-02 -1.692059932035339847e-03 4.187304853275795186e-02 3.776989662528012354e-02 -1.020756251366371561e-02 8.335620198431486702e-03 0.000000000000000000e+00 5.199244277249549795e-02 1.676272775904190035e-02 -4.127516564793229370e-02 5.496598107569962421e-02 8.018211954235764105e-03 -2.442591822415827313e-02 -6.001571652210290625e-02 -5.989858638212003025e-03 7.648617508568601210e-03 3.101198422738934632e-02 8.932517416625951334e-02 -7.390614735780934308e-02 -5.628535089595387841e-02 8.417777022971693890e-02 -3.325229737789032959e-04 -5.915443300384312653e-02 9.099266835383094248e-03 3.610565143626063428e-02 -2.931986738121800454e-02 -2.193298319700680982e-02 -8.248173792236438914e-03 -2.202861348290752544e-02 -2.954111404563086393e-02 1.007575337589739113e-02 6.582887838932220681e-02 -3.591094646166561460e-02 2.234818209693343466e-02 -3.470160806965387479e-02 -6.114784596066832195e-02 -4.143461379680464518e-02 4.981590461256907819e-03 -9.725963618168821656e-02 -1.285946749338374995e-01 3.767067271815397606e-02 -2.345080298242271238e-02 3.745854354079223431e-02 -2.049085298403951344e-02 -4.489870961810753930e-02 -7.357873683132025444e-02 -1.354220420185013249e-02 -4.280062645801566840e-02 -5.553293592256855482e-02 5.225045177666191171e-02 -4.995452277591644341e-02 -2.302543334397453081e-02 -2.934901706495949072e-02 -3.527547053097204732e-02 1.012008012767659330e-02 2.149486592098406521e-02 1.314847102971197952e-02 -3.582221192291242667e-02 3.482584267314908430e-03 -8.284013147703249424e-02 -4.117875821587151097e-02 4.004173054478482596e-02 -2.450758378379779695e-02 -5.265653560719685961e-02 -2.721246813931178440e-02
-3.320244874628125453e-02 -4.065820714728999447e-02 -1.076976928969588035e-02 2.551143448009246528e-03 1.175482534258162062e-03 1.960723509232781617e-02 9.978015465260265879e-03 4.445387708204162625e-02 -5.123823147752026852e-02 5.199244277249549795e-02 0.000000000000000000e+00 2.569008513258909041e-02 -4.522897046020279282e-02 5.300108525347146937e-02 1.519371337856048089e-02 9.152011316146065056e-02 -9.865033784968960107e-02 1.560979328678335776e-02 9.636551389523874411e-02 6.312463568223838917e-02 -1.005494104994477944e-01 -1.103085770835144849e-02 7.845212480112956355e-02 -1.365062189320157340e-02 3.692584287992462660e-02 7.083908189829310476e-02 -4.415891320006327947e-02 -3.714277612348279491e-03 6.237004968552996992e-02 -1.616223190188867745e-02 -9.815545681494533548e-02 2.269045296472352660e-02 2.346551320575099298e-02 9.369339704540334546e-02 2.454139036887820896e-02 -6.763567488030521047e-02 2.660568538522604855e-03 1.199119308902895677e-02 -2.029932012267441493e-02 2.454046841748117394e-02 -5.073662159007600453e-02 5.894610739533485272e-02 3.534575818462927510e-02 5.677540770546888466e-02 -3.974081304062786202e-02 -4.159219087464704340e-02 5.743915336824585022e-02 1.290299956059291417e-02 -6.028110107027360304e-02 4.003066090499012714e-02 4.948515092907342094e-03 -1.993629212154272856e-02 -4.774834777190259394e-02 6.371244689546060047e-02 -9.679372308941940062e-03 -2.980387724465742225e-02 -3.314514922735292690e-02 -8.712820240274381581e-03 -5.406888546219743019e-02 1.805604227165144918e-02 -1.827259082586842054e-02 -4.531232038451206423e-02 1.727417124066068371e-03 4.165367329971907812e-02 -1.664792203652699573e-02 3.957457448577401254e-02 -8.816075583918860092e-02 -5.312094719052197489e-02
4.724236574229980640e-02 1.638796734752558798e-03 2.509171893405376733e-02 -3.747799171995003231e-02 -5.690254671079797433e-02 7.076163166536492133e-02 1.020967070063176357e-01 -6.915468476108935225e-02 -1.119952822583649647e-03 1.676272775904190035e-02 2.569008513258909041e-02 0.000000000000000000e+00 1.088926157914490989e-02 3.298476135755078892e-02 -1.269452151412610655e-02 -3.492918335155657111e-02 -4.004557579889984203e-02 2.033913931353847904e-02 5.877674430472570183e-02 -3.818233271345412155e-02 -1.976373951041928562e-02 -6.624179529029533553e-02 3.457551220096626021e-02 2.915573490192156086e-02 -4.952134944873663269e-05 -2.379524271781708472e-02 1.533308311663570886e-02 -4.288239695309072064e-02 6.607730143492231145e-02 -1.652901260648962506e-02 -6.354956806744653519e-02 6.049665748318142078e-02 -6.875335895844678080e-02 -4.504668563338266526e-03 6.732564919764900957e-02 -6.379651981403185179e-02 -5.059468845434389461e-02 -1.681669607791846932e-02 2.617982866236013423e-02 -9.450581827208821839e-02 2.933696350763292590e-02 -3.807950550970975317e-02 -4.391583341317975564e-02 -3.697975240774280768e-03 8.752475960451579218e-02 8.379278626449387923e-02 2.067544136669648147e-02 -6.619288372757715921e-02 4.002039506760961263e-02 2.142794292733947448e-02 -8.494949399659375289e-02 4.772067873812460385e-03 4.221589640886960759e-02 7.371732739467685980e-02 -1.363449349135035897e-02 2.090962976657680800e-02 -1.058961780105982659e-01 -1.944042308187233017e-02 -1.284737026869253729e-02 -2.599398397174647324e-02 2.966934863506416609e-02 -5.723909150774748184e-02 4.271470045125896897e-02 5.823771602229617025e-03 -4.220978294378178314e-02 -1.175215111446543080e-02 -8.175269527284284576e-02 9.800443761859534142e-02
2.115229203366377278e-03 8.442921474362026502e-02 -2.813191945182360459e-02 3.939825053486798595e-02 -8.714899120496757967e-02 -8.223455831769903995e-03 2.371272524782868513e-02 1.846137622955080354e-02 -3.841098359232044540e-02 -4.127516564793229370e-02 -4.522897046020279282e-02 1.088926157914490989e-02 0.000000000000000000e+00 -3.354591637906597507e-02 3.095266073723590070e-02 6.526635311810834172e-02 -5.075306371558879065e-02 -6.072123283609526939e-02 -1.870583826130345004e-02 -1.190443688983792297e-01 -4.331670570768321460e-02 4.232508975604314799e-02 2.349872233641065247e-02 -3.272695636206821111e-03 -3.976284566099298756e-02 3.674495206780181711e-02 -5.080201226092762729e-02 -1.616215581129587173e-02 -8.538764713010281796e-03 2.865972921565125564e-02 2.377055279698901680e-02 -3.512807118136182516e-02 -2.586009416094762689e-02 3.329277276046442927e-03 2.268590764377533507e-03 2.859736877127794577e-02 1.337892661028116381e-01 9.636611304641760911e-02 -4.310143039115279379e-02 -4.049906382966264595e-02 -6.543879408288901661e-03 -2.551112013566595935e-02 -7.189419430865078009e-02 -4.520054535288437619e-02 -1.503456566490628532e-01 -2.117791723742364421e-02 -5.692442767936884036e-03 -1.143524258157967502e-02 -2.847112164396820716e-02 -1.261560779258664167e-01 -2.895035326870959783e-02 1.671381439433020782e-02 -8.433847934651156342e-03 -6.904425635418642848e-02 -3.089242789870808373e-02 5.785334613327833449e-03 1.169251737787443089e-02 2.973353350230906536e-02 -1.122798700517275011e-01 -4.671606507566440636e-02 6.265788493989077335e-02 6.433503438306997779e-02 -2.482122783080100564e-02 8.363860619772307131e-03 -5.114906393550208014e-02 -4.441994551949568493e-02 2.300208657700595141e-02 4.191965222412216002e-02
-1.045234917032014828e-02 -7.569399173371144096e-02 -6.908000093491755214e-03 1.538440729795521184e-02 -7.907894351451468786e-04 -3.399733300084199078e-02 9.162895018219192889e-02 -2.619910166056915214e-03 1.882582497354575585e-02 5.496598107569962421e-02 5.300108525347146937e-02 3.298476135755078892e-02 -3.354591637906597507e-02 0.000000000000000000e+00 3.361654862126976090e-02 2.025829547356650107e-02 4.170775267279719367e-02 2.454729001182229253e-02 6.892102679495537565e-02 4.949273577428652329e-03 3.435247876963318236e-02 1.564331440979685461e-02 -3.660740742457509189e-02 1.274561997561089082e-03 1.301667589239376664e-02 8.900703055473468961e-03 -3.393579004095190893e-02 -1.367907304119626855e-02 6.163300829873781528e-02 4.938119507486611257e-03 -5.871704493243509564e-03 -3.576120781525837788e-02 2.695932900771095403e-02 8.981456720018684073e-03 2.728250005385872423e-02 -4.412125827559714580e-02 -3.684843609669846698e-02 3.112616479398216257e-02 1.793702627509192321e-02 -2.698981891859008470e-02 -6.007491037479623097e-02 -3.037827673140627849e-02 -2.904773850550241426e-02 2.621160274439223586e-02 8.652266241724812512e-02 2.794444370389363372e-02 1.606577387036448729e-02 -1.099247979892297444e-01 5.652084701673126821e-02 1.237594179860554248e-02 2.863941157815915253e-02 -8.030816566356440561e-04 -1.338463365857935246e-02 -8.287731019494438967e-02 -5.109097950602577501e-03 4.590035777199691358e-02 -2.998362221889587162e-02 3.692781691766566093e-02 -6.308907098622010268e-02 -9.569467448475395613e-03 -3.988685200953153570e-02 -4.488464235812177766e-02 7.290531352350669569e-02 -1.160195218140388090e-01 -1.481568952455484742e-02 -2.248620075421314812e-02 -5.849012712993410801e-02 -6.525149594898624339e-02
-5.000412296758243932e-03 -3.124705722263039498e-02 -3.033951181572027908e-02 -1.266785617562129172e-02 -5.683660298305742015e-02 -1.240018995149870344e-02 -3.335271281701417817e-02 1.766584367582072976e-02 1.255325874965669379e-02 8.018211954235764105e-03 1.519371337856048089e-02 -1.269452151412610655e-02 3.095266073723590070e-02 3.361654862126976090e-02 0.000000000000000000e+00 -2.697287610256963314e-02 -1.973570856477940491e-02 -6.877819617510479155e-02 -3.420280058204218376e-02 -2.993380484853644039e-02 7.145523588589082487e-02 3.928334098316785955e-02 -6.228966258085270186e-02 8.869590154121580194e-02 3.392667999270844448e-02 3.286096921420358918e-02 -6.871573325141110133e-02 -5.301897827918879147e-02 5.000935822951046300e-02 1.605670068900014180e-02 2.413218470731519696e-02 -8.387337489976595672e-02 2.937276267339407679e-02 5.256410883594296590e-02 6.838889139720036314e-02 -2.045996162052112974e-02 -1.121882009318552441e-02 2.323678603566599939e-03 -8.426761126419651804e-02 -3.699356917197593048e-02 -2.355744665463892218e-02 -4.488955759607464457e-02 -4.749115374440481679e-02 -5.365910316580830425e-02 -5.747559877507397996e-02 4.329253520681813211e-02 7.459300012534643767e-03 5.605120801705187894e-02 9.708241882519945409e-03 1.869810089315553092e-02 3.234270364700547740e-02 2.015233053677768088e-02 1.794372581702942393e-02 9.283994154016046718e-03 4.485831061250850071e-02 -1.792231788521280594e-02 4.392307443762762109e-02 -2.713104444333968093e-02 6.947143261063516533e-03 3.466481620022831417e-02 -8.803690832312338621e-02 -7.678145792481527732e-02 -8.832075969076559618e-02 6.872598806952411044e-02 -4.007790104984121360e-02 -1.297031993358531594e-02 -6.891449893285125916e-02 -7.143275014712734128e-02
-7.012675303508912605e-02 6.015427942221350695e-03 -6.118000153844520977e-02 -4.478257511515520983e-02 -4.174383608753917674e-02 -5.781709899477089493e-02 -8.094525202444103132e-03 1.454193234999939972e-03 -2.720400922642675356e-02 -2.442591822415827313e-02 9.152011316146065056e-02 -3.492918335155657111e-02 6.526635311810834172e-02 2.025829547356650107e-02 -2.697287610256963314e-02 0.000000000000000000e+00 2.045896657977367902e-02 -2.259492720311259695e-02 -7.174306146192618860e-02 -8.559820758534999671e-03 1.104149297246415362e-01 -2.259983596868033948e-02 5.267726552642823523e-02 -8.973142689010144002e-03 -6.008647519112800955e-02 3.720459720858983188e-02 4.687795270811431075e-02 1.069416567568678110e-02 5.318371872170016973e-02 1.739274634540399767e-02 -7.586621373008367586e-02 1.152039204549045875e-01 2.379925605547033099e-02 3.585574663999838152e-02 -3.401322714780924145e-03 -2.195391086089637511e-02 2.413517242987408759e-02 6.868394842307058712e-02 9.796568425402276195e-03 -1.136742641237562662e-01 1.022777090712768261e-01 7.791401968660019439e-02 2.421678714057023951e-02 -3.194169902218324530e-02 -1.439867210938053366e-01 -3.256491104148302035e-02 -2.197350686385222268e-02 1.671327339349408525e-02 -5.621464225515862556e-02 -2.390108173651857293e-02 3.582890540746830332e-02 5.534072100188684035e-02 -1.042833604803371228e-01 3.387783998557220011e-02 -3.223374522232412553e-02 2.639047814553412488e-02 1.360539058651167796e-02 2.204049510551318869e-02 -1.368448642617945549e-02 3.197376668265330263e-02 4.260136609146656511e-02 -7.361006706773791201e-03 -4.915900268597955813e-02 -3.593176420770669705e-02 -5.699902319855981031e-02 8.883823048523727117e-02 -3.278374325473287776e-02 -2.400301367459524438e-02
4.088902446095789289e-02 7.664154311591071800e-02 -3.864241811558736389e-02 -4.547791096686371742e-02 7.191546137369937697e-02 -2.761611823841624361e-02 1.229860884754630651e-02 8.796969879314385163e-03 -1.146728935669462379e-02 -6.001571652210290625e-02 -9.865033784968960107e-02 -4.004557579889984203e-02 -5.075306371558879065e-02 4.170775267279719367e-02 -1.973570856477940491e-02 2.045896657977367902e-02 0.000000000000000000e+00 2.328497908749744411e-02 8.379637847187234104e-03 3.458493922726223972e-03 3.018202160116207136e-02 -4.455823989821561769e-03 -5.977295170827288950e-02 3.374012320762577455e-02 7.021055166326814478e-02 -4.081970214896672375e-03 2.560899264762261235e-02 2.722870701283617786e-02 3.767009026190910534e-03 3.779354853562855165e-02 7.517513873884894282e-02 -2.269571228604159215e-03 4.111322303847275705e-02 -4.972779519009170798e-03 9.114795461879103555e-02 -1.681311519736780743e-03 -4.416592252700989041e-02 -5.558108829435381981e-02 -5.620838617628601958e-02 -1.867771269185679664e-02 4.212561857469865334e-02 4.438517932945759692e-02 7.036565891086879465e-02 -3.072963644404294592e-02 9.523383538451848929e-02 4.264144098253934596e-03 -7.112232483698082038e-03 1.122372424739995558e-02 5.659674564465013574e-02 -5.660030887483017553e-02 -7.389402035889246212e-02 -3.340492316069389005e-03 -3.159605050599612747e-02 1.749888219731752332e-03 -5.035854895968618072e-02 -4.765703877989874160e-02 3.578532907867710416e-02 5.546849676401666152e-02 -2.154109263473507133e-02 -9.228111385018437918e-02 2.430097022314186075e-03 7.993433894287235719e-02 1.255428429226654319e-02 -4.131445442755578984e-02 1.250670963976384994e-03 -1.105996955821835111e-02 -1.718279236418101055e-02 1.519583149169211186e-03
4.426254098714786644e-02 5.807952416770024995e-02 -2.947922289944772747e-02 1.653119035214044297e-02 -1.780391286731921457e-02 5.557780095611631471e-02 4.582521037070053788e-02 5.769859012006935822e-03 -1.708764276334289942e-02 -5.989858638212003025e-03 1.560979328678335776e-02 2.033913931353847904e-02 -6.072123283609526939e-02 2.454729001182229253e-02 -6.877819617510479155e-02 -2.259492720311259695e-02 2.328497908749744411e-02 0.000000000000000000e+00 -4.858375752005402587e-02 -1.270302884177817171e-01 7.110643700500457465e-02 8.167603452100443947e-04 4.762657387274517318e-02 -3.434925761168413499e-02 -5.936908601569691052e-02 1.791313772023216469e-02 -6.901158327704030870e-02 2.878960421184165175e-02 4.187725713209865253e-02 5.886842413309559263e-02 2.076417513033230328e-02 6.276007969456347257e-02 -2.037594440679496230e-02 7.533478858947108281e-02 -1.122712397644591228e-02 5.482300582568450792e-02 9.018310413895259947e-03 1.054373094309911656e-04 1.073395833589998148e-02 4.023505092882059819e-02 -1.448802804820193552e-02 -2.180326908429308565e-03 3.555965021543713162e-02 -1.150952040703325657e-02 5.598806646867549031e-02 2.730568179410241755e-02 5.890655265131305995e-02 -8.260907797249653073e-02 1.831543590522774836e-02 -4.236003742810168227e-02 2.905390212069764583e-02 -4.419466352410696131e-02 7.592141628274991227e-02 3.584858088057314707e-02 1.785239723296189879e-02 9.512224625200871309e-02 2.711878530282873720e-02 -1.712461496917431006e-02 -6.995465924224346550e-03 -1.619217575738162926e-02 3.430425252567199934e-02 -3.347441959973775083e-02 -3.828158800902256576e-02 -2.717083385817990748e-02 7.358995387702645108e-02 6.089679414705356786e-02 3.239657558497797268e-02 6.464019348766966711e-02
-3.692103297370535886e-02 -3.096728352503551936e-03 3.043221255388770669e-02 -2.090268005151142694e-02 4.773230336396560441e-02 2.801066037687448967e-02 9.605590585199445808e-02 1.504217231574262251e-02 3.465119400921604087e-02 7.648617508568601210e-03 9.636551389523874411e-02 5.877674430472570183e-02 -1.870583826130345004e-02 6.892102679495537565e-02 -3.420280058204218376e-02 -7.174306146192618860e-02 8.379637847187234104e-03 -4.858375752005402587e-02 0.000000000000000000e+00 -3.636757298239651215e-02 2.007930114657934407e-03 5.289612801796229197e-03 -4.176646507756331256e-02 -4.007300087676159139e-02 1.514040138837979312e-02 4.463120305656472636e-02 -1.000150639353970458e-02 -2.270044634167302233e-02 1.269112826398620213e-02 3.341519557036838617e-02 6.990959108975806392e-03 -7.198239367960480861e-02 -4.055511798892004471e-02 -4.218161095819143031e-02 -8.788673515433612776e-03 -1.016057218636081186e-02 -2.171195593390178730e-02 4.995818224222874603e-03 -7.024978613778032344e-02 3.637740372981518311e-02 1.021429752351077358e-02 -3.125815089733911811e-02 1.292396660432740783e-02 1.083564400559682006e-01 4.901953990208995915e-02 8.729245438475591312e-02 3.797699844137947256e-02 -2.102046132333261475e-04 -4.474580107948318564e-02 -4.514378541075701051e-03 -2.644571754913052977e-02 -3.320734435944066448e-02 1.511516491312230124e-03 1.797815413380527555e-02 6.474924821592571711e-02 2.001127512442744602e-02 -1.778904860549593014e-01 -9.265966980327426661e-02 4.263980695266275656e-02 -6.278145476616904530e-02 -1.667337351554569816e-03 -3.196336191242886426e-02 5.434492919758492774e-02 1.277390496040053600e-02 5.720261714205371328e-02 2.967171610326447759e-02 -4.537009334443170561e-02 1.663940126946473336e-02
6.147867444349768701e-02 2.103488904771961751e-02 4.703426187243368514e-03 -4.708464804156504285e-02 1.319564501060080212e-03 6.984580110305493861e-02 2.414583700430229796e-02 -4.468987348418227562e-02 2.547226405633246440e-02 3.101198422738934632e-02 6.312463568223838917e-02 -3.818233271345412155e-02 -1.190443688983792297e-01 4.949273577428652329e-03 -2.993380484853644039e-02 -8.559820758534999671e-03 3.458493922726223972e-03 -1.270302884177817171e-01 -3.636757298239651215e-02 0.000000000000000000e+00 -1.809569045953249300e-02 -5.980926121157238012e-02 -2.458649855017594477e-02 -2.407071174499724603e-02 2.352786953546606025e-02 -1.150746423752141250e-02 8.568288284741308602e-02 5.232456136765059607e-02 -7.299047222630808407e-02 -4.247852106625303083e-03 1.601839548487975445e-04 2.049659391730814309e-02 1.753759981692779718e-03 -1.057056903777212585e-02 5.800098072130147053e-02 2.224176199917941854e-02 -7.318114489552016155e-02 -4.533852319166743056e-02 1.236785590521760625e-02 -1.492941071674790468e-02 4.455778904155081183e-02 -4.705019085784874905e-02 1.500572543034446767e-02 1.673502835898127775e-02 1.370652757828315707e-02 -4.099856571340720901e-02 3.506955668615397564e-02 -5.095034651040747375e-02 3.095303196102051901e-02 4.042267733942251501e-02 5.605570254346951310e-03 -4.003436277650734842e-02 4.125271641741514589e-02 -4.227997135670904377e-02 2.642478023250044439e-02 -5.842361873113635640e-02 8.535397685788680133e-02 2.285873342050023099e-02 -7.578371648770011737e-02 6.469065179560008760e-02 6.767747487876417389e-02 -8.193226556044433395e-02 -2.336373018831344132e-03 3.077035487689891609e-03 2.924865821821091491e-02 5.096336790960404733e-02 4.417995326495904179e-02 -1.419819741073821695e-02
3.047135070048044916e-02 9.682744812671056911e-02 2.308049145875611455e-02 -6.197111802489584792e-02 -9.695079396056391352e-02 2.953022541578744983e-02 3.113924727959997522e-03 8.863239274182506747e-03 8.656931823475811499e-03 8.932517416625951334e-02 -1.005494104994477944e-01 -1.976373951041928562e-02 -4.331670570768321460e-02 3.435247876963318236e-02 7.145523588589082487e-02 1.104149297246415362e-01 3.018202160116207136e-02 7.110643700500457465e-02 2.007930114657934407e-03 -1.809569045953249300e-02 0.000000000000000000e+00 7.728700467914637051e-02 6.059180346923039029e-02 5.495929047519741706e-02 -4.442491027665407960e-02 2.107444250842715940e-03 5.819818137395838670e-02 7.626749889487389501e-03 -3.568226771692786098e-02 5.757131294027053453e-02 -1.478268346538621873e-02 7.097304273934169905e-02 2.728295954211772470e-02 -3.554177246170448640e-02 -9.567157742033895879e-03 1.591713302976882106e-03 5.326612057070020251e-02 -3.292061780634892437e-02 5.258379877538328986e-03 1.669584473783544687e-02 7.192149726261828913e-02 -9.683214970428283622e-03 -9.332112203450654286e-02 7.748325771854466110e-03 4.257715405790801766e-02 1.378772094237734700e-03 -2.862074123611569459e-02 2.799481643529003194e-02 1.675999639036780859e-04 -6.348502698193491528e-03 -1.475725458349714039e-02 -2.174488003551586224e-02 -5.289106454426265730e-02 -7.084514241328381846e-03 -9.055306115777197670e-03 2.931786092423666404e-02 7.560065329709028670e-02 -3.480060300260903738e-02 2.608355898575808948e-02 3.359255208136800730e-02 5.138001355656655715e-03 -3.211300299718337914e-02 -1.020389347968690859e-02 -3.771531047850711083e-02 -2.368871844159919915e-02 -6.155216896074154620e-02 2.271052904416472409e-02 2.691385982614304725e-03
1.754943145780677241e-02 4.575549384887211274e-02 -6.586529368728660794e-02 -1.675117229508090236e-02 1.136126271905172902e-01 1.122833110061853892e-02 2.925173626904780527e-02 -6.276054204132842929e-02 3.426607337754457999e-02 -7.390614735780934308e-02 -1.103085770835144849e-02 -6.624179529029533553e-02 4.232508975604314799e-02 1.564331440979685461e-02 3.928334098316785955e-02 -2.259983596868033948e-02 -4.455823989821561769e-03 8.167603452100443947e-04 5.289612801796229197e-03 -5.980926121157238012e-02 7.728700467914637051e-02 0.000000000000000000e+00 4.080942999007792886e-03 7.823806060654454539e-03 3.672393701679298877e-02 5.747118659131192353e-02 -7.345494953259196214e-02 -2.258135320678462607e-02 8.963366438389037960e-02 -8.351167056922031984e-02 -1.242468750892115718e-02 -1.187787915553929416e-02 6.004751061024675429e-02 5.463681247963415866e-02 3.106605582476983877e-03 3.488221925567256548e-02 -2.570831851525373982e-02 8.299815398925705287e-03 -7.038899749585113969e-03 -2.131602074729672253e-02 -8.927594932306508191e-02 -2.010251513756143929e-02 -3.281576772341882747e-02 2.512922667409376795e-02 4.477932688515587865e-03 -3.392851173989005348e-02 -2.064045018586752045e-02 8.549003172252905847e-02 -3.682399634086618977e-04 3.400760625542227633e-02 5.250717988569284650e-02 -5.571150933316295489e-02 -5.079388043587870077e-02 -3.217415727121664907e-03 5.527024052183942410e-02 5.359277955258637781e-03 -3.912927147339975709e-02 -5.432727457164391455e-02 -6.002113395698705639e-02 -2.800463961056571562e-03 -2.937468923800218984e-02 -2.521140598875785607e-02 1.097647027502962613e-02 -1.855296945484093823e-02 4.072725681183129998e-02 -1.606717350476243381e-02 3.914470842237106202e-02 7.709840816296717469e-02
3.058973168973431675e-02 -3.312987915577554621e-03 3.379998580392425123e-02 1.429668083294857381e-03 -8.958747102713536872e-03 6.264104389783265933e-03 -5.724784531500574924e-02 6.846031133694945037e-02 -1.168923215933085962e-03 -5.628535089595387841e-02 7.845212480112956355e-02 3.457551220096626021e-02 2.349872233641065247e-02 -3.660740742457509189e-02 -6.228966258085270186e-02 5.267726552642823523e-02 -5.977295170827288950e-02 4.762657387274517318e-02 -4.176646507756331256e-02 -2.458649855017594477e-02 6.059180346923039029e-02 4.080942999007792886e-03 0.000000000000000000e+00 -2.501706517504099711e-02 -2.520311585962047365e-02 2.006837638323646228e-02 7.264789257285599045e-02 -5.872195221653696458e-03 1.645678337820679141e-02 3.437065618252591048e-02 -5.557770540301695122e-02 1.128980738349351712e-02 1.893200396141770910e-03 -7.546929262922973114e-02 -4.620876334166857530e-02 -6.919267608109394563e-02 6.376231751334477706e-03 2.579024338454244305e-03 2.986846869105506952e-02 6.253969468055618763e-02 5.597449335727840147e-02 2.456908476493937718e-02 4.762790379808796992e-02 2.130859080983040638e-02 -3.372631134194374429e-03 2.917062302065629928e-02 6.211083269279417396e-02 2.419268489459266980e-02 -8.675775652787732009e-03 1.761666660863610637e-02 7.494655797768536021e-02 4.191022824061849811e-02 1.212149614008949106e-01 2.179337307129190771e-02 3.430593626416928582e-02 8.703841291174013728e-02 4.074917915525896189e-02 -1.955902381944249480e-02 -6.776201092716606020e-03 1.454577610607601587e-02 5.129960639402963984e-02 3.810714413766732450e-02 2.432424170695309668e-02 -2.324686728762653809e-02 -7.744119218775170899e-02 -5.446219702492275522e-02 4.070190363977746473e-02 2.800853842013084627e-02
