0.000000000000000000e+00 3.173836505099025124e-02 -3.498935833857634310e-03 -1.778825505357158054e-02 -1.112796939913465906e-02 3.591604418639388063e-02 2.945235771111512704e-02 -3.692342399719359975e-03 3.598175766603239206e-02 4.359771179040840446e-03 -3.303339231140871995e-02 4.748224636290085399e-02 2.018452722307771761e-03 -7.124009855219784471e-03 -4.842920399053749804e-03 -6.986795064918163711e-02 4.091500943000919710e-02 4.437403320554320768e-02 -3.670735811210364824e-02 6.144809641891828267e-02 3.045184827285964471e-02 1.768473738712266624e-02 3.072015044223914970e-02 6.623463922017729100e-02 2.122303408997411323e-02 -4.130067624396454966e-03 -2.485200085670970921e-02 -2.375872236094277862e-02 2.671780257653005516e-02 -2.226132598817267064e-02 -5.863733836144046502e-02 -1.130883232184429904e-02 -6.165119446581766860e-02 -3.231676651180270810e-02 -3.360531856286953778e-02 2.946763565514138802e-02 3.744173729779102372e-02 2.591420220502325261e-02 -3.382316482121867918e-02 1.516904567198971640e-02 5.108735978045709364e-02 -6.485613588334320813e-03 5.378662490417944302e-03 2.513727828105979251e-02 5.442904345918087028e-02 -6.586356657412860416e-02 1.010813257635221826e-02 2.859882568494106700e-02 -4.511527472242609499e-02 5.859847289695914452e-02 3.104650620705132896e-02 -8.988546073939809866e-02 1.496146301100323255e-02 1.360181676985442768e-02 -8.510711677433724365e-02 -8.128965369093298088e-02 4.881103824846534656e-02 -3.165714556933612450e-02 4.576765702697135896e-02 -2.808972435761305370e-02 -4.145618616993082539e-02 -2.596851088026852147e-02 9.522165589346224136e-04 -1.853612484077651890e-02 6.515213268706335215e-02 3.443528417761916160e-03 -1.999309056219926092e-02 1.080595640563112268e-02
3.173836505099025124e-02 0.000000000000000000e+00 -1.043865288286755094e-01 -8.244314098359162291e-02 4.071059285795163712e-02 -4.858271932289366657e-02 -5.584780371955078843e-02 1.627197005839861946e-04 6.061760082540820771e-02 -5.255175119257190358e-02 -4.055845675707557552e-02 1.526865805795211452e-03 8.480944322147648817e-02 -7.572201488695645688e-02 -3.112401326104695734e-02 6.114087717166248083e-03 7.661126533180473430e-02 5.790436898359423157e-02 -2.990904470768562546e-03 2.090954712897292317e-02 9.685971765987942683e-02 4.825769963295432896e-02 -2.757061294794361985e-03 -8.548586059168011148e-03 2.665022787155920878e-02 2.544070479399936080e-02 7.412170998321919967e-03 -3.480299682893244623e-02 -4.534128286273757941e-02 6.496537755475553788e-02 -3.199411480509280030e-03 4.684584441170498714e-02 -2.727162919346024644e-02 1.651853844945179797e-02 -3.995725425821680665e-02 2.226204833901055530e-02 2.408626172279137306e-02 -3.036189471772540727e-02 -6.098282535036383262e-02 6.833161055976796038e-03 -8.867496165890147164e-02 4.326541609829354790e-02 2.628479941341935883e-02 2.376712947013645896e-02 -2.567067910254846805e-02 5.145387041237136500e-03 -1.569287438413493121e-02 -4.115332962255002780e-02 -4.352907446848811035e-02 -3.510084318770334555e-02 4.349421962401261305e-02 2.977202386105120072e-02 -2.614423157540682590e-03 2.713181375276904617e-02 3.319976141205869397e-02 -5.641552763503950019e-02 5.119755474842554305e-02 -8.351083427174099683e-02 -8.772652438956840548e-02 -5.261636765942213911e-02 -5.675120004407483570e-03 -2.297127852789079480e-02 -3.129050494670142235e-02 -1.205948641068918803e-01 -3.854159437041641129e-02 -9.744965889109601445e-03 3.886356302888847175e-02 1.246742801107301180e-01
-3.498935833857634310e-03 -1.043865288286755094e-01 0.000000000000000000e+00 -9.229745057053701310e-03 -7.682945828297868540e-02 1.289526985636338940e-01 1.344612291003117674e-02 5.616839100734450502e-02 -3.252347570183409392e-02 -4.987014935371837654e-02 -1.054152461435986336e-02 2.523951657353928901e-02 -2.800637104568513142e-02 -6.833360078865226978e-03 -3.088216998059025928e-02 -6.002212172799788192e-02 -3.532295286998576173e-02 -2.923422162950068195e-02 3.035676720760334749e-02 4.903237202369102772e-03 2.508851612117448532e-02 -6.596538449561419049e-02 4.451277150742021654e-02 -2.443807154974011325e-02 1.829864202231040130e-03 2.180856415904816603e-02 9.647156633061712561e-02 -1.475234141424138813e-02 -1.029559918355106747e-02 -2.205882785426903012e-02 8.786551239417439430e-02 -6.686895908184845028e-02 7.646089505630296324e-02 -3.962292752462589704e-03 -3.626291807623409792e-03 -8.068905567880563234e-02 1.257099063836244514e-02 -2.445054205773173478e-02 5.943404554433837084e-02 7.287815553348374331e-02 2.512403153519239540e-02 -8.238521982044348657e-02 8.624565634796439728e-02 1.734223072316179448e-02 -2.387612686484996347e-02 -5.613441781982590056e-02 -2.361253363787341533e-02 -4.326815123213996472e-02 -4.288031328308158224e-02 4.448603441836675859e-02 9.255208850826812661e-03 5.314240672311967145e-02 -4.367963244854748683e-02 1.597080424026320333e-02 2.025815466237133183e-02 1.552427397809124157e-02 -3.731140987661728421e-03 1.557837941385869368e-02 -5.031426941988565577e-02 1.979305989718044625e-02 3.476847544936438605e-02 4.688921957077880204e-02 2.157570129308354970e-03 -9.981840377029071662e-03 2.667063467966432691e-02 -8.808692780711117193e-03 -4.501406332068079441e-02 -5.984733178753443711e-02
-1.778825505357158054e-02 -8.244314098359162291e-02 -9.229745057053701310e-03 0.000000000000000000e+00 7.975544300585255680e-03 9.419487268379607642e-04 1.279209770670560777e-02 -9.594729806187242416e-02 3.294380781262318258e-02 5.854574322412795656e-02 2.651390362073778942e-03 -3.700884427492721895e-02 3.917898041349054256e-02 1.513471458067427132e-02 -1.260649294823801281e-02 -4.478233824436289590e-02 -4.567342627873177685e-02 1.640049355475484485e-02 -2.100851260454694724e-02 -4.473544530567834937e-02 -6.176105827860212810e-02 -1.703351983489583693e-02 7.547827247089488418e-04 -2.073963186712919626e-02 -5.109078490962046248e-02 2.604890476915619132e-02 -6.103599093296677158e-02 3.633498243029469749e-02 -4.953634846956594950e-02 2.104062712163642240e-02 6.346452918940322097e-02 -1.128928550740131674e-02 -2.259116764964664778e-02 -2.952602301465530668e-02 -9.158209821614742008e-02 -4.731335916452179130e-02 3.637004112223619912e-02 4.745522137675776964e-02 -2.145400234414079552e-02 1.462700766100266322e-02 -7.244538619883728048e-02 3.195872976512150604e-02 -1.113001982977197407e-01 3.951862804931367823e-02 -5.511851318319144905e-02 -3.541500919275527431e-02 -6.391942811954999179e-03 -8.794632815283751071e-02 -4.746198516118826927e-02 4.788961725814053910e-02 -4.799383084203389521e-02 8.514575914027250336e-02 -1.386534489294707906e-02 -3.370965714497413390e-02 2.845751094754569652e-02 3.514918813465081615e-02 3.017391801254159719e-02 3.292006287642798568e-02 6.635777961611896703e-02 -2.397475554266884426e-02 1.400579312651916049e-02 1.383231841307456036e-02 -4.155494533083362203e-03 -9.843899805477357434e-02 -9.585369143792916644e-03 7.737004986990901612e-02 -6.239312069034002456e-02 -3.777921012350278496e-02
-1.112796939913465906e-02 4.071059285795163712e-02 -7.682945828297868540e-02 7.975544300585255680e-03 0.000000000000000000e+00 -2.181567385981813059e-02 -5.110912774791481761e-02 7.159727314245205310e-02 6.448476163378415171e-02 -1.727951928166016190e-03 1.256318177702363649e-03 -5.674972583174799079e-02 -8.679344659410040408e-02 -5.798344378976053211e-04 -5.423401598170186910e-02 -4.182751698204344865e-02 7.197633397284665391e-02 -1.779685975918490759e-02 4.780931704149399275e-02 1.261859974112781698e-03 -9.688116416854285207e-02 1.137213491276537203e-01 -1.000294899022383631e-02 -2.398204677135027871e-03 2.522545425371229728e-03 -4.363479025972653684e-03 5.424114725950948679e-02 -1.734952776536187805e-02 5.373673294372313669e-02 -2.651796236776850398e-03 2.792567688372846191e-02 1.151183134845331357e-01 8.598800391866350326e-03 8.512211735437258397e-02 5.804410886554523669e-02 1.886804281613975454e-02 -1.007211478160365825e-01 3.538306606652481812e-02 -8.163869588242739922e-03 -7.791677991528378477e-02 -4.363849988488081866e-02 7.227768134566302412e-04 1.378937983313641841e-02 4.860566093217677519e-02 -1.648704275011417600e-02 1.752849788055927532e-02 8.663993271271546934e-03 -6.117413470128036691e-03 7.323781759115653711e-02 2.200447627103119599e-02 -3.540644663715448309e-02 -3.113427026066282327e-02 -4.465990870902735582e-02 1.590207266611391029e-02 1.565576479835787196e-02 -5.319740724802358989e-02 -8.685116702338825656e-02 -1.840859450127049378e-03 6.091202272192358658e-02 -4.166240223428983175e-02 -2.774669303304961449e-02 -2.981071058427345669e-02 -7.582209340451699642e-02 -2.119120025059769222e-02 8.730454676122519075e-02 7.173453307533010637e-02 1.459977317498250930e-02 2.539248624220889761e-02
3.591604418639388063e-02 -4.858271932289366657e-02 1.289526985636338940e-01 9.419487268379607642e-04 -2.181567385981813059e-02 0.000000000000000000e+00 7.086397932018370649e-02 4.369042176927039750e-02 2.472039822205128815e-02 4.562156726079091840e-02 2.003029900138014047e-02 7.232614086096844641e-02 -8.021121554042588697e-03 -3.309506776494214320e-02 -1.133632975676777087e-02 -5.772674873764687548e-02 -2.723439616563858370e-02 5.572822163953640440e-02 2.825180511572854269e-02 6.989404869803669818e-02 2.966511538886504318e-02 1.100995602841476316e-02 7.174236612796315062e-03 5.715651747557470158e-02 -5.946853325253159683e-02 1.112370759319833008e-01 1.584431956199677805e-02 -4.084475727094882130e-02 2.495113442380497877e-03 -3.167115861993768239e-02 3.458256693994919001e-02 4.739283741793917648e-02 -6.094767246474968973e-03 5.591468682009852718e-03 6.235264581389003691e-02 -3.150690931511781340e-02 -4.459222840454796916e-02 7.138474132214481238e-03 5.631749430177256099e-02 1.104137332558035971e-02 1.356325192897598619e-01 2.752999169519570674e-02 1.129533533375668905e-02 -3.204791024181366521e-02 -9.651250006260006509e-03 -5.353738112193771187e-02 4.723228531603428093e-02 8.591252390854375864e-02 -7.201841037481881980e-02 -5.968441108824935198e-02 -2.432223767574400591e-03 -4.969969190083303040e-02 1.797275821921654609e-02 8.259459817269773629e-02 -6.314180674996064391e-02 7.153863368662595479e-02 3.905021677327847468e-02 5.877250557124823367e-03 1.462814822567072917e-02 -3.627059778959213637e-02 3.196136003811222287e-02 4.178574691663793084e-03 -6.166758107592509169e-02 3.120890550207428005e-02 4.099661477523459246e-02 2.420318583173923857e-02 -1.996410218504800910e-02 4.002150049953461398e-04
2.945235771111512704e-02 -5.584780371955078843e-02 1.344612291003117674e-02 1.279209770670560777e-02 -5.110912774791481761e-02 7.086397932018370649e-02 0.000000000000000000e+00 -5.767830475052083267e-02 2.146341699981745704e-03 4.300948174832262827e-02 1.049119565392094174e-02 1.020393678458221404e-01 2.349190946925444612e-02 9.720275663741564931e-02 -3.344694445464301003e-02 -7.774050865610212212e-03 1.283353663523217891e-02 4.668627412734984578e-02 9.648317143779815142e-02 2.471302915965568545e-02 4.531920974567011338e-03 2.872257949464113516e-02 -5.559642265786609444e-02 3.626994429755907301e-02 -1.821836389361319170e-02 2.161988948331622362e-02 -4.676269814764179994e-02 4.090479875214729499e-02 6.596373450898611324e-02 -1.080282983020414977e-01 9.567463569109733307e-03 -6.069005132026452851e-03 4.614447932092985427e-02 -2.766601568792032180e-03 -2.319210977016527772e-02 1.512895722103451031e-02 -2.425085701187566778e-03 -3.182186998574730585e-02 2.135422822814271593e-02 -5.349809529617835513e-02 -1.454881829313765980e-02 -4.798696977187005136e-02 2.817357715864782230e-02 -1.668950623158057048e-02 2.660232337377648956e-02 -3.482447284471768684e-02 7.210086055376639658e-02 4.598660760205321163e-02 -4.555461916973637532e-02 7.639852553398340795e-02 3.079072874122156314e-02 -3.950764894714207942e-02 6.675273539718960293e-03 -5.880744971617578309e-02 9.386805588848202986e-02 8.556299816361353366e-03 2.798423729461293336e-02 1.669178254190997789e-03 2.873558476185549687e-02 -7.312653226220235114e-02 4.746154592475468337e-02 9.585735304594692960e-03 7.917887845629908994e-02 -1.642186462439588004e-02 -7.686182072778977026e-02 -2.620374618625094174e-02 8.510422126547818877e-02 1.964246303267505600e-02
-3.692342399719359975e-03 1.627197005839861946e-04 5.616839100734450502e-02 -9.594729806187242416e-02 7.159727314245205310e-02 4.369042176927039750e-02 -5.767830475052083267e-02 0.000000000000000000e+00 1.010114452083479483e-02 -8.254298503675226717e-03 4.480362014031785689e-02 -6.843854661608923806e-02 1.845736011825544962e-02 2.569966614277220587e-03 1.775820199909430158e-02 1.446342175724883630e-03 9.822328923349733440e-03 6.122469129395727815e-03 1.544743911540742004e-02 -4.462695227860454666e-02 1.006352359541831144e-02 -6.276296326948217763e-02 6.975608183746126456e-02 -1.283410807393937578e-02 4.909007411092910361e-02 -3.297808364704295919e-02 -8.362359937716716540e-03 8.996104831193271756e-02 -4.870223930651479405e-03 7.154728702368533255e-02 3.553056044799320773e-02 3.247717282616210260e-02 1.463018727720063420e-03 8.990059658065324699e-02 -4.991161444561168642e-02 -6.217151911174433748e-02 -1.006990946083501925e-01 -1.390099675793875049e-02 1.969715201736497306e-02 3.552704402892876978e-02 3.829557754028498767e-02 -4.570857327817245269e-02 -2.302866329854751353e-03 3.686788150021653304e-02 4.809940343369008969e-02 -9.261868645528709837e-03 -6.530369793820429980e-02 2.733926516169517262e-02 -1.037475445719987337e-02 -1.314395570367977648e-02 -3.643243792845359680e-02 -9.855160841510160127e-03 -5.897503264663599143e-02 7.369368126234935104e-03 1.049375070884648806e-02 3.679819822114167166e-02 -4.358685679808231572e-02 7.087106797137317227e-02 -1.126739969461224055e-03 -5.476456729865621792e-02 9.183927378270730427e-03 7.014579587385968984e-02 2.491701558039503828e-02 -1.976447945176868295e-03 -3.356408664028357434e-03 -1.288319004496257525e-01 3.837960625136117160e-02 -6.806939175479631392e-03
3.598175766603239206e-02 6.061760082540820771e-02 -3.252347570183409392e-02 3.294380781262318258e-02 6.448476163378415171e-02 2.472039822205128815e-02 2.146341699981745704e-03 1.010114452083479483e-02 0.000000000000000000e+00 8.333644091361972969e-03 -5.132978871218196043e-02 -5.704702348153420886e-04 -3.837491413093348236e-02 1.872210158526423085e-02 1.385923896154949569e-02 -2.752512778912221195e-02 -1.186376902500155608e-02 -1.723645624673419280e-02 3.444902479296946263e-02 2.556633591554578408e-02 8.348635753970639478e-03 3.556695470825275984e-02 -2.365516432233099372e-03 1.608533388330711522e-02 2.518479727939867269e-02 -4.650101681321033853e-02 -1.531476100466537260e-01 -1.954821390485577542e-02 -3.820295370947407454e-02 -6.916688570314200035e-02 1.802394198629541158e-02 -3.879898522462957994e-03 -5.279360551700118531e-02 -1.168462614571753530e-02 4.284280900322000318e-02 9.478561774646956928e-02 -5.967332334418364026e-02 -6.414100264085222103e-02 -3.707639276010127327e-02 -4.045493765915490758e-02 -8.398491253092056977e-03 2.674580359842529658e-03 -1.487594109653212144e-03 -9.572562094473499594e-02 2.170812439822675244e-02 4.412589779320854125e-03 6.951053409013958906e-02 5.542241092339183356e-02 -2.513892997159887510e-02 -1.079025681796667900e-03 -1.180192572669997303e-01 -3.725356909405889289e-02 1.063720211859795484e-01 -9.665951024604629849e-03 9.083395858570529960e-03 7.012998059168430720e-02 -2.012319148431305701e-02 1.052013539458216025e-02 1.046253684406683697e-02 7.584467572357958542e-02 -1.008633065207257540e-01 -2.802857426674376998e-02 6.323298448868634736e-02 -3.887544662036291395e-03 -4.614275658677526037e-02 -2.436611990807802108e-03 3.436196829886045689e-02 -6.461066179991201142e-02
4.359771179040840446e-03 -5.255175119257190358e-02 -4.987014935371837654e-02 5.854574322412795656e-02 -1.727951928166016190e-03 4.562156726079091840e-02 4.300948174832262827e-02 -8.254298503675226717e-03 8.333644091361972969e-03 0.000000000000000000e+00 5.235459009177070161e-02 1.820231477589844341e-02 -4.107974757373634989e-02 5.595839942140046208e-02 7.928497057796055764e-03 -2.466544317833978608e-02 -6.023496095536071820e-02 -5.496634341602183414e-03 8.136009405402780392e-03 3.243367729608993139e-02 8.892862301825341098e-02 -7.398212189115674353e-02 -5.645417042202427460e-02 8.454016220702320616e-02 -4.326136354137697640e-04 -5.866582565765371404e-02 6.155092589462014818e-03 3.973756295670400479e-02 -2.853171380082290473e-02 -2.178168807886771488e-02 -8.126879996836982797e-03 -2.167203716438587113e-02 -2.947004596500179055e-02 1.061440557299268492e-02 6.568974136985575307e-02 -3.616947661445923945e-02 2.176931259301155552e-02 -3.447709886238323890e-02 -6.113036925177924713e-02 -4.172856934609537466e-02 4.785669920148999737e-03 -9.750890478427218233e-02 -1.285411759760491102e-01 3.805941888155409819e-02 -2.351840106112583831e-02 3.709507873492292468e-02 -2.041821249119871173e-02 -4.509171111309385332e-02 -7.381023668125462345e-02 -1.367179499782533031e-02 -4.285961741213729220e-02 -5.561448171284715664e-02 5.209685966456209516e-02 -4.971595835252586026e-02 -2.311310506476263460e-02 -2.943941738242577405e-02 -3.584566374976248804e-02 1.054300215226837423e-02 2.143268787478188123e-02 1.253920674063990423e-02 -3.598657692973700195e-02 4.472788306406634551e-03 -8.283069170055362695e-02 -4.151841721428357890e-02 3.982945145221651606e-02 -2.475167693242412426e-02 -5.268638199130108030e-02 -2.744356323761241306e-02
-3.303339231140871995e-02 -4.055845675707557552e-02 -1.054152461435986336e-02 2.651390362073778942e-03 1.256318177702363649e-03 2.003029900138014047e-02 1.049119565392094174e-02 4.480362014031785689e-02 -5.132978871218196043e-02 5.235459009177070161e-02 0.000000000000000000e+00 2.608941528016173531e-02 -4.344634874429276900e-02 5.338177334810062513e-02 1.519633613642699770e-02 9.152736976650803491e-02 -9.828384005290916048e-02 1.747336401427582522e-02 9.683485700170955945e-02 6.293276985240567334e-02 -9.992744271230481756e-02 -1.099670657778539611e-02 7.755370545033307694e-02 -1.392785220147311868e-02 3.668896959207856856e-02 7.234642995949090716e-02 -4.392931141897081504e-02 -3.585415694109027416e-03 6.304827276263527680e-02 -1.588249930594131179e-02 -9.770172075201417894e-02 2.325699024542578902e-02 2.352795273821974703e-02 9.588936836806793984e-02 2.459731327952284496e-02 -6.770146152427308772e-02 2.533442354232703399e-03 1.209508710200644065e-02 -2.039322903376855969e-02 2.465647061495611359e-02 -5.067180098393203602e-02 5.887510964696743981e-02 3.513433924964021876e-02 5.687168532222917905e-02 -3.974562689258878678e-02 -4.145716843754045089e-02 5.760441405919829866e-02 1.286466922190985032e-02 -6.024268232485769509e-02 3.979499812370114464e-02 4.867040160991893856e-03 -2.005110867208210676e-02 -4.780424579094718490e-02 6.364975482715165556e-02 -9.986596098107694205e-03 -2.990411679337550907e-02 -3.297859749813338015e-02 -9.177856832189381503e-03 -5.426186807699787812e-02 1.757612116262911514e-02 -1.933880986165039534e-02 -4.568990131027586554e-02 1.493187063927260824e-03 4.137209246072671986e-02 -1.640627034572714540e-02 3.951257179947104126e-02 -8.812936690427572439e-02 -5.302443427642213047e-02
4.748224636290085399e-02 1.526865805795211452e-03 2.523951657353928901e-02 -3.700884427492721895e-02 -5.674972583174799079e-02 7.232614086096844641e-02 1.020393678458221404e-01 -6.843854661608923806e-02 -5.704702348153420886e-04 1.820231477589844341e-02 2.608941528016173531e-02 0.000000000000000000e+00 1.109971309115633832e-02 3.354758314998441265e-02 -1.216493051792068812e-02 -3.502848322039016360e-02 -3.986089442543795658e-02 2.066406315625885989e-02 5.876940483129238640e-02 -3.659945844652304214e-02 -1.960197032854966645e-02 -6.627469592758518380e-02 3.413555977510262379e-02 2.937896040561571026e-02 -8.338397071001354803e-05 -2.301426562412699217e-02 1.570200728364402540e-02 -4.184291674517751081e-02 6.636330739877484286e-02 -1.623701848482804119e-02 -6.345932868226078494e-02 6.070629405570013987e-02 -6.873885558546802277e-02 -3.805066053723079114e-03 6.741340454689404016e-02 -6.377243956088390897e-02 -5.108589632745402787e-02 -1.669243290449810152e-02 2.615503378920190983e-02 -9.450918314601637615e-02 2.862356795562101888e-02 -3.844096454697877585e-02 -4.397311397250646542e-02 -3.753903286157605698e-03 8.767013803575336717e-02 8.409750574814740809e-02 2.087161086716297215e-02 -6.601540534572991614e-02 3.990805868009675988e-02 2.122255750500509283e-02 -8.508164971558888900e-02 4.857393496982127107e-03 4.231456659617754967e-02 7.384058538056320620e-02 -1.418832028625415312e-02 2.080495763204054036e-02 -1.059623029293165208e-01 -1.960765111341236655e-02 -1.290068327593737497e-02 -2.604109193976632264e-02 2.908959239513296546e-02 -5.716166936598280485e-02 4.260517119647318912e-02 5.700590049772707828e-03 -4.208261033575656784e-02 -1.149943996812278699e-02 -8.173542467868756545e-02 9.803384177779854436e-02
2.018452722307771761e-03 8.480944322147648817e-02 -2.800637104568513142e-02 3.917898041349054256e-02 -8.679344659410040408e-02 -8.021121554042588697e-03 2.349190946925444612e-02 1.845736011825544962e-02 -3.837491413093348236e-02 -4.107974757373634989e-02 -4.344634874429276900e-02 1.109971309115633832e-02 0.000000000000000000e+00 -3.339256240998281916e-02 3.076189045456183269e-02 6.524743322565379477e-02 -5.076886856320162594e-02 -6.055180606266433868e-02 -1.866401230631230257e-02 -1.188461642405642393e-01 -4.317571653621238986e-02 4.265441503641151377e-02 2.297384885330329418e-02 -2.885254639141271883e-03 -3.868374878513237969e-02 3.664559151590009167e-02 -4.653141225199404485e-02 -1.557268410648284321e-02 -8.055961212608235208e-03 2.851346279275392484e-02 2.478719573142923113e-02 -3.418143664857243441e-02 -2.584483431113464638e-02 5.166394447899168643e-03 2.271659736931267836e-03 2.868283252838805392e-02 1.337040805905754803e-01 9.634859504053107371e-02 -4.319403016568122700e-02 -4.058311772438047416e-02 -6.245433826114870843e-03 -2.572791297851945505e-02 -7.186956962582428943e-02 -4.504346377574403731e-02 -1.501632343593856944e-01 -2.128078877845558312e-02 -4.361230690043465738e-03 -1.164760845368376443e-02 -2.858039774644885803e-02 -1.258643141980064772e-01 -2.877803010015897445e-02 1.649170459639878392e-02 -8.561492717867014504e-03 -6.894365349362176210e-02 -3.081059817332734013e-02 5.591428792689708861e-03 1.198037565263979781e-02 2.985171528658355639e-02 -1.124330113316488050e-01 -4.615305475594942697e-02 6.151308997785413096e-02 6.414186801760142498e-02 -2.486810714500434227e-02 8.411772503061056006e-03 -5.059426326820064268e-02 -4.442692773387340449e-02 2.287480354095578275e-02 4.174481735888461997e-02
-7.124009855219784471e-03 -7.572201488695645688e-02 -6.833360078865226978e-03 1.513471458067427132e-02 -5.798344378976053211e-04 -3.309506776494214320e-02 9.720275663741564931e-02 2.569966614277220587e-03 1.872210158526423085e-02 5.595839942140046208e-02 5.338177334810062513e-02 3.354758314998441265e-02 -3.339256240998281916e-02 0.000000000000000000e+00 3.362029666759985130e-02 2.024320361089393741e-02 4.258068830796596371e-02 2.516285233529284848e-02 6.926839715347525572e-02 4.991407412649057074e-03 3.456247429135355514e-02 1.551641691867530759e-02 -3.455105692263872597e-02 1.722440600727271308e-03 1.298338743760229022e-02 9.118971141733220667e-03 -3.497839841363216407e-02 -1.156758886284616275e-02 6.558248687207660077e-02 8.558155168373288851e-03 -5.929177328726359386e-03 -3.506678818044566687e-02 2.701742254519064190e-02 9.850720052572458849e-03 2.684885397668077336e-02 -4.460706019753804541e-02 -3.749835435774788450e-02 3.090045170767287061e-02 1.803537226887604039e-02 -2.683104828895349625e-02 -6.054148777057117431e-02 -3.095735374035115881e-02 -2.891978874500616623e-02 2.606435439438172311e-02 8.672369895784694249e-02 2.768758950381631015e-02 1.608384683930718512e-02 -1.098169029313737638e-01 5.626613672121554000e-02 1.256970884624429401e-02 2.860974184887673036e-02 -1.174048330177404967e-03 -1.357005231300188741e-02 -8.278203579322386541e-02 -5.516179396812299560e-03 4.591275292767631883e-02 -3.047706429784491008e-02 3.669926243254888198e-02 -6.303778781615806959e-02 -1.048022993701596718e-02 -4.067288370531216279e-02 -4.499727631277766066e-02 7.273672342720771677e-02 -1.163382246524959085e-01 -1.476734697419010076e-02 -2.298024546693252720e-02 -5.839436134233663700e-02 -6.499564074234857880e-02
-4.842920399053749804e-03 -3.112401326104695734e-02 -3.088216998059025928e-02 -1.260649294823801281e-02 -5.423401598170186910e-02 -1.133632975676777087e-02 -3.344694445464301003e-02 1.775820199909430158e-02 1.385923896154949569e-02 7.928497057796055764e-03 1.519633613642699770e-02 -1.216493051792068812e-02 3.076189045456183269e-02 3.362029666759985130e-02 0.000000000000000000e+00 -2.713209094563862750e-02 -1.999442048699810043e-02 -6.875062238450389829e-02 -3.410981032691214054e-02 -2.991280425352647182e-02 7.099705383522975088e-02 3.943180140945401480e-02 -6.208270691675702585e-02 8.889860581005058771e-02 3.388959795617547260e-02 3.228439500043482624e-02 -7.089972565029549478e-02 -5.275423367121673951e-02 5.012976288357692822e-02 1.611637043335200845e-02 2.411429360535279759e-02 -8.318723542433428819e-02 2.934836959623258676e-02 5.247423237926748113e-02 6.859470808121735652e-02 -2.060013861498122267e-02 -1.154266988779834371e-02 2.189106040122533025e-03 -8.433087217569498750e-02 -3.735175543269720483e-02 -2.372202648910074971e-02 -4.490581911239103358e-02 -4.757872199855334855e-02 -5.386885882856223134e-02 -5.769714046728191548e-02 4.315544759946898096e-02 7.313815462958403804e-03 5.587307967790640373e-02 9.616758220729921744e-03 1.850615030594706875e-02 3.216752071650257755e-02 2.000470280235222206e-02 1.793336162213841900e-02 9.357401739867267712e-03 4.495154286616583061e-02 -1.805639816744200252e-02 4.342708671184819513e-02 -2.739229483134435206e-02 6.930347537094053156e-03 3.409144327923759044e-02 -8.917999094700305995e-02 -7.696299077490992291e-02 -8.848685871932725211e-02 6.857863997611814144e-02 -4.010117255642416806e-02 -1.311403067354301177e-02 -6.901069134641306391e-02 -7.176248138183938252e-02
-6.986795064918163711e-02 6.114087717166248083e-03 -6.002212172799788192e-02 -4.478233824436289590e-02 -4.182751698204344865e-02 -5.772674873764687548e-02 -7.774050865610212212e-03 1.446342175724883630e-03 -2.752512778912221195e-02 -2.466544317833978608e-02 9.152736976650803491e-02 -3.502848322039016360e-02 6.524743322565379477e-02 2.024320361089393741e-02 -2.713209094563862750e-02 0.000000000000000000e+00 2.075990317338864341e-02 -2.247568416820532738e-02 -7.197507640422269592e-02 -8.338061395914399265e-03 1.123428561970185591e-01 -2.175091455996286047e-02 5.696760928940045043e-02 -8.051660335876596047e-03 -6.001498125945124718e-02 3.755218143872755127e-02 5.200764480795359163e-02 1.121598230851133041e-02 5.355256107142659927e-02 1.798764544530143117e-02 -7.566870772750663998e-02 1.151131700625405985e-01 2.398136226319587047e-02 3.602967673541478122e-02 -3.328048074374642847e-03 -2.156239097172008359e-02 2.463248491104342089e-02 6.853283089546668982e-02 1.020886524899831775e-02 -1.132564634235322526e-01 1.024969760710384981e-01 7.769470502305757253e-02 2.428648389258813642e-02 -3.180472675435860874e-02 -1.438466957293262072e-01 -3.260058381848071618e-02 -2.192335717819462668e-02 1.717153598341420243e-02 -5.623660866255540680e-02 -2.080251427334465705e-02 3.607809722145931264e-02 5.548556084224021828e-02 -1.042339641216138285e-01 3.399116928070857607e-02 -3.166238273148506283e-02 2.682712020588259513e-02 1.770990684591218153e-02 2.245059852164190892e-02 -1.372968527486391303e-02 3.247146494403421735e-02 4.675777215903673817e-02 -6.678858492747191331e-03 -4.915928630073908984e-02 -3.572599868805793888e-02 -5.711485852540615360e-02 8.846810014204345429e-02 -3.251223440385365981e-02 -2.397208380881004838e-02
4.091500943000919710e-02 7.661126533180473430e-02 -3.532295286998576173e-02 -4.567342627873177685e-02 7.197633397284665391e-02 -2.723439616563858370e-02 1.283353663523217891e-02 9.822328923349733440e-03 -1.186376902500155608e-02 -6.023496095536071820e-02 -9.828384005290916048e-02 -3.986089442543795658e-02 -5.076886856320162594e-02 4.258068830796596371e-02 -1.999442048699810043e-02 2.075990317338864341e-02 0.000000000000000000e+00 2.317600630062617226e-02 1.047441729705806714e-02 3.467139328684928391e-03 3.082572114920632475e-02 -4.479103931045261625e-03 -5.385277689703984322e-02 3.411764146221729632e-02 7.016434839686590264e-02 -1.670947023937207569e-03 3.124314744110948117e-02 2.773524902068288944e-02 4.743993982053387563e-03 3.855215224761423393e-02 7.541995345730623246e-02 -2.560524729311149019e-03 4.139775891988557721e-02 -3.866010173926508198e-03 9.115557548065589266e-02 -1.801179026998091020e-03 -4.432115907756491169e-02 -5.540026399417081332e-02 -5.565748329819428936e-02 -1.801597613572487877e-02 4.292299563795064221e-02 4.401918499420846842e-02 7.075804491410571384e-02 -3.017114642202794669e-02 9.540653724992932683e-02 4.521190554943512602e-03 -7.139800981760142766e-03 1.140169692199162997e-02 5.649792947968017981e-02 -5.621960908546774077e-02 -7.368530109503475256e-02 -2.986195303206502956e-03 -3.177584947454315661e-02 1.673759920943499770e-03 -4.996149506659532114e-02 -4.761887623696283572e-02 3.479910708930634977e-02 5.587490462885168208e-02 -2.176657781138676209e-02 -9.230299854232404400e-02 4.970673791489740173e-03 8.019382608976517723e-02 1.256033953978312988e-02 -4.114291229994084670e-02 1.150288272674220621e-03 -1.115617794201189013e-02 -1.708693342104283114e-02 1.969324946709252819e-03
4.437403320554320768e-02 5.790436898359423157e-02 -2.923422162950068195e-02 1.640049355475484485e-02 -1.779685975918490759e-02 5.572822163953640440e-02 4.668627412734984578e-02 6.122469129395727815e-03 -1.723645624673419280e-02 -5.496634341602183414e-03 1.747336401427582522e-02 2.066406315625885989e-02 -6.055180606266433868e-02 2.516285233529284848e-02 -6.875062238450389829e-02 -2.247568416820532738e-02 2.317600630062617226e-02 0.000000000000000000e+00 -4.716307072504637848e-02 -1.269903348824466816e-01 7.149408108756202807e-02 8.564233924742724107e-04 4.798987693375481728e-02 -3.441981738143748415e-02 -5.937877676437448848e-02 1.920808553555363590e-02 -6.661160731261160650e-02 2.943666772602045525e-02 4.259249057313932441e-02 5.945326259778395406e-02 2.074388992162553083e-02 6.279121632195625025e-02 -2.024296287714989762e-02 7.629842743610842914e-02 -1.133249027096224458e-02 5.482911830990797042e-02 9.123344137091118217e-03 1.150202802670555554e-04 1.077013612600437147e-02 4.026400267779969150e-02 -1.506118588079198399e-02 -2.296946632454006931e-03 3.569210724728694856e-02 -1.131367574115352791e-02 5.621149643428879905e-02 2.740040521710077059e-02 5.907966539862293670e-02 -8.263386286850903095e-02 1.831347614946257987e-02 -4.217812596497981514e-02 2.916800856024243452e-02 -4.408381999066850188e-02 7.589833787027418233e-02 3.589736088420747429e-02 1.795828133273970340e-02 9.510799944947465057e-02 2.708014426260493129e-02 -1.715517887238996592e-02 -6.882935900013284133e-03 -1.597432210443166037e-02 3.195731529075328953e-02 -3.359672432477655429e-02 -3.831586217471075889e-02 -2.725858936568032256e-02 7.368999713717243327e-02 6.107857627539575035e-02 3.227330147245768138e-02 6.488675401025001399e-02
-3.670735811210364824e-02 -2.990904470768562546e-03 3.035676720760334749e-02 -2.100851260454694724e-02 4.780931704149399275e-02 2.825180511572854269e-02 9.648317143779815142e-02 1.544743911540742004e-02 3.444902479296946263e-02 8.136009405402780392e-03 9.683485700170955945e-02 5.876940483129238640e-02 -1.866401230631230257e-02 6.926839715347525572e-02 -3.410981032691214054e-02 -7.197507640422269592e-02 1.047441729705806714e-02 -4.716307072504637848e-02 0.000000000000000000e+00 -3.639068731018384878e-02 1.768104521379055757e-03 5.292072448629615324e-03 -4.210937447208893541e-02 -4.047269137785750037e-02 1.511472486117707362e-02 4.683951531820527980e-02 -9.940346961700423367e-03 -2.198206433128038415e-02 1.327742227584962666e-02 3.370533526150552156e-02 7.176530039466865948e-03 -7.193528299351410749e-02 -4.041623496251641606e-02 -3.997483686290216609e-02 -8.584579849856242839e-03 -1.017535583204518326e-02 -2.255330713701640677e-02 4.923010104969791773e-03 -7.029508779601000013e-02 3.653544422987330120e-02 1.006290375083350626e-02 -3.103705737542748755e-02 1.291934778457501723e-02 1.085263191840650093e-01 4.928286182113502528e-02 8.731130470323335280e-02 3.811236412906938986e-02 -1.214395348724503542e-04 -4.469549722557074334e-02 -5.220824959184652489e-03 -2.676307888311062547e-02 -3.315889324275176492e-02 1.335738322728464988e-03 1.812061586070342137e-02 6.370339347698950050e-02 1.975091654840181732e-02 -1.780200883129544331e-01 -9.282984534308519331e-02 4.259858077338168209e-02 -6.303547978383899908e-02 -2.805189113715390436e-03 -3.224695270240780787e-02 5.422467819970912262e-02 1.271520605335102125e-02 5.730028696567733559e-02 2.975847410236436355e-02 -4.528944534188650978e-02 1.694341696167419101e-02
6.144809641891828267e-02 2.090954712897292317e-02 4.903237202369102772e-03 -4.473544530567834937e-02 1.261859974112781698e-03 6.989404869803669818e-02 2.471302915965568545e-02 -4.462695227860454666e-02 2.556633591554578408e-02 3.243367729608993139e-02 6.293276985240567334e-02 -3.659945844652304214e-02 -1.188461642405642393e-01 4.991407412649057074e-03 -2.991280425352647182e-02 -8.338061395914399265e-03 3.467139328684928391e-03 -1.269903348824466816e-01 -3.639068731018384878e-02 0.000000000000000000e+00 -1.809193156870071359e-02 -5.986081295650255013e-02 -2.382534130238609521e-02 -2.348635035381920269e-02 2.346678230705040794e-02 -1.111165180265816753e-02 8.720034417131862503e-02 5.258129151740885410e-02 -7.285483408610270162e-02 -4.294025017947507121e-03 2.540976866593374120e-04 2.046603879406120111e-02 1.558371136287222194e-03 -1.066316041445193423e-02 5.793020779322607949e-02 2.213635072586860389e-02 -7.231286314790970338e-02 -4.531005002274649668e-02 1.236959193012026476e-02 -1.508589768278504641e-02 4.385630605589084519e-02 -4.717558006253323721e-02 1.474040713922988161e-02 1.686712938618667099e-02 1.369059501037777488e-02 -4.089967795234360215e-02 3.509955692155897200e-02 -5.101538690021929778e-02 3.088814233614461599e-02 4.079616290632126496e-02 5.693935447685297482e-03 -3.990068326897472373e-02 4.136773369700282033e-02 -4.225463788161017142e-02 2.670494795577184333e-02 -5.827100020673003228e-02 8.553626028684814531e-02 2.256379071290234503e-02 -7.562897150571167015e-02 6.490585868033368899e-02 7.018891687607335672e-02 -8.099766232849936465e-02 -2.338670882069916399e-03 2.984225068012267765e-03 2.935163450494795642e-02 5.099494592872223786e-02 4.397485186978927763e-02 -1.396609526993947831e-02
3.045184827285964471e-02 9.685971765987942683e-02 2.508851612117448532e-02 -6.176105827860212810e-02 -9.688116416854285207e-02 2.966511538886504318e-02 4.531920974567011338e-03 1.006352359541831144e-02 8.348635753970639478e-03 8.892862301825341098e-02 -9.992744271230481756e-02 -1.960197032854966645e-02 -4.317571653621238986e-02 3.456247429135355514e-02 7.099705383522975088e-02 1.123428561970185591e-01 3.082572114920632475e-02 7.149408108756202807e-02 1.768104521379055757e-03 -1.809193156870071359e-02 0.000000000000000000e+00 7.724677428782364408e-02 7.342826498911586564e-02 5.528458937199927370e-02 -4.443431829816868461e-02 2.881450733519575619e-03 5.946809571079309659e-02 1.169145137995803059e-02 -3.452802200974258023e-02 6.285770433889194264e-02 -1.511938589720727803e-02 7.092323313186933709e-02 2.748363188402705784e-02 -3.434984496838637547e-02 -9.692687694849870528e-03 9.035885663240897109e-04 5.368255888762168970e-02 -3.291652898754755113e-02 5.440034288645511848e-03 1.697782153009786896e-02 7.249305446701387323e-02 -9.316945985050912454e-03 -9.289929885026088074e-02 7.904308022640388343e-03 4.228642271868278402e-02 1.062783017070261524e-03 -2.833238808986863339e-02 2.809154867802570593e-02 -9.130318574825442180e-07 -4.871722595252257412e-03 -1.389664951439711742e-02 -2.135093921160476083e-02 -5.235164489005969535e-02 -7.177349412259624410e-03 -7.307662228381431313e-03 3.003267044522587095e-02 7.744229710128575084e-02 -3.427931077600190196e-02 2.589400549295150025e-02 3.383686116480609518e-02 8.348978725338193976e-03 -3.047271107125617065e-02 -9.944597511337652240e-03 -3.767212509605000204e-02 -2.410635629191321821e-02 -6.171490411554410305e-02 2.282523624032440496e-02 2.879818177899767101e-03
1.768473738712266624e-02 4.825769963295432896e-02 -6.596538449561419049e-02 -1.703351983489583693e-02 1.137213491276537203e-01 1.100995602841476316e-02 2.872257949464113516e-02 -6.276296326948217763e-02 3.556695470825275984e-02 -7.398212189115674353e-02 -1.099670657778539611e-02 -6.627469592758518380e-02 4.265441503641151377e-02 1.551641691867530759e-02 3.943180140945401480e-02 -2.175091455996286047e-02 -4.479103931045261625e-03 8.564233924742724107e-04 5.292072448629615324e-03 -5.986081295650255013e-02 7.724677428782364408e-02 0.000000000000000000e+00 3.775860785406080257e-03 9.500436028756732362e-03 3.763516419066433721e-02 5.697806697133552672e-02 -7.216552892291876187e-02 -2.248339692202007412e-02 8.964172375930533343e-02 -8.307952138121342534e-02 -1.243695971320179540e-02 -1.162908226034458162e-02 6.005670152642171578e-02 5.460864146135423897e-02 3.214430456012235243e-03 3.501619201297776623e-02 -2.610738654189449434e-02 8.102067175024742218e-03 -7.022596233281696784e-03 -2.145166950273077675e-02 -8.899265890761988429e-02 -2.001121637182737278e-02 -3.275474053973475436e-02 2.482365071741610488e-02 4.368950090092871448e-03 -3.394694978578906980e-02 -2.058781369070690828e-02 8.510139144801130706e-02 -4.947204548608912823e-04 3.402887375371661111e-02 5.229510713791107185e-02 -5.557085789023522709e-02 -5.079548821947684617e-02 -3.204679251301362306e-03 5.496709070952884857e-02 6.155932903075704739e-03 -3.878869296087341517e-02 -5.410945717798504306e-02 -6.025113632529602303e-02 -3.171409869260221996e-03 -3.093039973537721130e-02 -2.599425008412641416e-02 1.108137779171638505e-02 -1.868689905364050510e-02 4.047129827531626561e-02 -1.594183546598844717e-02 3.923126075809292568e-02 7.698658659235574353e-02
3.072015044223914970e-02 -2.757061294794361985e-03 4.451277150742021654e-02 7.547827247089488418e-04 -1.000294899022383631e-02 7.174236612796315062e-03 -5.559642265786609444e-02 6.975608183746126456e-02 -2.365516432233099372e-03 -5.645417042202427460e-02 7.755370545033307694e-02 3.413555977510262379e-02 2.297384885330329418e-02 -3.455105692263872597e-02 -6.208270691675702585e-02 5.696760928940045043e-02 -5.385277689703984322e-02 4.798987693375481728e-02 -4.210937447208893541e-02 -2.382534130238609521e-02 7.342826498911586564e-02 3.775860785406080257e-03 0.000000000000000000e+00 -2.411670195547238257e-02 -2.528725304283434630e-02 2.233055479614823660e-02 8.323099529813791919e-02 -5.171124459312419729e-03 1.756655015169976061e-02 3.870393124522684275e-02 -5.457016462589283495e-02 1.101734151090393889e-02 2.771801949238503291e-03 -7.440850826420196407e-02 -4.556986783540505764e-02 -6.896349716720402701e-02 7.143566557068769217e-03 2.104434999712538092e-03 3.096242412824029219e-02 6.333455859396255883e-02 5.817586383581976189e-02 2.427434735238586869e-02 4.770531361128346054e-02 2.157368552076510682e-02 -2.798940506300193372e-03 2.876041751752237211e-02 6.168934984877873923e-02 2.412678613242106793e-02 -8.693629230526942614e-03 2.193977845125403073e-02 7.535505928030140910e-02 4.269463524348739852e-02 1.198449474934921710e-01 2.185676871558428144e-02 3.515139321793125243e-02 8.726831980688271040e-02 4.938761194765850515e-02 -1.880820197914309655e-02 -7.177561826385651586e-03 1.562792248728587727e-02 5.933595238551214734e-02 3.853032981258722872e-02 2.426628174468383956e-02 -2.313568007772476287e-02 -7.728990875455148124e-02 -5.476475254378311563e-02 4.091632535993786762e-02 2.848813211892092453e-02
