0.000000000000000000e+00 3.208711762431051828e-02 -3.734699735962669024e-03 -1.805481375067139599e-02 -1.132877341268766561e-02 3.585614378248564577e-02 2.697254458620598067e-02 -4.070327682642380443e-03 3.592974179213122288e-02 3.856637611679753289e-03 -3.352118415889577402e-02 4.677851771984186530e-02 2.302537272862658149e-03 -1.684956738592342101e-02 -5.308522668808545418e-03 -7.063258146002346360e-02 4.082716117189752469e-02 4.405691459904266527e-02 -3.733108699155602422e-02 6.153928469449627958e-02 3.054236120980315106e-02 1.727285149821632462e-02 3.033076827654063862e-02 6.692551889704997925e-02 2.107732589113025037e-02 -3.854921797784409583e-03 -2.222979926224416883e-02 -2.473949870131927214e-02 1.947723196965144010e-02 -2.601804109198884579e-02 -5.859222646264890255e-02 -1.090423209741160637e-02 -6.194320245483124487e-02 -3.271911382072805602e-02 -3.364597338637374813e-02 3.043176938147235805e-02 3.770829837225239678e-02 2.600429980649948680e-02 -3.392000708044961427e-02 1.534077807521034599e-02 5.151384462056751018e-02 -6.786138052955708114e-03 6.087653799620890496e-03 2.475209154476471982e-02 5.388179948057626040e-02 -6.615879728799936577e-02 9.629528293807074202e-03 2.883760759770871707e-02 -4.515426056567765217e-02 5.886077326785867786e-02 3.044100053537287034e-02 -8.971857455948689664e-02 1.540097767596539449e-02 1.396520309312974419e-02 -8.608089848074952644e-02 -8.181252674760475241e-02 4.985572525061381099e-02 -3.162343562845337797e-02 4.613995246203838468e-02 -2.780383949063234411e-02 -4.129416587027999463e-02 -2.596009231332938386e-02 5.090882359457822148e-04 -1.815396061875172370e-02 6.504975982859717565e-02 3.458410629826053160e-03 -1.943861163022140431e-02 1.088257098216421914e-02
3.208711762431051828e-02 0.000000000000000000e+00 -1.051063276080045766e-01 -8.192480067229666874e-02 4.021252836162714228e-02 -4.833279547257922359e-02 -5.452656584145623708e-02 1.355085916612578170e-03 5.962071147447073338e-02 -5.151274509435270488e-02 -4.085901490155102039e-02 1.861571774289993032e-03 8.371393490330890363e-02 -7.565012629787430665e-02 -3.150928329596455052e-02 5.893619405726596532e-03 7.673709340625098352e-02 5.842196316641670023e-02 -3.309787706339623308e-03 2.130413377784379919e-02 9.673395764981047862e-02 4.084498050464568930e-02 -4.249432047198875052e-03 -1.003915552508011060e-02 2.061922684393796210e-02 2.591512268226652677e-02 3.262292913605950844e-03 -3.320120478805656250e-02 -4.589632001714141762e-02 6.592433535520143828e-02 -3.297711683125590428e-03 4.702123397090566398e-02 -2.743422465821052092e-02 1.588518689612350779e-02 -3.950412074235842147e-02 2.176830032463710277e-02 2.439109515742710760e-02 -3.026106740225631767e-02 -6.106130046042678589e-02 6.962617163710051529e-03 -8.737810286814734484e-02 4.427520151024274403e-02 2.722075844254242052e-02 2.445442982546879029e-02 -2.583682134189702051e-02 5.237377137512619872e-03 -1.560083630088438846e-02 -4.009931631455899287e-02 -4.352397512005583974e-02 -3.551354566363095627e-02 4.354113205937956699e-02 2.992290090324430801e-02 -2.490129426150727333e-03 2.752952682974309229e-02 3.310441049225367610e-02 -5.640436422204010702e-02 5.119298883409219292e-02 -8.294748257581532891e-02 -8.716212558413105604e-02 -5.301405931168035740e-02 -8.544677832915291080e-03 -1.942120398408745882e-02 -3.105950938216797338e-02 -1.200768786837117102e-01 -3.817620713433398510e-02 -1.006047740167994621e-02 3.877693641674036934e-02 1.250765039719837490e-01
-3.734699735962669024e-03 -1.051063276080045766e-01 0.000000000000000000e+00 -8.319988298599985399e-03 -7.717353393417608620e-02 1.279840901961857291e-01 1.137370935948536256e-02 5.342821260387004001e-02 -3.043953082656795581e-02 -4.953493226579216979e-02 -1.119205655847260034e-02 2.482800661537189896e-02 -2.827854823018904201e-02 -6.952415726295487278e-03 -2.937538304157980354e-02 -6.295815847697333600e-02 -4.446430208549786295e-02 -2.988233752848386271e-02 3.062578379136727397e-02 4.439718005171944086e-03 1.987067561446473687e-02 -6.564594860248300356e-02 1.440536632106689981e-02 -2.457176396140116695e-02 2.827751455284768962e-03 4.810135614467573283e-03 7.624556197672784086e-02 -1.546194307538703919e-02 -1.124641900519984805e-02 -2.363949826256866310e-02 8.683721547677748787e-02 -6.638063370866913171e-02 7.542959809577431951e-02 -3.895135765055164276e-03 -3.727313283647168147e-03 -8.098148385748976663e-02 1.192915885436255687e-02 -2.468418474159600126e-02 5.796128570749463360e-02 7.192785524139494457e-02 2.337044457516173485e-02 -8.247260641849225860e-02 8.527605865366336135e-02 1.641777717446394474e-02 -2.457410044687478867e-02 -5.729689817835978416e-02 -2.333172882703439879e-02 -4.358582528736811706e-02 -4.344338616762880023e-02 4.328554365103475660e-02 8.347861053224714389e-03 5.168904486329713166e-02 -4.434445893738795524e-02 1.612385246091736432e-02 1.969593585676288408e-02 1.581237575780133561e-02 -6.062235096020760806e-03 1.460136304885907566e-02 -4.996411490584936471e-02 1.943890116432663365e-02 1.816211019731342469e-02 4.659266388979728390e-02 3.559756789525221100e-03 -9.898971964792469339e-03 2.766122508711798059e-02 -7.463590269221133215e-03 -4.651348629558928194e-02 -6.157189583231644642e-02
-1.805481375067139599e-02 -8.192480067229666874e-02 -8.319988298599985399e-03 0.000000000000000000e+00 7.878730346831437290e-03 8.620027048635549522e-04 1.152133172314497543e-02 -9.643921043430964124e-02 3.256530870685984957e-02 5.621730367784556065e-02 2.350446107826314242e-03 -3.836306203543149440e-02 3.982844751338981970e-02 1.588838591180067455e-02 -1.277877628063599051e-02 -4.477953616421138233e-02 -4.511139666753326283e-02 1.679521433951133846e-02 -2.069268043073733965e-02 -5.168451846683162071e-02 -6.230900129397479864e-02 -1.618828564046157631e-02 2.647429639971953658e-03 -2.773141986191334299e-02 -5.135543693024318540e-02 2.719454139964260636e-02 -6.370796993752886328e-02 2.614266777699823449e-02 -4.964424861766884162e-02 2.173588723736804770e-02 6.341850967107395820e-02 -1.162979918218379899e-02 -2.216685248187903398e-02 -2.871323491776544418e-02 -9.129624107863389126e-02 -4.765820719846888820e-02 3.682602895092901285e-02 4.612123404998506176e-02 -2.134160696761253431e-02 1.507302487492850028e-02 -7.196172973540050644e-02 3.285614811990592715e-02 -1.120058353810674534e-01 3.929460941997765799e-02 -5.459602732379428142e-02 -3.542532855706677364e-02 -6.443393858454779001e-03 -8.674135943239442981e-02 -4.763154258071263664e-02 4.753993155410241728e-02 -4.783662976787519949e-02 8.524533576668490154e-02 -1.397557739994603407e-02 -3.429538511453814054e-02 2.841446029841047244e-02 3.574040208369684557e-02 3.029397904048064527e-02 3.203000738122094987e-02 6.673314207368734319e-02 -2.370787640004195021e-02 2.002091804466291786e-02 1.309996416320361595e-02 -3.156756101908921117e-03 -9.739695679050423827e-02 -9.430087102637842861e-03 7.745896229589331605e-02 -6.213286375338400447e-02 -3.769453988319130394e-02
-1.132877341268766561e-02 4.021252836162714228e-02 -7.717353393417608620e-02 7.878730346831437290e-03 0.000000000000000000e+00 -2.417856196558924864e-02 -5.099293194786404942e-02 7.163385047449127851e-02 6.237426606252425426e-02 -1.614868920510244190e-03 1.024670881314404145e-03 -5.718694456380064156e-02 -8.783444207336363330e-02 -1.200690305045750295e-03 -6.197580313551800946e-02 -4.159837831606858632e-02 7.176147911262381607e-02 -1.781414784840063339e-02 4.758290676594041646e-02 1.435261457241220539e-03 -9.709508629752544584e-02 1.134010232899371334e-01 -7.051915627349880991e-03 -4.639279029092139781e-03 2.239768251351129634e-03 -4.832055852493901890e-03 5.994101729712614235e-02 -1.618283820664296463e-02 5.340597895911054077e-02 -2.067684588273778837e-03 2.786816476887480146e-02 1.126440104982022600e-01 8.510355828743298642e-03 8.383630261250742122e-02 5.797894818161881958e-02 1.891415773141706322e-02 -9.885837456757100294e-02 3.545276117701598451e-02 -8.074565926957323961e-03 -7.825536600035847001e-02 -4.249413190345273372e-02 1.379762350494705614e-03 1.385399404466857061e-02 4.969232849056200857e-02 -1.636600131834245811e-02 1.742202049113549325e-02 8.301267338807264556e-03 -5.865124376481957794e-03 7.341474373151327115e-02 2.285584609561173292e-02 -3.449321262709114516e-02 -3.102416284905589600e-02 -4.455595092819400471e-02 1.546625578982841441e-02 1.768518464216337072e-02 -5.354811820623027463e-02 -8.518271611416679268e-02 -1.382643230386232033e-03 6.092707963538920857e-02 -4.043770071551774925e-02 -3.057957088860717085e-02 -2.835456345299015857e-02 -7.561452210420449571e-02 -2.050687537872926056e-02 8.764598589873524859e-02 7.169398116692533851e-02 1.505975808760962736e-02 2.621207244405975023e-02
3.585614378248564577e-02 -4.833279547257922359e-02 1.279840901961857291e-01 8.620027048635549522e-04 -2.417856196558924864e-02 0.000000000000000000e+00 6.873269543246636470e-02 3.176549383318514469e-02 2.430845555026025367e-02 3.465419566782745181e-02 1.880129105100688744e-02 6.772420424391521754e-02 -8.596900750632702898e-03 -3.558473038967123470e-02 -1.447826996463178612e-02 -5.795529039194955573e-02 -2.826650660567562104e-02 5.529980193421733109e-02 2.756407346410032211e-02 6.978326508840325404e-02 2.932878842881599460e-02 1.166201471762577484e-02 4.666922203639198817e-03 5.673090549851243086e-02 -5.983767831734274761e-02 1.099509515973270957e-01 1.147304512020955874e-02 -4.587552264005970160e-02 1.379987196245028528e-03 -3.249458850159245293e-02 3.424968720241360759e-02 4.542481800806966868e-02 -5.906168613515113547e-03 3.547903741218909422e-03 6.165092779314693128e-02 -3.123525585248392369e-02 -4.432604422101042024e-02 7.096701983117250333e-03 5.687087651853087872e-02 1.142168912551571984e-02 1.349615393071526281e-01 2.741057850862403666e-02 1.200547148835035341e-02 -3.352437754773383849e-02 -9.989022773644525358e-03 -5.404828174807256580e-02 4.741109883890160664e-02 8.480564346242351614e-02 -7.200837554427870491e-02 -6.014322789039843603e-02 -2.111589522396670714e-03 -4.934986623786770388e-02 1.818970655073691087e-02 8.301583421248892591e-02 -6.405325056960464725e-02 7.165895766013449797e-02 4.123684892149087622e-02 4.797269913907758337e-03 1.444930261416360606e-02 -3.620901882055697907e-02 3.176652579182316638e-02 1.524810969730262811e-03 -6.217720847639634368e-02 3.053784271772859785e-02 4.083286389909927122e-02 2.489764455572829327e-02 -1.954445691792838086e-02 2.690832938973925187e-04
2.697254458620598067e-02 -5.452656584145623708e-02 1.137370935948536256e-02 1.152133172314497543e-02 -5.099293194786404942e-02 6.873269543246636470e-02 0.000000000000000000e+00 -6.789534067848289334e-02 2.816327552843147543e-03 2.801602116685639188e-02 9.038393430977452112e-03 1.022315435462064770e-01 2.415769708978027577e-02 8.124701294819440534e-02 -3.313746023328872220e-02 -8.603516107323169737e-03 1.143087745109264315e-02 4.422870214792330029e-02 9.523925994064616485e-02 2.311754887576302972e-02 8.854898102239164336e-04 3.024218063528730932e-02 -5.987627428882424940e-02 3.293270895694284245e-02 -1.961332251024564335e-02 2.097415458708985422e-02 -5.375567097541587847e-02 -3.009601875709061892e-03 6.098384994748693583e-02 -1.206063057175732478e-01 9.562193443468553627e-03 -6.734263575723291838e-03 4.563185430212661486e-02 -5.405095580119929910e-03 -2.381006513560561186e-02 1.746029089040472895e-02 -2.541378059586754320e-03 -3.163319861534509558e-02 2.197692956753673210e-02 -5.310084619162440400e-02 -1.555563693964112648e-02 -4.726096395120344545e-02 2.919074236117431831e-02 -1.573845389235005096e-02 2.727509343753404050e-02 -3.324962673566990434e-02 7.295403513941832452e-02 4.816346604968758244e-02 -4.611661930322168146e-02 7.553653382575142849e-02 3.072069441021086506e-02 -3.964993933598938425e-02 6.685450262614241884e-03 -5.674877348794361148e-02 9.298998258820495577e-02 8.347279622776006963e-03 2.659524762885941834e-02 -4.925500404280861366e-04 2.903866541687440128e-02 -7.271832371982130117e-02 5.329780953326701542e-02 8.049969093927805339e-03 7.787129507102816262e-02 -1.541514070581845482e-02 -7.769243608885306740e-02 -2.684945144487774216e-02 8.713336382481436104e-02 1.862682895714591960e-02
-4.070327682642380443e-03 1.355085916612578170e-03 5.342821260387004001e-02 -9.643921043430964124e-02 7.163385047449127851e-02 3.176549383318514469e-02 -6.789534067848289334e-02 0.000000000000000000e+00 1.004067924032800603e-02 -1.384311524114298884e-02 4.379361773188088919e-02 -7.048733048118137334e-02 1.847536749521223182e-02 -1.252290867163057680e-02 1.750002052926444285e-02 1.501730747784142499e-03 6.898894392334881630e-03 5.112100941789854067e-03 1.428217665078393601e-02 -4.477570124237390675e-02 6.692062880907886056e-03 -6.275275751143784275e-02 6.612270990704528784e-02 -1.544883356157275046e-02 4.955467328517052655e-02 -3.504077092832462437e-02 -1.010324341952408347e-02 8.943378058702780575e-02 -6.843638746547418480e-03 6.926023876902077936e-02 3.553342643716801696e-02 3.049797454465405164e-02 1.123803941623368946e-03 8.860927878030976090e-02 -5.088960368338731055e-02 -6.162396208087996680e-02 -9.923155229457440718e-02 -1.444278815855142006e-02 1.948477552935352561e-02 3.582457545898946188e-02 3.660567524627444252e-02 -4.580840717471754836e-02 -2.580805771755190388e-03 3.627173943438478931e-02 4.799066790515949671e-02 -9.161625053801348423e-03 -6.591828018784408327e-02 2.799299598928656208e-02 -1.019075353825077065e-02 -1.356395799149416430e-02 -3.613478997952589838e-02 -9.384834894308280093e-03 -5.903667772923987950e-02 7.612097334926909084e-03 1.087187478947901527e-02 3.599348178606256998e-02 -4.324324023145086071e-02 6.935200727560095202e-02 -7.060756761666857036e-04 -5.323935537267151380e-02 1.207601849199564127e-02 6.792442968968283312e-02 2.463724324480116856e-02 -1.584885273650346593e-03 -2.957326705577392658e-03 -1.286924669038752578e-01 3.876635977163701147e-02 -5.905816123626277982e-03
3.592974179213122288e-02 5.962071147447073338e-02 -3.043953082656795581e-02 3.256530870685984957e-02 6.237426606252425426e-02 2.430845555026025367e-02 2.816327552843147543e-03 1.004067924032800603e-02 0.000000000000000000e+00 8.342422752082761031e-03 -5.106862782707741882e-02 -2.190248448799990335e-03 -3.849557939965303488e-02 1.900637570905647222e-02 9.985657460667788851e-03 -2.663825889071678998e-02 -1.080722968990032416e-02 -1.679805014905790331e-02 3.502547297260710096e-02 2.530653070194495077e-02 9.199516583168443687e-03 3.170645520313791071e-02 8.561042144850098323e-04 8.344853899518873616e-03 2.426881404170665169e-02 -4.462355481821121683e-02 -1.494968206583471293e-01 -2.082278116983730942e-02 -3.830157771477567946e-02 -6.879194400792067177e-02 1.839165335779201216e-02 -4.090663072587910100e-03 -5.249625841698334766e-02 -1.057115712712304936e-02 4.226004439563232212e-02 9.466075922975672463e-02 -5.808311010010944186e-02 -6.439692061115839805e-02 -3.707214230662404103e-02 -3.941507914088521886e-02 -7.768157670934749959e-03 3.027953674467768856e-03 -4.531387001199870500e-03 -9.552212359488257420e-02 2.220615796934839736e-02 4.820421641037699566e-03 7.001028924609720150e-02 5.520940113305919383e-02 -2.509779477142737650e-02 -6.896072922415610960e-04 -1.179442296768932336e-01 -3.775219283653141050e-02 1.070048597663867951e-01 -9.411017800760224442e-03 9.552024530747433087e-03 6.961373245181114167e-02 -1.719886651112681117e-02 9.196365573719637518e-03 1.048228835394359251e-02 7.863302516149507648e-02 -9.075846991510647110e-02 -2.872842180193161538e-02 6.333324037028123521e-02 -4.170266325351313329e-03 -4.582874274947158766e-02 -2.460491851005886833e-03 3.431899830835791199e-02 -6.516078670179274723e-02
3.856637611679753289e-03 -5.151274509435270488e-02 -4.953493226579216979e-02 5.621730367784556065e-02 -1.614868920510244190e-03 3.465419566782745181e-02 2.801602116685639188e-02 -1.384311524114298884e-02 8.342422752082761031e-03 0.000000000000000000e+00 5.130946615951186701e-02 1.400628118156917526e-02 -4.164839701285776713e-02 5.322683389615159855e-02 8.208723924232592603e-03 -2.398967138275751379e-02 -5.959833144137702959e-02 -6.916901602288511204e-03 6.726568055529172883e-03 2.826039753682473357e-02 9.010983199011174394e-02 -7.377541494674257072e-02 -5.596207327159598288e-02 8.359490240690017893e-02 -1.376514863830321036e-04 -6.013404808518595102e-02 1.400385121520576759e-02 2.965745311256384395e-02 -3.074443225505915298e-02 -2.206387108152597920e-02 -8.484435384883417045e-03 -2.268670696319251279e-02 -2.966043958212477225e-02 9.064091376795521682e-03 6.609564935795692042e-02 -3.542986813560122100e-02 2.337034491295317609e-02 -3.510792114826684351e-02 -6.116748440528448072e-02 -4.085939229672465312e-02 5.380007988548914620e-03 -9.676956512169851421e-02 -1.286698265133825181e-01 3.692604741546159225e-02 -2.332114298475250827e-02 3.815807809506178983e-02 -2.064027528758230826e-02 -4.452995605222344333e-02 -7.311592390914049833e-02 -1.331212940556197009e-02 -4.270636992353733785e-02 -5.536891261172374040e-02 5.253137120276599875e-02 -5.041785019960220993e-02 -2.285201261629151229e-02 -2.917112557427703132e-02 -3.428435682673320467e-02 9.416500162940202520e-03 2.160554456100970480e-02 1.422769639896005571e-02 -3.582233914650665568e-02 1.736447382574679088e-03 -8.283936347101893138e-02 -4.052672809919940361e-02 4.042526956752808681e-02 -2.403795519822777074e-02 -5.259575328199826011e-02 -2.677197364242145730e-02
-3.352118415889577402e-02 -4.085901490155102039e-02 -1.119205655847260034e-02 2.350446107826314242e-03 1.024670881314404145e-03 1.880129105100688744e-02 9.038393430977452112e-03 4.379361773188088919e-02 -5.106862782707741882e-02 5.130946615951186701e-02 0.000000000000000000e+00 2.492205572071451089e-02 -4.870487800705034648e-02 5.228820882816467841e-02 1.518673924507986210e-02 9.147336619172601047e-02 -9.932607507219259890e-02 1.195208695148779893e-02 9.548111113643484305e-02 6.350667905126299029e-02 -1.016837042710108802e-01 -1.110644869345837719e-02 8.005344717405553367e-02 -1.313304079968790304e-02 3.739461218699397654e-02 6.788387743023227561e-02 -4.433840428796451127e-02 -3.912658609799883613e-03 6.108351417487590390e-02 -1.666825689097587923e-02 -9.903394223472315738e-02 2.160317288619199166e-02 2.335465619961747327e-02 8.944693596995265117e-02 2.443012482673100755e-02 -6.751556044837543624e-02 2.857131819491670003e-03 1.177984561133267778e-02 -2.011051952179520458e-02 2.431408125194357839e-02 -5.083791884709973341e-02 5.907394884148468861e-02 3.575048288221416987e-02 5.657975609077031676e-02 -3.972365949746256564e-02 -4.185519114096485777e-02 5.711819682174058832e-02 1.296955919908613850e-02 -6.035721977100524244e-02 4.046133614560473712e-02 5.092115837123072607e-03 -1.970897302674445503e-02 -4.764668775251294786e-02 6.383211235455976684e-02 -9.095659078659244778e-03 -2.962607679767781041e-02 -3.348872017061681888e-02 -7.853899903640071747e-03 -5.369936609201263200e-02 1.893123550525255619e-02 -1.637686098689320954e-02 -4.458036062233468322e-02 2.182470725251732958e-03 4.218203443439250133e-02 -1.712236058673955244e-02 3.969525761364565281e-02 -8.822264346585982631e-02 -5.331167814868608551e-02
4.677851771984186530e-02 1.861571774289993032e-03 2.482800661537189896e-02 -3.836306203543149440e-02 -5.718694456380064156e-02 6.772420424391521754e-02 1.022315435462064770e-01 -7.048733048118137334e-02 -2.190248448799990335e-03 1.400628118156917526e-02 2.492205572071451089e-02 0.000000000000000000e+00 1.049374780632850689e-02 3.192487984657316896e-02 -1.372676153754044150e-02 -3.472516786745575429e-02 -4.036318602611536216e-02 1.970921608222350740e-02 5.880825874726256647e-02 -4.128614734711316681e-02 -2.005319374463921181e-02 -6.616901586361152721e-02 3.539622742131132843e-02 2.873926460541193981e-02 2.392402098307307392e-05 -2.525539245050858680e-02 1.455134162834494441e-02 -4.471413803893641015e-02 6.554559146442229256e-02 -1.705930166156103406e-02 -6.371326403540314431e-02 6.010124162519949603e-02 -6.877583500353434687e-02 -5.830522799404498635e-03 6.714979773785076378e-02 -6.383401427326917954e-02 -4.964048918074280559e-02 -1.705233151205039557e-02 2.622921589060622435e-02 -9.449670420312043795e-02 3.064619645382023194e-02 -3.737373079450866803e-02 -4.379602525563418974e-02 -3.587459103559429568e-03 8.723772823161361767e-02 8.319028082884796782e-02 2.029991173976234548e-02 -6.654166210878258159e-02 4.023968787325347962e-02 2.182368334318979253e-02 -8.468814266574065108e-02 4.605392046932745703e-03 4.201770835893338385e-02 7.347648832675215957e-02 -1.257967506876024946e-02 2.111469704067798006e-02 -1.057326778641428378e-01 -1.908702605556684972e-02 -1.274093147292423844e-02 -2.589594582600773104e-02 3.053257632738380287e-02 -5.731398490252118810e-02 4.292658033571213061e-02 6.040944386049356025e-03 -4.245333938261974804e-02 -1.224626853439796277e-02 -8.178780494656495703e-02 9.793981493583957254e-02
2.302537272862658149e-03 8.371393490330890363e-02 -2.827854823018904201e-02 3.982844751338981970e-02 -8.783444207336363330e-02 -8.596900750632702898e-03 2.415769708978027577e-02 1.847536749521223182e-02 -3.849557939965303488e-02 -4.164839701285776713e-02 -4.870487800705034648e-02 1.049374780632850689e-02 0.000000000000000000e+00 -3.383374105587538816e-02 3.131512252856912676e-02 6.534874348560676394e-02 -5.063980803284640758e-02 -6.102763845283665917e-02 -1.876318260675189850e-02 -1.194022804164161095e-01 -4.353503648391569836e-02 4.169351710913130060e-02 2.456369477981559454e-02 -3.959369215177821651e-03 -4.186863789507223182e-02 3.705030423196663258e-02 -5.779955458374804594e-02 -1.721379042465171275e-02 -9.437036192861748482e-03 2.895681170004132943e-02 2.180826645425447755e-02 -3.697653954368281676e-02 -2.586725924079075201e-02 -1.787831424718576748e-04 2.266281163630496070e-03 2.846916989009851129e-02 1.339681870570547106e-01 9.639630635779150580e-02 -4.288798865063772614e-02 -4.032186813278142157e-02 -7.063833457984728531e-03 -2.509690935620996141e-02 -7.192224032834913794e-02 -4.550091126199973246e-02 -1.506718306098624172e-01 -2.096270902020208257e-02 -8.275727684251511437e-03 -1.102085292989362676e-02 -2.825811796534653808e-02 -1.266450721525835266e-01 -2.926798403634066001e-02 1.717115221672915054e-02 -8.186699950252007696e-03 -6.923977786156544634e-02 -3.102144455459574651e-02 6.163170391413239427e-03 1.120629564990928764e-02 2.953441370502109253e-02 -1.119810111968177757e-01 -4.772080163210428577e-02 6.474630735386915914e-02 6.468239839686798498e-02 -2.473405707952914048e-02 8.279792377287036043e-03 -5.221334395928751287e-02 -4.439541361510918743e-02 2.326600466419892488e-02 4.229212697087093159e-02
-1.684956738592342101e-02 -7.565012629787430665e-02 -6.952415726295487278e-03 1.588838591180067455e-02 -1.200690305045750295e-03 -3.558473038967123470e-02 8.124701294819440534e-02 -1.252290867163057680e-02 1.900637570905647222e-02 5.322683389615159855e-02 5.228820882816467841e-02 3.192487984657316896e-02 -3.383374105587538816e-02 0.000000000000000000e+00 3.360958378554984582e-02 2.029704224463822412e-02 4.007469474222608019e-02 2.339485567113135794e-02 6.827232416487748201e-02 4.888424980918961230e-03 3.416870735199124820e-02 1.586940959013655172e-02 -4.032262168022272830e-02 4.766672892802883174e-04 1.308062897788103349e-02 8.481475396521803711e-03 -3.194587697311052771e-02 -1.715199863156747703e-02 5.416193384689863694e-02 -1.772738294252115127e-03 -5.765025349011905324e-03 -3.706799498047385483e-02 2.689112317421559623e-02 7.395294599273261396e-03 2.812174819532761022e-02 -4.321498238889977250e-02 -3.565842670835497885e-02 3.155667579953923968e-02 1.774680846777871440e-02 -2.729869466730404023e-02 -5.917205962956527399e-02 -2.926178720857887730e-02 -2.929708310451349315e-02 2.648610305399997852e-02 8.612087856890461579e-02 2.841690833777537131e-02 1.602222138548317978e-02 -1.101304809834225268e-01 5.699643425205821318e-02 1.200489039398213928e-02 2.867431871036007357e-02 -9.178916963892600573e-05 -1.303460133475885588e-02 -8.306479399752768333e-02 -4.339167805884928779e-03 4.586748921088858177e-02 -2.907683204406502978e-02 3.736173740580598507e-02 -6.319208090622356611e-02 -7.904135149516072767e-03 -3.846123623291803489e-02 -4.462547648011343238e-02 7.322568182027767991e-02 -1.154072070254659188e-01 -1.492383218451692750e-02 -2.153325317077047982e-02 -5.867471701553573366e-02 -6.573978422722989712e-02
-5.308522668808545418e-03 -3.150928329596455052e-02 -2.937538304157980354e-02 -1.277877628063599051e-02 -6.197580313551800946e-02 -1.447826996463178612e-02 -3.313746023328872220e-02 1.750002052926444285e-02 9.985657460667788851e-03 8.208723924232592603e-03 1.518673924507986210e-02 -1.372676153754044150e-02 3.131512252856912676e-02 3.360958378554984582e-02 0.000000000000000000e+00 -2.670476309465003029e-02 -1.930822571995116990e-02 -6.883142503960057446e-02 -3.439485447322954831e-02 -2.996814483262480108e-02 7.230086723945367000e-02 3.897878939312623275e-02 -6.274058812048888267e-02 8.823630730182140114e-02 3.399046481271958409e-02 3.383250936686086480e-02 -6.467571509333429336e-02 -5.346054764861031539e-02 4.977441101907872922e-02 1.594102402161227602e-02 2.414583498994928717e-02 -8.521253253954469420e-02 2.942027713849517528e-02 5.270128028934218528e-02 6.797731495234068944e-02 -2.021698478433853544e-02 -1.067488217935147823e-02 2.585058205324966552e-03 -8.414338538840243631e-02 -3.629496151250208302e-02 -2.326485901953077515e-02 -4.486439472837461251e-02 -4.732079975647873749e-02 -5.325696995011667406e-02 -5.704870635893968117e-02 4.355356374775069123e-02 7.715631132727164901e-03 5.637368236800898574e-02 9.883948056142547248e-03 1.901007986790444887e-02 3.265069738058328647e-02 2.043946582834695741e-02 1.794964104299033927e-02 9.133701298377124370e-03 4.464410134853022405e-02 -1.768236152728505303e-02 4.472801067402001896e-02 -2.663960857570003490e-02 6.962290703418612739e-03 3.564338086701068775e-02 -8.581067699768588075e-02 -7.637408654847979705e-02 -8.799589837596102915e-02 6.898840275062174954e-02 -4.006290144357848443e-02 -1.269845688724939060e-02 -6.872462045751681625e-02 -7.081411495437990589e-02
-7.063258146002346360e-02 5.893619405726596532e-03 -6.295815847697333600e-02 -4.477953616421138233e-02 -4.159837831606858632e-02 -5.795529039194955573e-02 -8.603516107323169737e-03 1.501730747784142499e-03 -2.663825889071678998e-02 -2.398967138275751379e-02 9.147336619172601047e-02 -3.472516786745575429e-02 6.534874348560676394e-02 2.029704224463822412e-02 -2.670476309465003029e-02 0.000000000000000000e+00 2.011141208166102382e-02 -2.281624120893393018e-02 -7.129444422108660584e-02 -8.916414050798938951e-03 1.069483542537085358e-01 -2.423827989923194384e-02 4.511728437056634899e-02 -1.062567297573148613e-02 -6.019407735655377123e-02 3.682634091430380535e-02 3.844209710095030513e-02 9.834462652597237078e-03 5.253483159233250654e-02 1.637811022584313020e-02 -7.615192676667745242e-02 1.153039864442440138e-01 2.349218564213944108e-02 3.559375557837276410e-02 -3.525265056476590848e-03 -2.257896157475052998e-02 2.345965816742216076e-02 6.896452937978826692e-02 9.097544525462523263e-03 -1.144300872386345147e-01 1.019304205139350827e-01 7.831043586493732778e-02 2.413302059249172044e-02 -3.220177469788972069e-02 -1.442307215775562590e-01 -3.246864819119013590e-02 -2.203090229443129683e-02 1.582415932219137511e-02 -5.616340305624407253e-02 -2.959171394864248267e-02 3.546395185841204334e-02 5.513409120864852520e-02 -1.043646639610024823e-01 3.365030709350272375e-02 -3.310207128560974793e-02 2.558418045734135379e-02 6.261343640784308370e-03 2.139657030385562833e-02 -1.359650602469054947e-02 3.126256017458978187e-02 3.623919742353910040e-02 -8.464361121580452410e-03 -4.915711693523193426e-02 -3.626066610504259657e-02 -5.676400194815493794e-02 8.953837085895743897e-02 -3.324177715973307412e-02 -2.393902767119531969e-02
4.082716117189752469e-02 7.673709340625098352e-02 -4.446430208549786295e-02 -4.511139666753326283e-02 7.176147911262381607e-02 -2.826650660567562104e-02 1.143087745109264315e-02 6.898894392334881630e-03 -1.080722968990032416e-02 -5.959833144137702959e-02 -9.932607507219259890e-02 -4.036318602611536216e-02 -5.063980803284640758e-02 4.007469474222608019e-02 -1.930822571995116990e-02 2.011141208166102382e-02 0.000000000000000000e+00 2.354498111219254994e-02 4.329328547644863828e-03 3.530742030088056087e-03 2.930912381367226441e-02 -4.421655853382393427e-03 -7.034972667371734711e-02 3.307814838998293649e-02 7.030357430356172499e-02 -8.288584892525735492e-03 1.590023582217109377e-02 2.638000815987208078e-02 2.005858762052843258e-03 3.649658067681574997e-02 7.480117672000957674e-02 -1.755949205387643663e-03 4.063662591259419032e-02 -6.966624498205701774e-03 9.113959681992757356e-02 -1.335644995486749871e-03 -4.376380920208643860e-02 -5.592996941472310607e-02 -5.712964601874211817e-02 -1.989958211119974979e-02 4.069346254181135936e-02 4.505640996126573927e-02 6.964872984842977732e-02 -3.181043595514655709e-02 9.489440705080517957e-02 3.797951402875529309e-03 -7.034148666208620872e-03 1.087344678085081125e-02 5.677598924565496058e-02 -5.709918196149284253e-02 -7.425250972572200459e-02 -3.921633855749648116e-03 -3.125201716380525407e-02 1.905914245006838257e-03 -5.110204629723533870e-02 -4.772387119191807275e-02 3.791563921141812704e-02 5.476036881323219363e-02 -2.112681850178201384e-02 -9.204442111986001207e-02 -6.174254883011871418e-04 7.947761250418772239e-02 1.250546312166372215e-02 -4.161067910982128165e-02 1.426878618512628615e-03 -1.087980004770764016e-02 -1.728592691107909765e-02 7.813146650829953712e-04
4.405691459904266527e-02 5.842196316641670023e-02 -2.988233752848386271e-02 1.679521433951133846e-02 -1.781414784840063339e-02 5.529980193421733109e-02 4.422870214792330029e-02 5.112100941789854067e-03 -1.679805014905790331e-02 -6.916901602288511204e-03 1.195208695148779893e-02 1.970921608222350740e-02 -6.102763845283665917e-02 2.339485567113135794e-02 -6.883142503960057446e-02 -2.281624120893393018e-02 2.354498111219254994e-02 0.000000000000000000e+00 -5.136023372004189236e-02 -1.270981176516313149e-01 7.038720344436402709e-02 7.350413429782203401e-04 4.694560857920731384e-02 -3.418272667694467054e-02 -5.934888679972746134e-02 1.542056906936766815e-02 -7.285254710903990572e-02 2.762623645530598929e-02 4.051847721329576713e-02 5.778212420807266048e-02 2.081233371215722439e-02 6.271327791468866986e-02 -2.062740545011119281e-02 7.350200001638988734e-02 -1.101939934207261419e-02 5.479804655067663927e-02 8.787395325796651738e-03 8.581101527273912353e-05 1.066582234098837137e-02 4.017561803565477402e-02 -1.339614386323472774e-02 -1.959870679650849764e-03 3.529599508340029029e-02 -1.189761692976966032e-02 5.555277901457321421e-02 2.712068902543371060e-02 5.856838038717727957e-02 -8.255921027966907355e-02 1.831892763682735348e-02 -4.270575022993354508e-02 2.881746023063114573e-02 -4.440846399452907933e-02 7.596364864530227856e-02 3.575076177301784314e-02 1.763906144674301513e-02 9.514063292514729486e-02 2.717893209427885842e-02 -1.705714894154202604e-02 -7.225844527149700124e-03 -1.663038086341114830e-02 3.827696556022304464e-02 -3.320415511003494552e-02 -3.821424845241455648e-02 -2.700944652918690209e-02 7.339481521587329360e-02 6.054091054465015470e-02 3.263980246288551712e-02 6.415723808901561964e-02
-3.733108699155602422e-02 -3.309787706339623308e-03 3.062578379136727397e-02 -2.069268043073733965e-02 4.758290676594041646e-02 2.756407346410032211e-02 9.523925994064616485e-02 1.428217665078393601e-02 3.502547297260710096e-02 6.726568055529172883e-03 9.548111113643484305e-02 5.880825874726256647e-02 -1.876318260675189850e-02 6.827232416487748201e-02 -3.439485447322954831e-02 -7.129444422108660584e-02 4.329328547644863828e-03 -5.136023372004189236e-02 0.000000000000000000e+00 -3.630963030543561676e-02 2.477681048177562875e-03 5.270738695077187286e-03 -4.104151227666334723e-02 -3.930563101369223544e-02 1.518904569979316957e-02 4.037271307918054164e-02 -1.016889746632677893e-02 -2.399044113897460043e-02 1.159617498723273209e-02 3.287953282229785085e-02 6.639715575912584142e-03 -7.205364746959697086e-02 -4.080881229696900481e-02 -4.643663950331412826e-02 -9.186611241272183564e-03 -1.013769224086807051e-02 -2.013763423687969095e-02 5.136013490849265783e-03 -7.014243279686782628e-02 3.607620600376171965e-02 1.049269941099486084e-02 -3.168924051755835081e-02 1.293053256463818843e-02 1.080159004511342113e-01 4.850429053713303795e-02 8.725612772989696508e-02 3.771225885897326602e-02 -3.817182489260188155e-04 -4.484488423121613110e-02 -3.171924833276240554e-03 -2.584227401748877620e-02 -3.329090408478226765e-02 1.848493173512238312e-03 1.769595393033343567e-02 6.669936171164393690e-02 2.050086840586156853e-02 -1.776152739263825719e-01 -9.230964923348139450e-02 4.270686755537895368e-02 -6.230996322219788802e-02 3.046497557350785648e-04 -3.141620353108426356e-02 5.457565029177486454e-02 1.287280153208679966e-02 5.700526622775422408e-02 2.950426814794731775e-02 -4.552433544402490623e-02 1.605323482111124453e-02
6.153928469449627958e-02 2.130413377784379919e-02 4.439718005171944086e-03 -5.168451846683162071e-02 1.435261457241220539e-03 6.978326508840325404e-02 2.311754887576302972e-02 -4.477570124237390675e-02 2.530653070194495077e-02 2.826039753682473357e-02 6.350667905126299029e-02 -4.128614734711316681e-02 -1.194022804164161095e-01 4.888424980918961230e-03 -2.996814483262480108e-02 -8.916414050798938951e-03 3.530742030088056087e-03 -1.270981176516313149e-01 -3.630963030543561676e-02 0.000000000000000000e+00 -1.804382516940812586e-02 -5.968065915639289565e-02 -2.582967852751919327e-02 -2.509840719983118945e-02 2.366585644531421159e-02 -1.212321961365268701e-02 8.295308139299653605e-02 5.189252106338061721e-02 -7.322973419690664842e-02 -4.136362403023933869e-03 3.312796485465275753e-06 2.056180908978301469e-02 2.140531710666085646e-03 -1.034342217169341265e-02 5.813624553406467055e-02 2.249188767492462521e-02 -7.471655789877927611e-02 -4.537663771502440518e-02 1.236413021606928668e-02 -1.462273264297473015e-02 4.589439300623140289e-02 -4.680602050826378896e-02 1.554095545034986717e-02 1.647650558413557217e-02 1.373943161440360425e-02 -4.118925113656306258e-02 3.503930353294004013e-02 -5.081896453327480745e-02 3.107874405821912933e-02 3.977174538522800645e-02 5.477809604257217330e-03 -4.029250525377270353e-02 4.103445006058640404e-02 -4.232121489824357957e-02 2.591016137313038870e-02 -5.869187537535400234e-02 8.511529469568629436e-02 2.348191211471643489e-02 -7.606947313181076920e-02 6.440089056717340776e-02 6.326709475755831757e-02 -8.356409574782837357e-02 -2.331323528908219034e-03 3.260844328967322289e-03 2.907121939361470911e-02 5.089939942647540155e-02 4.458422443772060845e-02 -1.461970895612397549e-02
3.054236120980315106e-02 9.673395764981047862e-02 1.987067561446473687e-02 -6.230900129397479864e-02 -9.709508629752544584e-02 2.932878842881599460e-02 8.854898102239164336e-04 6.692062880907886056e-03 9.199516583168443687e-03 9.010983199011174394e-02 -1.016837042710108802e-01 -2.005319374463921181e-02 -4.353503648391569836e-02 3.416870735199124820e-02 7.230086723945367000e-02 1.069483542537085358e-01 2.930912381367226441e-02 7.038720344436402709e-02 2.477681048177562875e-03 -1.804382516940812586e-02 0.000000000000000000e+00 7.732541456632542609e-02 3.695681555065454676e-02 5.455241918890681163e-02 -4.438734815782605786e-02 8.599225625494402421e-04 5.632919063202720261e-02 3.439769530055151211e-04 -3.767100394064767238e-02 4.775504375359889558e-02 -1.407372654385054961e-02 7.104444983981646200e-02 2.694952103518484868e-02 -3.770502064643101864e-02 -9.304746578629138551e-03 2.940739032396299558e-03 5.256976288078146070e-02 -3.290062695426486383e-02 4.977848389722291760e-03 1.618675426978217341e-02 7.096055579086718579e-02 -1.039585560372032966e-02 -9.403622922464810463e-02 7.480515633091585313e-03 4.313742945209236845e-02 1.971695585187275244e-03 -2.913422375727087871e-02 2.780910025310519632e-02 4.944947885354839239e-04 -8.841771948804000650e-03 -1.632231278303878513e-02 -2.243796413191053579e-02 -5.391727664197216996e-02 -6.902505044153246783e-03 -1.221715925524588693e-02 2.800054605852090803e-02 7.269029461704211437e-02 -3.554061395226857517e-02 2.642577697700357678e-02 3.322954446328871964e-02 6.436907289845716126e-05 -3.488499800026946540e-02 -1.067501735861956999e-02 -3.773175644141248120e-02 -2.289359996833108604e-02 -6.124076184388685395e-02 2.251214797933506068e-02 2.402787546980923641e-03
1.727285149821632462e-02 4.084498050464568930e-02 -6.564594860248300356e-02 -1.618828564046157631e-02 1.134010232899371334e-01 1.166201471762577484e-02 3.024218063528730932e-02 -6.275275751143784275e-02 3.170645520313791071e-02 -7.377541494674257072e-02 -1.110644869345837719e-02 -6.616901586361152721e-02 4.169351710913130060e-02 1.586940959013655172e-02 3.897878939312623275e-02 -2.423827989923194384e-02 -4.421655853382393427e-03 7.350413429782203401e-04 5.270738695077187286e-03 -5.968065915639289565e-02 7.732541456632542609e-02 0.000000000000000000e+00 4.650079171241688902e-03 4.600900818774182784e-03 3.495617803032019522e-02 5.838141241633865858e-02 -7.542544617182904421e-02 -2.272252701656180332e-02 8.962521185707375548e-02 -8.433207892249532101e-02 -1.238787197129281523e-02 -1.238149451556117692e-02 6.004131050346536019e-02 5.467905402743219317e-02 2.894791321435535598e-03 3.464347601467826498e-02 -2.497899059548100084e-02 8.684150756681817754e-03 -7.035955730018282790e-03 -2.104798648220168253e-02 -8.977652937500725516e-02 -2.029811091683477592e-02 -3.291029464962207107e-02 2.570035358100835471e-02 4.683660716949989908e-03 -3.388739114286113546e-02 -2.075436768174403895e-02 8.622026290706931440e-02 -1.197287206705040973e-04 3.397266552966855119e-02 5.289481051625050806e-02 -5.595945837317590349e-02 -5.080477185515552829e-02 -3.248767927411173959e-03 5.582449918707112907e-02 3.784080654270990680e-03 -3.980970938868665099e-02 -5.468380364684768263e-02 -5.958605948744628150e-02 -2.142561180677263807e-03 -2.630190961980825512e-02 -2.369552207520983847e-02 1.075549994433467813e-02 -1.829788306083187516e-02 4.119849227251756035e-02 -1.631326032240574056e-02 3.899407711763502871e-02 7.730916223632131046e-02
3.033076827654063862e-02 -4.249432047198875052e-03 1.440536632106689981e-02 2.647429639971953658e-03 -7.051915627349880991e-03 4.666922203639198817e-03 -5.987627428882424940e-02 6.612270990704528784e-02 8.561042144850098323e-04 -5.596207327159598288e-02 8.005344717405553367e-02 3.539622742131132843e-02 2.456369477981559454e-02 -4.032262168022272830e-02 -6.274058812048888267e-02 4.511728437056634899e-02 -7.034972667371734711e-02 4.694560857920731384e-02 -4.104151227666334723e-02 -2.582967852751919327e-02 3.695681555065454676e-02 4.650079171241688902e-03 0.000000000000000000e+00 -2.649707686889473529e-02 -2.500685901298653827e-02 1.662739655507217834e-02 5.554479604696287154e-02 -6.733878877403994510e-03 1.464901538272646124e-02 2.663701161054743763e-02 -5.721658885475579964e-02 1.167380017446604731e-02 4.056277470225144689e-04 -7.718620455611494013e-02 -4.732394587486638687e-02 -6.934940285037669017e-02 5.443222979028191147e-03 3.435703175107464140e-03 2.803919578672500745e-02 6.107671248995637237e-02 5.210446084007411272e-02 2.503178754961951635e-02 4.754034805347462367e-02 2.077270646561587761e-02 -4.432490415633328837e-03 2.993036137100266864e-02 6.290085565696815206e-02 2.431032222019010453e-02 -8.657637373235972655e-03 1.002033215883214867e-02 7.433732626640021657e-02 4.057982375897305899e-02 1.236284833707998326e-01 2.163825799566498551e-02 3.311771366031014685e-02 8.657300141809683158e-02 2.537991690114238530e-02 -2.071424765568269724e-02 -6.054891933897453039e-03 1.293713930299735491e-02 3.959371763018181695e-02 3.755732611023289425e-02 2.436231690885742873e-02 -2.334681649550417182e-02 -7.768211139496851436e-02 -5.387940447870474825e-02 4.039847711957370024e-02 2.733461070141383203e-02
