0.000000000000000000e+00 3.201962356119080616e-02 -3.683964204458368280e-03 -1.800107292777167536e-02 -1.128867593191205942e-02 3.586432354592147820e-02 2.744513398436662643e-02 -4.016340320175827878e-03 3.594234877963186497e-02 3.948669657795242892e-03 -3.342573022140570005e-02 4.691911422273574439e-02 2.245576305539180324e-03 -1.491610891519657735e-02 -5.214655764010236484e-03 -7.047875355755332805e-02 4.084680908486579970e-02 4.411786495075314951e-02 -3.720729038551721934e-02 6.152074487438805722e-02 3.051635097255049264e-02 1.735854581003040339e-02 3.040881183623981784e-02 6.679758961322605770e-02 2.110797532780145369e-02 -3.902729099010307946e-03 -2.273048526670897601e-02 -2.457823159736160709e-02 2.091928708242138737e-02 -2.529024283243121868e-02 -5.860001378335353422e-02 -1.099112275664219408e-02 -6.189060756092976123e-02 -3.264450425549857843e-02 -3.363759903700513920e-02 3.024253125464634179e-02 3.766580362720058778e-02 2.598744574480557623e-02 -3.390072219654971519e-02 1.530579334568355453e-02 5.143995587466475977e-02 -6.724434451971226558e-03 5.945439908846151394e-03 2.483088234135956418e-02 5.399256738720478732e-02 -6.609818167542309830e-02 9.727843984992020146e-03 2.879084875680169506e-02 -4.514635574528136353e-02 5.881458274955190385e-02 3.056657866048588870e-02 -8.975212469387153225e-02 1.531287984967322040e-02 1.389293678400422075e-02 -8.589181672032999981e-02 -8.170608458176072120e-02 4.966666123748732231e-02 -3.163092739643554030e-02 4.606673512830967293e-02 -2.785341130860444214e-02 -4.134740902414709568e-02 -2.596936807393276578e-02 5.982027280299959246e-04 -1.823027468643011878e-02 6.507306464270869173e-02 3.456384065863716670e-03 -1.955093451875348359e-02 1.086794228004197942e-02
3.201962356119080616e-02 0.000000000000000000e+00 -1.049939973115252834e-01 -8.202848535469974001e-02 4.031366744580251738e-02 -4.838445585003488952e-02 -5.478804724513633428e-02 1.116796796931799609e-03 5.982489067697321916e-02 -5.171431334247516415e-02 -4.079725255337414425e-02 1.793268885706972597e-03 8.392833387804962686e-02 -7.566222651943500799e-02 -3.142698133268199967e-02 5.922363779032935316e-03 7.670408177403380268e-02 5.831758080694141033e-02 -3.244093462549599294e-03 2.121948197219799756e-02 9.676688233437663600e-02 4.234314639451300377e-02 -3.981629893804833516e-03 -9.739115971749043657e-03 2.183875340998390341e-02 2.580397845459553308e-02 3.994041410500454199e-03 -3.350613927448313489e-02 -4.578772678585435463e-02 6.573459996672449679e-02 -3.285085722124700403e-03 4.698963031724267408e-02 -2.740521677603726530e-02 1.600850866517724083e-02 -3.959612969266660537e-02 2.185876381402607552e-02 2.432219349387285817e-02 -3.027753569467827449e-02 -6.105411826642546946e-02 6.938070435881025892e-03 -8.763870150082829491e-02 4.407920369492542012e-02 2.702943736786376366e-02 2.432607355041014816e-02 -2.580240858979780325e-02 5.218396186037322845e-03 -1.562207598069908013e-02 -4.030488741477907672e-02 -4.352413201785877012e-02 -3.544394616624108735e-02 4.353101797396885519e-02 2.988626846888204486e-02 -2.513753769221437062e-03 2.745106109415794762e-02 3.313142315216590500e-02 -5.640770675171290910e-02 5.119064651710830693e-02 -8.306447148816410719e-02 -8.727595373306679116e-02 -5.295029505022775390e-02 -8.127006429912904742e-03 -2.010109765961843112e-02 -3.110042526879690933e-02 -1.201793032197896044e-01 -3.824877552290704280e-02 -9.996192211518978646e-03 3.878980505652794564e-02 1.249980893064036036e-01
-3.683964204458368280e-03 -1.049939973115252834e-01 0.000000000000000000e+00 -8.492839914057264197e-03 -7.710504792901476390e-02 1.281700355783897405e-01 1.175083795667004188e-02 5.395607018341867789e-02 -3.082385633237113773e-02 -4.959828532520059452e-02 -1.106715046567673284e-02 2.490528793534650676e-02 -2.824482845540659398e-02 -6.952752171053106986e-03 -2.965805394358512689e-02 -6.247393583661711020e-02 -4.277266582666539030e-02 -2.976957846760067833e-02 3.056027495118272819e-02 4.505848855630650331e-03 2.075811101904236067e-02 -6.571570198140981589e-02 2.012161156634453829e-02 -2.456992508481944254e-02 2.621307794176225888e-03 8.055740183068465371e-03 7.984406789463967258e-02 -1.536344141437774764e-02 -1.109294684126243755e-02 -2.339273624961256404e-02 8.701389115957308684e-02 -6.646723204181613498e-02 7.562024302302601531e-02 -3.950909189645328799e-03 -3.715642401103918645e-03 -8.097078898370616007e-02 1.200854716372425600e-02 -2.463504571025291329e-02 5.821907286102082080e-02 7.210599015049286298e-02 2.368264837517594645e-02 -8.245445638164587698e-02 8.546159802406844141e-02 1.660785180893444360e-02 -2.444415673940909806e-02 -5.707946391070278791e-02 -2.340065345489157275e-02 -4.352634594829153658e-02 -4.333329154398456173e-02 4.344155133389038248e-02 8.510165731958512988e-03 5.195148062837103703e-02 -4.421180702895904924e-02 1.609334312000366626e-02 1.979799649033583270e-02 1.575229839075503041e-02 -5.746394851589328723e-03 1.476993736201646229e-02 -5.003375143832521077e-02 1.944217798042780984e-02 2.082736965294480075e-02 4.664221465428832619e-02 3.290214160302302321e-03 -9.921736417029447877e-03 2.746780872033924639e-02 -7.729828733655548859e-03 -4.624180611431164684e-02 -6.127706618256147791e-02
-1.800107292777167536e-02 -8.202848535469974001e-02 -8.492839914057264197e-03 0.000000000000000000e+00 7.897871664519096752e-03 8.689612658136368524e-04 1.172115223257653473e-02 -9.634799420398341974e-02 3.263402319781690680e-02 5.667116555598594729e-02 2.412218404500841504e-03 -3.809788443407328279e-02 3.969709088843351164e-02 1.573314239437996129e-02 -1.274623312325490546e-02 -4.478122156142829574e-02 -4.522143127474487212e-02 1.671369157133709149e-02 -2.075709303932795485e-02 -5.028243526838368366e-02 -6.221554133343472348e-02 -1.636139686312589048e-02 2.289120476011741699e-03 -2.638044216363825620e-02 -5.130421727751467015e-02 2.697648480170686258e-02 -6.325749648686501692e-02 2.812259322066873457e-02 -4.963147282588834669e-02 2.158969593836008311e-02 6.342866194611086750e-02 -1.156340993154538269e-02 -2.225414673172329549e-02 -2.887802961256298248e-02 -9.135445719111184859e-02 -4.758886504320210958e-02 3.674888194500889466e-02 4.638582534571740468e-02 -2.136600635502561296e-02 1.498636958318074440e-02 -7.207134752853944226e-02 3.268066395040786221e-02 -1.118701038338303783e-01 3.933778284917612694e-02 -5.470038645257555704e-02 -3.542433594982860590e-02 -6.431402880946980420e-03 -8.698410631219744005e-02 -4.759855421713958534e-02 4.761316725431349872e-02 -4.786493401012500287e-02 8.522480533264643887e-02 -1.395100412085110812e-02 -3.417922569405152516e-02 2.842187976192353527e-02 3.562077890463875157e-02 3.028981530682747780e-02 3.217577741810999370e-02 6.665911813727316837e-02 -2.374860187282138921e-02 1.894702026433713743e-02 1.321164158183701053e-02 -3.356808310048058595e-03 -9.760690253965470520e-02 -9.455416965574298810e-03 7.744443692989355643e-02 -6.218634194305746460e-02 -3.770971592764593705e-02
-1.128867593191205942e-02 4.031366744580251738e-02 -7.710504792901476390e-02 7.897871664519096752e-03 0.000000000000000000e+00 -2.370414095778436078e-02 -5.102126399258998662e-02 7.162581748599855525e-02 6.279825589789315987e-02 -1.639400550293110400e-03 1.069577396622258415e-03 -5.710236298543879679e-02 -8.762704921572794792e-02 -1.076267859411224152e-03 -6.040368311023294051e-02 -4.164037573571221368e-02 7.181272517429475311e-02 -1.781152656694868358e-02 4.762822385509153655e-02 1.399632127971325857e-03 -9.705011690736717322e-02 1.134652953315085366e-01 -7.615252691596034219e-03 -4.189112436699181201e-03 2.296407265499612188e-03 -4.734883774949957998e-03 5.898102849619731025e-02 -1.641267468569908641e-02 5.347269210183166338e-02 -2.180677375614045732e-03 2.787995142225505388e-02 1.131444824524799608e-01 8.528379221747196121e-03 8.409618717260319842e-02 5.799355028704761272e-02 1.890502438894430329e-02 -9.922868106574221636e-02 3.544017851913949108e-02 -8.092583530953411861e-03 -7.818620953802603302e-02 -4.271307523813803325e-02 1.249497223223596312e-03 1.384033968026425823e-02 4.947830300844925644e-02 -1.638981296920226371e-02 1.744462925027901942e-02 8.374814268365277439e-03 -5.909735542531889367e-03 7.337971495649227294e-02 2.269294535993207629e-02 -3.467420900335581313e-02 -3.104588805184970920e-02 -4.457500652230435984e-02 1.555571880821731735e-02 1.729385056886779959e-02 -5.347745798034525544e-02 -8.550077386354562603e-02 -1.471785372901277325e-03 6.092426348779463041e-02 -4.067745534241401506e-02 -3.007012735950521237e-02 -2.863444530349359279e-02 -7.565550931436859639e-02 -2.063608718679871279e-02 8.757797436290298831e-02 7.170421451674910407e-02 1.496673570157623992e-02 2.605206204021802419e-02
3.586432354592147820e-02 -4.838445585003488952e-02 1.281700355783897405e-01 8.689612658136368524e-04 -2.370414095778436078e-02 0.000000000000000000e+00 6.911487803218216430e-02 3.414984927544965909e-02 2.438770316699062635e-02 3.683798965443736695e-02 1.904388394769508663e-02 6.864634654848469908e-02 -8.486006649642989508e-03 -3.512508409465041337e-02 -1.384567870200513820e-02 -5.791772701855109340e-02 -2.808040338626881238e-02 5.538233495145396257e-02 2.769681022663323527e-02 6.979796850229801064e-02 2.938240875366350535e-02 1.152920166313099737e-02 5.130640889804887438e-03 5.680168633640626102e-02 -5.976581985218040738e-02 1.101945620335731124e-01 1.228327385275654327e-02 -4.494488807968730765e-02 1.590903771491947215e-03 -3.234930892883573078e-02 3.431542824357727145e-02 4.581673417471629484e-02 -5.946362866773137815e-03 3.942385032263214309e-03 6.179188783000749002e-02 -3.129160344009884742e-02 -4.438463768772468732e-02 7.101418846913822892e-03 5.675973653367299976e-02 1.134422369408222275e-02 1.351039711214241379e-01 2.743420876453737944e-02 1.186055716410090895e-02 -3.323583866146014032e-02 -9.922003095404354975e-03 -5.394628241326688417e-02 4.737294800806866185e-02 8.502872544309782177e-02 -7.201091307318605028e-02 -6.006108330954984531e-02 -2.176270568459640585e-03 -4.942128022435966772e-02 1.814584456335261234e-02 8.293124399444751216e-02 -6.387989072428917892e-02 7.163323047576330982e-02 4.080348369313293450e-02 4.995873404939408027e-03 1.448524055432831234e-02 -3.622890399528676253e-02 3.179892789752653687e-02 2.014891518890532095e-03 -6.208007204674152041e-02 3.066953085517943808e-02 4.086571136237640567e-02 2.475808307346967843e-02 -1.962971159604747981e-02 2.930338138116958188e-04
2.744513398436662643e-02 -5.478804724513633428e-02 1.175083795667004188e-02 1.172115223257653473e-02 -5.102126399258998662e-02 6.911487803218216430e-02 0.000000000000000000e+00 -6.594355910894093842e-02 2.681581518316283278e-03 3.092217466703001474e-02 9.316114834670364414e-03 1.021875094272481493e-01 2.402071358683198835e-02 8.434086730289822031e-02 -3.320708340462389524e-02 -8.462918970935182778e-03 1.167266610705510604e-02 4.470344142246628766e-02 9.548539771186204117e-02 2.342035121873049103e-02 1.494635028934668698e-03 2.994650081033852634e-02 -5.915071661502419031e-02 3.345276555629110582e-02 -1.934380768863872349e-02 2.107417754308580846e-02 -5.254993797968418590e-02 5.425250211598812641e-03 6.190036943001206438e-02 -1.182385481003666999e-01 9.560158971719972740e-03 -6.620048136992782474e-03 4.572651089092692744e-02 -4.924642504726123651e-03 -2.368899256979771148e-02 1.700891074718330342e-02 -2.515773617547611800e-03 -3.168283448530337387e-02 2.185007762795597094e-02 -5.318190564075804538e-02 -1.538156382880826248e-02 -4.740083483392480007e-02 2.898575716661257878e-02 -1.594551557515346343e-02 2.714645266530678683e-02 -3.355898889731270124e-02 7.279170273427315596e-02 4.774445714905589666e-02 -4.600870966838652848e-02 7.569242484056384890e-02 3.073724121576919266e-02 -3.962903758532151932e-02 6.687137253692251350e-03 -5.715968023494225753e-02 9.315760026364862390e-02 8.384883142647675883e-03 2.685135856728922479e-02 -1.512766513968147092e-04 2.898583262158643814e-02 -7.280087937740248316e-02 5.222913121398185116e-02 8.221674122547761865e-03 7.813785615644457117e-02 -1.560959596446753229e-02 -7.752748769680144203e-02 -2.671897014213868438e-02 8.674555501777032884e-02 1.882988909607791195e-02
-4.016340320175827878e-03 1.116796796931799609e-03 5.395607018341867789e-02 -9.634799420398341974e-02 7.162581748599855525e-02 3.414984927544965909e-02 -6.594355910894093842e-02 0.000000000000000000e+00 1.005261236507409839e-02 -1.276052857192776918e-02 4.399153044700605808e-02 -7.009065301815432802e-02 1.847030867956516928e-02 -9.539572095517442549e-03 1.754841881315939364e-02 1.483177839687540005e-03 7.463130590278890981e-03 5.308214105455523989e-03 1.450930445877614099e-02 -4.475446765630907570e-02 7.330879811085604277e-03 -6.275558666894709425e-02 6.680856197558085463e-02 -1.495016969658504412e-02 4.946193986465668990e-02 -3.464825434449068237e-02 -9.788353541863794791e-03 8.948008962762465934e-02 -6.483456476883221568e-03 6.967898254720628071e-02 3.553284204795539164e-02 3.089117834536139057e-02 1.188805659520232941e-03 8.885465981783206846e-02 -5.069479483540108300e-02 -6.173223776441789934e-02 -9.952555781901181731e-02 -1.433702598282009417e-02 1.952590061038619179e-02 3.576435519739386282e-02 3.693598034801664348e-02 -4.578814505231618148e-02 -2.526802004623563119e-03 3.638769159827299343e-02 4.801266501430795364e-02 -9.181125674821244073e-03 -6.579622354491973524e-02 2.786101150439130453e-02 -1.022721814195593458e-02 -1.348886602874276378e-02 -3.619431610617891010e-02 -9.478936328014157808e-03 -5.902422515888634119e-02 7.563684868072608793e-03 1.079260990102303558e-02 3.615381200145389995e-02 -4.332250497280938639e-02 6.964520276943553245e-02 -7.897175264831689115e-04 -5.353796998605779567e-02 1.154198686387206824e-02 6.834814433762474717e-02 2.469261702042431506e-02 -1.665363037762018989e-03 -3.036770372697113023e-03 -1.287217397106707739e-01 3.869042770092704503e-02 -6.088412304757128031e-03
3.594234877963186497e-02 5.982489067697321916e-02 -3.082385633237113773e-02 3.263402319781690680e-02 6.279825589789315987e-02 2.438770316699062635e-02 2.681581518316283278e-03 1.005261236507409839e-02 0.000000000000000000e+00 8.339892227631266058e-03 -5.111918707309844045e-02 -1.864800255878016483e-03 -3.846842731426020762e-02 1.895423799277999588e-02 1.076940177761647258e-02 -2.680372328410665639e-02 -1.099510522133487905e-02 -1.688614401873259757e-02 3.491405216012404694e-02 2.535478138841973372e-02 9.041715073858733881e-03 3.248755636381353562e-02 2.770451251793017264e-04 9.880538155311783741e-03 2.445314155002412462e-02 -4.496218075169091527e-02 -1.502889692369789587e-01 -2.059625885402519008e-02 -3.828301506357084660e-02 -6.886601264945660383e-02 1.832092777389148636e-02 -4.048567889448640919e-03 -5.255788946963650676e-02 -1.078062242052455454e-02 4.237805530345837429e-02 9.469248366296918740e-02 -5.836612065303153213e-02 -6.435036122076392973e-02 -3.707769708925508223e-02 -3.962445829782276080e-02 -7.897365351768713057e-03 2.958563553195460785e-03 -3.920362444883851265e-03 -9.556386017889802187e-02 2.210840216621759446e-02 4.736653313944514006e-03 6.991761392621639870e-02 5.525633618546724191e-02 -2.510843253681973447e-02 -7.494551919237316812e-04 -1.179466517406390635e-01 -3.765465534376262469e-02 1.068820841622748902e-01 -9.463166221759949231e-03 9.467810990640534996e-03 6.972140380262817350e-02 -1.772790692238532945e-02 9.439028633638936808e-03 1.048467389204184828e-02 7.812298796693877001e-02 -9.269200162009076649e-02 -2.861501909165167779e-02 6.331418258053793380e-02 -4.112299002266980689e-03 -4.588064707239151996e-02 -2.455502089343079408e-03 3.432624562361859949e-02 -6.504978982526997411e-02
3.948669657795242892e-03 -5.171431334247516415e-02 -4.959828532520059452e-02 5.667116555598594729e-02 -1.639400550293110400e-03 3.683798965443736695e-02 3.092217466703001474e-02 -1.276052857192776918e-02 8.339892227631266058e-03 0.000000000000000000e+00 5.151402967290098778e-02 1.483788935533441634e-02 -4.153613752044299501e-02 5.372985904800967050e-02 8.148593829278986608e-03 -2.411893355048795248e-02 -5.972488198536168857e-02 -6.639547973359248220e-03 7.003140309633209409e-03 2.909475846387504436e-02 8.986978035195467007e-02 -7.381312879311836828e-02 -5.606063801966153226e-02 8.375623255488176544e-02 -1.970639612450998549e-04 -5.983401020949429688e-02 1.261180387076333252e-02 3.153535320197307229e-02 -3.032576660785685219e-02 -2.204544937207612507e-02 -8.412856822686425734e-03 -2.249157627853940952e-02 -2.962663719524571623e-02 9.366212980904391194e-03 6.601512303982640106e-02 -3.557351794897095631e-02 2.307188676852696407e-02 -3.498841079612625277e-02 -6.116334478024856858e-02 -4.103464772501440316e-02 5.257001888638102201e-03 -9.691918574960226018e-02 -1.286507735492440907e-01 3.715090667450509504e-02 -2.336033189780186911e-02 3.794647462807051314e-02 -2.059410556509870191e-02 -4.464100594659709681e-02 -7.325821194217124743e-02 -1.337991031476911882e-02 -4.273278467131282066e-02 -5.541940766909935617e-02 5.244826736636731823e-02 -5.027716747629456390e-02 -2.290519039517605396e-02 -2.922574307381388056e-02 -3.457161520531660398e-02 9.614969938512567260e-03 2.157304230480736051e-02 1.391199432059684292e-02 -3.578694709028348853e-02 2.244090077440160855e-03 -8.284210296295951848e-02 -4.072358564926294167e-02 4.031220007886453238e-02 -2.417998703252791787e-02 -5.261453516919540468e-02 -2.690471504275575645e-02
-3.342573022140570005e-02 -4.079725255337414425e-02 -1.106715046567673284e-02 2.412218404500841504e-03 1.069577396622258415e-03 1.904388394769508663e-02 9.316114834670364414e-03 4.399153044700605808e-02 -5.111918707309844045e-02 5.151402967290098778e-02 0.000000000000000000e+00 2.515421197017446084e-02 -4.764766954296990875e-02 5.250107196219922640e-02 1.518905408191956879e-02 9.149146065901084257e-02 -9.912597510596221628e-02 1.306802083724376527e-02 9.574579893284193566e-02 6.338945751058429334e-02 -1.013489436257209025e-01 -1.108244360446153202e-02 7.958462986105753478e-02 -1.328761063818001929e-02 3.725093031833630330e-02 6.878387787014882127e-02 -4.431659838305474636e-02 -3.859336114355098844e-03 6.146999783024317127e-02 -1.651956395144217257e-02 -9.876764029833252911e-02 2.193140197366037075e-02 2.338692950151996519e-02 9.073362483947072787e-02 2.446429180001766235e-02 -6.755115430251087960e-02 2.803354922335776853e-03 1.184529358932214470e-02 -2.016863111224896990e-02 2.438298444295431550e-02 -5.081041682903057050e-02 5.903646129442638446e-02 3.562834015624782857e-02 5.664027318591562110e-02 -3.972997713768686850e-02 -4.177523308037336264e-02 5.721541577679230967e-02 1.295039376737011118e-02 -6.033391472255231203e-02 4.033369282317717658e-02 5.050189709679939014e-03 -1.977852817669422877e-02 -4.767670576424139911e-02 6.379605181770529876e-02 -9.271361401988252246e-03 -2.967801412863180915e-02 -3.338243832132736788e-02 -8.108985889147978313e-03 -5.381103526844559226e-02 1.867205547962370177e-02 -1.692955178241406511e-02 -4.480212856678023048e-02 2.044218156641572533e-03 4.202403952717987529e-02 -1.697786352001195986e-02 3.965856020461046988e-02 -8.820366028794597579e-02 -5.325337317715342356e-02
4.691911422273574439e-02 1.793268885706972597e-03 2.490528793534650676e-02 -3.809788443407328279e-02 -5.710236298543879679e-02 6.864634654848469908e-02 1.021875094272481493e-01 -7.009065301815432802e-02 -1.864800255878016483e-03 1.483788935533441634e-02 2.515421197017446084e-02 0.000000000000000000e+00 1.061212401249255616e-02 3.224230417813483268e-02 -1.341286764560750341e-02 -3.478836825826048251e-02 -4.027180353664688850e-02 1.990035769829846118e-02 5.879634466585356017e-02 -4.033957738011574590e-02 -1.996832108732717048e-02 -6.619229244104646304e-02 3.515170821877416224e-02 2.886365429291490314e-02 6.308619303318298543e-07 -2.481890906245488165e-02 1.479479963937672775e-02 -4.418241347754077453e-02 6.570388885956134073e-02 -1.690303900260730838e-02 -6.366502210583714627e-02 6.021966405321194787e-02 -6.876976019105561500e-02 -5.432190366899889745e-03 6.720393285948420004e-02 -6.382364279868618651e-02 -4.993005144019174724e-02 -1.698154531437919695e-02 2.621410016111684615e-02 -9.449983637886813503e-02 3.025894333021080310e-02 -3.758858725647241938e-02 -4.383350087542674245e-02 -3.621302059290436564e-03 8.732552521434469583e-02 8.337470496374403683e-02 2.041327298361053297e-02 -6.643522077956547089e-02 4.017295594164276701e-02 2.170407371194598214e-02 -8.476805549178886845e-02 4.656174049754597047e-03 4.207880057858597728e-02 7.354980915774765593e-02 -1.289723748080874588e-02 2.105228453944107958e-02 -1.057859479342741771e-01 -1.919784516848744085e-02 -1.277360989868404038e-02 -2.592616231625340106e-02 3.030216960311058264e-02 -5.730075859758036738e-02 4.286234226806386743e-02 5.977974457915654662e-03 -4.237980701225703417e-02 -1.209578688705774396e-02 -8.177689925712686159e-02 9.796044512658176606e-02
2.245576305539180324e-03 8.392833387804962686e-02 -2.824482845540659398e-02 3.969709088843351164e-02 -8.762704921572794792e-02 -8.486006649642989508e-03 2.402071358683198835e-02 1.847030867956516928e-02 -3.846842731426020762e-02 -4.153613752044299501e-02 -4.764766954296990875e-02 1.061212401249255616e-02 0.000000000000000000e+00 -3.374780644029464621e-02 3.120573310414232263e-02 6.531860136493948532e-02 -5.068397397311853042e-02 -6.093779698693001234e-02 -1.874906794039830210e-02 -1.192967270218334153e-01 -4.347539536813129629e-02 4.188420935456393934e-02 2.423674462237348365e-02 -3.759114936427982497e-03 -4.122753355198924968e-02 3.694420545560148095e-02 -5.583079185678200412e-02 -1.690648720340689332e-02 -9.169301864008650577e-03 2.886511956314026517e-02 2.240323911288626124e-02 -3.641426823788633527e-02 -2.586787706027848452e-02 8.788359825824480342e-04 2.266584349559700503e-03 2.850395683764263971e-02 1.339131193137807763e-01 9.638763166225304546e-02 -4.295665722453840402e-02 -4.037731117883183729e-02 -6.913219494065902734e-03 -2.522196747772883010e-02 -7.191605351779695177e-02 -4.541037843815609598e-02 -1.505766078628426596e-01 -2.102992361274700142e-02 -7.491350616150919267e-03 -1.114693747600267910e-02 -2.832288016305225392e-02 -1.265053199636854420e-01 -2.917327106822562716e-02 1.702922867670728785e-02 -8.261674706505177379e-03 -6.918037419825787127e-02 -3.098600451899257563e-02 6.048338517115977968e-03 1.134610371185924491e-02 2.959153439044354475e-02 -1.120719867031214900e-01 -4.742541965481808508e-02 6.413157820963788502e-02 6.458086655324131453e-02 -2.476014823783423413e-02 8.304351273606668318e-03 -5.189190104078097304e-02 -4.440432432996259393e-02 2.318396657498246818e-02 4.217539194410047099e-02
-1.491610891519657735e-02 -7.566222651943500799e-02 -6.952752171053106986e-03 1.573314239437996129e-02 -1.076267859411224152e-03 -3.512508409465041337e-02 8.434086730289822031e-02 -9.539572095517442549e-03 1.895423799277999588e-02 5.372985904800967050e-02 5.250107196219922640e-02 3.224230417813483268e-02 -3.374780644029464621e-02 0.000000000000000000e+00 3.361161844115358871e-02 2.028375244305635761e-02 4.056185604336010747e-02 2.373902052258677550e-02 6.846576615557456447e-02 4.904280101102647532e-03 3.419533120303855367e-02 1.580328329935311998e-02 -3.923150189797524473e-02 7.099621223741617651e-04 1.306119007499884251e-02 8.607302566403280883e-03 -3.254444800246755753e-02 -1.617977057249918305e-02 5.640370176740966413e-02 2.226195553073698208e-04 -5.796836028367332444e-03 -3.667693173329907713e-02 2.690585044902533279e-02 7.863054991792002221e-03 2.786733550547810384e-02 -4.348534843073640493e-02 -3.601107522841694164e-02 3.142704659533514244e-02 1.780462343223251920e-02 -2.720482627240303555e-02 -5.944543922640808248e-02 -2.959979636185134516e-02 -2.922118044280856350e-02 2.640432054546576826e-02 8.624436349284551884e-02 2.827698245653641196e-02 1.603636349071485903e-02 -1.100685694861778391e-01 5.685460048077792261e-02 1.211650359311975539e-02 2.866639078818065609e-02 -3.063971325413027223e-04 -1.313963624790297907e-02 -8.300754147228864288e-02 -4.570176773523774993e-03 4.587847204257357314e-02 -2.934611595779415896e-02 3.723159546289279975e-02 -6.316055538825622595e-02 -8.397131142085787966e-03 -3.887923313698397887e-02 -4.470833532096048224e-02 7.312931902284906804e-02 -1.155922247047406898e-01 -1.488944655598858913e-02 -2.182176684680205148e-02 -5.861874344119558100e-02 -6.559275422381607989e-02
-5.214655764010236484e-03 -3.142698133268199967e-02 -2.965805394358512689e-02 -1.274623312325490546e-02 -6.040368311023294051e-02 -1.384567870200513820e-02 -3.320708340462389524e-02 1.754841881315939364e-02 1.076940177761647258e-02 8.148593829278986608e-03 1.518905408191956879e-02 -1.341286764560750341e-02 3.120573310414232263e-02 3.361161844115358871e-02 0.000000000000000000e+00 -2.678165081764974711e-02 -1.942945005163882258e-02 -6.881534867342926909e-02 -3.433513106894063582e-02 -2.995861048725070516e-02 7.204944201928778491e-02 3.907304375067052055e-02 -6.259914463342124147e-02 8.838378212152275815e-02 3.397193418843197366e-02 3.355469530242533721e-02 -6.587280689358114560e-02 -5.333611566092581052e-02 4.984587319957049095e-02 1.597605639857870713e-02 2.414415495354588909e-02 -8.480508570763373166e-02 2.940584466188687213e-02 5.266388533664483063e-02 6.810392262155599841e-02 -2.028747428087663771e-02 -1.083051306356894346e-02 2.505665206724589505e-03 -8.418128181116957265e-02 -3.650751173684808198e-02 -2.335017752029453983e-02 -4.487117241356892994e-02 -4.737272420815493573e-02 -5.337838400853377185e-02 -5.717792014081114066e-02 4.347500691311707854e-02 7.640907477041269068e-03 5.627891415486953319e-02 9.830876864979022980e-03 1.892225747818593318e-02 3.256088293541583439e-02 2.035220880174248154e-02 1.794963780306818579e-02 9.180396694971188626e-03 4.471326236010267352e-02 -1.775294964964508476e-02 4.450182393476768972e-02 -2.678721792287466069e-02 6.959746140123990697e-03 3.536184843149436235e-02 -8.648312473071234630e-02 -7.650476634494018935e-02 -8.809489327060593400e-02 6.891181926887153530e-02 -4.006385370624783449e-02 -1.278002840162246329e-02 -6.878270043867533434e-02 -7.099929630413669146e-02
-7.047875355755332805e-02 5.922363779032935316e-03 -6.247393583661711020e-02 -4.478122156142829574e-02 -4.164037573571221368e-02 -5.791772701855109340e-02 -8.462918970935182778e-03 1.483177839687540005e-03 -2.680372328410665639e-02 -2.411893355048795248e-02 9.149146065901084257e-02 -3.478836825826048251e-02 6.531860136493948532e-02 2.028375244305635761e-02 -2.678165081764974711e-02 0.000000000000000000e+00 2.018921262254643606e-02 -2.275042366762209528e-02 -7.143035235741650169e-02 -8.816545659622141914e-03 1.079665521404875872e-01 -2.374187996706601106e-02 4.731865394037420430e-02 -1.014039567993703546e-02 -6.016488666053114442e-02 3.690780512904302119e-02 4.082360320479054561e-02 1.007642490706585348e-02 5.272388103178529684e-02 1.666853899744713541e-02 -7.607608710377863903e-02 1.152826406555019778e-01 2.357994255445730256e-02 3.566454162928543725e-02 -3.489803785071481004e-03 -2.240432601815049371e-02 2.363066456637611876e-02 6.888084094679962355e-02 9.298183478569281221e-03 -1.142070581249375744e-01 1.020274288926766582e-01 7.819323816816191319e-02 2.415242582227887166e-02 -3.212364932468401990e-02 -1.441598811447404316e-01 -3.250082577993212984e-02 -2.201802981698373907e-02 1.609400562320453462e-02 -5.617999016271615215e-02 -2.790233707652389414e-02 3.556049614396735586e-02 5.518810439968240000e-02 -1.043417631592285788e-01 3.372042577977363981e-02 -3.286936681903531582e-02 2.582373193243109669e-02 8.415476840728412095e-03 2.157398192353181254e-02 -1.362321962535689365e-02 3.145019385664140493e-02 3.796926847123698046e-02 -8.156927104380321675e-03 -4.915813774586805934e-02 -3.616933509134277053e-02 -5.683628489296695119e-02 8.932816654781665366e-02 -3.311081664363621502e-02 -2.397247232673214642e-02
4.084680908486579970e-02 7.670408177403380268e-02 -4.277266582666539030e-02 -4.522143127474487212e-02 7.181272517429475311e-02 -2.808040338626881238e-02 1.167266610705510604e-02 7.463130590278890981e-03 -1.099510522133487905e-02 -5.972488198536168857e-02 -9.912597510596221628e-02 -4.027180353664688850e-02 -5.068397397311853042e-02 4.056185604336010747e-02 -1.942945005163882258e-02 2.018921262254643606e-02 0.000000000000000000e+00 2.345928348637070851e-02 5.557060584118283207e-03 3.498801101269790031e-03 2.952673204268182680e-02 -4.430901962620653438e-03 -6.725067455173797115e-02 3.327072044559307301e-02 7.027530562784052581e-02 -7.068277810081759899e-03 1.870369113892711085e-02 2.662081125496745457e-02 2.523859006721789616e-03 3.686830457258532395e-02 7.490328237695022262e-02 -1.906419245129589062e-03 4.077223406205279094e-02 -6.380569082547605034e-03 9.114142734356643627e-02 -1.452676158410932559e-03 -4.389536439551156716e-02 -5.582437725170627529e-02 -5.686699574604894836e-02 -1.953597717630369338e-02 4.111494623660776060e-02 4.485679292232073317e-02 6.986138062378603741e-02 -3.148304043274300495e-02 9.499807563898912677e-02 3.935880179401365399e-03 -7.060691481391919398e-03 1.098018011151355097e-02 5.672312007523391819e-02 -5.697528242888712929e-02 -7.414826010062003370e-02 -3.757620028281999716e-03 -3.135598550963300535e-02 1.857451130470593511e-03 -5.087904451025037494e-02 -4.770458903701773473e-02 3.724576316599627346e-02 5.496637685605813145e-02 -2.124978199657310413e-02 -9.213668260931832943e-02 8.843957693465671714e-05 7.961074408346220654e-02 1.252457243952336506e-02 -4.152492706384496024e-02 1.375753614107477719e-03 -1.093357977515379068e-02 -1.726428633576121072e-02 9.902013640194450277e-04
4.411786495075314951e-02 5.831758080694141033e-02 -2.976957846760067833e-02 1.671369157133709149e-02 -1.781152656694868358e-02 5.538233495145396257e-02 4.470344142246628766e-02 5.308214105455523989e-03 -1.688614401873259757e-02 -6.639547973359248220e-03 1.306802083724376527e-02 1.990035769829846118e-02 -6.093779698693001234e-02 2.373902052258677550e-02 -6.881534867342926909e-02 -2.275042366762209528e-02 2.345928348637070851e-02 0.000000000000000000e+00 -5.051475209712308345e-02 -1.270788139198569255e-01 7.060117692004050372e-02 7.604316383892614816e-04 4.714850759929183066e-02 -3.423711258218830461e-02 -5.935524105769600378e-02 1.617418207240809563e-02 -7.178740987352556779e-02 2.796702831588636362e-02 4.092702309455505810e-02 5.810544887665575198e-02 2.079645005084856599e-02 6.272555556758013795e-02 -2.055194515764221033e-02 7.405318438082840460e-02 -1.108290716060824667e-02 5.480726994689937015e-02 8.860772437931036319e-03 9.190430041190374708e-05 1.068628845275110088e-02 4.019411021166256759e-02 -1.372473499095992581e-02 -2.026030370651107308e-03 3.537693031502305713e-02 -1.177873710240421798e-02 5.568512085913859128e-02 2.717700295779323580e-02 5.867123443979942871e-02 -8.257459900173994005e-02 1.831790115101809835e-02 -4.260173708449791624e-02 2.889114578178117454e-02 -4.434370422130856637e-02 7.595113192635180588e-02 3.578088677722419952e-02 1.770486829345049515e-02 9.513624159758396481e-02 2.716208855915126091e-02 -1.707868226128088709e-02 -7.154343444939562265e-03 -1.649560952257666385e-02 3.714203344133325951e-02 -3.329028011606002813e-02 -3.823484045282340982e-02 -2.705722002165764778e-02 7.345407583098764737e-02 6.064934880613877255e-02 3.256546174238567071e-02 6.430432889335309377e-02
-3.720729038551721934e-02 -3.244093462549599294e-03 3.056027495118272819e-02 -2.075709303932795485e-02 4.762822385509153655e-02 2.769681022663323527e-02 9.548539771186204117e-02 1.450930445877614099e-02 3.491405216012404694e-02 7.003140309633209409e-03 9.574579893284193566e-02 5.879634466585356017e-02 -1.874906794039830210e-02 6.846576615557456447e-02 -3.433513106894063582e-02 -7.143035235741650169e-02 5.557060584118283207e-03 -5.051475209712308345e-02 0.000000000000000000e+00 -3.632878886363516413e-02 2.334619314310251888e-03 5.278217614119293591e-03 -4.126922631213532366e-02 -3.953746142616441223e-02 1.517441587113500454e-02 4.166159970122039480e-02 -1.011418603455820596e-02 -2.361271638137662360e-02 1.192285022702163633e-02 3.303856655739225573e-02 6.745235337247583625e-03 -7.203501085643158885e-02 -4.073385412029520425e-02 -4.514872820752311583e-02 -9.065513245584709556e-03 -1.014375825449117911e-02 -2.060842319872057543e-02 5.093552162527891641e-03 -7.017741034826097124e-02 3.616694844697446176e-02 1.041025903875662795e-02 -3.155823875605574119e-02 1.292891750699183724e-02 1.081206586966679539e-01 4.866127472284459410e-02 8.726718779721762131e-02 3.779277782794490670e-02 -3.298130120997387268e-04 -4.481461259488990490e-02 -3.575846543085824288e-03 -2.602402180090869488e-02 -3.326677781154879082e-02 1.746669228236862308e-03 1.778239595395615658e-02 6.611766005294152093e-02 2.035416735649874312e-02 -1.777013739550668547e-01 -9.241830346400173313e-02 4.268813318233539295e-02 -6.245043032133202471e-02 -2.637075628359450744e-04 -3.158162808206761707e-02 5.450585608874217169e-02 1.284479575335351065e-02 5.706604274436324897e-02 2.955494946906032927e-02 -4.547764619315310813e-02 1.623073376384682673e-02
6.152074487438805722e-02 2.121948197219799756e-02 4.505848855630650331e-03 -5.028243526838368366e-02 1.399632127971325857e-03 6.979796850229801064e-02 2.342035121873049103e-02 -4.475446765630907570e-02 2.535478138841973372e-02 2.909475846387504436e-02 6.338945751058429334e-02 -4.033957738011574590e-02 -1.192967270218334153e-01 4.904280101102647532e-03 -2.995861048725070516e-02 -8.816545659622141914e-03 3.498801101269790031e-03 -1.270788139198569255e-01 -3.632878886363516413e-02 0.000000000000000000e+00 -1.806671915808959195e-02 -5.972306357642396396e-02 -2.547927142554630084e-02 -2.479958614707727937e-02 2.362168639747025400e-02 -1.195347128507748442e-02 8.375448541338377517e-02 5.201526049393699613e-02 -7.316020876175297061e-02 -4.172808188773090114e-03 4.803777241224476850e-05 2.054124035842400803e-02 2.022109515489081341e-03 -1.041780390260314999e-02 5.809548912282301580e-02 2.241068845531881196e-02 -7.426753550303423490e-02 -4.536736730412111590e-02 1.236534899659271977e-02 -1.471622894157081050e-02 4.549241403080755974e-02 -4.688023258061315562e-02 1.537596351000547305e-02 1.655535314104690167e-02 1.372922589561650225e-02 -4.113151881313872882e-02 3.504530234892188484e-02 -5.085949067738752827e-02 3.104064908141544385e-02 3.996109795918640489e-02 5.511594212877325878e-03 -4.021426479761981004e-02 4.110024130371867784e-02 -4.230979151984787939e-02 2.606308297671578247e-02 -5.861354447340331314e-02 8.517536906760224402e-02 2.328700713795214816e-02 -7.598428676086999012e-02 6.447446474182529086e-02 6.454834788835764336e-02 -8.309192318815664113e-02 -2.332871794542354035e-03 3.204707762439151092e-03 2.912267828754237092e-02 5.091921341850558919e-02 4.446066293573385647e-02 -1.449518515969638183e-02
3.051635097255049264e-02 9.676688233437663600e-02 2.075811101904236067e-02 -6.221554133343472348e-02 -9.705011690736717322e-02 2.938240875366350535e-02 1.494635028934668698e-03 7.330879811085604277e-03 9.041715073858733881e-03 8.986978035195467007e-02 -1.013489436257209025e-01 -1.996832108732717048e-02 -4.347539536813129629e-02 3.419533120303855367e-02 7.204944201928778491e-02 1.079665521404875872e-01 2.952673204268182680e-02 7.060117692004050372e-02 2.334619314310251888e-03 -1.806671915808959195e-02 0.000000000000000000e+00 7.731911336919564115e-02 4.396698533919213281e-02 5.464811785527315391e-02 -4.440094065744023405e-02 1.208830754684764915e-03 5.682581695218313217e-02 2.476980118221105368e-03 -3.709979353281708109e-02 5.067752769144207026e-02 -1.429530041844557890e-02 7.102557785219802688e-02 2.704373407500636206e-02 -3.706712041331586271e-02 -9.386703480143450753e-03 2.530676618611823591e-03 5.276912985427236608e-02 -3.291018202331039838e-02 5.054355692933671339e-03 1.633653025595688604e-02 7.123447790827296122e-02 -1.017943672794181104e-02 -9.383209451793621259e-02 7.557322327410212655e-03 4.296789858205692786e-02 1.794618684470859543e-03 -2.898394037800919310e-02 2.786534538436143127e-02 3.953285847805832983e-04 -8.131441076726168490e-03 -1.586001446309222296e-02 -2.223628987030942458e-02 -5.360836894955194054e-02 -6.957910234181803599e-03 -1.128588820562096209e-02 2.839168778055112599e-02 7.349045442636299719e-02 -3.534944693425072504e-02 2.632531987470533574e-02 3.332781081660092515e-02 1.467659324867497334e-03 -3.409531039427105004e-02 -1.053627499289602407e-02 -3.773506845017637196e-02 -2.313279313968639658e-02 -6.133469277128681535e-02 2.256962725807856035e-02 2.481452034326689371e-03
1.735854581003040339e-02 4.234314639451300377e-02 -6.571570198140981589e-02 -1.636139686312589048e-02 1.134652953315085366e-01 1.152920166313099737e-02 2.994650081033852634e-02 -6.275558666894709425e-02 3.248755636381353562e-02 -7.381312879311836828e-02 -1.108244360446153202e-02 -6.619229244104646304e-02 4.188420935456393934e-02 1.580328329935311998e-02 3.907304375067052055e-02 -2.374187996706601106e-02 -4.430901962620653438e-03 7.604316383892614816e-04 5.278217614119293591e-03 -5.972306357642396396e-02 7.731911336919564115e-02 0.000000000000000000e+00 4.479958431068279193e-03 5.574761288775016178e-03 3.549260683318004178e-02 5.811051168034578329e-02 -7.488827976985056034e-02 -2.268630552268453490e-02 8.962710975832459404e-02 -8.408530601443647834e-02 -1.240052058166659678e-02 -1.222615632183372478e-02 6.004190971809539312e-02 5.466759550120014327e-02 2.959537201713704265e-03 3.471328442229972694e-02 -2.519504343343421937e-02 8.567349302528767807e-03 -7.040829007472990293e-03 -2.112980456265845311e-02 -8.963059921009523812e-02 -2.023650377620850663e-02 -3.288473329420124602e-02 2.552981536497327467e-02 4.621968999860208253e-03 -3.390039479817701096e-02 -2.071846086923255156e-02 8.600176104322788950e-02 -1.955762574545052914e-04 3.398227708758792820e-02 5.278012512126286498e-02 -5.588712901916147169e-02 -5.079978493985335547e-02 -3.238331541632267791e-03 5.566048426405925675e-02 4.265826558003176124e-03 -3.960117727820247624e-02 -5.458442836736044496e-02 -5.971700479736624656e-02 -2.334597406018898078e-03 -2.723701559064373168e-02 -2.415483438915332765e-02 1.082471643188093191e-02 -1.837458459302452815e-02 4.105847565877277644e-02 -1.623818620598643098e-02 3.903784808610745449e-02 7.724645159900120350e-02
3.040881183623981784e-02 -3.981629893804833516e-03 2.012161156634453829e-02 2.289120476011741699e-03 -7.615252691596034219e-03 5.130640889804887438e-03 -5.915071661502419031e-02 6.680856197558085463e-02 2.770451251793017264e-04 -5.606063801966153226e-02 7.958462986105753478e-02 3.515170821877416224e-02 2.423674462237348365e-02 -3.923150189797524473e-02 -6.259914463342124147e-02 4.731865394037420430e-02 -6.725067455173797115e-02 4.714850759929183066e-02 -4.126922631213532366e-02 -2.547927142554630084e-02 4.396698533919213281e-02 4.479958431068279193e-03 0.000000000000000000e+00 -2.607954145430858850e-02 -2.506924793849324082e-02 1.755936485900022256e-02 6.033114460315791572e-02 -6.534133941555327757e-03 1.515467161141880598e-02 2.889728064718489683e-02 -5.675579576629931344e-02 1.157377703749358153e-02 8.304409780436746921e-04 -7.670644814910757003e-02 -4.700072106860933574e-02 -6.933266280597558118e-02 5.661978690015126436e-03 3.183941925691762855e-03 2.856018295624256076e-02 6.151120902824256526e-02 5.323024387164394799e-02 2.490392147880038723e-02 4.756024245993874938e-02 2.093732199807108937e-02 -4.117531184332110135e-03 2.970560827824388767e-02 6.266536525073285180e-02 2.427554127177313642e-02 -8.660865239559507878e-03 1.223047869315634605e-02 7.450048383152516052e-02 4.096126823017916252e-02 1.229268194808574299e-01 2.168940282879028986e-02 3.342045931811639392e-02 8.671603046014579597e-02 2.987408057611461512e-02 -2.039837363307800758e-02 -6.266518377441609652e-03 1.337190187557038210e-02 4.269411284597304096e-02 3.769209363818513264e-02 2.435923938782226170e-02 -2.332971291506370087e-02 -7.761496115516934580e-02 -5.405500879701826550e-02 4.047795398616105267e-02 2.751056642275361702e-02
