0.000000000000000000e+00 3.191483638107944082e-02 -3.609403046455155438e-03 -1.791965406172669681e-02 -1.122748717336381589e-02 3.588028652086382164e-02 2.818737293466782451e-02 -3.913437161524463588e-03 3.595952977612309337e-02 4.096962152705269436e-03 -3.327822755558862422e-02 4.713351088617200035e-02 2.159072015474657307e-03 -1.195832342354330620e-02 -5.072307487706052484e-03 -7.024496327441338839e-02 4.087546634608112822e-02 4.421311052607355269e-02 -3.701766772168650632e-02 6.149274342587643383e-02 3.048414568805428437e-02 1.748616914894678132e-02 3.052895273407797011e-02 6.659326594556272405e-02 2.115336007817763750e-02 -3.981399847673805330e-03 -2.351590213625721904e-02 -2.430002792356698513e-02 2.312285458799489060e-02 -2.415880406223284288e-02 -5.861291795468167448e-02 -1.111781907841413557e-02 -6.180486028391327796e-02 -3.252494376008625149e-02 -3.362507324671142744e-02 2.995106586495769815e-02 3.759174831117988863e-02 2.596065966656059196e-02 -3.387126084388718955e-02 1.525310862546976932e-02 5.131689523996827568e-02 -6.631893829047349684e-03 5.729164924760065530e-03 2.494930945612011675e-02 5.416015018048691426e-02 -6.600726382177581064e-02 9.875410729012570193e-03 2.871869394648526863e-02 -4.513440090627141715e-02 5.873890262516890531e-02 3.075398822234203314e-02 -8.980308832066521973e-02 1.517887877539163786e-02 1.378242608100342659e-02 -8.559829568447085979e-02 -8.154542621783680834e-02 4.936120889832209396e-02 -3.164159871147353975e-02 4.595409365079288627e-02 -2.793525209229598058e-02 -4.141093649872523014e-02 -2.597655609406524652e-02 7.335642939998322093e-04 -1.834663942911876275e-02 6.510610828598778488e-02 3.452410832099139099e-03 -1.972075052224469063e-02 1.084518122016465448e-02
3.191483638107944082e-02 0.000000000000000000e+00 -1.047956516631976254e-01 -8.218621230014609702e-02 4.046640933666637713e-02 -4.846179625016053955e-02 -5.518933553637403455e-02 7.534568608018116708e-04 6.013228849913638402e-02 -5.202700786192569066e-02 -4.070451173750454232e-02 1.690385661942868335e-03 8.425920793383764873e-02 -7.568261237630073690e-02 -3.130603776901436097e-02 5.979494797308992395e-03 7.666022084974075113e-02 5.815940469365792065e-02 -3.145764273335441199e-03 2.109529215883899217e-02 9.680934842964435127e-02 4.461149132167236547e-02 -3.547291621657736732e-03 -9.283569889607806019e-03 2.368432913411595148e-02 2.564814686039940464e-02 5.192126801867074509e-03 -3.398536138846704885e-02 -4.562032284072467525e-02 6.544336778065645843e-02 -3.259945094779267104e-03 4.693860412082633687e-02 -2.735800272689793353e-02 1.619924898397495996e-02 -3.973512206272698105e-02 2.200341615006644672e-02 2.422341943293448638e-02 -3.030603682965586632e-02 -6.103593624684885977e-02 6.899126239165055165e-03 -8.803535179193747173e-02 4.377519026063082103e-02 2.674151398529249143e-02 2.412206681118603951e-02 -2.575111898398104934e-02 5.189768031438507165e-03 -1.565190381021898391e-02 -4.062301768793834256e-02 -4.352519844458705572e-02 -3.532707506764237726e-02 4.351583681508022772e-02 2.983601530167115032e-02 -2.550835545869754341e-03 2.733048378126532590e-02 3.316514842803596624e-02 -5.641160635273624602e-02 5.118875916349787530e-02 -8.323921706551121180e-02 -8.744841523149823881e-02 -5.284027435462568950e-02 -7.356537244170505661e-03 -2.116573490113504014e-02 -3.116752592701124702e-02 -1.203366416021714735e-01 -3.835985515377941801e-02 -9.899361310582131812e-03 3.881320135938749749e-02 1.248758699431558872e-01
-3.609403046455155438e-03 -1.047956516631976254e-01 0.000000000000000000e+00 -8.764019349771232439e-03 -7.700049415352046289e-02 1.284602874450700150e-01 1.235868752797306992e-02 5.477922421589379032e-02 -3.143724498077960644e-02 -4.969696203414595420e-02 -1.087138621457214328e-02 2.502745560003908493e-02 -2.817619332044925956e-02 -6.930220148959253743e-03 -3.010447174337385623e-02 -6.164651437559528352e-02 -4.007364222203451537e-02 -2.958197144691614155e-02 3.047187494481490289e-02 4.628888232806962350e-03 2.225211134885196965e-02 -6.581668843542480551e-02 2.910426676763819276e-02 -2.454612663453366317e-02 2.312267829026622753e-03 1.313495727021646298e-02 8.571551340157987364e-02 -1.517483240446269865e-02 -1.082691360757697188e-02 -2.295415542843483314e-02 8.730741887565203474e-02 -6.660814436360039392e-02 7.592415097268161162e-02 -3.998649883193664857e-03 -3.690341582704874130e-03 -8.091488181491389431e-02 1.216859814502588288e-02 -2.456229168931983037e-02 5.864297529393681235e-02 7.238764292982716175e-02 2.419122318187946069e-02 -8.242657491695166982e-02 8.575105127196540333e-02 1.689322506376420702e-02 -2.423758569509865124e-02 -5.673538568544182065e-02 -2.349483412462846643e-02 -4.343200629974203197e-02 -4.316336622285311952e-02 4.375146944412701411e-02 8.772947433021141203e-03 5.237554613147722693e-02 -4.400944643266715972e-02 1.604679112802315233e-02 1.996175503729433892e-02 1.566291120518721949e-02 -5.135209687935695343e-03 1.504884036343934021e-02 -5.014024152635582904e-02 1.950202166714551724e-02 2.545442961740373641e-02 4.672515127498227255e-02 2.870170786248322104e-03 -9.951691880067524421e-03 2.716870825367720052e-02 -8.138222718196599925e-03 -4.580369216483627659e-02 -6.078536281842816802e-02
-1.791965406172669681e-02 -8.218621230014609702e-02 -8.764019349771232439e-03 0.000000000000000000e+00 7.927288515090049822e-03 8.879909777448597536e-04 1.207616234682237083e-02 -9.620242142198856539e-02 3.274541054709313725e-02 5.737374194420481743e-02 2.504846281160880844e-03 -3.768832294813347777e-02 3.949841497032963167e-02 1.550042305547923507e-02 -1.269480356866685249e-02 -4.478243915336888037e-02 -4.539084922476350342e-02 1.659185439794965203e-02 -2.085404269198443128e-02 -4.815743040141100273e-02 -6.205820221299126332e-02 -1.662116190672862856e-02 1.725004350923569317e-03 -2.427753183667594183e-02 -5.122447134637869021e-02 2.663499114901636891e-02 -6.249691967873425430e-02 3.119455262938642878e-02 -4.960393452961648492e-02 2.137330111578799458e-02 6.344337177470200928e-02 -1.146064141950522627e-02 -2.238492791430207046e-02 -2.912679684722158449e-02 -9.144222789488383463e-02 -4.748341752964382184e-02 3.661909094260449443e-02 4.679097667072504990e-02 -2.140145747856095695e-02 1.485188462711324077e-02 -7.222707747148350566e-02 3.240938785882256645e-02 -1.116582868637311515e-01 3.940502016159649901e-02 -5.485948831390545510e-02 -3.542176782938886298e-02 -6.414566367544614553e-03 -8.735248812416550324e-02 -4.754745545976861443e-02 4.772215243356234954e-02 -4.791073608620501079e-02 8.519404189963596108e-02 -1.391584336322310850e-02 -3.400122764821171539e-02 2.843429893317170332e-02 3.543986796687863955e-02 3.026621231072396459e-02 3.242784075786000336e-02 6.654544353981253768e-02 -2.382160944259563776e-02 1.719718546656067576e-02 1.341369428142120436e-02 -3.661496005253572512e-03 -9.792558658272043637e-02 -9.499150227062330351e-03 7.741921735715194541e-02 -6.226652844169959511e-02 -3.773448428439243885e-02
-1.122748717336381589e-02 4.046640933666637713e-02 -7.700049415352046289e-02 7.927288515090049822e-03 0.000000000000000000e+00 -2.298275458236219079e-02 -5.105968825428202490e-02 7.161434503536449891e-02 6.344273531939752242e-02 -1.674894698371593100e-03 1.139417702605585682e-03 -5.697064364422917138e-02 -8.731014111248464049e-02 -8.868027653833743121e-04 -5.803027776121207071e-02 -4.170786665430335077e-02 7.188334977317298313e-02 -1.780672179513849776e-02 4.769728172054936433e-02 1.346235441972754715e-03 -9.698357371965728169e-02 1.135630986801587083e-01 -8.498512955342114178e-03 -3.504617388308130677e-03 2.382681631548306048e-03 -4.589801149190293923e-03 5.736115327992545587e-02 -1.676615344172266431e-02 5.357389596007942206e-02 -2.356375108310660750e-03 2.789769744953932845e-02 1.139019194769088916e-01 8.555522870704651908e-03 8.448984990827063113e-02 5.801433156724401796e-02 1.889109331145669146e-02 -9.979486956351202309e-02 3.541975260128286951e-02 -8.119904867779394186e-03 -7.808213707682963578e-02 -4.305598845128637275e-02 1.049946076025036479e-03 1.382025963901329681e-02 4.914906961893281828e-02 -1.642645502284983960e-02 1.747785312670763896e-02 8.485995300692291896e-03 -5.983200680209926729e-03 7.332598213094382311e-02 2.243811457115853919e-02 -3.495143591644208486e-02 -3.107928269023204834e-02 -4.460565799828288686e-02 1.568988608472953253e-02 1.668413408320732969e-02 -5.337018163269048598e-02 -8.600013054465001361e-02 -1.609714970760148852e-03 6.091980043160271502e-02 -4.104752769369415105e-02 -2.924264010665855729e-02 -2.907153836775132685e-02 -7.571841700746545500e-02 -2.084011971901257587e-02 8.747409548109755240e-02 7.171778569675263393e-02 1.482594092018311646e-02 2.580459787725039242e-02
3.588028652086382164e-02 -4.846179625016053955e-02 1.284602874450700150e-01 8.879909777448597536e-04 -2.298275458236219079e-02 0.000000000000000000e+00 6.973844014471558550e-02 3.778433955688208223e-02 2.451138784566103332e-02 4.017535091924735735e-02 1.941665977792712480e-02 7.005013955902920919e-02 -8.313100907670312525e-03 -3.438826962265048581e-02 -1.288550075128256159e-02 -5.785342322248865354e-02 -2.777847440027121292e-02 5.551107071146724886e-02 2.790358809647574406e-02 6.982750111143991301e-02 2.947637745333202622e-02 1.132888354107172008e-02 5.871275965859680014e-03 5.692237219909121460e-02 -5.965454750494698227e-02 1.105780462172069739e-01 1.357727807317291556e-02 -4.345690108321760559e-02 1.923588968057795331e-03 -3.211009100441675201e-02 3.441624165510718397e-02 4.641569462614909131e-02 -6.005311611924716783e-03 4.556707116874172785e-03 6.200612442444080469e-02 -3.137592002502053584e-02 -4.446977277909099774e-02 7.111948487588544941e-03 5.659072966660479848e-02 1.122744572016222755e-02 1.353133259921152354e-01 2.747041584017197863e-02 1.164227211807352877e-02 -3.278978010366450507e-02 -9.819365072507019523e-03 -5.379065852161286909e-02 4.731689366654098089e-02 8.536703458624687879e-02 -7.201429371232237475e-02 -5.992756421393676675e-02 -2.274574106721530178e-03 -4.952877522783361713e-02 1.807939794563276012e-02 8.280262044283498435e-02 -6.360765824365979815e-02 7.159533442955055837e-02 4.013842143641421084e-02 5.314098807801327304e-03 1.453972546992340041e-02 -3.625307770447055294e-02 3.185412056669300468e-02 2.799260523547602870e-03 -6.192751904730601359e-02 3.087246799328162428e-02 4.091549520684410052e-02 2.454599975088776059e-02 -1.975840060395648440e-02 3.314621269000292544e-04
2.818737293466782451e-02 -5.518933553637403455e-02 1.235868752797306992e-02 1.207616234682237083e-02 -5.105968825428202490e-02 6.973844014471558550e-02 0.000000000000000000e+00 -6.288345183138061012e-02 2.476747710477612569e-03 3.543737598819154261e-02 9.751400678988383225e-03 1.021256061233404427e-01 2.381524025971763769e-02 8.914681015421092869e-02 -3.330599567106806019e-02 -8.226121196688768872e-03 1.207633071013267806e-02 4.544262876098396214e-02 9.586309027441337893e-02 2.389677538107528795e-02 2.532984863466579330e-03 2.948803453572024225e-02 -5.792742799746431609e-02 3.438014072475494010e-02 -1.892438549889297050e-02 2.125287984380228729e-02 -5.054315020361316996e-02 1.860517323996248654e-02 6.337109426534459633e-02 -1.144932683056827660e-01 9.559571318336354886e-03 -6.428319079585634137e-03 4.587799726338899486e-02 -4.148686892638427971e-03 -2.350230092010554064e-02 1.630642762355859893e-02 -2.479467264569948804e-03 -3.174800139323586540e-02 2.165854012567892256e-02 -5.330414450610326121e-02 -1.509298949965098662e-02 -4.761906731383421659e-02 2.867416975182857097e-02 -1.624577165808752457e-02 2.694501675297912568e-02 -3.403590691380401628e-02 7.253648186489289329e-02 4.709039389717051965e-02 -4.584026195666302678e-02 7.594438817279249021e-02 3.076000249435199493e-02 -3.959054423088166630e-02 6.686331640726212756e-03 -5.778695311858494249e-02 9.341961318827256278e-02 8.445669926956255943e-03 2.726025326281701286e-02 4.503854236060469193e-04 2.889803758583786228e-02 -7.292685845711600889e-02 5.051066417734322023e-02 8.605513836494320390e-03 7.853945668444588246e-02 -1.591297857199171217e-02 -7.727485661521286964e-02 -2.652130218150118915e-02 8.613751099605049255e-02 1.913900268976057722e-02
-3.913437161524463588e-03 7.534568608018116708e-04 5.477922421589379032e-02 -9.620242142198856539e-02 7.161434503536449891e-02 3.778433955688208223e-02 -6.288345183138061012e-02 0.000000000000000000e+00 1.007101149909900815e-02 -1.107732156315219263e-02 4.429703819976952422e-02 -6.947359783055492843e-02 1.846394906009624429e-02 -4.959550837171005332e-03 1.762536893360694065e-02 1.461714758319092007e-03 8.341894571973443306e-03 5.612697544869317025e-03 1.486104960378917261e-02 -4.471414351047556246e-02 8.336832797781679877e-03 -6.275910518660504644e-02 6.789219291979625703e-02 -1.416815169431651610e-02 4.932041541346282587e-02 -3.403161695439377993e-02 -9.277484366910001418e-03 8.960497016175968110e-02 -5.902058386067641355e-03 7.035308168580602095e-02 3.553192400027628539e-02 3.149303344620769940e-02 1.290407902840831969e-03 8.924059340178674971e-02 -5.039718238817731538e-02 -6.189855355271407789e-02 -9.997323427154852782e-02 -1.417349018922875979e-02 1.958971408331500186e-02 3.567318223285975004e-02 3.744635071490442363e-02 -4.575754137400111360e-02 -2.443136723165493032e-03 3.656741088570240883e-02 4.804592783888370772e-02 -9.211377942964735568e-03 -6.560936489268487382e-02 2.766098588744941855e-02 -1.028312780281032297e-02 -1.336632620612706636e-02 -3.628499411738644181e-02 -9.622438273455501817e-03 -5.900532422192285298e-02 7.489765359337749451e-03 1.067498518673677156e-02 3.639870829036367939e-02 -4.343405110347003245e-02 7.010158239092123544e-02 -9.175837365360727188e-04 -5.399916221394696764e-02 1.068680981228831497e-02 6.901285993736482050e-02 2.477750605856756869e-02 -1.786112049431741325e-03 -3.158083498340688924e-03 -1.287650224297821056e-01 3.857326301160823867e-02 -6.364613381587386556e-03
3.595952977612309337e-02 6.013228849913638402e-02 -3.143724498077960644e-02 3.274541054709313725e-02 6.344273531939752242e-02 2.451138784566103332e-02 2.476747710477612569e-03 1.007101149909900815e-02 0.000000000000000000e+00 8.336828556644101593e-03 -5.119765517372188574e-02 -1.370232225202993931e-03 -3.842939487582470309e-02 1.887045349216353793e-02 1.195548433644022870e-02 -2.706565131522014125e-02 -1.130126976606265696e-02 -1.701993502617514531e-02 3.474083315583515602e-02 2.543160773888095486e-02 8.790156862118089082e-03 3.367011733187122435e-02 -6.625939321873814888e-04 1.223331756755211171e-02 2.473339213548148355e-02 -4.550955727024844771e-02 -1.514500995787784188e-01 -2.022436727208976742e-02 -3.825374768857606883e-02 -6.897973289831378640e-02 1.821088117327534714e-02 -3.984152583812985288e-03 -5.264986069194399487e-02 -1.111119006117209339e-02 4.255645933060131503e-02 9.473526488916628185e-02 -5.882754525298431597e-02 -6.427506846206611224e-02 -3.708201346862023684e-02 -3.994231705482971517e-02 -8.091554219942374143e-03 2.851676447649595814e-03 -2.991308906335559802e-03 -9.562651851067859032e-02 2.195772161049142079e-02 4.611015557678782052e-03 6.977016243642532312e-02 5.532376171254935193e-02 -2.512235825384275673e-02 -8.559917096039479324e-04 -1.179612723178154743e-01 -3.750412856521543464e-02 1.066916314348079486e-01 -9.541549191661221480e-03 9.331077758938150293e-03 6.988206864616650082e-02 -1.858263259471898757e-02 9.830274526687157385e-03 1.048283875682946148e-02 7.730460812300454787e-02 -9.572263290611145170e-02 -2.841765522401199298e-02 6.328427104596918984e-02 -4.025338470085342880e-03 -4.596921721800408672e-02 -2.448059317490387538e-03 3.433838124676859282e-02 -6.488130056133858958e-02
4.096962152705269436e-03 -5.202700786192569066e-02 -4.969696203414595420e-02 5.737374194420481743e-02 -1.674894698371593100e-03 4.017535091924735735e-02 3.543737598819154261e-02 -1.107732156315219263e-02 8.336828556644101593e-03 0.000000000000000000e+00 5.183008989867569222e-02 1.611257344169642752e-02 -4.136343556324657139e-02 5.453703892862974550e-02 8.060896235431472615e-03 -2.432080672401816523e-02 -5.991754594025534147e-02 -6.210535139963522210e-03 7.429775885823657923e-03 3.036653898354834541e-02 8.950733249634459932e-02 -7.387374926720038926e-02 -5.620972889749840246e-02 8.402758824957197448e-02 -2.870428684329247955e-04 -5.938120881622872133e-02 1.033505701159878609e-02 3.452618727630087786e-02 -2.966557108072468557e-02 -2.198216455789489196e-02 -8.303573629628548808e-03 -2.218675738958438698e-02 -2.957117619199092079e-02 9.834582307745507596e-03 6.589176289266193698e-02 -3.579608049416786036e-02 2.259833116459689095e-02 -3.480013086747642953e-02 -6.115404338341337565e-02 -4.130040273474158002e-02 5.073033440320492103e-03 -9.714555777415742610e-02 -1.286155487590246727e-01 3.749516517924438713e-02 -2.342027015477027643e-02 3.762308314533452380e-02 -2.052507140108874445e-02 -4.481158899940633489e-02 -7.347186349790404969e-02 -1.348630533244352114e-02 -4.277650665514812905e-02 -5.549513679361913615e-02 5.231817130498035706e-02 -5.006303553146189411e-02 -2.298524481303314965e-02 -2.930779457255544909e-02 -3.503103872862073365e-02 9.942029810328684158e-03 2.152180716272588876e-02 1.341210559723506925e-02 -3.578966726217688160e-02 3.053839326778975440e-03 -8.284212762864311130e-02 -4.102511555097931167e-02 4.013460684190411215e-02 -2.439710019379730255e-02 -5.264259634364119173e-02 -2.710840796855979590e-02
-3.327822755558862422e-02 -4.070451173750454232e-02 -1.087138621457214328e-02 2.504846281160880844e-03 1.139417702605585682e-03 1.941665977792712480e-02 9.751400678988383225e-03 4.429703819976952422e-02 -5.119765517372188574e-02 5.183008989867569222e-02 0.000000000000000000e+00 2.550932214684753160e-02 -4.604147795975106067e-02 5.283104623449086379e-02 1.519226563803629040e-02 9.151265570038984165e-02 -9.881290240655914159e-02 1.475767087284400071e-02 9.615513695268337879e-02 6.321305031571131106e-02 -1.008234483434005957e-01 -1.104760117791264880e-02 7.884266147319798912e-02 -1.352711918796920335e-02 3.703452416748957005e-02 7.014956573553024488e-02 -4.423002833393877009e-02 -3.766710830585771972e-03 6.206517604428483936e-02 -1.628502430854174982e-02 -9.836155610526352289e-02 2.243421614118400881e-02 2.343835447242022599e-02 9.269660865822530738e-02 2.451565283605829787e-02 -6.760674551105805286e-02 2.711928931594834429e-03 1.194279461829547695e-02 -2.025579920131524020e-02 2.448758438523342476e-02 -5.076316227262092640e-02 5.897719714887922349e-02 3.544120070518639448e-02 5.673055719233081190e-02 -3.973773081488370107e-02 -4.165369768032894243e-02 5.736385072911851651e-02 1.291949064945998975e-02 -6.029875953687481582e-02 4.013435689866052397e-02 4.983672052375467433e-03 -1.988352553613391416e-02 -4.772378596195859385e-02 6.374071099233585835e-02 -9.541284252823222997e-03 -2.976041140639715255e-02 -3.322372033032229555e-02 -8.506677508753364772e-03 -5.398183509279130821e-02 1.826696728404936937e-02 -1.780871746443619952e-02 -4.514057550582786099e-02 1.833940436273923504e-03 4.177952807381244554e-02 -1.675858649073724491e-02 3.960279835402805843e-02 -8.817510520207048896e-02 -5.316526526913950557e-02
4.713351088617200035e-02 1.690385661942868335e-03 2.502745560003908493e-02 -3.768832294813347777e-02 -5.697064364422917138e-02 7.005013955902920919e-02 1.021256061233404427e-01 -6.947359783055492843e-02 -1.370232225202993931e-03 1.611257344169642752e-02 2.550932214684753160e-02 0.000000000000000000e+00 1.079513858343663854e-02 3.273273191377550767e-02 -1.293586375584414132e-02 -3.488255012230349894e-02 -4.012444421069465833e-02 2.019149283657709765e-02 5.878211711904419989e-02 -3.890574487293801259e-02 -1.983421833892925340e-02 -6.622576670631505347e-02 3.477170954927483876e-02 2.905635104216720138e-02 -3.318480246708466354e-05 -2.414333722008683500e-02 1.515602052943709754e-02 -4.333265344618567744e-02 6.595005127898698194e-02 -1.665735679017619000e-02 -6.358918870459467909e-02 6.040265909667321548e-02 -6.875927222925838633e-02 -4.818888890150728639e-03 6.728509738015767128e-02 -6.380623941415483613e-02 -5.037111729936934873e-02 -1.687253882389078835e-02 2.619127859504521635e-02 -9.450399119332145159e-02 2.965242569448759552e-02 -3.791467415908997968e-02 -4.388873333105552943e-02 -3.672327735714956808e-03 8.745808549431781376e-02 8.365293822779976129e-02 2.058690083625949047e-02 -6.627410092259257424e-02 4.007162690498968644e-02 2.152106569219496349e-02 -8.488878231694402254e-02 4.733167597381196523e-03 4.217025709105993309e-02 7.366108925959478915e-02 -1.338508667829560114e-02 2.095750391828580042e-02 -1.058613167943105032e-01 -1.936077947244262479e-02 -1.282275942184356310e-02 -2.597152966206999619e-02 2.989985228840148779e-02 -5.726501113058568571e-02 4.276441168474862109e-02 5.877189243485097213e-03 -4.226719657895622317e-02 -1.186748934159881884e-02 -8.176071772087459277e-02 9.799017221445141534e-02
2.159072015474657307e-03 8.425920793383764873e-02 -2.817619332044925956e-02 3.949841497032963167e-02 -8.731014111248464049e-02 -8.313100907670312525e-03 2.381524025971763769e-02 1.846394906009624429e-02 -3.842939487582470309e-02 -4.136343556324657139e-02 -4.604147795975106067e-02 1.079513858343663854e-02 0.000000000000000000e+00 -3.361455000195179982e-02 3.103824435921958766e-02 6.528095775145185964e-02 -5.073531880711366210e-02 -6.079569453684872948e-02 -1.872207703703237386e-02 -1.191310225188673688e-01 -4.337379413000708867e-02 4.217624928391882494e-02 2.374433822196831551e-02 -3.440781996649296473e-03 -4.025466407661021373e-02 3.680447580541872099e-02 -5.258040709077019953e-02 -1.641894140320861867e-02 -8.753533465846868866e-03 2.872795228146097710e-02 2.331002282424302421e-02 -3.556002537951781506e-02 -2.586423822277893192e-02 2.501044496432676661e-03 2.267680670330109345e-03 2.856351764045955352e-02 1.338302307153342863e-01 9.637361307674992272e-02 -4.305494761613180149e-02 -4.045904124659385065e-02 -6.672120612155730754e-03 -2.541344103853348732e-02 -7.190285986932105911e-02 -4.527145809642874053e-02 -1.504253141685777950e-01 -2.112917929638073386e-02 -6.297537500843222551e-03 -1.133841692828224841e-02 -2.842131492320179934e-02 -1.262785916941101816e-01 -2.902639197762149625e-02 1.681817046073261213e-02 -8.375896349012290285e-03 -6.909002137023678713e-02 -3.092593855624389820e-02 5.873716456303041539e-03 1.157135993293413427e-02 2.968381085574831393e-02 -1.122100626340043622e-01 -4.696034601622745691e-02 6.316338736294024869e-02 6.441972449218445751e-02 -2.480044749173132210e-02 8.343270780118754171e-03 -5.139980763857115997e-02 -4.441545949673043198e-02 2.306216209477183685e-02 4.200353322698661268e-02
-1.195832342354330620e-02 -7.568261237630073690e-02 -6.930220148959253743e-03 1.550042305547923507e-02 -8.868027653833743121e-04 -3.438826962265048581e-02 8.914681015421092869e-02 -4.959550837171005332e-03 1.887045349216353793e-02 5.453703892862974550e-02 5.283104623449086379e-02 3.273273191377550767e-02 -3.361455000195179982e-02 0.000000000000000000e+00 3.361485827263098469e-02 2.026612442207841730e-02 4.131788538647844511e-02 2.427242317406172814e-02 6.876607402606678410e-02 4.932707720606683416e-03 3.428403989622225839e-02 1.569849774447795374e-02 -3.750949315341391144e-02 1.079743375865252313e-03 1.303166875274957767e-02 8.801484748299739924e-03 -3.346515685446941474e-02 -1.456390375543054755e-02 5.986024990419883118e-02 3.329810865261905849e-03 -5.846197050002231548e-03 -3.607215850640432125e-02 2.693820615281329253e-02 8.598085642062153547e-03 2.747940616301872835e-02 -4.390481160544589673e-02 -3.656197033087155851e-02 3.122791892762770763e-02 1.789247875050566788e-02 -2.706209008343840247e-02 -5.986290163410064313e-02 -3.011590244498826147e-02 -2.910599520186333763e-02 2.627723093590710740e-02 8.642985486061854905e-02 2.805813995977858230e-02 1.605642507729694232e-02 -1.099734280794053276e-01 5.663444218696601917e-02 1.228822654864386750e-02 2.864999472027077512e-02 -6.353591145391717125e-04 -1.330155093625743495e-02 -8.292093795238489329e-02 -4.926396863401232007e-03 4.589357142645267978e-02 -2.976580481398007419e-02 3.703073726098923130e-02 -6.311292269332166582e-02 -9.168192227669786157e-03 -3.954052036553621502e-02 -4.482792548025053142e-02 7.298114057014150335e-02 -1.158753399220728425e-01 -1.483957661010746470e-02 -2.226228420513413561e-02 -5.853345680465463219e-02 -6.536689120742630865e-02
-5.072307487706052484e-03 -3.130603776901436097e-02 -3.010447174337385623e-02 -1.269480356866685249e-02 -5.803027776121207071e-02 -1.288550075128256159e-02 -3.330599567106806019e-02 1.762536893360694065e-02 1.195548433644022870e-02 8.060896235431472615e-03 1.519226563803629040e-02 -1.293586375584414132e-02 3.103824435921958766e-02 3.361485827263098469e-02 0.000000000000000000e+00 -2.690590733378313976e-02 -1.962778495834761536e-02 -6.879072389431586942e-02 -3.424653173491860186e-02 -2.994260642210638118e-02 7.165805443920190976e-02 3.921366142575544861e-02 -6.239079264329643049e-02 8.859535400732321264e-02 3.394241607188819981e-02 3.310407038530568946e-02 -6.774473943945856502e-02 -5.313073782807538337e-02 4.995444574185103209e-02 1.602954652856322659e-02 2.413760701243818779e-02 -8.418627925430552383e-02 2.938388168016630581e-02 5.260011584896590042e-02 6.829389327470086757e-02 -2.040004291249441354e-02 -1.108269002409672209e-02 2.384877639963338923e-03 -8.423867109281810150e-02 -3.683031114474977913e-02 -2.348586138315465408e-02 -4.488292257280126346e-02 -4.745138027246347673e-02 -5.356432559622162359e-02 -5.737525584300478404e-02 4.335427122185572107e-02 7.522124999858887349e-03 5.612944172767906498e-02 9.749628243988655435e-03 1.877746976695362710e-02 3.241820199023182081e-02 2.021952085557066417e-02 1.794668608760578710e-02 9.249700075497208768e-03 4.481177995004418518e-02 -1.786402904734769523e-02 4.412814494883067484e-02 -2.701441451584945044e-02 6.952541844674766346e-03 3.490814312659225316e-02 -8.751370183354423293e-02 -7.669218823021842213e-02 -8.824496641176159117e-02 6.879013809414745440e-02 -4.007115949416568956e-02 -1.290581062051259637e-02 -6.887039018423146697e-02 -7.128550180969150940e-02
-7.024496327441338839e-02 5.979494797308992395e-03 -6.164651437559528352e-02 -4.478243915336888037e-02 -4.170786665430335077e-02 -5.785342322248865354e-02 -8.226121196688768872e-03 1.461714758319092007e-03 -2.706565131522014125e-02 -2.432080672401816523e-02 9.151265570038984165e-02 -3.488255012230349894e-02 6.528095775145185964e-02 2.026612442207841730e-02 -2.690590733378313976e-02 0.000000000000000000e+00 2.035254731743087186e-02 -2.264795123641979990e-02 -7.163773923164372393e-02 -8.651008504556486831e-03 1.095726013581465041e-01 -2.298458830137866879e-02 5.082294305029488868e-02 -9.374919871027037610e-03 -6.011486960327089291e-02 3.708544644635317772e-02 4.474009260867128912e-02 1.047593217784419800e-02 5.302456851794085796e-02 1.713955663814040187e-02 -7.594314890432378451e-02 1.152354694652629463e-01 2.372239971649532306e-02 3.578644855093026517e-02 -3.432303866751748329e-03 -2.211419429334598660e-02 2.394623091698171169e-02 6.875101942000827471e-02 9.622280513700698715e-03 -1.138571306393049709e-01 1.021884985201529789e-01 7.800981300269480001e-02 2.419172383162276202e-02 -3.200332711246170470e-02 -1.440468061238493191e-01 -3.254509286792708900e-02 -2.199109908046009698e-02 1.650493311310214165e-02 -5.620356115318533158e-02 -2.526854823423108770e-02 3.573066449923018029e-02 5.528444695448728879e-02 -1.043039890978857964e-01 3.382542832871292260e-02 -3.246417189096302558e-02 2.619701137686292203e-02 1.181773215814944065e-02 2.187341780072477732e-02 -1.366388678106151763e-02 3.178113759687518219e-02 4.092962461331799834e-02 -7.643796900827615204e-03 -4.915887264711103072e-02 -3.601641988892603091e-02 -5.694489141761863854e-02 8.900429523530070663e-02 -3.289833828961595541e-02 -2.400084542244083213e-02
4.087546634608112822e-02 7.666022084974075113e-02 -4.007364222203451537e-02 -4.539084922476350342e-02 7.188334977317298313e-02 -2.777847440027121292e-02 1.207633071013267806e-02 8.341894571973443306e-03 -1.130126976606265696e-02 -5.991754594025534147e-02 -9.881290240655914159e-02 -4.012444421069465833e-02 -5.073531880711366210e-02 4.131788538647844511e-02 -1.962778495834761536e-02 2.035254731743087186e-02 0.000000000000000000e+00 2.334013689791703330e-02 7.429135004492676102e-03 3.466253676679204726e-03 2.993582405196755503e-02 -4.446745699206595612e-03 -6.235005923578026965e-02 3.357750962099886188e-02 7.023220357050796725e-02 -5.118165551836448106e-03 2.320471415894985456e-02 2.701502050083088788e-02 3.339679547915152397e-03 3.747031568484229108e-02 7.507709311491410353e-02 -2.144155278394394796e-03 4.099345193442843066e-02 -5.456833778726303402e-03 9.114534325535143811e-02 -1.611614318785784591e-03 -4.408103294327742755e-02 -5.566308483248848249e-02 -5.643966295225769092e-02 -1.897056089038048551e-02 4.177804974668505172e-02 4.454631228329957587e-02 7.019312460177196122e-02 -3.098335986520114882e-02 9.515483925736113735e-02 4.151613455879547832e-03 -7.096510447913762822e-03 1.114208426051330365e-02 5.664010762735896543e-02 -5.674221794125758334e-02 -7.398242437101931746e-02 -3.487851368104751687e-03 -3.151499319190973619e-02 1.785494755507937995e-03 -5.053533171715092476e-02 -4.767355105304063589e-02 3.626277608097115690e-02 5.529435947887924307e-02 -2.144153509515761211e-02 -9.224482842996351017e-02 1.517686132914995495e-03 7.982237747259753047e-02 1.254673355693052168e-02 -4.138765442628155461e-02 1.294030900343253344e-03 -1.101698090007657664e-02 -1.721569081862874342e-02 1.332714664478425442e-03
4.421311052607355269e-02 5.815940469365792065e-02 -2.958197144691614155e-02 1.659185439794965203e-02 -1.780672179513849776e-02 5.551107071146724886e-02 4.544262876098396214e-02 5.612697544869317025e-03 -1.701993502617514531e-02 -6.210535139963522210e-03 1.475767087284400071e-02 2.019149283657709765e-02 -6.079569453684872948e-02 2.427242317406172814e-02 -6.879072389431586942e-02 -2.264795123641979990e-02 2.334013689791703330e-02 0.000000000000000000e+00 -4.923195485173906955e-02 -1.270472902545610461e-01 7.093415762964545845e-02 7.981315649894050795e-04 4.746390647106923238e-02 -3.431359174362603320e-02 -5.936453548488224152e-02 1.732665117245662731e-02 -7.000091003896340147e-02 2.850639642026882650e-02 4.155554724662509358e-02 5.860835865708585030e-02 2.077439467202666853e-02 6.274748530368944033e-02 -2.043561145472708174e-02 7.490100229618278094e-02 -1.117884151373987021e-02 5.481860561511540941e-02 8.967133139275140427e-03 1.009565428159997773e-04 1.071779109114759203e-02 4.022151114316951936e-02 -1.422979887014913167e-02 -2.128015801174783662e-03 3.549865139265344360e-02 -1.159951987283915943e-02 5.588627212998995009e-02 2.726247807115073085e-02 5.882752565291047425e-02 -8.259760693251606833e-02 1.831628550714557366e-02 -4.244185135096493339e-02 2.900018137152392955e-02 -4.424488364250143274e-02 7.593158266655332389e-02 3.582603265174173768e-02 1.780331791582369372e-02 9.512759156800777716e-02 2.713425568580181066e-02 -1.710973274847054151e-02 -7.048078870303991356e-03 -1.629324181583966316e-02 3.529818991520528026e-02 -3.341472479817599733e-02 -3.826592939640981877e-02 -2.713198281318162167e-02 7.354428954908355520e-02 6.081377171225791495e-02 3.245311360276482981e-02 6.452750023566612703e-02
-3.701766772168650632e-02 -3.145764273335441199e-03 3.047187494481490289e-02 -2.085404269198443128e-02 4.769728172054936433e-02 2.790358809647574406e-02 9.586309027441337893e-02 1.486104960378917261e-02 3.474083315583515602e-02 7.429775885823657923e-03 9.615513695268337879e-02 5.878211711904419989e-02 -1.872207703703237386e-02 6.876607402606678410e-02 -3.424653173491860186e-02 -7.163773923164372393e-02 7.429135004492676102e-03 -4.923195485173906955e-02 0.000000000000000000e+00 -3.635540241208935763e-02 2.117544885944395820e-03 5.286736350035826058e-03 -4.160331472958642141e-02 -3.989227142620847821e-02 1.515192133631908418e-02 4.363029084986050354e-02 -1.003661655477403568e-02 -2.301464014932213045e-02 1.242968171910915909e-02 3.328659378052862411e-02 6.907695834308602394e-03 -7.200157669772384861e-02 -4.061633949903070001e-02 -4.318167833608107381e-02 -8.881657990471128125e-03 -1.015448449312944361e-02 -2.133678985098431957e-02 5.028761223710000693e-03 -7.022675338426374869e-02 3.630623407484952214e-02 1.028130671554999299e-02 -3.135898637627925617e-02 1.292581404984615399e-02 1.082778727931573010e-01 4.889932150536745875e-02 8.728395345649807291e-02 3.791514314350617754e-02 -2.505056375326741554e-04 -4.476884618485695716e-02 -4.196709174996151974e-03 -2.630303975127563226e-02 -3.322803431838827759e-02 1.590891215684166800e-03 1.791270777034139478e-02 6.521508247810435532e-02 2.012768002190250954e-02 -1.778283965776445430e-01 -9.257981552990016128e-02 4.265694597064455945e-02 -6.266864025279862693e-02 -1.178881201567675858e-03 -3.183467433717070139e-02 5.439922448120738246e-02 1.279881043681110712e-02 5.715718174552197883e-02 2.963236687755509136e-02 -4.540639326421726935e-02 1.650167957877923461e-02
6.149274342587643383e-02 2.109529215883899217e-02 4.628888232806962350e-03 -4.815743040141100273e-02 1.346235441972754715e-03 6.982750111143991301e-02 2.389677538107528795e-02 -4.471414351047556246e-02 2.543160773888095486e-02 3.036653898354834541e-02 6.321305031571131106e-02 -3.890574487293801259e-02 -1.191310225188673688e-01 4.932707720606683416e-03 -2.994260642210638118e-02 -8.651008504556486831e-03 3.466253676679204726e-03 -1.270472902545610461e-01 -3.635540241208935763e-02 0.000000000000000000e+00 -1.808992354495981073e-02 -5.978216188589186714e-02 -2.490223137934549982e-02 -2.432312005770250266e-02 2.355813935127533051e-02 -1.166743133861993312e-02 8.501946105303723189e-02 5.221596843398072785e-02 -7.304923161217329042e-02 -4.224073400694534908e-03 1.207955450350895008e-04 2.051120126255235460e-02 1.843498114155439713e-03 -1.052229454121776826e-02 5.803292458485386635e-02 2.229558480126568598e-02 -7.355640762142677536e-02 -4.534943088879963419e-02 1.236704639492489620e-02 -1.485790776978533276e-02 4.487403386224268764e-02 -4.699307210765168996e-02 1.512889008741752014e-02 1.667475679423590859e-02 1.371403530603352607e-02 -4.104337256187848282e-02 3.505956628811617709e-02 -5.092013498696997681e-02 3.098252881664193339e-02 4.026260520189759579e-02 5.571089177420124154e-03 -4.009495891279012819e-02 4.120112417420321305e-02 -4.229056617747600777e-02 2.630120302975487434e-02 -5.848931968887630117e-02 8.528653622013632196e-02 2.299947959485095991e-02 -7.585211634366918754e-02 6.460959738091227866e-02 6.659332549428233217e-02 -8.233490131730074324e-02 -2.335222483052549862e-03 3.119759564562283368e-03 2.920484762973067985e-02 5.094871193236957113e-02 4.427394246168048220e-02 -1.430002793877683566e-02
3.048414568805428437e-02 9.680934842964435127e-02 2.225211134885196965e-02 -6.205820221299126332e-02 -9.698357371965728169e-02 2.947637745333202622e-02 2.532984863466579330e-03 8.336832797781679877e-03 8.790156862118089082e-03 8.950733249634459932e-02 -1.008234483434005957e-01 -1.983421833892925340e-02 -4.337379413000708867e-02 3.428403989622225839e-02 7.165805443920190976e-02 1.095726013581465041e-01 2.993582405196755503e-02 7.093415762964545845e-02 2.117544885944395820e-03 -1.808992354495981073e-02 0.000000000000000000e+00 7.730060782114274442e-02 5.491105163714188331e-02 5.483932773819391593e-02 -4.441810937134258591e-02 1.788260199358790827e-03 5.769669588389699649e-02 5.852530090613885204e-03 -3.617652805031727065e-02 5.522157097849918900e-02 -1.462238002948239995e-02 7.099235519213516199e-02 2.719865979910382134e-02 -3.606513003221978320e-02 -9.507726287363710282e-03 1.906926489354975572e-03 5.309176575891457611e-02 -3.291901844473110739e-02 5.184917260486303359e-03 1.657237335795255437e-02 7.168042725573921248e-02 -9.850051379590572809e-03 -9.350008038206944483e-02 7.681655593899593473e-03 4.270887995319492397e-02 1.520136078538589534e-03 -2.874602522237003355e-02 2.795115193318267049e-02 2.442269604592540696e-04 -6.973697546290556250e-03 -1.513531072216371676e-02 -2.191501382377757101e-02 -5.313377595657128860e-02 -7.042033971833723364e-03 -9.821333339043352220e-03 2.900152592940890076e-02 7.484540010465431936e-02 -3.500368746616575738e-02 2.616668942392334773e-02 3.349639251233813703e-02 3.826059865094913817e-03 -3.280804677330268621e-02 -1.031795971761472093e-02 -3.772653124597264568e-02 -2.350059511239937018e-02 -6.147869688822735906e-02 2.266154585553381909e-02 2.615667665019339415e-03
1.748616914894678132e-02 4.461149132167236547e-02 -6.581668843542480551e-02 -1.662116190672862856e-02 1.135630986801587083e-01 1.132888354107172008e-02 2.948803453572024225e-02 -6.275910518660504644e-02 3.367011733187122435e-02 -7.387374926720038926e-02 -1.104760117791264880e-02 -6.622576670631505347e-02 4.217624928391882494e-02 1.569849774447795374e-02 3.921366142575544861e-02 -2.298458830137866879e-02 -4.446745699206595612e-03 7.981315649894050795e-04 5.286736350035826058e-03 -5.978216188589186714e-02 7.730060782114274442e-02 0.000000000000000000e+00 4.216684350178711606e-03 7.064992923576529464e-03 3.630966212720447561e-02 5.768933777025934961e-02 -7.397213696023817453e-02 -2.262012212405640002e-02 8.963102426518301802e-02 -8.370588143622011146e-02 -1.241740622420362504e-02 -1.199365437201711966e-02 6.004487352939976569e-02 5.464797220189236693e-02 3.057337252168970849e-03 3.482394297186777732e-02 -2.553264782618125395e-02 8.389757412642437004e-03 -7.041823668002315795e-03 -2.125366957513646210e-02 -8.939858150027697736e-02 -2.014634968575639701e-02 -3.284062939449262225e-02 2.526549666277686651e-02 4.526788418600032581e-03 -3.391938217175729381e-02 -2.066592338186906685e-02 8.566385029153485153e-02 -3.103720707102266847e-04 3.399860977916209503e-02 5.260062664380959346e-02 -5.577224594846807992e-02 -5.079492773232699432e-02 -3.223978453366599644e-03 5.540383599843234919e-02 4.993419367462830806e-03 -3.928679284691467821e-02 -5.441843236493354441e-02 -5.991812469777195449e-02 -2.639538668769778138e-03 -2.865817508048117135e-02 -2.485566376157652413e-02 1.092659845627772311e-02 -1.849260075225189065e-02 4.084037834201145051e-02 -1.612450193801535925e-02 3.910763011789853555e-02 7.714875073502931724e-02
3.052895273407797011e-02 -3.547291621657736732e-03 2.910426676763819276e-02 1.725004350923569317e-03 -8.498512955342114178e-03 5.871275965859680014e-03 -5.792742799746431609e-02 6.789219291979625703e-02 -6.625939321873814888e-04 -5.620972889749840246e-02 7.884266147319798912e-02 3.477170954927483876e-02 2.374433822196831551e-02 -3.750949315341391144e-02 -6.239079264329643049e-02 5.082294305029488868e-02 -6.235005923578026965e-02 4.746390647106923238e-02 -4.160331472958642141e-02 -2.490223137934549982e-02 5.491105163714188331e-02 4.216684350178711606e-03 0.000000000000000000e+00 -2.539232415783213362e-02 -2.516000839437361122e-02 1.916110560366569501e-02 6.827579262618725664e-02 -6.128874231790197580e-03 1.599517246702243309e-02 3.248262786546385339e-02 -5.599489324494720532e-02 1.139483096452657829e-02 1.520959148603430889e-03 -7.590846679286915311e-02 -4.648361235465343910e-02 -6.925816197001012642e-02 6.099249347110078691e-03 2.786955681495009978e-03 2.940892346105800775e-02 6.218838387505661730e-02 5.502421527526834416e-02 2.468891234624560893e-02 4.760114592757217628e-02 2.118498092688613291e-02 -3.626877057909636860e-03 2.935339669106629135e-02 6.229948715138006882e-02 2.422117118349166251e-02 -8.669579060673553161e-03 1.575148020027969734e-02 7.478426077486974299e-02 4.157829648887608615e-02 1.218076251130865290e-01 2.176060698725403031e-02 3.397682752758127839e-02 8.693112647476192167e-02 3.699644844496132595e-02 -1.986128042237103250e-02 -6.600784058699783914e-03 1.411929408831309567e-02 4.814703426377497930e-02 3.794938259617813836e-02 2.434088877800224052e-02 -2.328235122536225984e-02 -7.750308840868967708e-02 -5.432473962593559885e-02 4.061923143320403384e-02 2.782434356947468060e-02
