0.000000000000000000e+00 3.204514107902732556e-02 -3.702918862617643903e-03 -1.802127181412618850e-02 -1.130377684566822791e-02 3.586103794815589246e-02 2.726589988887421698e-02 -4.037916113320395503e-03 3.593772341393645930e-02 3.913542993711786357e-03 -3.346178907852564305e-02 4.686617783134117143e-02 2.266995577593310801e-03 -1.564466673926793311e-02 -5.249950692952020173e-03 -7.053663219408844165e-02 4.083946577940847367e-02 4.409477664770037469e-02 -3.725395491676484344e-02 6.152771057585034592e-02 3.052569841558895949e-02 1.732645851399791659e-02 3.037931115619237760e-02 6.684630248942784181e-02 2.109651323871370235e-02 -3.884417560966912496e-03 -2.254064826598446702e-02 -2.464087119040363899e-02 2.037604621817179842e-02 -2.556557454948306732e-02 -5.859702444733458360e-02 -1.095876010441284784e-02 -6.191074933154958743e-02 -3.267295621782845272e-02 -3.364073710447187254e-02 3.031394534898844764e-02 3.768232767939753286e-02 2.599385701058915671e-02 -3.390798624719912335e-02 1.531892444777592684e-02 5.146838843794002832e-02 -6.747574071947200040e-03 5.998948064837110114e-03 2.480131975536927283e-02 5.395094063644430282e-02 -6.612091419234299161e-02 9.690961595374733561e-03 2.880850352691228730e-02 -4.514932648469194981e-02 5.883226736056142853e-02 3.051953320285672941e-02 -8.973950450605255869e-02 1.534602691821618931e-02 1.392016458750428357e-02 -8.596332106808488027e-02 -8.174606957575963895e-02 4.973882723969203640e-02 -3.162815189401135818e-02 4.609435839216694669e-02 -2.783440269186774133e-02 -4.132834391358774367e-02 -2.596628398912892779e-02 5.646810186849888146e-04 -1.820154354655306034e-02 6.506443289533096752e-02 3.457199805296207098e-03 -1.950873204356158921e-02 1.087347039844530766e-02
3.204514107902732556e-02 0.000000000000000000e+00 -1.050378230399026530e-01 -8.198947975733957005e-02 4.027567463391204527e-02 -4.836508425868604050e-02 -5.468943466408728027e-02 1.206515800276954748e-03 5.974822250647220112e-02 -5.163811261825500265e-02 -4.082042679851001499e-02 1.818912263348977394e-03 8.384738208527894865e-02 -7.565756170399176583e-02 -3.145771251374109012e-02 5.910781227206423315e-03 7.671615473245366190e-02 5.835681949779525368e-02 -3.268717785697356545e-03 2.125108164586332615e-02 9.675496380972505028e-02 4.178004092417780813e-02 -4.083927578363185686e-03 -9.851974166057391250e-03 2.138044342432490058e-02 2.584506776019471208e-02 3.713937235709088153e-03 -3.339047366625592234e-02 -4.582870967805570406e-02 6.580615737945402777e-02 -3.290167558276818529e-03 4.700168514371252243e-02 -2.741630704032350929e-02 1.596192624740082333e-02 -3.956156328306189435e-02 2.182433660027008338e-02 2.434780201694044383e-02 -3.027113444777029816e-02 -6.105722902020063736e-02 6.947413408631553447e-03 -8.754060277830109926e-02 4.415329804233936173e-02 2.710125153706847978e-02 2.437489234106262476e-02 -2.581529293921420651e-02 5.225532863187202018e-03 -1.561422896263018126e-02 -4.022721013335318202e-02 -4.352402274432672080e-02 -3.547074760662460857e-02 4.353482811309006273e-02 2.989974242622676914e-02 -2.504798595561508884e-03 2.748065945710424091e-02 3.312169841697341216e-02 -5.640652694676142470e-02 5.119147428588728677e-02 -8.302062481385448500e-02 -8.723316740347182574e-02 -5.297500033610037101e-02 -8.291804385782365963e-03 -1.984342985461266806e-02 -3.108474545762448735e-02 -1.201406653091933036e-01 -3.822142728529663580e-02 -1.002032393869980477e-02 3.878474795333699404e-02 1.250278019893503179e-01
-3.702918862617643903e-03 -1.050378230399026530e-01 0.000000000000000000e+00 -8.427330462987329268e-03 -7.713083684548156793e-02 1.280996396301649631e-01 1.160695682795337760e-02 5.375624217346839512e-02 -3.067761601100131574e-02 -4.957435491143746820e-02 -1.111451575781417615e-02 2.487594313995583964e-02 -2.825847713995311913e-02 -6.954017837991250013e-03 -2.955077229341184636e-02 -6.266132876794264228e-02 -4.341649208428829260e-02 -2.981296950684447430e-02 3.058423379060716887e-02 4.479715685140839461e-03 2.041572987926096663e-02 -6.568975490963298303e-02 1.795397246894592236e-02 -2.457178873673422984e-02 2.698721112840289909e-03 6.826348530993782242e-03 7.846734279785272381e-02 -1.540274014875436109e-02 -1.115256337608853954e-02 -2.348927914917280438e-02 8.694602830819112005e-02 -6.643414711758383051e-02 7.554771947904588558e-02 -3.932055676625396609e-03 -3.720468550048359937e-03 -8.097700148141416532e-02 1.197656892285662439e-02 -2.465342111728465943e-02 5.812029097758368568e-02 7.203835632647789811e-02 2.356327363724716392e-02 -8.246133340988870408e-02 8.539139131180500941e-02 1.653653333998052546e-02 -2.449356786419447374e-02 -5.716203082829202781e-02 -2.337531721162470696e-02 -4.354895490608840652e-02 -4.337485908619750918e-02 4.337874018374938273e-02 8.448233248795053441e-03 5.185132526394550107e-02 -4.426175396070027024e-02 1.610482980244810902e-02 1.975914230032977184e-02 1.577479034891589305e-02 -5.872666927969984185e-03 1.470527281273229653e-02 -5.000751484922292406e-02 1.943796226883153302e-02 1.979202350399545188e-02 4.662317960480592827e-02 3.392207133455396421e-03 -9.913412150882794024e-03 2.754087753595876528e-02 -7.629440963988819678e-03 -4.634543887436745613e-02 -6.139043145782852040e-02
-1.802127181412618850e-02 -8.198947975733957005e-02 -8.427330462987329268e-03 0.000000000000000000e+00 7.890649382394939945e-03 8.658386994675241165e-04 1.164292366664530440e-02 -9.638271943217853466e-02 3.260775083749235109e-02 5.649965975234708809e-02 2.389055638373484020e-03 -3.819804482725023403e-02 3.974644645684325545e-02 1.579137002768490547e-02 -1.275859586881654059e-02 -4.478067826660229317e-02 -4.517992139875078028e-02 1.674423871754014345e-02 -2.073291828312170612e-02 -5.080955123298878939e-02 -6.225160822766986207e-02 -1.629647915378401937e-02 2.425062493354907239e-03 -2.689165322931316021e-02 -5.132360347125937416e-02 2.705908181124840051e-02 -6.343132755367236753e-02 2.737397337148419693e-02 -4.963675759093769818e-02 2.164436126748261677e-02 6.342488150751605935e-02 -1.158849738272700776e-02 -2.222141783544384977e-02 -2.881614294903588058e-02 -9.133259680855927709e-02 -4.761495954513670498e-02 3.677862304338738036e-02 4.628610862690686611e-02 -2.135692212516373395e-02 1.501913855791803427e-02 -7.203072620148043281e-02 3.274696112138664184e-02 -1.119214944393975425e-01 3.932144703937652530e-02 -5.466109862583593687e-02 -3.542477518307501211e-02 -6.435836176851851206e-03 -8.689281144887932296e-02 -4.761102075500120434e-02 4.758573862813625377e-02 -4.785412848996659779e-02 8.523250499624042409e-02 -1.396012087878445614e-02 -3.422301579639731167e-02 2.841902133730939140e-02 3.566572635806478098e-02 3.029236804570848915e-02 3.211912457921124731e-02 6.668703290913753634e-02 -2.373264737437141836e-02 1.935778506966931087e-02 1.316772502091955246e-02 -3.281503308222002892e-03 -9.752793482805945102e-02 -9.445582544493702840e-03 7.745009125233837111e-02 -6.216628724521830462e-02 -3.770390413077220892e-02
-1.130377684566822791e-02 4.027567463391204527e-02 -7.713083684548156793e-02 7.890649382394939945e-03 0.000000000000000000e+00 -2.388264973887075163e-02 -5.101088137950022389e-02 7.162879125364800259e-02 6.263873584863181854e-02 -1.630282783051556581e-03 1.052584686512829729e-03 -5.713437963331417790e-02 -8.770517917990366952e-02 -1.123102450365293190e-03 -6.099417028621454545e-02 -4.162436046059733025e-02 7.179387074070600616e-02 -1.781256300601332179e-02 4.761116286138666887e-02 1.412990623859223648e-03 -9.706692947481333766e-02 1.134411062585218705e-01 -7.401712650351695635e-03 -4.358501330848504711e-03 2.275086034707804288e-03 -4.771293559402346729e-03 5.935136042173453502e-02 -1.632596026346946200e-02 5.344760240494003667e-02 -2.137934156284881058e-03 2.787552539827741621e-02 1.129563905541760144e-01 8.521613956854979730e-03 8.399848802849763096e-02 5.798814129960151026e-02 1.890846090221676504e-02 -9.908917506517035678e-02 3.544498943557391341e-02 -8.085808436050754416e-03 -7.821216646257689309e-02 -4.263010032202724231e-02 1.298597245396164836e-03 1.384543457989531427e-02 4.955905710278778187e-02 -1.638082840459441705e-02 1.743619172670435313e-02 8.347179536284469667e-03 -5.892613128358017462e-03 7.339292359825429213e-02 2.275465191907362697e-02 -3.460599365107103198e-02 -3.103769189338174972e-02 -4.456773684853541223e-02 1.552217036739873650e-02 1.744195827062804127e-02 -5.350403728872187015e-02 -8.538016089338906767e-02 -1.438113096700614725e-03 6.092533360229632905e-02 -4.058692234018194955e-02 -3.026487455916672051e-02 -2.852845165997702076e-02 -7.564005481643999718e-02 -2.058702019600798863e-02 8.760359094551709025e-02 7.170048484503835362e-02 1.500169654556513139e-02 2.611251418909336930e-02
3.586103794815589246e-02 -4.836508425868604050e-02 1.280996396301649631e-01 8.658386994675241165e-04 -2.388264973887075163e-02 0.000000000000000000e+00 6.896854677403711775e-02 3.325217693455944507e-02 2.435769588445136150e-02 3.601530878677265679e-02 1.895237048389916690e-02 6.829928259396492174e-02 -8.527985051148575038e-03 -3.530031769249896562e-02 -1.408359522687281998e-02 -5.793226940674472969e-02 -2.815153362516613009e-02 5.535108715730958223e-02 2.764657152943391163e-02 6.979200014115570505e-02 2.936151124918742056e-02 1.157908194963001500e-02 4.954091315932506595e-03 5.677429779799584436e-02 -5.979297424811158557e-02 1.101021400903140213e-01 1.197474313335469831e-02 -4.529936380452262434e-02 1.510832397493108671e-03 -3.240505158883921766e-02 3.429064776535414166e-02 4.566908717149244235e-02 -5.931368914365695369e-03 3.793097781366795099e-03 6.173885701776621326e-02 -3.127047143052941180e-02 -4.436279680299547168e-02 7.099445918599476234e-03 5.680155719248657087e-02 1.137331149669665309e-02 1.350508115622301997e-01 2.742530308412800474e-02 1.191496427427426313e-02 -3.334484163801342688e-02 -9.947263519816493260e-03 -5.398469247480873479e-02 4.738719088828561438e-02 8.494484606150275174e-02 -7.200998651604137435e-02 -6.009248109007295224e-02 -2.151927255235590135e-03 -4.939447512181729255e-02 1.816233469119527683e-02 8.296307288629878318e-02 -6.394562179900116494e-02 7.164284678913791782e-02 4.096694071506604140e-02 4.920205676087485019e-03 1.447173311448704709e-02 -3.622175016861243352e-02 3.178639634578886430e-02 1.828176737218431200e-03 -6.211691218381687474e-02 3.061982576681241894e-02 4.085336895956196562e-02 2.481058721435272160e-02 -1.959769051433665060e-02 2.839099738494387480e-04
2.726589988887421698e-02 -5.468943466408728027e-02 1.160695682795337760e-02 1.164292366664530440e-02 -5.101088137950022389e-02 6.896854677403711775e-02 0.000000000000000000e+00 -6.668344527755824813e-02 2.732286749233724110e-03 2.982297619502183653e-02 9.210842594302876343e-03 1.022037768782683848e-01 2.407209759338732949e-02 8.317071546738798171e-02 -3.318130022629867115e-02 -8.517150742178779613e-03 1.157958017456990098e-02 4.452378258978579445e-02 9.539257754642094245e-02 2.330547409310617171e-02 1.258836412511381330e-03 3.005828905478095600e-02 -5.943070961334655233e-02 3.324905327323032095e-02 -1.944578188598914542e-02 2.103498871563132602e-02 -5.301353594326085883e-02 2.230412088304972468e-03 6.155092804981546900e-02 -1.191380379676121037e-01 9.560788781129030134e-03 -6.664102659967840667e-03 4.569044873832247416e-02 -5.108112653551728083e-03 -2.373469493653554072e-02 1.717973597025286570e-02 -2.525231864584415523e-03 -3.166474678647591273e-02 2.189773996686926461e-02 -5.315145902422258734e-02 -1.544839621341363711e-02 -4.734787173681304778e-02 2.906290455435528788e-02 -1.586846011766811920e-02 2.719519681585196372e-02 -3.344219139706618854e-02 7.285328504630605995e-02 4.790313211613886346e-02 -4.604956385363098703e-02 7.563291997983918880e-02 3.073116111294233593e-02 -3.963728635720509264e-02 6.686699403391771317e-03 -5.700491455333166202e-02 9.309414356500218812e-02 8.370537882162876545e-03 2.675389785571509124e-02 -2.844768562375863449e-04 2.900615749555511894e-02 -7.276975348058681292e-02 5.263671704800501616e-02 8.149923234355777729e-03 7.803777964711247628e-02 -1.553594697249603522e-02 -7.758966597591794578e-02 -2.676802388420810100e-02 8.689257458386068222e-02 1.875348017461174466e-02
-4.037916113320395503e-03 1.206515800276954748e-03 5.375624217346839512e-02 -9.638271943217853466e-02 7.162879125364800259e-02 3.325217693455944507e-02 -6.668344527755824813e-02 0.000000000000000000e+00 1.004810504434495121e-02 -1.317009565883228185e-02 4.391678842050107667e-02 -7.024074887117225108e-02 1.847213296344792435e-02 -1.066470640173304736e-02 1.753000091498753063e-02 1.489762698987699696e-03 7.249599081766954119e-03 5.234048198692841519e-03 1.442346172333193628e-02 -4.476293804618237948e-02 7.088485544702792691e-03 -6.275457101528787718e-02 6.654806381926138548e-02 -1.513918882879727867e-02 4.949686364979074410e-02 -3.479711447401485219e-02 -9.908738403184052385e-03 8.945945506301103411e-02 -6.621003311141386398e-03 6.951920261367210141e-02 3.553306517452415464e-02 3.074298934223404500e-02 1.164188116044351023e-03 8.876157067416930169e-02 -5.076817598270553372e-02 -6.169139242280431007e-02 -9.941489600086422795e-02 -1.437697910099095151e-02 1.951035511191148361e-02 3.578699247518225129e-02 3.681122250578312133e-02 -4.579575628650844887e-02 -2.547209093458076279e-03 3.634386251191906031e-02 4.800440074133421192e-02 -9.173751867650205977e-03 -6.584222533095343555e-02 2.791063357187690760e-02 -1.021346939877877842e-02 -1.351760997464746678e-02 -3.617191063092872749e-02 -9.443500127631178701e-03 -5.902890997050042055e-02 7.581919216026819161e-03 1.082227038323177459e-02 3.609342172763140011e-02 -4.329319257638377522e-02 6.953427076477150526e-02 -7.582081358192292514e-04 -5.342518391289093754e-02 1.174549243271358692e-02 6.818750774268340920e-02 2.467174308868947188e-02 -1.635174495167739583e-03 -3.006852608537432213e-03 -1.287108004703416131e-01 3.871910443856418915e-02 -6.019789835672283325e-03
3.593772341393645930e-02 5.974822250647220112e-02 -3.067761601100131574e-02 3.260775083749235109e-02 6.263873584863181854e-02 2.435769588445136150e-02 2.732286749233724110e-03 1.004810504434495121e-02 0.000000000000000000e+00 8.340795774202595936e-03 -5.110007410539550016e-02 -1.987234208566344799e-03 -3.847852642711071386e-02 1.897412201189698291e-02 1.047484636545025632e-02 -2.674089970071369740e-02 -1.092326690920631359e-02 -1.685301048259081266e-02 3.495619501696659026e-02 2.533642611635194414e-02 9.101764867903025524e-03 3.219394768369498311e-02 4.983144562459812348e-04 9.301640323621721343e-03 2.438377368818172089e-02 -4.483294429203266845e-02 -1.499930632599595637e-01 -2.068313253491759277e-02 -3.829005734133318628e-02 -6.883807848192623202e-02 1.834767479711384847e-02 -4.064438764772738272e-03 -5.253480226409892873e-02 -1.070112581468790625e-02 4.233371814123050580e-02 9.468084649156990884e-02 -5.825787311283119052e-02 -6.436814842917826240e-02 -3.707584501146413830e-02 -3.954570554810302174e-02 -7.848876374747118176e-03 2.984752288342840294e-03 -4.150260147985860779e-03 -9.554820289787063770e-02 2.214530430530442170e-02 4.768068939154987591e-03 6.995285311560955899e-02 5.523891456012867268e-02 -2.510456589973023012e-02 -7.260640681166753924e-04 -1.179451167283494945e-01 -3.769148081546166984e-02 1.069284972331228517e-01 -9.443599676809919310e-03 9.499997872665593909e-03 6.968104837307514954e-02 -1.752598134865586410e-02 9.346366000163166404e-03 1.048408675512351763e-02 7.831732933308759026e-02 -9.195901725651800529e-02 -2.865916168225922031e-02 6.332140694974651429e-02 -4.134036621632314855e-03 -4.586056723279469810e-02 -2.457372468569727925e-03 3.432345835687347635e-02 -6.509154509394791954e-02
3.913542993711786357e-03 -5.163811261825500265e-02 -4.957435491143746820e-02 5.649965975234708809e-02 -1.630282783051556581e-03 3.601530878677265679e-02 2.982297619502183653e-02 -1.317009565883228185e-02 8.340795774202595936e-03 0.000000000000000000e+00 5.143675618000112526e-02 1.452437299036960297e-02 -4.157850436924881432e-02 5.353806018047596593e-02 8.170989806185056242e-03 -2.407000083104610458e-02 -5.967728397324997131e-02 -6.744341988671989814e-03 6.898707458115719421e-03 2.878064188113814773e-02 8.995995909602157170e-02 -7.379875100283832257e-02 -5.602362798185824000e-02 8.369399704284731512e-02 -1.747371635506245180e-04 -5.994675053723407671e-02 1.314473150755068875e-02 3.082070136369719632e-02 -3.048469455605604811e-02 -2.205447375363521131e-02 -8.439824654773856946e-03 -2.256548647099837143e-02 -2.963959624447390709e-02 9.251983179328350862e-03 6.604547732494969736e-02 -3.551923351074438850e-02 2.318530554451288250e-02 -3.503376625627521723e-02 -6.116507908448837877e-02 -4.096875068965472738e-02 5.303116931492113557e-03 -9.686295815812469290e-02 -1.286583132225777859e-01 3.706616690374004569e-02 -2.334556698143299552e-02 3.802618874176256353e-02 -2.061141829070886611e-02 -4.459911393015142389e-02 -7.320483649641323920e-02 -1.335423503537627905e-02 -4.272265093167380845e-02 -5.540046864572010371e-02 5.247975525798878604e-02 -5.033011406160178142e-02 -2.288523189613149780e-02 -2.920526213880647939e-02 -3.446223910040790289e-02 9.538808167916247929e-03 2.158537169766707939e-02 1.403190176990675754e-02 -3.579714579936443125e-02 2.050866008567764701e-03 -8.284131812862043087e-02 -4.064937933799224468e-02 4.035506641904649389e-02 -2.412647830915311611e-02 -5.260749608309340380e-02 -2.685466118347734632e-02
-3.346178907852564305e-02 -4.082042679851001499e-02 -1.111451575781417615e-02 2.389055638373484020e-03 1.052584686512829729e-03 1.895237048389916690e-02 9.210842594302876343e-03 4.391678842050107667e-02 -5.110007410539550016e-02 5.143675618000112526e-02 0.000000000000000000e+00 2.506673233567556502e-02 -4.804537732428647984e-02 5.242059979530873381e-02 1.518819955084366874e-02 9.148501510853046526e-02 -9.920180246338455854e-02 1.264857751902056723e-02 9.564578526474301623e-02 6.343345471902893384e-02 -1.014758798221050279e-01 -1.109138309997046226e-02 7.976270934766611920e-02 -1.322919010361458050e-02 3.730486075325138012e-02 6.844537534894837294e-02 -4.432788195419540278e-02 -3.880088944503587607e-03 6.132412576566911855e-02 -1.657601625238944165e-02 -9.886791213832214764e-02 2.180767114838948195e-02 2.337464517908420525e-02 9.024909422238087953e-02 2.445147276019558197e-02 -6.753767912003157126e-02 2.824138082992365059e-03 1.182078887048591993e-02 -2.014683495986452008e-02 2.435706959687142237e-02 -5.082108918162285549e-02 5.905070186485648215e-02 3.567438117380894447e-02 5.661760490130575418e-02 -3.972771408971434437e-02 -4.180531580704601596e-02 5.717879032886003660e-02 1.295771032262211728e-02 -6.034266705251532109e-02 4.038201741343601381e-02 5.066120372484358807e-03 -1.975240141978534467e-02 -4.766532757716659269e-02 6.380965029487307982e-02 -9.205093678999421922e-03 -2.965827414509472973e-02 -3.342228076025384464e-02 -8.012425136460950281e-03 -5.376896500278671720e-02 1.877019577647256673e-02 -1.671928731869736992e-02 -4.471859749437133436e-02 2.096238215670710291e-03 4.208374136344677358e-02 -1.703221534368868154e-02 3.967236492490574390e-02 -8.821078158556359960e-02 -5.327528005860064642e-02
4.686617783134117143e-02 1.818912263348977394e-03 2.487594313995583964e-02 -3.819804482725023403e-02 -5.713437963331417790e-02 6.829928259396492174e-02 1.022037768782683848e-01 -7.024074887117225108e-02 -1.987234208566344799e-03 1.452437299036960297e-02 2.506673233567556502e-02 0.000000000000000000e+00 1.056740420830218352e-02 3.212240594449261577e-02 -1.353095777364237730e-02 -3.476469482322608329e-02 -4.030667496275645162e-02 1.982840990637311715e-02 5.880059227090308344e-02 -4.069539906407648733e-02 -2.000054610005586389e-02 -6.618364946150587236e-02 3.524420945660037413e-02 2.881664674739013027e-02 9.300192192353620973e-06 -2.498382720061200976e-02 1.470363157426015158e-02 -4.438492877422257205e-02 6.564400108647004684e-02 -1.696231148452051821e-02 -6.368331967895110579e-02 6.017492741123389027e-02 -6.877212051854146579e-02 -5.582518950286976568e-03 6.718363353727022091e-02 -6.382763468927814265e-02 -4.982104840697749309e-02 -1.700826177583145832e-02 2.621977966763998358e-02 -9.449869537409862075e-02 3.040571471843375381e-02 -3.750778425646884157e-02 -4.381950350080749540e-02 -3.608595934036923792e-03 8.729254764260971355e-02 8.330544702623235431e-02 2.037054651357262519e-02 -6.647522730293124738e-02 4.019805630679994246e-02 2.174915083674042529e-02 -8.473803247247015114e-02 4.637081945486077814e-03 4.205590171598754673e-02 7.352223370969566962e-02 -1.277745573936187734e-02 2.107576431173243184e-02 -1.057662022873625818e-01 -1.915646955914944438e-02 -1.276134573138990036e-02 -2.591481250346260382e-02 3.039184491937846691e-02 -5.730664760552969805e-02 4.288652702337514971e-02 6.001970356759395164e-03 -4.240752135499792352e-02 -1.215237608923907045e-02 -8.178097708688157608e-02 9.795278099792564808e-02
2.266995577593310801e-03 8.384738208527894865e-02 -2.825847713995311913e-02 3.974644645684325545e-02 -8.770517917990366952e-02 -8.527985051148575038e-03 2.407209759338732949e-02 1.847213296344792435e-02 -3.847852642711071386e-02 -4.157850436924881432e-02 -4.804537732428647984e-02 1.056740420830218352e-02 0.000000000000000000e+00 -3.378029975385565820e-02 3.124694587418435504e-02 6.532948630796385492e-02 -5.066825951327941224e-02 -6.097193779866096758e-02 -1.875471503381940727e-02 -1.193367370717050985e-01 -4.349846159345043678e-02 4.181233352197058495e-02 2.435957091961724053e-02 -3.835271797177727815e-03 -4.146862451158060681e-02 3.698288848334692347e-02 -5.658627405163751262e-02 -1.702331046736316189e-02 -9.270551021515235912e-03 2.889949407375302926e-02 2.217927715696887264e-02 -3.662579843128645207e-02 -2.586791183733621463e-02 4.800670105044124269e-04 2.266435589758016966e-03 2.849050143796664353e-02 1.339338270489922877e-01 9.639094503150445747e-02 -4.293116412335578475e-02 -4.035659627174827124e-02 -6.970587317033148309e-03 -2.517484109180437302e-02 -7.191859685752699516e-02 -4.544451935628487232e-02 -1.506128300711505885e-01 -2.100480342225984412e-02 -7.786539232044501109e-03 -1.109951068619759347e-02 -2.829851436242863949e-02 -1.265586961791555498e-01 -2.920905943283590156e-02 1.708235967790574378e-02 -8.233452777961862076e-03 -6.920272661584180030e-02 -3.099969974799589648e-02 6.091548219780557050e-03 1.129280762417141613e-02 2.956974443090749569e-02 -1.120377733921757296e-01 -4.753743710041707926e-02 6.436491806241426139e-02 6.461948140359131953e-02 -2.475029860744738797e-02 8.295024871872655470e-03 -5.201304622300606528e-02 -4.440111665397295654e-02 2.321467039630201179e-02 4.221900467389119727e-02
-1.564466673926793311e-02 -7.565756170399176583e-02 -6.954017837991250013e-03 1.579137002768490547e-02 -1.123102450365293190e-03 -3.530031769249896562e-02 8.317071546738798171e-02 -1.066470640173304736e-02 1.897412201189698291e-02 5.353806018047596593e-02 5.242059979530873381e-02 3.212240594449261577e-02 -3.378029975385565820e-02 0.000000000000000000e+00 3.361084299443690970e-02 2.028859025659989976e-02 4.037762931634410885e-02 2.360892034512106219e-02 6.839260953805938181e-02 4.898063179057198999e-03 3.418245874289622260e-02 1.582841114690299381e-02 -3.964579923341371437e-02 6.213116224760240015e-04 1.306849783014571789e-02 8.559759337085141168e-03 -3.231856170138038692e-02 -1.655374953536322205e-02 5.555733944704798616e-02 -5.325221795540454684e-04 -5.784810209809147091e-03 -3.682468685283254994e-02 2.689971052914681346e-02 7.685622523733872703e-03 2.796312670578633350e-02 -4.338312483660652225e-02 -3.587754327419500483e-02 3.147594383171024857e-02 1.778287952398635921e-02 -2.724014545369950538e-02 -5.934245761732811347e-02 -2.947249185631482457e-02 -2.924972239108146466e-02 2.643525762019741099e-02 8.619803602651009145e-02 2.832999553285719951e-02 1.603112114455787149e-02 -1.100919256768504301e-01 5.690823719301395245e-02 1.207437629888548185e-02 2.866962031296818939e-02 -2.254843951942770677e-04 -1.309998723321993859e-02 -8.302905649833453028e-02 -4.482958196426904685e-03 4.587442976819770118e-02 -2.924420951546792199e-02 3.728075504832360082e-02 -6.317240680198799030e-02 -8.210394130030673060e-03 -3.872037138645648136e-02 -4.467748771147107140e-02 7.316567458499727283e-02 -1.155225023769921727e-01 -1.490225362218765108e-02 -2.171310300187899098e-02 -5.863981013283512539e-02 -6.564821730260503307e-02
-5.249950692952020173e-03 -3.145771251374109012e-02 -2.955077229341184636e-02 -1.275859586881654059e-02 -6.099417028621454545e-02 -1.408359522687281998e-02 -3.318130022629867115e-02 1.753000091498753063e-02 1.047484636545025632e-02 8.170989806185056242e-03 1.518819955084366874e-02 -1.353095777364237730e-02 3.124694587418435504e-02 3.361084299443690970e-02 0.000000000000000000e+00 -2.675231654578727816e-02 -1.938305170750531659e-02 -6.882141007273614997e-02 -3.435747429756181442e-02 -2.996228974653761951e-02 7.214456631256878361e-02 3.903772676706730033e-02 -6.265203556098936089e-02 8.832901831094275291e-02 3.397897704699034960e-02 3.366081920516009185e-02 -6.541920327372846566e-02 -5.338389874793617040e-02 4.981898933220736680e-02 1.596285990551456202e-02 2.414501359454795937e-02 -8.495835032884820059e-02 2.941127676718040956e-02 5.267834220030537251e-02 6.805644000114752235e-02 -2.026065209885001897e-02 -1.077109150878339736e-02 2.535540680294093817e-03 -8.416703671122505170e-02 -3.642756235507227380e-02 -2.331772147997255781e-02 -4.486853534864719550e-02 -4.735321116809192155e-02 -5.333262153181927978e-02 -5.712925216248874311e-02 4.350464229384838621e-02 7.669318182505163381e-03 5.631489438298382944e-02 9.850879408576816362e-03 1.895593102394754759e-02 3.259502096813569894e-02 2.038504022581410016e-02 1.794981202743259341e-02 9.162930313953959738e-03 4.468762711161503726e-02 -1.772618255100057161e-02 4.458860340337246486e-02 -2.673153210941670369e-02 6.960893271902792064e-03 3.546922390548237769e-02 -8.622947040068669466e-02 -7.645625564681485242e-02 -8.805767469325970209e-02 6.894094519079187189e-02 -4.006316008475711843e-02 -1.274923080058388593e-02 -6.876088543306928258e-02 -7.092935113286977233e-02
-7.053663219408844165e-02 5.910781227206423315e-03 -6.266132876794264228e-02 -4.478067826660229317e-02 -4.162436046059733025e-02 -5.793226940674472969e-02 -8.517150742178779613e-03 1.489762698987699696e-03 -2.674089970071369740e-02 -2.407000083104610458e-02 9.148501510853046526e-02 -3.476469482322608329e-02 6.532948630796385492e-02 2.028859025659989976e-02 -2.675231654578727816e-02 0.000000000000000000e+00 2.015738279710006797e-02 -2.277533127353134970e-02 -7.137917018251044299e-02 -8.854887769178832260e-03 1.075800844683876545e-01 -2.392879456766345073e-02 4.648129145593506151e-02 -1.032457060295105533e-02 -6.017618346814750802e-02 3.687415770835367201e-02 3.991076228297451428e-02 9.983550686051397005e-03 5.265199584385586024e-02 1.655754468911919269e-02 -7.610560072019205424e-02 1.152915133384986024e-01 2.354641021976169868e-02 3.563710059431568489e-02 -3.503350589859905839e-03 -2.247140215141897601e-02 2.356316303926812503e-02 6.891247638826279720e-02 9.221623720691496037e-03 -1.142915872074874994e-01 1.019901936184660629e-01 7.823762001126972898e-02 2.414456935015742850e-02 -3.215313711142019082e-02 -1.441868387145114894e-01 -3.248897447891380130e-02 -2.202328573643972179e-02 1.599243679575139757e-02 -5.617384401626136781e-02 -2.854168504219899843e-02 3.552282968064700286e-02 5.516697538208645279e-02 -1.043505507898287027e-01 3.369414139258312957e-02 -3.295995282555836542e-02 2.573306767279320492e-02 7.597661892893749734e-03 2.150553589398534679e-02 -1.361316486543727618e-02 3.137707110357582097e-02 3.729957051354469005e-02 -8.275258683478373470e-03 -4.915781197142619213e-02 -3.620450581774113663e-02 -5.680915125753804862e-02 8.940750816842625570e-02 -3.316085006290028780e-02 -2.396114088673044484e-02
4.083946577940847367e-02 7.671615473245366190e-02 -4.341649208428829260e-02 -4.517992139875078028e-02 7.179387074070600616e-02 -2.815153362516613009e-02 1.157958017456990098e-02 7.249599081766954119e-03 -1.092326690920631359e-02 -5.967728397324997131e-02 -9.920180246338455854e-02 -4.030667496275645162e-02 -5.066825951327941224e-02 4.037762931634410885e-02 -1.938305170750531659e-02 2.015738279710006797e-02 0.000000000000000000e+00 2.349084793334351925e-02 5.094813173067133660e-03 3.509927651787028789e-03 2.944028108311761913e-02 -4.427329803821707793e-03 -6.842762165749624592e-02 3.319746565582683273e-02 7.028596322319587142e-02 -7.532861723018109863e-03 1.763535176963922785e-02 2.652857380125299078e-02 2.327321805257006292e-03 3.672629353255453533e-02 7.486382786776557552e-02 -1.849318222212579252e-03 4.072034875088404587e-02 -6.602981774378957613e-03 9.114067645884987856e-02 -1.409673117533158729e-03 -4.384658123969917970e-02 -5.586415197872686422e-02 -5.696739534585903986e-02 -1.967349998928842950e-02 4.095510716110135202e-02 4.493227736029869329e-02 6.978090213605211978e-02 -3.160634706218055923e-02 9.495912468537053008e-02 3.883651142787991183e-03 -7.050961372406337226e-03 1.094003424670965917e-02 5.674316429168319714e-02 -5.702441174238571941e-02 -7.418786176101216379e-02 -3.820485640614634890e-03 -3.131681905635323726e-02 1.875581182004496840e-03 -5.096319091887187985e-02 -4.771194864937741004e-02 3.749588670979396576e-02 5.488804893962989651e-02 -2.120324176010033798e-02 -9.210369488131976701e-02 -1.972493085149761613e-04 7.956012689896335699e-02 1.251777154140461257e-02 -4.155757830467139702e-02 1.395222882642389948e-03 -1.091324669190897774e-02 -1.727331766128744478e-02 9.102149639943519100e-04
4.409477664770037469e-02 5.835681949779525368e-02 -2.981296950684447430e-02 1.674423871754014345e-02 -1.781256300601332179e-02 5.535108715730958223e-02 4.452378258978579445e-02 5.234048198692841519e-03 -1.685301048259081266e-02 -6.744341988671989814e-03 1.264857751902056723e-02 1.982840990637311715e-02 -6.097193779866096758e-02 2.360892034512106219e-02 -6.882141007273614997e-02 -2.277533127353134970e-02 2.349084793334351925e-02 0.000000000000000000e+00 -5.083270022452860554e-02 -1.270862071954732830e-01 7.052021450126885749e-02 7.509312718979444098e-04 4.707173459005068589e-02 -3.421701544714267351e-02 -5.935287353973617286e-02 1.589022632248428268e-02 -7.219782987882125691e-02 2.783753432727826410e-02 4.077286555429835563e-02 5.798312304817981877e-02 2.080229695019225611e-02 6.272073583831402899e-02 -2.058043285337289585e-02 7.384520678021030959e-02 -1.105905070103899851e-02 5.480395750100697932e-02 8.833464802879551978e-03 8.962438847719783293e-05 1.067856720711469511e-02 4.018719594972097048e-02 -1.360076910845515671e-02 -2.001054999489249118e-03 3.534655942458244521e-02 -1.182337401832169767e-02 5.563533022481460116e-02 2.715582349293447356e-02 5.863253740926632762e-02 -8.256883295639864950e-02 1.831829025546955619e-02 -4.264097344767636688e-02 2.886359841659137671e-02 -4.436809035409318425e-02 7.595587105374661252e-02 3.576959205062815728e-02 1.768020525095148274e-02 9.513801087245535304e-02 2.716853895148151413e-02 -1.707067895752693854e-02 -7.181099831483619619e-03 -1.654617585638711030e-02 3.757587718237215962e-02 -3.325825073929224857e-02 -3.822710753158231611e-02 -2.703911669429822154e-02 7.343176817097557540e-02 6.060857542539031112e-02 3.259339258434915815e-02 6.424900933101487799e-02
-3.725395491676484344e-02 -3.268717785697356545e-03 3.058423379060716887e-02 -2.073291828312170612e-02 4.761116286138666887e-02 2.764657152943391163e-02 9.539257754642094245e-02 1.442346172333193628e-02 3.495619501696659026e-02 6.898707458115719421e-03 9.564578526474301623e-02 5.880059227090308344e-02 -1.875471503381940727e-02 6.839260953805938181e-02 -3.435747429756181442e-02 -7.137917018251044299e-02 5.094813173067133660e-03 -5.083270022452860554e-02 0.000000000000000000e+00 -3.632172470932452241e-02 2.388425294637234325e-03 5.275570093645708634e-03 -4.118426236550010167e-02 -3.945009390043860420e-02 1.517993467916612695e-02 4.117610872680843581e-02 -1.013453035008858236e-02 -2.375625639501011133e-02 1.179933027789083558e-02 3.297836081944620357e-02 6.705414985575228019e-03 -7.204234097926134894e-02 -4.076226779555463392e-02 -4.563383977600193875e-02 -9.111058428296689785e-03 -1.014138168062813164e-02 -2.043056293948360483e-02 5.109540030641291676e-03 -7.016447289666098708e-02 3.613272883194960233e-02 1.044149295005734369e-02 -3.160753769130535823e-02 1.292956620619804993e-02 1.080813643157204906e-01 4.860224790879794088e-02 8.726303180276022420e-02 3.776248162352822957e-02 -3.493682136863800257e-04 -4.482598687349245714e-02 -3.423476191642266242e-03 -2.595548755481010342e-02 -3.327597304845512222e-02 1.785035011510644788e-03 1.774993952950600432e-02 6.633759803488720186e-02 2.040956362382980935e-02 -1.776691872017051310e-01 -9.237763243569431515e-02 4.269534041782489103e-02 -6.239730969932511667e-02 -4.685346891020259808e-05 -3.151928429574830243e-02 5.453214266586744324e-02 1.285553701613644309e-02 5.704324491930794910e-02 2.953585774606699854e-02 -4.549522225897396216e-02 1.616388759116281493e-02
6.152771057585034592e-02 2.125108164586332615e-02 4.479715685140839461e-03 -5.080955123298878939e-02 1.412990623859223648e-03 6.979200014115570505e-02 2.330547409310617171e-02 -4.476293804618237948e-02 2.533642611635194414e-02 2.878064188113814773e-02 6.343345471902893384e-02 -4.069539906407648733e-02 -1.193367370717050985e-01 4.898063179057198999e-03 -2.996228974653761951e-02 -8.854887769178832260e-03 3.509927651787028789e-03 -1.270862071954732830e-01 -3.632172470932452241e-02 0.000000000000000000e+00 -1.805877209321545690e-02 -5.970741485794740788e-02 -2.561360727095786036e-02 -2.491330396763625360e-02 2.363810041299662518e-02 -1.201889864521932597e-02 8.345021694526438827e-02 5.196825114482199470e-02 -7.318667972745665495e-02 -4.159330802230479240e-03 3.094294779467336173e-05 2.054890610030802797e-02 2.066579444015053269e-03 -1.039029988725046275e-02 5.811086069070912213e-02 2.244076850643427976e-02 -7.443807657083890972e-02 -4.537108637776564313e-02 1.236490147828962077e-02 -1.468107964456330516e-02 4.564410794840637747e-02 -4.685230917474575429e-02 1.543782226098009205e-02 1.652571878921027873e-02 1.373304796037679368e-02 -4.115326250808504227e-02 3.504275709993955046e-02 -5.084429930125277525e-02 3.105499595124869977e-02 3.988909819083291675e-02 5.498426328473258844e-03 -4.024372167601614203e-02 4.107544347647693744e-02 -4.231420283950323991e-02 2.600523219108071341e-02 -5.864330050350774481e-02 8.515168594350487619e-02 2.335985255895520543e-02 -7.601648283985945609e-02 6.444548579633010976e-02 6.406063271922184110e-02 -8.327187538848936088e-02 -2.332286859778295689e-03 3.225811007163870061e-03 2.910310281275146210e-02 5.091179741950645904e-02 4.450708389316276187e-02 -1.454237105959477715e-02
3.052569841558895949e-02 9.675496380972505028e-02 2.041572987926096663e-02 -6.225160822766986207e-02 -9.706692947481333766e-02 2.936151124918742056e-02 1.258836412511381330e-03 7.088485544702792691e-03 9.101764867903025524e-03 8.995995909602157170e-02 -1.014758798221050279e-01 -2.000054610005586389e-02 -4.349846159345043678e-02 3.418245874289622260e-02 7.214456631256878361e-02 1.075800844683876545e-01 2.944028108311761913e-02 7.052021450126885749e-02 2.388425294637234325e-03 -1.805877209321545690e-02 0.000000000000000000e+00 7.732202097865029100e-02 4.131253005405333134e-02 5.460946243535642897e-02 -4.439602193751947951e-02 1.074782934267494786e-03 5.663237579090630441e-02 1.666636782634087731e-03 -3.731794952001243892e-02 4.957199159030216407e-02 -1.421248186490974875e-02 7.103292828840676587e-02 2.700760539968776255e-02 -3.730900599494641617e-02 -9.356073748724689360e-03 2.685024754960104246e-03 5.269306010692283854e-02 -3.290691701060383806e-02 5.024753310335885320e-03 1.627970282336598656e-02 7.112973121541237009e-02 -1.026088961343863369e-02 -9.391016175749217210e-02 7.527979371358372619e-03 4.303176062937710822e-02 1.861565313315785347e-03 -2.904102705783129582e-02 2.784417163851628588e-02 4.326612884362966401e-04 -8.403234691312475024e-03 -1.603521235519725710e-02 -2.231301543874512211e-02 -5.372488472831002393e-02 -6.937067344088831099e-03 -1.163910059345971831e-02 2.824363794213710296e-02 7.318131408937397775e-02 -3.542455925630289687e-02 2.636346952019143902e-02 3.328979517176668818e-02 9.269044759646882228e-04 -3.439748435818949790e-02 -1.058891658740424534e-02 -3.773460798274375777e-02 -2.304254636540458215e-02 -6.129928020580727860e-02 2.254774810286652373e-02 2.451030727655943188e-03
1.732645851399791659e-02 4.178004092417780813e-02 -6.568975490963298303e-02 -1.629647915378401937e-02 1.134411062585218705e-01 1.157908194963001500e-02 3.005828905478095600e-02 -6.275457101528787718e-02 3.219394768369498311e-02 -7.379875100283832257e-02 -1.109138309997046226e-02 -6.618364946150587236e-02 4.181233352197058495e-02 1.582841114690299381e-02 3.903772676706730033e-02 -2.392879456766345073e-02 -4.427329803821707793e-03 7.509312718979444098e-04 5.275570093645708634e-03 -5.970741485794740788e-02 7.732202097865029100e-02 0.000000000000000000e+00 4.544226707305196351e-03 5.207759342505243090e-03 3.529068262922765986e-02 5.821296316797889420e-02 -7.509595796124451939e-02 -2.270060248186887147e-02 8.962634485878565038e-02 -8.417840079554850252e-02 -1.239589280515971184e-02 -1.228439311666767314e-02 6.004157142761795685e-02 5.467202718809531514e-02 2.935219085093129354e-03 3.468675368106550333e-02 -2.511323341798608541e-02 8.611294249249779043e-03 -7.039356531677397506e-03 -2.109904588229570208e-02 -8.968609169654723212e-02 -2.025948103052967186e-02 -3.289466329471311956e-02 2.559427868021127428e-02 4.645262861293433972e-03 -3.389554210211965374e-02 -2.073185697982521045e-02 8.608431226369468725e-02 -1.670700934186142186e-04 3.397855103511880637e-02 5.282357505849223644e-02 -5.591462269865832280e-02 -5.080150509745513798e-02 -3.242166029820041720e-03 5.572261859814127416e-02 4.084850082196108539e-03 -3.967950158777505676e-02 -5.462271163305600086e-02 -5.966762945929054290e-02 -2.261589276252942010e-03 -2.688504659330506058e-02 -2.398185135403755469e-02 1.079886812236912838e-02 -1.834563897118756878e-02 4.111145540518493929e-02 -1.626640583348186106e-02 3.902119889133357639e-02 7.727020364057068935e-02
3.037931115619237760e-02 -4.083927578363185686e-03 1.795397246894592236e-02 2.425062493354907239e-03 -7.401712650351695635e-03 4.954091315932506595e-03 -5.943070961334655233e-02 6.654806381926138548e-02 4.983144562459812348e-04 -5.602362798185824000e-02 7.976270934766611920e-02 3.524420945660037413e-02 2.435957091961724053e-02 -3.964579923341371437e-02 -6.265203556098936089e-02 4.648129145593506151e-02 -6.842762165749624592e-02 4.707173459005068589e-02 -4.118426236550010167e-02 -2.561360727095786036e-02 4.131253005405333134e-02 4.544226707305196351e-03 0.000000000000000000e+00 -2.623962612516364534e-02 -2.504596346349690847e-02 1.719816066850523087e-02 5.849233605145850307e-02 -6.615166781344943188e-03 1.496024488975022070e-02 2.803805846980220867e-02 -5.693257993529084876e-02 1.161291812714578334e-02 6.680178697764505404e-04 -7.689090632055566032e-02 -4.712382131099290133e-02 -6.934162076164181177e-02 5.573761241095198486e-03 3.279508598045711033e-03 2.836094882554438326e-02 6.134677275581151834e-02 5.280191262923638468e-02 2.495319289972759355e-02 4.755218061866218343e-02 2.087550946778068267e-02 -4.236727286333391920e-03 2.979083495363752179e-02 6.275445802079122892e-02 2.428870075913858867e-02 -8.659420885832465678e-03 1.138966434394335196e-02 7.443705777817642699e-02 4.081564691521945981e-02 1.231938922655993890e-01 2.167054176003544580e-02 3.330089927274649392e-02 8.666232594621102459e-02 2.816637251844815101e-02 -2.052041794482652864e-02 -6.186158658848237013e-03 1.320358606987553571e-02 4.148586665932189194e-02 3.763841595470932694e-02 2.436116367771091334e-02 -2.333734178158899247e-02 -7.764077491399411224e-02 -5.398874723623312000e-02 4.044691555143022782e-02 2.744180159716171769e-02
