0.000000000000000000e+00 3.205359072628311684e-02 -3.709257565241076259e-03 -1.802799219265352124e-02 -1.130879326348973278e-02 3.586000179346856415e-02 2.720669691566806117e-02 -4.044750517163115018e-03 3.593615397618019069e-02 3.901999757855122153e-03 -3.347373794407267761e-02 4.684858951139139749e-02 2.274119158442590438e-03 -1.588657699624527672e-02 -5.261690246534843178e-03 -7.055587366657899151e-02 4.083700984177054960e-02 4.408714286345469940e-02 -3.726944520651531007e-02 6.153002902193772938e-02 3.052892394833896933e-02 1.731574934051098580e-02 3.036953762622360276e-02 6.686234048001593600e-02 2.109268381831561068e-02 -3.878419265114506007e-03 -2.247792855032556755e-02 -2.466116676250936293e-02 2.019562878133409484e-02 -2.565670459354937524e-02 -5.859604689179630232e-02 -1.094791310262504744e-02 -6.191735093643172677e-02 -3.268231357544404414e-02 -3.364178373871789390e-02 3.033762843436259640e-02 3.768767519523809340e-02 2.599596962710068113e-02 -3.391039892856381049e-02 1.532329825118320180e-02 5.147767014344743763e-02 -6.755287184758116369e-03 6.016736222933577807e-03 2.479146977518405931e-02 5.393708878043605714e-02 -6.612849138749284095e-02 9.678670695545895514e-03 2.881435600345120390e-02 -4.515031503741645524e-02 5.883806308158812115e-02 3.050383818325449678e-02 -8.973530821612779595e-02 1.535704614711040465e-02 1.392920613220431300e-02 -8.598699482198504662e-02 -8.175937987639672611e-02 4.976253835843140461e-02 -3.162721754140296326e-02 4.610352108141631267e-02 -2.782818133301351998e-02 -4.132174085654477524e-02 -2.596514904214974884e-02 5.535349199288707670e-04 -1.819199706267050215e-02 6.506152619914185031e-02 3.457456673137725058e-03 -1.949468638408731469e-02 1.087530125634420669e-02
3.205359072628311684e-02 0.000000000000000000e+00 -1.050519673870677351e-01 -8.197651178694916052e-02 4.026302781442836487e-02 -4.835862626506805956e-02 -5.465671305685514819e-02 1.236325393424635025e-03 5.972269147668311101e-02 -5.161287794020034264e-02 -4.082814843312309455e-02 1.827452292981368359e-03 8.382054717052424275e-02 -7.565604149139469603e-02 -3.146799302327416004e-02 5.907139205319300243e-03 7.672026368259056428e-02 5.836987333986796977e-02 -3.276928972257414467e-03 2.126165531708356510e-02 9.675087634976710371e-02 4.159268568117095721e-02 -4.117516996694246117e-03 -9.889502082060776245e-03 2.122793875771362276e-02 2.585892710777792577e-02 3.622125764934155858e-03 -3.335227251522437930e-02 -4.584229982026245126e-02 6.582990083359066547e-02 -3.291766395118793809e-03 4.700564772360942001e-02 -2.741994596675948262e-02 1.594649002881237676e-02 -3.955005786265655687e-02 2.181299866363387366e-02 2.435640291138465099e-02 -3.026906165140724400e-02 -6.105815174217701230e-02 6.950491227814869881e-03 -8.750800219441573491e-02 4.417783542564068799e-02 2.712517185147371099e-02 2.439098043166265661e-02 -2.581959319456180943e-02 5.227907281292779387e-03 -1.561158129047738631e-02 -4.020147606990398526e-02 -4.352399987629007594e-02 -3.547948941738016809e-02 4.353609454729325673e-02 2.990430584882782308e-02 -2.501839593481579912e-03 2.749047883214484483e-02 3.311834748684304441e-02 -5.640611430186993902e-02 5.119176673568567176e-02 -8.300600148602958750e-02 -8.721893260241085633e-02 -5.298301723296465482e-02 -8.344505265443493899e-03 -1.975826899784081242e-02 -3.107960995898367482e-02 -1.201278472337779374e-01 -3.821234752078506852e-02 -1.002836122032254446e-02 3.878312549904874146e-02 1.250376254362520756e-01
-3.709257565241076259e-03 -1.050519673870677351e-01 0.000000000000000000e+00 -8.405681426362211078e-03 -7.713940424497611748e-02 1.280763548065144697e-01 1.155966353732647799e-02 5.369013992528826745e-02 -3.062944615161492662e-02 -4.956642758798830706e-02 -1.113016391322115342e-02 2.486626037676772233e-02 -2.826275116602132084e-02 -6.954065151289290717e-03 -2.951536078489037582e-02 -6.272221130079212725e-02 -4.362853628164622966e-02 -2.982713489665602194e-02 3.059238266432225128e-02 4.471370243913537490e-03 2.030419949349817829e-02 -6.568104865643498158e-02 1.723793462265453894e-02 -2.457208792102070702e-02 2.724528535418426541e-03 6.419885668998034228e-03 7.801586022912172791e-02 -1.541519755542528763e-02 -1.117187372326968603e-02 -2.352037374954392066e-02 8.692384743399053648e-02 -6.642328649980766553e-02 7.552382585250853875e-02 -3.925209651209828933e-03 -3.721954965293369517e-03 -8.097846694941458756e-02 1.196652029280184312e-02 -2.465956054254312552e-02 5.808794043428958803e-02 7.201603839741917146e-02 2.352410887857080829e-02 -8.246360867333779598e-02 8.536816117807732862e-02 1.651276983684925662e-02 -2.450985329665459136e-02 -5.718927291971182686e-02 -2.336673158148824814e-02 -4.355640905444726346e-02 -4.338863864568869022e-02 4.335897977034703504e-02 8.427882764585869699e-03 5.181841481388547305e-02 -4.427834835871596875e-02 1.610864626581025305e-02 1.974635144897929351e-02 1.578229809907621961e-02 -5.912620674515335455e-03 1.468411566917074591e-02 -4.999880239267706639e-02 1.943738141289314686e-02 1.945669637722785561e-02 4.661696080940833792e-02 3.425956529865293101e-03 -9.910577696440275516e-03 2.756508881668996366e-02 -7.596125752742490314e-03 -4.637950555114220969e-02 -6.142745387393796358e-02
-1.802799219265352124e-02 -8.197651178694916052e-02 -8.405681426362211078e-03 0.000000000000000000e+00 7.888253755240447890e-03 8.649362835789068445e-04 1.161773712716516679e-02 -9.639415420603554552e-02 3.259912895917965736e-02 5.644284349143976337e-02 2.381334226947194686e-03 -3.823123869144641473e-02 3.976287214191553954e-02 1.581077758048583803e-02 -1.276267406420842666e-02 -4.478047388228116599e-02 -4.516615223125321904e-02 1.675442774557415332e-02 -2.072486539835141639e-02 -5.098489839011804275e-02 -6.226335513630090052e-02 -1.627484048020818100e-02 2.469950435293744896e-03 -2.706081929137885492e-02 -5.133001758774605877e-02 2.708638920480379089e-02 -6.348793724399998117e-02 2.712608861239425295e-02 -4.963838550358393165e-02 2.166262637577933206e-02 6.342361390568666824e-02 -1.159680828495924208e-02 -2.221050625042915797e-02 -2.879553828771448665e-02 -9.132531774999207153e-02 -4.762363344747655436e-02 3.678831611626297293e-02 4.625300316847753140e-02 -2.135387616539251993e-02 1.502998812646607653e-02 -7.201705247548677302e-02 3.276892849080072223e-02 -1.119384921126938409e-01 3.931604124383853566e-02 -5.464804399677689745e-02 -3.542490369398915845e-02 -6.437331355231302836e-03 -8.686245056084719585e-02 -4.761515035199515022e-02 4.757658532059402812e-02 -4.785057881857451845e-02 8.523507152963473443e-02 -1.396318651002125856e-02 -3.423755076365447847e-02 2.841808915737933233e-02 3.568068498055446125e-02 3.029294863388042741e-02 3.210077743558293478e-02 6.669629570524988893e-02 -2.372751517089656884e-02 1.949251799046076636e-02 1.315363764520248793e-02 -3.256477945858535835e-03 -9.750167558351836850e-02 -9.442395421399050331e-03 7.745192025829282512e-02 -6.215960229827931227e-02 -3.770199936235267557e-02
-1.130879326348973278e-02 4.026302781442836487e-02 -7.713940424497611748e-02 7.888253755240447890e-03 0.000000000000000000e+00 -2.394199181618123992e-02 -5.100735512993970211e-02 7.162979264059209095e-02 6.258570268647388468e-02 -1.627221767761804962e-03 1.046961347655055033e-03 -5.714497192904615525e-02 -8.773112671027780141e-02 -1.138666932908396785e-03 -6.119074744442232205e-02 -4.161909400782950325e-02 7.178748739993903727e-02 -1.781289415293716913e-02 4.760549379627383032e-02 1.417444154022544410e-03 -9.707254764826363236e-02 1.134330664700690799e-01 -7.331149775850614135e-03 -4.414810433879634392e-03 2.268000770100690733e-03 -4.783438862142505923e-03 5.947198913205099802e-02 -1.629719696037833579e-02 5.343925835787501771e-02 -2.123786476632188915e-03 2.787405154997485771e-02 1.128938042921901752e-01 8.519360619600449200e-03 8.396598614660895354e-02 5.798632026443324011e-02 1.890960315890299198e-02 -9.904284598290201413e-02 3.544656812319411932e-02 -8.083555001094236761e-03 -7.822081271267888880e-02 -4.260267669586882688e-02 1.314896482739231478e-03 1.384713965613541299e-02 4.958584206112812143e-02 -1.637784844219992986e-02 1.743336819337292648e-02 8.337982482874267340e-03 -5.887011605339687384e-03 7.339730694923890519e-02 2.277505338303296989e-02 -3.458334741945413848e-02 -3.103497304663259404e-02 -4.456534700640598506e-02 1.551098740202361444e-02 1.749096134096383634e-02 -5.351287533772634136e-02 -8.534031768201190415e-02 -1.426955344080272237e-03 6.092568650479777970e-02 -4.055691316811589620e-02 -3.032878542974366126e-02 -2.849340003873587421e-02 -7.563492612274562432e-02 -2.057082963000359671e-02 8.761209960237165140e-02 7.169921263710422876e-02 1.501332941176371748e-02 2.613254421141484804e-02
3.586000179346856415e-02 -4.835862626506805956e-02 1.280763548065144697e-01 8.649362835789068445e-04 -2.394199181618123992e-02 0.000000000000000000e+00 6.892058191876379580e-02 3.295390227440875980e-02 2.434777139480652150e-02 3.574209058336470096e-02 1.892201127096884358e-02 6.818393252888678424e-02 -8.541871889693746986e-03 -3.535795822635985630e-02 -1.416271470089332241e-02 -5.793699258077060488e-02 -2.817488060171569747e-02 5.534075138830727575e-02 2.762994975974661024e-02 6.979013277840459550e-02 2.935475977957199140e-02 1.159568902405220397e-02 4.895960064870850427e-03 5.676539786562394968e-02 -5.980196971183496940e-02 1.100716216110489143e-01 1.187316654221676378e-02 -4.541604112046068037e-02 1.484405477043213581e-03 -3.242329112655308043e-02 3.428242227298933242e-02 4.562005341656661522e-02 -5.926349555424075682e-03 3.743700885067273790e-03 6.172122589760260097e-02 -3.126342697332028936e-02 -4.435547886850148974e-02 7.098843493387334974e-03 5.681545919844442627e-02 1.138299735934944490e-02 1.350330233172273020e-01 2.742234656617361863e-02 1.193308330411508092e-02 -3.338096054399909002e-02 -9.955649263563680004e-03 -5.399745282593247653e-02 4.739195610403394016e-02 8.491694635691149351e-02 -7.200967088778047198e-02 -6.010278549053654079e-02 -2.143835792793574464e-03 -4.938554662400505141e-02 1.816782028916588340e-02 8.297365375579623947e-02 -6.396733714146177197e-02 7.164606135877396587e-02 4.102117461638244561e-02 4.895306017470972895e-03 1.446723916409311736e-02 -3.621928158192193326e-02 3.178232276457164385e-02 1.766730691247503458e-03 -6.212908088182781535e-02 3.060334433347753139e-02 4.084926184785348663e-02 2.482804344755533410e-02 -1.958703030334291509e-02 2.809075754415742729e-04
2.720669691566806117e-02 -5.465671305685514819e-02 1.155966353732647799e-02 1.161773712716516679e-02 -5.100735512993970211e-02 6.892058191876379580e-02 0.000000000000000000e+00 -6.692792818970928759e-02 2.749142104715082951e-03 2.945910523949180765e-02 9.176055195356899730e-03 1.022092657257685222e-01 2.408922252172925743e-02 8.278334482271555717e-02 -3.317261767509888104e-02 -8.534818608503644613e-03 1.154920527638847276e-02 4.446433555074850302e-02 9.536177659009417718e-02 2.326753956094986323e-02 1.182230147700015022e-03 3.009530781597042140e-02 -5.952189672732654396e-02 3.318350127023075163e-02 -1.947952891646983695e-02 2.102238115275387523e-02 -5.316495453509512831e-02 1.174019861575933098e-03 6.143599692698652887e-02 -1.194347444536283109e-01 9.561035540021261062e-03 -6.678457628817429173e-03 4.567858079637580893e-02 -5.168378896579911390e-03 -2.374984786212879298e-02 1.723626010506373180e-02 -2.528422185915073922e-03 -3.165857373088780402e-02 2.191360350731300782e-02 -5.314132276080204415e-02 -1.547024844701640200e-02 -4.733035481249537463e-02 2.908854755058223537e-02 -1.584261336971912529e-02 2.721130876121142378e-02 -3.340346994611236714e-02 7.287362206239880735e-02 4.795560787474691111e-02 -4.606307687586459060e-02 7.561336960355112546e-02 3.072910080376859213e-02 -3.963992411982877190e-02 6.686500592355344198e-03 -5.695350665058371287e-02 9.307315536895692520e-02 8.365823144751047616e-03 2.672179758449273398e-02 -3.274584993638215958e-04 2.901279431214418350e-02 -7.275942087086714749e-02 5.277073154332760641e-02 8.128004746275148754e-03 7.800445136718968386e-02 -1.551159184411051925e-02 -7.761030581630046221e-02 -2.678434237039258731e-02 8.694115302406189849e-02 1.872808156378313535e-02
-4.044750517163115018e-03 1.236325393424635025e-03 5.369013992528826745e-02 -9.639415420603554552e-02 7.162979264059209095e-02 3.295390227440875980e-02 -6.692792818970928759e-02 0.000000000000000000e+00 1.004661118300678377e-02 -1.330565122197961518e-02 4.389201538997034718e-02 -7.029042056783285641e-02 1.847276073334135418e-02 -1.103803667346452827e-02 1.752393348445486013e-02 1.492058675873559042e-03 7.178945598750913377e-03 5.209493930940277927e-03 1.439502753299051925e-02 -4.476562463351501514e-02 7.008453982419210644e-03 -6.275422037096861638e-02 6.646212064962586652e-02 -1.520164937041313530e-02 4.950846505483016968e-02 -3.484628512612578805e-02 -9.948245691056730594e-03 8.945346166540285582e-02 -6.666185084095335549e-03 6.946668455645596540e-02 3.553313857455201591e-02 3.069379077876555062e-02 1.156047733921903176e-03 8.873082968898236833e-02 -5.079254829243689401e-02 -6.167784200121489979e-02 -9.937811849970515365e-02 -1.439021795289247875e-02 1.950520683648872614e-02 3.579452377656576478e-02 3.676987738528234712e-02 -4.579828989377787013e-02 -2.553969246371393890e-03 3.632934636424595826e-02 4.800165016910067778e-02 -9.171310328945473517e-03 -6.585749740819880904e-02 2.792714013742428336e-02 -1.020890644697172375e-02 -1.352703313829409747e-02 -3.616446455529791215e-02 -9.431727508415817252e-03 -5.903046762180414603e-02 7.587975970811962345e-03 1.083217527178652329e-02 3.607336328006860438e-02 -4.328330881349596454e-02 6.949755929103207386e-02 -7.477437532409969599e-04 -5.338780501479013785e-02 1.181245320881232734e-02 6.813443242228385544e-02 2.466481449042997806e-02 -1.625113674399316418e-03 -2.996914236289888091e-03 -1.287071438307877680e-01 3.872860927392512281e-02 -5.996955094963467639e-03
3.593615397618019069e-02 5.972269147668311101e-02 -3.062944615161492662e-02 3.259912895917965736e-02 6.258570268647388468e-02 2.434777139480652150e-02 2.749142104715082951e-03 1.004661118300678377e-02 0.000000000000000000e+00 8.341109122721719268e-03 -5.109374469358032161e-02 -2.027940688657575187e-03 -3.848191635186053866e-02 1.898066031711620472e-02 1.037683514979970308e-02 -2.672017035586108855e-02 -1.089969887807103709e-02 -1.684199249953660660e-02 3.497014529914557746e-02 2.533037845293715715e-02 9.121544792869969859e-03 3.209626288083308049e-02 5.709511001946062899e-04 9.109483176400574519e-03 2.436071582151214110e-02 -4.479047953315612451e-02 -1.498940874407626023e-01 -2.071157090305819279e-02 -3.829238259206520223e-02 -6.882880967210137924e-02 1.835652906510802304e-02 -4.069706675638604283e-03 -5.252709967944989983e-02 -1.067488438707518347e-02 4.231896147506706424e-02 9.467689568068858585e-02 -5.822236759087406205e-02 -6.437398926134824118e-02 -3.707516477618163359e-02 -3.951951756223576889e-02 -7.832722175073513274e-03 2.993436718490044297e-03 -4.226687810425953581e-03 -9.554298522320646414e-02 2.215753941234250776e-02 4.778540362305542730e-03 6.996446728231366097e-02 5.523305913445681475e-02 -2.510324404661618339e-02 -7.185261996535848277e-04 -1.179447760169752696e-01 -3.770368862747404404e-02 1.069438676407152011e-01 -9.437080339527227982e-03 9.510562176795311212e-03 6.966758894412730663e-02 -1.745963407839143042e-02 9.315925052971884765e-03 1.048380709816963512e-02 7.838127279413277526e-02 -9.171681541103222923e-02 -2.867343885042888604e-02 6.332379402769568177e-02 -4.141282480926131854e-03 -4.585404159822854819e-02 -2.457996254868903378e-03 3.432254841100025600e-02 -6.510542887044874771e-02
3.901999757855122153e-03 -5.161287794020034264e-02 -4.956642758798830706e-02 5.644284349143976337e-02 -1.627221767761804962e-03 3.574209058336470096e-02 2.945910523949180765e-02 -1.330565122197961518e-02 8.341109122721719268e-03 0.000000000000000000e+00 5.141114922037617885e-02 1.442031390530223132e-02 -4.159255470025493423e-02 5.347497962705686364e-02 8.178496114838116823e-03 -2.405381489612496912e-02 -5.966145786016061742e-02 -6.779061908563081829e-03 6.864089295641754435e-03 2.867626697378180059e-02 8.998997698750937912e-02 -7.379402223235494163e-02 -5.601130575665708156e-02 8.367372170134507181e-02 -1.673078619560590754e-04 -5.998427359285474214e-02 1.331940762599000648e-02 3.058529746353939177e-02 -3.053715062490307969e-02 -2.205690997940549375e-02 -8.448780710445731243e-03 -2.258992540410235256e-02 -2.964383946587101706e-02 9.214156874659467505e-03 6.605555331305242028e-02 -3.550125130259451645e-02 2.322270495385714284e-02 -3.504873935120676048e-02 -6.116560791862258456e-02 -4.094683223791366344e-02 5.318493290636511044e-03 -9.684424769119184817e-02 -1.286607197682188009e-01 3.703803287602275285e-02 -2.334066396395022974e-02 3.805266259206047108e-02 -2.061719021954674241e-02 -4.458521630493801624e-02 -7.318704908535840492e-02 -1.334574757546561595e-02 -4.271933563539419970e-02 -5.539415626478035731e-02 5.249016377787634607e-02 -5.034771185437152130e-02 -2.287858357770274423e-02 -2.919843547307216652e-02 -3.442622975038066302e-02 9.513890468846876794e-03 2.158944299661301122e-02 1.407145772823604167e-02 -3.580139112126182188e-02 1.987230892759269708e-03 -8.284099098982238008e-02 -4.062474688838434156e-02 4.036922892615300157e-02 -2.410870837166148237e-02 -5.260514843932308920e-02 -2.683805078684960849e-02
-3.347373794407267761e-02 -4.082814843312309455e-02 -1.113016391322115342e-02 2.381334226947194686e-03 1.046961347655055033e-03 1.892201127096884358e-02 9.176055195356899730e-03 4.389201538997034718e-02 -5.109374469358032161e-02 5.141114922037617885e-02 0.000000000000000000e+00 2.503768533232060556e-02 -4.817761068359201898e-02 5.239394998098312328e-02 1.518791092518364562e-02 9.148277394343745650e-02 -9.922686632872751433e-02 1.250902236307517394e-02 9.561264984572824532e-02 6.344811021953085384e-02 -1.015178143229600871e-01 -1.109438023013596501e-02 7.982145347532103308e-02 -1.320983981619195530e-02 3.732282395839944811e-02 6.833280731250011841e-02 -4.433079766070084637e-02 -3.886802432607781594e-03 6.127575431074900464e-02 -1.659464724002347041e-02 -9.890122670857920406e-02 2.176660019188867215e-02 2.337059933642587212e-02 9.008812590036564816e-02 2.444720149036782447e-02 -6.753322203573465521e-02 2.830897757972259798e-03 1.181261018149824468e-02 -2.013957045830516712e-02 2.434845172991367823e-02 -5.082454978901972120e-02 5.905539953677340498e-02 3.568966432275045425e-02 5.661004163560353492e-02 -3.972693133952924505e-02 -4.181531703248513726e-02 5.716662642251433418e-02 1.296011428949702705e-02 -6.034558108453352138e-02 4.039800124121062375e-02 5.071373850618135504e-03 -1.974370399735201481e-02 -4.766156767651568565e-02 6.381416275395086768e-02 -9.183106830964500242e-03 -2.965176552251881301e-02 -3.343556698803986510e-02 -7.980481676980346120e-03 -5.375499415224876953e-02 1.880265184600288242e-02 -1.665000915885672325e-02 -4.469085159539197549e-02 2.113531088820174830e-03 4.210351987827130188e-02 -1.705028893401450141e-02 3.967695487712511598e-02 -8.821315450526968915e-02 -5.328257112773259613e-02
4.684858951139139749e-02 1.827452292981368359e-03 2.486626037676772233e-02 -3.823123869144641473e-02 -5.714497192904615525e-02 6.818393252888678424e-02 1.022092657257685222e-01 -7.029042056783285641e-02 -2.027940688657575187e-03 1.442031390530223132e-02 2.503768533232060556e-02 0.000000000000000000e+00 1.055258606008120485e-02 3.208267227797164528e-02 -1.357021946845721888e-02 -3.475679581416826064e-02 -4.031813537492953681e-02 1.980449968561434626e-02 5.880206736168654136e-02 -4.081377643585253762e-02 -2.001117992702311846e-02 -6.618074532383952380e-02 3.527482674309532357e-02 2.880107530073095293e-02 1.220776634204901813e-05 -2.503846577147898766e-02 1.467320045265146228e-02 -4.445159263067129107e-02 6.562418008414558357e-02 -1.698188712592652375e-02 -6.368936305689744393e-02 6.016010320162310659e-02 -6.877288510624997298e-02 -5.632371841179404509e-03 6.717686666511361870e-02 -6.382893715319752637e-02 -4.978482560361157522e-02 -1.701712114945005266e-02 2.622166999109141680e-02 -9.449830606315140491e-02 3.045422129853367008e-02 -3.748091213953807371e-02 -4.381482243285546307e-02 -3.604364653548926007e-03 8.728156946268408878e-02 8.328238747903406181e-02 2.035636249219346591e-02 -6.648853853103130207e-02 4.020640278323914241e-02 2.176411682345953669e-02 -8.472803954503906054e-02 4.630731096439004262e-03 4.204826585463317112e-02 7.351306333518398128e-02 -1.273771564267701072e-02 2.108357102564034635e-02 -1.057595555890259859e-01 -1.914262768605964546e-02 -1.275726018574674034e-02 -2.591103324165382193e-02 3.042084631214613324e-02 -5.730835850166947354e-02 4.289456295216080572e-02 6.009866152999060462e-03 -4.241672190478068538e-02 -1.217119670473140736e-02 -8.178233946575950986e-02 9.795020676084474631e-02
2.274119158442590438e-03 8.382054717052424275e-02 -2.826275116602132084e-02 3.976287214191553954e-02 -8.773112671027780141e-02 -8.541871889693746986e-03 2.408922252172925743e-02 1.847276073334135418e-02 -3.848191635186053866e-02 -4.159255470025493423e-02 -4.817761068359201898e-02 1.055258606008120485e-02 0.000000000000000000e+00 -3.379105910264047774e-02 3.126063100133861378e-02 6.533322961227423786e-02 -5.066278997578729792e-02 -6.098319740205750128e-02 -1.875650231305104818e-02 -1.193499576180283156e-01 -4.350595971566648124e-02 4.178847317019201979e-02 2.440046019025210108e-02 -3.860370377996480591e-03 -4.154880611370619786e-02 3.699608417235707158e-02 -5.683342591647651265e-02 -1.706182382188113980e-02 -9.304071987534910312e-03 2.891095574695768181e-02 2.210485217645919570e-02 -3.669612756115182145e-02 -2.586785115772203755e-02 3.477254228968634786e-04 2.266395673263012656e-03 2.848612892859274728e-02 1.339407167209279992e-01 9.639203323190366490e-02 -4.292259539705277349e-02 -4.034967012661215546e-02 -6.989469268909033819e-03 -2.515919436733098091e-02 -7.191938373344777813e-02 -4.545584841595960712e-02 -1.506247661509157454e-01 -2.099640648849803240e-02 -7.884654152496875859e-03 -1.108374057433677076e-02 -2.829041381209918687e-02 -1.265762235025210958e-01 -2.922091475395795571e-02 1.710009560175908272e-02 -8.224074077725672741e-03 -6.921015701922252072e-02 -3.100415504156093030e-02 6.105911989916608211e-03 1.127528021850695769e-02 2.956258240472945525e-02 -1.120263951773094180e-01 -4.757443517613565986e-02 6.444194193762932399e-02 6.463220798715170468e-02 -2.474703329853169403e-02 8.291948061709897982e-03 -5.205326577443809832e-02 -4.440001136921561953e-02 2.322492224634742364e-02 4.223358819042637158e-02
-1.588657699624527672e-02 -7.565604149139469603e-02 -6.954065151289290717e-03 1.581077758048583803e-02 -1.138666932908396785e-03 -3.535795822635985630e-02 8.278334482271555717e-02 -1.103803667346452827e-02 1.898066031711620472e-02 5.347497962705686364e-02 5.239394998098312328e-02 3.208267227797164528e-02 -3.379105910264047774e-02 0.000000000000000000e+00 3.361058780034634902e-02 2.029024174492268309e-02 4.031663422905213540e-02 2.356583282741355270e-02 6.836838949295767631e-02 4.896064468088023522e-03 3.417894897913863195e-02 1.583669771384813713e-02 -3.978251691910438675e-02 5.920771695418405173e-04 1.307092862778043083e-02 8.544006136916285424e-03 -3.224364622564431654e-02 -1.667587365094171103e-02 5.527675004544589654e-02 -7.823836146184874997e-04 -5.780827803975626192e-03 -3.687364145881050909e-02 2.689783011943953916e-02 7.627022129948175279e-03 2.799495350080558054e-02 -4.334927554882124501e-02 -3.583338156761219778e-02 3.149216611684384215e-02 1.777564890706995540e-02 -2.725188675514962633e-02 -5.930825414399867185e-02 -2.943020513778404901e-02 -2.925921513917631792e-02 2.644549783723381883e-02 8.618259876475985182e-02 2.834752104403696904e-02 1.602935675524748069e-02 -1.100996737166470563e-01 5.692599539643108247e-02 1.206040638869443696e-02 2.867062680520148649e-02 -1.986298482444158410e-04 -1.308684124739791475e-02 -8.303621608911487817e-02 -4.454043832949835385e-03 4.587306140170872154e-02 -2.921049117775307083e-02 3.729704676989733375e-02 -6.317634992410792183e-02 -8.148652527707963417e-03 -3.866798347331325270e-02 -4.466714080136448273e-02 7.317773405431203526e-02 -1.154993530552802933e-01 -1.490654721231292508e-02 -2.167700825945010484e-02 -5.864681153051543028e-02 -6.566661745385335425e-02
-5.261690246534843178e-03 -3.146799302327416004e-02 -2.951536078489037582e-02 -1.276267406420842666e-02 -6.119074744442232205e-02 -1.416271470089332241e-02 -3.317261767509888104e-02 1.752393348445486013e-02 1.037683514979970308e-02 8.178496114838116823e-03 1.518791092518364562e-02 -1.357021946845721888e-02 3.126063100133861378e-02 3.361058780034634902e-02 0.000000000000000000e+00 -2.674267572674689578e-02 -1.936784190728962907e-02 -6.882342185242963650e-02 -3.436493672903769003e-02 -2.996348829240755990e-02 7.217604713995061372e-02 3.902594565250504938e-02 -6.266971137932372815e-02 8.831061582349809813e-02 3.398129876610914840e-02 3.369566433811203160e-02 -6.526925988051862637e-02 -5.339952407421446473e-02 4.981005091169811438e-02 1.595847689483703702e-02 2.414523737147350121e-02 -8.500931228428812436e-02 2.941308217392804569e-02 5.268304255373126160e-02 6.804061365481735291e-02 -2.025181745539846034e-02 -1.075157400340242403e-02 2.545471475462249538e-03 -8.416229740552470806e-02 -3.640097773911631779e-02 -2.330702722193310830e-02 -4.486768201569828196e-02 -4.734671827475472883e-02 -5.331742974050793921e-02 -5.711308671286659255e-02 4.351447335086760376e-02 7.678682721200664335e-03 5.632676884115842691e-02 9.857519909413098996e-03 1.896695335368912133e-02 3.260627574004597989e-02 2.039595451456302846e-02 1.794982324270883930e-02 9.157096224933004500e-03 4.467900029900739867e-02 -1.771734106391092967e-02 4.461699521304921673e-02 -2.671306061550873107e-02 6.961223005706423071e-03 3.550452516206945019e-02 -8.614530867757816401e-02 -7.643995069867492997e-02 -8.804529418504646043e-02 6.895054404278820603e-02 -4.006302058899840340e-02 -1.273902086739571102e-02 -6.875362314358551830e-02 -7.090617161180004513e-02
-7.055587366657899151e-02 5.907139205319300243e-03 -6.272221130079212725e-02 -4.478047388228116599e-02 -4.161909400782950325e-02 -5.793699258077060488e-02 -8.534818608503644613e-03 1.492058675873559042e-03 -2.672017035586108855e-02 -2.405381489612496912e-02 9.148277394343745650e-02 -3.475679581416826064e-02 6.533322961227423786e-02 2.029024174492268309e-02 -2.674267572674689578e-02 0.000000000000000000e+00 2.014749732411193553e-02 -2.278357296698054965e-02 -7.136216749436821716e-02 -8.867424910972494106e-03 1.074525184975521908e-01 -2.399089364293562412e-02 4.620538170244475190e-02 -1.038536680486506179e-02 -6.017985321213324690e-02 3.686379129814576494e-02 3.961186790638526051e-02 9.953172543709946571e-03 5.262830359931478658e-02 1.652111058978244368e-02 -7.611514438496272406e-02 1.152942343930086488e-01 2.353540243544077759e-02 3.562819807875971384e-02 -3.507798524963080290e-03 -2.249332648857886238e-02 2.354158252492315195e-02 6.892295325966317499e-02 9.196463868000112965e-03 -1.143195210030576309e-01 1.019780177414847389e-01 7.825229579100016764e-02 2.414210872740589833e-02 -3.216291511713126328e-02 -1.441957177809813639e-01 -3.248496447034544127e-02 -2.202492036459095456e-02 1.595868150312630684e-02 -5.617177506776389190e-02 -2.875321997495761811e-02 3.551067201054703554e-02 5.516017080122335992e-02 -1.043534258027768447e-01 3.368537717307219098e-02 -3.298924996220055361e-02 2.570307084800427938e-02 7.327771468154119922e-03 2.148324234081952153e-02 -1.360982321081552308e-02 3.135345392670355058e-02 3.708203972612485189e-02 -8.313877352800940271e-03 -4.915768858145805331e-02 -3.621597886859486554e-02 -5.680011308938981429e-02 8.943381668177662058e-02 -3.317727660865579797e-02 -2.395703135887072496e-02
4.083700984177054960e-02 7.672026368259056428e-02 -4.362853628164622966e-02 -4.516615223125321904e-02 7.178748739993903727e-02 -2.817488060171569747e-02 1.154920527638847276e-02 7.178945598750913377e-03 -1.089969887807103709e-02 -5.966145786016061742e-02 -9.922686632872751433e-02 -4.031813537492953681e-02 -5.066278997578729792e-02 4.031663422905213540e-02 -1.936784190728962907e-02 2.014749732411193553e-02 0.000000000000000000e+00 2.350152309281652169e-02 4.941227349152253409e-03 3.513870384710408596e-03 2.941277785382426582e-02 -4.426168231166397078e-03 -6.881592818996593031e-02 3.317332997547986495e-02 7.028950135902405083e-02 -7.685831927574812705e-03 1.728387683670182251e-02 2.649835273355263462e-02 2.262428393151161288e-03 3.667966443915076508e-02 7.485099494858601932e-02 -1.830469347700583753e-03 4.070333411238720445e-02 -6.676405122679170481e-03 9.114044389846706617e-02 -1.395093499355287182e-03 -4.383016245187358606e-02 -5.587736255741769520e-02 -5.700034228237699924e-02 -1.971902353832869631e-02 4.090231226840995715e-02 4.495726737415779023e-02 6.975427588880296625e-02 -3.164730673551407331e-02 9.494616133846763006e-02 3.866379281749272000e-03 -7.047656771820120201e-03 1.092668403049566056e-02 5.674978659865743263e-02 -5.704005893888550172e-02 -7.420092160172794826e-02 -3.841070154760635111e-03 -3.130381194310138254e-02 1.881636317185813537e-03 -5.099109731726651079e-02 -4.771436726453687910e-02 3.757956696578819422e-02 5.486223331734221831e-02 -2.118784453509493099e-02 -9.209225209852239802e-02 -2.867431160416594109e-04 7.954344263958125494e-02 1.251540459909064422e-02 -4.156832734339586943e-02 1.401632172853667889e-03 -1.090651354798824121e-02 -1.727607793467319380e-02 8.840046535877067171e-04
4.408714286345469940e-02 5.836987333986796977e-02 -2.982713489665602194e-02 1.675442774557415332e-02 -1.781289415293716913e-02 5.534075138830727575e-02 4.446433555074850302e-02 5.209493930940277927e-03 -1.684199249953660660e-02 -6.779061908563081829e-03 1.250902236307517394e-02 1.980449968561434626e-02 -6.098319740205750128e-02 2.356583282741355270e-02 -6.882342185242963650e-02 -2.278357296698054965e-02 2.350152309281652169e-02 0.000000000000000000e+00 -5.093844366236977700e-02 -1.270886300479645015e-01 7.049342163514077386e-02 7.477586961301599779e-04 4.704632704038260588e-02 -3.421023560861310292e-02 -5.935208030421843667e-02 1.579593659407425160e-02 -7.233165174650356410e-02 2.779482660509291145e-02 4.072173575450351024e-02 5.794263831692694766e-02 2.080427520127764440e-02 6.271918704207680995e-02 -2.058987763375734123e-02 7.377622535646778668e-02 -1.105110956027276214e-02 5.480281369959132814e-02 8.824305149522759795e-03 8.886303933881811148e-05 1.067600608671043054e-02 4.018488572339901782e-02 -1.355964677347839750e-02 -1.992774417512392822e-03 3.533644115914418710e-02 -1.183823785121274584e-02 5.561877683723789184e-02 2.714878020279438975e-02 5.861967215370043893e-02 -8.256690968134169917e-02 1.831841880545249587e-02 -4.265398981611121659e-02 2.885439282672190922e-02 -4.437619182109974608e-02 7.595743847276806293e-02 3.576582653772098636e-02 1.767198025954226995e-02 9.513856754406035954e-02 2.717065169994375626e-02 -1.706799162521118948e-02 -7.190034027775059691e-03 -1.656302492984301072e-02 3.771825441777090088e-02 -3.324750102057807966e-02 -3.822453290777259871e-02 -2.703313284480958825e-02 7.342435480609608989e-02 6.059501346644317887e-02 3.260268875434808172e-02 6.423061216013484231e-02
-3.726944520651531007e-02 -3.276928972257414467e-03 3.059238266432225128e-02 -2.072486539835141639e-02 4.760549379627383032e-02 2.762994975974661024e-02 9.536177659009417718e-02 1.439502753299051925e-02 3.497014529914557746e-02 6.864089295641754435e-03 9.561264984572824532e-02 5.880206736168654136e-02 -1.875650231305104818e-02 6.836838949295767631e-02 -3.436493672903769003e-02 -7.136216749436821716e-02 4.941227349152253409e-03 -5.093844366236977700e-02 0.000000000000000000e+00 -3.631933711462030645e-02 2.406318704879124859e-03 5.274644954894235072e-03 -4.115582410322628226e-02 -3.942108704159665716e-02 1.518176547179861391e-02 4.101485760504057498e-02 -1.014136443676829508e-02 -2.380359309684025246e-02 1.175843041141989148e-02 3.295844536476703890e-02 6.692209031606244710e-03 -7.204469319505482638e-02 -4.077165700145440885e-02 -4.579496797333360708e-02 -9.126204269912658804e-03 -1.014061665484929965e-02 -2.037163143411285099e-02 5.114851770405720241e-03 -7.016011162133944934e-02 3.612137373885213054e-02 1.045181841222587484e-02 -3.162392452655427705e-02 1.292977097819389756e-02 1.080682685265265119e-01 4.858261456873111395e-02 8.726164887980648877e-02 3.775240984841629621e-02 -3.558624159500180023e-04 -4.482977232118412481e-02 -3.372928438161823961e-03 -2.593274520555518409e-02 -3.327899793858782318e-02 1.797774580812978038e-03 1.773913155785595414e-02 6.641042557953173719e-02 2.042792558264830416e-02 -1.776584293586052632e-01 -9.236405445298756511e-02 4.269769362669267876e-02 -6.237972318954028428e-02 2.442630616285242805e-05 -3.149858543575698860e-02 5.454087403686146140e-02 1.285905303046419243e-02 5.703564689811351646e-02 2.952951690162693502e-02 -4.550106237550970850e-02 1.614168190293676503e-02
6.153002902193772938e-02 2.126165531708356510e-02 4.471370243913537490e-03 -5.098489839011804275e-02 1.417444154022544410e-03 6.979013277840459550e-02 2.326753956094986323e-02 -4.476562463351501514e-02 2.533037845293715715e-02 2.867626697378180059e-02 6.344811021953085384e-02 -4.081377643585253762e-02 -1.193499576180283156e-01 4.896064468088023522e-03 -2.996348829240755990e-02 -8.867424910972494106e-03 3.513870384710408596e-03 -1.270886300479645015e-01 -3.631933711462030645e-02 0.000000000000000000e+00 -1.805594915578625712e-02 -5.970212934172448166e-02 -2.565758577439101670e-02 -2.495076042451718074e-02 2.364361291926261530e-02 -1.204022317416368268e-02 8.334980420329805850e-02 5.195284688557713637e-02 -7.319539572647876247e-02 -4.154786237468077910e-03 2.533279067685282200e-05 2.055147424459377939e-02 2.081386352391193222e-03 -1.038102473492228360e-02 5.811596099963343282e-02 2.245089684308805220e-02 -7.449433597938788509e-02 -4.537226073823699690e-02 1.236474985145460601e-02 -1.466938683232644342e-02 4.569441788344249383e-02 -4.684302649563661103e-02 1.545844617292397617e-02 1.651585868542888164e-02 1.373432347862636217e-02 -4.116048514565107119e-02 3.504198964865755384e-02 -5.083923372987694811e-02 3.105976191122751875e-02 3.986536928955625170e-02 5.494173335100709099e-03 -4.025350919399653393e-02 4.106721186939668589e-02 -4.231563905696494182e-02 2.598608594461956217e-02 -5.865311487583046990e-02 8.514410969394062279e-02 2.338420308982993093e-02 -7.602714640790428358e-02 6.443620652198209231e-02 6.390002242909477437e-02 -8.333107877636712624e-02 -2.332092875469475579e-03 3.232831887987800724e-03 2.909665396471339607e-02 5.090932163582315151e-02 4.452253471932857837e-02 -1.455796700050065486e-02
3.052892394833896933e-02 9.675087634976710371e-02 2.030419949349817829e-02 -6.226335513630090052e-02 -9.707254764826363236e-02 2.935475977957199140e-02 1.182230147700015022e-03 7.008453982419210644e-03 9.121544792869969859e-03 8.998997698750937912e-02 -1.015178143229600871e-01 -2.001117992702311846e-02 -4.350595971566648124e-02 3.417894897913863195e-02 7.217604713995061372e-02 1.074525184975521908e-01 2.941277785382426582e-02 7.049342163514077386e-02 2.406318704879124859e-03 -1.805594915578625712e-02 0.000000000000000000e+00 7.732284348261792006e-02 4.043462681827030697e-02 5.459732940904166165e-02 -4.439433333582947644e-02 1.030974724823127122e-03 5.656986027211041018e-02 1.399349528300702699e-03 -3.738960084539763584e-02 4.920606874736641045e-02 -1.418479956488026550e-02 7.103530337147016815e-02 2.699577891852183650e-02 -3.738891193965109688e-02 -9.345835080702977540e-03 2.736322780691721572e-03 5.266806271003772466e-02 -3.290574214793414581e-02 5.015133961835237936e-03 1.626093917404401387e-02 7.109536673029766274e-02 -1.028796153396204817e-02 -9.393577334905042764e-02 7.518344510604371873e-03 4.305297068616490558e-02 1.883735271969335604e-03 -2.905985790057914048e-02 2.783713606949843669e-02 4.450666292570096554e-04 -8.492364635477681403e-03 -1.609311434527619170e-02 -2.233829299816745412e-02 -5.376354143993983259e-02 -6.930137154830962563e-03 -1.175575907489828480e-02 2.819465867024958938e-02 7.308072750399130513e-02 -3.544866612067945622e-02 2.637605728645033704e-02 3.327744407782689401e-02 7.506106865469273524e-04 -3.449657279759330702e-02 -1.060629858785461406e-02 -3.773424199764706388e-02 -2.301261160290216795e-02 -6.128752668358790345e-02 2.254054359635237342e-02 2.441142071887586473e-03
1.731574934051098580e-02 4.159268568117095721e-02 -6.568104865643498158e-02 -1.627484048020818100e-02 1.134330664700690799e-01 1.159568902405220397e-02 3.009530781597042140e-02 -6.275422037096861638e-02 3.209626288083308049e-02 -7.379402223235494163e-02 -1.109438023013596501e-02 -6.618074532383952380e-02 4.178847317019201979e-02 1.583669771384813713e-02 3.902594565250504938e-02 -2.399089364293562412e-02 -4.426168231166397078e-03 7.477586961301599779e-04 5.274644954894235072e-03 -5.970212934172448166e-02 7.732284348261792006e-02 0.000000000000000000e+00 4.565521202179924180e-03 5.085909023820778252e-03 3.522357898363106393e-02 5.824687929677245524e-02 -7.516347751472067518e-02 -2.270517590352605711e-02 8.962610491633474230e-02 -8.420928279668168925e-02 -1.239431848526288855e-02 -1.230381041490436443e-02 6.004148993371415111e-02 5.467346736983196009e-02 2.927123549814464147e-03 3.467800535374131882e-02 -2.508617769917685300e-02 8.625903737746539943e-03 -7.038768523016995099e-03 -2.108881315995825984e-02 -8.970438083862057599e-02 -2.026717455401943688e-02 -3.289788040102910316e-02 2.561562869476654083e-02 4.652984569258183760e-03 -3.389391768490294943e-02 -2.073634160364533699e-02 8.611166438779681298e-02 -1.575849768410003150e-04 3.397734135972554914e-02 5.283793869285192957e-02 -5.592368668105734270e-02 -5.080211936600759204e-02 -3.243465452170650378e-03 5.574316004740353936e-02 4.024609763993752115e-03 -3.970557800099623613e-02 -5.463519860429000979e-02 -5.965124470610416729e-02 -2.237522412549684554e-03 -2.676806281495954995e-02 -2.392438800546499780e-02 1.079022238578962629e-02 -1.833603932284183502e-02 4.112898704351337920e-02 -1.627579453815003463e-02 3.901571329590478726e-02 7.727805863039166612e-02
3.036953762622360276e-02 -4.117516996694246117e-03 1.723793462265453894e-02 2.469950435293744896e-03 -7.331149775850614135e-03 4.895960064870850427e-03 -5.952189672732654396e-02 6.646212064962586652e-02 5.709511001946062899e-04 -5.601130575665708156e-02 7.982145347532103308e-02 3.527482674309532357e-02 2.440046019025210108e-02 -3.978251691910438675e-02 -6.266971137932372815e-02 4.620538170244475190e-02 -6.881592818996593031e-02 4.704632704038260588e-02 -4.115582410322628226e-02 -2.565758577439101670e-02 4.043462681827030697e-02 4.565521202179924180e-03 0.000000000000000000e+00 -2.629203270223202937e-02 -2.503816832580165949e-02 1.708094892676846957e-02 5.789136498032949191e-02 -6.640512062388694361e-03 1.489673854180542135e-02 2.775478772570032227e-02 -5.699042125524119567e-02 1.162551876304943402e-02 6.147222119245737562e-04 -7.695115669897518995e-02 -4.716434226158786741e-02 -6.934386647180980356e-02 5.546045080595351888e-03 3.311052354001872179e-03 2.829558953918657332e-02 6.129236642640557148e-02 5.266080609375654864e-02 2.496925608027788027e-02 4.754965936496707846e-02 2.085492491443827895e-02 -4.276166187653493087e-03 2.981899182208684954e-02 6.278394596172851005e-02 2.429305486645896503e-02 -8.659002391732078044e-03 1.111265058273741037e-02 7.441652634005564704e-02 4.076780872929966493e-02 1.232818490439856196e-01 2.166416810926506328e-02 3.326267802413052782e-02 8.664444062896592413e-02 2.760320165561159361e-02 -2.056011836146171001e-02 -6.159642130982996046e-03 1.314893108562098165e-02 4.109556969544701788e-02 3.762138062601282779e-02 2.436159414381749641e-02 -2.333955165363560402e-02 -7.764920679318247643e-02 -5.396676857364960528e-02 4.043690777545467380e-02 2.741964283151654413e-02
