0.000000000000000000e+00 3.168929510104128572e-02 -3.472563712632488302e-03 -1.775306115987945049e-02 -1.110123094184790708e-02 3.592789146596501310e-02 2.980518318806941319e-02 -3.621403701533630701e-03 3.598641103662413021e-02 4.435246672329974139e-03 -3.296653072661982764e-02 4.757604919096240087e-02 1.980410591172310913e-03 -5.818991371214114056e-03 -4.781700001017658019e-03 -6.976759814691209372e-02 4.092310369093850320e-02 4.441859248070628707e-02 -3.662358365273601229e-02 6.143632195759277104e-02 3.044751282063992009e-02 1.773594227519986050e-02 3.076862201230545768e-02 6.613198753665794349e-02 2.124072029445601972e-02 -4.176042015180124120e-03 -2.522433967262103366e-02 -2.359325410640690165e-02 2.768680057729381444e-02 -2.173860161100364327e-02 -5.864484347764544608e-02 -1.135701523907741220e-02 -6.160688486332972780e-02 -3.225825135831891788e-02 -3.360013344975791572e-02 2.933511561701809128e-02 3.739360101129513003e-02 2.590107394048770176e-02 -3.381018046515300857e-02 1.514676141767799800e-02 5.101882730297098434e-02 -6.447216998253495028e-03 5.284583652508231290e-03 2.518680208125079201e-02 5.450052799495648526e-02 -6.582586036385482120e-02 1.016885923658876131e-02 2.856598591173526921e-02 -4.511021158457575314e-02 5.855599102197433375e-02 3.112210942883017473e-02 -8.990750422074438031e-02 1.490300391079811028e-02 1.355304283078342942e-02 -8.497205332851420767e-02 -8.122237346687563586e-02 4.864933641829179839e-02 -3.166104966855536051e-02 4.571664545859281670e-02 -2.813721042494152225e-02 -4.145304165024407683e-02 -2.596182601407175800e-02 1.010670093963785291e-03 -1.858719542662649882e-02 6.516253649432210415e-02 3.440594409490706045e-03 -2.006550383547890670e-02 1.079466740952594525e-02
3.168929510104128572e-02 0.000000000000000000e+00 -1.042536509225951008e-01 -8.251269194932402129e-02 4.077526256164599322e-02 -4.861390303009122810e-02 -5.602589192228351472e-02 3.912181385052251051e-06 6.074388564222956560e-02 -5.269695417483617750e-02 -4.052046962237083882e-02 1.483832426770028854e-03 8.496054959930039729e-02 -7.573426473343397580e-02 -3.107892487965741024e-02 6.161135215657804858e-03 7.660443037989017601e-02 5.783613901029524551e-02 -2.950405832865562235e-03 2.086400266000561221e-02 9.686977719669874476e-02 4.922900358572351864e-02 -2.522175677456038080e-03 -8.352208195499080320e-03 2.744057026535307031e-02 2.539765086013481138e-02 8.082409631913724940e-03 -3.503123624847256229e-02 -4.526422149629283354e-02 6.483611581742307339e-02 -3.177748677846173059e-03 4.681815950198484760e-02 -2.724585879126615803e-02 1.660695536613802231e-02 -4.001601152843808212e-02 2.233821068335200069e-02 2.405637399206824248e-02 -3.037910900877814971e-02 -6.096223207411289452e-02 6.815232349513440820e-03 -8.884479231421513190e-02 4.312452894800881953e-02 2.616488396545823408e-02 2.366635082713000951e-02 -2.564963800859509924e-02 5.134295260977609840e-03 -1.570201952646107027e-02 -4.129888454644509155e-02 -4.353056316939907938e-02 -3.503001817051597244e-02 4.348974474239702959e-02 2.975944625927868376e-02 -2.632351719617835161e-03 2.707780916895838330e-02 3.320463205839238596e-02 -5.641620671497678957e-02 5.120467104873206027e-02 -8.358030625355332421e-02 -8.780093705802308190e-02 -5.254329986572234962e-02 -5.110367139242452846e-03 -2.347281214501228258e-02 -3.132693667493710588e-02 -1.206645761715673532e-01 -3.859067254778214551e-02 -9.704079707166466881e-03 3.888040684912100892e-02 1.246206073417019805e-01
-3.472563712632488302e-03 -1.042536509225951008e-01 0.000000000000000000e+00 -9.361627507988473304e-03 -7.678304935467508696e-02 1.290901447231648791e-01 1.376288663933742003e-02 5.655331014643050214e-02 -3.283911421530105040e-02 -4.992153015524878473e-02 -1.045106957136216971e-02 2.529994611632232007e-02 -2.794465219265566958e-02 -6.794684315035983031e-03 -3.110543018893716441e-02 -5.951337612003645972e-02 -3.395513458111548699e-02 -2.913124453066749317e-02 3.033153083639734959e-02 4.997326440440701123e-03 2.594789304074859165e-02 -6.600163516059553981e-02 4.885487781519885081e-02 -2.439030417133650902e-02 1.705943051790541386e-03 2.424911838106909301e-02 9.967511091488405472e-02 -1.461028612951898419e-02 -1.012776012064114592e-02 -2.177441005387689352e-02 8.803775971956871726e-02 -6.694821759807387251e-02 7.661641460365743728e-02 -3.923745361577173768e-03 -3.603294015173931497e-03 -8.059083596886303102e-02 1.272060887931135940e-02 -2.442214695403368760e-02 5.967426020751386700e-02 7.301868426690572011e-02 2.540305312770735693e-02 -8.237621373471228081e-02 8.638561145269990638e-02 1.745880728101071797e-02 -2.377256988768918639e-02 -5.596156053741456471e-02 -2.363468220334410258e-02 -4.322162032597695602e-02 -4.280235835900048080e-02 4.474426561166149063e-02 9.400669257910138077e-03 5.336909258086692392e-02 -4.359064821876727780e-02 1.595029854693031518e-02 2.034649571921529412e-02 1.548867460390089199e-02 -3.246787063884991591e-03 1.574214365928151491e-02 -5.036123063481601908e-02 1.992670827793964136e-02 3.773779590177062104e-02 4.694225924992939669e-02 1.958037584756084411e-03 -9.984264672766763812e-03 2.653411609946071045e-02 -8.990279032771272133e-03 -4.478125782368354291e-02 -5.955783728934273269e-02
-1.775306115987945049e-02 -8.251269194932402129e-02 -9.361627507988473304e-03 0.000000000000000000e+00 7.988567110204097821e-03 9.616037393921515655e-04 1.301579463850891308e-02 -9.587445388755234943e-02 3.300081976749927315e-02 5.886763033834378767e-02 2.689909176325266764e-03 -3.682327983295100027e-02 3.909367958217442596e-02 1.503957736624460077e-02 -1.258176189984416132e-02 -4.478230381841639962e-02 -4.575172850330856689e-02 1.635054405861819868e-02 -2.104942246561788965e-02 -4.382243285933713761e-02 -6.167181366624200495e-02 -1.714251286751940911e-02 4.807305425841474928e-04 -1.976175313924073002e-02 -5.105407987260571906e-02 2.588271656482293848e-02 -6.058796879187453716e-02 3.774958140854835914e-02 -4.951291502341330364e-02 2.095574454939968037e-02 6.346940226137401386e-02 -1.124226613944861487e-02 -2.264516771186809996e-02 -2.963262180895112965e-02 -9.161903763025136538e-02 -4.726815406957751015e-02 3.629324327749371137e-02 4.763520000767629270e-02 -2.146691229705184958e-02 1.456521208845691466e-02 -7.249550077119649993e-02 3.183553914661896994e-02 -1.112007951048752941e-01 3.955022285986282971e-02 -5.518831306559206229e-02 -3.541267404339708963e-02 -6.387158430540947063e-03 -8.810476155897137285e-02 -4.743842924763887886e-02 4.793174156693916221e-02 -4.801848891022056365e-02 8.513322495506062126e-02 -1.385336023470981962e-02 -3.363083446220190703e-02 2.846437303622565557e-02 3.507161734592657149e-02 3.013517328019728672e-02 3.307091896960073774e-02 6.630651039440493832e-02 -2.402492403800094573e-02 1.306038441640185177e-02 1.396565232626861310e-02 -4.287901245702960794e-03 -9.857578868953477402e-02 -9.612241783500086525e-03 7.735505163584212307e-02 -6.242628483974725639e-02 -3.779226257871644290e-02
-1.110123094184790708e-02 4.077526256164599322e-02 -7.678304935467508696e-02 7.988567110204097821e-03 0.000000000000000000e+00 -2.150328612431332692e-02 -5.111952702460301201e-02 7.159292291104621397e-02 6.476352954271664963e-02 -1.741298515919308208e-03 1.288412019659182983e-03 -5.668897807179687498e-02 -8.665430721103015155e-02 -4.976402678779417652e-04 -5.322698243849517674e-02 -4.186202057766390955e-02 7.199606869060683201e-02 -1.779378452915045261e-02 4.783934883450121495e-02 1.239702877707263935e-03 -9.685498171426612513e-02 1.137636642181815427e-01 -1.042319675732882207e-02 -2.102513238881920619e-03 2.560010503817405046e-03 -4.305097638616586612e-03 5.327894981344734326e-02 -1.750839629244960172e-02 5.378006562849789451e-02 -2.733498277010124912e-03 2.793293261434508234e-02 1.154420253861702661e-01 8.610257971249818051e-03 8.529018813657807119e-02 5.805122837730723739e-02 1.886164986442621580e-02 -1.009717769758828043e-01 3.537240516705023735e-02 -8.175575482913234604e-03 -7.787320484385779062e-02 -4.380072059404382934e-02 6.341743662135291637e-04 1.378141552117912762e-02 4.845771484693574965e-02 -1.650357859900987434e-02 1.754136678961823459e-02 8.711182926295543347e-03 -6.156772412850625674e-03 7.321395167688170280e-02 2.188314655782066381e-02 -3.552993350516845533e-02 -3.114919800407436878e-02 -4.467549910295290361e-02 1.595782101792918989e-02 1.537069023634631861e-02 -5.315142428710394745e-02 -8.708866243280831421e-02 -1.904866026306112304e-03 6.090979451712024567e-02 -4.183088021396862144e-02 -2.730807345572682648e-02 -3.001585747013685995e-02 -7.585033470103469400e-02 -2.128994794785302874e-02 8.725877099840442797e-02 7.173789455750681499e-02 1.453956553223225735e-02 2.527944771222015441e-02
3.592789146596501310e-02 -4.861390303009122810e-02 1.290901447231648791e-01 9.616037393921515655e-04 -2.150328612431332692e-02 0.000000000000000000e+00 7.119155260717843769e-02 4.527745601607489900e-02 2.477840388946646322e-02 4.709005807679932792e-02 2.019689543299606552e-02 7.293654196846362237e-02 -7.940066660567460938e-03 -3.272675675015435798e-02 -1.092252793794924043e-02 -5.768697977519587905e-02 -2.707528963770844399e-02 5.578834213035107487e-02 2.834812909301424183e-02 6.991590126471462774e-02 2.972448411013193376e-02 1.092593088796082156e-02 7.548407065146455104e-03 5.722866201918451468e-02 -5.941726358875100422e-02 1.114228727755954412e-01 1.649080855743803586e-02 -4.009853046001084220e-02 2.655665681457057212e-03 -3.154164063718622318e-02 3.462803918329339370e-02 4.765617164240261439e-02 -6.117386755873594449e-03 5.877957715438812854e-03 6.244542281564312292e-02 -3.154030975902449158e-02 -4.462039878135753285e-02 7.147770395788604486e-03 5.624445232761825231e-02 1.099222727180047647e-02 1.357136561735085012e-01 2.754621112604006133e-02 1.120400238539568522e-02 -3.184475722543803761e-02 -9.605771574945241517e-03 -5.346923300615939734e-02 4.721120073142302115e-02 8.605825362562820324e-02 -7.201919713810557566e-02 -5.961230294294530413e-02 -2.473783772681107697e-03 -4.974476161305530636e-02 1.794445852170417632e-02 8.253894910907880189e-02 -6.301098416816636183e-02 7.152480644900460760e-02 3.875733495662415928e-02 6.039724201709504789e-03 1.465205716572411630e-02 -3.626908987362148507e-02 3.199446386958892247e-02 4.573194870004590983e-03 -6.159508622040266862e-02 3.130094353937745710e-02 4.101872006047383584e-02 2.411148649225205651e-02 -2.001861598178536483e-02 4.203591722581424069e-04
2.980518318806941319e-02 -5.602589192228351472e-02 1.376288663933742003e-02 1.301579463850891308e-02 -5.111952702460301201e-02 7.119155260717843769e-02 0.000000000000000000e+00 -5.622766671114886455e-02 2.058238555751058883e-03 4.509693638258824300e-02 1.069716492569261490e-02 1.020194245808965366e-01 2.340774623966303258e-02 9.942252133921808399e-02 -3.348043477160727449e-02 -7.636123457487762820e-03 1.306092909026316563e-02 4.702992031354166075e-02 9.665108497699623213e-02 2.494214003363437807e-02 5.141236576193065899e-03 2.851248274060536742e-02 -5.488805905214949599e-02 3.686654332510454213e-02 -1.802295207833159996e-02 2.173691056565981231e-02 -4.561655579614930928e-02 4.709405100150571011e-02 6.670600854087632703e-02 -1.062049596863504086e-01 9.572074255292117168e-03 -5.961936912901338002e-03 4.622079535322321658e-02 -2.367669860356296820e-03 -2.310700671997563752e-02 1.480540459630392408e-02 -2.410736875926078326e-03 -3.183384258515972037e-02 2.127452297586594071e-02 -5.354889679484558379e-02 -1.438309515064588838e-02 -4.808870812037200487e-02 2.804111342426446676e-02 -1.679839805570029765e-02 2.650665763684455223e-02 -3.503914299704995183e-02 7.197923431241923242e-02 4.568112375179050194e-02 -4.547495605229054383e-02 7.653184992332190406e-02 3.079773390369755851e-02 -3.948028746068654726e-02 6.670014803411522357e-03 -5.908162649915499331e-02 9.399473637048275099e-02 8.589195400499094815e-03 2.819427508504586399e-02 2.054631866682319133e-03 2.868751417171506307e-02 -7.317759497438580674e-02 4.658218732147070135e-02 9.933731882339945363e-03 7.934768592187294023e-02 -1.656139947397091902e-02 -7.675043527822925093e-02 -2.611928776243227501e-02 8.481672624753071321e-02 1.977861251610326179e-02
-3.621403701533630701e-03 3.912181385052251051e-06 5.655331014643050214e-02 -9.587445388755234943e-02 7.159292291104621397e-02 4.527745601607489900e-02 -5.622766671114886455e-02 0.000000000000000000e+00 1.010919751455725477e-02 -7.476618202708576466e-03 4.494192931943813418e-02 -6.815350411902407202e-02 1.845643797448249732e-02 4.612256594293852319e-03 1.779543912792937166e-02 1.446761681159915982e-03 1.023215815056426059e-02 6.262756527321024919e-03 1.560824157863501503e-02 -4.459867395107006138e-02 1.054893182470114342e-02 -6.276367011667093043e-02 7.027944856216944425e-02 -1.246076557060891293e-02 4.902811457854481386e-02 -3.268311088009492188e-02 -8.097572195308775159e-03 9.009189860976643538e-02 -4.573788920586435713e-03 7.189045645275217444e-02 3.553027212780936195e-02 3.274282661023421304e-02 1.511215059125545603e-03 9.008534838003651180e-02 -4.978066979249388957e-02 -6.224527394620878867e-02 -1.008936914163132414e-01 -1.382618295717257320e-02 1.972702879771528334e-02 3.548830437366339713e-02 3.852847038539230357e-02 -4.569559445304967327e-02 -2.264066061498030535e-03 3.695056482872554476e-02 4.811367433286124068e-02 -9.275699872308834637e-03 -6.522116222560983556e-02 2.725359279621172512e-02 -1.039952085894609198e-02 -1.307874572028424644e-02 -3.647214637992227115e-02 -9.917436647527162058e-03 -5.896704018127248842e-02 7.336970619807534240e-03 1.044750763990203585e-02 3.690590448350378194e-02 -4.362086374814860140e-02 7.108449385432187573e-02 -1.183342610998282989e-03 -5.497369763149154154e-02 8.754551560542687960e-03 7.046229390464665843e-02 2.495489600678605507e-02 -2.026134564663372231e-03 -3.410112007705811549e-03 -1.288491407311786741e-01 3.832698585730564406e-02 -6.924183610870829168e-03
3.598641103662413021e-02 6.074388564222956560e-02 -3.283911421530105040e-02 3.300081976749927315e-02 6.476352954271664963e-02 2.477840388946646322e-02 2.058238555751058883e-03 1.010919751455725477e-02 0.000000000000000000e+00 8.333054760275874703e-03 -5.136654278424378217e-02 -3.563890647030453634e-04 -3.836293491819320334e-02 1.867937354525048624e-02 1.436543409654774360e-02 -2.765807720260616415e-02 -1.203234566222813502e-02 -1.729455957457615156e-02 3.436799688632304062e-02 2.560501126649019146e-02 8.221973072098388499e-03 3.607035152892294066e-02 -2.867883652727107064e-03 1.712574692067869719e-02 2.530468062730774695e-02 -4.679469324414066433e-02 -1.535453380491070552e-01 -1.935080193288634537e-02 -3.818844309553959954e-02 -6.921776069288240740e-02 1.797136784217218813e-02 -3.852262831004584116e-03 -5.283085957586889508e-02 -1.184827900293256540e-02 4.291907478352753602e-02 9.479379323711986660e-02 -5.992578891597068191e-02 -6.410239952779035744e-02 -3.707170127805520243e-02 -4.059171557766306365e-02 -8.478841255982687286e-03 2.626123013672106588e-03 -1.084828842228266650e-03 -9.575165554203440843e-02 2.163994576301157824e-02 4.360601333187741693e-03 6.943544634296432150e-02 5.544654332551532394e-02 -2.514207072944978777e-02 -1.152292084005704376e-03 -1.180436767789791452e-01 -3.718467629826266441e-02 1.062835782788194294e-01 -9.698727326346329169e-03 9.010426298178860274e-03 7.019265855490820771e-02 -2.057630978627284640e-02 1.071645336451594079e-02 1.045255532181465531e-02 7.541836652762112791e-02 -1.022890745747843111e-01 -2.790857499902008390e-02 6.321850819718372039e-02 -3.851244924013733778e-03 -4.619702957893219442e-02 -2.433726950010188343e-03 3.436940495796283329e-02 -6.453896177730365780e-02
4.435246672329974139e-03 -5.269695417483617750e-02 -4.992153015524878473e-02 5.886763033834378767e-02 -1.741298515919308208e-03 4.709005807679932792e-02 4.509693638258824300e-02 -7.476618202708576466e-03 8.333054760275874703e-03 0.000000000000000000e+00 5.249780189435510058e-02 1.876776730452897265e-02 -4.100319934375405012e-02 5.636465289949518787e-02 7.895025467560988150e-03 -2.476274300502062306e-02 -6.032264864876210608e-02 -5.301133312459330518e-03 8.328448082777380884e-03 3.298938353040022087e-02 8.877543751127181526e-02 -7.401383985165534141e-02 -5.652207891119177818e-02 8.469416250220912490e-02 -4.718539068504170762e-04 -5.848040920908397639e-02 4.909698166418933855e-03 4.121635128968764022e-02 -2.821323323585270618e-02 -2.170573233479631062e-02 -8.079979258489519006e-03 -2.152957272919054157e-02 -2.944035517282892617e-02 1.082736573702805689e-02 6.563513759354197563e-02 -3.627298525474000751e-02 2.153085837135934599e-02 -3.438639890973173990e-02 -6.112199800147829348e-02 -4.184281487699843122e-02 4.711433974835416497e-03 -9.760556155145112822e-02 -1.285173387525001265e-01 3.821226670459139385e-02 -2.354498261330698408e-02 3.695260346480063601e-02 -2.039115767270193585e-02 -4.516750004147322695e-02 -7.389919760400905091e-02 -1.372566245097147676e-02 -4.288536849284706187e-02 -5.564564652499314618e-02 5.203501704688125173e-02 -4.962289990942731627e-02 -2.314717003839159362e-02 -2.947486411399812337e-02 -3.608240243366499928e-02 1.072039163687974958e-02 2.140708497259562193e-02 1.228844752038974961e-02 -3.609258208008676860e-02 4.878074863753499753e-03 -8.282503492908691034e-02 -4.165157435635056388e-02 3.974314980176335554e-02 -2.484737472171087702e-02 -5.269767843618523157e-02 -2.753471952619128763e-02
-3.296653072661982764e-02 -4.052046962237083882e-02 -1.045106957136216971e-02 2.689909176325266764e-03 1.288412019659182983e-03 2.019689543299606552e-02 1.069716492569261490e-02 4.494192931943813418e-02 -5.136654278424378217e-02 5.249780189435510058e-02 0.000000000000000000e+00 2.624590644844847567e-02 -4.275245665720856653e-02 5.353287541300415925e-02 1.519709919147839775e-02 9.152625977689336778e-02 -9.813758860456427147e-02 1.819661340039171321e-02 9.702043419203233710e-02 6.285893659131162881e-02 -9.967718726439141197e-02 -1.098456875943997629e-02 7.718633759688661722e-02 -1.403838341282318859e-02 3.659723821602758886e-02 7.293021094660497028e-02 -4.380947241133524572e-02 -3.529923771590913473e-03 6.331587868688022536e-02 -1.576959780477964895e-02 -9.752453619874704160e-02 2.347910892165556984e-02 2.355337447321150315e-02 9.674753263134217018e-02 2.461889069390861898e-02 -6.772808644583745707e-02 2.477671898730232029e-03 1.213463734361462654e-02 -2.042911264164859117e-02 2.470163565380461418e-02 -5.064399898845515363e-02 5.884637510221715773e-02 3.505122276803562809e-02 5.690830884348130336e-02 -3.974678845488031215e-02 -4.140457212027405520e-02 5.766858332894555378e-02 1.284890639683097802e-02 -6.022785675415401330e-02 3.969968344418586120e-02 4.833412231162111626e-03 -2.009539757443616279e-02 -4.782684739489673209e-02 6.362508297771483912e-02 -1.010799729632603887e-02 -2.994520486380536362e-02 -3.291664832647678979e-02 -9.364004249710478414e-03 -5.433790794318322376e-02 1.738178401349071978e-02 -1.977307697856051441e-02 -4.583701751349857079e-02 1.401758820477980389e-03 4.126033962377538555e-02 -1.631283591807698025e-02 3.948839252841040981e-02 -8.811713360287802554e-02 -5.298718080787465784e-02
4.757604919096240087e-02 1.483832426770028854e-03 2.529994611632232007e-02 -3.682327983295100027e-02 -5.668897807179687498e-02 7.293654196846362237e-02 1.020194245808965366e-01 -6.815350411902407202e-02 -3.563890647030453634e-04 1.876776730452897265e-02 2.624590644844847567e-02 0.000000000000000000e+00 1.118321459802794869e-02 3.377052654237841511e-02 -1.195875343957733539e-02 -3.506576960002246585e-02 -3.978414387104564631e-02 2.079094822617894717e-02 5.876825426679503639e-02 -3.598482305876619936e-02 -1.953602920944864582e-02 -6.628660968264037112e-02 3.396074596095176312e-02 2.946802142280402839e-02 -9.576793572596943929e-05 -2.270299279548568944e-02 1.583603589051339397e-02 -4.141794384467324674e-02 6.647730546600254253e-02 -1.611921255943947126e-02 -6.342283898407122256e-02 6.078917477983432349e-02 -6.873260786903007125e-02 -3.528644451099364511e-03 6.744710714462538725e-02 -6.376181322928473061e-02 -5.127718430103769126e-02 -1.664338191104738213e-02 2.614554156837731527e-02 -9.451025260426999808e-02 2.833768551436122857e-02 -3.858163763386261019e-02 -4.399453108204287588e-02 -3.775559900675476421e-03 8.772639363240535004e-02 8.421534578586283015e-02 2.094877418868967139e-02 -6.594659300280872327e-02 3.986435606333518789e-02 2.114230341939346905e-02 -8.513261903148142129e-02 4.890633349139741556e-03 4.235243869575814474e-02 7.388851845199985446e-02 -1.440650628758604300e-02 2.076442145132992301e-02 -1.059831664553745612e-01 -1.966961847775762148e-02 -1.292114693667499765e-02 -2.605822836049075109e-02 2.883263569182674055e-02 -5.712319512030703678e-02 4.256234443018388353e-02 5.650340421885680260e-03 -4.203259703961072929e-02 -1.140119046997079867e-02 -8.172880478723593134e-02 9.804456643475420452e-02
1.980410591172310913e-03 8.496054959930039729e-02 -2.794465219265566958e-02 3.909367958217442596e-02 -8.665430721103015155e-02 -7.940066660567460938e-03 2.340774623966303258e-02 1.845643797448249732e-02 -3.836293491819320334e-02 -4.100319934375405012e-02 -4.275245665720856653e-02 1.118321459802794869e-02 0.000000000000000000e+00 -3.333189700186950377e-02 3.068614289178426754e-02 6.524599253498190865e-02 -5.076497602079547283e-02 -6.048361342212217606e-02 -1.864539412489736939e-02 -1.187654580525742409e-01 -4.311412067039479407e-02 4.278370139044770926e-02 2.277705430565411457e-02 -2.726760791243284382e-03 -3.826336802979185547e-02 3.662044878022423927e-02 -4.471293940092792990e-02 -1.533279854218760722e-02 -7.863293038712247315e-03 2.845804965207969842e-02 2.518601072901139465e-02 -3.381360537216007017e-02 -2.583631984482171948e-02 5.889705286290524561e-03 2.273341890544537756e-03 2.872120274648984339e-02 1.336736346944720766e-01 9.634133709813945401e-02 -4.322591157500444564e-02 -4.061419412495493458e-02 -6.122064007130351843e-03 -2.581344463191853275e-02 -7.185754733714402875e-02 -4.498177164694799890e-02 -1.500892676393174030e-01 -2.131909479570212942e-02 -3.841362501982156872e-03 -1.173026001889821389e-02 -2.862292304450678865e-02 -1.257404475158371004e-01 -2.870836500131151645e-02 1.640823739365443457e-02 -8.611399742795690024e-03 -6.890439517449635509e-02 -3.077531254985609033e-02 5.516000650793559737e-03 1.210261226350239742e-02 2.990182509062822361e-02 -1.124926410321980402e-01 -4.592157802857988608e-02 6.105514512676604028e-02 6.406403839408920942e-02 -2.488697558236447824e-02 8.431675542480827207e-03 -5.037640066347862100e-02 -4.442852185452626779e-02 2.282728027056501671e-02 4.168095108262068887e-02
-5.818991371214114056e-03 -7.573426473343397580e-02 -6.794684315035983031e-03 1.503957736624460077e-02 -4.976402678779417652e-04 -3.272675675015435798e-02 9.942252133921808399e-02 4.612256594293852319e-03 1.867937354525048624e-02 5.636465289949518787e-02 5.353287541300415925e-02 3.377052654237841511e-02 -3.333189700186950377e-02 0.000000000000000000e+00 3.362173349168066927e-02 2.023787349594873344e-02 4.292693843588411134e-02 2.540731659056353828e-02 6.940643264652458788e-02 5.010180308753407752e-03 3.466783628869132827e-02 1.546459287200608809e-02 -3.372070723065855730e-02 1.905044276728803335e-03 1.297018173767444660e-02 9.203400994995340062e-03 -3.538733117319522309e-02 -1.067882585046966114e-02 6.714316754017930766e-02 1.000302710109451411e-02 -5.952204980484399402e-03 -3.479183852760740076e-02 2.704458680547563998e-02 1.019980407411201322e-02 2.667942691284979490e-02 -4.480054087742695729e-02 -3.776044689037585944e-02 3.081165709114025777e-02 1.807401865673320326e-02 -2.676914317388025266e-02 -6.072345117430338890e-02 -3.118416965729745027e-02 -2.886988093473563666e-02 2.600578836399312574e-02 8.680094005805313873e-02 2.758474373708462088e-02 1.608976024962070414e-02 -1.097744504446194619e-01 5.616487412256363637e-02 1.264531898207627361e-02 2.859539888851662243e-02 -1.319514184646585929e-03 -1.364352739269000976e-02 -8.274511773881780552e-02 -5.677093248039053949e-03 4.591645486018029049e-02 -3.067593992506447223e-02 3.660935662770474497e-02 -6.301839934464645299e-02 -1.084749253435270296e-02 -4.098772807815725949e-02 -4.503577553995895266e-02 7.267020840221420641e-02 -1.164631893419602049e-01 -1.475037712135296442e-02 -2.317366934696111005e-02 -5.835672727264454990e-02 -6.489505418812877013e-02
-4.781700001017658019e-03 -3.107892487965741024e-02 -3.110543018893716441e-02 -1.258176189984416132e-02 -5.322698243849517674e-02 -1.092252793794924043e-02 -3.348043477160727449e-02 1.779543912792937166e-02 1.436543409654774360e-02 7.895025467560988150e-03 1.519709919147839775e-02 -1.195875343957733539e-02 3.068614289178426754e-02 3.362173349168066927e-02 0.000000000000000000e+00 -2.719962613127313231e-02 -2.010480860870817246e-02 -6.873988661996516258e-02 -3.407486057645379290e-02 -2.990399137735226878e-02 7.081313079906877139e-02 3.948757422236591486e-02 -6.200959397438268739e-02 8.896989943988709015e-02 3.387395972683854284e-02 3.204104705689327093e-02 -7.176814446198974407e-02 -5.264363667193779767e-02 5.017658303213738680e-02 1.613957246866804668e-02 2.410471099485100160e-02 -8.292030904015551540e-02 2.933888177951251772e-02 5.243442987695434016e-02 6.867385073108443760e-02 -2.065859224070253769e-02 -1.168000410525334501e-02 2.136582996326973766e-03 -8.435540296430799057e-02 -3.749121002964009991e-02 -2.378909880614919412e-02 -4.491280844460444205e-02 -4.761305344974917780e-02 -5.395122686891265507e-02 -5.778395540127795327e-02 4.310144548361411615e-02 7.253887343311179493e-03 5.580122999446478216e-02 9.580889312794986512e-03 1.842352168526729256e-02 3.209513083915217779e-02 1.994713854680104856e-02 1.792773434219931128e-02 9.385283061000306709e-03 4.498414354528947751e-02 -1.811136959357321705e-02 4.321377158497533011e-02 -2.749651788800739488e-02 6.921658610000418904e-03 3.385092359100088516e-02 -8.961931814867242496e-02 -7.702795545242047126e-02 -8.855147953842579245e-02 6.851866250209870390e-02 -4.011387570545205117e-02 -1.317081744832284719e-02 -6.904792087210798179e-02 -7.189363212453413199e-02
-6.976759814691209372e-02 6.161135215657804858e-03 -5.951337612003645972e-02 -4.478230381841639962e-02 -4.186202057766390955e-02 -5.768697977519587905e-02 -7.636123457487762820e-03 1.446761681159915982e-03 -2.765807720260616415e-02 -2.476274300502062306e-02 9.152625977689336778e-02 -3.506576960002246585e-02 6.524599253498190865e-02 2.023787349594873344e-02 -2.719962613127313231e-02 0.000000000000000000e+00 2.090646890867433813e-02 -2.242816832865384205e-02 -7.206571889070957637e-02 -8.242083692486303417e-03 1.131263766707497759e-01 -2.141837002759253150e-02 5.873117166027849723e-02 -7.676003258998242811e-03 -5.998297195648155666e-02 3.772614804574629666e-02 5.419344550795551774e-02 1.143682285591924447e-02 5.370457994682396180e-02 1.823536383640011332e-02 -7.557886445947928356e-02 1.150685290967707192e-01 2.405808517589646395e-02 3.610703630011646154e-02 -3.297238562962855231e-03 -2.139207324235068222e-02 2.486206995296560626e-02 6.847226651547837217e-02 1.038259641294421790e-02 -1.130865991198171244e-01 1.025930844495217820e-01 7.760512874905441116e-02 2.432002866110995892e-02 -3.175079585088280698e-02 -1.437886130362830972e-01 -3.261088433520879792e-02 -2.189868689322979969e-02 1.735036205297826872e-02 -5.624414563720116916e-02 -1.955398213080970782e-02 3.618948938897481593e-02 5.555125749851460432e-02 -1.042129865246507192e-01 3.403467153698417486e-02 -3.141347079525737968e-02 2.700207346463202873e-02 1.938490153733135601e-02 2.262894141935594891e-02 -1.374724694763820691e-02 3.269916053042021958e-02 4.858612191164209809e-02 -6.387929640153265122e-03 -4.915963540818864275e-02 -3.563742201389533126e-02 -5.715843678696191227e-02 8.832168963871533940e-02 -3.239781558039755982e-02 -2.394411844043354068e-02
4.092310369093850320e-02 7.660443037989017601e-02 -3.395513458111548699e-02 -4.575172850330856689e-02 7.199606869060683201e-02 -2.707528963770844399e-02 1.306092909026316563e-02 1.023215815056426059e-02 -1.203234566222813502e-02 -6.032264864876210608e-02 -9.813758860456427147e-02 -3.978414387104564631e-02 -5.076497602079547283e-02 4.292693843588411134e-02 -2.010480860870817246e-02 2.090646890867433813e-02 0.000000000000000000e+00 2.313801719250454733e-02 1.129368740833953423e-02 3.482045248108583176e-03 3.111872693581944210e-02 -4.489729184905177570e-03 -5.143647608564153734e-02 3.427353752611889820e-02 7.014724739135919096e-02 -6.734985167204474849e-04 3.359179187394895072e-02 2.794783433094050543e-02 5.140759207806164591e-03 3.886770875466014769e-02 7.552857243986406399e-02 -2.681065765967962505e-03 4.151781258053372642e-02 -3.416597171129093918e-03 9.115940001304974338e-02 -1.832484878364013144e-03 -4.436621897616788851e-02 -5.532956164296257834e-02 -5.542384679253512664e-02 -1.775004970563391973e-02 4.324869565237256241e-02 4.387097447766848818e-02 7.091697222190163075e-02 -2.995326123807838872e-02 9.547356358008524113e-02 4.625861932360370542e-03 -7.147446095794350758e-03 1.147035225896283865e-02 5.645793797621794646e-02 -5.604073634336694670e-02 -7.359697241466377216e-02 -2.834736863980772369e-03 -3.184674702250935713e-02 1.644926627468164997e-03 -4.980266755196702255e-02 -4.760329386204967955e-02 3.444367870368381102e-02 5.604405886737977988e-02 -2.185735000127147012e-02 -9.228441609956444802e-02 6.194241730374563416e-03 8.030087252169719469e-02 1.255806482991611052e-02 -4.107125780117736047e-02 1.109109714814628762e-03 -1.119431108301262821e-02 -1.703925490247668734e-02 2.162132638609010494e-03
4.441859248070628707e-02 5.783613901029524551e-02 -2.913124453066749317e-02 1.635054405861819868e-02 -1.779378452915045261e-02 5.578834213035107487e-02 4.702992031354166075e-02 6.262756527321024919e-03 -1.729455957457615156e-02 -5.301133312459330518e-03 1.819661340039171321e-02 2.079094822617894717e-02 -6.048361342212217606e-02 2.540731659056353828e-02 -6.873988661996516258e-02 -2.242816832865384205e-02 2.313801719250454733e-02 0.000000000000000000e+00 -4.661051248574907963e-02 -1.269737358175025421e-01 7.164875506914855641e-02 8.713438035790838174e-04 4.813321068852264434e-02 -3.444426095382550207e-02 -5.938246763819061969e-02 1.971512307419127571e-02 -6.558266393884293333e-02 2.969849585889324656e-02 4.287457663620153347e-02 5.968651096555878388e-02 2.073675696444034558e-02 6.280462330059914666e-02 -2.019037737054771298e-02 7.667806233182579423e-02 -1.137329915375573201e-02 5.483002443715082747e-02 9.161115139681985653e-03 1.186519952255624019e-04 1.078454336753896341e-02 4.027499644933722062e-02 -1.528679838412414296e-02 -2.343082494386637769e-03 3.574314814233311294e-02 -1.123806079930228345e-02 5.629850421422252782e-02 2.743726157819264405e-02 5.914687261968253063e-02 -8.264337368358304348e-02 1.831267169774910067e-02 -4.210636596195996284e-02 2.921088294296306231e-02 -4.404038309470761914e-02 7.588902090375698739e-02 3.591608980461230560e-02 1.799878769421486488e-02 9.510142391340038748e-02 2.706278398829214948e-02 -1.716627294085546970e-02 -6.840294377493895753e-03 -1.589129090610005846e-02 3.097399557353246527e-02 -3.364079498221490827e-02 -3.832920319708648521e-02 -2.729371124164252024e-02 7.372880217830143912e-02 6.114919769502531743e-02 3.222563076420737610e-02 6.498239724124278693e-02
-3.662358365273601229e-02 -2.950405832865562235e-03 3.033153083639734959e-02 -2.104942246561788965e-02 4.783934883450121495e-02 2.834812909301424183e-02 9.665108497699623213e-02 1.560824157863501503e-02 3.436799688632304062e-02 8.328448082777380884e-03 9.702043419203233710e-02 5.876825426679503639e-02 -1.864539412489736939e-02 6.940643264652458788e-02 -3.407486057645379290e-02 -7.206571889070957637e-02 1.129368740833953423e-02 -4.661051248574907963e-02 0.000000000000000000e+00 -3.639814417492742010e-02 1.675063709756972451e-03 5.291414748093731420e-03 -4.223685958137349955e-02 -4.062956057657816922e-02 1.510455274448693243e-02 4.770379014333103046e-02 -9.924862425777534330e-03 -2.169113746055112077e-02 1.351062243803616801e-02 3.382144318123118942e-02 7.249969793965273940e-03 -7.191520564316894459e-02 -4.036033687821903582e-02 -3.911086192926949145e-02 -8.505052026162931988e-03 -1.018158849805723271e-02 -2.288846678017367534e-02 4.894422141523982472e-03 -7.031051118355169383e-02 3.659775469865585856e-02 1.000230322079603655e-02 -3.095113829180304657e-02 1.291737606821380217e-02 1.085914369282161701e-01 4.938521368536142458e-02 8.731877928781535403e-02 3.816483258612533846e-02 -8.678939372589670586e-05 -4.467601216679294857e-02 -5.499694202661727961e-03 -2.688848120781730730e-02 -3.313871188284344543e-02 1.266603402975671755e-03 1.817564997052953032e-02 6.328674814407561633e-02 1.964747899749227575e-02 -1.780675214933320760e-01 -9.289400563235851449e-02 4.258102819393450728e-02 -6.313706576835322049e-02 -3.274906406728154799e-03 -3.235769410942661295e-02 5.417734236614814985e-02 1.269079585870379334e-02 5.733738823977296839e-02 2.979240090163381635e-02 -4.525752577938180199e-02 1.706256767001194594e-02
6.143632195759277104e-02 2.086400266000561221e-02 4.997326440440701123e-03 -4.382243285933713761e-02 1.239702877707263935e-03 6.991590126471462774e-02 2.494214003363437807e-02 -4.459867395107006138e-02 2.560501126649019146e-02 3.298938353040022087e-02 6.285893659131162881e-02 -3.598482305876619936e-02 -1.187654580525742409e-01 5.010180308753407752e-03 -2.990399137735226878e-02 -8.242083692486303417e-03 3.482045248108583176e-03 -1.269737358175025421e-01 -3.639814417492742010e-02 0.000000000000000000e+00 -1.808350247862083524e-02 -5.987743416878379271e-02 -2.349892635584115499e-02 -2.324613582953613186e-02 2.344533072603760884e-02 -1.093747234347288225e-02 8.781659516030711210e-02 5.268876286189043412e-02 -7.279934775007838865e-02 -4.309442505106542663e-03 2.939848112485127121e-04 2.045473733158788623e-02 1.482886627747650402e-03 -1.069327755282515127e-02 5.790240585048308380e-02 2.210091983832264753e-02 -7.195495807149991652e-02 -4.529720075553803765e-02 1.237027987137613930e-02 -1.514666624932159596e-02 4.358060099909518564e-02 -4.722440824416169330e-02 1.463918393350827248e-02 1.691856385586168465e-02 1.368464197081243824e-02 -4.086093990671060827e-02 3.511483540016046428e-02 -5.104018898498138140e-02 3.086283684846527139e-02 4.095155791829171305e-02 5.733976690748759410e-03 -3.984831647658682030e-02 4.141337939983066874e-02 -4.224398411092546157e-02 2.681799814461333087e-02 -5.820777988183237217e-02 8.562306825503386565e-02 2.245517271209562446e-02 -7.556659225496306642e-02 6.500641569419113308e-02 7.122167048179608995e-02 -8.061317107116823533e-02 -2.339431615346765185e-03 2.948570871774692116e-03 2.939487782127455512e-02 5.100704456508606266e-02 4.389543168596718448e-02 -1.387199581160201978e-02
3.044751282063992009e-02 9.686977719669874476e-02 2.594789304074859165e-02 -6.167181366624200495e-02 -9.685498171426612513e-02 2.972448411013193376e-02 5.141236576193065899e-03 1.054893182470114342e-02 8.221973072098388499e-03 8.877543751127181526e-02 -9.967718726439141197e-02 -1.953602920944864582e-02 -4.311412067039479407e-02 3.466783628869132827e-02 7.081313079906877139e-02 1.131263766707497759e-01 3.111872693581944210e-02 7.164875506914855641e-02 1.675063709756972451e-03 -1.808350247862083524e-02 0.000000000000000000e+00 7.722714319410461936e-02 7.857478526768793547e-02 5.543683932821979327e-02 -4.443551643308085719e-02 3.214700321080090056e-03 6.003479025628096627e-02 1.334260768946630288e-02 -3.405082524653922638e-02 6.496777387310997964e-02 -1.524377932212832645e-02 7.090050079047234555e-02 2.756820624832391139e-02 -3.386791423396099537e-02 -9.739511736476667153e-03 6.381133131565456650e-04 5.386014499681039680e-02 -3.291184189252328168e-02 5.519468761284567100e-03 1.709216212294149828e-02 7.273356958567438191e-02 -9.174411913774931093e-03 -9.272310175988088266e-02 7.968889485377562629e-03 4.217259096304156601e-02 9.376802932143089332e-04 -2.821445218103739092e-02 2.812966043130536373e-02 -6.663065958541908307e-05 -4.253527015468476329e-03 -1.354857361214015232e-02 -2.118892287344357681e-02 -5.213885391141621917e-02 -7.213277064913660962e-03 -6.599868746138943219e-03 3.031943799280739649e-02 7.823491247294241113e-02 -3.404499981551054044e-02 2.581744719196108276e-02 3.394734246926695009e-02 9.741361924353705154e-03 -2.978727844924473900e-02 -9.840168800462803511e-03 -3.764759694889553698e-02 -2.427071130427944229e-02 -6.177883042431387556e-02 2.287309912678659601e-02 2.962898060689784629e-03
1.773594227519986050e-02 4.922900358572351864e-02 -6.600163516059553981e-02 -1.714251286751940911e-02 1.137636642181815427e-01 1.092593088796082156e-02 2.851248274060536742e-02 -6.276367011667093043e-02 3.607035152892294066e-02 -7.401383985165534141e-02 -1.098456875943997629e-02 -6.628660968264037112e-02 4.278370139044770926e-02 1.546459287200608809e-02 3.948757422236591486e-02 -2.141837002759253150e-02 -4.489729184905177570e-03 8.713438035790838174e-04 5.291414748093731420e-03 -5.987743416878379271e-02 7.722714319410461936e-02 0.000000000000000000e+00 3.653963813040533859e-03 1.015747191924448040e-02 3.799075633967264470e-02 5.677980029841317444e-02 -7.159571934104949631e-02 -2.244036096052421173e-02 8.964598038208392017e-02 -8.290881044743680928e-02 -1.244006999498040861e-02 -1.153451781496703590e-02 6.006182135270870387e-02 5.459601574577246236e-02 3.256385221548641507e-03 3.507088789314864730e-02 -2.626858550800083639e-02 8.024868834347498314e-03 -7.011875799917239097e-03 -2.150387214889126763e-02 -8.887643458425099896e-02 -1.997775744988375748e-02 -3.272839998669779815e-02 2.470204340813023786e-02 4.325819380781963097e-03 -3.395334934036620123e-02 -2.056877652948993149e-02 8.494723616246456499e-02 -5.437744155735590871e-04 3.403765625347825174e-02 5.220963502876752038e-02 -5.551289363807167948e-02 -5.079778370259167147e-02 -3.200342312314696357e-03 5.484493897948469754e-02 6.463464008149214304e-03 -3.865852843700480490e-02 -5.401776376366404508e-02 -6.034253719892873624e-02 -3.323237273202144220e-03 -3.152554715632945731e-02 -2.629968088815745272e-02 1.112031830731330731e-02 -1.873953209385423313e-02 4.036833315835820085e-02 -1.589321136943823431e-02 3.926727414166394925e-02 7.694287475927354125e-02
3.076862201230545768e-02 -2.522175677456038080e-03 4.885487781519885081e-02 4.807305425841474928e-04 -1.042319675732882207e-02 7.548407065146455104e-03 -5.488805905214949599e-02 7.027944856216944425e-02 -2.867883652727107064e-03 -5.652207891119177818e-02 7.718633759688661722e-02 3.396074596095176312e-02 2.277705430565411457e-02 -3.372070723065855730e-02 -6.200959397438268739e-02 5.873117166027849723e-02 -5.143647608564153734e-02 4.813321068852264434e-02 -4.223685958137349955e-02 -2.349892635584115499e-02 7.857478526768793547e-02 3.653963813040533859e-03 0.000000000000000000e+00 -2.373317083360744484e-02 -2.531456664081425945e-02 2.332845778060563258e-02 8.777733778846597001e-02 -4.841486004434057168e-03 1.803856704405133043e-02 4.046706000050336038e-02 -5.413747969968477763e-02 1.089263387311531668e-02 3.139705071283529440e-03 -7.395438418576405493e-02 -4.530613691673445603e-02 -6.883473301406192735e-02 7.512360146326541206e-03 1.912249068688129817e-03 3.142567304287767482e-02 6.365425845360839219e-02 5.908184251795579878e-02 2.414555791623549524e-02 4.774410878289182120e-02 2.167374340733349905e-02 -2.569128156688841973e-03 2.859807416773842148e-02 6.152288076708119224e-02 2.409944703290141724e-02 -8.702145698776536306e-03 2.372068020465289279e-02 7.553666752516219329e-02 4.302444359337141006e-02 1.192831222410842412e-01 2.187803188819291769e-02 3.553013715255315397e-02 8.735506408983459425e-02 5.291997110473668775e-02 -1.847747850930720956e-02 -7.340483475304284723e-03 1.611621638547498792e-02 6.295082402263091348e-02 3.872796697982058139e-02 2.423417547636327884e-02 -2.307770434852315575e-02 -7.722408584136096488e-02 -5.488230389111890123e-02 4.101461282550299819e-02 2.870880302254224387e-02
