0.000000000000000000e+00 3.167932745171823938e-02 -3.467483716868168062e-03 -1.774598742620340369e-02 -1.109585542308311017e-02 3.593039441696757597e-02 2.987680693689580974e-02 -3.606544021643102831e-03 3.598727367855296400e-02 4.450680848377052030e-03 -3.295303234701776190e-02 4.759491656556959910e-02 1.972735992380298363e-03 -5.556269155308552442e-03 -4.769411744142905592e-03 -6.974748590109190738e-02 4.092455018183882576e-02 4.442762036389035635e-02 -3.660672197888653612e-02 6.143396743478957839e-02 3.044686458351289829e-02 1.774611471260214082e-02 3.077811737929794442e-02 6.611099393213203113e-02 2.124421518610703288e-02 -4.185673631938039221e-03 -2.529992525417872756e-02 -2.355891486369550425e-02 2.788179984297744357e-02 -2.163281928231130039e-02 -5.864641113404022582e-02 -1.136654298987328435e-02 -6.159782084424728771e-02 -3.224637196498558733e-02 -3.359909700076994798e-02 2.930830858841100908e-02 3.738344672490093862e-02 2.589839998240345970e-02 -3.380756584718931645e-02 1.514229518354671261e-02 5.100467078505827728e-02 -6.439544666618216527e-03 5.265667113259877956e-03 2.519670810738387084e-02 5.451486062661436982e-02 -6.581832694825756613e-02 1.018096260473876601e-02 2.855934714029399399e-02 -4.510919791538128137e-02 5.854715466111145433e-02 3.113713618335701636e-02 -8.991193220125348606e-02 1.489124192492304738e-02 1.354322197502407649e-02 -8.494473588918728668e-02 -8.120893482308438882e-02 4.861599342691248077e-02 -3.166182822034855487e-02 4.570633181474477447e-02 -2.814713375685167981e-02 -4.145149463860000466e-02 -2.596023804712701416e-02 1.022407385156767073e-03 -1.859747568725561226e-02 6.516451176829972380e-02 3.439974943688281321e-03 -2.008002513090971844e-02 1.079234617519950201e-02
3.167932745171823938e-02 0.000000000000000000e+00 -1.042255367254062148e-01 -8.252672116852853568e-02 4.078821340443241489e-02 -4.862009194426594738e-02 -5.606175054297462407e-02 -2.802475306685307268e-05 6.076901627559681135e-02 -5.272639908895211669e-02 -4.051290878634219994e-02 1.475231894510587805e-03 8.499113023179678816e-02 -7.573682870575258741e-02 -3.107008946620831019e-02 6.171252541308703925e-03 7.660345873647664283e-02 5.782242849683424946e-02 -2.942322976979199183e-03 2.085511479080026306e-02 9.687164830525334114e-02 4.942387903895778534e-02 -2.473563221287760922e-03 -8.312772084148723969e-03 2.759917262645623925e-02 2.538979083589377669e-02 8.221705187026508155e-03 -3.507757693856513453e-02 -4.524859059034416070e-02 6.481009229191737886e-02 -3.173056372758461304e-03 4.681241872515463920e-02 -2.724052089786521691e-02 1.662490104700805812e-02 -4.002777149684023927e-02 2.235394778111326683e-02 2.405082098274087532e-02 -3.038269149741798167e-02 -6.095770309363850864e-02 6.811634946074643544e-03 -8.887878808207537451e-02 4.309597256856216585e-02 2.614093730000626586e-02 2.364579002949167633e-02 -2.564543410400319315e-02 5.132126336435466167e-03 -1.570374854472553552e-02 -4.132831863007138673e-02 -4.353088481557570999e-02 -3.501514823375052876e-02 4.348894716242691222e-02 2.975719561893526779e-02 -2.636005879156898615e-03 2.706691687874881319e-02 3.320538046791052939e-02 -5.641632883072714155e-02 5.120646033683956544e-02 -8.359405013519015382e-02 -8.781588933567352484e-02 -5.252778218427932300e-02 -4.989992372482888669e-03 -2.357450813653142602e-02 -3.133445563494429570e-02 -1.206785983317158195e-01 -3.860055158098975314e-02 -9.695887526987939653e-03 3.888399681282153630e-02 1.246098958507929344e-01
-3.467483716868168062e-03 -1.042255367254062148e-01 0.000000000000000000e+00 -9.388561516222080836e-03 -7.677368395790026834e-02 1.291180763858120195e-01 1.382798881807704994e-02 5.663133134117469963e-02 -3.290402488460301283e-02 -4.993221606467004164e-02 -1.043282285742859472e-02 2.531230047457230098e-02 -2.793123783652243577e-02 -6.786274112769954958e-03 -3.115120617626260593e-02 -5.940676302554503962e-02 -3.367476295744924880e-02 -2.911003325577671969e-02 3.032672923670982207e-02 5.017510935860575866e-03 2.612614957496724871e-02 -6.600871270912653244e-02 4.973969749415547287e-02 -2.437954794434967973e-02 1.681393934853383067e-03 2.474648159390426677e-02 1.003379126740058247e-01 -1.458008908282103396e-02 -1.009253896293985445e-02 -2.171474704196446268e-02 8.807378451584239876e-02 -6.696474302983104754e-02 7.664836711206245157e-02 -3.914300763201129796e-03 -3.598329443279671587e-03 -8.056873021817596847e-02 1.275336786241827725e-02 -2.441653400602207188e-02 5.972426515496176425e-02 7.304747225551053158e-02 2.546088778242627804e-02 -8.237457305471250490e-02 8.641420620736343927e-02 1.748199321367980077e-02 -2.375137315073687708e-02 -5.592609873207617099e-02 -2.363855301073254991e-02 -4.321212336154101052e-02 -4.278656440220918178e-02 4.479987530073545332e-02 9.430930456984653806e-03 5.341592704310808848e-02 -4.357272945237376793e-02 1.594617192498023334e-02 2.036480705896837051e-02 1.548161332315658306e-02 -3.142961299388929985e-03 1.577642714097557408e-02 -5.037068173379437991e-02 1.995712340049219866e-02 3.836272255155225713e-02 4.695351389058163849e-02 1.917423137946943062e-03 -9.984375503871562724e-03 2.650652636617234839e-02 -9.026861559014240019e-03 -4.473319196020322103e-02 -5.949732693500985048e-02
-1.774598742620340369e-02 -8.252672116852853568e-02 -9.388561516222080836e-03 0.000000000000000000e+00 7.991186893201600305e-03 9.658313637807993237e-04 1.306245384404817501e-02 -9.585957279745500881e-02 3.301247286567289552e-02 5.893273285984527987e-02 2.697609248611075421e-03 -3.678581236531167781e-02 3.907654475507942732e-02 1.502062651516431271e-02 -1.257673803867329423e-02 -4.478231908155390351e-02 -4.576763643380675484e-02 1.634057800294116611e-02 -2.105762122859511365e-02 -4.363917457895433866e-02 -6.165336411334462058e-02 -1.716434921651840972e-02 4.248413603898576257e-04 -1.956366471893229361e-02 -5.104666413408606024e-02 2.584875151251775707e-02 -6.049471841094244268e-02 3.803580644665229687e-02 -4.950791551921286671e-02 2.093892646484102338e-02 6.347032867749555218e-02 -1.123276004172349754e-02 -2.265594959404197001e-02 -2.965404195443184510e-02 -9.162642971291296012e-02 -4.725910133025459231e-02 3.627720823410394979e-02 4.767147599371823058e-02 -2.146944023661475839e-02 1.455271520676782587e-02 -7.250509276447832108e-02 3.181066006150909398e-02 -1.111806351867924286e-01 3.955663646089147001e-02 -5.520236246558557491e-02 -3.541217890575905358e-02 -6.386277360922213223e-03 -8.813655595287375744e-02 -4.743365947700588919e-02 4.794002182434432824e-02 -4.802359050582193783e-02 8.513073041129891327e-02 -1.385103979983258286e-02 -3.361496104120780676e-02 2.846578179857896587e-02 3.505603742563605935e-02 3.012654710241598893e-02 3.310224536186285454e-02 6.629614722824941908e-02 -2.403555639155831314e-02 1.286513950744198019e-02 1.399359821803280481e-02 -4.314504660244450514e-03 -9.860322556244421888e-02 -9.617858218500054818e-03 7.735194197123722304e-02 -6.243290684901223186e-02 -3.779494504244288594e-02
-1.109585542308311017e-02 4.078821340443241489e-02 -7.677368395790026834e-02 7.991186893201600305e-03 0.000000000000000000e+00 -2.144053844050129026e-02 -5.112146559841803523e-02 7.159205645905178383e-02 6.481951606638129693e-02 -1.743938425404156995e-03 1.294898735496213251e-03 -5.667669456331433236e-02 -8.662631646166076005e-02 -4.811317518970789262e-04 -5.302516758533327990e-02 -4.186908950613038582e-02 7.199973785973066975e-02 -1.779314481617183530e-02 4.784538230489553123e-02 1.235274354989850630e-03 -9.684979058169029820e-02 1.137721592784326080e-01 -1.050857809408523025e-02 -2.043154127456652154e-03 2.567535678910803573e-03 -4.293504075251561997e-03 5.307821849452212110e-02 -1.754045892238069448e-02 5.378875402612730977e-02 -2.750054917944571957e-03 2.793437416668903897e-02 1.155069525651490209e-01 8.612553245438593283e-03 8.532387904175449400e-02 5.805261336532197003e-02 1.886034861107293431e-02 -1.010222794676101099e-01 3.537021772074874087e-02 -8.177923018651339290e-03 -7.786448914537641430e-02 -4.383364542284179377e-02 6.163199370187759851e-04 1.377982946452092038e-02 4.842786123447449798e-02 -1.650691811724463304e-02 1.754391526262917902e-02 8.720635433835732114e-03 -6.164861671538971778e-03 7.320914387707476434e-02 2.185847327545599461e-02 -3.555483854656407011e-02 -3.115220740540725758e-02 -4.467868911001455362e-02 1.596896453427529283e-02 1.531288716005277904e-02 -5.314220615947583271e-02 -8.713688650815774872e-02 -1.917851370902635792e-03 6.090933794991796463e-02 -4.186494218833795855e-02 -2.721780358627031923e-02 -3.005745909078861786e-02 -7.585603607648377933e-02 -2.131004106522828637e-02 8.724955244383922337e-02 7.173851145881034175e-02 1.452748847550554452e-02 2.525659201191325642e-02
3.593039441696757597e-02 -4.862009194426594738e-02 1.291180763858120195e-01 9.658313637807993237e-04 -2.144053844050129026e-02 0.000000000000000000e+00 7.125876281824196357e-02 4.559657742851997569e-02 2.479016864415664254e-02 4.738560672298549464e-02 2.023048373399162839e-02 7.305921725933914312e-02 -7.923622540423667579e-03 -3.265160956126636482e-02 -1.083945243280771270e-02 -5.767864154332719151e-02 -2.704256279853196193e-02 5.580052535871202202e-02 2.836764653685916113e-02 6.992050086861162361e-02 2.973690811458262057e-02 1.090913366418923974e-02 7.625011227245659905e-03 5.724369181317089800e-02 -5.940687972426859920e-02 1.114607288003724855e-01 1.662281506243861937e-02 -3.994608124742671240e-02 2.688324210203445110e-03 -3.151496639849141190e-02 3.463723429945751719e-02 4.770916032387736982e-02 -6.121859278416743114e-03 5.936029312776354080e-03 6.246406139198512619e-02 -3.154690921018991207e-02 -4.462575559312500356e-02 7.149757895419849886e-03 5.622978794845618494e-02 1.098239162396098118e-02 1.357297272624385376e-01 2.754948540802408530e-02 1.118574468612725317e-02 -3.180370415959533903e-02 -9.596610118894757097e-03 -5.345552467399779933e-02 4.720705866929850864e-02 8.608751572637271532e-02 -7.201933778377404838e-02 -5.959739980719347408e-02 -2.482082640235227719e-03 -4.975377758696152702e-02 1.793878967039964911e-02 8.252777353888024470e-02 -6.298436052940678542e-02 7.152211537133310038e-02 3.869847105180124203e-02 6.073024858698462813e-03 1.465688056952308901e-02 -3.626839111554172601e-02 3.200136328080911002e-02 4.653846935896993262e-03 -6.158036935412326829e-02 3.131954351002271680e-02 4.102319322540229352e-02 2.409307040831661431e-02 -2.002953702791005278e-02 4.245102249698073362e-04
2.987680693689580974e-02 -5.606175054297462407e-02 1.382798881807704994e-02 1.306245384404817501e-02 -5.112146559841803523e-02 7.125876281824196357e-02 0.000000000000000000e+00 -5.593320238323843535e-02 2.040561495812136771e-03 4.551950057035692582e-02 1.073896004343080114e-02 1.020155876057650957e-01 2.339098340764630274e-02 9.987180448033328162e-02 -3.348693875080618193e-02 -7.607450328468820695e-03 1.310798516914864729e-02 4.709952363629761607e-02 9.668491266534022521e-02 2.498874803453458512e-02 5.267707607651325036e-03 2.847000717879624374e-02 -5.474102468919459646e-02 3.699136852902155936e-02 -1.798334497540055726e-02 2.176148098519507801e-02 -4.537852329027391302e-02 4.834908975613691484e-02 6.685770899152460034e-02 -1.058336744082093162e-01 9.573157639660488313e-03 -5.939855397350785049e-03 4.623639999470118001e-02 -2.285963193640052141e-03 -2.308979124295606339e-02 1.474000176610106537e-02 -2.407829472986250212e-03 -3.183580249595042294e-02 2.125862994618106169e-02 -5.355903006115268067e-02 -1.434862247570550982e-02 -4.810931655259313017e-02 2.801461844047258357e-02 -1.681972443379283269e-02 2.648722499878822245e-02 -3.508244553881221389e-02 7.195453859495078153e-02 4.561923452916107763e-02 -4.545877250608587605e-02 7.655931605876989399e-02 3.079908346737165320e-02 -3.947449093294797678e-02 6.668831281018227849e-03 -5.913674354892674984e-02 9.402058395587709061e-02 8.595999309778471972e-03 2.823743072840176685e-02 2.135389632217198855e-03 2.867761235961546057e-02 -7.318765529927033497e-02 4.640205758499637428e-02 1.000840951923268746e-02 7.938146619213203026e-02 -1.658957395458457093e-02 -7.672802275606348255e-02 -2.610235310231890163e-02 8.475840457107337855e-02 1.980606372347385943e-02
-3.606544021643102831e-03 -2.802475306685307268e-05 5.663133134117469963e-02 -9.585957279745500881e-02 7.159205645905178383e-02 4.559657742851997569e-02 -5.593320238323843535e-02 0.000000000000000000e+00 1.011080969854489739e-02 -7.319243738238105645e-03 4.496985369445270775e-02 -6.809583054398432589e-02 1.845629819835425608e-02 5.023919055416927945e-03 1.780300115253404328e-02 1.447096073157311084e-03 1.031521954608046431e-02 6.291139982372635775e-03 1.564074499228486348e-02 -4.459272784156257524e-02 1.064771384418392725e-02 -6.276379882180885272e-02 7.038585988191178866e-02 -1.238487279967131691e-02 4.901565275950679756e-02 -3.262314782209125436e-02 -8.043335762720529511e-03 9.012011866479273381e-02 -4.513169976417377542e-03 7.196065603383616782e-02 3.553022044483544750e-02 3.279630158772742221e-02 1.521008570336797663e-03 9.012289455322912424e-02 -4.975431309523697249e-02 -6.226011731836169488e-02 -1.009327927864192842e-01 -1.381105139441286475e-02 1.973309793406545151e-02 3.548054623849792449e-02 3.857556173598335192e-02 -4.569299503683928870e-02 -2.256199162446534921e-03 3.696729657383983347e-02 4.811653973725191907e-02 -9.278493433973557247e-03 -6.520454716518062077e-02 2.723640865321390672e-02 -1.040450750733881193e-02 -1.306533189293625219e-02 -3.648013898977954528e-02 -9.929938569166964560e-03 -5.896544335526569813e-02 7.330454474307895180e-03 1.043834900115334606e-02 3.692758108725814614e-02 -4.362729804409777590e-02 7.112778065090208379e-02 -1.194749908145664946e-03 -5.501592926746357720e-02 8.666837748862989133e-03 7.052658914647234878e-02 2.496253521371133779e-02 -2.036041849306280405e-03 -3.420938937339585394e-03 -1.288525700380708794e-01 3.831638010830785285e-02 -6.947666338422840010e-03
3.598727367855296400e-02 6.076901627559681135e-02 -3.290402488460301283e-02 3.301247286567289552e-02 6.481951606638129693e-02 2.479016864415664254e-02 2.040561495812136771e-03 1.011080969854489739e-02 0.000000000000000000e+00 8.332942941075744542e-03 -5.137401005098197332e-02 -3.133834447230616311e-04 -3.836069862385799167e-02 1.867062174768967242e-02 1.446692880370120497e-02 -2.768540518908062936e-02 -1.206730800204220376e-02 -1.730624449106642898e-02 3.435154933029578583e-02 2.561293282260653642e-02 8.196042851076517158e-03 3.617120245871185275e-02 -2.971542166974497790e-03 1.733518485035623335e-02 2.532868781230153063e-02 -4.685540904248489819e-02 -1.536214710987856280e-01 -1.931028664913875606e-02 -3.818547337398243285e-02 -6.922802543435227496e-02 1.796064681375746791e-02 -3.846739068446269547e-03 -5.283827261857674401e-02 -1.188176492480696664e-02 4.293437900174336408e-02 9.479510076146137332e-02 -5.997807499110901358e-02 -6.409450209869306525e-02 -3.707057107793428063e-02 -4.061916256307244316e-02 -8.494878147249791331e-03 2.616327223782555743e-03 -1.003909965783316262e-03 -9.575686063880152477e-02 2.162617483185449996e-02 4.350221204207907130e-03 6.942002359032103942e-02 5.545127131544790727e-02 -2.514263387139925240e-02 -1.167838311393871878e-03 -1.180491147981966860e-01 -3.717072907186468045e-02 1.062656435332833271e-01 -9.705283691741201091e-03 8.995377342972406265e-03 7.020500508556265506e-02 -2.066975795758263512e-02 1.075645903589426966e-02 1.045027545238705335e-02 7.533059685761112068e-02 -1.025779344049791569e-01 -2.788362049359326481e-02 6.321555542133575067e-02 -3.843982529645322953e-03 -4.620839855923582901e-02 -2.433158924464843154e-03 3.437096978239334577e-02 -6.452461341394079286e-02
4.450680848377052030e-03 -5.272639908895211669e-02 -4.993221606467004164e-02 5.893273285984527987e-02 -1.743938425404156995e-03 4.738560672298549464e-02 4.551950057035692582e-02 -7.319243738238105645e-03 8.332942941075744542e-03 0.000000000000000000e+00 5.252671320525244270e-02 1.888167024902084531e-02 -4.098780782222596897e-02 5.644763031190919156e-02 7.888401203940159645e-03 -2.478260755162390097e-02 -6.034047897977139890e-02 -5.261629753584729646e-03 8.367275238599170342e-03 3.310114343798421788e-02 8.874475329787183397e-02 -7.402037617753833010e-02 -5.653594566668788263e-02 8.472599803352799663e-02 -4.797640676417685795e-04 -5.844359907702952051e-02 4.652075799189053784e-03 4.151787931744682636e-02 -2.814845192797418849e-02 -2.168927303185962455e-02 -8.070597658380685574e-03 -2.150071193549072876e-02 -2.943424849185605208e-02 1.087033197654466328e-02 6.562414225192197970e-02 -3.629399548845784612e-02 2.148195767928575556e-02 -3.436795007948442726e-02 -6.112020321381830823e-02 -4.186574471588221796e-02 4.696679307385645194e-03 -9.762494641793158234e-02 -1.285123404719366313e-01 3.824307206530747072e-02 -2.355034134951845132e-02 3.692392142944803113e-02 -2.038582906238299228e-02 -4.518276220887863792e-02 -7.391698130797819122e-02 -1.373676881329555233e-02 -4.289076369152249046e-02 -5.565186189730048083e-02 5.202244723581235519e-02 -4.960419886276633966e-02 -2.315401641524387696e-02 -2.948201904133518694e-02 -3.613108738060502589e-02 1.075691623624220467e-02 2.140183167819101340e-02 1.223703183407929239e-02 -3.611720159060489987e-02 4.960882634817912439e-03 -8.282375937818452216e-02 -4.167837669042353393e-02 3.972553846533713462e-02 -2.486664114046220966e-02 -5.269992212827183387e-02 -2.755311730897324826e-02
-3.295303234701776190e-02 -4.051290878634219994e-02 -1.043282285742859472e-02 2.697609248611075421e-03 1.294898735496213251e-03 2.023048373399162839e-02 1.073896004343080114e-02 4.496985369445270775e-02 -5.137401005098197332e-02 5.252671320525244270e-02 0.000000000000000000e+00 2.627740415235621518e-02 -4.261311776900491427e-02 5.356341958587059610e-02 1.519723157461606682e-02 9.152573419831039336e-02 -9.810798381825804049e-02 1.834170629958773585e-02 9.705789374621709431e-02 6.284417209515721914e-02 -9.962635742659527172e-02 -1.098222246453153458e-02 7.711122962349324650e-02 -1.406077514338508264e-02 3.657884239880700161e-02 7.304717389468159960e-02 -4.378316169273039488e-02 -3.518410284440555338e-03 6.336986791779061767e-02 -1.574664497557995077e-02 -9.748891876725132577e-02 2.352381783472500681e-02 2.355855839222809403e-02 9.692008648753336342e-02 2.462321148515109887e-02 -6.773351195404522795e-02 2.465987284890234880e-03 1.214251673316014274e-02 -2.043626737199441198e-02 2.471070729335413108e-02 -5.063823551246037641e-02 5.884052677538657156e-02 3.503447237499475453e-02 5.691560166615066557e-02 -3.974697436244769427e-02 -4.139400700453364085e-02 5.768144650757965619e-02 1.284568147259276122e-02 -6.022488887938381302e-02 3.968026471626046048e-02 4.826510413713786321e-03 -2.010426058853543446e-02 -4.783144925463488073e-02 6.362010959710881486e-02 -1.013251291084801657e-02 -2.995361247554657880e-02 -3.290445180354172050e-02 -9.401755472691265825e-03 -5.435325137975408061e-02 1.734217508441366837e-02 -1.986165833378055606e-02 -4.586656132782606504e-02 1.383378337610086366e-03 4.123774671805862518e-02 -1.629412960761451173e-02 3.948353322828991596e-02 -8.811467279796753038e-02 -5.297972433433192213e-02
4.759491656556959910e-02 1.475231894510587805e-03 2.531230047457230098e-02 -3.678581236531167781e-02 -5.667669456331433236e-02 7.305921725933914312e-02 1.020155876057650957e-01 -6.809583054398432589e-02 -3.133834447230616311e-04 1.888167024902084531e-02 2.627740415235621518e-02 0.000000000000000000e+00 1.120009671451203948e-02 3.381556773374747027e-02 -1.191734935168608546e-02 -3.507314818532628053e-02 -3.976836888895286803e-02 2.081645765659044522e-02 5.876814185585167022e-02 -3.586149551768694210e-02 -1.952256732768587258e-02 -6.628893837706607839e-02 3.392540038142227710e-02 2.948606750427714557e-02 -9.819689152202759500e-05 -2.263993973982549729e-02 1.586215380364695490e-02 -4.133116244483928808e-02 6.650038557566813335e-02 -1.609525956060960106e-02 -6.341541065410948030e-02 6.080590504627440135e-02 -6.873131051721069473e-02 -3.472840623395549199e-03 6.745384382927221978e-02 -6.375957961256453754e-02 -5.131558898153734671e-02 -1.663348409575785003e-02 2.614364867713587365e-02 -9.451045094336452124e-02 2.827970854519615621e-02 -3.860988658482029934e-02 -4.399876791891953187e-02 -3.779901783422119719e-03 8.773766789947681777e-02 8.423895744381199036e-02 2.096432955707168075e-02 -6.593279361943756023e-02 3.985558192635191982e-02 2.112617366332085814e-02 -8.514281615765494082e-02 4.897312181263316008e-03 4.236000814704136280e-02 7.389814088790733204e-02 -1.445050387801956153e-02 2.075630028297234184e-02 -1.059869586456042290e-01 -1.968182993083973306e-02 -1.292523435647802317e-02 -2.606156114916445207e-02 2.877868489566244234e-02 -5.711486419217108590e-02 4.255373031905004821e-02 5.640090147264284481e-03 -4.202251522813302970e-02 -1.138146875076245790e-02 -8.172748110442405733e-02 9.804667062594273064e-02
1.972735992380298363e-03 8.499113023179678816e-02 -2.793123783652243577e-02 3.907654475507942732e-02 -8.662631646166076005e-02 -7.923622540423667579e-03 2.339098340764630274e-02 1.845629819835425608e-02 -3.836069862385799167e-02 -4.098780782222596897e-02 -4.261311776900491427e-02 1.120009671451203948e-02 0.000000000000000000e+00 -3.331965379801848925e-02 3.067080698156790866e-02 6.524617382715564018e-02 -5.076341907533099551e-02 -6.046976907595369433e-02 -1.864149561346112663e-02 -1.187489750476115741e-01 -4.310124187818203945e-02 4.280974156456315849e-02 2.273820037608741476e-02 -2.694367337484598023e-03 -3.817890821570393833e-02 3.661644326507465519e-02 -4.433602133312398996e-02 -1.528387813002883913e-02 -7.824256350650628244e-03 2.844704162399412650e-02 2.526635491999179930e-02 -3.373980291141375626e-02 -2.583441753536230151e-02 6.035557281119140541e-03 2.273718472936771869e-03 2.872931546024255767e-02 1.336677703172211573e-01 9.633984683494185852e-02 -4.323198734689887024e-02 -4.062030723838735286e-02 -6.096749239128688470e-03 -2.583071221942886617e-02 -7.185494534482780860e-02 -4.496934744807831036e-02 -1.500742071837814218e-01 -2.132665433840590791e-02 -3.736832302167712987e-03 -1.174685726689004076e-02 -2.863146093932656538e-02 -1.257147612687214699e-01 -2.869416444620047357e-02 1.639170797066677801e-02 -8.621438568684299669e-03 -6.889650326001377223e-02 -3.076797280272636562e-02 5.500861102452570851e-03 1.212798104731505067e-02 2.991221284645887921e-02 -1.125046177255857732e-01 -4.587411169427854651e-02 6.096243552757715095e-02 6.404823967395822937e-02 -2.489081599881957929e-02 8.435772494349579737e-03 -5.033251187121771247e-02 -4.442876198700158180e-02 2.281789645913100475e-02 4.166846039324831330e-02
-5.556269155308552442e-03 -7.573682870575258741e-02 -6.786274112769954958e-03 1.502062651516431271e-02 -4.811317518970789262e-04 -3.265160956126636482e-02 9.987180448033328162e-02 5.023919055416927945e-03 1.867062174768967242e-02 5.644763031190919156e-02 5.356341958587059610e-02 3.381556773374747027e-02 -3.331965379801848925e-02 0.000000000000000000e+00 3.362201788011449227e-02 2.023682275652364387e-02 4.299689484852931703e-02 2.545674681479759630e-02 6.943434512697455041e-02 5.014123899346055631e-03 3.469066932710569012e-02 1.545400487684120069e-02 -3.355188137239380197e-02 1.942307694991619697e-03 1.296750632495100204e-02 9.220266381816673296e-03 -3.546961102198066540e-02 -1.049562932974547856e-02 6.745820071209474023e-02 1.029568930731720143e-02 -5.956879780875183085e-03 -3.473630677977466302e-02 2.705036024079532364e-02 1.027063971618347171e-02 2.664536105021687168e-02 -4.483970962656829568e-02 -3.781376740911732842e-02 3.079376214064349221e-02 1.808181288890776256e-02 -2.675670330318817222e-02 -6.076000272182105477e-02 -3.122981936771270992e-02 -2.885984910655552821e-02 2.599394115258513854e-02 8.681637906177115671e-02 2.756389164359612787e-02 1.609085757631448232e-02 -1.097658945180063628e-01 5.614439236365528774e-02 1.266049241678318150e-02 2.859230410797143282e-02 -1.348793832193324275e-03 -1.365837824554552715e-02 -8.273771570968845024e-02 -5.709581382693692739e-03 4.591710898645043337e-02 -3.071640423773670109e-02 3.659124226225287518e-02 -6.301455708235151332e-02 -1.092219702542039476e-02 -4.105148545241373709e-02 -4.504308914001228098e-02 7.265678754199145217e-02 -1.164883460448421365e-01 -1.474711603470662928e-02 -2.321259080709958331e-02 -5.834913978585222483e-02 -6.487478863318128786e-02
-4.769411744142905592e-03 -3.107008946620831019e-02 -3.115120617626260593e-02 -1.257673803867329423e-02 -5.302516758533327990e-02 -1.083945243280771270e-02 -3.348693875080618193e-02 1.780300115253404328e-02 1.446692880370120497e-02 7.888401203940159645e-03 1.519723157461606682e-02 -1.191734935168608546e-02 3.067080698156790866e-02 3.362201788011449227e-02 0.000000000000000000e+00 -2.721362885737036580e-02 -2.012773019702720004e-02 -6.873773261338504692e-02 -3.406793641767814906e-02 -2.990217788950691111e-02 7.077577828526679382e-02 3.949861306810565492e-02 -6.199554192163198724e-02 8.898364038003532539e-02 3.387072142001196218e-02 3.199071603279877302e-02 -7.194363559694189059e-02 -5.262090420913321381e-02 5.018598016088603869e-02 1.614422564128389567e-02 2.410258412365094000e-02 -8.286671974533561802e-02 2.933697740068994669e-02 5.242606097053539860e-02 6.868967734928473068e-02 -2.067063560151471274e-02 -1.170846981928676429e-02 2.126024709681560709e-03 -8.436032214525025774e-02 -3.751921736063228152e-02 -2.380278453048319601e-02 -4.491425811360480469e-02 -4.761997270387533648e-02 -5.396781849614098320e-02 -5.780143158509645773e-02 4.309055621186943380e-02 7.241600610363802849e-03 5.578662613510258078e-02 9.573668725702332016e-03 1.840630992894016008e-02 3.208026773743606619e-02 1.993557112000700002e-02 1.792648662069587159e-02 9.390834301476535390e-03 4.499041472783489592e-02 -1.812262751484521386e-02 4.316936333635660455e-02 -2.751765359304770772e-02 6.919748056367894598e-03 3.380128089324450913e-02 -8.970689289802903643e-02 -7.704059598359801198e-02 -8.856445597277744219e-02 6.850643118222403405e-02 -4.011670506602359187e-02 -1.318228025232271589e-02 -6.905538252644759234e-02 -7.192017850778081867e-02
-6.974748590109190738e-02 6.171252541308703925e-03 -5.940676302554503962e-02 -4.478231908155390351e-02 -4.186908950613038582e-02 -5.767864154332719151e-02 -7.607450328468820695e-03 1.447096073157311084e-03 -2.768540518908062936e-02 -2.478260755162390097e-02 9.152573419831039336e-02 -3.507314818532628053e-02 6.524617382715564018e-02 2.023682275652364387e-02 -2.721362885737036580e-02 0.000000000000000000e+00 2.093817614980774885e-02 -2.241855231608222768e-02 -7.208394135651267909e-02 -8.222052491852585229e-03 1.132861611454437506e-01 -2.135142966022737787e-02 5.909234257606419544e-02 -7.599286441574307736e-03 -5.997621005267197297e-02 3.776413665620983323e-02 5.464679926187410858e-02 1.148247358262923651e-02 5.373575030657731788e-02 1.828629315641399841e-02 -7.555979412918485683e-02 1.150588484314448712e-01 2.407394007212752818e-02 3.612332463344157529e-02 -3.290876570614030723e-03 -2.135645501950318367e-02 2.491095069319580399e-02 6.845996883492687368e-02 1.041851828279702179e-02 -1.130519302302629842e-01 1.026132418369888194e-01 7.758680268247851453e-02 2.432726059925270634e-02 -3.173992853475656600e-02 -1.437766732261803737e-01 -3.261266463708597380e-02 -2.189332776530315133e-02 1.738630201039793530e-02 -5.624558105694689447e-02 -1.930002164563250633e-02 3.621295366752042694e-02 5.556516959824474994e-02 -1.042086417956707284e-01 3.404336648887605621e-02 -3.136156904560152142e-02 2.703757242370421685e-02 1.972709150809819761e-02 2.266618220748398485e-02 -1.375076857666661032e-02 3.274758222070361241e-02 4.896934274769365603e-02 -6.327639267696766150e-03 -4.915973837049281842e-02 -3.561899552946709568e-02 -5.716705619445205250e-02 8.829212006341176366e-02 -3.237416614839327272e-02 -2.393725121593199764e-02
4.092455018183882576e-02 7.660345873647664283e-02 -3.367476295744924880e-02 -4.576763643380675484e-02 7.199973785973066975e-02 -2.704256279853196193e-02 1.310798516914864729e-02 1.031521954608046431e-02 -1.206730800204220376e-02 -6.034047897977139890e-02 -9.810798381825804049e-02 -3.976836888895286803e-02 -5.076341907533099551e-02 4.299689484852931703e-02 -2.012773019702720004e-02 2.093817614980774885e-02 0.000000000000000000e+00 2.313068291426434095e-02 1.145848643960879418e-02 3.485951522252671818e-03 3.118068230747929673e-02 -4.491988446160083415e-03 -5.094286746624097223e-02 3.430552820879107651e-02 7.014390139886027276e-02 -4.687072383066690591e-04 3.407535508279220526e-02 2.799164912795876897e-02 5.221662077555227176e-03 3.893256226167992468e-02 7.555143711090989145e-02 -2.705858074929835128e-03 4.154262719845051161e-02 -3.324967129564823133e-03 9.116023621633964624e-02 -1.837527773201354762e-03 -4.437396995811966616e-02 -5.531534535601172892e-02 -5.537543284935474153e-02 -1.769600744770481737e-02 4.331529029698302780e-02 4.384075062217466373e-02 7.094937299786620299e-02 -2.990948854695992670e-02 9.548701105576985759e-02 4.647248911438758324e-03 -7.148737727519287495e-03 1.148408422696589430e-02 5.644979440085262645e-02 -5.600241892560771373e-02 -7.357865033848763614e-02 -2.803274109018075947e-03 -3.186105683087380597e-02 1.639195350777468028e-03 -4.977043027066008207e-02 -4.760011493322226922e-02 3.437460889730175467e-02 5.607889288575401698e-02 -2.187580464645181091e-02 -9.227847270109335032e-02 6.458020701218330877e-03 8.032283620311192474e-02 1.255724712905860636e-02 -4.105648469266535983e-02 1.100690267388650155e-03 -1.120201237571612392e-02 -1.702887707648861534e-02 2.202245796824647307e-03
4.442762036389035635e-02 5.782242849683424946e-02 -2.911003325577671969e-02 1.634057800294116611e-02 -1.779314481617183530e-02 5.580052535871202202e-02 4.709952363629761607e-02 6.291139982372635775e-03 -1.730624449106642898e-02 -5.261629753584729646e-03 1.834170629958773585e-02 2.081645765659044522e-02 -6.046976907595369433e-02 2.545674681479759630e-02 -6.873773261338504692e-02 -2.241855231608222768e-02 2.313068291426434095e-02 0.000000000000000000e+00 -4.649957952336881972e-02 -1.269703278770457633e-01 7.168008072983463042e-02 8.743000315254257715e-04 4.816208709168631752e-02 -3.444895676433296083e-02 -5.938320527798979231e-02 1.981713307691402789e-02 -6.536906748547285928e-02 2.975176824374940743e-02 4.293148125929019399e-02 5.973374472429265891e-02 2.073537399463008801e-02 6.280740131731889220e-02 -2.017975903449068659e-02 7.675460786564322624e-02 -1.138148021748005764e-02 5.483009625359857447e-02 9.168461012755608347e-03 1.193741713294051030e-04 1.078746250323030231e-02 4.027718588613123096e-02 -1.533227582849620678e-02 -2.352400356032302749e-03 3.575336190317352641e-02 -1.122291965566063476e-02 5.631597865923308743e-02 2.744466228457419568e-02 5.916035106425842488e-02 -8.264527464729175266e-02 1.831250700957755620e-02 -4.209188953918245601e-02 2.921937842109980504e-02 -4.403163806593323598e-02 7.588712439730037340e-02 3.591983311366486742e-02 1.800687063557978446e-02 9.510002753466086090e-02 2.705910203359575966e-02 -1.716844589420041256e-02 -6.831815668588318152e-03 -1.587475945954926540e-02 3.077131741012734123e-02 -3.364938757302973066e-02 -3.833188406458461900e-02 -2.730083059813683682e-02 7.373657956397171309e-02 6.116336966778705697e-02 3.221608120480397297e-02 6.500157591152740111e-02
-3.660672197888653612e-02 -2.942322976979199183e-03 3.032672923670982207e-02 -2.105762122859511365e-02 4.784538230489553123e-02 2.836764653685916113e-02 9.668491266534022521e-02 1.564074499228486348e-02 3.435154933029578583e-02 8.367275238599170342e-03 9.705789374621709431e-02 5.876814185585167022e-02 -1.864149561346112663e-02 6.943434512697455041e-02 -3.406793641767814906e-02 -7.208394135651267909e-02 1.145848643960879418e-02 -4.649957952336881972e-02 0.000000000000000000e+00 -3.639952382405010900e-02 1.656405059107044679e-03 5.291161311197480066e-03 -4.226203114915989822e-02 -4.066115610131323943e-02 1.510249621441974929e-02 4.787766189865488853e-02 -9.922478342255219158e-03 -2.163192573276958783e-02 1.355780426774770564e-02 3.384498467688672185e-02 7.264807024969974734e-03 -7.191106498971297500e-02 -4.034897886058200212e-02 -3.893701592024816777e-02 -8.489073262715656279e-03 -1.018286887178866500e-02 -2.295634312008003677e-02 4.888661604454043116e-03 -7.031344128625140188e-02 3.661032662685739791e-02 9.990019700729629859e-03 -3.093390078195909845e-02 1.291697088317931771e-02 1.086044399312967590e-01 4.940575773653473751e-02 8.732029384529221838e-02 3.817534708959101353e-02 -7.982666039485807931e-05 -4.467210585258180738e-02 -5.555977995226997306e-03 -2.691380571542790687e-02 -3.313455784478776256e-02 1.252665502118911365e-03 1.818667295866567210e-02 6.320239585359763157e-02 1.962655047699856173e-02 -1.780768072793862400e-01 -9.290673660710874193e-02 4.257739130893828383e-02 -6.315766612760854992e-02 -3.371181442545327211e-03 -3.237994924900294835e-02 5.416779432783428577e-02 1.268578578248566631e-02 5.734476535993562885e-02 2.979922414082461501e-02 -4.525107045623213281e-02 1.708655713027712464e-02
6.143396743478957839e-02 2.085511479080026306e-02 5.017510935860575866e-03 -4.363917457895433866e-02 1.235274354989850630e-03 6.992050086861162361e-02 2.498874803453458512e-02 -4.459272784156257524e-02 2.561293282260653642e-02 3.310114343798421788e-02 6.284417209515721914e-02 -3.586149551768694210e-02 -1.187489750476115741e-01 5.014123899346055631e-03 -2.990217788950691111e-02 -8.222052491852585229e-03 3.485951522252671818e-03 -1.269703278770457633e-01 -3.639952382405010900e-02 0.000000000000000000e+00 -1.808128325726618760e-02 -5.988050524538773844e-02 -2.343103433515293307e-02 -2.319694847429182652e-02 2.344120341486672157e-02 -1.090090780453371704e-02 8.794224464034830491e-02 5.271089616957306406e-02 -7.278801219611386042e-02 -4.312345331821053687e-03 3.022557343635306776e-04 2.045251024478001584e-02 1.467768313318877724e-03 -1.069886034512955789e-02 5.789680607380996019e-02 2.209424275176178482e-02 -7.188152920233412124e-02 -4.529449632191186875e-02 1.237042054160064457e-02 -1.515885921237207674e-02 4.352507193613698588e-02 -4.723421421918131552e-02 1.461901133571089605e-02 1.692889725264936501e-02 1.368346661270713333e-02 -4.085314240633915184e-02 3.511818648324487729e-02 -5.104513123262533619e-02 3.085775321572204952e-02 4.098355372330428348e-02 5.742459748786567578e-03 -3.983777457312430437e-02 4.142261761169081097e-02 -4.224179007114430007e-02 2.684101064150687041e-02 -5.819478316599654977e-02 8.564177868644766434e-02 2.243384757176412544e-02 -7.555389412343938016e-02 6.502793570489071029e-02 7.143315561772160815e-02 -8.053446323969702669e-02 -2.339572171375169530e-03 2.941451561817791382e-03 2.940381572592863993e-02 5.100946248525324578e-02 4.387951188421815307e-02 -1.385281167307234225e-02
3.044686458351289829e-02 9.687164830525334114e-02 2.612614957496724871e-02 -6.165336411334462058e-02 -9.684979058169029820e-02 2.973690811458262057e-02 5.267707607651325036e-03 1.064771384418392725e-02 8.196042851076517158e-03 8.874475329787183397e-02 -9.962635742659527172e-02 -1.952256732768587258e-02 -4.310124187818203945e-02 3.469066932710569012e-02 7.077577828526679382e-02 1.132861611454437506e-01 3.118068230747929673e-02 7.168008072983463042e-02 1.656405059107044679e-03 -1.808128325726618760e-02 0.000000000000000000e+00 7.722292704763804305e-02 7.961906758014129781e-02 5.546930003964792300e-02 -4.443556295279454255e-02 3.284074552505570916e-03 6.015406167962505241e-02 1.367912913612597675e-02 -3.395299738570634746e-02 6.539524309933873736e-02 -1.526823556282816408e-02 7.089567214670478013e-02 2.758566476898096156e-02 -3.376981566242003019e-02 -9.748761938041057909e-03 5.850399145334756216e-04 5.389704040047482714e-02 -3.291067571141619713e-02 5.536081320336888947e-03 1.711546153070801768e-02 7.278322124090694234e-02 -9.145801676189705201e-03 -9.268683733482054043e-02 7.982133552016816569e-03 4.214968682557031915e-02 9.124225662508348225e-04 -2.819034125387116091e-02 2.813735128596176263e-02 -7.983393818751047407e-05 -4.126188755535262209e-03 -1.347769810162840858e-02 -2.115573968163905055e-02 -5.209591782006297439e-02 -7.220472670294454838e-03 -6.455720615135329687e-03 3.037764890641419385e-02 7.839964057304543710e-02 -3.399562657443817859e-02 2.580188030614715203e-02 3.397076682522856550e-02 1.003178250874865902e-02 -2.964622183237087399e-02 -9.818955373799412301e-03 -3.764209895181933746e-02 -2.430383176431671552e-02 -6.179170652493138488e-02 2.288296156479434698e-02 2.980331987568588231e-03
1.774611471260214082e-02 4.942387903895778534e-02 -6.600871270912653244e-02 -1.716434921651840972e-02 1.137721592784326080e-01 1.090913366418923974e-02 2.847000717879624374e-02 -6.276379882180885272e-02 3.617120245871185275e-02 -7.402037617753833010e-02 -1.098222246453153458e-02 -6.628893837706607839e-02 4.280974156456315849e-02 1.545400487684120069e-02 3.949861306810565492e-02 -2.135142966022737787e-02 -4.491988446160083415e-03 8.743000315254257715e-04 5.291161311197480066e-03 -5.988050524538773844e-02 7.722292704763804305e-02 0.000000000000000000e+00 3.629246151248989929e-03 1.028970677253665360e-02 3.806222494774506165e-02 5.673949992809805554e-02 -7.147603953947957722e-02 -2.243138231608067176e-02 8.964692923553993498e-02 -8.287434648836469742e-02 -1.244056224429901381e-02 -1.151570566918729173e-02 6.006297190224887950e-02 5.459334956959371182e-02 3.264814522087738057e-03 3.508206167982581142e-02 -2.630140204079309610e-02 8.009346934248269545e-03 -7.009381082291140340e-03 -2.151430254910980180e-02 -8.885265180335190360e-02 -1.997119688788990752e-02 -3.272292432033682696e-02 2.467743069673700856e-02 4.317108009989427744e-03 -3.395456937546231790e-02 -2.056506757161220833e-02 8.491607611208380757e-02 -5.536126974991756973e-04 3.403945035772096978e-02 5.219225488036536437e-02 -5.550100597037734701e-02 -5.079837161667728057e-02 -3.199513387966513266e-03 5.482010343488382537e-02 6.525023104755742730e-03 -3.863258775993503452e-02 -5.399886770807581921e-02 -6.036104288631713444e-02 -3.354277965543070103e-03 -3.164405404555509227e-02 -2.636105172505393696e-02 1.112799555792298375e-02 -1.875013107436395224e-02 4.034740304926350690e-02 -1.588345821201338215e-02 3.927468854044854213e-02 7.693410690025967447e-02
3.077811737929794442e-02 -2.473563221287760922e-03 4.973969749415547287e-02 4.248413603898576257e-04 -1.050857809408523025e-02 7.625011227245659905e-03 -5.474102468919459646e-02 7.038585988191178866e-02 -2.971542166974497790e-03 -5.653594566668788263e-02 7.711122962349324650e-02 3.392540038142227710e-02 2.273820037608741476e-02 -3.355188137239380197e-02 -6.199554192163198724e-02 5.909234257606419544e-02 -5.094286746624097223e-02 4.816208709168631752e-02 -4.226203114915989822e-02 -2.343103433515293307e-02 7.961906758014129781e-02 3.629246151248989929e-03 0.000000000000000000e+00 -2.365363550706879939e-02 -2.531957701626790999e-02 2.353785118637029966e-02 8.872289050327063220e-02 -4.771126419239934968e-03 1.813630778678017655e-02 4.082660044179626385e-02 -5.404744542804165025e-02 1.086613155627452233e-02 3.215519144241674176e-03 -7.386007865260785232e-02 -4.525205213841206053e-02 -6.880568468831745055e-02 7.591864641083418373e-03 1.873112998028799488e-03 3.152159254852512915e-02 6.371924148068851268e-02 5.926746023758121956e-02 2.411859774622987507e-02 4.775259858551009901e-02 2.169356576681655616e-02 -2.522502551957475636e-03 2.856534885581142255e-02 6.148932140885834952e-02 2.409381487493966051e-02 -8.703959233048255001e-03 2.408572724822202402e-02 7.557486648845739008e-02 4.309256187346854200e-02 1.191682077301660370e-01 2.188205674287655236e-02 3.560977670622410274e-02 8.737225110924727589e-02 5.364201755505815933e-02 -1.840808511140583706e-02 -7.373685876246845530e-03 1.621964602147146772e-02 6.371414187520364758e-02 3.877014521727744495e-02 2.422697857777402625e-02 -2.306491960303172148e-02 -7.721031950841400482e-02 -5.490585381048476016e-02 4.103551920205438658e-02 2.875580456688616934e-02
