0.000000000000000000e+00 3.201106030909091349e-02 -3.677668533353479693e-03 -1.799432700051965123e-02 -1.128362500223639535e-02 3.586547889224921820e-02 2.750542666921699381e-02 -4.008787396986399250e-03 3.594386242020986000e-02 3.960546433015708911e-03 -3.341363927747253298e-02 4.693681736985945430e-02 2.238419744460213266e-03 -1.467230616941426168e-02 -5.202865197121105990e-03 -7.045940945653453302e-02 4.084924651817294083e-02 4.412562396788789060e-02 -3.719167056694523688e-02 6.151841962920685802e-02 3.051334657661460004e-02 1.736922738370441296e-02 3.041870200901205037e-02 6.678114914258617696e-02 2.111178684887569934e-02 -3.908942780464725285e-03 -2.279432957515585209e-02 -2.455675833180641712e-02 2.110103548415654187e-02 -2.519781171934695405e-02 -5.860102973786893849e-02 -1.100185031685529426e-02 -6.188378046573789898e-02 -3.263489318933256861e-02 -3.363655361924591802e-02 3.021860275502561213e-02 3.766013038167696086e-02 2.598528391754561725e-02 -3.389829207792359467e-02 1.530141298216371182e-02 5.143027908509144319e-02 -6.716721296529734944e-03 5.927555388850752963e-03 2.484074066960985025e-02 5.400646675935030089e-02 -6.609060403187867749e-02 9.740140664671746024e-03 2.878493088127414071e-02 -4.514536383317467594e-02 5.880858566240822205e-02 3.058224614959275528e-02 -8.975634195128566473e-02 1.530180056307991684e-02 1.388382610966329422e-02 -8.586781915650526509e-02 -8.169273879276146844e-02 4.964225330263682262e-02 -3.163184322239295104e-02 4.605748152568115567e-02 -2.785986643952178404e-02 -4.135350584490969650e-02 -2.597028691780855700e-02 6.094045993372895634e-04 -1.823988272576623770e-02 6.507591142925032990e-02 3.456096886335448693e-03 -1.956502400432980071e-02 1.086608698816027979e-02
3.201106030909091349e-02 0.000000000000000000e+00 -1.049789107032997743e-01 -8.204152226947918070e-02 4.032634908375370281e-02 -4.839091155583720438e-02 -5.482106822667435347e-02 1.086792973690404833e-03 5.985046921725052649e-02 -5.173988202467064840e-02 -4.078952529713558012e-02 1.784713577355229652e-03 8.395546915875033711e-02 -7.566381723900648948e-02 -3.141677647395709622e-02 5.926449557194186056e-03 7.670014601307224844e-02 5.830447511365310226e-02 -3.235888621677360764e-03 2.120899166291715168e-02 9.677074009890225537e-02 4.253119699281583677e-02 -3.947006720543063014e-03 -9.701405164269951559e-03 2.199179132989930938e-02 2.579045249129832684e-02 4.089015071019973420e-03 -3.354505278397773571e-02 -4.577399317305196058e-02 6.571063777438691800e-02 -3.283293269352825262e-03 4.698555442704211577e-02 -2.740146058384545363e-02 1.602412932927226377e-02 -3.960766840069625955e-02 2.187038209425143723e-02 2.431372674394267561e-02 -3.027973141116631697e-02 -6.105296331738849919e-02 6.934920014266496638e-03 -8.767149890541760249e-02 4.405434220591490646e-02 2.700548238340903101e-02 2.430961303346525909e-02 -2.579811930103570114e-02 5.216013562076141086e-03 -1.562465889190526626e-02 -4.033094017750232796e-02 -4.352418213257317620e-02 -3.543481381429117866e-02 4.352974569642082542e-02 2.988185180009304137e-02 -2.516765463252341236e-03 2.744114768589149544e-02 3.313455366038832450e-02 -5.640808098626880207e-02 5.119039129001043409e-02 -8.307907747076580252e-02 -8.729024372300778212e-02 -5.294183299519964608e-02 -8.069772130571329152e-03 -2.018772342736054048e-02 -3.110574482157299481e-02 -1.201922440190222180e-01 -3.825792828143115276e-02 -9.988141644951207751e-03 3.879155606467081518e-02 1.249881058927069105e-01
-3.677668533353479693e-03 -1.049789107032997743e-01 0.000000000000000000e+00 -8.514868381215420431e-03 -7.709642209938710744e-02 1.281936849950082169e-01 1.179948059307873651e-02 5.402319349864374842e-02 -3.087319593876702850e-02 -4.960631614889241675e-02 -1.105122168001659508e-02 2.491517058751908931e-02 -2.823999288145053951e-02 -6.951951426861873590e-03 -2.969417372632983387e-02 -6.240984669045804983e-02 -4.255543843384768099e-02 -2.975481232741530868e-02 3.055245214730848910e-02 4.514938650381199008e-03 2.087488493983370025e-02 -6.572429231182241871e-02 2.085079204211499546e-02 -2.456896995490007174e-02 2.595509298632605807e-03 8.468946918257792486e-03 8.031059914844952685e-02 -1.534968312917751702e-02 -1.107249797511608395e-02 -2.335944573516705869e-02 8.703696668971643013e-02 -6.647843456203286761e-02 7.564470602914787067e-02 -3.956616625577767145e-03 -3.713908196307650830e-03 -8.096808850158725146e-02 1.201984690455072148e-02 -2.462893552667555844e-02 5.825259500166200810e-02 7.212876735885091761e-02 2.372308523497565838e-02 -8.245214940526864045e-02 8.548517801350688505e-02 1.663163195276776141e-02 -2.442749747525303078e-02 -5.705165369261446656e-02 -2.340895320708049482e-02 -4.351872609604408998e-02 -4.331935798506881402e-02 4.346370181914008951e-02 8.531115305866532328e-03 5.198535385019652927e-02 -4.419510270532923252e-02 1.608950147856389595e-02 1.981111567137581672e-02 1.574481222417585535e-02 -5.702103179016188191e-03 1.479190491379387198e-02 -5.004253042394658096e-02 1.944444491619962828e-02 2.118256594007271107e-02 4.664869297239353924e-02 3.255962432068943823e-03 -9.924447352048117524e-03 2.744330540859390294e-02 -7.763440156583047667e-03 -4.620677080195959019e-02 -6.123848754792084181e-02
-1.799432700051965123e-02 -8.204152226947918070e-02 -8.514868381215420431e-03 0.000000000000000000e+00 7.900290875741592875e-03 8.701426341034822513e-04 1.174813188911770154e-02 -9.633627642647071831e-02 3.264291757266109956e-02 5.672869118103709973e-02 2.419938836014237822e-03 -3.806430309751532987e-02 3.968061238806293300e-02 1.571373328779904210e-02 -1.274206910387267778e-02 -4.478137991157727510e-02 -4.523533752739945096e-02 1.670351618793362511e-02 -2.076515670378072456e-02 -5.010636893033951905e-02 -6.220323908827393028e-02 -1.638303707645995602e-02 2.243372798251917679e-03 -2.620878488945031087e-02 -5.129770694668532582e-02 2.694872122956903926e-02 -6.319818440496452472e-02 2.837380855559353335e-02 -4.962957500169527802e-02 2.157151959641596256e-02 6.342991416506471580e-02 -1.155499520430723279e-02 -2.226505410596331738e-02 -2.889868352928429834e-02 -9.136175160158470365e-02 -4.758014271317313748e-02 3.673874183662192289e-02 4.641919956926542773e-02 -2.136901601771355047e-02 1.497537245599474091e-02 -7.208474967536465661e-02 3.265843211119234119e-02 -1.118528391496239338e-01 3.934326837382443737e-02 -5.471352431783982340e-02 -3.542417159838405494e-02 -6.429943239754483224e-03 -8.701460881289474480e-02 -4.759437234688073531e-02 4.762229810185197171e-02 -4.786858950781773536e-02 8.522223899273734249e-02 -1.394799259367255143e-02 -3.416456685703422869e-02 2.842285360545938194e-02 3.560577228258106353e-02 3.028868616948620501e-02 3.219520744893370617e-02 6.664977031480381897e-02 -2.375411127515659332e-02 1.880785596610761584e-02 1.322684240221851278e-02 -3.381986520684760519e-03 -9.763328821679310987e-02 -9.458788078235021851e-03 7.744249576487541309e-02 -6.219302659930620730e-02 -3.771168607088537517e-02
-1.128362500223639535e-02 4.032634908375370281e-02 -7.709642209938710744e-02 7.900290875741592875e-03 0.000000000000000000e+00 -2.364447640915702184e-02 -5.102465837394885850e-02 7.162483614563266987e-02 6.285157005636524130e-02 -1.642418052227245621e-03 1.075282732363106895e-03 -5.709161046357381225e-02 -8.760090957184635263e-02 -1.060609204086571328e-03 -6.020660132167535150e-02 -4.164578739734887958e-02 7.181890912376771852e-02 -1.781116665769161972e-02 4.763392883786744803e-02 1.395180033331815594e-03 -9.704452721721150421e-02 1.134733816111802435e-01 -7.687058679310330295e-03 -4.132495455701797396e-03 2.303536216260072475e-03 -4.722756929268882159e-03 5.885469190094301528e-02 -1.644172268429388087e-02 5.348107440334804591e-02 -2.195026656290616999e-03 2.788142810017570777e-02 1.132072912871055631e-01 8.530636086922919678e-03 8.412881783941281166e-02 5.799533495450517190e-02 1.890387539442598547e-02 -9.927535852909807890e-02 3.543854953387970408e-02 -8.094846822227254324e-03 -7.817755135623757901e-02 -4.274097126328008089e-02 1.233062330083058156e-03 1.383864812660815825e-02 4.945125036839905647e-02 -1.639282294078131530e-02 1.744743053185731155e-02 8.384040303897102517e-03 -5.915550358383635590e-03 7.337529241496416887e-02 2.267220601499723986e-02 -3.469704109716507251e-02 -3.104863341778484054e-02 -4.457746359766995986e-02 1.556690133952717305e-02 1.724410977712710624e-02 -5.346857659608339475e-02 -8.554134369825057427e-02 -1.483077477627573739e-03 6.092390290881932735e-02 -4.070780387286742491e-02 -3.000418512953237360e-02 -2.867005971435769573e-02 -7.566068404186848673e-02 -2.065261019428984990e-02 8.756940494757731175e-02 7.170542846505045809e-02 1.495506121741297864e-02 2.603178913293952706e-02
3.586547889224921820e-02 -4.839091155583720438e-02 1.281936849950082169e-01 8.701426341034822513e-04 -2.364447640915702184e-02 0.000000000000000000e+00 6.916447867346518785e-02 3.445003012178428359e-02 2.439778451445217405e-02 3.711323377235180299e-02 1.907453495595783782e-02 6.876237469678139758e-02 -8.471906414062490426e-03 -3.506589413049010506e-02 -1.376618620302612686e-02 -5.791275176424635907e-02 -2.805632320038130637e-02 5.539283196765067141e-02 2.771368240665163241e-02 6.980008115950468717e-02 2.938959379644749334e-02 1.151255577398327228e-02 5.190223157532162547e-03 5.681105070616407349e-02 -5.975671150302010182e-02 1.102256634338838193e-01 1.238740366025226775e-02 -4.482522528509230025e-02 1.617861397437799637e-03 -3.233038076972748892e-02 3.432372392020340696e-02 4.586613302150646665e-02 -5.951339041302613174e-03 3.992517779106611805e-03 6.180961093172781390e-02 -3.129864578286743054e-02 -4.439187695400124978e-02 7.102132727274565807e-03 5.674575806031373348e-02 1.133451786167483100e-02 1.351216211884693486e-01 2.743718965018653033e-02 1.184240539208902647e-02 -3.319928654604360763e-02 -9.913548231768298455e-03 -5.393343573170305411e-02 4.736821877682340781e-02 8.505674591025495779e-02 -7.201121501355699228e-02 -6.005045158367383618e-02 -2.184407339335679970e-03 -4.943022167064362038e-02 1.814033682463753530e-02 8.292060550589371026e-02 -6.385778182789017543e-02 7.163003518454313934e-02 4.074874669748577982e-02 5.021425661141326949e-03 1.448975201770021440e-02 -3.623120041680170239e-02 3.180321136418170352e-02 2.077934434040837591e-03 -6.206767943037280050e-02 3.068618750992401292e-02 4.086983313938730156e-02 2.474053630497633285e-02 -1.964039876353086689e-02 2.961151696780517806e-04
2.750542666921699381e-02 -5.482106822667435347e-02 1.179948059307873651e-02 1.174813188911770154e-02 -5.102465837394885850e-02 6.916447867346518785e-02 0.000000000000000000e+00 -6.569475766604072897e-02 2.664633898948769175e-03 3.129113381669412081e-02 9.351512621983472731e-03 1.021821545140447624e-01 2.400358380561354657e-02 8.473362978659697287e-02 -3.321558791434991303e-02 -8.444422804395362858e-03 1.170436108154483679e-02 4.476377224104864661e-02 9.551647791451309266e-02 2.345900683834408265e-02 1.575264209304138088e-03 2.990899181608734636e-02 -5.905519648244447750e-02 3.352306626220126484e-02 -1.930956839602426117e-02 2.108770541792011691e-02 -5.239221107612435091e-02 6.498855382580108649e-03 6.201842095704536428e-02 -1.179355493406684663e-01 9.559987617554567205e-03 -6.605028904833505632e-03 4.573868679230052442e-02 -4.862581916140932582e-03 -2.367367574621544526e-02 1.695154864215970072e-02 -2.512657478114956652e-03 -3.168871518886069022e-02 2.183416744287063754e-02 -5.319206639213030358e-02 -1.535884731447193299e-02 -4.741862796253573653e-02 2.895997033824316419e-02 -1.597103453043908008e-02 2.713006626935904678e-02 -3.359813403928114950e-02 7.277098269085986726e-02 4.769114519193132923e-02 -4.599498455197641167e-02 7.571255183705950798e-02 3.073923396110658096e-02 -3.962617311688529376e-02 6.687229153439879122e-03 -5.721145003991286171e-02 9.317892179610087755e-02 8.389734476552026393e-03 2.688424287641895741e-02 -1.054248154896628842e-04 2.897891765175665893e-02 -7.281129463417394809e-02 5.209138859479057332e-02 8.247635408442446220e-03 7.817124502141015174e-02 -1.563434050019989890e-02 -7.750667508656464144e-02 -2.670258627303599003e-02 8.669611564580279039e-02 1.885543155117348421e-02
-4.008787396986399250e-03 1.086792973690404833e-03 5.402319349864374842e-02 -9.633627642647071831e-02 7.162483614563266987e-02 3.445003012178428359e-02 -6.569475766604072897e-02 0.000000000000000000e+00 1.005412329330336238e-02 -1.262302973109884902e-02 4.401658676164341144e-02 -7.004025769915092625e-02 1.846972060811107735e-02 -9.162797071143004984e-03 1.755463029823306834e-02 1.481086104628776077e-03 7.534838617668430591e-03 5.333105619801699858e-03 1.453810059641844586e-02 -4.475150542898132661e-02 7.412456993516387642e-03 -6.275591311360377567e-02 6.689629517145657955e-02 -1.488660829161407746e-02 4.945025850465979700e-02 -3.459817842941786264e-02 -9.747594867581487604e-03 8.948786952115347915e-02 -6.436932363108167909e-03 6.973299512985824122e-02 3.553276681295435002e-02 3.094077381909017543e-02 1.197078212223716973e-03 8.888598218869403489e-02 -5.067024554395808955e-02 -6.174591776225358403e-02 -9.956255549198181343e-02 -1.432362825385057221e-02 1.953111678928602310e-02 3.575679514748360266e-02 3.697781045779657827e-02 -4.578560448077718947e-02 -2.519956525377489188e-03 3.640239613714073980e-02 4.801542407379104371e-02 -9.183600144369436641e-03 -6.578082729477072177e-02 2.784443667140032094e-02 -1.023182113339060270e-02 -1.347912359047625554e-02 -3.620180732277274854e-02 -9.490787744914295707e-03 -5.902265970239069931e-02 7.557585246478432627e-03 1.078274248255165629e-02 3.617401449099547778e-02 -4.333215872764492604e-02 6.968245054446918496e-02 -8.002599627614670084e-04 -5.357578388668893243e-02 1.147326515369964141e-02 6.840216683795925789e-02 2.469960485684899107e-02 -1.675427286229288701e-03 -3.046777846281281676e-03 -1.287253758012549543e-01 3.868081452835454848e-02 -6.111325483079591003e-03
3.594386242020986000e-02 5.985046921725052649e-02 -3.087319593876702850e-02 3.264291757266109956e-02 6.285157005636524130e-02 2.439778451445217405e-02 2.664633898948769175e-03 1.005412329330336238e-02 0.000000000000000000e+00 8.339603265504069371e-03 -5.112560057806970343e-02 -1.823883329603656752e-03 -3.846508642760659152e-02 1.894751889336651965e-02 1.086776111484780497e-02 -2.682488339976440289e-02 -1.101944097376443728e-02 -1.689721546523574244e-02 3.489990546610011873e-02 2.536097200725779405e-02 9.021457165470021453e-03 3.258560957515734685e-02 2.021418249291288870e-04 1.007431845660473890e-02 2.447632810423931021e-02 -4.500589164094152134e-02 -1.503872186109084241e-01 -2.056677450929789847e-02 -3.828064480755170862e-02 -6.887536705523106262e-02 1.831194880044665144e-02 -4.043255677491311255e-03 -5.256557791238974237e-02 -1.080738516778414517e-02 4.239285705586004482e-02 9.469628754570812157e-02 -5.840279607847841808e-02 -6.434434273976048779e-02 -3.707824987614609380e-02 -3.965077227412493882e-02 -7.913536056426634727e-03 2.949788172827750871e-03 -3.843523316614213745e-03 -9.556908044590177453e-02 2.209603505137069587e-02 4.726181274438253678e-03 6.990573179730487363e-02 5.526209456340552828e-02 -2.510968805747621629e-02 -7.575198076794376631e-04 -1.179473394404307873e-01 -3.764231157255392562e-02 1.068665107434416256e-01 -9.469691172592435702e-03 9.456913634290478599e-03 6.973484538890359352e-02 -1.779620107196237810e-02 9.470366318287792851e-03 1.048478305580508030e-02 7.805734890626575551e-02 -9.293847714362250823e-02 -2.859986026003012716e-02 6.331175298133032148e-02 -4.105053052996341691e-03 -4.588751256060778771e-02 -2.454879111937313240e-03 3.432719465693855748e-02 -6.503583731309392491e-02
3.960546433015708911e-03 -5.173988202467064840e-02 -4.960631614889241675e-02 5.672869118103709973e-02 -1.642418052227245621e-03 3.711323377235180299e-02 3.129113381669412081e-02 -1.262302973109884902e-02 8.339603265504069371e-03 0.000000000000000000e+00 5.153993958760540173e-02 1.494284478145969410e-02 -4.152194323845357499e-02 5.379465536037567053e-02 8.141169779370112033e-03 -2.413537272129605282e-02 -5.974079081550025261e-02 -6.604403032270072908e-03 7.038145626440621590e-03 2.919979754706694686e-02 8.983968009213351424e-02 -7.381798672755431057e-02 -5.607299145299728810e-02 8.377745613876332043e-02 -2.045197370868329870e-04 -5.979637750891125814e-02 1.243111981743680317e-02 3.177642173522316621e-02 -3.027226340548899719e-02 -2.204185961121150547e-02 -8.403834813243258109e-03 -2.246673986547191235e-02 -2.962223982113134160e-02 9.404541281595242552e-03 6.600496250651032015e-02 -3.559172766526581128e-02 2.303366353168329744e-02 -3.497314480829025879e-02 -6.116271643933152841e-02 -4.105666091648621507e-02 5.241636733859794152e-03 -9.693796047244929159e-02 -1.286481518572683835e-01 3.717926739351305049e-02 -2.336527242219309936e-02 3.791980474890627173e-02 -2.058833673433176775e-02 -4.465503653351998031e-02 -7.327600784265651812e-02 -1.338854283945716851e-02 -4.273622755235023662e-02 -5.542572094379489417e-02 5.243768258138573057e-02 -5.025946722420137486e-02 -2.291184780891940970e-02 -2.923257104111587693e-02 -3.460853416557772844e-02 9.640835386332683235e-03 2.156889282752985984e-02 1.387160127439791661e-02 -3.578442815329723609e-02 2.309284865461654155e-03 -8.284229793303751754e-02 -4.074842456343009262e-02 4.029778213390523833e-02 -2.419789021163636783e-02 -5.261688000747874461e-02 -2.692147476854698379e-02
-3.341363927747253298e-02 -4.078952529713558012e-02 -1.105122168001659508e-02 2.419938836014237822e-03 1.075282732363106895e-03 1.907453495595783782e-02 9.351512621983472731e-03 4.401658676164341144e-02 -5.112560057806970343e-02 5.153993958760540173e-02 0.000000000000000000e+00 2.518348548416067187e-02 -4.751476269459208729e-02 5.252807192425775623e-02 1.518933491210826617e-02 9.149351384997382597e-02 -9.910048579994745754e-02 1.320809598260009980e-02 9.577934047653510752e-02 6.337478180626544833e-02 -1.013062488908332281e-01 -1.107948194454591237e-02 7.952464173038963080e-02 -1.330720920767622210e-02 3.723293944087004148e-02 6.889697648102385830e-02 -4.431196939464444179e-02 -3.852211473429070603e-03 6.151887660923974210e-02 -1.650055777700848089e-02 -9.873410645690869347e-02 2.197281907792866459e-02 2.339107377834116416e-02 9.089568021244374962e-02 2.446856659756393645e-02 -6.755568152512542168e-02 2.796254446854373570e-03 1.185345106418540448e-02 -2.017589702279596123e-02 2.439164328259658954e-02 -5.080676114264897486e-02 5.903166466517771604e-02 3.561292861592012249e-02 5.664782167148128822e-02 -3.973070294171953537e-02 -4.176517903078023203e-02 5.722766839653063015e-02 1.294791958348038598e-02 -6.033099391860086147e-02 4.031745741952819789e-02 5.044821187603808037e-03 -1.978724842375534712e-02 -4.768053190797625490e-02 6.379149842080057697e-02 -9.293554641355098248e-03 -2.968466695672100641e-02 -3.336916547128378902e-02 -8.141419531931547854e-03 -5.382511225211532996e-02 1.863907858168237924e-02 -1.700046096910674126e-02 -4.483006955448827491e-02 2.026830488289077005e-03 4.200401540843272385e-02 -1.695970315094192521e-02 3.965394687675515700e-02 -8.820128547347773351e-02 -5.324605981221573053e-02
4.693681736985945430e-02 1.784713577355229652e-03 2.491517058751908931e-02 -3.806430309751532987e-02 -5.709161046357381225e-02 6.876237469678139758e-02 1.021821545140447624e-01 -7.004025769915092625e-02 -1.823883329603656752e-03 1.494284478145969410e-02 2.518348548416067187e-02 0.000000000000000000e+00 1.062712009377103639e-02 3.228250520388732669e-02 -1.337340212232184661e-02 -3.479625054229672221e-02 -4.026001292899038936e-02 1.992441325980515848e-02 5.879498867455223987e-02 -4.022073892906117415e-02 -1.995746926630601742e-02 -6.619514992247016449e-02 3.512065627033072318e-02 2.887942297805256089e-02 -2.240720596252194486e-06 -2.476359656672568951e-02 1.482513724724571387e-02 -4.411405477671249270e-02 6.572399465013227526e-02 -1.688309692202157042e-02 -6.365886624476070621e-02 6.023466487481676790e-02 -6.876895090589138504e-02 -5.381821285173668708e-03 6.721069877726267017e-02 -6.382228292529676383e-02 -4.996649764060340920e-02 -1.697259327297621911e-02 2.621220430272491048e-02 -9.450020770347028476e-02 3.020959786595871915e-02 -3.761558431264051122e-02 -4.383815093527486384e-02 -3.625541643495601776e-03 8.733653211212712153e-02 8.339781745495103427e-02 2.042757397144723958e-02 -6.642186098388234983e-02 4.016456874791864834e-02 2.168898816015581502e-02 -8.477807774751161540e-02 4.662551477427527222e-03 4.208643056665755527e-02 7.355902250663164110e-02 -1.293735391257050740e-02 2.104443827298254147e-02 -1.057924605690752640e-01 -1.921158495546393744e-02 -1.277770033954437126e-02 -2.592994828515174724e-02 3.027136431394674906e-02 -5.729853787199964965e-02 4.285425477724616461e-02 5.969871810502182588e-03 -4.237053092645141211e-02 -1.207688116076035059e-02 -8.177554302185575941e-02 9.796297996013926535e-02
2.238419744460213266e-03 8.395546915875033711e-02 -2.823999288145053951e-02 3.968061238806293300e-02 -8.760090957184635263e-02 -8.471906414062490426e-03 2.400358380561354657e-02 1.846972060811107735e-02 -3.846508642760659152e-02 -4.152194323845357499e-02 -4.751476269459208729e-02 1.062712009377103639e-02 0.000000000000000000e+00 -3.373690317872637956e-02 3.119194127852113058e-02 6.531509262574228258e-02 -5.068897368681250792e-02 -6.092629529686504480e-02 -1.874708965049104795e-02 -1.192832713817468804e-01 -4.346751108656315282e-02 4.190826699122867510e-02 2.419575763135131327e-02 -3.733437097515911185e-03 -4.114698580179228932e-02 3.693162168853520583e-02 -5.557417108346870277e-02 -1.686711168830557980e-02 -9.135320250645591680e-03 2.885366599855226921e-02 2.247812617446835748e-02 -3.634357728505264312e-02 -2.586779159339619438e-02 1.012346772909103812e-03 2.266644030146445620e-03 2.850855887609570274e-02 1.339062070740831556e-01 9.638651073614416809e-02 -4.296508079687174492e-02 -4.038419384364521497e-02 -6.893851028537682085e-03 -2.523773946624825390e-02 -7.191514303287856180e-02 -4.539894653131099078e-02 -1.505643945024216779e-01 -2.103827241361979489e-02 -7.392670487940338798e-03 -1.116278539159056872e-02 -2.833102354751589058e-02 -1.264872547571088413e-01 -2.916126499258592589e-02 1.701154593747393820e-02 -8.271110932866379550e-03 -6.917290282716956340e-02 -3.098132740356378950e-02 6.033895750055065857e-03 1.136411569010771679e-02 2.959890259241454782e-02 -1.120834176490879269e-01 -4.738772885108503974e-02 6.405303614411136937e-02 6.456784877383731081e-02 -2.476344995165294036e-02 8.307493180697993890e-03 -5.185135572441467583e-02 -4.440535701661137147e-02 2.317375070604573914e-02 4.216090364646524896e-02
-1.467230616941426168e-02 -7.566381723900648948e-02 -6.951951426861873590e-03 1.571373328779904210e-02 -1.060609204086571328e-03 -3.506589413049010506e-02 8.473362978659697287e-02 -9.162797071143004984e-03 1.894751889336651965e-02 5.379465536037567053e-02 5.252807192425775623e-02 3.228250520388732669e-02 -3.373690317872637956e-02 0.000000000000000000e+00 3.361188015994261841e-02 2.028217863949008729e-02 4.062368228982966151e-02 2.378266941189136410e-02 6.849031878889651204e-02 4.906427644488029448e-03 3.420041695338690846e-02 1.579481632585007581e-02 -3.909200335954452626e-02 7.398345179765674316e-04 1.305874866175963343e-02 8.623243467909406587e-03 -3.262012411116794325e-02 -1.605253607582424191e-02 5.668736867279529357e-02 4.762078989982794410e-04 -5.800871341900283237e-03 -3.662738031234068908e-02 2.690806543422727057e-02 7.922748588204318876e-03 2.783530079954510406e-02 -4.351965108010773242e-02 -3.605594175308469290e-02 3.141067015357138642e-02 1.781188938532363153e-02 -2.719302125575230253e-02 -5.947989001322565028e-02 -2.964238080835321712e-02 -2.921164481629421120e-02 2.639393540225002874e-02 8.625981085492862022e-02 2.825916427979413559e-02 1.603809307611080495e-02 -1.100607464908939376e-01 5.683659965799126718e-02 1.213061833022461775e-02 2.866524214951134478e-02 -3.334849413276645192e-04 -1.315292394453120538e-02 -8.300035771591195155e-02 -4.599409551356318723e-03 4.587979772205532519e-02 -2.938034031826837825e-02 3.721511442686618182e-02 -6.315659821438283916e-02 -8.459890219932540353e-03 -3.893275601191720225e-02 -4.471854756638460326e-02 7.311714078909649361e-02 -1.156155576937249879e-01 -1.488520372537439386e-02 -2.185811579669744847e-02 -5.861169984317621262e-02 -6.557417849955900213e-02
-5.202865197121105990e-03 -3.141677647395709622e-02 -2.969417372632983387e-02 -1.274206910387267778e-02 -6.020660132167535150e-02 -1.376618620302612686e-02 -3.321558791434991303e-02 1.755463029823306834e-02 1.086776111484780497e-02 8.141169779370112033e-03 1.518933491210826617e-02 -1.337340212232184661e-02 3.119194127852113058e-02 3.361188015994261841e-02 0.000000000000000000e+00 -2.679157093011437507e-02 -1.944518024265948566e-02 -6.881331959042986945e-02 -3.432769873560523322e-02 -2.995735597263777736e-02 7.201750231425473048e-02 3.908480567076406259e-02 -6.258156713818681383e-02 8.840188346387112261e-02 3.396955951211429875e-02 3.351877634230680802e-02 -6.602527299794175297e-02 -5.331988125291232256e-02 4.985485742116339131e-02 1.598047102278446138e-02 2.414380435339735093e-02 -8.475387078641080651e-02 2.940402868969346079e-02 5.265894389278637233e-02 6.811975126395157509e-02 -2.029652434363324320e-02 -1.085061925464127913e-02 2.495678757596169698e-03 -8.418603924914305758e-02 -3.653422717459547941e-02 -2.336112234588227227e-02 -4.487207743202804855e-02 -4.737924057123323734e-02 -5.339370110702258004e-02 -5.719420060469550954e-02 4.346508064040729979e-02 7.631329070564855238e-03 5.626680045591912760e-02 9.824182182278687683e-03 1.891082439033137108e-02 3.254937565307985947e-02 2.034123524839179936e-02 1.794953191804662951e-02 9.186206700648409662e-03 4.472172347724682334e-02 -1.776195528058281334e-02 4.447234666384736884e-02 -2.680587274505267376e-02 6.959309531866133929e-03 3.532555233573068942e-02 -8.656805649975959915e-02 -7.652079810836871776e-02 -8.810732543249648330e-02 6.890199925962012251e-02 -4.006417923213558691e-02 -1.279035070484100742e-02 -6.878998153934925974e-02 -7.102274902523161848e-02
-7.045940945653453302e-02 5.926449557194186056e-03 -6.240984669045804983e-02 -4.478137991157727510e-02 -4.164578739734887958e-02 -5.791275176424635907e-02 -8.444422804395362858e-03 1.481086104628776077e-03 -2.682488339976440289e-02 -2.413537272129605282e-02 9.149351384997382597e-02 -3.479625054229672221e-02 6.531509262574228258e-02 2.028217863949008729e-02 -2.679157093011437507e-02 0.000000000000000000e+00 2.020056898793895148e-02 -2.274205957370717054e-02 -7.144747145160523782e-02 -8.803513644603589913e-03 1.080966551710990653e-01 -2.367936685061320864e-02 4.760105322933095434e-02 -1.007839567739433721e-02 -6.016102192515367098e-02 3.691990118537864102e-02 4.113341721064744938e-02 1.010797552954740240e-02 5.274811887679190653e-02 1.670611203774753292e-02 -7.606594452994233646e-02 1.152794399149788401e-01 2.359129414131738017e-02 3.567394043768477158e-02 -3.485218785577946440e-03 -2.238151835008741347e-02 2.365411185019333437e-02 6.887022619476970697e-02 9.324074102190221466e-03 -1.141786334081896087e-01 1.020400862426550925e-01 7.817832234961259730e-02 2.415520769780387170e-02 -3.211376833729082114e-02 -1.441507856612663785e-01 -3.250471374077783249e-02 -2.201615649025773572e-02 1.612796362813502180e-02 -5.618201798672434188e-02 -2.768760591807882532e-02 3.557345980851391032e-02 5.519539289764250484e-02 -1.043387785549831498e-01 3.372918441037181525e-02 -3.283825721223084665e-02 2.585418134108777299e-02 8.690853971859523533e-03 2.159733312567392594e-02 -1.362658116489088786e-02 3.147535319506492013e-02 3.819836487766412741e-02 -8.116640469526070420e-03 -4.915823211832571343e-02 -3.615735474108294073e-02 -5.684533449276509692e-02 8.930157889192928689e-02 -3.309388087940624140e-02 -2.397590429845707083e-02
4.084924651817294083e-02 7.670014601307224844e-02 -4.255543843384768099e-02 -4.523533752739945096e-02 7.181890912376771852e-02 -2.805632320038130637e-02 1.170436108154483679e-02 7.534838617668430591e-03 -1.101944097376443728e-02 -5.974079081550025261e-02 -9.910048579994745754e-02 -4.026001292899038936e-02 -5.068897368681250792e-02 4.062368228982966151e-02 -1.944518024265948566e-02 2.020056898793895148e-02 0.000000000000000000e+00 2.344891705364661114e-02 5.711644659796354800e-03 3.495335287581227083e-03 2.955689016869199326e-02 -4.432123396243116929e-03 -6.685426867014848673e-02 3.329542811566758853e-02 7.027173976191715410e-02 -6.911482201173212679e-03 1.906456525655933140e-02 2.665209272327766568e-02 2.590002286818301851e-03 3.691636342288607403e-02 7.491676304494038208e-02 -1.925644202475213472e-03 4.078981647552321760e-02 -6.305704596680583064e-03 9.114169610516802134e-02 -1.466752327830818251e-03 -4.391145281831079772e-02 -5.581107099495967450e-02 -5.683299450356157217e-02 -1.948981209200752532e-02 4.116872317832175748e-02 4.483145468038472747e-02 6.988841207527902999e-02 -3.144179533439747654e-02 9.501107990477099252e-02 3.953431606950157974e-03 -7.063871421664257542e-03 1.099359313532319998e-02 5.671637841115905604e-02 -5.695815280528263719e-02 -7.413491184907057552e-02 -3.736283666686877544e-03 -3.136909044027554744e-02 1.851419772476201693e-03 -5.085084863958310580e-02 -4.770210094332193868e-02 3.716271816352276214e-02 5.499278918776791952e-02 -2.126541396660152142e-02 -9.214720824808160515e-02 1.895882386255243169e-04 7.962780909588790257e-02 1.252673594920248809e-02 -4.151390473224460947e-02 1.369181892710890584e-03 -1.094040247505888817e-02 -1.726101793709735460e-02 1.017329647665228716e-03
4.412562396788789060e-02 5.830447511365310226e-02 -2.975481232741530868e-02 1.670351618793362511e-02 -1.781116665769161972e-02 5.539283196765067141e-02 4.476377224104864661e-02 5.333105619801699858e-03 -1.689721546523574244e-02 -6.604403032270072908e-03 1.320809598260009980e-02 1.992441325980515848e-02 -6.092629529686504480e-02 2.378266941189136410e-02 -6.881331959042986945e-02 -2.274205957370717054e-02 2.344891705364661114e-02 0.000000000000000000e+00 -5.040852850464534740e-02 -1.270763073947767385e-01 7.062836152521451138e-02 7.635923843843459707e-04 4.717428261581808197e-02 -3.424372898915395425e-02 -5.935602620616741570e-02 1.626919861521590807e-02 -7.164754916301720178e-02 2.801065553263563587e-02 4.097866749371960327e-02 5.814651827574519871e-02 2.079453047796322659e-02 6.272722027887733809e-02 -2.054239758911059061e-02 7.412285746773657202e-02 -1.109087041577795814e-02 5.480833360696575618e-02 8.869815963121436414e-03 9.266285790841962636e-05 1.068887514746257386e-02 4.019640942232735603e-02 -1.376625806023194960e-02 -2.034400567070967017e-03 3.538705928717051502e-02 -1.176384306597287946e-02 5.570176144512911653e-02 2.718407939854319486e-02 5.868416712420122111e-02 -8.257651975825271162e-02 1.831777024836041268e-02 -4.258859498218565270e-02 2.890030437963041904e-02 -4.433554793766771723e-02 7.594953967017795127e-02 3.578465104258302110e-02 1.771308518655472647e-02 9.513561820881931419e-02 2.715989884971704502e-02 -1.708132989915958980e-02 -7.145440486222812311e-03 -1.647874885846698292e-02 3.699513060156289779e-02 -3.330088081864616273e-02 -3.823742124809199894e-02 -2.706330555155396500e-02 7.346153405993056940e-02 6.066296921743266624e-02 3.255613741102548336e-02 6.432281126355834933e-02
-3.719167056694523688e-02 -3.235888621677360764e-03 3.055245214730848910e-02 -2.076515670378072456e-02 4.763392883786744803e-02 2.771368240665163241e-02 9.551647791451309266e-02 1.453810059641844586e-02 3.489990546610011873e-02 7.038145626440621590e-03 9.577934047653510752e-02 5.879498867455223987e-02 -1.874708965049104795e-02 6.849031878889651204e-02 -3.432769873560523322e-02 -7.144747145160523782e-02 5.711644659796354800e-03 -5.040852850464534740e-02 0.000000000000000000e+00 -3.633110965202408088e-02 2.316642300126664673e-03 5.279056503054080016e-03 -4.129742732404845240e-02 -3.956670047487201303e-02 1.517256731172544892e-02 4.182401378499184946e-02 -1.010746625109421037e-02 -2.356435320877851500e-02 1.196429997955918839e-02 3.305879036299323032e-02 6.758577213785966348e-03 -7.203247620132011142e-02 -4.072429976163222803e-02 -4.498644396478263668e-02 -9.050295238258830935e-03 -1.014457761452898336e-02 -2.066807137749790413e-02 5.088204996612222253e-03 -7.018167268409025716e-02 3.617840703175063954e-02 1.039976083672049072e-02 -3.154175973767466695e-02 1.292868984739353570e-02 1.081337587152266522e-01 4.868099284648011449e-02 8.726857574250404537e-02 3.780290333288861826e-02 -3.232704188793290227e-04 -4.481081518859127838e-02 -3.626882179689151255e-03 -2.604697074505335150e-02 -3.326367154916128749e-02 1.733830897385726282e-03 1.779322558832434342e-02 6.604385563299938755e-02 2.033559686009912479e-02 -1.777120712245498502e-01 -9.243183799342390150e-02 4.268568063231296256e-02 -6.246825960865045463e-02 -3.370139310452035467e-04 -3.160249152687816948e-02 5.449706243474070066e-02 1.284115009904322931e-02 5.707364258391790096e-02 2.956133652706128059e-02 -4.547176820762193622e-02 1.625309300086180339e-02
6.151841962920685802e-02 2.120899166291715168e-02 4.514938650381199008e-03 -5.010636893033951905e-02 1.395180033331815594e-03 6.980008115950468717e-02 2.345900683834408265e-02 -4.475150542898132661e-02 2.536097200725779405e-02 2.919979754706694686e-02 6.337478180626544833e-02 -4.022073892906117415e-02 -1.192832713817468804e-01 4.906427644488029448e-03 -2.995735597263777736e-02 -8.803513644603589913e-03 3.495335287581227083e-03 -1.270763073947767385e-01 -3.633110965202408088e-02 0.000000000000000000e+00 -1.806918934809162089e-02 -5.972820811195545671e-02 -2.543366894960696900e-02 -2.476122177804611010e-02 2.361625786798429716e-02 -1.193116143651181717e-02 8.385693430590300534e-02 5.203120054607509454e-02 -7.315127579909547206e-02 -4.177246591198782548e-03 5.382681436253877098e-05 2.053869829592411267e-02 2.007269842870760060e-03 -1.042686026285846203e-02 5.809034159049076412e-02 2.240076752485878689e-02 -7.421008465531303555e-02 -4.536606148262923438e-02 1.236549582883254318e-02 -1.472796912463981804e-02 4.544159362208808478e-02 -4.688956561448284072e-02 1.535534932094834160e-02 1.656524963387260782e-02 1.372795356181058871e-02 -4.112424542632630436e-02 3.504623454184972037e-02 -5.086455242627402340e-02 3.103585047087445772e-02 3.998537732022396096e-02 5.516124228725645916e-03 -4.020441397987676441e-02 4.110854251989500691e-02 -4.230828658941900716e-02 2.608250739236427779e-02 -5.860351823791382087e-02 8.518359502687226914e-02 2.326279893502674820e-02 -7.597348431834713423e-02 6.448451817815271936e-02 6.471291940110660001e-02 -8.303114461674346303e-02 -2.333067550855294839e-03 3.197660275841938005e-03 2.912928252043683192e-02 5.092168165897976995e-02 4.444516638952383802e-02 -1.447932097554395330e-02
3.051334657661460004e-02 9.677074009890225537e-02 2.087488493983370025e-02 -6.220323908827393028e-02 -9.704452721721150421e-02 2.938959379644749334e-02 1.575264209304138088e-03 7.412456993516387642e-03 9.021457165470021453e-03 8.983968009213351424e-02 -1.013062488908332281e-01 -1.995746926630601742e-02 -4.346751108656315282e-02 3.420041695338690846e-02 7.201750231425473048e-02 1.080966551710990653e-01 2.955689016869199326e-02 7.062836152521451138e-02 2.316642300126664673e-03 -1.806918934809162089e-02 0.000000000000000000e+00 7.731799561018921907e-02 4.485881907126851309e-02 5.466177317315712436e-02 -4.440252928777692343e-02 1.254412966729352924e-03 5.689231889255259855e-02 2.749968134092676837e-03 -3.702599015667695087e-02 5.104866491769773085e-02 -1.432282558292066396e-02 7.102304979867722634e-02 2.705599780616275291e-02 -3.698575657314633752e-02 -9.396883321750884588e-03 2.479078583181588535e-03 5.279485970864503108e-02 -3.291118164681544611e-02 5.064477676721235860e-03 1.635565475159933904e-02 7.126995872634594997e-02 -1.015220655745385260e-02 -9.380565299856104267e-02 7.567252019933928646e-03 4.294653330800458219e-02 1.772156522731555082e-03 -2.896470914721357634e-02 2.787242633771149294e-02 3.828453044927303305e-04 -8.039345641873311271e-03 -1.580110780178772475e-02 -2.221041063498077964e-02 -5.356934617974758173e-02 -6.964875105770405167e-03 -1.116705087406092561e-02 2.844141474419847881e-02 7.359601189265368992e-02 -3.532345632990750023e-02 2.631247294300250589e-02 3.334081673867814177e-02 1.651981206235121928e-03 -3.399291679141982353e-02 -1.051856046041294880e-02 -3.773500409692174401e-02 -2.316302414434244505e-02 -6.134654813888451574e-02 2.257701154429516202e-02 2.491852010680385959e-03
1.736922738370441296e-02 4.253119699281583677e-02 -6.572429231182241871e-02 -1.638303707645995602e-02 1.134733816111802435e-01 1.151255577398327228e-02 2.990899181608734636e-02 -6.275591311360377567e-02 3.258560957515734685e-02 -7.381798672755431057e-02 -1.107948194454591237e-02 -6.619514992247016449e-02 4.190826699122867510e-02 1.579481632585007581e-02 3.908480567076406259e-02 -2.367936685061320864e-02 -4.432123396243116929e-03 7.635923843843459707e-04 5.279056503054080016e-03 -5.972820811195545671e-02 7.731799561018921907e-02 0.000000000000000000e+00 4.458404611404003827e-03 5.697582107435415245e-03 3.556012040431258403e-02 5.807612149126273327e-02 -7.481729135276476983e-02 -2.268134528069303338e-02 8.962738087907853868e-02 -8.405412274648813020e-02 -1.240203018929369322e-02 -1.220675046989288214e-02 6.004205505458250214e-02 5.466607974704207340e-02 2.967654093027750125e-03 3.472222487299217453e-02 -2.522253241346469194e-02 8.552661738896422811e-03 -7.041219305756306161e-03 -2.114007715965310341e-02 -8.961188895537645915e-02 -2.022888044712430403e-02 -3.288132906016265344e-02 2.550818807221158502e-02 4.614160969150789098e-03 -3.390200478676222429e-02 -2.071401590809682919e-02 8.597407712247824574e-02 -2.050953110225413540e-04 3.398355128452124757e-02 5.276552008069776423e-02 -5.587786141621937930e-02 -5.079925362418394319e-02 -3.237074830644093813e-03 5.563959978746339796e-02 4.326236344125356480e-03 -3.957503961861536662e-02 -5.457138960801828642e-02 -5.973353888038180487e-02 -2.359207826188724957e-03 -2.735466584673352727e-02 -2.421269313186985225e-02 1.083330175510377989e-02 -1.838428227944802207e-02 4.104068482868743206e-02 -1.622876180580672817e-02 3.904346387441286204e-02 7.723847255324066408e-02
3.041870200901205037e-02 -3.947006720543063014e-03 2.085079204211499546e-02 2.243372798251917679e-03 -7.687058679310330295e-03 5.190223157532162547e-03 -5.905519648244447750e-02 6.689629517145657955e-02 2.021418249291288870e-04 -5.607299145299728810e-02 7.952464173038963080e-02 3.512065627033072318e-02 2.419575763135131327e-02 -3.909200335954452626e-02 -6.258156713818681383e-02 4.760105322933095434e-02 -6.685426867014848673e-02 4.717428261581808197e-02 -4.129742732404845240e-02 -2.543366894960696900e-02 4.485881907126851309e-02 4.458404611404003827e-03 0.000000000000000000e+00 -2.602519955977547483e-02 -2.507697041733034440e-02 1.768304229960024343e-02 6.095637651572866078e-02 -6.505416531310638691e-03 1.522081053582508871e-02 2.918687332200028267e-02 -5.669574970559874971e-02 1.156026889950567509e-02 8.854455665819577865e-04 -7.664369687896144256e-02 -4.695916443415577846e-02 -6.932890248041195802e-02 5.693127938943462127e-03 3.151770036476082924e-03 2.862767514858434448e-02 6.156643445251401559e-02 5.337472715952430030e-02 2.488712617431504404e-02 4.756310330601048325e-02 2.095794285190153566e-02 -4.077501552008740669e-03 2.967694729817845975e-02 6.263545734315890956e-02 2.427112065590166998e-02 -8.661410374522489006e-03 1.251408032954178830e-02 7.452225321686496706e-02 4.101052989202709498e-02 1.228367088878906666e-01 2.169560094576340054e-02 3.346197583456807234e-02 8.673394530965067295e-02 3.044950320220572021e-02 -2.035668040387909189e-02 -6.293579453030107886e-03 1.342951390892104316e-02 4.310969901716531216e-02 3.771086956609694812e-02 2.435837957786867597e-02 -2.332682488314457431e-02 -7.760617845691518413e-02 -5.407720335829288572e-02 4.048865064920535717e-02 2.753427897170248467e-02
