0.000000000000000000e+00 3.187885078643289821e-02 -3.585171974671175644e-03 -1.789226705216656263e-02 -1.120680758663496375e-02 3.588668330392802419e-02 2.844419136514193119e-02 -3.873008262132565487e-03 3.596475127776180974e-02 4.149308943430728494e-03 -3.322786238506467149e-02 4.720595420778195273e-02 2.129893478810851969e-03 -1.095640247234586258e-02 -5.024431923088769694e-03 -7.016624978438698590e-02 4.088458525439813557e-02 4.424592604728141282e-02 -3.695338199254191019e-02 6.148336822752442643e-02 3.047535955055714896e-02 1.752839213162324383e-02 3.056945958590279525e-02 6.652156155660152170e-02 2.116828824991981092e-02 -4.009887245755241851e-03 -2.378738603630527540e-02 -2.419686093828548115e-02 2.386860037898864279e-02 -2.377051313578538994e-02 -5.861760344343493190e-02 -1.115903754943459690e-02 -6.177438043774211018e-02 -3.248303135957655852e-02 -3.362090690693289585e-02 2.985168504459106975e-02 3.756387405241175953e-02 2.595130734158973204e-02 -3.386128940343215155e-02 1.523548319080334293e-02 5.127232088663220833e-02 -6.601063598286448925e-03 5.656235381024483574e-03 2.498884165224794437e-02 5.421639636192086137e-02 -6.597697435777345742e-02 9.924558318235052884e-03 2.869406204656911250e-02 -4.513039246692446271e-02 5.871168311972081721e-02 3.081609472920924034e-02 -8.982025369768120715e-02 1.513367521092585759e-02 1.374499726868485573e-02 -8.549767509407814325e-02 -8.149166645154737321e-02 4.925279557214023302e-02 -3.164500027065306198e-02 4.591572503794442983e-02 -2.796491029743349357e-02 -4.142683453703007584e-02 -2.597697103699099508e-02 7.791478859234781318e-04 -1.838596957020416714e-02 6.511651826140395227e-02 3.450818692709275385e-03 -1.977772385473505756e-02 1.083730690602515562e-02
3.187885078643289821e-02 0.000000000000000000e+00 -1.047202921710217727e-01 -8.223948099266495393e-02 4.051758881964263176e-02 -4.848746924475902387e-02 -5.532557755724931692e-02 6.307073227531122045e-04 6.023481293819742122e-02 -5.213425463330786241e-02 -4.067363100471500792e-02 1.656001361980805183e-03 8.437218612386808425e-02 -7.569010103326868910e-02 -3.126658727695996731e-02 6.002846617156267113e-03 7.664748854976861925e-02 5.810621361704051968e-02 -3.113062297010328432e-03 2.105487396709447914e-02 9.682164557304479002e-02 4.537341491392263976e-02 -3.392491501622504034e-03 -9.130253101952007233e-03 2.430409324000441795e-02 2.559983118061865542e-02 5.622807682699619558e-03 -3.415126608278452880e-02 -4.556314709584927125e-02 6.534447541498836221e-02 -3.249590095821295026e-03 4.692044949228887235e-02 -2.734112807104096057e-02 1.626454777876253435e-02 -3.978169635725919279e-02 2.205446764559090139e-02 2.419217321235321919e-02 -3.031663761971529342e-02 -6.102754017117358043e-02 6.885625911871019918e-03 -8.816896910334424964e-02 4.367094780207318033e-02 2.664537082719942857e-02 2.405077015308500210e-02 -2.573410969589413205e-02 5.180258314182889859e-03 -1.566123159329806808e-02 -4.073183304955493855e-02 -4.352578575207701611e-02 -3.528417550814393067e-02 4.351091153570568054e-02 2.982075443329278153e-02 -2.563686103386769548e-03 2.728947915002433861e-02 3.317444002258278929e-02 -5.641263918127564087e-02 5.118899394551967852e-02 -8.329708680673129917e-02 -8.750641141680225166e-02 -5.279893206741793910e-02 -7.054895991874731917e-03 -2.153320926005124897e-02 -3.119158325239896820e-02 -1.203900852977734387e-01 -3.839750330096556447e-02 -9.866972546699753072e-03 3.882228402248097399e-02 1.248340774180737439e-01
-3.585171974671175644e-03 -1.047202921710217727e-01 0.000000000000000000e+00 -8.858007354334999917e-03 -7.696509744520550755e-02 1.285603723995336900e-01 1.257387215613177227e-02 5.506254224455972568e-02 -3.165300567012461347e-02 -4.973127834732350011e-02 -1.080391319914433476e-02 2.507004289527765828e-02 -2.814751504284191200e-02 -6.916243909517510655e-03 -3.026019477163996094e-02 -6.133980834136913696e-02 -3.912602020512608719e-02 -2.951416588365578589e-02 3.044509400400535748e-02 4.677490937959266973e-03 2.279792099676226230e-02 -6.584924510305376066e-02 3.221852755051991812e-02 -2.453147853411855733e-02 2.209721313989550934e-03 1.489107428325263036e-02 8.781681454438138024e-02 -1.509961800975707751e-02 -1.072734597808563776e-02 -2.278768542391964441e-02 8.741423035407944186e-02 -6.665867246003294444e-02 7.603092819528416146e-02 -4.003566046832577816e-03 -3.679539092041097734e-03 -8.088331617281395436e-02 1.223568558238195478e-02 -2.453835836438731516e-02 5.879588410526261771e-02 7.248592240284082444e-02 2.437318962174167200e-02 -8.241735292586489792e-02 8.585103416687762945e-02 1.698822164210733038e-02 -2.416526937768685712e-02 -5.661519560926305678e-02 -2.352325841231717521e-02 -4.339907619336829531e-02 -4.310531605563337060e-02 4.387842116519841823e-02 8.866794795257395417e-03 5.252624567032640468e-02 -4.394102334623928990e-02 1.603103933696770761e-02 2.001984239800362261e-02 1.563337532560362883e-02 -4.888950421908465176e-03 1.515016046812896200e-02 -5.017631042828900323e-02 1.954017918586478664e-02 2.719115870481652111e-02 4.675576829546077701e-02 2.725430121525047010e-03 -9.960158543641456710e-03 2.706645077306168989e-02 -8.276876626047433363e-03 -4.564825661523031625e-02 -6.060602455375012354e-02
-1.789226705216656263e-02 -8.223948099266495393e-02 -8.858007354334999917e-03 0.000000000000000000e+00 7.937279603855072058e-03 8.967991176705494014e-04 1.221039476722411872e-02 -9.615136339143284805e-02 3.278486435430096047e-02 5.761413314259489910e-02 2.535712582285176101e-03 -3.754852506198175927e-02 3.943170493928761788e-02 1.542303978128999921e-02 -1.267693256373509346e-02 -4.478255749201803804e-02 -4.544869450269132388e-02 1.655139026039964892e-02 -2.088645457117965093e-02 -4.744302483551933458e-02 -6.200080352275409018e-02 -1.670782100265633119e-02 1.529165649406324587e-03 -2.355485444491097619e-02 -5.119709060552099511e-02 2.651672938470044441e-02 -6.221776655581817694e-02 3.224742345145518302e-02 -4.959230546564134118e-02 2.130212010916728016e-02 6.344808881622433783e-02 -1.142548241232216842e-02 -2.242845206666456773e-02 -2.921022140725377733e-02 -9.147159240074893838e-02 -4.744790455658282752e-02 3.657154169707865082e-02 4.692838769106824626e-02 -2.141292145887012388e-02 1.480579792735287580e-02 -7.227623651590341092e-02 3.231672678904959350e-02 -1.115853270903072458e-01 3.942816010544298450e-02 -5.491325744617769206e-02 -3.542062102534446894e-02 -6.409330123506507514e-03 -8.747642742276197370e-02 -4.752995399977443663e-02 4.775808517678427345e-02 -4.792703449504730207e-02 8.518381709513617173e-02 -1.390463691769478274e-02 -3.394085952569726727e-02 2.843881151220060619e-02 3.537913880048840221e-02 3.025298709940592301e-02 3.252148399347101065e-02 6.650677722279182968e-02 -2.384961298257222417e-02 1.657201543525613219e-02 1.349113782790294092e-02 -3.764305605400859126e-03 -9.803279544254986377e-02 -9.515433018474720242e-03 7.740984394728663009e-02 -6.229323137160916457e-02 -3.774330966685889022e-02
-1.120680758663496375e-02 4.051758881964263176e-02 -7.696509744520550755e-02 7.937279603855072058e-03 0.000000000000000000e+00 -2.273962946524723389e-02 -5.107131938993997311e-02 7.161065523318844994e-02 6.365987642656587009e-02 -1.686380902827411916e-03 1.163374833594476221e-03 -5.692541404840315011e-02 -8.720291116806853926e-02 -8.228888613140175308e-04 -5.723501670218744675e-02 -4.173167131401246677e-02 7.190501528251475039e-02 -1.780487991970103323e-02 4.772059280260327468e-02 1.328452478610495785e-03 -9.696167995848758991e-02 1.135960714823657236e-01 -8.803887807630465800e-03 -3.273984070088048828e-03 2.411794032351604992e-03 -4.541720466314505197e-03 5.676631881292996257e-02 -1.688644950900817371e-02 5.360792203926971478e-02 -2.416722100841947694e-03 2.790361464873144029e-02 1.141562325029690100e-01 8.564601823309706680e-03 8.462206979276525043e-02 5.802093562481649286e-02 1.888636392555993054e-02 -9.998667758350279766e-02 3.541249644918657152e-02 -8.129089845494655991e-03 -7.804737202370395921e-02 -4.317441234519363985e-02 9.822564614426888916e-04 1.381366964183553848e-02 4.903701191817698424e-02 -1.643893458478693642e-02 1.748872701804584859e-02 8.523277328568798147e-03 -6.009551340640690263e-03 7.330774317452985744e-02 2.235010433870092753e-02 -3.504549701024908814e-02 -3.109063801956930828e-02 -4.461646675935327516e-02 1.573459009277907578e-02 1.647438208082454419e-02 -5.333409227394967506e-02 -8.617288697975526712e-02 -1.656963367859640981e-03 6.091824196849118106e-02 -4.117387386958148293e-02 -2.894804637116924970e-02 -2.922214165838073544e-02 -7.573980259926826886e-02 -2.091104232000664392e-02 8.743894193937855330e-02 7.172181106383745952e-02 1.477866334059959111e-02 2.571999698247890223e-02
3.588668330392802419e-02 -4.848746924475902387e-02 1.285603723995336900e-01 8.967991176705494014e-04 -2.273962946524723389e-02 0.000000000000000000e+00 6.996064707660755444e-02 3.901188607054748708e-02 2.455398422979560707e-02 4.130493871285456642e-02 1.954339064031117984e-02 7.052374075787742891e-02 -8.253586244476678740e-03 -3.412937348710464586e-02 -1.256235370842152636e-02 -5.782954756559331028e-02 -2.767114007392224018e-02 5.555537563002035245e-02 2.797468530171295584e-02 6.983943112026408384e-02 2.951172854987708927e-02 1.126187209839300991e-02 6.131379009222814522e-03 5.696693066241530906e-02 -5.961644946471583023e-02 1.107111528743882217e-01 1.403119090253020576e-02 -4.293444130119767471e-02 2.039135421706133634e-03 -3.202417317414402165e-02 3.445051085974849825e-02 4.661840687486559082e-02 -6.024566360093823111e-03 4.767919937785280657e-03 6.207831109350826770e-02 -3.140385479900322657e-02 -4.449709271332449173e-02 7.116466060029818033e-03 5.653378003311011757e-02 1.118838039261712755e-02 1.353818528171115421e-01 2.748271190099157643e-02 1.156932211788380682e-02 -3.263736356312635367e-02 -9.784562948774722102e-03 -5.373805669072818231e-02 4.729859627001473110e-02 8.548083674450322744e-02 -7.201529523631809704e-02 -5.987992307635037897e-02 -2.307619293657824089e-03 -4.956469484326014169e-02 1.805708394942418318e-02 8.275927527216359048e-02 -6.351335877027322607e-02 7.158298201247945136e-02 3.991280699037919044e-02 5.426177359323666217e-03 1.455808420774918309e-02 -3.625922777708807249e-02 3.187450523686836956e-02 3.074895184473375176e-03 -6.187474046588347515e-02 3.094167120816515570e-02 4.093228631973633291e-02 2.447455532452597407e-02 -1.980151044986506667e-02 3.450458081253914076e-04
2.844419136514193119e-02 -5.532557755724931692e-02 1.257387215613177227e-02 1.221039476722411872e-02 -5.107131938993997311e-02 6.996064707660755444e-02 0.000000000000000000e+00 -6.182586933134536639e-02 2.407785696938687710e-03 3.698660925623066531e-02 9.901785820705052282e-03 1.021061788185366886e-01 2.374686868197885617e-02 9.079546964729588721e-02 -3.333735529670421582e-02 -8.139447365689575151e-03 1.222289992017770027e-02 4.569668210034588673e-02 9.599133298669491887e-02 2.406197002371692623e-02 2.915419508350849953e-03 2.933104208060552734e-02 -5.747977131943218104e-02 3.473231713725231928e-02 -1.878023941173487255e-02 2.132093165804341620e-02 -4.981425740177829881e-02 2.314790316004583515e-02 6.388873386379062547e-02 -1.131894138412466305e-01 9.560196284322544646e-03 -6.358600557739985983e-03 4.593123272805722107e-02 -3.874168271515418104e-03 -2.343858392671802071e-02 1.606528881367105810e-02 -2.467816261680963203e-03 -3.176684102715688490e-02 2.159447463517593507e-02 -5.334499461491588185e-02 -1.498825535429542007e-02 -4.769416651708345556e-02 2.856937863424194313e-02 -1.634270628018279908e-02 2.687542395143599494e-02 -3.419843666936669968e-02 7.244810424847858421e-02 4.686520362280421903e-02 -4.578218399128553689e-02 7.603386662562250375e-02 3.076701860640682767e-02 -3.957553891378885053e-02 6.685072961914876113e-03 -5.799899387849835608e-02 9.351023974154813734e-02 8.467324827382978134e-03 2.740410931041183107e-02 6.777371285818472972e-04 2.886633713235958049e-02 -7.296914237290949568e-02 4.990423568574101076e-02 8.771053273614527745e-03 7.867374598229716354e-02 -1.601723030457841493e-02 -7.718923897903362530e-02 -2.645490611021845614e-02 8.592742238902399687e-02 1.924341716162641241e-02
-3.873008262132565487e-03 6.307073227531122045e-04 5.506254224455972568e-02 -9.615136339143284805e-02 7.161065523318844994e-02 3.901188607054748708e-02 -6.182586933134536639e-02 0.000000000000000000e+00 1.007726640044682119e-02 -1.049963838234539183e-02 4.440128540553943404e-02 -6.926178102910479639e-02 1.846218619022997956e-02 -3.403581508841796530e-03 1.765220228574381281e-02 1.456445320205982394e-03 8.644060763612187656e-03 5.717093919123188497e-03 1.498139585405146475e-02 -4.469828251484644910e-02 8.685937904488398587e-03 -6.276008649921363536e-02 6.826891323565853487e-02 -1.389762830597186978e-02 4.927257425641071859e-02 -3.381808929710109629e-02 -9.096157309858240309e-03 8.966279224748154031e-02 -5.696630804862824228e-03 7.059093519079853718e-02 3.553161807584406806e-02 3.169697288210487213e-02 1.325473854631011332e-03 8.937432698166629386e-02 -5.029646876853757081e-02 -6.195504145370148152e-02 -1.001242846283694199e-01 -1.411757523724576496e-02 1.961162327337283642e-02 3.564258300632879711e-02 3.762073532281317439e-02 -4.574728330654237451e-02 -2.414460268693270108e-03 3.662896982784097366e-02 4.805709644870683611e-02 -9.221738790507106112e-03 -6.554603574271997135e-02 2.759376425479607986e-02 -1.030209639480462319e-02 -1.332258550229227859e-02 -3.631561818270261782e-02 -9.670885982246512150e-03 -5.899897478824259189e-02 7.464767497163966870e-03 1.063623334912013399e-02 3.648157509036945023e-02 -4.346891661980108873e-02 7.025852077477376390e-02 -9.608957814392299693e-04 -5.415660100537630917e-02 1.038630361018858320e-02 6.924277020551566908e-02 2.480632952863978669e-02 -1.826314003424112662e-03 -3.199153273107824703e-03 -1.287792753225997233e-01 3.853332589158064980e-02 -6.457257530289701140e-03
3.596475127776180974e-02 6.023481293819742122e-02 -3.165300567012461347e-02 3.278486435430096047e-02 6.365987642656587009e-02 2.455398422979560707e-02 2.407785696938687710e-03 1.007726640044682119e-02 0.000000000000000000e+00 8.335999978783530107e-03 -5.122459811344207137e-02 -1.203606902264210037e-03 -3.841701999365437770e-02 1.884091554114341455e-02 1.235364969572144180e-02 -2.715727671022361359e-02 -1.141088477979742589e-02 -1.706500958867095130e-02 3.468131346590200281e-02 2.545853304337673123e-02 8.701931333389244586e-03 3.406708934071323719e-02 -9.972020598949531307e-04 1.303112445748814963e-02 2.482772572676368236e-02 -4.570419298481737114e-02 -1.518255814901816048e-01 -2.009128360462198240e-02 -3.824355393577174439e-02 -6.901837744507031969e-02 1.817296738241608312e-02 -3.962389156211922059e-03 -5.268034939923778998e-02 -1.122633271964217951e-02 4.261632558401571430e-02 9.474791861127936088e-02 -5.899265835099503502e-02 -6.424842118142594372e-02 -3.708222643321148343e-02 -4.004928676825128542e-02 -8.156292429056386656e-03 2.815241355736821955e-03 -2.678155094005682784e-03 -9.564740125557198713e-02 2.190634767455859264e-02 4.569167343872445990e-03 6.971843847677842987e-02 5.534539209137324250e-02 -2.512642693773270083e-02 -8.967543978093083217e-04 -1.179695428076394798e-01 -3.745271436404991328e-02 1.066263111627383936e-01 -9.567713353218596992e-03 9.282385147409850587e-03 6.993514588561293432e-02 -1.888607135212790403e-02 9.968211009505614437e-03 1.048054115870949293e-02 7.701561381301692821e-02 -9.676916738761659476e-02 -2.834397335541690918e-02 6.327390738393119662e-02 -3.996343751296288493e-03 -4.600201519695535507e-02 -2.445603675382688330e-03 3.434283839715595449e-02 -6.482466311811566073e-02
4.149308943430728494e-03 -5.213425463330786241e-02 -4.973127834732350011e-02 5.761413314259489910e-02 -1.686380902827411916e-03 4.130493871285456642e-02 3.698660925623066531e-02 -1.049963838234539183e-02 8.335999978783530107e-03 0.000000000000000000e+00 5.193799671868575690e-02 1.654503455826773772e-02 -4.130472870962872273e-02 5.482104140925135594e-02 8.032351978092620859e-03 -2.439053948898268695e-02 -5.998282413284970749e-02 -6.063890334267421633e-03 7.575250907756034789e-03 3.079610614402242263e-02 8.938595748211566883e-02 -7.389517874951083420e-02 -5.626003080173733878e-02 8.412657300322359810e-02 -3.173205927933354193e-04 -5.923000249632316000e-02 9.519072226568604106e-03 3.557265730295922079e-02 -2.943631269715633186e-02 -2.195074969905441015e-02 -8.266690179068883135e-03 -2.208176619136740376e-02 -2.955131694830704508e-02 9.994840874929047242e-03 6.584993131464478289e-02 -3.587237089155254771e-02 2.243264866767248969e-02 -3.473478979906884784e-02 -6.115003424631602902e-02 -4.138977608158533883e-02 5.012016209683010752e-03 -9.722154303262704744e-02 -1.286018875964215769e-01 3.761190801112310883e-02 -2.344058129961076875e-02 3.751360805121201070e-02 -2.050222550300591015e-02 -4.486953288685553709e-02 -7.354311147184652842e-02 -1.352333848210763440e-02 -4.279239644281344901e-02 -5.552034415240402615e-02 5.227323437428665898e-02 -4.999080319191193805e-02 -2.301202260399890648e-02 -2.933525307372644025e-02 -3.519280113741616450e-02 1.005959085777575167e-02 2.150395572330863689e-02 1.323746266564669767e-02 -3.580872310675248943e-02 3.337795339534038643e-03 -8.284095397601934363e-02 -4.112732774388103141e-02 4.007301718221797926e-02 -2.447060836354433486e-02 -5.265189814175017663e-02 -2.717760915004546404e-02
-3.322786238506467149e-02 -4.067363100471500792e-02 -1.080391319914433476e-02 2.535712582285176101e-03 1.163374833594476221e-03 1.954339064031117984e-02 9.901785820705052282e-03 4.440128540553943404e-02 -5.122459811344207137e-02 5.193799671868575690e-02 0.000000000000000000e+00 2.562958770267966327e-02 -4.550051457169040914e-02 5.294401967358670219e-02 1.519324473714766914e-02 9.151788516496521531e-02 -9.870498157594427557e-02 1.532520192255376786e-02 9.629495756434647280e-02 6.315412022012910354e-02 -1.006416310037518830e-01 -1.103638025087964013e-02 7.858386454060491133e-02 -1.360916064666142962e-02 3.696210982624818786e-02 7.060877364750794971e-02 -4.418486330179207527e-02 -3.732229297997499175e-03 6.226786948330238769e-02 -1.620358866290088837e-02 -9.822438635834322695e-02 2.260467761405336035e-02 2.345634867589783956e-02 9.335997964521360049e-02 2.453280656499630744e-02 -6.762594013123886250e-02 2.678150306047940698e-03 1.197508888440435883e-02 -2.028482133630934992e-02 2.452279588602453847e-02 -5.074569470539343902e-02 5.895658331814790376e-02 3.537771643055009213e-02 5.676048270772517806e-02 -3.973984532742295267e-02 -4.161274891351066790e-02 5.741397732873207427e-02 1.290857707650257431e-02 -6.028699280796524784e-02 4.006555081027014104e-02 4.960388912120626895e-03 -1.991868518469130239e-02 -4.774007965914978113e-02 6.372191376069431812e-02 -9.633097908847384691e-03 -2.978920759922466105e-02 -3.317125446623406942e-02 -8.643539156479218902e-03 -5.403973750374404389e-02 1.812702701697093202e-02 -1.811607997912122875e-02 -4.525488992547500866e-02 1.763031510489286233e-03 4.169590205236888003e-02 -1.668487960695785519e-02 3.958400888843272014e-02 -8.816554624076622382e-02 -5.313573782477146179e-02
4.720595420778195273e-02 1.656001361980805183e-03 2.507004289527765828e-02 -3.754852506198175927e-02 -5.692541404840315011e-02 7.052374075787742891e-02 1.021061788185366886e-01 -6.926178102910479639e-02 -1.203606902264210037e-03 1.654503455826773772e-02 2.562958770267966327e-02 0.000000000000000000e+00 1.085768521244346620e-02 3.290022796831567481e-02 -1.277518242396511947e-02 -3.491368283819075435e-02 -4.007227887343274564e-02 2.028976552603587932e-02 5.877840125232413476e-02 -3.842396127216382573e-02 -1.978750525081518843e-02 -6.623650805463546232e-02 3.464138188987572059e-02 2.912236748408644077e-02 -4.412157489161623174e-05 -2.391208620554340081e-02 1.527442179936774717e-02 -4.303445561998742175e-02 6.603456379533038934e-02 -1.657222261736744640e-02 -6.356290864380240158e-02 6.046513527780371378e-02 -6.875538213757924344e-02 -4.609992422349657240e-03 6.731213479983036430e-02 -6.379984526062089378e-02 -5.051994062291988857e-02 -1.683541284364385021e-02 2.618364670220267934e-02 -9.450522809899546128e-02 2.944305357242476412e-02 -3.802442553685662918e-02 -4.390684217253725680e-02 -3.689415277963123581e-03 8.750250546773875870e-02 8.374611542408333387e-02 2.064579412762110669e-02 -6.622000487685321402e-02 4.003751498201345294e-02 2.145910307856223678e-02 -8.492923339088941093e-02 4.759069431697900837e-03 4.220069015244101718e-02 7.369853639247229971e-02 -1.355093713470668405e-02 2.092562138251593054e-02 -1.058848097334265242e-01 -1.941402800548210766e-02 -1.283916530521964257e-02 -2.598653054244115176e-02 2.974855709184223360e-02 -5.724837205153288783e-02 4.273132796343157014e-02 5.841810044276924373e-03 -4.222900653191962589e-02 -1.179068676787097675e-02 -8.175536500340586932e-02 9.799972908795147319e-02
2.129893478810851969e-03 8.437218612386808425e-02 -2.814751504284191200e-02 3.943170493928761788e-02 -8.720291116806853926e-02 -8.253586244476678740e-03 2.374686868197885617e-02 1.846218619022997956e-02 -3.841701999365437770e-02 -4.130472870962872273e-02 -4.550051457169040914e-02 1.085768521244346620e-02 0.000000000000000000e+00 -3.356894435893092998e-02 3.098134152249906390e-02 6.527086423074165977e-02 -5.074780223028411974e-02 -6.074631096233987920e-02 -1.871146036316173947e-02 -1.190735610336370320e-01 -4.333624463334050797e-02 4.227526132848821727e-02 2.358046633956569979e-02 -3.329428656035075384e-03 -3.992720163936404332e-02 3.676394004273966093e-02 -5.140717462377863978e-02 -1.624876725277990194e-02 -8.610890569365150030e-03 2.868243291791041163e-02 2.361647697336595811e-02 -3.527241016110055360e-02 -2.586166208671183617e-02 3.051878229132826918e-03 2.268256623009945027e-03 2.858574249497127656e-02 1.338028504900598548e-01 9.636865150156530280e-02 -4.308616295062175222e-02 -4.048579612712026321e-02 -6.587241443713523145e-03 -2.547840608553564659e-02 -7.189725260958816644e-02 -4.522429260992224392e-02 -1.503725164804947390e-01 -2.116174729420441242e-02 -5.894769565206355033e-03 -1.140288551038064202e-02 -2.845447544656845226e-02 -1.261976726966579088e-01 -2.897591581995712096e-02 1.674849366726091290e-02 -8.414465976230583663e-03 -6.905955641768485309e-02 -3.090387498163590235e-02 5.814874291086356665e-03 1.165141500432228042e-02 2.971666051741286146e-02 -1.122565417850203556e-01 -4.679846259375834705e-02 6.282799179436365788e-02 6.436357483745748509e-02 -2.481424835955835587e-02 8.356903112486423549e-03 -5.123300493577531006e-02 -4.441853430614074033e-02 2.302203607235275146e-02 4.194742845802972714e-02
-1.095640247234586258e-02 -7.569010103326868910e-02 -6.916243909517510655e-03 1.542303978128999921e-02 -8.228888613140175308e-04 -3.412937348710464586e-02 9.079546964729588721e-02 -3.403581508841796530e-03 1.884091554114341455e-02 5.482104140925135594e-02 5.294401967358670219e-02 3.290022796831567481e-02 -3.356894435893092998e-02 0.000000000000000000e+00 3.361598092225847462e-02 2.026083660256176866e-02 4.157689865614098979e-02 2.445504130426413153e-02 6.886900943358169325e-02 4.943564078150679622e-03 3.432777649943890425e-02 1.566192987413865187e-02 -3.691127403084110831e-02 1.208838000668351282e-03 1.302169461094057450e-02 8.867493434322132675e-03 -3.377815624690166246e-02 -1.398000724996290543e-02 6.103868535761987346e-02 4.397800482070369187e-03 -5.863136094161731926e-03 -3.586551056069510468e-02 2.695190566920634481e-02 8.852452846158527164e-03 2.734835807449231826e-02 -4.404858906814491937e-02 -3.675207059237822760e-02 3.116024895574540099e-02 1.792212518454382869e-02 -2.701397795069412910e-02 -6.000400153852846613e-02 -3.029048721755134982e-02 -2.906720986860975020e-02 2.623363777318470438e-02 8.649172488861980868e-02 2.798267098070376241e-02 1.606271717326592657e-02 -1.099410882222760510e-01 5.655898132057797512e-02 1.234657238902752037e-02 2.864313509071553937e-02 -7.469311655126089841e-04 -1.335677363851290635e-02 -8.289187694215306712e-02 -5.047846265723112714e-03 4.589816028707861817e-02 -2.991037794019951040e-02 3.696230582821018879e-02 -6.309701737951496636e-02 -9.434462291954721913e-03 -3.977024224958686932e-02 -4.486601434637702696e-02 7.293072301711628347e-02 -1.159712617070241952e-01 -1.482355922027658868e-02 -2.241128255910670303e-02 -5.850462592850647764e-02 -6.529014681834602318e-02
-5.024431923088769694e-03 -3.126658727695996731e-02 -3.026019477163996094e-02 -1.267693256373509346e-02 -5.723501670218744675e-02 -1.256235370842152636e-02 -3.333735529670421582e-02 1.765220228574381281e-02 1.235364969572144180e-02 8.032351978092620859e-03 1.519324473714766914e-02 -1.277518242396511947e-02 3.098134152249906390e-02 3.361598092225847462e-02 0.000000000000000000e+00 -2.695014983863213906e-02 -1.969901365730522200e-02 -6.878238717472873187e-02 -3.421732874338336006e-02 -2.993679955760815067e-02 7.152340694465469939e-02 3.926017674978651145e-02 -6.232307228101663377e-02 8.866282130509900439e-02 3.393200875611515621e-02 3.294345659810535287e-02 -6.838945761147791069e-02 -5.305693381021473615e-02 4.999100759646953052e-02 1.604762018750929831e-02 2.413416942350820465e-02 -8.397793862733898829e-02 2.937647899804627163e-02 5.257645251447486817e-02 6.835722507963121197e-02 -2.043968934430357917e-02 -1.117261216418913641e-02 2.344139998528445984e-03 -8.425794638187238117e-02 -3.693900879426455924e-02 -2.353329353422606643e-02 -4.488728729695151687e-02 -4.747785747343719748e-02 -5.362737250244704879e-02 -5.744202236337539458e-02 4.331321833517613740e-02 7.480518488040218718e-03 5.607755492763168148e-02 9.722094909916934036e-03 1.872513335579078717e-02 3.236820875204558107e-02 2.017479176589134782e-02 1.794483087461110765e-02 9.272590514588487098e-03 4.484302255531156384e-02 -1.790266247372511096e-02 4.399292954507403458e-02 -2.709191964358035123e-02 6.949090510068485493e-03 3.474727127530213844e-02 -8.786203748714878359e-02 -7.675205818691975546e-02 -8.829543690562130509e-02 6.874762888657971749e-02 -4.007540129820169605e-02 -1.294869317279566563e-02 -6.889977613113025534e-02 -7.138334196893797445e-02
-7.016624978438698590e-02 6.002846617156267113e-03 -6.133980834136913696e-02 -4.478255749201803804e-02 -4.173167131401246677e-02 -5.782954756559331028e-02 -8.139447365689575151e-03 1.456445320205982394e-03 -2.715727671022361359e-02 -2.439053948898268695e-02 9.151788516496521531e-02 -3.491368283819075435e-02 6.527086423074165977e-02 2.026083660256176866e-02 -2.695014983863213906e-02 0.000000000000000000e+00 2.042145692269306881e-02 -2.261273894757674305e-02 -7.170783166126146191e-02 -8.590912858308645539e-03 1.101310432961747215e-01 -2.272855935580886735e-02 5.205100255944639098e-02 -9.108590731393587797e-03 -6.009622303463858090e-02 3.716234001422551864e-02 4.615072275424133424e-02 1.061994878857015941e-02 5.312995805444615388e-02 1.730694970272085922e-02 -7.589273448703151570e-02 1.152150884077105392e-01 2.377317998903536247e-02 3.583196022788439489e-02 -3.411830628699521941e-03 -2.200860415730545791e-02 2.406963726597833100e-02 6.870647796892519199e-02 9.737467238887746040e-03 -1.137358573270213502e-01 1.022472390004612874e-01 7.794628852979368361e-02 2.420798709598340898e-02 -3.196235245375003697e-02 -1.440070379177423865e-01 -3.255850504901112302e-02 -2.197971460940797636e-02 1.664360877620997201e-02 -5.621100702624027418e-02 -2.436095083883926815e-02 3.579509076383435850e-02 5.532129789064429287e-02 -1.042903763917439330e-01 3.386037653944734549e-02 -3.231274618872913285e-02 2.632545526733463814e-02 1.300259261348944706e-02 2.198339120006136127e-02 -1.367760056719554904e-02 3.190727867220535113e-02 4.202848747513877881e-02 -7.457358032504171966e-03 -4.915896952808102016e-02 -3.596064428041017419e-02 -5.698100674187141224e-02 8.889390502718752529e-02 -3.282262155128708170e-02 -2.400330099836319939e-02
4.088458525439813557e-02 7.664748854976861925e-02 -3.912602020512608719e-02 -4.544869450269132388e-02 7.190501528251475039e-02 -2.767114007392224018e-02 1.222289992017770027e-02 8.644060763612187656e-03 -1.141088477979742589e-02 -5.998282413284970749e-02 -9.870498157594427557e-02 -4.007227887343274564e-02 -5.074780223028411974e-02 4.157689865614098979e-02 -1.969901365730522200e-02 2.042145692269306881e-02 0.000000000000000000e+00 2.330302997893432884e-02 8.061695540217884981e-03 3.460362349159628974e-03 3.009664105132046560e-02 -4.452697862730038703e-03 -6.064208102533224370e-02 3.368517460649141093e-02 7.021776359532452827e-02 -4.432286264117274617e-03 2.479508137734637990e-02 2.715616238687829087e-02 3.623025903356161780e-03 3.768404342344087304e-02 7.514153075775693857e-02 -2.227218856876579667e-03 4.107255968080706504e-02 -5.135883800630892254e-03 9.114702887672723741e-02 -1.658930286103388460e-03 -4.413836558431991769e-02 -5.560852215291912232e-02 -5.628692336592010237e-02 -1.877614020407878878e-02 4.200846200778814848e-02 4.443937667128344121e-02 7.030760473705433000e-02 -3.081449790912591316e-02 9.520745557225475386e-02 4.226250929719065595e-03 -7.107175399327847129e-03 1.119646697323934022e-02 5.661134666822977696e-02 -5.664971527174800930e-02 -7.392396221195791928e-02 -3.390632143441602540e-03 -3.156890694266215047e-02 1.761727224407243263e-03 -5.041788282612812144e-02 -4.766261833288334276e-02 3.594320390086093442e-02 5.540961242495008598e-02 -2.150761356856644921e-02 -9.227056821846837953e-02 2.109649437212838315e-03 7.989652136621948342e-02 1.255206164292850361e-02 -4.133922916553305765e-02 1.265320861886472031e-03 -1.104554220705029205e-02 -1.719446800733211503e-02 1.456002668931371093e-03
4.424592604728141282e-02 5.810621361704051968e-02 -2.951416588365578589e-02 1.655139026039964892e-02 -1.780487991970103323e-02 5.555537563002035245e-02 4.569668210034588673e-02 5.717093919123188497e-03 -1.706500958867095130e-02 -6.063890334267421633e-03 1.532520192255376786e-02 2.028976552603587932e-02 -6.074631096233987920e-02 2.445504130426413153e-02 -6.878238717472873187e-02 -2.261273894757674305e-02 2.330302997893432884e-02 0.000000000000000000e+00 -4.880033840659333405e-02 -1.270360518582827891e-01 7.104856341845106060e-02 8.105698669153701356e-04 4.757198778142543438e-02 -3.433757310256375928e-02 -5.936757566158418209e-02 1.771686861395588286e-02 -6.934904311713600833e-02 2.869415923769488147e-02 4.176945026615146161e-02 5.878107116577839519e-02 2.076752144189049007e-02 6.275575872291967727e-02 -2.039594881537793933e-02 7.518944216576450845e-02 -1.121100589917935209e-02 5.482164068381139427e-02 9.001418151464980061e-03 1.039473972298211928e-04 1.072853552217738378e-02 4.023054991540509634e-02 -1.440151934237512109e-02 -2.162788084193287014e-03 3.553930733958825250e-02 -1.153954847258516561e-02 5.595404328675233907e-02 2.729124528036851530e-02 5.888014665373551837e-02 -8.260525665716543509e-02 1.831572257392710679e-02 -4.238745349084450942e-02 2.903606106424828914e-02 -4.421146631099506091e-02 7.592483640771885423e-02 3.584106692450686471e-02 1.783604991096042133e-02 9.512410851598800121e-02 2.712407961619511115e-02 -1.711970552023409781e-02 -7.012961032472749164e-03 -1.622584362041541370e-02 3.464133516927301454e-02 -3.345472826611037981e-02 -3.827635874027589258e-02 -2.715777112966800272e-02 7.357469346016144718e-02 6.086905917157867801e-02 3.241544776851200405e-02 6.460254899479812851e-02
-3.695338199254191019e-02 -3.113062297010328432e-03 3.044509400400535748e-02 -2.088645457117965093e-02 4.772059280260327468e-02 2.797468530171295584e-02 9.599133298669491887e-02 1.498139585405146475e-02 3.468131346590200281e-02 7.575250907756034789e-03 9.629495756434647280e-02 5.877840125232413476e-02 -1.871146036316173947e-02 6.886900943358169325e-02 -3.421732874338336006e-02 -7.170783166126146191e-02 8.061695540217884981e-03 -4.880033840659333405e-02 0.000000000000000000e+00 -3.636360999462900923e-02 2.044546102327678833e-03 5.288765448428959723e-03 -4.171239641334367754e-02 -4.001250387257783425e-02 1.514426293742687606e-02 4.429630839218602623e-02 -1.001284441746072042e-02 -2.280634797828091226e-02 1.260336158731274574e-02 3.337197246893819358e-02 6.963046224856336321e-03 -7.198896988353684079e-02 -4.057571689631049583e-02 -4.251622639493398553e-02 -8.819749853271559303e-03 -1.015849001284624756e-02 -2.158603549259495089e-02 5.006842517258882491e-03 -7.024224254516560351e-02 3.635356218854279148e-02 1.023682853982182603e-02 -3.129185037917846940e-02 1.292460356252806211e-02 1.083302578233664298e-01 4.897937673040772544e-02 8.728960972712523914e-02 3.795633277291930036e-02 -2.236858240362696098e-04 -4.475349480128672924e-02 -4.407927573605579553e-03 -2.639790859661620206e-02 -3.321434769150044541e-02 1.538090870458753891e-03 1.795631722867598035e-02 6.490565526702940513e-02 2.005032478143747507e-02 -1.778699197706569979e-01 -9.263313069017056756e-02 4.264564275386012460e-02 -6.274355817291199511e-02 -1.502094919781185936e-03 -3.192030835727741739e-02 5.436310576904416353e-02 1.278235437724841404e-02 5.718748871740577527e-02 2.965855165782623273e-02 -4.538224995557828961e-02 1.659332033931618447e-02
6.148336822752442643e-02 2.105487396709447914e-02 4.677490937959266973e-03 -4.744302483551933458e-02 1.328452478610495785e-03 6.983943112026408384e-02 2.406197002371692623e-02 -4.469828251484644910e-02 2.545853304337673123e-02 3.079610614402242263e-02 6.315412022012910354e-02 -3.842396127216382573e-02 -1.190735610336370320e-01 4.943564078150679622e-03 -2.993679955760815067e-02 -8.590912858308645539e-03 3.460362349159628974e-03 -1.270360518582827891e-01 -3.636360999462900923e-02 0.000000000000000000e+00 -1.809424399285449944e-02 -5.980043246893096409e-02 -2.469397780467482220e-02 -2.415597448291892033e-02 2.353783257015675673e-02 -1.156219510268334180e-02 8.545931182581138763e-02 5.228771372022681524e-02 -7.301031412196404280e-02 -4.240080006590893867e-03 1.468067259357548171e-04 2.050143016263101733e-02 1.783704265512841853e-03 -1.055481444669006605e-02 5.801167850148430255e-02 2.225938757327053028e-02 -7.330784163588327518e-02 -4.534230906412160811e-02 1.236758790948551401e-02 -1.490552644675466852e-02 4.466373051079526590e-02 -4.703109889302259372e-02 1.504674265900393486e-02 1.671489247131775074e-02 1.370902174056065105e-02 -4.101355761729322952e-02 3.506598819043032361e-02 -5.094028664484456792e-02 3.096289635494556269e-02 4.036855096549450683e-02 5.593684354907312549e-03 -4.005463486725646671e-02 4.123542492054969172e-02 -4.228357778114987670e-02 2.638322209620939246e-02 -5.844581520521779927e-02 8.533048695152607721e-02 2.290537953565097151e-02 -7.580670628137073375e-02 6.466250668602341323e-02 6.731119893611910154e-02 -8.206837436993141832e-02 -2.335993382938402960e-03 3.091290610133180534e-03 2.923382622546267379e-02 5.095848902350642862e-02 4.421132995089123441e-02 -1.423248179368836845e-02
3.047535955055714896e-02 9.682164557304479002e-02 2.279792099676226230e-02 -6.200080352275409018e-02 -9.696167995848758991e-02 2.951172854987708927e-02 2.915419508350849953e-03 8.685937904488398587e-03 8.701931333389244586e-03 8.938595748211566883e-02 -1.006416310037518830e-01 -1.978750525081518843e-02 -4.333624463334050797e-02 3.432777649943890425e-02 7.152340694465469939e-02 1.101310432961747215e-01 3.009664105132046560e-02 7.104856341845106060e-02 2.044546102327678833e-03 -1.809424399285449944e-02 0.000000000000000000e+00 7.729187448871041588e-02 5.868196674913519345e-02 5.491734962965889866e-02 -4.442279368434456921e-02 1.998641680855780828e-03 5.802563721937784719e-02 7.028580295136681137e-03 -3.584957456354290195e-02 5.678203199820985175e-02 -1.472953579098771823e-02 7.097970672980992435e-02 2.725431655469581771e-02 -3.571798650384801904e-02 -9.547438822351539400e-03 1.696997812957451142e-03 5.320690579153509320e-02 -3.292031085155887327e-02 5.233229667068788928e-03 1.665424965136149543e-02 7.183968028176518361e-02 -9.738985019996201226e-03 -9.338180268404613904e-02 7.725749184730212535e-03 4.262123113962826976e-02 1.426204132871775141e-03 -2.866300804438673064e-02 2.798019931486228282e-02 1.932226335939048276e-04 -6.560580616329834275e-03 -1.488452141876633536e-02 -2.180234937857568681e-02 -5.297238756950077565e-02 -7.070325429454471684e-03 -9.313315538258402221e-03 2.921151907908675974e-02 7.534272109417539109e-02 -3.487072264829844254e-02 2.611156328241581726e-02 3.355949123669740852e-02 4.689874337548703524e-03 -3.234875405122991654e-02 -1.024229430961715731e-02 -3.771961107131958923e-02 -2.362569084351583484e-02 -6.152756618450246073e-02 2.269395268341106026e-02 2.665438845020462900e-03
1.752839213162324383e-02 4.537341491392263976e-02 -6.584924510305376066e-02 -1.670782100265633119e-02 1.135960714823657236e-01 1.126187209839300991e-02 2.933104208060552734e-02 -6.276008649921363536e-02 3.406708934071323719e-02 -7.389517874951083420e-02 -1.103638025087964013e-02 -6.623650805463546232e-02 4.227526132848821727e-02 1.566192987413865187e-02 3.926017674978651145e-02 -2.272855935580886735e-02 -4.452697862730038703e-03 8.105698669153701356e-04 5.288765448428959723e-03 -5.980043246893096409e-02 7.729187448871041588e-02 0.000000000000000000e+00 4.126518297269485963e-03 7.569833282495527609e-03 3.658541185410746355e-02 5.754451131618979615e-02 -7.363222683758408049e-02 -2.259471284379913070e-02 8.963272251204359997e-02 -8.357675737909103786e-02 -1.242235872698929308e-02 -1.191642179471136785e-02 6.004653374116139530e-02 5.464064575456975548e-02 3.090152117001230408e-03 3.486256112044703454e-02 -2.564921161359778878e-02 8.329884723711265468e-03 -7.040159292589178407e-03 -2.129521157618414345e-02 -8.931735451351982547e-02 -2.011702233080539873e-02 -3.282427426164322842e-02 2.517496874441738780e-02 4.494315398113442848e-03 -3.392550285269163579e-02 -2.064887146093127152e-02 8.554834589474835660e-02 -3.489154313554825720e-04 3.400454775791273559e-02 5.253862015113782563e-02 -5.573202147785889099e-02 -5.079411650933306904e-02 -3.219556515865817231e-03 5.531518794638273784e-02 5.237182816810355412e-03 -3.918178158617809798e-02 -5.435829125254042909e-02 -5.998659814622591541e-02 -2.746151318392008999e-03 -2.913555407448529741e-02 -2.509243190345938901e-02 1.095993597412744415e-02 -1.853274499052865246e-02 4.076528891860519560e-02 -1.608631919665572813e-02 3.913216907968710551e-02 7.711529058571121864e-02
3.056945958590279525e-02 -3.392491501622504034e-03 3.221852755051991812e-02 1.529165649406324587e-03 -8.803887807630465800e-03 6.131379009222814522e-03 -5.747977131943218104e-02 6.826891323565853487e-02 -9.972020598949531307e-04 -5.626003080173733878e-02 7.858386454060491133e-02 3.464138188987572059e-02 2.358046633956569979e-02 -3.691127403084110831e-02 -6.232307228101663377e-02 5.205100255944639098e-02 -6.064208102533224370e-02 4.757198778142543438e-02 -4.171239641334367754e-02 -2.469397780467482220e-02 5.868196674913519345e-02 4.126518297269485963e-03 0.000000000000000000e+00 -2.514471986414972340e-02 -2.518897248608811812e-02 1.975728387498379424e-02 7.115797581267234440e-02 -5.962089134551136135e-03 1.629961974823602305e-02 3.373386758423745080e-02 -5.571977869904708169e-02 1.132610475380139113e-02 1.766964543765143364e-03 -7.561892065434307197e-02 -4.630167929788116948e-02 -6.921692689896712103e-02 6.279083945010793116e-03 2.649071754444409961e-03 2.971241755285664032e-02 6.242158032609436413e-02 5.565347641272955226e-02 2.461004196315164788e-02 4.761844437166277283e-02 2.126743529594411763e-02 -3.458077576387120697e-03 2.923202980472664955e-02 6.217413864562331555e-02 2.420229409751462057e-02 -8.673569733914655508e-03 1.698654601969875819e-02 7.489079560987629836e-02 4.179767658201045955e-02 1.214151225882411783e-01 2.178267874772977716e-02 3.419221335222160513e-02 8.700269846553856934e-02 3.948303161311145920e-02 -1.966255310081803723e-02 -6.717078840979908566e-03 1.439916065037744400e-02 5.021372673988298146e-02 3.805217568892420993e-02 2.433041458385607966e-02 -2.325967833486766723e-02 -7.746231736241385168e-02 -5.441620188013446269e-02 4.067334053318037712e-02 2.794485231684206220e-02
