0.000000000000000000e+00 3.197650992220622823e-02 -3.652616744745285429e-03 -1.796727531827754798e-02 -1.126333425619712759e-02 3.587041004797110466e-02 2.774938847380422138e-02 -3.976742472414854755e-03 3.594977206193462893e-02 4.008911280354856069e-03 -3.336491425725923721e-02 4.700792277757778054e-02 2.209704078557686666e-03 -1.369228099434370745e-02 -5.155573618341001765e-03 -7.038177888070053234e-02 4.085892568819082110e-02 4.415697949280384532e-02 -3.712886308899367854e-02 6.150910284775048392e-02 3.050189980644105875e-02 1.741187603662729469e-02 3.045851539631510424e-02 6.671434620975563723e-02 2.112698318772848402e-02 -3.934383445253823025e-03 -2.305258299269130617e-02 -2.446782358100069166e-02 2.183141256012005246e-02 -2.482476328757663234e-02 -5.860519638260636155e-02 -1.104445622944272461e-02 -6.185589926916328779e-02 -3.259581037354634947e-02 -3.363237491541638813e-02 3.012225132022101209e-02 3.763657103916090430e-02 2.597651072165509112e-02 -3.388852693219043116e-02 1.528387405778928662e-02 5.139054701530734737e-02 -6.685870144677199048e-03 5.855770183316277681e-03 2.488019394282988545e-02 5.406218364725604020e-02 -6.606029420859151069e-02 9.789334251964505046e-03 2.876109044888339877e-02 -4.514138809477418607e-02 5.878406004516300437e-02 3.064483474872158053e-02 -8.977326434479031281e-02 1.525732814834039261e-02 1.384720684591493785e-02 -8.577100074324790768e-02 -8.163927337928793271e-02 4.954278754611904367e-02 -3.163545877895006936e-02 4.602023127976480332e-02 -2.788631640829861841e-02 -4.137651594209303813e-02 -2.597339775919793245e-02 6.543532351958737236e-04 -1.827847341666511208e-02 6.508713762275442072e-02 3.454870005376303212e-03 -1.962149322626386555e-02 1.085859659598716054e-02
3.197650992220622823e-02 0.000000000000000000e+00 -1.049160565989407795e-01 -8.209385496949496430e-02 4.037716169263273758e-02 -4.841672093313668934e-02 -5.495390956419311801e-02 9.662841261613496846e-04 5.995287394857765073e-02 -5.184302314003050305e-02 -4.075860897025931906e-02 1.750456915940357908e-03 8.406478678178849751e-02 -7.567036798321573332e-02 -3.137616917042235221e-02 5.943969333177273433e-03 7.668487962091039001e-02 5.825191820993593644e-02 -3.203087202405789039e-03 2.116726618182295655e-02 9.678559276149045765e-02 4.328516129597170109e-02 -3.805773891340238305e-03 -9.550105186428634388e-03 2.260530436015385433e-02 2.573726601340770720e-02 4.477354164769151677e-03 -3.370253306024291462e-02 -4.571867990431487117e-02 6.561423494942535128e-02 -3.275601843386325568e-03 4.696894639808862210e-02 -2.738612493648269128e-02 1.608709452370353857e-02 -3.965390473398380106e-02 2.191760841938568058e-02 2.428024750198949297e-02 -3.028883254554157536e-02 -6.104772062308020525e-02 6.922141599855205149e-03 -8.780316702945460683e-02 4.395405726890423692e-02 2.690958493345666988e-02 2.424281025635246015e-02 -2.578098972632548308e-02 5.206470903530540685e-03 -1.563482018382108402e-02 -4.043596915926362528e-02 -4.352445211713773521e-02 -3.539723582259830803e-02 4.352465746285179293e-02 2.986458009841851460e-02 -2.528950281090602912e-03 2.740125317928251980e-02 3.314650634634751236e-02 -5.640948563303008895e-02 5.118951059983742335e-02 -8.313743773875352516e-02 -8.734754787214282779e-02 -5.290677478785817123e-02 -7.828733755990731000e-03 -2.053797474710407703e-02 -3.112750323214691014e-02 -1.202443165423933147e-01 -3.829472563600540974e-02 -9.955905788723622141e-03 3.879890419534074569e-02 1.249477906354452272e-01
-3.652616744745285429e-03 -1.049160565989407795e-01 0.000000000000000000e+00 -8.603980747074300647e-03 -7.706176585844611016e-02 1.282892331843622502e-01 1.199758913121789887e-02 5.429431315717115486e-02 -3.107365339048548739e-02 -4.963874904037821056e-02 -1.098680499544907666e-02 2.495522514079371451e-02 -2.821913100535392363e-02 -6.946820002368252547e-03 -2.984053559247361667e-02 -6.214500120365738789e-02 -4.167298024802924827e-02 -2.969420123610860829e-02 3.052198502534281960e-02 4.553303565337290734e-03 2.135563394817981478e-02 -6.575834778033398664e-02 2.380173823788216125e-02 -2.456337872841132808e-02 2.492370970370587531e-03 1.013945648687304170e-02 8.221650206577348075e-02 -1.529121825475596337e-02 -1.098769391772082445e-02 -2.322054242555874823e-02 8.713166565514383899e-02 -6.652417163210079531e-02 7.574406475240508252e-02 -3.976429479463540126e-03 -3.706316981370125219e-03 -8.095393035235760870e-02 1.206850096048306745e-02 -2.460457524580797473e-02 5.838981183122267382e-02 7.222108933686335885e-02 2.388821584709141521e-02 -8.244286973694488208e-02 8.558043486025065927e-02 1.672677176380628350e-02 -2.435988284467582171e-02 -5.693890769990035683e-02 -2.344137731691178436e-02 -4.348781769326005853e-02 -4.326322306513550459e-02 4.355868367396775048e-02 8.616540851157029196e-03 5.212340114479414171e-02 -4.412800226898155181e-02 1.607406862336642137e-02 1.986449247757780812e-02 1.571492940970380461e-02 -5.513388540274110315e-03 1.488196671443471793e-02 -5.007781673004492451e-02 1.945814156836267461e-02 2.265622951920535921e-02 4.667533356654841176e-02 3.117635964764063888e-03 -9.934936377654335002e-03 2.734454030543003941e-02 -7.898641727132421630e-03 -4.606405990600300621e-02 -6.108001599430032402e-02
-1.796727531827754798e-02 -8.209385496949496430e-02 -8.603980747074300647e-03 0.000000000000000000e+00 7.910026467799560063e-03 8.755877500317050827e-04 1.186068159128744748e-02 -9.628867204798141621e-02 3.267919059712056512e-02 5.696061731194786842e-02 2.450818057977984833e-03 -3.792899191420649047e-02 3.961456104966534081e-02 1.563611201835293785e-02 -1.272519439285467284e-02 -4.478190450220989605e-02 -4.529132933177118514e-02 1.666285253863085056e-02 -2.079743889345044006e-02 -4.940027510795477750e-02 -6.215259289394208658e-02 -1.646960652050002971e-02 2.058149440297390564e-03 -2.551575685589594494e-02 -5.127142184275051973e-02 2.683645711176875504e-02 -6.295380707502348794e-02 2.938721231912530887e-02 -4.962128137152917867e-02 2.149905883457716577e-02 6.343487926892894813e-02 -1.152106968040545257e-02 -2.230866975840871055e-02 -2.898143139225683659e-02 -9.139096629263983307e-02 -4.754513371894104889e-02 3.669700027036098405e-02 4.655338845169784689e-02 -2.138095815158627330e-02 1.493100746322465963e-02 -7.213762510137729234e-02 3.256883191666859467e-02 -1.117830919512335791e-01 3.936541822517412859e-02 -5.476629043143818598e-02 -3.542342417617189154e-02 -6.424201440751930656e-03 -8.713697430972679181e-02 -4.757750942008478340e-02 4.765874730629732214e-02 -4.788349247207650955e-02 8.521197668756713695e-02 -1.393608916056804717e-02 -3.410561753374029281e-02 2.842685736247139300e-02 3.554562257979787532e-02 3.028271143398188203e-02 3.227572705728970481e-02 6.661215798920837317e-02 -2.377714991380482090e-02 1.823953115610077100e-02 1.329054207584481721e-02 -3.483083969433975902e-03 -9.773914448804768562e-02 -9.472753821718136666e-03 7.743444403401286702e-02 -6.221976235722904286e-02 -3.771973424579913581e-02
-1.126333425619712759e-02 4.037716169263273758e-02 -7.706176585844611016e-02 7.910026467799560063e-03 0.000000000000000000e+00 -2.340500384913749704e-02 -5.103789437354951108e-02 7.162095853968999948e-02 6.306553576492218705e-02 -1.654379398712163855e-03 1.098311183466092180e-03 -5.704819572282160411e-02 -8.749586508153799069e-02 -9.977384047420807464e-04 -5.941700380706463336e-02 -4.166781073400317725e-02 7.184312094167578933e-02 -1.780965409140667158e-02 4.765683908400544094e-02 1.377375666823576084e-03 -9.702224522966387821e-02 1.135058431047936828e-01 -7.977485661033668213e-03 -3.905256495270957237e-03 2.332161837727763590e-03 -4.674307254223351513e-03 5.833423215045876326e-02 -1.655864458730211750e-02 5.351469795958736092e-02 -2.252943721137518930e-03 2.788734012669597667e-02 1.134590883319429033e-01 8.539672638483366759e-03 8.425965998594789341e-02 5.800237961437629958e-02 1.889925985755347079e-02 -9.946296679257690676e-02 3.543190358553326147e-02 -8.103924574004415377e-03 -7.814289079441337493e-02 -4.285376895747236570e-02 1.166975237813725527e-03 1.383191535651837230e-02 4.934235414420155147e-02 -1.640494026367210825e-02 1.745857786915635396e-02 8.421016126385098485e-03 -5.939357812505947215e-03 7.335750287210246467e-02 2.258837025433747814e-02 -3.478884954165839538e-02 -3.105968231755840137e-02 -4.458746503763331287e-02 1.561162897057173302e-02 1.704324427627934568e-02 -5.343294396229196497e-02 -8.570548673017298891e-02 -1.528599968586792646e-03 6.092244059751169422e-02 -4.083007199806983067e-02 -2.973510344159239344e-02 -2.881396295886371958e-02 -7.568150258847655687e-02 -2.071955743333412162e-02 8.753497158401449263e-02 7.171013549192167824e-02 1.490825795147914315e-02 2.595007418786961229e-02
3.587041004797110466e-02 -4.841672093313668934e-02 1.282892331843622502e-01 8.755877500317050827e-04 -2.340500384913749704e-02 0.000000000000000000e+00 6.936709209214239613e-02 3.565559661886163328e-02 2.443851266442316483e-02 3.821936479681244808e-02 1.919788178796997050e-02 6.922820640105276091e-02 -8.414956001766282778e-03 -3.482517414982870541e-02 -1.344727348657881114e-02 -5.789218217262137589e-02 -2.795809329643265603e-02 5.543523303189717283e-02 2.778181311437426942e-02 6.980915692135628015e-02 2.941947028208969500e-02 1.144588142365236642e-02 5.432329575740319633e-03 5.684972646987515588e-02 -5.971998629565467703e-02 1.103515833321656453e-01 1.281051229626373536e-02 -4.433886395620718207e-02 1.727057568986478534e-03 -3.225288289832721478e-02 3.435709140245810089e-02 4.606465461378448506e-02 -5.971131099643604313e-03 4.194940293728696180e-03 6.188073700827857737e-02 -3.132679645373291633e-02 -4.442059975852837017e-02 7.105277872782098450e-03 5.668965262745807865e-02 1.129564649379228257e-02 1.351918611480564802e-01 2.744917716024830937e-02 1.176972308531097806e-02 -3.305196966493391397e-02 -9.879552496325815295e-03 -5.388182969010943402e-02 4.734940069164701032e-02 8.516913597087849563e-02 -7.201238707695613306e-02 -6.000705959901219549e-02 -2.217060474518310793e-03 -4.946601845319900659e-02 1.811825146787385959e-02 8.287790649505404061e-02 -6.376832426512753227e-02 7.161731339609907210e-02 4.052854702041769341e-02 5.125339353326850873e-03 1.450784667648020651e-02 -3.623990906485021618e-02 3.182089889979215769e-02 2.334231932393952390e-03 -6.201753607563228327e-02 3.075326687294730257e-02 4.088636380399000847e-02 2.467012034086583927e-02 -1.968321469735601070e-02 3.086510164870134789e-04
2.774938847380422138e-02 -5.495390956419311801e-02 1.199758913121789887e-02 1.186068159128744748e-02 -5.103789437354951108e-02 6.936709209214239613e-02 0.000000000000000000e+00 -6.468846741544764800e-02 2.596618188904235760e-03 3.278002399908717251e-02 9.494669164656091565e-03 1.021610826480415235e-01 2.393506677610595865e-02 8.631850066719917725e-02 -3.324914251023498163e-02 -8.368264057981656193e-03 1.183457725916454810e-02 4.500736165122659616e-02 9.564150791927564232e-02 2.361549028258466340e-02 1.908229846016375880e-03 2.975770615401015715e-02 -5.866179399621845869e-02 3.381662028761920485e-02 -1.917134262499680872e-02 2.114422145772984485e-02 -5.174465947653579534e-02 1.083743571893998510e-02 6.249866111444009331e-02 -1.167073371460220083e-01 9.559510105525904217e-03 -6.543243145498238260e-03 4.578818628682113090e-02 -4.609709729154620392e-03 -2.361198239885405059e-02 1.671997662247429184e-02 -2.500367180080836395e-03 -3.171145619744748789e-02 2.177042318555006545e-02 -5.323276252773485873e-02 -1.526567018293430687e-02 -4.749050507886128786e-02 2.885648303103570747e-02 -1.607224116784751466e-02 2.706381050010330316e-02 -3.375579063171901123e-02 7.268712164636528805e-02 4.747576000125899170e-02 -4.593953207483941065e-02 7.579458251363198340e-02 3.074703251894796499e-02 -3.961411528550932981e-02 6.687316676404071215e-03 -5.741944000544565996e-02 9.326509857177225915e-02 8.409509144152216981e-03 2.701785777246550405e-02 8.551828804881111176e-05 2.895054231644636836e-02 -7.285313136596825723e-02 5.153073994062597196e-02 8.362082327334536061e-03 7.830494620298440733e-02 -1.573429500707421158e-02 -7.742299001035737871e-02 -2.663688885809627205e-02 8.649615506218155669e-02 1.895798077979333335e-02
-3.976742472414854755e-03 9.662841261613496846e-04 5.429431315717115486e-02 -9.628867204798141621e-02 7.162095853968999948e-02 3.565559661886163328e-02 -6.468846741544764800e-02 0.000000000000000000e+00 1.006020858887139366e-02 -1.206807280553507701e-02 4.411753437086535223e-02 -6.983683414186402094e-02 1.846747131060540864e-02 -7.646916845601324335e-03 1.757983965305344107e-02 1.473253442201735621e-03 7.824384127724471824e-03 5.433534501903088815e-03 1.465420962940348903e-02 -4.473894709993496421e-02 7.742764939297357846e-03 -6.275715833458532511e-02 6.725181936977545072e-02 -1.462951155486005850e-02 4.940333059865190807e-02 -3.439554175753772869e-02 -9.581331615730001930e-03 8.952363698123899649e-02 -6.247394468526107532e-03 6.995289637285356799e-02 3.553246257350809595e-02 3.114016246926093814e-02 1.230512197894441731e-03 8.901276720234868600e-02 -5.057159695923497261e-02 -6.180096352386362651e-02 -9.971110317041965987e-02 -1.426962758232004636e-02 1.955215988151342427e-02 3.572648494810229391e-02 3.714637933921285939e-02 -4.577542457480490018e-02 -2.492351469126086790e-03 3.646169917355802925e-02 4.802648277943386695e-02 -9.193581764114083787e-03 -6.571892690069555676e-02 2.777796650789155983e-02 -1.025033439425364172e-02 -1.343932359958696643e-02 -3.623188840909491448e-02 -9.538389213439883371e-03 -5.901637949082878115e-02 7.533078073191308392e-03 1.074338109563624695e-02 3.625519259566310076e-02 -4.337015445502399175e-02 6.983283173938570343e-02 -8.426309054886976140e-04 -5.372814919530480987e-02 1.119384609222825837e-02 6.862069736678190479e-02 2.472770943513368652e-02 -1.715686005396217448e-03 -3.086987783492303392e-03 -1.287398677707216610e-01 3.864208916049801518e-02 -6.203169904458696871e-03
3.594977206193462893e-02 5.995287394857765073e-02 -3.107365339048548739e-02 3.267919059712056512e-02 6.306553576492218705e-02 2.443851266442316483e-02 2.596618188904235760e-03 1.006020858887139366e-02 0.000000000000000000e+00 8.338508751357120302e-03 -5.115147512006003316e-02 -1.659681257006732826e-03 -3.845186686797375658e-02 1.892017540127452491e-02 1.126207145043418151e-02 -2.691067858725317355e-02 -1.111883049024759221e-02 -1.694163936772919918e-02 3.484280866895638623e-02 2.538610755730653576e-02 8.939180103848812925e-03 3.297873060870137873e-02 -1.034339927980620466e-04 1.085355563081600444e-02 2.456938671175300931e-02 -4.518404844625322631e-02 -1.507778956785702229e-01 -2.044614850643875631e-02 -3.827104412738947803e-02 -6.891300345145738582e-02 1.827570029078248032e-02 -4.021901301152611997e-03 -5.259629143731587436e-02 -1.091581004523013883e-02 4.245218017859912762e-02 9.471109786418924203e-02 -5.855259735615601230e-02 -6.431981217441791465e-02 -3.708012380230235605e-02 -3.975634439660736402e-02 -7.978248471325732200e-03 2.914452140507152889e-03 -3.535120589198114879e-03 -9.558996544117792649e-02 2.204622799109967266e-02 4.684294751320376878e-03 6.985749487208406383e-02 5.528487888906997300e-02 -2.511454019844615651e-02 -7.911876433623081430e-04 -1.179510134142261468e-01 -3.759258276331865073e-02 1.068036901420658935e-01 -9.495804202163922805e-03 9.412450684988502708e-03 6.978853810612298258e-02 -1.807451189537219449e-02 9.597995645747963572e-03 1.048476479059806156e-02 7.779031649017946470e-02 -9.393528422672446643e-02 -2.853693946849973975e-02 6.330192354230509966e-02 -4.076068354486116208e-03 -4.591587420352052223e-02 -2.452390931362644164e-03 3.433109734508298094e-02 -6.497986173208890326e-02
4.008911280354856069e-03 -5.184302314003050305e-02 -4.963874904037821056e-02 5.696061731194786842e-02 -1.654379398712163855e-03 3.821936479681244808e-02 3.278002399908717251e-02 -1.206807280553507701e-02 8.338508751357120302e-03 0.000000000000000000e+00 5.164434947859569691e-02 1.536494574859650734e-02 -4.146480615857331409e-02 5.405824720431261915e-02 8.111682300898089698e-03 -2.420179896871792885e-02 -5.980466605557532150e-02 -6.462737404261224838e-03 7.179151426165635702e-03 2.962164574174180540e-02 8.971908367435094123e-02 -7.383775807888190434e-02 -5.612251026746741672e-02 8.386481281694120604e-02 -2.344151689441861667e-04 -5.964562306086683419e-02 1.169254353451303421e-02 3.275526274592120701e-02 -3.005555447094474322e-02 -2.202451230439367649e-02 -8.367587567127751993e-03 -2.236638046098332264e-02 -2.960425172585930825e-02 9.559123586476966916e-03 6.596410550827444541e-02 -3.566516057665760492e-02 2.287859976685593585e-02 -3.491132595765847335e-02 -6.115994378637361339e-02 -4.114495355841518709e-02 5.180224202302420242e-03 -9.701322136422210751e-02 -1.286371080811589129e-01 3.729329382312062541e-02 -2.338513117510210293e-02 3.781262459769357820e-02 -2.056528105110609628e-02 -4.471149334951445703e-02 -7.334720920903287089e-02 -1.342347059259272994e-02 -4.275034404133214172e-02 -5.545097235272396230e-02 5.239488783288134138e-02 -5.018840663832613291e-02 -2.293850121433847755e-02 -2.925989395467708601e-02 -3.475860403941004317e-02 9.746758983802695023e-03 2.155208642509066214e-02 1.370781864454693674e-02 -3.577905328031623367e-02 2.574112118286699807e-03 -8.284273544732272121e-02 -4.084830150843515167e-02 4.023944013505156847e-02 -2.426984283674038512e-02 -5.262624969347369508e-02 -2.698889670644260066e-02
-3.336491425725923721e-02 -4.075860897025931906e-02 -1.098680499544907666e-02 2.450818057977984833e-03 1.098311183466092180e-03 1.919788178796997050e-02 9.494669164656091565e-03 4.411753437086535223e-02 -5.115147512006003316e-02 5.164434947859569691e-02 0.000000000000000000e+00 2.530115392635417723e-02 -4.698143376942168908e-02 5.263696485285893067e-02 1.519043618214567515e-02 9.150122717211112144e-02 -9.899744830699541698e-02 1.376971166251210119e-02 9.591453447434618307e-02 6.331603144878616973e-02 -1.011335146521376432e-01 -1.106773364184140789e-02 7.928144130612846396e-02 -1.338624418820677682e-02 3.716090166958804092e-02 6.935067723238368120e-02 -4.428892820691089638e-02 -3.822654044927940691e-03 6.171568343711247850e-02 -1.642357057377913029e-02 -9.859941745633757360e-02 2.213936173111978947e-02 2.340790312212831861e-02 9.154665399470181264e-02 2.448567505720014234e-02 -6.757397508847774736e-02 2.766948805409130425e-03 1.188602452040812829e-02 -2.020496023467470079e-02 2.442638262635075594e-02 -5.079163578334429385e-02 5.901222441321827411e-02 3.555095417555419191e-02 5.667797391461855405e-02 -3.973346229048859563e-02 -4.172482943350137169e-02 5.727689564079904011e-02 1.293784249174432036e-02 -6.031929431884438392e-02 4.025185567725354102e-02 5.023042388052898106e-03 -1.982218458842032252e-02 -4.769600849522122321e-02 6.377318029725029258e-02 -9.382861003745414721e-03 -2.971165478172868232e-02 -3.331613602959127007e-02 -8.272414846693500537e-03 -5.388169636956086778e-02 1.850580195560858759e-02 -1.728829416976858727e-02 -4.494231572792693752e-02 1.957037395736506945e-03 4.192328982667331561e-02 -1.688685139726717188e-02 3.963543369007250378e-02 -8.819177923940836605e-02 -5.321675234096938378e-02
4.700792277757778054e-02 1.750456915940357908e-03 2.495522514079371451e-02 -3.792899191420649047e-02 -5.704819572282160411e-02 6.922820640105276091e-02 1.021610826480415235e-01 -6.983683414186402094e-02 -1.659681257006732826e-03 1.536494574859650734e-02 2.530115392635417723e-02 0.000000000000000000e+00 1.068756034149281886e-02 3.244450482927491164e-02 -1.321502553818658908e-02 -3.482772677942536088e-02 -4.021198794678871452e-02 2.002100513583178476e-02 5.878986949026483028e-02 -3.974421783584447532e-02 -1.991349200987350618e-02 -6.620645920772377790e-02 3.499534342059459208e-02 2.894300998679450940e-02 -1.363274736173211948e-05 -2.454060034672547047e-02 1.494614327096009318e-02 -4.383625028918908262e-02 6.580514704491197131e-02 -1.680238312200460840e-02 -6.363395224430964947e-02 6.029511608751670498e-02 -6.876559856551102412e-02 -5.179023048080572122e-03 6.723775909374159199e-02 -6.381668803055555450e-02 -5.011284378254038385e-02 -1.693654871965271855e-02 2.620460875726933481e-02 -9.450164766086863177e-02 3.001007132088777396e-02 -3.772389030217294936e-02 -4.385666869846144289e-02 -3.642521962963407925e-03 8.738063182022570707e-02 8.349040064461012156e-02 2.048507789204018215e-02 -6.636830029830556588e-02 4.013091719474320279e-02 2.162834599143368189e-02 -8.481823815326969274e-02 4.688129895393948303e-03 4.211693523070050155e-02 7.359598430931647839e-02 -1.309878217281213245e-02 2.101295660842707885e-02 -1.058181268849696932e-01 -1.926626624469164606e-02 -1.279407293807130475e-02 -2.594509415648620781e-02 3.014338101831291056e-02 -5.728831975385659941e-02 4.282177324027729159e-02 5.936931529767581692e-03 -4.233323329323772366e-02 -1.200104328094007272e-02 -8.177013275291261651e-02 9.797301710062210345e-02
2.209704078557686666e-03 8.406478678178849751e-02 -2.821913100535392363e-02 3.961456104966534081e-02 -8.749586508153799069e-02 -8.414956001766282778e-03 2.393506677610595865e-02 1.846747131060540864e-02 -3.845186686797375658e-02 -4.146480615857331409e-02 -4.698143376942168908e-02 1.068756034149281886e-02 0.000000000000000000e+00 -3.369292628493775893e-02 3.113648768564172831e-02 6.530169485888306924e-02 -5.070772025573035829e-02 -6.087967537772999427e-02 -1.873869002069368864e-02 -1.192288300988849636e-01 -4.343495473632487391e-02 4.200499899668912879e-02 2.403165439988725477e-02 -3.629221348124721074e-03 -4.082385714132854421e-02 3.688291818122459154e-02 -5.452273106145981429e-02 -1.670738214630761165e-02 -8.998208087674923472e-03 2.880788420692495869e-02 2.277887428253159638e-02 -3.605990996559285677e-02 -2.586706681061131871e-02 1.549382204487633830e-03 2.266936834307889913e-03 2.852758815434032827e-02 1.338785381562439536e-01 9.638194285385502658e-02 -4.299837794494556359e-02 -4.041160334751644351e-02 -6.815104136463057648e-03 -2.530115293509743041e-02 -7.191117228627055824e-02 -4.535295807978076410e-02 -1.505148338505898353e-01 -2.107153558742791769e-02 -6.996508349721103880e-03 -1.122637337851567670e-02 -2.836370486506357980e-02 -1.264135567746627886e-01 -2.911283633870613216e-02 1.694097009066377474e-02 -8.309002982171822399e-03 -6.914291314540603473e-02 -3.096203983045251601e-02 5.975926573394894394e-03 1.143747096969893913e-02 2.962893031544877251e-02 -1.121292763344701598e-01 -4.723511703921862842e-02 6.373501147392302002e-02 6.451503806791013262e-02 -2.477675450467909865e-02 8.320235857398938784e-03 -5.168834472430443305e-02 -4.440930106892922169e-02 2.313299372439845542e-02 4.210322545707270714e-02
-1.369228099434370745e-02 -7.567036798321573332e-02 -6.946820002368252547e-03 1.563611201835293785e-02 -9.977384047420807464e-04 -3.482517414982870541e-02 8.631850066719917725e-02 -7.646916845601324335e-03 1.892017540127452491e-02 5.405824720431261915e-02 5.263696485285893067e-02 3.244450482927491164e-02 -3.369292628493775893e-02 0.000000000000000000e+00 3.361294269747611141e-02 2.027607615660445908e-02 4.087310188591943005e-02 2.395869996489792195e-02 6.858937776665108288e-02 4.915407640037790238e-03 3.422484886424209671e-02 1.576047950378671458e-02 -3.852686519747815230e-02 8.609888915252787624e-04 1.304895228341344977e-02 8.687459849154683875e-03 -3.292473606572798167e-02 -1.553040090468590408e-02 5.782988777700203559e-02 1.500113578712571972e-03 -5.817150435899041787e-03 -3.642765483540334748e-02 2.691778451206530351e-02 8.164316240092745619e-03 2.770663477647934345e-02 -4.365802608952053243e-02 -3.623724554542168130e-02 3.134477297202615392e-02 1.784104850721943136e-02 -2.714563974965588170e-02 -5.961830943902917540e-02 -2.981347894103989621e-02 -2.917339068491095824e-02 2.635202565473989886e-02 8.632162171788736182e-02 2.818714243663799843e-02 1.604491417751289714e-02 -1.100292645514827361e-01 5.676397682946478923e-02 1.218743629905168907e-02 2.866026904242046855e-02 -4.424248320825441608e-04 -1.320643991544581848e-02 -8.297156230902028029e-02 -4.717152008818259988e-03 4.588498478711731249e-02 -2.951855869304056273e-02 3.714872030167363365e-02 -6.314074163061923761e-02 -8.713571970753151291e-03 -3.914971363413560779e-02 -4.475899548327956501e-02 7.306812383671391908e-02 -1.157093568412852352e-01 -1.486837716688507553e-02 -2.200415919771599865e-02 -5.858341410207043576e-02 -6.549943149026689337e-02
-5.155573618341001765e-03 -3.137616917042235221e-02 -2.984053559247361667e-02 -1.272519439285467284e-02 -5.941700380706463336e-02 -1.344727348657881114e-02 -3.324914251023498163e-02 1.757983965305344107e-02 1.126207145043418151e-02 8.111682300898089698e-03 1.519043618214567515e-02 -1.321502553818658908e-02 3.113648768564172831e-02 3.361294269747611141e-02 0.000000000000000000e+00 -2.683200199871524361e-02 -1.950948735302568057e-02 -6.880516080618913344e-02 -3.429805259722571581e-02 -2.995219563613207847e-02 7.188854908005523625e-02 3.913178741907388097e-02 -6.251158447193852497e-02 8.847347715589280737e-02 3.395991564239503324e-02 3.337225306456923640e-02 -6.664151430098784468e-02 -5.325337469301649751e-02 4.989090942988185645e-02 1.599820810794624557e-02 2.414206343115656017e-02 -8.454837382699693926e-02 2.939673865322024737e-02 5.263853261889647056e-02 6.818307059737685472e-02 -2.033329891997988706e-02 -1.093261849425943184e-02 2.455591005030636521e-03 -8.420511442726959228e-02 -3.664142095177942010e-02 -2.340554670465211373e-02 -4.487583002174753283e-02 -4.740537092831728638e-02 -5.345528889806485523e-02 -5.725961640327742463e-02 4.342513312219108135e-02 7.592453625122576842e-03 5.621773324265201544e-02 9.797266349194262702e-03 1.886399482633940167e-02 3.250267824923464000e-02 2.029719044114849935e-02 1.794886132214122687e-02 9.209384801261868633e-03 4.475512920907170206e-02 -1.779841441595155643e-02 4.435154700902740194e-02 -2.688097735239575181e-02 6.957278458221869202e-03 3.517773029993716966e-02 -8.690960047942533628e-02 -7.658420196327853091e-02 -8.815718629286516117e-02 6.886214932548580248e-02 -4.006597503317825548e-02 -1.283192622491289084e-02 -6.881915352850043188e-02 -7.111726608723360765e-02
-7.038177888070053234e-02 5.943969333177273433e-03 -6.214500120365738789e-02 -4.478190450220989605e-02 -4.166781073400317725e-02 -5.789218217262137589e-02 -8.368264057981656193e-03 1.473253442201735621e-03 -2.691067858725317355e-02 -2.420179896871792885e-02 9.150122717211112144e-02 -3.482772677942536088e-02 6.530169485888306924e-02 2.027607615660445908e-02 -2.683200199871524361e-02 0.000000000000000000e+00 2.024991310221539720e-02 -2.270828962123799116e-02 -7.151624227923701616e-02 -8.750063043880301067e-03 1.086236691408872246e-01 -2.342825266315738328e-02 4.874760937196295080e-02 -9.827245255204265784e-03 -6.014503921239974793e-02 3.697295008088690577e-02 4.240158806712281819e-02 1.023724593194774539e-02 5.284650670360700742e-02 1.685937010313331291e-02 -7.602376104629358922e-02 1.152653643668577754e-01 2.363760911493324388e-02 3.571285689556435994e-02 -3.466517150647153295e-03 -2.228791846915644317e-02 2.375286221178153287e-02 6.882740784753976770e-02 9.429580528064597164e-03 -1.140636437670944081e-01 1.020920262774009102e-01 7.811801807803495090e-02 2.416719161465686813e-02 -3.207398212774259516e-02 -1.441138315735693565e-01 -3.251992832167510672e-02 -2.200802222954124920e-02 1.626431029054052624e-02 -5.619001920109607112e-02 -2.682031794397294125e-02 3.562744293143176727e-02 5.522583432552476135e-02 -1.043265530598452284e-01 3.376420416559176158e-02 -3.270911370813583963e-02 2.597714723869964937e-02 9.806707668433580632e-03 2.169353606486162933e-02 -1.364007717938824429e-02 3.158015516141096657e-02 3.914543670949333781e-02 -7.951133341322582163e-03 -4.915854375569122386e-02 -3.610809692035954477e-02 -5.688154653909654329e-02 8.919451150461785160e-02 -3.302479128209353382e-02 -2.398779735921585665e-02
4.085892568819082110e-02 7.668487962091039001e-02 -4.167298024802924827e-02 -4.529132933177118514e-02 7.184312094167578933e-02 -2.795809329643265603e-02 1.183457725916454810e-02 7.824384127724471824e-03 -1.111883049024759221e-02 -5.980466605557532150e-02 -9.899744830699541698e-02 -4.021198794678871452e-02 -5.070772025573035829e-02 4.087310188591943005e-02 -1.950948735302568057e-02 2.024991310221539720e-02 0.000000000000000000e+00 2.340823748767837525e-02 6.332529625256926899e-03 3.482765428113209893e-03 2.968445727541248538e-02 -4.437176008990601807e-03 -6.524751371862086424e-02 3.339576349443184461e-02 7.025741910659036304e-02 -6.274262934838506153e-03 2.053290378506379341e-02 2.677998739163987840e-02 2.857829490952313624e-03 3.711232399708735974e-02 7.497242189321717820e-02 -2.003555853835903636e-03 4.086164046365090702e-02 -6.002505407036050691e-03 9.114286972599729142e-02 -1.521655216625703282e-03 -4.397481473497232701e-02 -5.575760316252276194e-02 -5.669418749234721860e-02 -1.930347396163810403e-02 4.138642276688918320e-02 4.472917276440085965e-02 6.999760990547308770e-02 -3.127609813184793058e-02 9.506320259032154107e-02 4.024379624352227708e-03 -7.076255186494941930e-03 1.104739473731532196e-02 5.668910078226489790e-02 -5.688566462472674501e-02 -7.408072055496231489e-02 -3.648943611158752057e-03 -3.142176644288293547e-02 1.827356116404738962e-03 -5.073729045398614468e-02 -4.769197172815041463e-02 3.683238986710418023e-02 5.510003312091955874e-02 -2.132855457400095051e-02 -9.218675827196104455e-02 6.253301850759986937e-04 7.969707037430050212e-02 1.253484304025096266e-02 -4.146908942464962167e-02 1.342472794044418912e-03 -1.096792188673334674e-02 -1.724658832541342210e-02 1.128295580442781375e-03
4.415697949280384532e-02 5.825191820993593644e-02 -2.969420123610860829e-02 1.666285253863085056e-02 -1.780965409140667158e-02 5.543523303189717283e-02 4.500736165122659616e-02 5.433534501903088815e-03 -1.694163936772919918e-02 -6.462737404261224838e-03 1.376971166251210119e-02 2.002100513583178476e-02 -6.087967537772999427e-02 2.395869996489792195e-02 -6.880516080618913344e-02 -2.270828962123799116e-02 2.340823748767837525e-02 0.000000000000000000e+00 -4.998241658091556044e-02 -1.270660664099299564e-01 7.073810626479605512e-02 7.762029239048094621e-04 4.727830601281521328e-02 -3.426976630513262068e-02 -5.935914705619235038e-02 1.665110730438009237e-02 -7.107225877098248545e-02 2.818752303963637310e-02 4.118655838832496752e-02 5.831229585338700699e-02 2.078699997315150080e-02 6.273417262248781601e-02 -2.050394441249277916e-02 7.440330848231963001e-02 -1.112277966822693837e-02 5.481237871408069923e-02 8.905678613228702398e-03 9.568972748109268460e-05 1.069928935641580037e-02 4.020557799521246034e-02 -1.393336790663947736e-02 -2.068111099931833289e-03 3.542760167644389696e-02 -1.170419223589361235e-02 5.576854408452261436e-02 2.721246898864002062e-02 5.873606540716562463e-02 -8.258419651268214534e-02 1.831724022299336535e-02 -4.253570272046359318e-02 2.893681332838282314e-02 -4.430278218903603571e-02 7.594310573876000836e-02 3.579970456388868738e-02 1.774593088312221081e-02 9.513295190512503774e-02 2.715092314598164733e-02 -1.709181522693147340e-02 -7.109911546993120945e-03 -1.641129010619848602e-02 3.639565078205850290e-02 -3.334288413601704804e-02 -3.824776137902782813e-02 -2.708790713416668605e-02 7.349147705825311017e-02 6.071759821800454260e-02 3.251877037878905807e-02 6.439695183401679401e-02
-3.712886308899367854e-02 -3.203087202405789039e-03 3.052198502534281960e-02 -2.079743889345044006e-02 4.765683908400544094e-02 2.778181311437426942e-02 9.564150791927564232e-02 1.465420962940348903e-02 3.484280866895638623e-02 7.179151426165635702e-03 9.591453447434618307e-02 5.878986949026483028e-02 -1.873869002069368864e-02 6.858937776665108288e-02 -3.429805259722571581e-02 -7.151624227923701616e-02 6.332529625256926899e-03 -4.998241658091556044e-02 0.000000000000000000e+00 -3.634021421635255655e-02 2.244527760600828047e-03 5.282185612072593135e-03 -4.140960205255460325e-02 -3.968424681173834956e-02 1.516512704208014539e-02 4.247662571191333086e-02 -1.008097352406097692e-02 -2.336826455026632873e-02 1.213150578147274145e-02 3.314047901670368751e-02 6.812294629887499786e-03 -7.202188045651448933e-02 -4.068565737181043668e-02 -4.433436642845744319e-02 -8.989238530239730685e-03 -1.014799079648696228e-02 -2.090852281229742260e-02 5.066724219472577145e-03 -7.019845975353858347e-02 3.622450665166110362e-02 1.035732500259890776e-02 -3.147561450016535950e-02 1.292772244279177980e-02 1.081861644882780860e-01 4.876008001487745075e-02 8.727414239466467494e-02 3.784353745684559261e-02 -2.969791952430523066e-04 -4.479559564962987822e-02 -3.832278463711498179e-03 -2.613930249169415729e-02 -3.325103215848802113e-02 1.682222926035066048e-03 1.783659817247452289e-02 6.574612430325316170e-02 2.026077599418105515e-02 -1.777546789477690292e-01 -9.248585115566197723e-02 4.267561185085486097e-02 -6.254020591272549390e-02 -6.354871336798636290e-04 -3.168635422755099879e-02 5.446172512193004495e-02 1.282623457081671046e-02 5.710403884397833446e-02 2.958700121390812551e-02 -4.544815361353261168e-02 1.634292266615401321e-02
6.150910284775048392e-02 2.116726618182295655e-02 4.553303565337290734e-03 -4.940027510795477750e-02 1.377375666823576084e-03 6.980915692135628015e-02 2.361549028258466340e-02 -4.473894709993496421e-02 2.538610755730653576e-02 2.962164574174180540e-02 6.331603144878616973e-02 -3.974421783584447532e-02 -1.192288300988849636e-01 4.915407640037790238e-03 -2.995219563613207847e-02 -8.750063043880301067e-03 3.482765428113209893e-03 -1.270660664099299564e-01 -3.634021421635255655e-02 0.000000000000000000e+00 -1.807813446707468019e-02 -5.974840704295605875e-02 -2.524693803276478743e-02 -2.460539712361388062e-02 2.359477178985628504e-02 -1.183928069488555772e-02 8.427199438762005002e-02 5.209635174074441627e-02 -7.311498372066121965e-02 -4.194713464495399696e-03 7.745937591032004798e-05 2.052859836120045009e-02 1.947829679717363004e-03 -1.046248908494343786e-02 5.806963204182961219e-02 2.236164759571898641e-02 -7.397712441328378741e-02 -4.536050092341501611e-02 1.236607242659326471e-02 -1.477504965260712476e-02 4.523702505859851508e-02 -4.692702476870886513e-02 1.527292864109247063e-02 1.660493053107610362e-02 1.372287431451973960e-02 -4.109502253083327505e-02 3.505040617866472807e-02 -5.088478695917499767e-02 3.101657452960707509e-02 4.008396360488765409e-02 5.534985554099167669e-03 -4.016484793261868719e-02 4.114193174605921405e-02 -4.230209220942373477e-02 2.616093849787277242e-02 -5.856284781619801316e-02 8.521827222760515463e-02 2.316637572100407882e-02 -7.592990579061353884e-02 6.452681541446105007e-02 6.538152553493271901e-02 -8.278394317710817407e-02 -2.333852622870922350e-03 3.169408979932576351e-03 2.915611846022004780e-02 5.093153607717396114e-02 4.438306520716867737e-02 -1.441516228673792206e-02
3.050189980644105875e-02 9.678559276149045765e-02 2.135563394817981478e-02 -6.215259289394208658e-02 -9.702224522966387821e-02 2.941947028208969500e-02 1.908229846016375880e-03 7.742764939297357846e-03 8.939180103848812925e-03 8.971908367435094123e-02 -1.011335146521376432e-01 -1.991349200987350618e-02 -4.343495473632487391e-02 3.422484886424209671e-02 7.188854908005523625e-02 1.086236691408872246e-01 2.968445727541248538e-02 7.073810626479605512e-02 2.244527760600828047e-03 -1.807813446707468019e-02 0.000000000000000000e+00 7.731276665684878868e-02 4.846205971756945008e-02 5.472039606014041102e-02 -4.440861273723367697e-02 1.441452770716594462e-03 5.716891111339111875e-02 3.856671211007668253e-03 -3.672520926783433282e-02 5.254663667666589766e-02 -1.443247918675304338e-02 7.101252384139103424e-02 2.710619387606168912e-02 -3.665651850171017245e-02 -9.437441279259058124e-03 2.271967504986518484e-03 5.289976530539731298e-02 -3.291471840494526041e-02 5.106292275933517477e-03 1.643308950896259224e-02 7.141482702998470933e-02 -1.004288879069819944e-02 -9.369772226371857193e-02 7.607735610371365448e-03 4.286067746950451840e-02 1.681566670014922674e-03 -2.888673655636442988e-02 2.790087115658206746e-02 3.327157921637653856e-04 -7.663228336696108721e-03 -1.556286017668186833e-02 -2.210531968075373638e-02 -5.341231520704396024e-02 -6.992819034431650184e-03 -1.068602880032685533e-02 2.864226040153372566e-02 7.403121679096669183e-02 -3.521453944539353759e-02 2.626042021394833781e-02 3.339462418849677844e-02 2.410566917809660141e-03 -3.357472589037874267e-02 -1.044684822951215918e-02 -3.773361265416830257e-02 -2.328470181089193486e-02 -6.139422961221648739e-02 2.260702767721036593e-02 2.534815288954079572e-03
1.741187603662729469e-02 4.328516129597170109e-02 -6.575834778033398664e-02 -1.646960652050002971e-02 1.135058431047936828e-01 1.144588142365236642e-02 2.975770615401015715e-02 -6.275715833458532511e-02 3.297873060870137873e-02 -7.383775807888190434e-02 -1.106773364184140789e-02 -6.620645920772377790e-02 4.200499899668912879e-02 1.576047950378671458e-02 3.913178741907388097e-02 -2.342825266315738328e-02 -4.437176008990601807e-03 7.762029239048094621e-04 5.282185612072593135e-03 -5.974840704295605875e-02 7.731276665684878868e-02 0.000000000000000000e+00 4.371510503615619152e-03 6.191325061306327329e-03 3.583121101890592713e-02 5.793731729968592398e-02 -7.452405337091289050e-02 -2.266051224149836368e-02 8.962855586452112000e-02 -8.392861403468186710e-02 -1.240789292775538316e-02 -1.212917102596088557e-02 6.004281037250906033e-02 5.465981156122108608e-02 3.000178911965856177e-03 3.475848466694524130e-02 -2.533362272582779379e-02 8.493711692865189844e-03 -7.042249372732862361e-03 -2.118126189546299526e-02 -8.953594726401088721e-02 -2.019857711489479735e-02 -3.286722976976271665e-02 2.542096664450156987e-02 4.582707707287593177e-03 -3.390840059956180125e-02 -2.069634796519059794e-02 8.586249158550275651e-02 -2.432570151355442178e-04 3.398880751121653720e-02 5.270647409368024033e-02 -5.584025488590207975e-02 -5.079734876187993325e-02 -3.232156806824820414e-03 5.555517138829404317e-02 4.568289098005143614e-03 -3.947035963279833110e-02 -5.451781707872795091e-02 -5.980006991935237631e-02 -2.459065026169581988e-03 -2.782679641110614305e-02 -2.444511697790392388e-02 1.086747943045143251e-02 -1.842332065969378568e-02 4.096884470768197284e-02 -1.619097474946053217e-02 3.906627364687689785e-02 7.720625393636887379e-02
3.045851539631510424e-02 -3.805773891340238305e-03 2.380173823788216125e-02 2.058149440297390564e-03 -7.977485661033668213e-03 5.432329575740319633e-03 -5.866179399621845869e-02 6.725181936977545072e-02 -1.034339927980620466e-04 -5.612251026746741672e-02 7.928144130612846396e-02 3.499534342059459208e-02 2.403165439988725477e-02 -3.852686519747815230e-02 -6.251158447193852497e-02 4.874760937196295080e-02 -6.524751371862086424e-02 4.727830601281521328e-02 -4.140960205255460325e-02 -2.524693803276478743e-02 4.846205971756945008e-02 4.371510503615619152e-03 0.000000000000000000e+00 -2.580271646919049533e-02 -2.510761846854151630e-02 1.819486434406927464e-02 6.352157400543179122e-02 -6.381675067140882979e-03 1.549224578131139229e-02 3.036157295829948130e-02 -5.644970978788491078e-02 1.150380555048620239e-02 1.109934305329855287e-03 -7.638611690750314598e-02 -4.679023149536237769e-02 -6.930969756374728841e-02 5.826899136252078164e-03 3.021463015859850599e-03 2.890329174113974442e-02 6.178946684766218472e-02 5.396149123837912925e-02 2.481799491404576216e-02 4.757547909768455180e-02 2.104048394559607585e-02 -3.915857750420553840e-03 2.956104432833508641e-02 6.251476974703121248e-02 2.425325265064008293e-02 -8.663915101016711820e-03 1.366574844554751741e-02 7.461260963778185151e-02 4.121134348264206965e-02 1.224706774454010216e-01 2.171993004352729476e-02 3.363661549795773226e-02 8.680564691584698178e-02 3.278314665676605733e-02 -2.018458770217601561e-02 -6.403233369907807004e-03 1.366797919766786842e-02 4.483949269085162059e-02 3.779060962373294308e-02 2.435378514484182882e-02 -2.331344578928930267e-02 -7.757011096727652044e-02 -5.416650785650843625e-02 4.053329344505826604e-02 2.763332345799185408e-02
