0.000000000000000000e+00 3.179568827593866331e-02 -3.532361404997535863e-03 -1.783012613356207629e-02 -1.115975107865496523e-02 3.590323221213852917e-02 2.904027634281943979e-02 -3.770263016640085837e-03 3.597547301432748451e-02 4.272803026053010808e-03 -3.311226297782417921e-02 4.737082916835102381e-02 2.063460557191424544e-03 -8.671547251951306975e-03 -4.915906359665811291e-03 -6.998781935195205750e-02 4.090374115646903952e-02 4.432180910568828125e-02 -3.680671593287871551e-02 6.146222057192241017e-02 3.045940669858409472e-02 1.762263228422742203e-02 3.066044321215025820e-02 6.635300994510327788e-02 2.120140353329622723e-02 -4.079143644925099788e-03 -2.441702523599626612e-02 -2.394409850566767486e-02 2.556792009604358026e-02 -2.287535445380542432e-02 -5.862899020925888688e-02 -1.124984034481626982e-02 -6.170218946727482751e-02 -3.238497582318242141e-02 -3.361154757941256510e-02 2.962354744385915090e-02 3.749425742838934095e-02 2.592944251456561280e-02 -3.383855862182077318e-02 1.519569061253864435e-02 5.116489318339653009e-02 -6.531754567525904602e-03 5.490498704148999431e-03 2.507787331267242320e-02 5.434365821225471682e-02 -6.590888664648772433e-02 1.003489539693430861e-02 2.863748809326021466e-02 -4.512133641936069695e-02 5.864608751933282627e-02 3.095489874914605574e-02 -8.985921537723905173e-02 1.503088825296942585e-02 1.365963975158174248e-02 -8.526591589496400336e-02 -8.137048513023674434e-02 4.899496916522925322e-02 -3.165238836461278793e-02 4.582772721249339654e-02 -2.803693017425349515e-02 -4.145080706571366985e-02 -2.597389321067466311e-02 8.825803855534199160e-04 -1.847553456457794174e-02 6.513860599196823198e-02 3.446705891553814710e-03 -1.990661223215390088e-02 1.081889444515931817e-02
3.179568827593866331e-02 0.000000000000000000e+00 -1.045306969782068551e-01 -8.236085931409123373e-02 4.063319749205266534e-02 -4.854486736758895082e-02 -5.563675248669336382e-02 3.514026146062979375e-04 6.046499362988329296e-02 -5.238167213275062017e-02 -4.060435945902322874e-02 1.578536134240947526e-03 8.463181022187729607e-02 -7.570845225963061809e-02 -3.117987970735431810e-02 6.064669158156061127e-03 7.662326056640388072e-02 5.798558726433945820e-02 -3.039663555491331926e-03 2.096630992628899237e-02 9.684597172701345236e-02 4.709875137820578733e-02 -3.022642197379265139e-03 -8.782555986172235069e-03 2.570744798130734921e-02 2.549959038621336938e-02 6.660051777151136145e-03 -3.453652119515792512e-02 -4.543157057061275594e-02 6.511858571424684883e-02 -3.221883283776749533e-03 4.687706143863127478e-02 -2.730071870630011721e-02 1.641506964148871373e-02 -3.988687952778453838e-02 2.217561512616267327e-02 2.412611293912186525e-02 -3.034269476000054158e-02 -6.100349336665898681e-02 6.854444115391516122e-03 -8.847177224216584701e-02 4.343055571426215899e-02 2.642896094912111984e-02 2.388381348604473944e-02 -2.569598916292097773e-02 5.159120264866234526e-03 -1.568090935161951804e-02 -4.098208931721934040e-02 -4.352754939143756163e-02 -3.517891210328903673e-02 4.350043982130258335e-02 2.978972546898939547e-02 -2.593612250215999743e-03 2.719564201107691273e-02 3.319150455646941583e-02 -5.641454113283756594e-02 5.119227636322464664e-02 -8.342611559818149947e-02 -8.763794855647814852e-02 -5.269527602019768303e-02 -6.278819875958687249e-03 -2.238435187032987439e-02 -3.124917758482308877e-02 -1.205121418549426754e-01 -3.848339702765275760e-02 -9.793878494238400859e-03 3.884553812752254004e-02 1.247386114186137263e-01
-3.532361404997535863e-03 -1.045306969782068551e-01 0.000000000000000000e+00 -9.077079129889526268e-03 -7.688431023843919632e-02 1.287923518926765154e-01 1.308400057396030998e-02 5.571752094459742760e-02 -3.216260759592200202e-02 -4.981228062677818536e-02 -1.064818633343184683e-02 2.516973850132608534e-02 -2.806995287540672152e-02 -6.872404495037444556e-03 -3.062548689773898422e-02 -6.058379598389952714e-02 -3.689482768908684818e-02 -2.935125043486595461e-02 3.038980730160595334e-02 4.803756165680304717e-03 2.412327098363142505e-02 -6.592015461000588772e-02 3.947085853861134752e-02 -2.448355237604164791e-02 1.980649049999956123e-03 1.897379113063429532e-02 9.285032330294085146e-02 -1.490454241774670334e-02 -1.048028237984522000e-02 -2.237149019906281219e-02 8.767433082202305550e-02 -6.678041421904606922e-02 7.628281996728274172e-02 -3.991137395468068519e-03 -3.650212050243276021e-03 -8.078293315884228776e-02 1.241878596500892683e-02 -2.448525065067460801e-02 5.916525018740310948e-02 7.271638243337638641e-02 2.480946961241177126e-02 -8.239739153015646078e-02 8.608367969350852467e-02 1.720121627088900401e-02 -2.399542275128018279e-02 -5.633296621130690768e-02 -2.358050614674557510e-02 -4.332200622932759482e-02 -4.297180202907235902e-02 4.421553932732048831e-02 9.092090318387971090e-03 5.288537068830183319e-02 -4.378514430624098203e-02 1.599512663420203651e-02 2.015848805074173938e-02 1.556755174403970030e-02 -4.242966029176491877e-03 1.539686915621658707e-02 -5.025856412022774306e-02 1.966827376057106447e-02 3.151707226125438632e-02 4.683177797341630394e-02 2.389851296379324423e-03 -9.975405430136599638e-03 2.683137621081741267e-02 -8.593671220581288253e-03 -4.527836726835776648e-02 -6.016881877053616851e-02
-1.783012613356207629e-02 -8.236085931409123373e-02 -9.077079129889526268e-03 0.000000000000000000e+00 7.960090263845656655e-03 9.214936061240771529e-04 1.254392403777809285e-02 -9.603142446665918763e-02 3.287809650162659691e-02 5.816716964555422587e-02 2.605136294602246327e-03 -3.722771367356784294e-02 3.928059681266234809e-02 1.524960281188768481e-02 -1.263533209796963326e-02 -4.478248408950214615e-02 -4.558188427639282836e-02 1.646067700495683350e-02 -2.095958158053275178e-02 -4.582401926333626307e-02 -6.186180688486279944e-02 -1.690305904190172667e-02 1.072614755200586040e-03 -2.188637696308932956e-02 -5.113399634915306857e-02 2.624109570844386508e-02 -6.153613648426391192e-02 3.467265828116022214e-02 -4.956119644666345109e-02 2.114408934296975809e-02 6.345823280289461521e-02 -1.134461578936287948e-02 -2.252619342103931097e-02 -2.939906680059395719e-02 -9.153783085282760079e-02 -4.736740738485673008e-02 3.645543065916000136e-02 4.724221172097270438e-02 -2.143796264569634846e-02 1.469968425181845083e-02 -7.238086636395719975e-02 3.210396901858163232e-02 -1.114165236547664112e-01 3.948170119813876333e-02 -5.503569402725329990e-02 -3.541750367889191092e-02 -6.398414058878250203e-03 -8.775739534845290735e-02 -4.748963784947073108e-02 4.783776447834150319e-02 -4.796593112551440774e-02 8.516091422268395883e-02 -1.388050259665859522e-02 -3.380306966426489812e-02 2.844968949654697390e-02 3.524162372078638167e-02 3.021167136721640903e-02 3.275125989447850994e-02 6.641818925442836974e-02 -2.392051737114216439e-02 1.507759632388911558e-02 1.368572262974178388e-02 -3.997940045020936806e-03 -9.827574654266651999e-02 -9.555593051573427199e-03 7.738687660300658244e-02 -6.235322400810364152e-02 -3.776429198654972230e-02
-1.115975107865496523e-02 4.063319749205266534e-02 -7.688431023843919632e-02 7.960090263845656655e-03 0.000000000000000000e+00 -2.218760586513947308e-02 -5.109515236497971097e-02 7.160255314668272086e-02 6.415277350467822604e-02 -1.711604036237832863e-03 1.218545698871685914e-03 -5.682116777730920193e-02 -8.695864622272142519e-02 -6.776943900137720987e-04 -5.543800571781399428e-02 -4.178786446905204122e-02 7.194983584186009917e-02 -1.780028209610894779e-02 4.777357963499345717e-02 1.288477188897136109e-03 -9.691304255187607741e-02 1.136709329377484506e-01 -9.512655651106866408e-03 -2.750568742528544837e-03 2.477946583100545681e-03 -4.434304438386845078e-03 5.531166516423099977e-02 -1.716194300566468642e-02 5.368498677932759255e-02 -2.556030363220049891e-03 2.791688992168181102e-02 1.147318684473728617e-01 8.585090818045849892e-03 8.492132196984375492e-02 5.803515430777082124e-02 1.887550299049460534e-02 -1.004243499553208602e-01 3.539527881685597399e-02 -8.149895287810359629e-03 -7.796904957814616843e-02 -4.344893302854960920e-02 8.276743028473723196e-04 1.379901971900437431e-02 4.878038291655222014e-02 -1.646754011839604223e-02 1.751278998109919230e-02 8.607543382941288540e-03 -6.072489523550895704e-03 7.326608348493185430e-02 2.214585825923662266e-02 -3.526043101019276510e-02 -3.111661405321421159e-02 -4.464195620240304918e-02 1.583511612658126955e-02 1.598955067181909162e-02 -5.325232385813865460e-02 -8.657388343269761810e-02 -1.765932781993459575e-03 6.091458753851905494e-02 -4.146407184092307241e-02 -2.824671695756279799e-02 -2.957060273510906181e-02 -7.578875900372823715e-02 -2.107634025659326990e-02 8.735881214064715461e-02 7.172990705207472895e-02 1.467163703265204379e-02 2.552550879583388027e-02
3.590323221213852917e-02 -4.854486736758895082e-02 1.287923518926765154e-01 9.214936061240771529e-04 -2.218760586513947308e-02 0.000000000000000000e+00 7.048884330238627816e-02 4.180443340466438035e-02 2.465251483619095366e-02 4.387925923852383642e-02 1.983326861753898634e-02 7.160008301961180710e-02 -8.115950521159145600e-03 -3.352117379130026276e-02 -1.182947335902070560e-02 -5.777060836002918809e-02 -2.741599082624380027e-02 5.565777018488517885e-02 2.813889317349242344e-02 6.987027892950568864e-02 2.959955795028332975e-02 1.111079714068966863e-02 6.743525806311507359e-03 5.707613099361044662e-02 -5.952870841199534718e-02 1.110213355139644392e-01 1.509714915776267860e-02 -4.170644165353394606e-02 2.308255814675251680e-03 -3.181849304775576093e-02 3.452901677709422495e-02 4.708030990827948015e-02 -6.067088272714148134e-03 5.255827500107176399e-03 6.224220726634965145e-02 -3.146610255406857848e-02 -4.455581562590548578e-02 7.128659951656646579e-03 5.640452285146742295e-02 1.110026332632955449e-02 1.355335069550674676e-01 2.751084439026374451e-02 1.140497147832259840e-02 -3.228719159063640071e-02 -9.705122408974434234e-03 -5.361831489171034471e-02 4.725831732291134457e-02 8.573888600143876604e-02 -7.201729308942295127e-02 -5.976608360465295033e-02 -2.382307852765719759e-03 -4.964564554174535210e-02 1.800660211474262168e-02 8.266087573814766276e-02 -6.329401237270200486e-02 7.155592924218831530e-02 3.939827570418580338e-02 5.690626863631967867e-03 1.459985838805002642e-02 -3.626857884015199235e-02 3.192450688500964029e-02 3.723228899702930514e-03 -6.175225181847438655e-02 3.110047910277689148e-02 4.097057715391756727e-02 2.431239699130884752e-02 -1.989889171883933022e-02 3.772729215612630129e-04
2.904027634281943979e-02 -5.563675248669336382e-02 1.308400057396030998e-02 1.254392403777809285e-02 -5.109515236497971097e-02 7.048884330238627816e-02 0.000000000000000000e+00 -5.937298229519838433e-02 2.251442622622199224e-03 4.055851209652891476e-02 1.025044583357177970e-02 1.020648895967224828e-01 2.359353585216102112e-02 9.459579781721934311e-02 -3.340469371730324377e-02 -7.928395047043998445e-03 1.257705106391924024e-02 4.628320980738781509e-02 9.628432654796387213e-02 2.444634285109444777e-02 3.848955171027283306e-03 2.896980398407056692e-02 -5.639095374099604291e-02 3.561157120877962712e-02 -1.844733197784760234e-02 2.149146661157582197e-02 -4.804832001571502503e-02 3.366048600853051298e-02 6.510734953699012784e-02 -1.101463652469560905e-01 9.563501648190654222e-03 -6.190366849402280380e-03 4.605647521197699101e-02 -3.225081678252159165e-03 -2.329220987261813175e-02 1.550962998337400249e-02 -2.442107755624907048e-03 -3.180306496895193846e-02 2.145022886656129668e-02 -5.343692487486496195e-02 -1.473422353676746323e-02 -4.786767011432298963e-02 2.833231054420614139e-02 -1.655418727545529892e-02 2.671396753730196846e-02 -3.457086742510010607e-02 7.224285008375602724e-02 4.634469713033250587e-02 -4.564760184733274856e-02 7.624672043612254480e-02 3.078173675720826188e-02 -3.953718458708930378e-02 6.680214351741793968e-03 -5.848153753446280051e-02 9.372122279890540697e-02 8.519096808927248410e-03 2.774383195696316501e-02 1.244556141625177258e-03 2.879022533134061035e-02 -7.306405271208382679e-02 4.847222813959440463e-02 9.220784472911910251e-03 7.897656290356044884e-02 -1.625745061563433139e-02 -7.699399719270058617e-02 -2.630461515337211009e-02 8.544040047683332251e-02 1.948129209796878661e-02
-3.770263016640085837e-03 3.514026146062979375e-04 5.571752094459742760e-02 -9.603142446665918763e-02 7.160255314668272086e-02 4.180443340466438035e-02 -5.937298229519838433e-02 0.000000000000000000e+00 1.009152672718805280e-02 -9.167835428790403404e-03 4.464046891551472912e-02 -6.877345723456211590e-02 1.845893544836318262e-02 1.535783834481522440e-04 1.771477724886453761e-02 1.448442463699027832e-03 9.342122302325835820e-03 5.957605457238207732e-03 1.525814797888594594e-02 -4.465782503888936217e-02 9.498906660460378765e-03 -6.276195793538352774e-02 6.914666332303250063e-02 -1.326926500570442535e-02 4.916367187225161028e-02 -3.332185793729135898e-02 -8.666457796925670226e-03 8.982551369280382392e-02 -5.211773489397552271e-03 7.115204102446212597e-02 3.553095784227566084e-02 3.216211871310385717e-02 1.406792186277858831e-03 8.968521540034511685e-02 -5.006695582159704366e-02 -6.208405448469579008e-02 -1.004675668680072437e-01 -1.398899140979111694e-02 1.966225250289380458e-02 3.557339624570184794e-02 3.802151062394695108e-02 -4.572410119402371687e-02 -2.348321881443670659e-03 3.677072771342109608e-02 4.808239465402229518e-02 -9.245572216373105709e-03 -6.540156882474529310e-02 2.744152078016945037e-02 -1.034539857275241191e-02 -1.321832552766221379e-02 -3.638531531756737658e-02 -9.780974090918203093e-03 -5.898462559618732060e-02 7.407846770333186177e-03 1.055013499916905573e-02 3.667040569273501138e-02 -4.354233109948422303e-02 7.062126898912926554e-02 -1.059721120545865621e-03 -5.451796299377125593e-02 9.679763559704278666e-03 6.977651994067481100e-02 2.487222784050715021e-02 -1.916550393460780821e-03 -3.292852222644228766e-03 -1.288110100422544257e-01 3.844184306811662677e-02 -6.666666662931865564e-03
3.597547301432748451e-02 6.046499362988329296e-02 -3.216260759592200202e-02 3.287809650162659691e-02 6.415277350467822604e-02 2.465251483619095366e-02 2.251442622622199224e-03 1.009152672718805280e-02 0.000000000000000000e+00 8.334459343958990421e-03 -5.128686332159747979e-02 -8.253314640332815293e-04 -3.839079793218475728e-02 1.877123287907045066e-02 1.325464902155083259e-02 -2.737290809415438703e-02 -1.167390898479243357e-02 -1.716739154731875688e-02 3.454377205885394986e-02 2.552182833759455982e-02 8.494483395417223859e-03 3.496500810073500248e-02 -1.794957836570483262e-03 1.485167602552342654e-02 2.504141798905144475e-02 -4.616838666688363735e-02 -1.526384667803455664e-01 -1.977405634113438629e-02 -3.821968266789880359e-02 -6.910677242566158618e-02 1.808498121312933360e-02 -3.913017712652060165e-03 -5.274853877209378233e-02 -1.149586296591941989e-02 4.275181952945143055e-02 9.477264042874558592e-02 -5.938834183506082331e-02 -6.418543818973791726e-02 -3.708009463097760444e-02 -4.029182645277862296e-02 -8.301771747843073382e-03 2.731649918880870755e-03 -1.966957633846950701e-03 -9.569435397122805220e-02 2.178851051025847141e-02 4.475132841849712058e-03 6.959657471316055277e-02 5.539240824661363638e-02 -2.513446781224121934e-02 -9.999641807894169617e-04 -1.179954863758382044e-01 -3.733450582313058846e-02 1.064756151096667020e-01 -9.626636312004365967e-03 9.166335194756096080e-03 7.005304993084125742e-02 -1.960795932371222142e-02 1.029272848039970711e-02 1.047169891458292652e-02 7.633101146613052723e-02 -9.919298430677829514e-02 -2.816247075178558365e-02 6.324977359507290287e-02 -3.931080098361961796e-03 -4.608279557730760034e-02 -2.440157813536094917e-03 3.435380248426800343e-02 -6.469651626132040534e-02
4.272803026053010808e-03 -5.238167213275062017e-02 -4.981228062677818536e-02 5.816716964555422587e-02 -1.711604036237832863e-03 4.387925923852383642e-02 4.055851209652891476e-02 -9.167835428790403404e-03 8.334459343958990421e-03 0.000000000000000000e+00 5.218564388413971661e-02 1.753250986868304731e-02 -4.117062275116623038e-02 5.548925288256357363e-02 7.969426401617218589e-03 -2.455269101277391883e-02 -6.013244253979412035e-02 -5.726916608273697334e-03 7.908767405469299336e-03 3.177345520092138276e-02 8.911195475442236502e-02 -7.394598560146339872e-02 -5.637515906716394909e-02 8.436632866142815268e-02 -3.861147470903826778e-04 -5.889053708303954721e-02 7.562965544172484469e-03 3.802429154458755733e-02 -2.890239545982540431e-02 -2.185948048042905129e-02 -8.183030524157053689e-03 -2.183904034425292878e-02 -2.950390262116468071e-02 1.036306565189406073e-02 6.575445891987129199e-02 -3.604838683702250857e-02 2.204329747647832197e-02 -3.458267555454310610e-02 -6.113916524259921381e-02 -4.159235114143413486e-02 4.875643328256093131e-03 -9.739349628687089810e-02 -1.285673356208686668e-01 3.787849721075518816e-02 -2.348694344580351534e-02 3.726405079668575898e-02 -2.045140899995568848e-02 -4.500190905157620824e-02 -7.370341405416777625e-02 -1.361033382131005172e-02 -4.283110825663422744e-02 -5.557692176239293486e-02 5.216897837562148310e-02 -4.982666319337981931e-02 -2.307251399352511917e-02 -2.939744852981135415e-02 -3.557499341432100726e-02 1.034119482584796614e-02 2.146210087311689260e-02 1.282746116124442760e-02 -3.589279740945471725e-02 4.004838825717238655e-03 -8.283595810448238228e-02 -4.136048761454839962e-02 3.992945048070224712e-02 -2.463819347101920201e-02 -5.267267956204373103e-02 -2.733589636454939603e-02
-3.311226297782417921e-02 -4.060435945902322874e-02 -1.064818633343184683e-02 2.605136294602246327e-03 1.218545698871685914e-03 1.983326861753898634e-02 1.025044583357177970e-02 4.464046891551472912e-02 -5.128686332159747979e-02 5.218564388413971661e-02 0.000000000000000000e+00 2.590377781989983488e-02 -4.427291722272816421e-02 5.320393168243630483e-02 1.519522635522904848e-02 9.152568391611867749e-02 -9.845544793245727955e-02 1.661026580983533327e-02 9.661590340349041073e-02 6.302135840265833677e-02 -1.002194875541062985e-01 -1.101205653857745270e-02 7.797788754595587346e-02 -1.379817002069793838e-02 3.679855991377146973e-02 7.164863599651490056e-02 -4.404907963350156164e-02 -3.647577528114161714e-03 6.273216636640067956e-02 -1.601401335968659009e-02 -9.791237307727501671e-02 2.299355895601588873e-02 2.349850010453759935e-02 9.486958729296190995e-02 2.457147332437710496e-02 -6.767052643125588685e-02 2.595062759662031173e-03 1.204731408911364522e-02 -2.034997354339959652e-02 2.460268245998624079e-02 -5.070301233527881729e-02 5.890852058371606054e-02 3.523273148250963965e-02 5.682742102155818875e-02 -3.974372507608502081e-02 -4.151979097026083088e-02 5.752781716839818621e-02 1.288281975829268060e-02 -6.026043895420633845e-02 3.990578746662274551e-02 4.905627958427146752e-03 -1.999804440193950553e-02 -4.777796180357967576e-02 6.367894405917444434e-02 -9.843361713040626668e-03 -2.985674647809698559e-02 -3.305466984795216168e-02 -8.959958581288306190e-03 -5.417200437853572637e-02 1.780184177368131920e-02 -1.883585877467943218e-02 -4.551472770799212114e-02 1.601897735562758619e-03 4.150361680133596298e-02 -1.651807841189797260e-02 3.954133840378792203e-02 -8.814391666849014095e-02 -5.306905185521901963e-02
4.737082916835102381e-02 1.578536134240947526e-03 2.516973850132608534e-02 -3.722771367356784294e-02 -5.682116777730920193e-02 7.160008301961180710e-02 1.020648895967224828e-01 -6.877345723456211590e-02 -8.253314640332815293e-04 1.753250986868304731e-02 2.590377781989983488e-02 0.000000000000000000e+00 1.100142982119276316e-02 3.328487999487097365e-02 -1.241050693448874850e-02 -3.498300966560666941e-02 -3.994863965546038842e-02 2.051322362696481397e-02 5.877203562219547595e-02 -3.733269616182913198e-02 -1.967827383665401997e-02 -6.625983914722760604e-02 3.434118939594092007e-02 2.927451336592119813e-02 -6.803473557548057784e-05 -2.337953530997564575e-02 1.553480972837083945e-02 -4.233400319750633967e-02 6.622949455208973490e-02 -1.637425510583698923e-02 -6.350176682730682143e-02 6.060850432090425510e-02 -6.874584978499104215e-02 -4.131273226565458645e-03 6.737292293419323841e-02 -6.378412747369839597e-02 -5.085805009662774934e-02 -1.675035726082882426e-02 2.616646632975109382e-02 -9.450773297420685115e-02 2.895806030293370664e-02 -3.827338381429218339e-02 -4.394694221699935871e-02 -3.728025618754117650e-03 8.760288277819042180e-02 8.395657076597863588e-02 2.078030289921132742e-02 -6.609757526323964405e-02 3.996013569168867935e-02 2.131795480796001493e-02 -8.502056839358830553e-02 4.817825363804243213e-03 4.226906335206136178e-02 7.378345441677519601e-02 -1.393035334815165109e-02 2.085341366316383060e-02 -1.059336425571102830e-01 -1.953147165725984888e-02 -1.287608746416985320e-02 -2.601970552448624324e-02 2.937193166065530520e-02 -5.720124576180363185e-02 4.265604177999555296e-02 5.758748254452380338e-03 -4.214179801512185630e-02 -1.161656091749924472e-02 -8.174338081641520370e-02 9.802053590437076469e-02
2.063460557191424544e-03 8.463181022187729607e-02 -2.806995287540672152e-02 3.928059681266234809e-02 -8.695864622272142519e-02 -8.115950521159145600e-03 2.359353585216102112e-02 1.845893544836318262e-02 -3.839079793218475728e-02 -4.117062275116623038e-02 -4.427291722272816421e-02 1.100142982119276316e-02 0.000000000000000000e+00 -3.346413163740914742e-02 3.085094426783580035e-02 6.525373034604348144e-02 -5.076581648476972963e-02 -6.063139975279989435e-02 -1.868447352193780206e-02 -1.189395730931276651e-01 -4.324397656343120788e-02 4.250122497661173310e-02 2.321431714365405560e-02 -3.068263163993987120e-03 -3.918418651026957245e-02 3.668589595314571128e-02 -4.857900955728185199e-02 -1.585064156409395075e-02 -8.281906907743568150e-03 2.858064337509533259e-02 2.431455932174116791e-02 -3.462013489622214890e-02 -2.585302752985925781e-02 4.310966317899855155e-03 2.270033412686558397e-03 2.864108075279497845e-02 1.337425636087879455e-01 9.635690891250235646e-02 -4.315284823388759045e-02 -4.054484042156444867e-02 -6.386930311639098072e-03 -2.562691631621245858e-02 -7.188202572092305953e-02 -4.511655439560947889e-02 -1.502491537241526787e-01 -2.123383389193985588e-02 -4.979186341192977545e-03 -1.154914746230865756e-02 -2.852973071702212537e-02 -1.260039188394208587e-01 -2.885899411704396719e-02 1.659342280465211927e-02 -8.502212685928479258e-03 -6.899033999084436264e-02 -3.085003960341132015e-02 5.681328335545237675e-03 1.184269081399819991e-02 2.979519881632167883e-02 -1.123619991058585482e-01 -4.641924280486993404e-02 6.204983644198733272e-02 6.423267515385522319e-02 -2.484611847820424740e-02 8.389035870150758287e-03 -5.085234937292772844e-02 -4.442419255132327299e-02 2.293297292852681038e-02 4.182414049340078127e-02
-8.671547251951306975e-03 -7.570845225963061809e-02 -6.872404495037444556e-03 1.524960281188768481e-02 -6.776943900137720987e-04 -3.352117379130026276e-02 9.459579781721934311e-02 1.535783834481522440e-04 1.877123287907045066e-02 5.548925288256357363e-02 5.320393168243630483e-02 3.328487999487097365e-02 -3.346413163740914742e-02 0.000000000000000000e+00 3.361855990411276307e-02 2.024989345975982541e-02 4.217292974220083340e-02 2.487524079997035717e-02 6.910604504626748079e-02 4.970830134128184988e-03 3.445454665715339676e-02 1.557631204974682312e-02 -3.551804178635999121e-02 1.511110970180285689e-03 1.299891261518004194e-02 9.017826719109653388e-03 -3.449338079564929355e-02 -1.257659125190744784e-02 6.374068365218416021e-02 6.863564556795145530e-03 -5.902248989177977072e-03 -3.539088960856626165e-02 2.698843451661089507e-02 9.442782184603547985e-03 2.705021238414342596e-02 -4.437986269891298907e-02 -3.719307908469570573e-02 3.100553644639500103e-02 1.798963573015246661e-02 -2.690470834703093811e-02 -6.032494260263714797e-02 -3.068822913308676126e-02 -2.897915244584340841e-02 2.613319661881780692e-02 8.663093593396155312e-02 2.780798065108643080e-02 1.607593156244058533e-02 -1.098671388804531579e-01 5.638519686619937465e-02 1.247970194232848710e-02 2.862469120173793610e-02 -1.001537341548359517e-03 -1.348351047261917707e-02 -8.282613602233283856e-02 -5.326326941031072661e-03 4.590747501367047068e-02 -3.024537975463471515e-02 3.680568619510531797e-02 -6.306134672798502372e-02 -1.005240509886887526e-02 -4.030411585644298050e-02 -4.494729406451798692e-02 7.281529065315960059e-02 -1.161900361194676684e-01 -1.478899128692329028e-02 -2.275067223222696638e-02 -5.843890797354556882e-02 -6.511473361449686414e-02
-4.915906359665811291e-03 -3.117987970735431810e-02 -3.062548689773898422e-02 -1.263533209796963326e-02 -5.543800571781399428e-02 -1.182947335902070560e-02 -3.340469371730324377e-02 1.771477724886453761e-02 1.325464902155083259e-02 7.969426401617218589e-03 1.519522635522904848e-02 -1.241050693448874850e-02 3.085094426783580035e-02 3.361855990411276307e-02 0.000000000000000000e+00 -2.705594277282111215e-02 -1.987036731857900682e-02 -6.876341611558998979e-02 -3.415238967061969694e-02 -2.992283295397865639e-02 7.121191271115513699e-02 3.936380218787346313e-02 -6.217569377724172647e-02 8.880789281251057210e-02 3.390728626459055955e-02 3.255977033253035918e-02 -6.987821420259179850e-02 -5.288040180869864326e-02 5.007395034572365705e-02 1.608869932078431375e-02 2.412370168280478233e-02 -8.350531806353540809e-02 2.935967827633874719e-02 5.251794018098426831e-02 6.849972109681541632e-02 -2.053350518358248999e-02 -1.138777250619240830e-02 2.251562889800325356e-03 -8.430158072825830184e-02 -3.718566421145796247e-02 -2.364437987409662850e-02 -4.489798162516039221e-02 -4.753803636544612354e-02 -5.377127838664883669e-02 -5.759416377804192633e-02 4.321929984898401772e-02 7.382683487489933964e-03 5.595680683725236942e-02 9.659295170440038852e-03 1.859848926584723242e-02 3.225052738756432197e-02 2.007319606716063617e-02 1.793886358293714581e-02 9.323679904378075547e-03 4.490991645453199649e-02 -1.799306132248588985e-02 4.366564569615700997e-02 -2.727012137086353913e-02 6.939051603276142483e-03 3.436465529573661665e-02 -8.865162741712739880e-02 -7.688135756723460390e-02 -8.840986575532761016e-02 6.864813011273590559e-02 -4.008882148311092991e-02 -1.304701386642759947e-02 -6.896618745909953441e-02 -7.160837820996825143e-02
-6.998781935195205750e-02 6.064669158156061127e-03 -6.058379598389952714e-02 -4.478248408950214615e-02 -4.178786446905204122e-02 -5.777060836002918809e-02 -7.928395047043998445e-03 1.448442463699027832e-03 -2.737290809415438703e-02 -2.455269101277391883e-02 9.152568391611867749e-02 -3.498300966560666941e-02 6.525373034604348144e-02 2.024989345975982541e-02 -2.705594277282111215e-02 0.000000000000000000e+00 2.060785834352332410e-02 -2.253147822839400224e-02 -7.186733867406894238e-02 -8.444952132439113857e-03 1.114344850812857557e-01 -2.214543351033318452e-02 5.493781863041546920e-02 -8.486247293237743697e-03 -6.004987211711813183e-02 3.737480069422287332e-02 4.954815626959732655e-02 1.096627150862508095e-02 5.337791609172981566e-02 1.770472014664347185e-02 -7.576570619254369143e-02 1.151592237563184851e-01 2.389443199766519074e-02 3.594494766451356016e-02 -3.363001791368889701e-03 -2.175143776913797747e-02 2.438656629802754550e-02 6.860363808717172274e-02 1.001210155537580158e-02 -1.134532660040375174e-01 1.023908292858255742e-01 7.779814031022476428e-02 2.425143975380622888e-02 -3.186853224718024652e-02 -1.439131437949912884e-01 -3.258552957484312645e-02 -2.194877603104744210e-02 1.695884487843422189e-02 -5.622685556752241715e-02 -2.225739567557111914e-02 3.595637474319898774e-02 5.541443909670961537e-02 -1.042576230199659115e-01 3.393890361304481573e-02 -3.193903326477001009e-02 2.662247107129911763e-02 1.577338926673577113e-02 2.225242803388073620e-02 -1.370873347834473087e-02 3.222650533195087208e-02 4.474045249935870716e-02 -7.006274010736644048e-03 -4.915910291989059738e-02 -3.582506800222681059e-02 -5.706174085978472227e-02 8.864075472831187130e-02 -3.264184652698909339e-02 -2.399312284739484394e-02
4.090374115646903952e-02 7.662326056640388072e-02 -3.689482768908684818e-02 -4.558188427639282836e-02 7.194983584186009917e-02 -2.741599082624380027e-02 1.257705106391924024e-02 9.342122302325835820e-03 -1.167390898479243357e-02 -6.013244253979412035e-02 -9.845544793245727955e-02 -3.994863965546038842e-02 -5.076581648476972963e-02 4.217292974220083340e-02 -1.987036731857900682e-02 2.060785834352332410e-02 0.000000000000000000e+00 2.322448425083366644e-02 9.501411085890134819e-03 3.458296393382576973e-03 3.050864448520501301e-02 -4.467663142094133524e-03 -5.664626270206046116e-02 3.393876940368975581e-02 7.018546289536531368e-02 -2.814169212112837323e-03 2.856431425979788150e-02 2.749360317188734998e-02 4.283831930653792842e-03 3.819151558027358839e-02 7.530085138447883963e-02 -2.422599223813530316e-03 4.126183250432824412e-02 -4.387292401443236393e-03 9.115168370622303562e-02 -1.751930318378882787e-03 -4.425533204656493386e-02 -5.548426204081260971e-02 -5.592103877768284104e-02 -1.832636718407673268e-02 4.254678157674312428e-02 4.419126990355955187e-02 7.057350162038150687e-02 -3.043037967356678267e-02 9.532655603797078603e-02 4.400079830642879448e-03 -7.128314526717641035e-03 1.131941440544259776e-02 5.654441462044736827e-02 -5.640908570740896244e-02 -7.378496066118883645e-02 -3.156229390030697822e-03 -3.169210344527721018e-02 1.708706545732745826e-03 -5.014736823646034208e-02 -4.763690386265844595e-02 3.524465659601344614e-02 5.568187061956070966e-02 -2.166073198476925823e-02 -9.230397146595939462e-02 3.692773749071760238e-03 8.007094099937080156e-02 1.255949085884644316e-02 -4.122450487935017810e-02 1.197768530936039588e-03 -1.111124716639490598e-02 -1.713577964753667734e-02 1.753328663850582973e-03
4.432180910568828125e-02 5.798558726433945820e-02 -2.935125043486595461e-02 1.646067700495683350e-02 -1.780028209610894779e-02 5.565777018488517885e-02 4.628320980738781509e-02 5.957605457238207732e-03 -1.716739154731875688e-02 -5.726916608273697334e-03 1.661026580983533327e-02 2.051322362696481397e-02 -6.063139975279989435e-02 2.487524079997035717e-02 -6.876341611558998979e-02 -2.253147822839400224e-02 2.322448425083366644e-02 0.000000000000000000e+00 -4.782159039070310591e-02 -1.270093277027014300e-01 7.131263951552485603e-02 8.382539915509179367e-04 4.782042065745337883e-02 -3.438845527067128233e-02 -5.937432747224635765e-02 1.860625164165849790e-02 -6.776585388301210877e-02 2.913214573198116483e-02 4.225919956881699080e-02 5.917957609802627916e-02 2.075293743171371941e-02 6.277618321680099311e-02 -2.030499009606002644e-02 7.584954299338005079e-02 -1.128372915825146851e-02 5.482692413950477489e-02 9.075973743040043756e-03 1.106205773049109560e-04 1.075322635200657261e-02 4.025070641272776584e-02 -1.479428159273513642e-02 -2.242543669657454542e-03 3.563092573707439537e-02 -1.140420525678545981e-02 5.610787954863899474e-02 2.735649292447846562e-02 5.899945943924082142e-02 -8.262243473570206331e-02 1.831440267712831915e-02 -4.226290153429693858e-02 2.911577384377118244e-02 -4.413533924781963547e-02 7.590918145686031959e-02 3.587486106005922243e-02 1.790950052241009963e-02 9.511505665679595434e-02 2.709899084603640054e-02 -1.714137192915422478e-02 -6.934599717253646725e-03 -1.607460128379639350e-02 3.307578575934239790e-02 -3.354157050003218205e-02 -3.829997690429304963e-02 -2.721746208742826037e-02 7.364365202349969219e-02 6.099435047333795490e-02 3.233032356439504568e-02 6.477256325827790429e-02
-3.680671593287871551e-02 -3.039663555491331926e-03 3.038980730160595334e-02 -2.095958158053275178e-02 4.777357963499345717e-02 2.813889317349242344e-02 9.628432654796387213e-02 1.525814797888594594e-02 3.454377205885394986e-02 7.908767405469299336e-03 9.661590340349041073e-02 5.877203562219547595e-02 -1.868447352193780206e-02 6.910604504626748079e-02 -3.415238967061969694e-02 -7.186733867406894238e-02 9.501411085890134819e-03 -4.782159039070310591e-02 0.000000000000000000e+00 -3.638062928676052965e-02 1.879177597101372357e-03 5.291631219010079802e-03 -4.195304020898936448e-02 -4.028679684163633673e-02 1.512670549773749949e-02 4.581342561460699514e-02 -9.965453840618206105e-03 -2.232024878564192391e-02 1.300333878193058422e-02 3.356939015082460037e-02 7.089960382829076785e-03 -7.195795730120385647e-02 -4.048144446807757507e-02 -4.100030420585613899e-02 -8.679240849833857324e-03 -1.016826870513179611e-02 -2.215986909979389061e-02 4.956872088174953637e-03 -7.027503589070208112e-02 3.646182027204569048e-02 1.013386207737278569e-02 -3.113953042952847736e-02 1.292157808861518244e-02 1.084479945935832024e-01 4.916083538380647266e-02 8.730251627182952778e-02 3.804967741212113286e-02 -1.626502900519449151e-04 -4.471877808202071036e-02 -4.891555495265458540e-03 -2.661512515854229377e-02 -3.318192336596996472e-02 1.417546249756974214e-03 1.805475193398100101e-02 6.419256898545371015e-02 1.987254439253646060e-02 -1.779612521552211279e-01 -9.275184786084027244e-02 4.261835135729505342e-02 -6.291651502016150366e-02 -2.265773546814846447e-03 -3.211526999122310544e-02 5.428065381843036330e-02 1.274313023819990953e-02 5.725538134967672610e-02 2.971817391254414492e-02 -4.532704685954906665e-02 1.680210634990092836e-02
6.146222057192241017e-02 2.096630992628899237e-02 4.803756165680304717e-03 -4.582401926333626307e-02 1.288477188897136109e-03 6.987027892950568864e-02 2.444634285109444777e-02 -4.465782503888936217e-02 2.552182833759455982e-02 3.177345520092138276e-02 6.302135840265833677e-02 -3.733269616182913198e-02 -1.189395730931276651e-01 4.970830134128184988e-03 -2.992283295397865639e-02 -8.444952132439113857e-03 3.458296393382576973e-03 -1.270093277027014300e-01 -3.638062928676052965e-02 0.000000000000000000e+00 -1.809667599520973016e-02 -5.983837378206167956e-02 -2.419102802270167371e-02 -2.376284921642440179e-02 2.349411946883389612e-02 -1.130361610273391930e-02 8.648557515451314737e-02 5.245893958005852509e-02 -7.291891979384977629e-02 -4.273715681721196834e-03 2.091485724869310812e-04 2.047994284368840831e-02 1.648710187834801378e-03 -1.062272212641034337e-02 5.796314100440939227e-02 2.218286278608133655e-02 -7.272387411537475921e-02 -4.532404663044525828e-02 1.236878757555541844e-02 -1.501340392975126538e-02 4.418283628846086247e-02 -4.711742863342704285e-02 1.486254038344294107e-02 1.680588493675387596e-02 1.369787972556976360e-02 -4.094563631321727903e-02 3.508413164219427449e-02 -5.098545342995167845e-02 3.091825604940156777e-02 4.061878726306236698e-02 5.650583384916132643e-03 -3.996280662168223696e-02 4.131404647709288613e-02 -4.226674505782239410e-02 2.657335094038597995e-02 -5.834336352493801198e-02 8.544518278912559273e-02 2.269794763498137954e-02 -7.570161401445055227e-02 6.479903658824617829e-02 6.900038704513386523e-02 -8.144016134214189517e-02 -2.337655416897811093e-03 3.027072316614559666e-03 2.930257807251361590e-02 5.098039774515983336e-02 4.406976311971876753e-02 -1.407531901487534334e-02
3.045940669858409472e-02 9.684597172701345236e-02 2.412327098363142505e-02 -6.186180688486279944e-02 -9.691304255187607741e-02 2.959955795028332975e-02 3.848955171027283306e-03 9.498906660460378765e-03 8.494483395417223859e-03 8.911195475442236502e-02 -1.002194875541062985e-01 -1.967827383665401997e-02 -4.324397656343120788e-02 3.445454665715339676e-02 7.121191271115513699e-02 1.114344850812857557e-01 3.050864448520501301e-02 7.131263951552485603e-02 1.879177597101372357e-03 -1.809667599520973016e-02 0.000000000000000000e+00 7.726723096733510709e-02 6.740988043430037879e-02 5.512254914776206632e-02 -4.443099103896337720e-02 2.508923367772331828e-03 5.884811949499372391e-02 9.776135715862232373e-03 -3.507561556962257576e-02 6.038325206739243722e-02 -1.496607244162903236e-02 7.094773085860894835e-02 2.738775442721986739e-02 -3.491038395276609141e-02 -9.635365873564690972e-03 1.221828117476176246e-03 5.348301813700055696e-02 -3.291978800312160558e-02 5.352051908243027692e-03 1.684507486267158502e-02 7.222024037959479115e-02 -9.486791749576253124e-03 -9.310014511365011236e-02 7.830260909448955725e-03 4.242153020284619019e-02 1.210286630812456394e-03 -2.846855172978924806e-02 2.804651014068994599e-02 7.728573650428544549e-05 -5.575426255417070820e-03 -1.430136509788386238e-02 -2.153736156533288260e-02 -5.260300342616741620e-02 -7.134382299947044509e-03 -8.130074241285907208e-03 2.969748964275724379e-02 7.655516552432073407e-02 -3.453472073821148985e-02 2.598314975335143731e-02 3.371721324457301744e-02 6.798931441376944787e-03 -3.125395471406006154e-02 -1.006640719079610925e-02 -3.769551099229353358e-02 -2.391187219072543960e-02 -6.163918066049367539e-02 2.277069359847838995e-02 2.788306421427997912e-03
1.762263228422742203e-02 4.709875137820578733e-02 -6.592015461000588772e-02 -1.690305904190172667e-02 1.136709329377484506e-01 1.111079714068966863e-02 2.896980398407056692e-02 -6.276195793538352774e-02 3.496500810073500248e-02 -7.394598560146339872e-02 -1.101205653857745270e-02 -6.625983914722760604e-02 4.250122497661173310e-02 1.557631204974682312e-02 3.936380218787346313e-02 -2.214543351033318452e-02 -4.467663142094133524e-03 8.382539915509179367e-04 5.291631219010079802e-03 -5.983837378206167956e-02 7.726723096733510709e-02 0.000000000000000000e+00 3.918665700357011963e-03 8.720990674430986397e-03 3.721224258742843183e-02 5.720940628492476865e-02 -7.279221365854364467e-02 -2.253105076136460716e-02 8.963753742800589785e-02 -8.328099223782092775e-02 -1.243196652926205001e-02 -1.174347748595481848e-02 6.005179573813056171e-02 5.462239978181783473e-02 3.164461348551228168e-03 3.495296525220804862e-02 -2.591983424762528410e-02 8.193845876924531202e-03 -7.032002394706126161e-03 -2.138900591572333310e-02 -8.912660017459372863e-02 -2.005265687879821679e-02 -3.278418514730810363e-02 2.496651612440062978e-02 4.419799827328965182e-03 -3.393871382428911149e-02 -2.061160944171520210e-02 8.528288108020874725e-02 -4.361560129148137933e-04 3.401876665610233108e-02 5.239471516691272118e-02 -5.563744414526840959e-02 -5.079402586469927011e-02 -3.210299916249634983e-03 5.510946802120197940e-02 5.787642779087865362e-03 -3.894563186982001601e-02 -5.421356795967645359e-02 -6.014371801307248633e-02 -2.996172865186613396e-03 -3.021279137690403155e-02 -2.563089806376585983e-02 1.103355438854987554e-02 -1.862455536106655610e-02 4.059141029220637159e-02 -1.599987673097302138e-02 3.919015156294102659e-02 7.703859899438618430e-02
3.066044321215025820e-02 -3.022642197379265139e-03 3.947085853861134752e-02 1.072614755200586040e-03 -9.512655651106866408e-03 6.743525806311507359e-03 -5.639095374099604291e-02 6.914666332303250063e-02 -1.794957836570483262e-03 -5.637515906716394909e-02 7.797788754595587346e-02 3.434118939594092007e-02 2.321431714365405560e-02 -3.551804178635999121e-02 -6.217569377724172647e-02 5.493781863041546920e-02 -5.664626270206046116e-02 4.782042065745337883e-02 -4.195304020898936448e-02 -2.419102802270167371e-02 6.740988043430037879e-02 3.918665700357011963e-03 0.000000000000000000e+00 -2.454835716187201561e-02 -2.525036702560670351e-02 2.123151536743783652e-02 7.814115706470262102e-02 -5.521053084636630762e-03 1.703447868019879533e-02 3.666077261669166421e-02 -5.505449997317030109e-02 1.115154273035742424e-02 2.353171367692277489e-03 -7.491814063931881429e-02 -4.587263151359565611e-02 -6.908611358785154977e-02 6.758064558458500189e-03 2.327775067304472568e-03 3.043927730882987209e-02 6.296157703589530530e-02 5.713390554596858850e-02 2.441695170913882329e-02 4.766584098522653329e-02 2.145200030378471498e-02 -3.067800854625091916e-03 2.895203529727721423e-02 6.188599352539979337e-02 2.415801806351288578e-02 -8.684624180695809173e-03 1.989298474993255600e-02 7.515598300823393696e-02 4.232051136045913292e-02 1.204927144436894748e-01 2.182888709193327864e-02 3.473739830467077044e-02 8.716281350117423277e-02 4.530853652691711059e-02 -1.917265734430696061e-02 -6.988509118034935512e-03 1.509830305558053712e-02 5.540224825717592755e-02 3.831995287469660422e-02 2.429717358104727803e-02 -2.319345493665104715e-02 -7.736296417829094385e-02 -5.462442374420439783e-02 4.081068423003557377e-02 2.825152270272199631e-02
