0.000000000000000000e+00 3.211198666345816549e-02 -3.753858984853218617e-03 -1.807486996007378124e-02 -1.134366933768677158e-02 3.585354242461348540e-02 2.679967264027955168e-02 -4.087689961127787854e-03 3.592479529405569888e-02 3.823449521290585816e-03 -3.355640678818933714e-02 4.672625510246008335e-02 2.323775339472269452e-03 -1.756698972127858707e-02 -5.343516268754251036e-03 -7.068984065158656627e-02 4.081976359037943480e-02 4.403456077178197203e-02 -3.737698657814138292e-02 6.154620660211916616e-02 3.055298710877371593e-02 1.724061965203143448e-02 3.030205497120160713e-02 6.697190508724411295e-02 2.106576845462564476e-02 -3.837788201564902753e-03 -2.204654175329481824e-02 -2.479532726053673350e-02 1.894182852517660443e-02 -2.628575409959678713e-02 -5.858945088406006252e-02 -1.087116808837771190e-02 -6.196201531167157273e-02 -3.274605794202491149e-02 -3.364911894050896107e-02 3.050177063309935863e-02 3.772299534328677623e-02 2.601042324888452190e-02 -3.392716926641335673e-02 1.535387255031570031e-02 5.154000250021328888e-02 -6.809273431473553302e-03 6.140599594432418276e-03 2.472258124136892526e-02 5.384045596572952647e-02 -6.618152236241113540e-02 9.592698584012073273e-03 2.885488403913567118e-02 -4.515721038425977996e-02 5.887733202040731917e-02 3.039381999233647588e-02 -8.970607768324800890e-02 1.543377721956434509e-02 1.399202592185632907e-02 -8.615050946945562726e-02 -8.185228393658827706e-02 4.992393737733878678e-02 -3.162055414483685989e-02 4.616705153704920433e-02 -2.778612405273657437e-02 -4.127233985236022223e-02 -2.595577491247482577e-02 4.758964453972747925e-04 -1.812558690818645915e-02 6.504079596158854337e-02 3.459050635011470462e-03 -1.939666752491845184e-02 1.088797227024150376e-02
3.211198666345816549e-02 0.000000000000000000e+00 -1.051448713235134808e-01 -8.188617761020000607e-02 4.017474647179285208e-02 -4.831342857840495442e-02 -5.442972409122244504e-02 1.443660566297744630e-03 5.954439611090357048e-02 -5.143846984143848888e-02 -4.088213936640101853e-02 1.887116984515070043e-03 8.363472205138355875e-02 -7.564585603241372191e-02 -3.154041237812405668e-02 5.884535561243391805e-03 7.675010119629831207e-02 5.846090170319266643e-02 -3.334445079878468540e-03 2.133616773277083670e-02 9.672067638727788186e-02 4.028598579464483243e-02 -4.345907494563030701e-03 -1.015091339191081903e-02 2.016404516096069813e-02 2.595801105995267435e-02 2.999839827923320851e-03 -3.308969349723049624e-02 -4.593649116879214289e-02 6.599460122433631337e-02 -3.301722835482325241e-03 4.703266039149574945e-02 -2.744465466398697540e-02 1.583965926040125857e-02 -3.946975751842838470e-02 2.173542800627627572e-02 2.441738392230401178e-02 -3.025537563408452549e-02 -6.106312076618505141e-02 6.971514564058271281e-03 -8.728121358158735799e-02 4.434742358939393336e-02 2.729234337276076339e-02 2.450109013947508046e-02 -2.584977062052569788e-02 5.244445186210556879e-03 -1.559262105748895032e-02 -4.002349629461682962e-02 -4.352402549567380152e-02 -3.553817893465094357e-02 4.354487091650965924e-02 2.993718695910104269e-02 -2.481474519078289906e-03 2.755857615956172277e-02 3.309341163105174177e-02 -5.640294460073509708e-02 5.119393196445414657e-02 -8.290357903624456792e-02 -8.711965478672781260e-02 -5.303632744643457797e-02 -8.684162187192579624e-03 -1.917209708810047042e-02 -3.104488340210053918e-02 -1.200389684285651654e-01 -3.814928643593839402e-02 -1.008453009026125981e-02 3.877259526350217839e-02 1.251052165763498758e-01
-3.753858984853218617e-03 -1.051448713235134808e-01 0.000000000000000000e+00 -8.256633138101883429e-03 -7.719898876911682195e-02 1.279157823052292087e-01 1.123750737448211273e-02 5.323431809676933135e-02 -3.029987833624940216e-02 -4.951150367964544247e-02 -1.123774339246490575e-02 2.479980074246108251e-02 -2.828910850579226949e-02 -6.949283816606097522e-03 -2.927207614252452100e-02 -6.312747701959760260e-02 -4.507850242299001053e-02 -2.992224072674902480e-02 3.065167254625380741e-02 4.417698922139395509e-03 1.955837468234720641e-02 -6.561934571076620537e-02 1.231314880836073197e-02 -2.457001161757975394e-02 2.905141095846798353e-03 3.619167316312720765e-03 7.495377507208904333e-02 -1.549389030087200761e-02 -1.129960883369574530e-02 -2.372350284929342079e-02 8.677433179274325614e-02 -6.634942606711949353e-02 7.536028451772883163e-02 -3.869872015234234776e-03 -3.730739100735299719e-03 -8.098093566636024865e-02 1.190389886576550225e-02 -2.470271792539183511e-02 5.786904633510446538e-02 7.186281678992641198e-02 2.325820431010810346e-02 -8.247922937217704031e-02 8.520779920117986517e-02 1.634661112904104568e-02 -2.462137642269073695e-02 -5.737626346102227964e-02 -2.330482319552739864e-02 -4.360747762217105639e-02 -4.348406803550327465e-02 4.323608062903015054e-02 8.289208194877637631e-03 5.159430327164436780e-02 -4.439376738437863373e-02 1.613519703430204080e-02 1.965885528642935878e-02 1.583497755006852553e-02 -6.164210400150722281e-03 1.454115884276202704e-02 -4.993826662020185020e-02 1.944380689437982465e-02 1.723804476941832864e-02 4.657499737077935853e-02 3.658893018254272527e-03 -9.890015669334655674e-03 2.773259952083009100e-02 -7.364938324396437357e-03 -4.661167157701531089e-02 -6.167657535595393037e-02
-1.807486996007378124e-02 -8.188617761020000607e-02 -8.256633138101883429e-03 0.000000000000000000e+00 7.871649902846333813e-03 8.604960698944753893e-04 1.145347637793190688e-02 -9.647230449421011211e-02 3.254063319685174954e-02 5.604992325099642653e-02 2.327277354986481174e-03 -3.846094265171873250e-02 3.987749861905878074e-02 1.594655555170024566e-02 -1.279063498152260836e-02 -4.477870338035282172e-02 -4.507065153224393966e-02 1.682583349340701501e-02 -2.066856943358360080e-02 -5.220739925813711740e-02 -6.234186337096706693e-02 -1.612336665841056921e-02 2.778419830805293773e-03 -2.822813010374193229e-02 -5.137425528398217173e-02 2.727457046359270734e-02 -6.386653152737277461e-02 2.541346534910157023e-02 -4.964798503346190550e-02 2.179102702000106431e-02 6.341464922405501414e-02 -1.165428233482491450e-02 -2.213410667682950972e-02 -2.865162293258012582e-02 -9.127447596028336052e-02 -4.768400931897637945e-02 3.685324396652552015e-02 4.602307784178844702e-02 -2.133231947635634562e-02 1.510492857018050882e-02 -7.191961710364476457e-02 3.292088931792134382e-02 -1.120556785091671448e-01 3.927873044285466742e-02 -5.455722197873448531e-02 -3.542555390840736174e-02 -6.448021555276703919e-03 -8.665090974268159496e-02 -4.764370773339464404e-02 4.751240954816427636e-02 -4.782641915358452900e-02 8.525303018396664101e-02 -1.398500019610105297e-02 -3.433844330457261340e-02 2.841184004805826294e-02 3.578506835416172399e-02 3.029345381369216023e-02 3.197961096956456611e-02 6.676056750307597654e-02 -2.369404296133052756e-02 2.040656789619053196e-02 1.306243657795523594e-02 -3.082361268752231882e-03 -9.731875317524155133e-02 -9.421303255307329760e-03 7.746396107843447898e-02 -6.211281261129365100e-02 -3.768910998472825569e-02
-1.134366933768677158e-02 4.017474647179285208e-02 -7.719898876911682195e-02 7.871649902846333813e-03 0.000000000000000000e+00 -2.435515780393746402e-02 -5.098178937911056197e-02 7.163695035134007294e-02 6.221641433670718063e-02 -1.605490140211979179e-03 1.008164394003685559e-03 -5.721801082724344706e-02 -8.791143444279851671e-02 -1.246962335385206266e-03 -6.256328610993600048e-02 -4.158319938907428792e-02 7.174149173137608915e-02 -1.781501448736003135e-02 4.756605970422418672e-02 1.448627463425068793e-03 -9.711205555797806921e-02 1.133771124005077124e-01 -6.845589300693095437e-03 -4.806826133607070006e-03 2.218707241632294786e-03 -4.868548683785374996e-03 6.027921149279448498e-02 -1.609778513454968030e-02 5.338112186744986554e-02 -2.026109854793359255e-03 2.786375980716839992e-02 1.124572398983371135e-01 8.503611018675135552e-03 8.373938147544723876e-02 5.797332908009295016e-02 1.891756018000200282e-02 -9.872088834278346103e-02 3.545728126836694000e-02 -8.067850022146149172e-03 -7.828124624160044676e-02 -4.241390642887137019e-02 1.428070324206222449e-03 1.385917078836149466e-02 4.977151939951875853e-02 -1.635719058150207628e-02 1.741345504305007869e-02 8.273808087023291902e-03 -5.849242692910303076e-03 7.342772091592313088e-02 2.291561059558862995e-02 -3.442607318251589277e-02 -3.101612278457048857e-02 -4.454907167738773183e-02 1.543270835702754626e-02 1.782901600487087762e-02 -5.357443493899789744e-02 -8.506633990477829865e-02 -1.349731250779713900e-03 6.092810558827491119e-02 -4.034913851138603041e-02 -3.076272543085945693e-02 -2.825184586879757667e-02 -7.559933208100094726e-02 -2.045974036349541489e-02 8.767124755936586689e-02 7.168991012447212263e-02 1.509447265064549695e-02 2.627110891995755246e-02
3.585354242461348540e-02 -4.831342857840495442e-02 1.279157823052292087e-01 8.604960698944753893e-04 -2.435515780393746402e-02 0.000000000000000000e+00 6.859586244893187135e-02 3.087905373516278834e-02 2.427936227327895727e-02 3.384343386566696088e-02 1.871149339281366966e-02 6.738114550922845447e-02 -8.637639296886894316e-03 -3.575089477416911604e-02 -1.471397542328619322e-02 -5.796841526767938790e-02 -2.833342951734299855e-02 5.526949582758026308e-02 2.751529588224312095e-02 6.977873729432550187e-02 2.931035876499026027e-02 1.171164726138145679e-02 4.498699570685357578e-03 5.670615841550617764e-02 -5.986417958964871527e-02 1.098618829793815005e-01 1.117929579337087129e-02 -4.621272580253754647e-02 1.302998581528690310e-03 -3.254636424592888266e-02 3.422530480962351213e-02 4.527932580776992261e-02 -5.890927629037681114e-03 3.402898413019157624e-03 6.159843914510206020e-02 -3.121414318607408644e-02 -4.430382158619938088e-02 7.095369481371866655e-03 5.691223970514554947e-02 1.145065236392541277e-02 1.349075899128323597e-01 2.740181116175662707e-02 1.205966581912752168e-02 -3.363084755158740613e-02 -1.001387753194709664e-02 -5.408618290515962435e-02 4.742553592315728456e-02 8.472247244053880688e-02 -7.200737061292251939e-02 -6.017277769523037001e-02 -2.087534809203147896e-03 -4.932314212342429893e-02 1.820606180364698484e-02 8.304732021386709850e-02 -6.411671752972683547e-02 7.166866236535164580e-02 4.139727908392983741e-02 4.725331313292721776e-03 1.443588812508208273e-02 -3.620094436697572637e-02 3.175517954212869753e-02 1.347330993939146364e-03 -6.221273933349558138e-02 3.048915121754723276e-02 4.082059302336847606e-02 2.494961235191832730e-02 -1.951259772440272489e-02 2.604006541423777303e-04
2.679967264027955168e-02 -5.442972409122244504e-02 1.123750737448211273e-02 1.145347637793190688e-02 -5.098178937911056197e-02 6.859586244893187135e-02 0.000000000000000000e+00 -6.861006866424088080e-02 2.866464732415688853e-03 2.694648029304233874e-02 8.936679766241946085e-03 1.022485809347900287e-01 2.420901704605825377e-02 8.010831826123296362e-02 -3.311065747267577519e-02 -8.653039388709121704e-03 1.134536462820053167e-02 4.405419729083365904e-02 9.514808534652335892e-02 2.300684856124442582e-02 6.728191701465191174e-04 3.035109105200392912e-02 -6.013151764951615158e-02 3.275625320657138406e-02 -1.971244105544585346e-02 2.094022551996313139e-02 -5.418361046879478088e-02 -6.104111137661702956e-03 6.065252421222894208e-02 -1.214693067216557620e-01 9.563228365402120026e-03 -6.774459705470493691e-03 4.559757323427977155e-02 -5.578172855679567298e-03 -2.385482549087270671e-02 1.762616853856277185e-02 -2.551305213527085142e-03 -3.161348651655641884e-02 2.202428150667417803e-02 -5.307056591490597053e-02 -1.561766188523054134e-02 -4.720962084030033007e-02 2.926697975328410029e-02 -1.565955882236168273e-02 2.732225334698511893e-02 -3.313532588827158842e-02 7.301338073656132854e-02 4.831724816998883565e-02 -4.615625657745767857e-02 7.548028409781298853e-02 3.071421934244504201e-02 -3.965691127746489436e-02 6.684403994687189605e-03 -5.659616172862513145e-02 9.292838214833631927e-02 8.333683598673900100e-03 2.650219769255202085e-02 -6.094500619387791798e-04 2.905737354131495559e-02 -7.268776429425914676e-02 5.368394868912546719e-02 8.001206376501427547e-03 7.777159653365729730e-02 -1.534381600516034234e-02 -7.775358560332633340e-02 -2.689810908672652864e-02 8.727535225579109712e-02 1.855123559466625646e-02
-4.087689961127787854e-03 1.443660566297744630e-03 5.323431809676933135e-02 -9.647230449421011211e-02 7.163695035134007294e-02 3.087905373516278834e-02 -6.861006866424088080e-02 0.000000000000000000e+00 1.003627646820812180e-02 -1.424129458123894916e-02 4.372053797483440446e-02 -7.063317218401503339e-02 1.847742030993484302e-02 -1.362781737338727463e-02 1.748245767182299293e-02 1.509480309687787677e-03 6.691490397168446159e-03 5.039906751449377796e-03 1.419845393244577314e-02 -4.478257027572835058e-02 6.458592854173553915e-03 -6.275159734442439796e-02 6.587264386057964383e-02 -1.563150272866173016e-02 4.958912413844410172e-02 -3.518437921849323219e-02 -1.021638400062999975e-02 8.942339369231940005e-02 -6.973355532179153701e-03 6.910912772268901216e-02 3.553363548569341696e-02 3.035212806207076425e-02 1.099945036142812877e-03 8.851956812996779334e-02 -5.096194631534127495e-02 -6.158388803083299223e-02 -9.912219328940068130e-02 -1.448182052830160327e-02 1.946961601291840455e-02 3.584703585209839116e-02 3.648373491210278596e-02 -4.581597737138878162e-02 -2.600725836483765846e-03 3.622900455374670342e-02 4.798245131918253692e-02 -9.154444842701434104e-03 -6.596355033885219210e-02 2.804220922032751515e-02 -1.017724173748614687e-02 -1.359086855335178007e-02 -3.611264692187450553e-02 -9.349873665034813541e-03 -5.904131309539416284e-02 7.630078620341036559e-03 1.090172307321534383e-02 3.593393451360402113e-02 -4.321265979735451623e-02 6.924416612187062059e-02 -6.750192624969523526e-04 -5.312912062331599100e-02 1.226929650850815297e-02 6.776928789543562592e-02 2.461671129774310740e-02 -1.554734274507053914e-03 -2.927805221809575819e-03 -1.286814071131405224e-01 3.879439206331060375e-02 -5.837674666341083167e-03
3.592479529405569888e-02 5.954439611090357048e-02 -3.029987833624940216e-02 3.254063319685174954e-02 6.221641433670718063e-02 2.427936227327895727e-02 2.866464732415688853e-03 1.003627646820812180e-02 0.000000000000000000e+00 8.343470413788764070e-03 -5.104999400909403934e-02 -2.311441348423328834e-03 -3.850592126674415999e-02 1.902521320026806517e-02 9.693181931118153433e-03 -2.657782933493079564e-02 -1.073968521515605498e-02 -1.676522644581047300e-02 3.506648468374023303e-02 2.528899417197555746e-02 9.256825387607456324e-03 3.141508440876989577e-02 1.064508752805076990e-03 7.775534205362198345e-03 2.420023933760279133e-02 -4.450130910542295787e-02 -1.491977655480770382e-01 -2.090357438315358293e-02 -3.830836783259000677e-02 -6.876451152814117007e-02 1.841770306752458022e-02 -4.106256255236852455e-03 -5.247309823026853615e-02 -1.049461411838109419e-02 4.221596933172471616e-02 9.464833174804383742e-02 -5.798145172914935530e-02 -6.441367497225930494e-02 -3.706957149284426795e-02 -3.933707822275486071e-02 -7.719797552219819815e-03 3.053614519351361464e-03 -4.758862855131417921e-03 -9.550648897776257973e-02 2.224229013460177207e-02 4.851825872941743778e-03 7.004401518258134007e-02 5.519141440075930882e-02 -2.509354092697286404e-02 -6.691504756091658495e-04 -1.179446397265432600e-01 -3.778823721637655092e-02 1.070501033496659149e-01 -9.391487044324565298e-03 9.582314753373564684e-03 6.957333887202980793e-02 -1.700796155251030686e-02 9.108980064968052667e-03 1.048074831089695381e-02 7.881777742880327620e-02 -9.005051774259602293e-02 -2.876748760182267287e-02 6.334022125136236359e-02 -4.192005108239970322e-03 -4.581057855400626905e-02 -2.462362858950626829e-03 3.431642401023290989e-02 -6.520211517741886231e-02
3.823449521290585816e-03 -5.143846984143848888e-02 -4.951150367964544247e-02 5.604992325099642653e-02 -1.605490140211979179e-03 3.384343386566696088e-02 2.694648029304233874e-02 -1.424129458123894916e-02 8.343470413788764070e-03 0.000000000000000000e+00 5.123397597653768509e-02 1.369804150747792534e-02 -4.168990298786957871e-02 5.304502270877178849e-02 8.231605034727269149e-03 -2.394217012600116309e-02 -5.955115345966574547e-02 -7.019206888787998984e-03 6.624413082529666263e-03 2.795018380978029141e-02 9.019948735187915956e-02 -7.376177165135362757e-02 -5.592519439498663120e-02 8.353811571588576346e-02 -1.154693162157645667e-04 -6.024601501407363113e-02 1.450277473347588893e-02 2.897572836356340775e-02 -3.089728159149857101e-02 -2.206624574119796581e-02 -8.510995303381512986e-03 -2.275828547504619992e-02 -2.967250791552149963e-02 8.952831042759106656e-03 6.612550581496309809e-02 -3.537688669627389593e-02 2.347909445077315041e-02 -3.515157796463710266e-02 -6.116864848322801917e-02 -4.079405554793113370e-02 5.426139705741406249e-03 -9.671371939578791987e-02 -1.286761253702709829e-01 3.684262418405880035e-02 -2.330659589996542796e-02 3.823664368694149746e-02 -2.065757899928857486e-02 -4.448885583345202344e-02 -7.306260815990771318e-02 -1.328724191009273553e-02 -4.269693879625884037e-02 -5.534998874261420204e-02 5.256183934072140157e-02 -5.047019107084519535e-02 -2.283210783964385523e-02 -2.915063541289775184e-02 -3.418014429312930119e-02 9.345783510800112145e-03 2.161743654004405490e-02 1.434287010265062300e-02 -3.584196021753136702e-02 1.552195655934714017e-03 -8.283781672709429611e-02 -4.045374642818551358e-02 4.046668189742644306e-02 -2.398522820026972174e-02 -5.258870389122313055e-02 -2.672279189750913914e-02
-3.355640678818933714e-02 -4.088213936640101853e-02 -1.123774339246490575e-02 2.327277354986481174e-03 1.008164394003685559e-03 1.871149339281366966e-02 8.936679766241946085e-03 4.372053797483440446e-02 -5.104999400909403934e-02 5.123397597653768509e-02 0.000000000000000000e+00 2.483591370380970609e-02 -4.909859299974524832e-02 5.220979049949615869e-02 1.518584412589107056e-02 9.146586479722525198e-02 -9.939939616994770966e-02 1.153572332750133107e-02 9.538350047808853704e-02 6.355054792453179724e-02 -1.018062217001817621e-01 -1.111557762663333351e-02 8.022440491369177418e-02 -1.307605989190787146e-02 3.744838887585762166e-02 6.754859921133056500e-02 -4.434002115555472912e-02 -3.931026493774405703e-03 6.094062450478736348e-02 -1.672252240748191982e-02 -9.913291329265805363e-02 2.148149470169395669e-02 2.334294661963329243e-02 8.896883397284069406e-02 2.441732587336063048e-02 -6.750248296862661201e-02 2.875997397689899603e-03 1.175522232345469799e-02 -2.008874130453506407e-02 2.428840835518083358e-02 -5.084745963161785981e-02 5.908761194301032083e-02 3.579577236565933962e-02 5.655701120101477852e-02 -3.972105896419064058e-02 -4.188496035312195415e-02 5.708211481805845755e-02 1.297646687981999537e-02 -6.036593008426695273e-02 4.050822791605287326e-02 5.107398382139666237e-03 -1.968298762430335108e-02 -4.763569105589067487e-02 6.384547093433554088e-02 -9.030585574593592152e-03 -2.960716236559821773e-02 -3.352857584421426590e-02 -7.760189848230318252e-03 -5.365790575190292760e-02 1.902641598923246469e-02 -1.617607613244400819e-02 -4.449801312713529827e-02 2.233935900214874693e-03 4.224030205081078654e-02 -1.717617648581477169e-02 3.970892578300688758e-02 -8.822975879696333401e-02 -5.333344722728147053e-02
4.672625510246008335e-02 1.887116984515070043e-03 2.479980074246108251e-02 -3.846094265171873250e-02 -5.721801082724344706e-02 6.738114550922845447e-02 1.022485809347900287e-01 -7.063317218401503339e-02 -2.311441348423328834e-03 1.369804150747792534e-02 2.483591370380970609e-02 0.000000000000000000e+00 1.045006719548080727e-02 3.180771463733782223e-02 -1.384364198327499296e-02 -3.470142052047677644e-02 -4.039616927608426916e-02 1.963812381679913219e-02 5.881320269663270484e-02 -4.163924098814973662e-02 -2.008417428097348384e-02 -6.616010301213562372e-02 3.548617040575310910e-02 2.869339184778524343e-02 3.279845887434691335e-05 -2.541642131917900074e-02 1.445987831799292259e-02 -4.490682927932679314e-02 6.548736738467003660e-02 -1.711645163932468128e-02 -6.373091008554808423e-02 6.005754755218961627e-02 -6.877793606484927658e-02 -5.977835178702918702e-03 6.712949527680038553e-02 -6.383769062296801300e-02 -4.953281588893769516e-02 -1.707850429626437544e-02 2.623485802229778840e-02 -9.449545622363887676e-02 3.078805987090729723e-02 -3.729366322443699450e-02 -4.378185427736940721e-02 -3.574799569437741784e-03 8.720492213690929362e-02 8.312133832856564986e-02 2.025786793716020592e-02 -6.658137746049749839e-02 4.026454660817745806e-02 2.186804740344679837e-02 -8.465829950203115906e-02 4.586453754094227918e-03 4.199477600627955776e-02 7.344916814455944298e-02 -1.246209412060333283e-02 2.113793432137643299e-02 -1.057122461797678076e-01 -1.904509475058217133e-02 -1.272869995108844715e-02 -2.588467038626138597e-02 3.061205915440335865e-02 -5.731697024286144110e-02 4.295046271344011429e-02 6.063732313539293983e-03 -4.248061160310594858e-02 -1.230235292117293211e-02 -8.179192124830771127e-02 9.793192430633770873e-02
2.323775339472269452e-03 8.363472205138355875e-02 -2.828910850579226949e-02 3.987749861905878074e-02 -8.791143444279851671e-02 -8.637639296886894316e-03 2.420901704605825377e-02 1.847742030993484302e-02 -3.850592126674415999e-02 -4.168990298786957871e-02 -4.909859299974524832e-02 1.045006719548080727e-02 0.000000000000000000e+00 -3.386538294565276386e-02 3.135574274097600173e-02 6.536091337516546085e-02 -5.062146447043685410e-02 -6.106034821920898470e-02 -1.876770734885048822e-02 -1.194409560319375091e-01 -4.355591943608611710e-02 4.162280364737653421e-02 2.468572684785816720e-02 -4.032192708846614633e-03 -4.210758790480037539e-02 3.709241072956576124e-02 -5.850143960349318134e-02 -1.732562659621094195e-02 -9.535607794369245493e-03 2.899120538656085877e-02 2.158696676383213206e-02 -3.718589949081722162e-02 -2.586646063116216851e-02 -5.707132672079439587e-04 2.266239578220811263e-03 2.845697694503974626e-02 1.339886745279180724e-01 9.639942910324089675e-02 -4.286170780591403578e-02 -4.030092258952442524e-02 -7.118424110501128145e-03 -2.505050429409098195e-02 -7.192409066851204735e-02 -4.553444531617385771e-02 -1.507064253076267624e-01 -2.093732842924192830e-02 -8.567597673174552272e-03 -1.097388835216325104e-02 -2.823400714864011604e-02 -1.266954465074874858e-01 -2.930293454824891078e-02 1.722454864234453098e-02 -8.158814679887441829e-03 -6.926188891798061575e-02 -3.103387060407651957e-02 6.205908451676627087e-03 1.115567590049655090e-02 2.951376408494155515e-02 -1.119471062683228268e-01 -4.782894677236229630e-02 6.497071968881709680e-02 6.471929939669940346e-02 -2.472440985401232888e-02 8.270826563689824204e-03 -5.233257344979063558e-02 -4.439178353869680654e-02 2.329688439168968450e-02 4.233622179768396776e-02
-1.756698972127858707e-02 -7.564585603241372191e-02 -6.949283816606097522e-03 1.594655555170024566e-02 -1.246962335385206266e-03 -3.575089477416911604e-02 8.010831826123296362e-02 -1.362781737338727463e-02 1.902521320026806517e-02 5.304502270877178849e-02 5.220979049949615869e-02 3.180771463733782223e-02 -3.386538294565276386e-02 0.000000000000000000e+00 3.360884860444438016e-02 2.030234642902455783e-02 3.989535331824309305e-02 2.326804072800751910e-02 6.820111774496094570e-02 4.883055828731254489e-03 3.416490406619729359e-02 1.589349980077446253e-02 -4.072074054074647370e-02 3.916628962654107159e-04 1.308788288800082772e-02 8.435091330643854773e-03 -3.172452821880070162e-02 -1.749641364950230149e-02 5.333362220833429146e-02 -2.506133233513075428e-03 -5.753303274307298640e-03 -3.721224320580836936e-02 2.688693168314935933e-02 7.224260546097877565e-03 2.821631183810070082e-02 -4.311539930031443868e-02 -3.552893490789592323e-02 3.160466430817170103e-02 1.772525966628973881e-02 -2.733363693421907853e-02 -5.907056433667523532e-02 -2.913622731947258099e-02 -2.932537904508371665e-02 2.651618872350968575e-02 8.607462142502703140e-02 2.846821143703552603e-02 1.601679481198001881e-02 -1.101533942393731202e-01 5.704864951561741671e-02 1.196363554168913650e-02 2.867675261971108086e-02 -1.226044514783967894e-05 -1.299577489641343293e-02 -8.308616391358515652e-02 -4.253820074961242245e-03 4.586321216820581775e-02 -2.897782535777653976e-02 3.740975323379006068e-02 -6.320383104305990485e-02 -7.723247782364051073e-03 -3.830909136444718421e-02 -4.459398253197656425e-02 7.326134325032777894e-02 -1.153385650850067279e-01 -1.493690010992704091e-02 -2.142608294035390493e-02 -5.869554502234509974e-02 -6.579420780301425964e-02
-5.343516268754251036e-03 -3.154041237812405668e-02 -2.927207614252452100e-02 -1.279063498152260836e-02 -6.256328610993600048e-02 -1.471397542328619322e-02 -3.311065747267577519e-02 1.748245767182299293e-02 9.693181931118153433e-03 8.231605034727269149e-03 1.518584412589107056e-02 -1.384364198327499296e-02 3.135574274097600173e-02 3.360884860444438016e-02 0.000000000000000000e+00 -2.667697700018239679e-02 -1.926474045030152071e-02 -6.883738085104040838e-02 -3.441735891399819863e-02 -2.997149447749232476e-02 7.239335688206634256e-02 3.894340055135658840e-02 -6.279387615840761883e-02 8.817988270861529254e-02 3.399722090244906153e-02 3.393259064582163087e-02 -6.423702949593776412e-02 -5.350479872073938409e-02 4.974779994816880963e-02 1.592801740360128698e-02 2.414598520096884401e-02 -8.536429264831507657e-02 2.942564517741239061e-02 5.271439541500812231e-02 6.792984867116763636e-02 -2.019136750406761230e-02 -1.061874192356540916e-02 2.614607029251630761e-03 -8.412924872031223023e-02 -3.621578395124441102e-02 -2.323385879536351076e-02 -4.486205916873090005e-02 -4.730141249653869312e-02 -5.321194330279519630e-02 -5.700071195670638330e-02 4.358263926133456451e-02 7.742825623261919560e-03 5.640826465102653786e-02 9.903629859037038283e-03 1.904146082289517525e-02 3.268341118464908324e-02 2.047194795874766188e-02 1.794927314071490324e-02 9.116094860552172857e-03 4.461753253431109678e-02 -1.765651502672791612e-02 4.480871209276301309e-02 -2.658495744545487025e-02 6.962839406922755221e-03 3.574515732467040824e-02 -8.556187925241331982e-02 -7.632404151412751359e-02 -8.795898184190895086e-02 6.901624562231382931e-02 -4.006325351080035346e-02 -1.266831945313107687e-02 -6.870291679730611278e-02 -7.074575080851971953e-02
-7.068984065158656627e-02 5.884535561243391805e-03 -6.312747701959760260e-02 -4.477870338035282172e-02 -4.158319938907428792e-02 -5.796841526767938790e-02 -8.653039388709121704e-03 1.509480309687787677e-03 -2.657782933493079564e-02 -2.394217012600116309e-02 9.146586479722525198e-02 -3.470142052047677644e-02 6.536091337516546085e-02 2.030234642902455783e-02 -2.667697700018239679e-02 0.000000000000000000e+00 2.008781540709218827e-02 -2.284043480398466677e-02 -7.124395073309595927e-02 -8.951995527263417740e-03 1.065764526116484978e-01 -2.442277800691686207e-02 4.431702101414883299e-02 -1.080297776647128234e-02 -6.020429154919093584e-02 3.680224362255934273e-02 3.759075756060509255e-02 9.748276016004761915e-03 5.246603952928358128e-02 1.627364881370068489e-02 -7.617812823975084191e-02 1.153101610248126879e-01 2.346059469484094301e-02 3.556909609154352420e-02 -3.538036402032069573e-03 -2.264112928435099703e-02 2.340263425440126596e-02 6.899537332266222900e-02 9.025082535215885743e-03 -1.145118276981114819e-01 1.018958128165197152e-01 7.835347675351360397e-02 2.412696062874972180e-02 -3.223065843814065801e-02 -1.442564574456205728e-01 -3.245614181228840406e-02 -2.203483371583536340e-02 1.572378546173965053e-02 -5.615702783507047630e-02 -3.021281296042346853e-02 3.543084042829389851e-02 5.511567483945410684e-02 -1.043728265628991458e-01 3.362399126660562537e-02 -3.318222583366396000e-02 2.549613834146035457e-02 5.474878454326292596e-03 2.133408831332846145e-02 -1.358656973450656641e-02 3.119793876361554377e-02 3.563450011977874199e-02 -8.573168490565771099e-03 -4.915660253336001650e-02 -3.629296355083793529e-02 -5.673697124578249568e-02 8.961608634898757253e-02 -3.328893642622391541e-02 -2.392397508017858263e-02
4.081976359037943480e-02 7.675010119629831207e-02 -4.507850242299001053e-02 -4.507065153224393966e-02 7.174149173137608915e-02 -2.833342951734299855e-02 1.134536462820053167e-02 6.691490397168446159e-03 -1.073968521515605498e-02 -5.955115345966574547e-02 -9.939939616994770966e-02 -4.039616927608426916e-02 -5.062146447043685410e-02 3.989535331824309305e-02 -1.926474045030152071e-02 2.008781540709218827e-02 0.000000000000000000e+00 2.357835832382690691e-02 3.872931653088450971e-03 3.544484712588556827e-03 2.923785069718701918e-02 -4.418400609246878920e-03 -7.148028999373504111e-02 3.300814036750600311e-02 7.031403844080831578e-02 -8.731388065786313546e-03 1.488495757293364224e-02 2.629383198529202867e-02 1.816495319912337075e-03 3.636276499984690547e-02 7.476532481675897401e-02 -1.700930938162823272e-03 4.058796137074217186e-02 -7.180737755296389205e-03 9.113904345892991088e-02 -1.289965094627755406e-03 -4.371343833984922544e-02 -5.596918038383112692e-02 -5.722412710588088008e-02 -2.003343926658877547e-02 4.053917918065845505e-02 4.512994744855617496e-02 6.957053734957267810e-02 -3.193204173112874911e-02 9.485569293133477853e-02 3.747294299527208564e-03 -7.023729346765029274e-03 1.083369528892010221e-02 5.679534922612355236e-02 -5.714006151742660050e-02 -7.429056777374805354e-02 -3.980271108409879667e-03 -3.121340834221838362e-02 1.924181479382373276e-03 -5.118458250008296045e-02 -4.773082262265798681e-02 3.816894072641633523e-02 5.468536946291664008e-02 -2.108162209048649802e-02 -9.200655344918523548e-02 -8.381407950299135613e-04 7.942915913717181475e-02 1.249753513733559314e-02 -4.164179474743141818e-02 1.445414924190892118e-03 -1.085999106019792070e-02 -1.729211934683817439e-02 7.064507170345214531e-04
4.403456077178197203e-02 5.846090170319266643e-02 -2.992224072674902480e-02 1.682583349340701501e-02 -1.781501448736003135e-02 5.526949582758026308e-02 4.405419729083365904e-02 5.039906751449377796e-03 -1.676522644581047300e-02 -7.019206888787998984e-03 1.153572332750133107e-02 1.963812381679913219e-02 -6.106034821920898470e-02 2.326804072800751910e-02 -6.883738085104040838e-02 -2.284043480398466677e-02 2.357835832382690691e-02 0.000000000000000000e+00 -5.167534638608596576e-02 -1.271050234300780124e-01 7.030852055236103126e-02 7.254767156132767162e-04 4.687102008703473294e-02 -3.416170056673674404e-02 -5.934646988911434357e-02 1.514090384625948159e-02 -7.322863864387074706e-02 2.750210163487405018e-02 4.036733702448631889e-02 5.766320626229675533e-02 2.081852936671522991e-02 6.270914344061043200e-02 -2.065529178380440603e-02 7.329809388018593275e-02 -1.099567299338318101e-02 5.479427585565527919e-02 8.759442112144948805e-03 8.351530010420306024e-05 1.065824594780699283e-02 4.016863976816078402e-02 -1.327454035028290645e-02 -1.935418227154578731e-03 3.526568900614298480e-02 -1.194207063271608867e-02 5.550350537290196090e-02 2.709970605010325606e-02 5.853008960100131858e-02 -8.255342912181537485e-02 1.831930401678634815e-02 -4.274425744940398009e-02 2.878965034178830595e-02 -4.443253026613517426e-02 7.596824571487681421e-02 3.573946066365307067e-02 1.761435351674337998e-02 9.514201666256646983e-02 2.718497891918866816e-02 -1.704892351127447123e-02 -7.252776582619509770e-03 -1.668084732876473630e-02 3.868504755686466567e-02 -3.317130064072364853e-02 -3.820654883330981688e-02 -2.699193934018383895e-02 7.337278120764471889e-02 6.050048454492566730e-02 3.266756285624718842e-02 6.410243397002472754e-02
-3.737698657814138292e-02 -3.334445079878468540e-03 3.065167254625380741e-02 -2.066856943358360080e-02 4.756605970422418672e-02 2.751529588224312095e-02 9.514808534652335892e-02 1.419845393244577314e-02 3.506648468374023303e-02 6.624413082529666263e-03 9.538350047808853704e-02 5.881320269663270484e-02 -1.876770734885048822e-02 6.820111774496094570e-02 -3.441735891399819863e-02 -7.124395073309595927e-02 3.872931653088450971e-03 -5.167534638608596576e-02 0.000000000000000000e+00 -3.630219374108801383e-02 2.530979283563896363e-03 5.267600330420433956e-03 -4.095521783920130776e-02 -3.921963211947340072e-02 1.519446186448541319e-02 3.989407032789489549e-02 -1.018969032192051233e-02 -2.412800563953653235e-02 1.147587112091763908e-02 3.282111856207924755e-02 6.600685261142092558e-03 -7.205988738247373626e-02 -4.083626574487770472e-02 -4.691494774355295383e-02 -9.231734299513395109e-03 -1.013564112723316056e-02 -1.996390423015259943e-02 5.151797787566634798e-03 -7.012893828160256249e-02 3.604259091329968523e-02 1.052292691674784099e-02 -3.173798414706740373e-02 1.293104326527455203e-02 1.079766435787070655e-01 4.844576526572040576e-02 8.725199652697528119e-02 3.768228967188136380e-02 -4.009831857166671894e-04 -4.485618680148853454e-02 -3.022394292076336936e-03 -2.577492996140721276e-02 -3.329963800909876981e-02 1.886285860530317274e-03 1.766362775719322598e-02 6.691362320210052228e-02 2.055505749521501987e-02 -1.775827972291135481e-01 -9.226875893368052806e-02 4.271350417174053088e-02 -6.225824285517357615e-02 5.098062998364136364e-04 -3.135485263849688981e-02 5.460158062158764619e-02 1.288278820810466116e-02 5.698249767703511548e-02 2.948545121507389552e-02 -4.554170381690533093e-02 1.598728784591355381e-02
6.154620660211916616e-02 2.133616773277083670e-02 4.417698922139395509e-03 -5.220739925813711740e-02 1.448627463425068793e-03 6.977873729432550187e-02 2.300684856124442582e-02 -4.478257027572835058e-02 2.528899417197555746e-02 2.795018380978029141e-02 6.355054792453179724e-02 -4.163924098814973662e-02 -1.194409560319375091e-01 4.883055828731254489e-03 -2.997149447749232476e-02 -8.951995527263417740e-03 3.544484712588556827e-03 -1.271050234300780124e-01 -3.630219374108801383e-02 0.000000000000000000e+00 -1.803389517384208426e-02 -5.966422980057349557e-02 -2.595491138006414747e-02 -2.520692223222230355e-02 2.368273023859205142e-02 -1.218316830777418404e-02 8.266059216115985431e-02 5.184859610983678230e-02 -7.325494909341916105e-02 -4.122301488482255603e-03 -1.278002318346483512e-05 2.056962337961612888e-02 2.184804099380704447e-03 -1.031472608161662814e-02 5.815133747950704951e-02 2.252310222024919359e-02 -7.488038764646763601e-02 -4.537959020198865240e-02 1.236365087137595610e-02 -1.458786382048245407e-02 4.604305627335190942e-02 -4.677839604196142032e-02 1.560284392487816356e-02 1.644707971506238070e-02 1.374326771777099714e-02 -4.121069658437423455e-02 3.503767122535047379e-02 -5.080375731474318091e-02 3.109289487842555044e-02 3.970282180660479610e-02 5.466185003153817626e-03 -4.032159377233013320e-02 4.101004466741252352e-02 -4.232522141334105897e-02 2.585388544133681091e-02 -5.872044788930440989e-02 8.509515057123782922e-02 2.355548032215576751e-02 -7.610088864282836540e-02 6.437619678831038583e-02 6.280209556754130784e-02 -8.373497960917385130e-02 -2.330755012994691153e-03 3.281775776613973447e-03 2.905250218550478603e-02 5.089193763039626117e-02 4.463037304431273500e-02 -1.466536282181277878e-02
3.055298710877371593e-02 9.672067638727788186e-02 1.955837468234720641e-02 -6.234186337096706693e-02 -9.711205555797806921e-02 2.931035876499026027e-02 6.728191701465191174e-04 6.458592854173553915e-03 9.256825387607456324e-03 9.019948735187915956e-02 -1.018062217001817621e-01 -2.008417428097348384e-02 -4.355591943608611710e-02 3.416490406619729359e-02 7.239335688206634256e-02 1.065764526116484978e-01 2.923785069718701918e-02 7.030852055236103126e-02 2.530979283563896363e-03 -1.803389517384208426e-02 0.000000000000000000e+00 7.732660292787103817e-02 3.438316815384778041e-02 5.452240094258760383e-02 -4.438188093426469888e-02 7.358345902680682449e-04 5.615812288352847043e-02 -4.334505654978659740e-04 -3.787672961659420412e-02 4.667979149156651492e-02 -1.399009643850436350e-02 7.105095909458010450e-02 2.691589405831348175e-02 -3.793850926452978223e-02 -9.273799499917001130e-03 3.093219425550324930e-03 5.249770850161566277e-02 -3.289637098563860662e-02 4.951087476584621443e-03 1.613200438984461332e-02 7.086211915146319040e-02 -1.047636482124233472e-02 -9.410954470749821610e-02 7.452869756820318208e-03 4.320037816524039537e-02 2.036919264814428514e-03 -2.918902527476261582e-02 2.778817995977666405e-02 5.313644231100302920e-04 -9.096585968539589589e-03 -1.649175835382864913e-02 -2.251125519259960725e-02 -5.403165973092975694e-02 -6.881875375583799276e-03 -1.255787593875154311e-02 2.785680719595627630e-02 7.240959198430049759e-02 -3.560504413762263093e-02 2.646241662251537508e-02 3.319510368143974849e-02 -4.312776265822769873e-04 -3.516824567192383677e-02 -1.072572390771234056e-02 -3.772886018606206454e-02 -2.280509442989878469e-02 -6.120594566772714906e-02 2.249127488087375448e-02 2.375223930895968907e-03
1.724061965203143448e-02 4.028598579464483243e-02 -6.561934571076620537e-02 -1.612336665841056921e-02 1.133771124005077124e-01 1.171164726138145679e-02 3.035109105200392912e-02 -6.275159734442439796e-02 3.141508440876989577e-02 -7.376177165135362757e-02 -1.111557762663333351e-02 -6.616010301213562372e-02 4.162280364737653421e-02 1.589349980077446253e-02 3.894340055135658840e-02 -2.442277800691686207e-02 -4.418400609246878920e-03 7.254767156132767162e-04 5.267600330420433956e-03 -5.966422980057349557e-02 7.732660292787103817e-02 0.000000000000000000e+00 4.712867726343946718e-03 4.239631081672803718e-03 3.475668291617250993e-02 5.848116416728207922e-02 -7.561382348801298781e-02 -2.273456979973838971e-02 8.962460401627499185e-02 -8.442342373317475446e-02 -1.238288950428765786e-02 -1.243976338646386737e-02 6.004132024492306319e-02 5.468307218928604441e-02 2.870592037444500561e-03 3.461805402501442336e-02 -2.489965259502965877e-02 8.727638703913161503e-03 -7.033386884360281165e-03 -2.101747897067363091e-02 -8.982961595040549196e-02 -2.032147386902869585e-02 -3.291913874868573203e-02 2.576320200740492977e-02 4.706450556814040231e-03 -3.388247108997495538e-02 -2.076797074859220577e-02 8.630087632258169605e-02 -9.142445822216253599e-05 3.396933071406314092e-02 5.293686812781538825e-02 -5.598579700108248514e-02 -5.080695756052851231e-02 -3.252853255351937072e-03 5.588465886933649540e-02 3.604143332211628189e-03 -3.988760982719846693e-02 -5.471887572748255352e-02 -5.953752770001553840e-02 -2.072672413893197722e-03 -2.595424433918615964e-02 -2.352490820319339329e-02 1.072932016096816467e-02 -1.826951796544128148e-02 4.124998863097985302e-02 -1.634126633265526457e-02 3.897815734364594442e-02 7.733215379087832186e-02
3.030205497120160713e-02 -4.345907494563030701e-03 1.231314880836073197e-02 2.778419830805293773e-03 -6.845589300693095437e-03 4.498699570685357578e-03 -6.013151764951615158e-02 6.587264386057964383e-02 1.064508752805076990e-03 -5.592519439498663120e-02 8.022440491369177418e-02 3.548617040575310910e-02 2.468572684785816720e-02 -4.072074054074647370e-02 -6.279387615840761883e-02 4.431702101414883299e-02 -7.148028999373504111e-02 4.687102008703473294e-02 -4.095521783920130776e-02 -2.595491138006414747e-02 3.438316815384778041e-02 4.712867726343946718e-03 0.000000000000000000e+00 -2.664623909690620046e-02 -2.498327923030669792e-02 1.630264955059132492e-02 5.384257531621503001e-02 -6.795803627851948817e-03 1.446963020815224266e-02 2.581437198492543550e-02 -5.738098808785369737e-02 1.170789230430346536e-02 2.529617759738542974e-04 -7.735646136807515505e-02 -4.744112593746301065e-02 -6.935018328480667404e-02 5.374153979407334317e-03 3.527625710921760641e-03 2.785198318988805696e-02 6.091698542021711793e-02 5.169541746167367890e-02 2.507695880885667250e-02 4.753412227299262660e-02 2.071118886510974616e-02 -4.548264911365199233e-03 3.001257190298558392e-02 6.298745115244668014e-02 2.432312855567510257e-02 -8.656931892120394573e-03 9.217070886258210000e-03 7.428087299713966030e-02 4.044223034502458097e-02 1.238831511695449999e-01 2.161840689774050320e-02 3.301706573927173927e-02 8.651954943040415791e-02 2.374240162451162969e-02 -2.082516703519299295e-02 -5.977676600565523003e-03 1.278505421969305077e-02 3.852675545724446038e-02 3.751337870809045433e-02 2.436186418404664641e-02 -2.335070090978975249e-02 -7.770596536668396281e-02 -5.381446636066766070e-02 4.037124548086538922e-02 2.727441377058129751e-02
