0.000000000000000000e+00 3.188790047463274657e-02 -3.591192728045125484e-03 -1.789912641181130859e-02 -1.121199091430917331e-02 3.588503084690679995e-02 2.837953010613135374e-02 -3.883411418489015818e-03 3.596347107502029239e-02 4.136079826970829459e-03 -3.324051116735445704e-02 4.718779619057943131e-02 2.137206365747339968e-03 -1.120765185718833150e-02 -5.036421192978804938e-03 -7.018596352674667804e-02 4.088233371709920627e-02 4.423767067628446570e-02 -3.696950480808736811e-02 6.148571364432859482e-02 3.047746080830203083e-02 1.751785384245505006e-02 3.055932489421376089e-02 6.653966554372593711e-02 2.116456709349176513e-02 -4.002644935737020501e-03 -2.371904513361686867e-02 -2.422316513008934344e-02 2.368162468924718198e-02 -2.386812522474589596e-02 -5.861641205621320044e-02 -1.114878174829187288e-02 -6.178209148298133974e-02 -3.249360608647049176e-02 -3.362194809368884013e-02 2.987664120583862631e-02 3.757100726369004551e-02 2.595366598635238595e-02 -3.386378961945321620e-02 1.523989281683543230e-02 5.128364047814177457e-02 -6.608769959291859938e-03 5.674508689584886571e-03 2.497895622503026533e-02 5.420231668232131789e-02 -6.598454546184966130e-02 9.912275721566023851e-03 2.870024857500706739e-02 -4.513139559299148007e-02 5.871859141338028887e-02 3.080058894215721016e-02 -8.981595380763503222e-02 1.514500266240744950e-02 1.375438312169175586e-02 -8.552296483044648234e-02 -8.150511394285600564e-02 4.928023428472438211e-02 -3.164415705001068918e-02 4.592535808415191406e-02 -2.795737097982267313e-02 -4.142313840655915957e-02 -2.597696601115849838e-02 7.677299235795354221e-04 -1.837611043911369091e-02 6.511394736065029276e-02 3.451229881544731846e-03 -1.976346288220924563e-02 1.083929135518882890e-02
3.188790047463274657e-02 0.000000000000000000e+00 -1.047396097772570894e-01 -8.222612768162392005e-02 4.050478190767779763e-02 -4.848105840068299421e-02 -5.529139920882038262e-02 6.614733059566281839e-04 6.020918761487747961e-02 -5.210729297339676547e-02 -4.068134755151857351e-02 1.664600765779381767e-03 8.434380834918572822e-02 -7.568819303427840040e-02 -3.127640264927084024e-02 5.996786876142057819e-03 7.665056961331483121e-02 5.811953455457034845e-02 -3.121233675809203471e-03 2.106492438905721229e-02 9.681865802066837168e-02 4.518265596102725296e-02 -3.431706921419779965e-03 -9.168651633288844860e-03 2.414893028098499470e-02 2.561171433424044158e-02 5.513513703745571634e-03 -3.410949038400238470e-02 -4.557751137705216837e-02 6.536928472718496475e-02 -3.252282643991991681e-03 4.692504814692301240e-02 -2.734540516914893069e-02 1.624813608866516185e-02 -3.977004208401190011e-02 2.204155640245418837e-02 2.419988972656757914e-02 -3.031393300494505255e-02 -6.102976117570137193e-02 6.889023422630065688e-03 -8.813550440978720757e-02 4.369715232493906476e-02 2.666941149198825273e-02 2.406875632712677029e-02 -2.573835802183515459e-02 5.182631459474608578e-03 -1.565893105842015853e-02 -4.070449402317704440e-02 -4.352562776647437431e-02 -3.529510676806359853e-02 4.351213150712679445e-02 2.982449154136657815e-02 -2.560448803105778385e-03 2.729976976123332094e-02 3.317221274668250702e-02 -5.641239251277126165e-02 5.118887871746081314e-02 -8.328264380574650072e-02 -8.749188683715816706e-02 -5.280951593985049042e-02 -7.132627228724612058e-03 -2.144073053729382908e-02 -3.118548425941497504e-02 -1.203766776379246450e-01 -3.838806134048967922e-02 -9.875075168147456547e-03 3.881994650943987324e-02 1.248445682509496391e-01
-3.591192728045125484e-03 -1.047396097772570894e-01 0.000000000000000000e+00 -8.834327305011093964e-03 -7.697397426068466886e-02 1.285351847234611766e-01 1.251944335971083566e-02 5.499127627476080998e-02 -3.159848617679604510e-02 -4.972261610862786091e-02 -1.082088381862090706e-02 2.505930197083451258e-02 -2.815499081056634101e-02 -6.920050162935455565e-03 -3.022090748461749021e-02 -6.141806777806164269e-02 -3.936533680225470094e-02 -2.953137506594157372e-02 3.045166213533745045e-02 4.664941654309145633e-03 2.265908373528520078e-02 -6.584116233110269556e-02 3.143396322245987917e-02 -2.453549348823000700e-02 2.235325019876065883e-03 1.444885816136194483e-02 8.728412931703964650e-02 -1.511904793185443741e-02 -1.075279330147056560e-02 -2.283031989533172712e-02 8.738705944239202883e-02 -6.664585190033017748e-02 7.600395386971954548e-02 -4.002900821528937100e-03 -3.682360625799374967e-03 -8.089189421406187130e-02 1.221817089891166080e-02 -2.454432454054729720e-02 5.875705466982045211e-02 7.246112802636178740e-02 2.432705635828617818e-02 -8.241964600774162597e-02 8.582585621595544001e-02 1.696448562254713327e-02 -2.418352231733665939e-02 -5.664552561708748046e-02 -2.351630951709605261e-02 -4.340738211946271186e-02 -4.311989922458608210e-02 4.384545771741128056e-02 8.843001579934986825e-03 5.248809050480925803e-02 -4.395817680008607536e-02 1.603498896538070595e-02 2.000513423690386539e-02 1.564074488474312408e-02 -4.952710291170723741e-03 1.512438992607053646e-02 -5.016726553794292193e-02 1.952966067010486473e-02 2.674696373220847301e-02 4.674795099856227099e-02 2.761854970188874769e-03 -9.958127376581022219e-03 2.709213993838621368e-02 -8.242091602628029076e-03 -4.568759843425757722e-02 -6.065166033730221701e-02
-1.789912641181130859e-02 -8.222612768162392005e-02 -8.834327305011093964e-03 0.000000000000000000e+00 7.934773246646677908e-03 8.944760463549614876e-04 1.217605515000668749e-02 -9.616425301010894655e-02 3.277488870606246052e-02 5.755373249429803634e-02 2.527996550390738863e-03 -3.758363227033451048e-02 3.944840688483077645e-02 1.544237185269426056e-02 -1.268143534981967108e-02 -4.478253891857619795e-02 -4.543416145470716150e-02 1.656149844295835838e-02 -2.087834680586372199e-02 -4.762191817108218928e-02 -6.201539722776159419e-02 -1.668615121104596172e-02 1.578514530420521353e-03 -2.373658269333820542e-02 -5.120397373265728885e-02 2.654652292543424955e-02 -6.228885394395188707e-02 3.198279987388782247e-02 -4.959533444824802684e-02 2.131986505547659588e-02 6.344692005402723101e-02 -1.143431612414988301e-02 -2.241757517481073742e-02 -2.918933868746298108e-02 -9.146424663272388622e-02 -4.745679895847142171e-02 3.658364822357162982e-02 4.689391932620281395e-02 -2.141007356899093245e-02 1.481738036778855634e-02 -7.226408966268302314e-02 3.233999960490208797e-02 -1.116036824652493764e-01 3.942233886224730949e-02 -5.489977904949663867e-02 -3.542092144104364709e-02 -6.410619082603966415e-03 -8.744538871228225985e-02 -4.753435252863722621e-02 4.774912663595787948e-02 -4.792290675035028313e-02 8.518637120130856388e-02 -1.390741241532048901e-02 -3.395600112044621505e-02 2.843766514477173019e-02 3.539434231393800978e-02 3.025656958966583751e-02 3.249759987325769733e-02 6.651648256594329400e-02 -2.384242329363588098e-02 1.673043310594396135e-02 1.347127585241103022e-02 -3.738544237857843993e-03 -9.800594811301627240e-02 -9.511276543898574548e-03 7.741223425243254352e-02 -6.228655745065896088e-02 -3.774107544247678331e-02
-1.121199091430917331e-02 4.050478190767779763e-02 -7.697397426068466886e-02 7.934773246646677908e-03 0.000000000000000000e+00 -2.280053744580051375e-02 -5.106846956820529360e-02 7.161157204385464048e-02 6.360548116053116319e-02 -1.683525405708159511e-03 1.157353358244173330e-03 -5.693678439332973407e-02 -8.722979464189921373e-02 -8.389029580390069442e-04 -5.743402735770216511e-02 -4.172565530927065808e-02 7.189969396759905707e-02 -1.780535187329891286e-02 4.771475128565878798e-02 1.332897366436943277e-03 -9.696713849129769136e-02 1.135878109292452059e-01 -8.727006359963759147e-03 -3.331757915957818134e-03 2.404499268453606179e-03 -4.553723958566856939e-03 5.691783019211096167e-02 -1.685625512147328336e-02 5.359940223843431134e-02 -2.401547855983772548e-03 2.790213583854224758e-02 1.140925670805382902e-01 8.562330561626774542e-03 8.458896892372316789e-02 5.801930049815856583e-02 1.888755116271728998e-02 -9.993857426929769749e-02 3.541433254363085537e-02 -8.126789989616951468e-03 -7.805606625638505935e-02 -4.314460529760612284e-02 9.992358687994232561e-04 1.381531244768733485e-02 4.906513879880692458e-02 -1.643580164041615055e-02 1.748601849267432742e-02 8.513946745422509843e-03 -6.002872736175444632e-03 7.331231862408432720e-02 2.237225960434088834e-02 -3.502190026344468438e-02 -3.108778843383804003e-02 -4.461373554325945984e-02 1.572341531232697778e-02 1.652713990986409698e-02 -5.334312961651008905e-02 -8.612939088888743600e-02 -1.645086778996530507e-03 6.091863515805652496e-02 -4.114214057345508962e-02 -2.902263565462295455e-02 -2.918425143376314479e-02 -7.573443553788201943e-02 -2.089316925246956919e-02 8.744775605908082505e-02 7.172082883037914081e-02 1.479049924606268100e-02 2.574125028452992764e-02
3.588503084690679995e-02 -4.848105840068299421e-02 1.285351847234611766e-01 8.944760463549614876e-04 -2.280053744580051375e-02 0.000000000000000000e+00 6.990439290460655208e-02 3.870422871274159515e-02 2.454326825592364342e-02 4.102171725401849989e-02 1.951158884207653335e-02 7.040506905124585546e-02 -8.268557246749828199e-03 -3.419474127446765072e-02 -1.264328754526784782e-02 -5.783564172309604845e-02 -2.769830778975106156e-02 5.554423169389051396e-02 2.795680523652163338e-02 6.983634797788011717e-02 2.950268839272458463e-02 1.127863422674628066e-02 6.065693543547188635e-03 5.695557307513909179e-02 -5.962602377880594356e-02 1.106776136237478114e-01 1.391660401762983938e-02 -4.306635744241402858e-02 2.010021283004908860e-03 -3.204595809815932728e-02 3.444190975810345473e-02 4.656758228999632182e-02 -6.019772355111943814e-03 4.714801602713103619e-03 6.206022722340679559e-02 -3.139688322151634042e-02 -4.449032374832178477e-02 7.115286666355579402e-03 5.654804621970910966e-02 1.119815275198250866e-02 1.353647835716562942e-01 2.747962648306051178e-02 1.158756656636623743e-02 -3.267564874340662257e-02 -9.793291971529605872e-03 -5.375124209854329621e-02 4.730314987791926773e-02 8.545233622930761830e-02 -7.201505111772375789e-02 -5.989199342299246498e-02 -2.299347349679787492e-03 -4.955571122972774606e-02 1.806266983124536415e-02 8.277013382514679385e-02 -6.353711015435153930e-02 7.158605375774156065e-02 3.996939112804551164e-02 5.397857310776681128e-03 1.455348378081267567e-02 -3.625779373564376462e-02 3.186930851364042777e-02 3.005288760383433792e-03 -6.188802864227569561e-02 3.092429366488220338e-02 4.092807720923517800e-02 2.449245215627188221e-02 -1.979072305934895595e-02 3.416100158920777510e-04
2.837953010613135374e-02 -5.529139920882038262e-02 1.251944335971083566e-02 1.217605515000668749e-02 -5.106846956820529360e-02 6.990439290460655208e-02 0.000000000000000000e+00 -6.209209485247874777e-02 2.425057117319411992e-03 3.659715019878342912e-02 9.863932219373644852e-03 1.021109758651992105e-01 2.376395190838719723e-02 9.038103440435871216e-02 -3.332959510729608527e-02 -8.161506111030562144e-03 1.218565920125258550e-02 4.563279622011239683e-02 9.595915992659233285e-02 2.402035715450196243e-02 2.818009981826002236e-03 2.937049139522317220e-02 -5.759368232883796401e-02 3.464213449546225954e-02 -1.881648885718642181e-02 2.130349330473527841e-02 -4.999952756670348469e-02 2.200494375353596183e-02 6.375798258202323987e-02 -1.135180952314763653e-01 9.559995910705373912e-03 -6.376313760487036832e-03 4.591778876650835090e-02 -3.943577428157043867e-03 -2.345458713557598343e-02 1.612590610146484582e-02 -2.470712138590629332e-03 -3.176227939650556192e-02 2.161049709454144693e-02 -5.333477965331624021e-02 -1.501487952724212503e-02 -4.767527796548264724e-02 2.859561412707936276e-02 -1.631863301278032446e-02 2.689294279987669567e-02 -3.415763384762578181e-02 7.247035901461171270e-02 4.692184814370376628e-02 -4.579679948697016473e-02 7.601121798216396719e-02 3.076529182391985612e-02 -3.957940110939588835e-02 6.685437246713509668e-03 -5.794584441356445681e-02 9.348741352253660264e-02 8.461838480576867536e-03 2.736775882650460331e-02 6.195506122941898128e-04 2.887438135639775610e-02 -7.295856819011584116e-02 5.005750825534819454e-02 8.727780351713619253e-03 7.864015539620582140e-02 -1.599102144812605819e-02 -7.721070983544096877e-02 -2.647152848766166910e-02 8.598030356151256659e-02 1.921724302351165634e-02
-3.883411418489015818e-03 6.614733059566281839e-04 5.499127627476080998e-02 -9.616425301010894655e-02 7.161157204385464048e-02 3.870422871274159515e-02 -6.209209485247874777e-02 0.000000000000000000e+00 1.007569743301948810e-02 -1.064486259190444879e-02 4.437510727080020562e-02 -6.931503054505504247e-02 1.846260923850258362e-02 -3.793987123638462716e-03 1.764543787704895422e-02 1.457668313931404164e-03 8.568066776825524963e-03 5.690854087015480289e-03 1.495115942842541873e-02 -4.470236629736545203e-02 8.597981627222504170e-03 -6.275984999918993168e-02 6.817397920373771680e-02 -1.396574571764008614e-02 4.928456640003304329e-02 -3.387186307007020170e-02 -9.142029739904328212e-03 8.964753277820759758e-02 -5.748553473495473728e-03 7.053082713943091553e-02 3.553169415936114489e-02 3.164582912347407850e-02 1.316647811892768943e-03 8.934064482549676500e-02 -5.032172012590231669e-02 -6.194087022631209610e-02 -1.000864351859593049e-01 -1.413162286127929261e-02 1.960611366945806677e-02 3.565024198467983685e-02 3.757693029586445937e-02 -4.574985047353447021e-02 -2.421668891206457674e-03 3.661349921927455758e-02 4.805430019091230104e-02 -9.219135347310829232e-03 -6.556191799601251979e-02 2.761059523530136686e-02 -1.029733843482717043e-02 -1.333366448356824649e-02 -3.630794257319738816e-02 -9.658745827853486982e-03 -5.900056407927539714e-02 7.471034070919663032e-03 1.064589611167491602e-02 3.646079864665707770e-02 -4.346032048534643338e-02 7.021904820076498022e-02 -9.500338071453899970e-04 -5.411706228381424344e-02 1.046218627816368138e-02 6.918488384234762478e-02 2.479909772321414393e-02 -1.816267640439970469e-03 -3.188854228805521052e-03 -1.287757205158425178e-01 3.854335175891095838e-02 -6.434070783170140785e-03
3.596347107502029239e-02 6.020918761487747961e-02 -3.159848617679604510e-02 3.277488870606246052e-02 6.360548116053116319e-02 2.454326825592364342e-02 2.425057117319411992e-03 1.007569743301948810e-02 0.000000000000000000e+00 8.336198390000585171e-03 -5.121782256778199816e-02 -1.245348165923025607e-03 -3.842007744990551948e-02 1.884837953156949519e-02 1.225397674348469371e-02 -2.713414554044335167e-02 -1.138309007878488335e-02 -1.705371727022107070e-02 3.469628210537806234e-02 2.545173561588978325e-02 8.724206364219779311e-03 3.396772062880448750e-02 -9.124643768332048148e-04 1.283102618853630347e-02 2.480410256339969644e-02 -4.565490632029631929e-02 -1.517324053005908724e-01 -2.012499897449189501e-02 -3.824612484954759140e-02 -6.900868036180642096e-02 1.818250964045970211e-02 -3.967841910689810618e-03 -5.267273656204878030e-02 -1.119729482514427409e-02 4.260133939665061015e-02 9.474484191453837190e-02 -5.895080012650490142e-02 -6.425515856932174918e-02 -3.708223593180159927e-02 -4.002249661928266450e-02 -8.140110408172460121e-03 2.824389900537646689e-03 -2.756610125099916587e-03 -9.564218119063233603e-02 2.191924711417356231e-02 4.579626995207531671e-03 6.973150119259849400e-02 5.534002569773431579e-02 -2.512543762103992828e-02 -8.862907135971628868e-04 -1.179672999445723625e-01 -3.746562975365849701e-02 1.066427326088784100e-01 -9.561170797493417570e-03 9.294715733485205134e-03 6.992190799628329734e-02 -1.880926765266553724e-02 9.933367544028022522e-03 1.048120295619984869e-02 7.708868948991937087e-02 -9.650578746609361769e-02 -2.836278320459446542e-02 6.327651810109100050e-02 -4.003592968295345209e-03 -4.599364796040036896e-02 -2.446215924525054885e-03 3.434170221554921215e-02 -6.483884258962457903e-02
4.136079826970829459e-03 -5.210729297339676547e-02 -4.972261610862786091e-02 5.755373249429803634e-02 -1.683525405708159511e-03 4.102171725401849989e-02 3.659715019878342912e-02 -1.064486259190444879e-02 8.336198390000585171e-03 0.000000000000000000e+00 5.191089743815049951e-02 1.643655551607341864e-02 -4.131945807681769445e-02 5.474931212163124117e-02 8.039455140354152818e-03 -2.437298078503603166e-02 -5.996644393906234299e-02 -6.100727707163675941e-03 7.538725593136879483e-03 3.068844233960711307e-02 8.941632551535623474e-02 -7.388975906981745667e-02 -5.624741588309296186e-02 8.410140511212858827e-02 -3.097357728776191648e-04 -5.926779978308897856e-02 9.725970760824697095e-03 3.530862057281165117e-02 -2.949407729345189175e-02 -2.195911275967602286e-02 -8.275930246688387518e-03 -2.210817730833352160e-02 -2.955634937608054777e-02 9.954580621483421349e-03 6.586042333692539164e-02 -3.585319238085808019e-02 2.247446833408952779e-02 -3.475125167014220945e-02 -6.115108186296078219e-02 -4.136739511995293078e-02 5.027250937804253125e-03 -9.720252165522541565e-02 -1.286053974500528385e-01 3.758262486411802911e-02 -2.343548716504525314e-02 3.754105802815532050e-02 -2.050792530691790405e-02 -4.485499578521344455e-02 -7.352529893875933698e-02 -1.351399554887565586e-02 -4.278835452172698867e-02 -5.551404505343043860e-02 5.228454625987628834e-02 -5.000890216866921145e-02 -2.300532294598629443e-02 -2.932838048634632544e-02 -3.515192149089555601e-02 1.002977804587700666e-02 2.150845870577667435e-02 1.328153314064651688e-02 -3.580299498095839555e-02 3.266111423744619616e-03 -8.284130569491213181e-02 -4.110169381845428516e-02 4.008853555830944188e-02 -2.445217634403282561e-02 -5.264957588048022746e-02 -2.716024491005598548e-02
-3.324051116735445704e-02 -4.068134755151857351e-02 -1.082088381862090706e-02 2.527996550390738863e-03 1.157353358244173330e-03 1.951158884207653335e-02 9.863932219373644852e-03 4.437510727080020562e-02 -5.121782256778199816e-02 5.191089743815049951e-02 0.000000000000000000e+00 2.559943054989043815e-02 -4.563602023931705859e-02 5.291563244141906514e-02 1.519300501282598061e-02 9.151667249523558201e-02 -9.873213202304603753e-02 1.518311342372124541e-02 9.625984146211130632e-02 6.316885782665306037e-02 -1.006874104839924899e-01 -1.103916416815238152e-02 7.864914035232403733e-02 -1.358854139097073754e-02 3.698022800499826956e-02 7.049379347660096606e-02 -4.419698258296302779e-02 -3.741025928307519215e-03 6.221698892902539219e-02 -1.622410607388405368e-02 -9.825876473097529262e-02 2.256192646110782851e-02 2.345180860415653143e-02 9.319370543488633696e-02 2.452851643003389759e-02 -6.762110771113237495e-02 2.686764685519169547e-03 1.196702585838413206e-02 -2.027756859346620602e-02 2.451397641314771378e-02 -5.075014566439042113e-02 5.896177867445985543e-02 3.539364112531329792e-02 5.675301049827645439e-02 -3.973933902909650845e-02 -4.162300694102434584e-02 5.740141706183375658e-02 1.291133539222959203e-02 -6.028993661422226563e-02 4.008287199343119056e-02 4.966266647491166149e-03 -1.990988835171696170e-02 -4.773597631804481212e-02 6.372663001911144098e-02 -9.610053627941294793e-03 -2.978194168165410743e-02 -3.318434117415051954e-02 -8.609113166964776909e-03 -5.402521340654653503e-02 1.816226139506101067e-02 -1.803853848961319006e-02 -4.522624265499930463e-02 1.780798415935082486e-03 4.171691171479357391e-02 -1.670333289742079175e-02 3.958871609449438056e-02 -8.816793855600356389e-02 -5.314312654481857107e-02
4.718779619057943131e-02 1.664600765779381767e-03 2.505930197083451258e-02 -3.758363227033451048e-02 -5.693678439332973407e-02 7.040506905124585546e-02 1.021109758651992105e-01 -6.931503054505504247e-02 -1.245348165923025607e-03 1.643655551607341864e-02 2.559943054989043815e-02 0.000000000000000000e+00 1.084197341690733632e-02 3.285815898666146623e-02 -1.281543259782064875e-02 -3.490591532199818076e-02 -4.008547306250126452e-02 2.026513830786528386e-02 5.877928034653479017e-02 -3.854459062994563395e-02 -1.979928439092936907e-02 -6.623384333614382169e-02 3.467413946276434733e-02 2.910577468340801166e-02 -4.140427132651841434e-05 -2.397019973928465192e-02 1.524494866834297246e-02 -4.310973811673463052e-02 6.601331621436772046e-02 -1.659366533536209970e-02 -6.356952821792227759e-02 6.044944550233118802e-02 -6.875637400623532680e-02 -4.662433718219919851e-03 6.730537647885055652e-02 -6.380147508970029913e-02 -5.048265059770459806e-02 -1.684473254002610831e-02 2.618555531760709959e-02 -9.450492591807714560e-02 2.949574527342470331e-02 -3.799693689719035872e-02 -4.390233045943731094e-02 -3.685139403914925848e-03 8.749138945630312303e-02 8.372280061393731765e-02 2.063102110167239212e-02 -6.623354716464698033e-02 4.004605890794267486e-02 2.147463853216575666e-02 -8.491911164734307349e-02 4.752582229853551110e-03 4.219308444101153160e-02 7.368915779810381039e-02 -1.350931780455545163e-02 2.093360478948460765e-02 -1.058790276379260598e-01 -1.940077181551010457e-02 -1.283506322176575926e-02 -2.598279090525780835e-02 2.978725572503001032e-02 -5.725276872536077394e-02 4.273962017104170757e-02 5.850741437869871019e-03 -4.223858590500396276e-02 -1.180992089599605839e-02 -8.175670147398751697e-02 9.799735718480452606e-02
2.137206365747339968e-03 8.434380834918572822e-02 -2.815499081056634101e-02 3.944840688483077645e-02 -8.722979464189921373e-02 -8.268557246749828199e-03 2.376395190838719723e-02 1.846260923850258362e-02 -3.842007744990551948e-02 -4.131945807681769445e-02 -4.563602023931705859e-02 1.084197341690733632e-02 0.000000000000000000e+00 -3.358040198041427338e-02 3.099562326244268556e-02 6.527325725158671099e-02 -5.074492121508693970e-02 -6.075875309411649799e-02 -1.871419254064228543e-02 -1.190880397150525516e-01 -4.334581966675932901e-02 4.225042816696165243e-02 2.362139316847202894e-02 -3.357527758420585356e-03 -4.000922207244736462e-02 3.677376088936001181e-02 -5.170504129018616002e-02 -1.629168797450974981e-02 -8.646750388009143834e-03 2.869379960272699231e-02 2.353965414602788436e-02 -3.534444716585288110e-02 -2.586237496728285498e-02 2.913678253018418124e-03 2.268101405385392587e-03 2.858006106460636228e-02 1.338096719565380899e-01 9.636990614492922658e-02 -4.307844183522196307e-02 -4.047913399208148688e-02 -6.608688365733519574e-03 -2.546210776575447143e-02 -7.189871679812837035e-02 -4.523612497178385039e-02 -1.503858303814482877e-01 -2.115363300903176300e-02 -5.995695575134184739e-03 -1.138673777850517099e-02 -2.844616884889647479e-02 -1.262181800318755154e-01 -2.898861409673277392e-02 1.676587460137844016e-02 -8.404799470182000229e-03 -6.906718943843037639e-02 -3.090949322291990445e-02 5.829614519863478977e-03 1.163113926801702391e-02 2.970833867005426634e-02 -1.122448999802714426e-01 -4.683928945777036945e-02 6.291244211198275538e-02 6.437772834696139923e-02 -2.481077885953739126e-02 8.353460522127919077e-03 -5.127483961781669625e-02 -4.441779684516229676e-02 2.303204034262818986e-02 4.196138817935096688e-02
-1.120765185718833150e-02 -7.568819303427840040e-02 -6.920050162935455565e-03 1.544237185269426056e-02 -8.389029580390069442e-04 -3.419474127446765072e-02 9.038103440435871216e-02 -3.793987123638462716e-03 1.884837953156949519e-02 5.474931212163124117e-02 5.291563244141906514e-02 3.285815898666146623e-02 -3.358040198041427338e-02 0.000000000000000000e+00 3.361569858065793781e-02 2.026213243659091834e-02 4.151180983431020100e-02 2.440915343697401887e-02 6.884313895065677369e-02 4.940780664273530798e-03 3.431614162952244945e-02 1.567115361959782460e-02 -3.706200879826086758e-02 1.176273777035507367e-03 1.302419574405767194e-02 8.850938158362620795e-03 -3.369962221988805767e-02 -1.412820618918006303e-02 6.074280812320732859e-02 4.129234025276633940e-03 -5.858876979129359897e-03 -3.591741593777135477e-02 2.694833858651229583e-02 8.788408764060338593e-03 2.738120325041815475e-02 -4.401245130571852793e-02 -3.670422137734401236e-02 3.117722846508677245e-02 1.791469458041030152e-02 -2.702603158911506126e-02 -5.996863652974682851e-02 -3.024671758091287271e-02 -2.907692563163971622e-02 2.624459533709678702e-02 8.647625653337764895e-02 2.800166055890800434e-02 1.606116576766207851e-02 -1.099492031370816608e-01 5.657794686372546317e-02 1.233193622097736482e-02 2.864492193329611774e-02 -7.189472213392775809e-04 -1.334290643038093215e-02 -8.289915125331449863e-02 -5.017353016784257581e-03 4.589703666027140222e-02 -2.987399900725726254e-02 3.697948215449406439e-02 -6.310099269057041493e-02 -9.367433431592780274e-03 -3.971237439745621545e-02 -4.485659247665602090e-02 7.294337720642904421e-02 -1.159472068185234545e-01 -1.482752999566316725e-02 -2.237392883295072007e-02 -5.851185412178339096e-02 -6.530940235148448292e-02
-5.036421192978804938e-03 -3.127640264927084024e-02 -3.022090748461749021e-02 -1.268143534981967108e-02 -5.743402735770216511e-02 -1.264328754526784782e-02 -3.332959510729608527e-02 1.764543787704895422e-02 1.225397674348469371e-02 8.039455140354152818e-03 1.519300501282598061e-02 -1.281543259782064875e-02 3.099562326244268556e-02 3.361569858065793781e-02 0.000000000000000000e+00 -2.693894148381233838e-02 -1.968094196283265082e-02 -6.878447708584370379e-02 -3.422461169050197705e-02 -2.993827397350994068e-02 7.155727780009910055e-02 3.924857003556060653e-02 -6.233989574153987051e-02 8.864611415376509596e-02 3.393464099093479458e-02 3.298414454080898089e-02 -6.822729921039863421e-02 -5.307564600848276026e-02 4.998184970285576151e-02 1.604309074260741250e-02 2.413509387769238734e-02 -8.403012193339966240e-02 2.937833342923478266e-02 5.258249353231069650e-02 6.834139197551611367e-02 -2.042966783489845103e-02 -1.114982678428854367e-02 2.354347397193386811e-03 -8.425312074568122589e-02 -3.691178174042353960e-02 -2.352132730280687492e-02 -4.488617430436120381e-02 -4.747122418734032318e-02 -5.361155929160119765e-02 -5.742528279677952541e-02 4.332352049770493707e-02 7.491022169929510525e-03 5.609062677512955536e-02 9.728999751129875639e-03 1.873842885400028857e-02 3.238083175759976645e-02 2.018599807746682823e-02 1.794533839581757481e-02 9.266878208110338952e-03 4.483529365512489012e-02 -1.789292117991545666e-02 4.402728369232943029e-02 -2.707245217237151669e-02 6.950007592154715252e-03 3.478798419264898106e-02 -8.777476795253988384e-02 -7.673722247379612116e-02 -8.828279757191642707e-02 6.875835182125229761e-02 -4.007424799018007022e-02 -1.293792644388618018e-02 -6.889242221090073615e-02 -7.135876131282055390e-02
-7.018596352674667804e-02 5.996786876142057819e-03 -6.141806777806164269e-02 -4.478253891857619795e-02 -4.172565530927065808e-02 -5.783564172309604845e-02 -8.161506111030562144e-03 1.457668313931404164e-03 -2.713414554044335167e-02 -2.437298078503603166e-02 9.151667249523558201e-02 -3.490591532199818076e-02 6.527325725158671099e-02 2.026213243659091834e-02 -2.693894148381233838e-02 0.000000000000000000e+00 2.040348172505233523e-02 -2.262159309892912071e-02 -7.169026276778688034e-02 -8.606192135746334668e-03 1.099902815805955669e-01 -2.279274227909619532e-02 5.174097462044577322e-02 -9.175735262501455436e-03 -6.010098824742814844e-02 3.714218719918526562e-02 4.579268740261700776e-02 1.058340032304529166e-02 5.310334869682457187e-02 1.726458326792757597e-02 -7.590565853567786403e-02 1.152204231889929625e-01 2.376031658374914979e-02 3.582033009738955220e-02 -3.417015549184894418e-03 -2.203546534255537009e-02 2.403784698930443858e-02 6.871767704827963508e-02 9.708301333033646577e-03 -1.137664107176096923e-01 1.022322860280537316e-01 7.796229349410079001e-02 2.420375766192557968e-02 -3.197263752965889827e-02 -1.440170861468451913e-01 -3.255522475428858364e-02 -2.198268660723289025e-02 1.660885849574419287e-02 -5.620916698670283540e-02 -2.458934450819916934e-02 3.577859106091073327e-02 5.531184082016186304e-02 -1.042938311261196460e-01 3.385164212104986581e-02 -3.235141477560959933e-02 2.629314621365347326e-02 1.270382429562646152e-02 2.195537829446789213e-02 -1.367416483440743978e-02 3.187491009370456430e-02 4.174802165283012650e-02 -7.504739696312315821e-03 -4.915894975017547769e-02 -3.597483207234292157e-02 -5.697198700056202436e-02 8.892162140999627928e-02 -3.284180095688231382e-02 -2.400305646326767253e-02
4.088233371709920627e-02 7.665056961331483121e-02 -3.936533680225470094e-02 -4.543416145470716150e-02 7.189969396759905707e-02 -2.769830778975106156e-02 1.218565920125258550e-02 8.568066776825524963e-03 -1.138309007878488335e-02 -5.996644393906234299e-02 -9.873213202304603753e-02 -4.008547306250126452e-02 -5.074492121508693970e-02 4.151180983431020100e-02 -1.968094196283265082e-02 2.040348172505233523e-02 0.000000000000000000e+00 2.331218159387456884e-02 7.903142566277920542e-03 3.461572787494171868e-03 3.005521127112824320e-02 -4.451173431257067492e-03 -6.107280668099895893e-02 3.365798408980177903e-02 7.022137264718006366e-02 -4.605569933347914043e-03 2.439289259732630236e-02 2.712039007293677584e-02 3.551619609299355110e-03 3.762995984255179671e-02 7.512508203140717822e-02 -2.206252719682724999e-03 4.105251010330538547e-02 -5.216770205013737671e-03 9.114658728050502312e-02 -1.647410338256794947e-03 -4.412429765089066758e-02 -5.562220085613402143e-02 -5.632563908852761952e-02 -1.882504498275321819e-02 4.195038022794141119e-02 4.446628903168153152e-02 7.027878502600216903e-02 -3.085682114948255089e-02 9.519428374385875691e-02 4.207450914335803850e-03 -7.104576290257987384e-03 1.118285425246498196e-02 5.661859131936367029e-02 -5.667361213329726727e-02 -7.393875009864021852e-02 -3.415311988929670660e-03 -3.155538255608105608e-02 1.767658108805221420e-03 -5.044739420218829345e-02 -4.766537967845578538e-02 3.602263772767319572e-02 5.538049155459073836e-02 -2.149098557308917745e-02 -9.226469583266110053e-02 1.955671300460995032e-03 7.987780228154829631e-02 1.255083738823774622e-02 -4.135147311365211520e-02 1.272571241825167431e-03 -1.103836535405225937e-02 -1.720003408861950009e-02 1.424707135568994282e-03
4.423767067628446570e-02 5.811953455457034845e-02 -2.953137506594157372e-02 1.656149844295835838e-02 -1.780535187329891286e-02 5.554423169389051396e-02 4.563279622011239683e-02 5.690854087015480289e-03 -1.705371727022107070e-02 -6.100727707163675941e-03 1.518311342372124541e-02 2.026513830786528386e-02 -6.075875309411649799e-02 2.440915343697401887e-02 -6.878447708584370379e-02 -2.262159309892912071e-02 2.331218159387456884e-02 0.000000000000000000e+00 -4.890843484954313786e-02 -1.270388971914492848e-01 7.101979562982760341e-02 8.074672376981961676e-04 4.754483055333628971e-02 -3.433165332695948396e-02 -5.936681811022571920e-02 1.761902509667498049e-02 -6.951484856861263328e-02 2.864683059857053155e-02 4.171576203394999210e-02 5.873764581925299683e-02 2.076921718649385115e-02 6.275364444763890936e-02 -2.040590742969776786e-02 7.511705196469811718e-02 -1.120295587128418945e-02 5.482091941111773975e-02 8.992907995450719755e-03 1.032010374549145802e-04 1.072583699351120114e-02 4.022829479464841429e-02 -1.435842784833571591e-02 -2.154057150987092207e-03 3.552913960101647395e-02 -1.155455196964720078e-02 5.593706620076806246e-02 2.728404030769177036e-02 5.886696738431344139e-02 -8.260334511984658568e-02 1.831586458032428977e-02 -4.240110680163069329e-02 2.902711530072273755e-02 -4.421984396341931828e-02 7.592653454140228797e-02 3.583730913024486819e-02 1.782787144230265838e-02 9.512500907993270971e-02 2.712667340042588734e-02 -1.711723130937081033e-02 -7.021724859412704217e-03 -1.624268634018243354e-02 3.480767927871700196e-02 -3.344480352969594894e-02 -3.827374785493497383e-02 -2.715128216295647004e-02 7.356707767187618818e-02 6.085521454881059195e-02 3.242487410928587832e-02 6.458375661453796823e-02
-3.696950480808736811e-02 -3.121233675809203471e-03 3.045166213533745045e-02 -2.087834680586372199e-02 4.771475128565878798e-02 2.795680523652163338e-02 9.595915992659233285e-02 1.495115942842541873e-02 3.469628210537806234e-02 7.538725593136879483e-03 9.625984146211130632e-02 5.877928034653479017e-02 -1.871419254064228543e-02 6.884313895065677369e-02 -3.422461169050197705e-02 -7.169026276778688034e-02 7.903142566277920542e-03 -4.890843484954313786e-02 0.000000000000000000e+00 -3.636159253977288425e-02 2.062825108204755387e-03 5.288299267029312502e-03 -4.168524207197062820e-02 -3.998235115193216060e-02 1.514618551708588057e-02 4.412933464580952314e-02 -1.001865793766944235e-02 -2.285885642470316531e-02 1.255971164127779940e-02 3.335049553937106254e-02 6.949149806778721905e-03 -7.199218988640911088e-02 -4.058594374907473212e-02 -4.268305924812501595e-02 -8.835257210084176624e-03 -1.015746870806996140e-02 -2.152340360343184267e-02 5.012338220156836201e-03 -7.023841951304264641e-02 3.634168619228357600e-02 1.024802057515331564e-02 -3.130866741856722091e-02 1.292491418120864967e-02 1.083171638353448707e-01 4.895932916999450046e-02 8.728819171427555645e-02 3.794601743261373505e-02 -2.304086424153060984e-04 -4.475733715219200326e-02 -4.354914410019391363e-03 -2.637409889195087981e-02 -3.321780864835086750e-02 1.551334041474402604e-03 1.794540681602008539e-02 6.498343159401451241e-02 2.006975553476264898e-02 -1.778595858597666057e-01 -9.261983060309453286e-02 4.264851396052324328e-02 -6.272472057591396699e-02 -1.420392992730557620e-03 -3.189884050291912077e-02 5.437216431996094723e-02 1.278652331223956856e-02 5.717991770082656022e-02 2.965198749154190211e-02 -4.538830649200042977e-02 1.657034556318292412e-02
6.148571364432859482e-02 2.106492438905721229e-02 4.664941654309145633e-03 -4.762191817108218928e-02 1.332897366436943277e-03 6.983634797788011717e-02 2.402035715450196243e-02 -4.470236629736545203e-02 2.545173561588978325e-02 3.068844233960711307e-02 6.316885782665306037e-02 -3.854459062994563395e-02 -1.190880397150525516e-01 4.940780664273530798e-03 -2.993827397350994068e-02 -8.606192135746334668e-03 3.461572787494171868e-03 -1.270388971914492848e-01 -3.636159253977288425e-02 0.000000000000000000e+00 -1.809333894430969689e-02 -5.979593965645819270e-02 -2.474686214515223193e-02 -2.419817748551705838e-02 2.354286289980725422e-02 -1.158902026293721216e-02 8.534844848378757287e-02 5.226953667596561520e-02 -7.302013829464923389e-02 -4.236134866913400347e-03 1.402129743531918440e-04 2.050386078794731032e-02 1.798664605365211033e-03 -1.054680743430503123e-02 5.801700865019226994e-02 2.226832171252881784e-02 -7.337057481099068523e-02 -4.534414528803860922e-02 1.236745330454805392e-02 -1.489360309971774800e-02 4.471650360189721729e-02 -4.702157259322013033e-02 1.506726619012234251e-02 1.670484178335666231e-02 1.371027213107097430e-02 -4.102103231252345744e-02 3.506429542879555689e-02 -5.093525252992395225e-02 3.096781653270163151e-02 4.034178234056065571e-02 5.587891755366147448e-03 -4.006474312718925207e-02 4.122681514899259603e-02 -4.228535278284483584e-02 2.636258259784889438e-02 -5.845680000199797444e-02 8.531913107252718509e-02 2.292880716683629028e-02 -7.581812854048260164e-02 6.464886684493122149e-02 6.712992068307056803e-02 -8.213570920199501912e-02 -2.335801951299600488e-03 3.098413391148365816e-03 2.922649800352453489e-02 5.095604720713016456e-02 4.422700066258540563e-02 -1.424949413632495797e-02
3.047746080830203083e-02 9.681865802066837168e-02 2.265908373528520078e-02 -6.201539722776159419e-02 -9.696713849129769136e-02 2.950268839272458463e-02 2.818009981826002236e-03 8.597981627222504170e-03 8.724206364219779311e-03 8.941632551535623474e-02 -1.006874104839924899e-01 -1.979928439092936907e-02 -4.334581966675932901e-02 3.431614162952244945e-02 7.155727780009910055e-02 1.099902815805955669e-01 3.005521127112824320e-02 7.101979562982760341e-02 2.062825108204755387e-03 -1.809333894430969689e-02 0.000000000000000000e+00 7.729418265632409524e-02 5.773320254222613634e-02 5.489712296798253399e-02 -4.442167755416701058e-02 1.945160807185181574e-03 5.794142112927062882e-02 6.732058375832085037e-03 -3.593226025692758396e-02 5.638967466065911149e-02 -1.470285068050956531e-02 7.098295171417252913e-02 2.724020149493753748e-02 -3.580542498290763959e-02 -9.537544132426916885e-03 1.749562852487418843e-03 5.317771984603811980e-02 -3.292007126484038787e-02 5.220907443282214212e-03 1.663361839432983547e-02 7.179932855989798468e-02 -9.766810946941827803e-03 -9.341175235947123123e-02 7.714594783795282115e-03 4.264320620973265780e-02 1.449803304285985674e-03 -2.868394906273463718e-02 2.797291456167370211e-02 2.060038086482570655e-04 -6.665220790378185989e-03 -1.494768031084306448e-02 -2.183079558145729904e-02 -5.301289051783973638e-02 -7.063241607960024822e-03 -9.441307578155293950e-03 2.915868833511265495e-02 7.521610481790570735e-02 -3.490485893613207158e-02 2.612545428637544007e-02 3.354334887157350148e-02 4.469941231069358804e-03 -3.246508378474310258e-02 -1.026135160099320501e-02 -3.772154777681237248e-02 -2.359429743774406688e-02 -6.151530704725217957e-02 2.268575966452583345e-02 2.652736095892497224e-03
1.751785384245505006e-02 4.518265596102725296e-02 -6.584116233110269556e-02 -1.668615121104596172e-02 1.135878109292452059e-01 1.127863422674628066e-02 2.937049139522317220e-02 -6.275984999918993168e-02 3.396772062880448750e-02 -7.388975906981745667e-02 -1.103916416815238152e-02 -6.623384333614382169e-02 4.225042816696165243e-02 1.567115361959782460e-02 3.924857003556060653e-02 -2.279274227909619532e-02 -4.451173431257067492e-03 8.074672376981961676e-04 5.288299267029312502e-03 -5.979593965645819270e-02 7.729418265632409524e-02 0.000000000000000000e+00 4.149181026207292462e-03 7.443236472011044609e-03 3.651631241836360287e-02 5.758094213597705208e-02 -7.371899588383087898e-02 -2.260122776400989505e-02 8.963227566038536875e-02 -8.360916833906407997e-02 -1.242115649194351981e-02 -1.193571263482020271e-02 6.004608296351459512e-02 5.464251882539971489e-02 3.081937163097955151e-03 3.485282043826396642e-02 -2.561986759832305879e-02 8.344885848383699900e-03 -7.040679746813201766e-03 -2.128481607201233514e-02 -8.933785634494842420e-02 -2.012431601362596120e-02 -3.282844443420528113e-02 2.519771917585590312e-02 4.502469928406776199e-03 -3.392398495840899530e-02 -2.065310912265830301e-02 8.557736142083013919e-02 -3.392664081835909456e-04 3.400304074113512376e-02 5.255422969266883293e-02 -5.574217581298489960e-02 -5.079427776329508565e-02 -3.220644548913769410e-03 5.533750390100796585e-02 5.176187734761841276e-03 -3.920803722451514373e-02 -5.437356113045276745e-02 -5.996940641853582693e-02 -2.719249996645709509e-03 -2.901608610241009079e-02 -2.503309223266302064e-02 1.095163439472323155e-02 -1.852267087325812356e-02 4.078418132690796172e-02 -1.609587844639512322e-02 3.912596827796433613e-02 7.712369447029833458e-02
3.055932489421376089e-02 -3.431706921419779965e-03 3.143396322245987917e-02 1.578514530420521353e-03 -8.727006359963759147e-03 6.065693543547188635e-03 -5.759368232883796401e-02 6.817397920373771680e-02 -9.124643768332048148e-04 -5.624741588309296186e-02 7.864914035232403733e-02 3.467413946276434733e-02 2.362139316847202894e-02 -3.706200879826086758e-02 -6.233989574153987051e-02 5.174097462044577322e-02 -6.107280668099895893e-02 4.754483055333628971e-02 -4.168524207197062820e-02 -2.474686214515223193e-02 5.773320254222613634e-02 4.149181026207292462e-03 0.000000000000000000e+00 -2.520756675581213579e-02 -2.518181146528070125e-02 1.960504994392983993e-02 7.042545119176704671e-02 -6.005385842791463591e-03 1.622229041820393708e-02 3.341829407017200826e-02 -5.578966364496880381e-02 1.134375905692298035e-02 1.704666957470852250e-03 -7.569250080878364706e-02 -4.634764280308034667e-02 -6.922811775678695823e-02 6.232356742626384526e-03 2.683816210459216787e-03 2.963548864769247060e-02 6.236290749986336118e-02 5.549458841399823594e-02 2.463013204955662866e-02 4.761392299774267617e-02 2.124683706416094151e-02 -3.500536296105670204e-03 2.926255352965468487e-02 6.220563404961549497e-02 2.420705464569784804e-02 -8.672519687420951820e-03 1.667468191570757249e-02 7.486354996350223778e-02 4.174212966984812423e-02 1.215142137259080796e-01 2.177724489109836639e-02 3.413687799691134117e-02 8.698482110117354560e-02 3.885575250272359227e-02 -1.971325450101760191e-02 -6.687764167466295727e-03 1.432756662398554717e-02 4.968418869757787459e-02 3.802560164279828597e-02 2.433326152477207835e-02 -2.326570673339172987e-02 -7.747269094900388620e-02 -5.439326894969840481e-02 4.065944511598645894e-02 2.791388807719289225e-02
