0.000000000000000000e+00 3.186976463374865259e-02 -3.579177971352741523e-03 -1.788539905036282129e-02 -1.120161527300829289e-02 3.588837192820056032e-02 2.850916070136613051e-02 -3.862405812972340233e-03 3.596601433514108603e-02 4.162634339374879019e-03 -3.321517497249961565e-02 4.722414399517443212e-02 2.122567874028636909e-03 -1.070463582246558576e-02 -5.012428976059337717e-03 -7.014651286483017389e-02 4.088681593972487427e-02 4.425421608255759864e-02 -3.693722474785523374e-02 6.148102181098384633e-02 3.047332267599355340e-02 1.753891813873880226e-02 3.057959596236984462e-02 6.650333670587360579e-02 2.117200176302709569e-02 -4.017213530101774489e-03 -2.385604410959255017e-02 -2.417020966813454227e-02 2.405593859572626933e-02 -2.367253754648673478e-02 -5.861880868308881609e-02 -1.116926051064604658e-02 -6.176660817482051286e-02 -3.247239228907064512e-02 -3.361986598096750045e-02 2.982665327067529626e-02 3.755662725259010376e-02 2.594893482102995225e-02 -3.385878421642234126e-02 1.523107132120408297e-02 5.126088172090179085e-02 -6.593358135881109867e-03 5.637934389810000946e-03 2.499872859671871742e-02 5.423048814078561958e-02 -6.596940421272803889e-02 9.936837437062679898e-03 2.868785616290638399e-02 -4.512938868429677147e-02 5.870470334252481798e-02 3.083158564789861486e-02 -8.982455933746427701e-02 1.512232970414300291e-02 1.373559210424730136e-02 -8.547229466437400447e-02 -8.147821449495219748e-02 4.922512671523888300e-02 -3.164583879625246232e-02 4.590606413649773315e-02 -2.797253616593271125e-02 -4.143033744381881961e-02 -2.597690889940343015e-02 7.905806353107917503e-04 -1.839584671841750299e-02 6.511906727968778952e-02 3.450398590571389021e-03 -1.979199667517444333e-02 1.083531126762519656e-02
3.186976463374865259e-02 0.000000000000000000e+00 -1.047006448543753021e-01 -8.225285931274599338e-02 4.053040364679012797e-02 -4.849387453982633572e-02 -5.535983478924556833e-02 5.998884987460911117e-04 6.026043222696948060e-02 -5.216131840169232342e-02 -4.066591742247108870e-02 1.647399969400142536e-03 8.440065454057212035e-02 -7.569203375815991564e-02 -3.125680511056695005e-02 6.009059248248735559e-03 7.664447898004551896e-02 5.809287689325141196e-02 -3.104893822111210334e-03 2.104486174161275883e-02 9.682457554591854254e-02 4.556436059816178913e-02 -3.352920927495746991e-03 -9.091808146449708097e-03 2.445940602076352929e-02 2.558808514488963501e-02 5.733223310398711040e-03 -3.419324389378895768e-02 -4.554873441986301286e-02 6.531960842217926499e-02 -3.246825486258732556e-03 4.691580924374450651e-02 -2.733681071760003453e-02 1.628101910543031799e-02 -3.979335756390443846e-02 2.206748174633305776e-02 2.418452429521471617e-02 -3.031937919442676335e-02 -6.102523466760497589e-02 6.882213973648933052e-03 -8.820247258377189592e-02 4.364464543996915413e-02 2.662132771211109250e-02 2.403267415685945291e-02 -2.572986399723599382e-02 5.177888743481016617e-03 -1.566351051894405988e-02 -4.075926343910341726e-02 -4.352595123920675185e-02 -3.527310117340406309e-02 4.350970044389760455e-02 2.981707148730275772e-02 -2.566940257148377872e-03 2.727916191683567651e-02 3.317660259512036219e-02 -5.641287839089692557e-02 5.118915113353587204e-02 -8.331151175805162623e-02 -8.752095342603531669e-02 -5.278817511230857185e-02 -6.975562332455615376e-03 -2.162609922766601731e-02 -3.119774001509922901e-02 -1.204035240370641968e-01 -3.840696537560590873e-02 -9.858866249111889954e-03 3.882466778622836040e-02 1.248235599147847485e-01
-3.579177971352741523e-03 -1.047006448543753021e-01 0.000000000000000000e+00 -8.881813108861123796e-03 -7.695620167438071979e-02 1.285856734742162055e-01 1.262873325897324005e-02 5.513410330308517876e-02 -3.170792381117614606e-02 -4.974000032031690444e-02 -1.078687489407509879e-02 2.508084820580936541e-02 -2.813982642307612247e-02 -6.912227596249756988e-03 -3.029972785212202424e-02 -6.126045996351880268e-02 -3.888505573738476606e-02 -2.949678233679755082e-02 3.043861078344252055e-02 4.690316831268636320e-03 2.293838303217004063e-02 -6.585728912907404253e-02 3.300718275234011678e-02 -2.452721866799861816e-02 2.184142472277993650e-03 1.533547267731176500e-02 8.835455601555584904e-02 -1.507975896635868618e-02 -1.070151725995149676e-02 -2.274435683278381096e-02 8.744172540471441268e-02 -6.667162427668389679e-02 7.605809502103727526e-02 -4.003843327810018698e-03 -3.676634489593453691e-03 -8.087425984400804790e-02 1.225372076629606746e-02 -2.453240420350559156e-02 5.883512969425284955e-02 7.251087107383580310e-02 2.441976533493827456e-02 -8.241507050086295527e-02 8.587633821317883220e-02 1.701194705533428872e-02 -2.414689765569598759e-02 -5.658467100683496620e-02 -2.353009793600554025e-02 -4.339072039907537065e-02 -4.309068463300128743e-02 4.391223110310504829e-02 8.890818622641273594e-03 5.256473161722171467e-02 -4.392383755668893830e-02 1.602708177838705131e-02 2.003468028330649200e-02 1.562601593384188928e-02 -4.823676686191228670e-03 1.517623711588308826e-02 -5.018537393966084753e-02 1.955138262029266702e-02 2.764225284950259237e-02 4.676370035268240244e-02 2.688840947201590233e-03 -9.962129010168465151e-03 2.704067730950905635e-02 -8.311743402504814110e-03 -4.560858220820931952e-02 -6.055983505154902830e-02
-1.788539905036282129e-02 -8.225285931274599338e-02 -8.881813108861123796e-03 0.000000000000000000e+00 7.939791652940274627e-03 8.992041738082288960e-04 1.224526393972224549e-02 -9.613838887587738968e-02 3.279491552765392837e-02 5.767473856495719531e-02 2.543428221791836988e-03 -3.751331173956157228e-02 3.941498625179503529e-02 1.540371802685456398e-02 -1.267240621391656046e-02 -4.478256940910303741e-02 -4.546327727165853233e-02 1.654128752122957513e-02 -2.089456563128997205e-02 -4.726393514424787057e-02 -6.198604435329510554e-02 -1.672949459891329843e-02 1.479551400401807370e-03 -2.337241060930830491e-02 -5.119018209951863019e-02 2.648677860298946987e-02 -6.214578952422442071e-02 3.251299636356824035e-02 -4.958919370855151276e-02 2.128441006337020852e-02 6.344925011184197883e-02 -1.141661901818079652e-02 -2.243932597976871363e-02 -2.923112265375648819e-02 -9.147894116131256859e-02 -4.743899965469446089e-02 3.655928441677726987e-02 4.696293429598064756e-02 -2.141575689910300145e-02 1.479417456708690543e-02 -7.228828476014383109e-02 3.229338163800925948e-02 -1.115668935742410439e-01 3.943400603389814185e-02 -5.492676031176003254e-02 -3.542031144805039833e-02 -6.408055208584493602e-03 -8.750750208892373039e-02 -4.752553974302326650e-02 4.776702566658744958e-02 -4.793119888607261236e-02 8.518126455832869537e-02 -1.390187932936543490e-02 -3.392568464917485038e-02 2.843997016689356339e-02 3.536392078327108696e-02 3.024921417956724298e-02 3.254568883785000782e-02 6.649704542138965002e-02 -2.385693280130912405e-02 1.641214123332509003e-02 1.351134046124483588e-02 -3.790106397191388837e-03 -9.805967262360593129e-02 -9.519648121403741572e-03 7.740742195797348235e-02 -6.229990393697688172e-02 -3.774556277901204571e-02
-1.120161527300829289e-02 4.053040364679012797e-02 -7.695620167438071979e-02 7.939791652940274627e-03 0.000000000000000000e+00 -2.267863658926521850e-02 -5.107412992665637946e-02 7.160974202024830704e-02 6.371434535721200165e-02 -1.689225736163671400e-03 1.169417872123458806e-03 -5.691400152971286958e-02 -8.717597674735784452e-02 -8.068510189357489416e-04 -5.703587533506117996e-02 -4.173773139780481006e-02 7.191027145337160198e-02 -1.780440026090661376e-02 4.772644349382509921e-02 1.324008184895382641e-03 -9.695623171031021725e-02 1.136043435758828796e-01 -8.881133532779826589e-03 -3.216133308544325432e-03 2.419099908839472506e-03 -4.529729004300606446e-03 5.661288233827865141e-02 -1.691672523952362020e-02 5.361645059856533918e-02 -2.431955628643092410e-03 2.790509298118910853e-02 1.142199563078956648e-01 8.566874116579551932e-03 8.465520100841857076e-02 5.802255998567105999e-02 1.888517319966744740e-02 -1.000348834444514945e-01 3.541064539390432336e-02 -8.131392097070970493e-03 -7.803867593312763251e-02 -4.320435531362721432e-02 9.652385738789166000e-04 1.381202992281878143e-02 4.900880912353301061e-02 -1.644207637553796522e-02 1.749142878454819708e-02 8.532614541813149031e-03 -6.016291425298112699e-03 7.330315717303427514e-02 2.232784508769429521e-02 -3.506914904695824370e-02 -3.109349483453543658e-02 -4.461921763601702645e-02 1.574576397340575473e-02 1.642140759033592842e-02 -5.332504506568173930e-02 -8.621659041022644576e-02 -1.668884135779832292e-03 6.091784632945353856e-02 -4.120570660460066287e-02 -2.887281508653213868e-02 -2.926019370384975310e-02 -7.574518370863649042e-02 -2.092901172658721484e-02 8.743011041424594842e-02 7.172277705108212609e-02 1.476681636175260215e-02 2.569867400236369726e-02
3.588837192820056032e-02 -4.849387453982633572e-02 1.285856734742162055e-01 8.992041738082288960e-04 -2.267863658926521850e-02 0.000000000000000000e+00 7.001737649376257866e-02 3.932006151074553257e-02 2.456474544933599097e-02 4.158871479942958388e-02 1.957527257204182136e-02 7.064259469959503768e-02 -8.238552652982766497e-03 -3.406357170941801821e-02 -1.248132128525969269e-02 -5.782336721825992454e-02 -2.764374459466302850e-02 5.556656526869933194e-02 2.799263682138697709e-02 6.984258202546020367e-02 2.952090688726046602e-02 1.124510428581795146e-02 6.197513956154358794e-03 5.697843719104158516e-02 -5.960684131361433657e-02 1.107448708679959759e-01 1.414652869633335058e-02 -4.280164341800699046e-02 2.068403469104121775e-03 -3.200218086072876417e-02 3.445913515427271451e-02 4.666932986499457148e-02 -6.029346965125578078e-03 4.821251552409126610e-03 6.209641997582545508e-02 -3.141081724423763766e-02 -4.450381808198178996e-02 7.117679443842846176e-03 5.651949467106202191e-02 1.117860413750451642e-02 1.353988796202646727e-01 2.748580510026023965e-02 1.155107350412795837e-02 -3.259895623743090665e-02 -9.775814728087247468e-03 -5.372484777880590784e-02 4.729405713999195598e-02 8.550937095174232505e-02 -7.201553508705606232e-02 -5.986774276039558140e-02 -2.315897720504197892e-03 -4.957368082546308868e-02 1.805149324282550455e-02 8.274840183699336271e-02 -6.348948733972675784e-02 7.157992199220090945e-02 3.985610355676531824e-02 5.454702252581131866e-03 1.456269217899279662e-02 -3.626058924808483325e-02 3.187977076587431013e-02 3.144974603856831325e-03 -6.186138919267777925e-02 3.095910080068262418e-02 4.093650353084801741e-02 2.445663454765521772e-02 -1.981230443688834775e-02 3.485090636259857667e-04
2.850916070136613051e-02 -5.535983478924556833e-02 1.262873325897324005e-02 1.224526393972224549e-02 -5.107412992665637946e-02 7.001737649376257866e-02 0.000000000000000000e+00 -6.155840753840354646e-02 2.390493909014576330e-03 3.737752091120739861e-02 9.939813130189448231e-03 1.021014223783211217e-01 2.372979291649969513e-02 9.121143766639046302e-02 -3.334506139077235420e-02 -8.117121771721101664e-03 1.226054805737619886e-02 4.576081950742520721e-02 9.602358151815700016e-02 2.410379591168653607e-02 3.014052972173529316e-03 2.929145730748422549e-02 -5.736449859245133093e-02 3.482395405336315142e-02 -1.874384574831109568e-02 2.133866035807878425e-02 -4.962689816782445140e-02 2.429577756330234678e-02 6.402039280993968018e-02 -1.128588924849865949e-01 9.560427504362265308e-03 -6.340695714822978078e-03 4.594476834806993093e-02 -3.804231001357156507e-03 -2.342253037583175157e-02 1.600444866921642284e-02 -2.464930465247442293e-03 -3.177130065572529583e-02 2.157844921325180465e-02 -5.335521058149413770e-02 -1.496132765598122590e-02 -4.771313168590837761e-02 2.854311946580661077e-02 -1.636666959407677424e-02 2.685782327950811052e-02 -3.423935388687000120e-02 7.242574130973512825e-02 4.680832529867285513e-02 -4.576750315391755336e-02 7.605670655545782033e-02 3.076872715449048903e-02 -3.957160062058758671e-02 6.684674842255155201e-03 -5.805223638433536920e-02 9.353318276739450154e-02 8.472861361664281790e-03 2.744072535275613942e-02 7.368448108972552217e-04 2.885821233551738932e-02 -7.297971593058898143e-02 4.974983140155353478e-02 8.815614900632630369e-03 7.870734836692597214e-02 -1.604353619882696591e-02 -7.716772372807476077e-02 -2.643826825329333163e-02 8.587429916475593228e-02 1.926963984188709289e-02
-3.862405812972340233e-03 5.998884987460911117e-04 5.513410330308517876e-02 -9.613838887587738968e-02 7.160974202024830704e-02 3.932006151074553257e-02 -6.155840753840354646e-02 0.000000000000000000e+00 1.007883872934614046e-02 -1.035387285019807001e-02 4.442754185563371067e-02 -6.920833280612412319e-02 1.846177514198549599e-02 -3.012224411251395329e-03 1.765900419568042917e-02 1.455286667303490756e-03 8.720360877620481413e-03 5.743428671489842104e-03 1.501173326482066646e-02 -4.469411849344699650e-02 8.774355488959547505e-03 -6.276031716742043465e-02 6.836435604253991716e-02 -1.382918064044326087e-02 4.926056073119579326e-02 -3.376405006451120572e-02 -9.049919119909776571e-03 8.967859821951357224e-02 -5.644326117862686482e-03 7.065147962188399189e-02 3.553154235778757664e-02 3.174822329818502431e-02 1.334340403370465333e-03 8.940817736548488381e-02 -5.027116826006099159e-02 -6.196924549157058898e-02 -1.001621922515818913e-01 -1.410348095344051388e-02 1.961715500938369591e-02 3.563491806551779412e-02 3.766468177648972515e-02 -4.574471438402506057e-02 -2.407224687529618216e-03 3.664449515248124206e-02 4.805989551640545837e-02 -9.224351105752101945e-03 -6.553011994050489397e-02 2.757691624327951799e-02 -1.030686494989712688e-02 -1.331140871053058776e-02 -3.632330708628597749e-02 -9.683044801848641331e-03 -5.899738430586617954e-02 7.458489446248195952e-03 1.062658829606698101e-02 3.650239178933949169e-02 -4.347742977594803299e-02 7.029815494625342442e-02 -9.717807933225187846e-04 -5.419626027577486432e-02 1.030990930495795897e-02 6.930093332342041057e-02 2.481357891102176777e-02 -1.836357151786214073e-03 -3.209473868204901215e-03 -1.287828244672443445e-01 3.852327226698004647e-02 -6.480461075083759383e-03
3.596601433514108603e-02 6.026043222696948060e-02 -3.170792381117614606e-02 3.279491552765392837e-02 6.371434535721200165e-02 2.456474544933599097e-02 2.390493909014576330e-03 1.007883872934614046e-02 0.000000000000000000e+00 8.335807275157097393e-03 -5.123140093053361183e-02 -1.161808549742880409e-03 -3.841398836098012387e-02 1.883339756007232010e-02 1.245341037220997621e-02 -2.718056342062559819e-02 -1.143894928625946092e-02 -1.707631801797372326e-02 3.466628437308793415e-02 2.546537562914358635e-02 8.679507182580739957e-03 3.416654054054400064e-02 -1.082684056906329031e-03 1.323165617340828736e-02 2.485137454824563191e-02 -4.575391243122740176e-02 -1.519182560037442564e-01 -2.005726807359552166e-02 -3.824096756064618297e-02 -6.902809883489295639e-02 1.816338105116982460e-02 -3.956928940006446994e-03 -5.268795564325951669e-02 -1.125554377178647654e-02 4.263132509201943837e-02 9.475093457110712880e-02 -5.903491574172187867e-02 -6.424163274440260196e-02 -3.708217378883556931e-02 -4.007610871874697084e-02 -8.172472071147317274e-03 2.806065802217926151e-03 -2.599588118749595559e-03 -9.565262081744746459e-02 2.189341040829976409e-02 4.558709535028938019e-03 6.970528515726608088e-02 5.535073064123139513e-02 -2.512739745651898157e-02 -9.074068654906850126e-04 -1.179719065138742085e-01 -3.743975681767722913e-02 1.066098274887355285e-01 -9.574256873076530949e-03 9.269946769486857308e-03 6.994836049909892994e-02 -1.896352318468850010e-02 1.000329539030755076e-02 1.047981898337274620e-02 7.694196980100383165e-02 -9.703372057929578187e-02 -2.832489944492256814e-02 6.327128311951081552e-02 -3.989094137182175662e-03 -4.601049782189268328e-02 -2.444992651269054310e-03 3.434398982706996645e-02 -6.481047080060274579e-02
4.162634339374879019e-03 -5.216131840169232342e-02 -4.974000032031690444e-02 5.767473856495719531e-02 -1.689225736163671400e-03 4.158871479942958388e-02 3.737752091120739861e-02 -1.035387285019807001e-02 8.335807275157097393e-03 0.000000000000000000e+00 5.196517836628152670e-02 1.665375821231292880e-02 -4.128996450546828373e-02 5.489326305538511086e-02 8.025270888885506146e-03 -2.440818470399206200e-02 -5.999924769925104456e-02 -6.026934236952361662e-03 7.611881388504866328e-03 3.090395307609466319e-02 8.935557363123339258e-02 -7.390064124378457888e-02 -5.627267512817576284e-02 8.415202703084961877e-02 -3.249162114004775447e-04 -5.919221260263227841e-02 9.310182611991514937e-03 3.583832962395134408e-02 -2.937824363630145430e-02 -2.194204106920143865e-02 -8.257437899868871542e-03 -2.205524513151836674e-02 -2.954623866423658138e-02 1.003523176210803156e-02 6.583941636691791055e-02 -3.589162186300636631e-02 2.239055493800862912e-02 -3.471824220252542337e-02 -6.114895574815980284e-02 -4.141218227694622167e-02 4.996795792700656907e-03 -9.724058119322766258e-02 -1.285983136394491522e-01 3.764125709611602227e-02 -2.344568653094396965e-02 3.748610334323383003e-02 -2.049653450940054980e-02 -4.488410415009681798e-02 -7.356092414736181695e-02 -1.353274074987913939e-02 -4.279648666929706385e-02 -5.552664116277346990e-02 5.226186974781903138e-02 -4.997267676581888113e-02 -2.301872600802416444e-02 -2.934213176224228711e-02 -3.523398229998465914e-02 1.008969050964577535e-02 2.149942500319481156e-02 1.319311043127524563e-02 -3.581512272556755527e-02 3.409951187456376417e-03 -8.284056270797444943e-02 -4.115301582817209453e-02 4.005741596914755287e-02 -2.448907742941115739e-02 -5.265421808988805796e-02 -2.719501674130437446e-02
-3.321517497249961565e-02 -4.066591742247108870e-02 -1.078687489407509879e-02 2.543428221791836988e-03 1.169417872123458806e-03 1.957527257204182136e-02 9.939813130189448231e-03 4.442754185563371067e-02 -5.123140093053361183e-02 5.196517836628152670e-02 0.000000000000000000e+00 2.565980580710428699e-02 -4.536483148611406002e-02 5.297250375545709683e-02 1.519348089992133763e-02 9.151903251357713931e-02 -9.867771697784891161e-02 1.546742838117333950e-02 9.633018158482752058e-02 6.313937945674426289e-02 -1.005956316436926318e-01 -1.103361127664081141e-02 7.851819470213065866e-02 -1.362985386263054245e-02 3.694398153238167420e-02 7.072387029222700072e-02 -4.417217666779626323e-02 -3.723313524779791033e-03 6.231888947039166543e-02 -1.618296421688911885e-02 -9.818995043751950480e-02 2.264751970058573663e-02 2.346091679999670609e-02 9.352654317982442289e-02 2.453709787051922692e-02 -6.763079571734655071e-02 2.669419039583615164e-03 1.198314467157165532e-02 -2.029207191084847484e-02 2.453162653159647946e-02 -5.074118685347638741e-02 5.895135963891061370e-02 3.536175554144740246e-02 5.676794850514896990e-02 -3.974033667677972365e-02 -4.160247690918685709e-02 5.742655619901702174e-02 1.290579852476653189e-02 -6.028404761970908299e-02 4.004814758853800227e-02 4.954471983781829660e-03 -1.992748647458427239e-02 -4.774420338527146646e-02 6.371718607816283242e-02 -9.656203901059715045e-03 -2.979651921908806414e-02 -3.315818997860535411e-02 -8.678107727982846756e-03 -5.405429469572912982e-02 1.809162164404487169e-02 -1.819409593777880640e-02 -4.528358258241015066e-02 1.745237816465014915e-03 4.167482275643096673e-02 -1.666640919413385838e-02 3.957929503659199377e-02 -8.816315203766345032e-02 -5.312834467610909328e-02
4.722414399517443212e-02 1.647399969400142536e-03 2.508084820580936541e-02 -3.751331173956157228e-02 -5.691400152971286958e-02 7.064259469959503768e-02 1.021014223783211217e-01 -6.920833280612412319e-02 -1.161808549742880409e-03 1.665375821231292880e-02 2.565980580710428699e-02 0.000000000000000000e+00 1.087344779083413218e-02 3.294242844918796043e-02 -1.273487877849743648e-02 -3.492143903350435757e-02 -4.005898030067116256e-02 2.031443245685354490e-02 5.877755582023710262e-02 -3.830320879830573927e-02 -1.977565728351902280e-02 -6.623915876128380620e-02 3.460850631506019737e-02 2.913902063713888491e-02 -4.682732802865650153e-05 -2.385376805015524196e-02 1.530380171728341725e-02 -4.295867679101918191e-02 6.605589200036568465e-02 -1.655067206000472579e-02 -6.355625539289068426e-02 6.048087253798365565e-02 -6.875437716432149238e-02 -4.557404430041811332e-03 6.731889238261255792e-02 -6.379819368755890174e-02 -5.055728661647329591e-02 -1.682606741110742946e-02 2.618173778956746356e-02 -9.450552555602019511e-02 2.939012684110237084e-02 -3.805194834541051480e-02 -4.391134322535787671e-02 -3.693693876978758339e-03 8.751362884601499026e-02 8.376944396302397899e-02 2.066060078066563749e-02 -6.620645039893802153e-02 4.002896037822089442e-02 2.144353785349534247e-02 -8.493936089006969004e-02 4.765564614634973904e-03 4.220829414461942097e-02 7.370792624720556852e-02 -1.359266212418283430e-02 2.091762966459959419e-02 -1.058905273145602233e-01 -1.942724540430547722e-02 -1.284326767916265342e-02 -2.599026183832225251e-02 2.970925825403217951e-02 -5.724381373907990594e-02 4.272302142061296104e-02 5.832820237611930844e-03 -4.221940560921946112e-02 -1.177143019821418057e-02 -8.175402961508254629e-02 9.800208926832681966e-02
2.122567874028636909e-03 8.440065454057212035e-02 -2.813982642307612247e-02 3.941498625179503529e-02 -8.717597674735784452e-02 -8.238552652982766497e-03 2.372979291649969513e-02 1.846177514198549599e-02 -3.841398836098012387e-02 -4.128996450546828373e-02 -4.536483148611406002e-02 1.087344779083413218e-02 0.000000000000000000e+00 -3.355744917353035289e-02 3.096702098359425601e-02 6.526856202863252909e-02 -5.075051760339564788e-02 -6.073380428656002111e-02 -1.870867570043878783e-02 -1.190590045654269791e-01 -4.332654075894221829e-02 4.230014842225118116e-02 2.353957446414470939e-02 -3.301152041610624574e-03 -3.984507648263024143e-02 3.675433550909776997e-02 -5.110618281979861094e-02 -1.620559075157697315e-02 -8.574895803644427827e-03 2.867107592783555217e-02 2.369344252217377850e-02 -3.520028474534617896e-02 -2.586090207543641911e-02 3.190410322366454571e-03 2.268419670817636499e-03 2.859151097870671690e-02 1.337960478743013548e-01 9.636738717438809998e-02 -4.309382634416038943e-02 -4.049243960299461070e-02 -6.565639257138948005e-03 -2.549474335160739277e-02 -7.189574541184684531e-02 -4.521243276687608725e-02 -1.503591254110265840e-01 -2.116984222208560459e-02 -5.793685680948593326e-03 -1.141905375331018872e-02 -2.846279304144713751e-02 -1.261769734365591478e-01 -2.896316264621801723e-02 1.673113991372098333e-02 -8.424148754959661853e-03 -6.905191208270335113e-02 -3.089818687840943656e-02 5.800114311628115117e-03 1.167187280950159403e-02 2.972505819294773977e-02 -1.122681984404054617e-01 -4.675738963901510115e-02 6.274313953661951604e-02 6.434934357967234120e-02 -2.481773123937583425e-02 8.360369620188655079e-03 -5.119107991594940010e-02 -4.441925060111844709e-02 2.301205121901911399e-02 4.193351587796705082e-02
-1.070463582246558576e-02 -7.569203375815991564e-02 -6.912227596249756988e-03 1.540371802685456398e-02 -8.068510189357489416e-04 -3.406357170941801821e-02 9.121143766639046302e-02 -3.012224411251395329e-03 1.883339756007232010e-02 5.489326305538511086e-02 5.297250375545709683e-02 3.294242844918796043e-02 -3.355744917353035289e-02 0.000000000000000000e+00 3.361626428959622881e-02 2.025955771940265646e-02 4.164221264591867755e-02 2.450108647460317451e-02 6.889497187354409746e-02 4.946394820087434384e-03 3.433988712322993964e-02 1.565265039132160418e-02 -3.675974231855848318e-02 1.241599928464946333e-03 1.301918806699436243e-02 8.884082158494951281e-03 -3.385687902387433945e-02 -1.383030109282721611e-02 6.133541696197638421e-02 4.667426268587284051e-03 -5.867411847987262334e-03 -3.581344147794051497e-02 2.695556887335817317e-02 8.916801542683963980e-03 2.731545708483833212e-02 -4.408485766608855050e-02 -3.680014108717340887e-02 3.114322779403699143e-02 1.792956897334155308e-02 -2.700190709199149636e-02 -6.003942622805275714e-02 -3.033434007811858929e-02 -2.905748088199369694e-02 2.622264031853517238e-02 8.650719356661479287e-02 2.796359888992660733e-02 1.606425337428995376e-02 -1.099329532013681027e-01 5.653994818226053959e-02 1.236124105736838459e-02 2.864129864880822496e-02 -7.749759375331135474e-04 -1.337068256954012345e-02 -8.288459659002031521e-02 -5.078427717071310257e-03 4.589926747512093619e-02 -2.994691813632636632e-02 3.694508404543717789e-02 -6.309304335010856857e-02 -9.501805545207171397e-03 -3.982840153230938346e-02 -4.487536516355877109e-02 7.291803520859356513e-02 -1.159953666251200693e-01 -1.481961212464641929e-02 -2.244870639357383901e-02 -5.849738368209682349e-02 -6.527084473611276250e-02
-5.012428976059337717e-03 -3.125680511056695005e-02 -3.029972785212202424e-02 -1.267240621391656046e-02 -5.703587533506117996e-02 -1.248132128525969269e-02 -3.334506139077235420e-02 1.765900419568042917e-02 1.245341037220997621e-02 8.025270888885506146e-03 1.519348089992133763e-02 -1.273487877849743648e-02 3.096702098359425601e-02 3.361626428959622881e-02 0.000000000000000000e+00 -2.696146056342564254e-02 -1.971726789414660064e-02 -6.878029352108128158e-02 -3.421005825074122098e-02 -2.993530987623057096e-02 7.148939362542096332e-02 3.927176735305550059e-02 -6.230632650028827824e-02 8.867941794644450260e-02 3.392935529153346536e-02 3.290240060704498898e-02 -6.855226897489434534e-02 -5.303804505577717349e-02 5.000017710703622692e-02 1.605215686362707408e-02 2.413320002866271505e-02 -8.392568966136335074e-02 2.937462207608292769e-02 5.257032493296555364e-02 6.837305823123474013e-02 -2.044978672722242916e-02 -1.119560834613187936e-02 2.333917102518500222e-03 -8.426277655606903561e-02 -3.696627121590077836e-02 -2.354533307442238654e-02 -4.488841502177639414e-02 -4.748450055898132544e-02 -5.364322038856328412e-02 -5.745879427625848190e-02 4.330288995713069133e-02 7.469944839008596169e-03 5.606441550623498388e-02 9.715175638908174136e-03 1.871169178056216256e-02 3.235549994157510545e-02 2.016356928231003917e-02 1.794429349642827701e-02 9.278295850645630963e-03 4.485069523357885363e-02 -1.791246097430730655e-02 4.395819579227260715e-02 -2.711144996717777811e-02 6.948135997813739868e-03 3.470621754605775211e-02 -8.794941994061780677e-02 -7.676680379468077409e-02 -8.830809090549653073e-02 6.873684117822259632e-02 -4.007661855689872293e-02 -1.295949093926362754e-02 -6.890713503327160205e-02 -7.140800459069428230e-02
-7.014651286483017389e-02 6.009059248248735559e-03 -6.126045996351880268e-02 -4.478256940910303741e-02 -4.173773139780481006e-02 -5.782336721825992454e-02 -8.117121771721101664e-03 1.455286667303490756e-03 -2.718056342062559819e-02 -2.440818470399206200e-02 9.151903251357713931e-02 -3.492143903350435757e-02 6.526856202863252909e-02 2.025955771940265646e-02 -2.696146056342564254e-02 0.000000000000000000e+00 2.043994819857494413e-02 -2.260385038622941128e-02 -7.172543120248212056e-02 -8.575457050890333485e-03 1.102725892197258112e-01 -2.266425760483309002e-02 5.236308914071332449e-02 -9.041061852031810966e-03 -6.009138594607271733e-02 3.718313798449091739e-02 4.651245467108059556e-02 1.065686878706747706e-02 5.315674702858472905e-02 1.734966916296489664e-02 -7.587958805835240406e-02 1.152095886138235492e-01 2.378615908843096163e-02 3.584376448527087922e-02 -3.406599963184040944e-03 -2.198142185415805083e-02 2.410207462268042916e-02 6.869523532300970958e-02 9.766887817286230150e-03 -1.137051427344912546e-01 1.022623783738994402e-01 7.793019791051866707e-02 2.421232945128509381e-02 -3.195203964029819099e-02 -1.439969166948422974e-01 -3.256173433951342622e-02 -2.197665538882654854e-02 1.667841366855534954e-02 -5.621283223127161721e-02 -2.413153526684384126e-02 3.581186054516891787e-02 5.533092344713734512e-02 -1.042868863680313368e-01 3.386910916753687467e-02 -3.227352525283278678e-02 2.635789875251430547e-02 1.330310581635602701e-02 2.201176122794096593e-02 -1.368104110937651274e-02 3.194022599279762453e-02 4.231290994059445226e-02 -7.409449552690123078e-03 -4.915898702620661448e-02 -3.594628928407726104e-02 -5.699001909215107436e-02 8.886610828569205256e-02 -3.280327008156313368e-02 -2.400328891249461569e-02
4.088681593972487427e-02 7.664447898004551896e-02 -3.888505573738476606e-02 -4.546327727165853233e-02 7.191027145337160198e-02 -2.764374459466302850e-02 1.226054805737619886e-02 8.720360877620481413e-03 -1.143894928625946092e-02 -5.999924769925104456e-02 -9.867771697784891161e-02 -4.005898030067116256e-02 -5.075051760339564788e-02 4.164221264591867755e-02 -1.971726789414660064e-02 2.043994819857494413e-02 0.000000000000000000e+00 2.329396236308140314e-02 8.220526699409327898e-03 3.459334459154738643e-03 3.013890716466717523e-02 -4.454247790613684484e-03 -6.020880841380152337e-02 3.371255321676303734e-02 7.021415634771806247e-02 -4.257759993730697405e-03 2.520042851870597095e-02 2.719226653739908323e-02 3.694820592868159215e-03 3.773857101131519037e-02 7.515821447999711247e-02 -2.248323891211584987e-03 4.109279623766266126e-02 -5.054555502002772323e-03 9.114748453085126656e-02 -1.670233035416664093e-03 -4.415224336349089090e-02 -5.559481798519174539e-02 -5.624784160853428527e-02 -1.872703051897723486e-02 4.206687273856636600e-02 4.441234101193564793e-02 7.033656181030747967e-02 -3.077210297138024964e-02 9.522063941567465717e-02 4.245147971887892543e-03 -7.109727863246393352e-03 1.121009043588828274e-02 5.660406494199515109e-02 -5.662528491371816852e-02 -7.390905353791557553e-02 -3.365693986373383909e-03 -3.158246276008925407e-02 1.755803882792545886e-03 -5.038826848123004187e-02 -4.765983806304883996e-02 3.586409670016964257e-02 5.543894591590923376e-02 -2.152431556003414972e-02 -9.227604519087033441e-02 2.267761596814009753e-03 7.991536615786744291e-02 1.255321120787986251e-02 -4.132689027333521364e-02 1.258020960958902614e-03 -1.105274357741896189e-02 -1.718872207810213243e-02 1.487625558600610661e-03
4.425421608255759864e-02 5.809287689325141196e-02 -2.949678233679755082e-02 1.654128752122957513e-02 -1.780440026090661376e-02 5.556656526869933194e-02 4.576081950742520721e-02 5.743428671489842104e-03 -1.707631801797372326e-02 -6.026934236952361662e-03 1.546742838117333950e-02 2.031443245685354490e-02 -6.073380428656002111e-02 2.450108647460317451e-02 -6.878029352108128158e-02 -2.260385038622941128e-02 2.329396236308140314e-02 0.000000000000000000e+00 -4.869211281743499736e-02 -1.270331823415567774e-01 7.107744357751498432e-02 8.136676213457702056e-04 4.759923569575732344e-02 -3.434344141719995053e-02 -5.936833161598467634e-02 1.781490595203710087e-02 -6.918129778724502188e-02 2.874174977721900490e-02 4.182328165822115501e-02 5.882466349519003407e-02 2.076584075435968998e-02 6.275790377341813886e-02 -2.038596121312445664e-02 7.526202073000788639e-02 -1.121906192556849577e-02 5.482233629486509691e-02 9.009885963993073330e-03 1.046928269587734652e-04 1.073124258349256351e-02 4.023280196441170187e-02 -1.444471924287412702e-02 -2.171544600080676634e-03 3.554947755072875720e-02 -1.152453793891777302e-02 5.597104335289455196e-02 2.729845909601125858e-02 5.889334177750664423e-02 -8.260716760620301358e-02 1.831557968842664752e-02 -4.237376379690182410e-02 2.904499012873166391e-02 -4.420307287936475760e-02 7.592313036294659478e-02 3.584482417943782306e-02 1.784422520730070960e-02 9.512318766207719656e-02 2.712145067053045935e-02 -1.712216679543822340e-02 -7.004207980069053832e-03 -1.620900653049793874e-02 3.447353390130494105e-02 -3.346460062239361294e-02 -3.827897210198741990e-02 -2.716428830419100396e-02 7.358231890800276398e-02 6.088291902574106268e-02 3.240601491157916320e-02 6.462136132383240750e-02
-3.693722474785523374e-02 -3.104893822111210334e-03 3.043861078344252055e-02 -2.089456563128997205e-02 4.772644349382509921e-02 2.799263682138697709e-02 9.602358151815700016e-02 1.501173326482066646e-02 3.466628437308793415e-02 7.611881388504866328e-03 9.633018158482752058e-02 5.877755582023710262e-02 -1.870867570043878783e-02 6.889497187354409746e-02 -3.421005825074122098e-02 -7.172543120248212056e-02 8.220526699409327898e-03 -4.869211281743499736e-02 0.000000000000000000e+00 -3.636560365105014070e-02 2.026247734222610779e-03 5.289203456370369580e-03 -4.173947119391226840e-02 -4.004272031264700243e-02 1.514233491946602971e-02 4.446359739459623123e-02 -1.000712548950742110e-02 -2.275354540131582781e-02 1.264716674162076962e-02 3.339353887876423538e-02 6.976982521124903275e-03 -7.198570445521963734e-02 -4.056544180265103661e-02 -4.234907752699722944e-02 -8.804222011091888261e-03 -1.015952452327181961e-02 -2.164888537177770550e-02 5.001335899672183956e-03 -7.024603164856126070e-02 3.636546794178699415e-02 1.022558763134349263e-02 -3.127501149815939407e-02 1.292428768707052852e-02 1.083433499660392679e-01 4.899944694387085159e-02 8.729103057388844233e-02 3.796665982778416049e-02 -2.169511381535464407e-04 -4.474964944442998138e-02 -4.461081856876910993e-03 -2.642178122179191305e-02 -3.321085975761548653e-02 1.524818460676588506e-03 1.796723300214542185e-02 6.482759501099465138e-02 2.003083155597337739e-02 -1.778802202828845269e-01 -9.264641063107380281e-02 4.264274056660807832e-02 -6.276246927464618208e-02 -1.584407332915242599e-03 -3.194181554334166173e-02 5.435402749400582850e-02 1.277814835573035449e-02 5.719505532286447980e-02 2.966512785225271578e-02 -4.537617902884563681e-02 1.661633878115882992e-02
6.148102181098384633e-02 2.104486174161275883e-02 4.690316831268636320e-03 -4.726393514424787057e-02 1.324008184895382641e-03 6.984258202546020367e-02 2.410379591168653607e-02 -4.469411849344699650e-02 2.546537562914358635e-02 3.090395307609466319e-02 6.313937945674426289e-02 -3.830320879830573927e-02 -1.190590045654269791e-01 4.946394820087434384e-03 -2.993530987623057096e-02 -8.575457050890333485e-03 3.459334459154738643e-03 -1.270331823415567774e-01 -3.636560365105014070e-02 0.000000000000000000e+00 -1.809502860751183162e-02 -5.980487340469149010e-02 -2.464052723693868283e-02 -2.411348725031490711e-02 2.353283449900053434e-02 -1.153501255847853672e-02 8.557078747127620788e-02 5.230605459157445375e-02 -7.300042565715025855e-02 -4.243986048528131105e-03 1.534632677218182974e-04 2.049900783219647110e-02 1.768736048837956602e-03 -1.056273576287850881e-02 5.800633587126582946e-02 2.225053361943303554e-02 -7.324470104622342326e-02 -4.534043513912429380e-02 1.236772209066592208e-02 -1.491746230692570299e-02 4.461082569334728215e-02 -4.704063830589626932e-02 1.502622888839065703e-02 1.672495460716663315e-02 1.370777352050536052e-02 -4.100606878504178127e-02 3.506774145686111094e-02 -5.094531801592627751e-02 3.095796815910110272e-02 4.039551453457918689e-02 5.599576431027613981e-03 -4.004450814509199347e-02 4.124405851559447694e-02 -4.228178400741471749e-02 2.640395408415478762e-02 -5.843475533228564139e-02 8.534209979135724822e-02 2.288202078949376148e-02 -7.579523593192773190e-02 6.467643266427003379e-02 6.749371129504234956e-02 -8.200056169512785764e-02 -2.336183775754858711e-03 3.084164553654353616e-03 2.924121247698720574e-02 5.096092924766015830e-02 4.419564749002593412e-02 -1.421538335122428040e-02
3.047332267599355340e-02 9.682457554591854254e-02 2.293838303217004063e-02 -6.198604435329510554e-02 -9.695623171031021725e-02 2.952090688726046602e-02 3.014052972173529316e-03 8.774355488959547505e-03 8.679507182580739957e-03 8.935557363123339258e-02 -1.005956316436926318e-01 -1.977565728351902280e-02 -4.332654075894221829e-02 3.433988712322993964e-02 7.148939362542096332e-02 1.102725892197258112e-01 3.013890716466717523e-02 7.107744357751498432e-02 2.026247734222610779e-03 -1.809502860751183162e-02 0.000000000000000000e+00 7.728948204264203536e-02 5.963482023539316834e-02 5.493806955795845631e-02 -4.442387159259756496e-02 2.052732146422838952e-03 5.811121534850270665e-02 7.326804737772307785e-03 -3.576624603312905659e-02 5.717590677744642524e-02 -1.475614758129185217e-02 7.097640421642746611e-02 2.726856860198247079e-02 -3.563010415025993916e-02 -9.557310230697302691e-03 1.644380629511380714e-03 5.323637033242127614e-02 -3.292049332639056941e-02 5.245719471575156778e-03 1.667499129653701728e-02 7.188040108991256005e-02 -9.711119662744764278e-03 -9.335159376245179275e-02 7.736992521354614689e-03 4.259921382293352377e-02 1.402527132631828898e-03 -2.864193941799574386e-02 2.798749983683706394e-02 1.804213586488013035e-04 -6.455012244542535083e-03 -1.482104765885816286e-02 -2.177371182252023363e-02 -5.293177921974662886e-02 -7.077416350956218516e-03 -9.184651235256557564e-03 2.926457572968652401e-02 7.547089663522535408e-02 -3.483597391716658498e-02 2.609759837019810444e-02 3.357588994525592674e-02 4.912543740119270676e-03 -3.223139824776169449e-02 -1.022314184699924834e-02 -3.771753276439111097e-02 -2.365716441284547097e-02 -6.153985344096250809e-02 2.270220869935361124e-02 2.678320889831790810e-03
1.753891813873880226e-02 4.556436059816178913e-02 -6.585728912907404253e-02 -1.672949459891329843e-02 1.136043435758828796e-01 1.124510428581795146e-02 2.929145730748422549e-02 -6.276031716742043465e-02 3.416654054054400064e-02 -7.390064124378457888e-02 -1.103361127664081141e-02 -6.623915876128380620e-02 4.230014842225118116e-02 1.565265039132160418e-02 3.927176735305550059e-02 -2.266425760483309002e-02 -4.454247790613684484e-03 8.136676213457702056e-04 5.289203456370369580e-03 -5.980487340469149010e-02 7.728948204264203536e-02 0.000000000000000000e+00 4.103772712362416773e-03 7.696689495756297607e-03 3.665461992517371481e-02 5.750792697814513521e-02 -7.354422037400769330e-02 -2.258808824733770163e-02 8.963318521149693519e-02 -8.354425840674717385e-02 -1.242353595945512590e-02 -1.189714371064229913e-02 6.004700940007041965e-02 5.463874388201072491e-02 3.098374860603745479e-03 3.487236046811590523e-02 -2.567869452144163830e-02 8.314861307964105386e-03 -7.039566533505155557e-03 -2.130561324316226218e-02 -8.929671948926942715e-02 -2.010975514912735976e-02 -3.282004888672596793e-02 2.515213815562913208e-02 4.486136380100157889e-03 -3.392701191662102211e-02 -2.064465161838105120e-02 8.551923623655702245e-02 -3.585732764191769330e-04 3.400606962955417950e-02 5.252293718798761030e-02 -5.572179972377556967e-02 -5.079398387509544144e-02 -3.218480221144458774e-03 5.529276725564157002e-02 5.298213093940452173e-03 -3.915552594087846894e-02 -5.434286283497202080e-02 -6.000384033458040778e-02 -2.773221856498931433e-03 -2.925509123090876476e-02 -2.515186985484240897e-02 1.096821478858148874e-02 -1.854284451368549622e-02 4.074631449305542857e-02 -1.607675088652170403e-02 3.913841546997659515e-02 7.710686163651830904e-02
3.057959596236984462e-02 -3.352920927495746991e-03 3.300718275234011678e-02 1.479551400401807370e-03 -8.881133532779826589e-03 6.197513956154358794e-03 -5.736449859245133093e-02 6.836435604253991716e-02 -1.082684056906329031e-03 -5.627267512817576284e-02 7.851819470213065866e-02 3.460850631506019737e-02 2.353957446414470939e-02 -3.675974231855848318e-02 -6.230632650028827824e-02 5.236308914071332449e-02 -6.020880841380152337e-02 4.759923569575732344e-02 -4.173947119391226840e-02 -2.464052723693868283e-02 5.963482023539316834e-02 4.103772712362416773e-03 0.000000000000000000e+00 -2.508122331719216461e-02 -2.519607504183382293e-02 1.991171184292230001e-02 7.189873730897809734e-02 -5.917697929888062792e-03 1.637778007101530625e-02 3.405131512845108177e-02 -5.564913119403499392e-02 1.130812336267800720e-02 1.829806259492807894e-03 -7.554452255253579773e-02 -4.625538777585049693e-02 -6.920511908943520474e-02 6.327033256875351855e-03 2.614141791637520241e-03 2.979007280407638264e-02 6.248050816038439037e-02 5.581343924679304375e-02 2.458969472055527739e-02 4.762310329662755581e-02 2.128802047523666377e-02 -3.415443168158259664e-03 2.920138601179959881e-02 6.214253809732198097e-02 2.419750450305152220e-02 -8.674654998337230985e-03 1.730052959408221944e-02 7.491846222943189526e-02 4.185370632269938551e-02 1.213153745503580266e-01 2.178805510306576487e-02 3.424856187930899049e-02 8.702056292517454383e-02 4.011415532377579640e-02 -1.961114790599593344e-02 -6.746557192575611955e-03 1.447188714045573830e-02 5.075213754726962817e-02 3.807935258086827396e-02 2.432740926291682149e-02 -2.325340047237203431e-02 -7.745181872311079907e-02 -5.443917822870031342e-02 4.068749129426894873e-02 2.797639760201839354e-02
