0.000000000000000000e+00 3.177675893802603402e-02 -3.521032937058769016e-03 -1.781621090550266837e-02 -1.114919392543709323e-02 3.590733821820616539e-02 2.917629589483088440e-02 -3.745146418525582225e-03 3.597764882200315401e-02 4.301367024519985385e-03 -3.308613583156280735e-02 4.740783185609011297e-02 2.048528875157701497e-03 -8.157904852360346043e-03 -4.891635029703824550e-03 -6.994793773523526326e-02 4.090765807400811166e-02 4.433906862170574475e-02 -3.677373816378942673e-02 6.145751394419602526e-02 3.045660677107051711e-02 1.764340608237309482e-02 3.068048035284739669e-02 6.631411220482383295e-02 2.120865824607813185e-02 -4.095649590093653446e-03 -2.456062234729407961e-02 -2.388385897935839386e-02 2.594967375967989834e-02 -2.267225035534126479e-02 -5.863169935221897860e-02 -1.126964421687924600e-02 -6.168545083047238808e-02 -3.236248792971776339e-02 -3.360947035749033834e-02 2.957193564460787807e-02 3.747734051269509259e-02 2.592442312976222379e-02 -3.383344940786729010e-02 1.518682000990216087e-02 5.113959795277703280e-02 -6.516367361554864512e-03 5.453344030305968398e-03 2.509767130592598441e-02 5.437207172042769765e-02 -6.589377231025136950e-02 1.005934417717683702e-02 2.862468803872874820e-02 -4.511931778004062144e-02 5.863059270327385109e-02 3.098552943026937345e-02 -8.986793922570558701e-02 1.500783060494234600e-02 1.364044912664572930e-02 -8.521337310044614644e-02 -8.134353757732959433e-02 4.893480827672756078e-02 -3.165398634233730635e-02 4.580783570560759826e-02 -2.805406152815913268e-02 -4.145362897377338068e-02 -2.597240810796278693e-02 9.057312936646402454e-04 -1.849564998457521245e-02 6.514323142915663667e-02 3.445686974538756872e-03 -1.993538839796235584e-02 1.081464820196573369e-02
3.177675893802603402e-02 0.000000000000000000e+00 -1.044843584376132090e-01 -8.238815433101441543e-02 4.065896892189206635e-02 -4.855752923315427572e-02 -5.570678137064865448e-02 2.887331053619741927e-04 6.051596509988492467e-02 -5.243788402544156957e-02 -4.058902690121234808e-02 1.561312061735856691e-03 8.469059477578468054e-02 -7.571284501079765528e-02 -3.116106444448058649e-02 6.080350400494815254e-03 7.661884763438872592e-02 5.795858996323539902e-02 -3.023393078181088860e-03 2.094715971838368232e-02 9.685076600180909934e-02 4.748427799763090679e-02 -2.935948215949424431e-03 -8.704763968068358893e-03 2.602104568015176783e-02 2.547917132319843861e-02 6.904895759616518428e-03 -3.462446694326096197e-02 -4.540172154736518695e-02 6.506774865469938662e-02 -3.214784190593846739e-03 4.686687926734893483e-02 -2.729122915113451481e-02 1.644926102839521995e-02 -3.991031832540239271e-02 2.220387326345079140e-02 2.411240169888584015e-02 -3.034892485456256242e-02 -6.099705550118866837e-02 6.847386021110411607e-03 -8.853940596848285105e-02 4.337596445380084015e-02 2.638088633902919283e-02 2.384541637191445879e-02 -2.568754410618000195e-02 5.154501021843902256e-03 -1.568500894971652099e-02 -4.103876540413765872e-02 -4.352802629337454432e-02 -3.515365969036083477e-02 4.349828124048313316e-02 2.978353395465404077e-02 -2.600468190056115254e-03 2.717448185207365849e-02 3.319454255156711886e-02 -5.641489268649090699e-02 5.119370194331680085e-02 -8.345449459666139103e-02 -8.766739074267777820e-02 -5.266994075564310901e-02 -6.085919000004407463e-03 -2.257821999103499719e-02 -3.126267776382801039e-02 -1.205395989120739558e-01 -3.850271209448435233e-02 -9.777591521250331499e-03 3.885130153591793284e-02 1.247172033228611532e-01
-3.521032937058769016e-03 -1.044843584376132090e-01 0.000000000000000000e+00 -9.127334291356543894e-03 -7.686612127934655536e-02 1.288452684612244881e-01 1.320263355076606998e-02 5.586650746099252468e-02 -3.228087032861942651e-02 -4.983116926485989945e-02 -1.061287394884272497e-02 2.519268416637553479e-02 -2.804992263535823274e-02 -6.860275179088627488e-03 -3.070978114671238726e-02 -6.040209953089314271e-02 -3.637884426692803569e-02 -2.931301337384942599e-02 3.037845629969609593e-02 4.835421553950719833e-03 2.443737460868421543e-02 -6.593542692902761015e-02 4.113204776050532335e-02 -2.446971232104336313e-02 1.930176206211452455e-03 1.990799173933937433e-02 9.403204698880200663e-02 -1.485590505396798891e-02 -1.042062572116985580e-02 -2.227057610826351647e-02 8.773632650661852828e-02 -6.680920281018580542e-02 7.634120784973726093e-02 -3.983493908876859467e-03 -3.642656191407978635e-03 -8.075429377600432113e-02 1.246652336368623583e-02 -2.447361173317651878e-02 5.925266485133845462e-02 7.276952859173037302e-02 2.491203915772157926e-02 -8.239320143173493871e-02 8.613700380034131077e-02 1.724833266813696753e-02 -2.395622930453045890e-02 -5.626778439472297083e-02 -2.359178521092989214e-02 -4.330428500584196372e-02 -4.294154072529659388e-02 4.430127976859180722e-02 9.145194868845820529e-03 5.296935600101972813e-02 -4.375012152935915666e-02 1.598705364073430002e-02 2.019100275849722292e-02 1.555306510829174843e-02 -4.080180145797140945e-03 1.545570451280891232e-02 -5.027705428928572889e-02 1.970596041563744960e-02 3.256558678169831772e-02 4.685024770831182350e-02 2.313239493908293091e-03 -9.977929763709996250e-03 2.677816252988063708e-02 -8.664999546860684826e-03 -4.519196796900185054e-02 -6.006456335476213770e-02
-1.781621090550266837e-02 -8.238815433101441543e-02 -9.127334291356543894e-03 0.000000000000000000e+00 7.965220121236493353e-03 9.279440224254924437e-04 1.262426763660577829e-02 -9.600376766774466886e-02 3.289967773448232435e-02 5.829245367801171723e-02 2.620557438797842600e-03 -3.715521061979864398e-02 3.924680874143572640e-02 1.521122945415600940e-02 -1.262581915379925278e-02 -4.478243380799203088e-02 -4.561212945490836224e-02 1.644058792209180872e-02 -2.097587428616031271e-02 -4.546199959287811065e-02 -6.182896977861096488e-02 -1.694651263104167069e-02 9.679386249042909668e-04 -2.150728382937425534e-02 -5.111969445083257291e-02 2.617784590747423978e-02 -6.137373735937520086e-02 3.522260308833144449e-02 -4.955329566696818622e-02 2.110941986778249943e-02 6.346037942142510047e-02 -1.132630197642468632e-02 -2.254787044388073189e-02 -2.944128031286955341e-02 -9.155257821947906938e-02 -4.734942064156916208e-02 3.642773306601041622e-02 4.731286594053825401e-02 -2.144337163743546826e-02 1.467563455503350864e-02 -7.240287303710046807e-02 3.205586442927255836e-02 -1.113780970688316996e-01 3.949389524577507499e-02 -5.506319009607903853e-02 -3.541670934587608233e-02 -6.396176944955078540e-03 -8.782022888769276669e-02 -4.748049214206413737e-02 4.785518366838072135e-02 -4.797504099724620580e-02 8.515585050337172446e-02 -1.387536143437207922e-02 -3.377207251305326674e-02 2.845224590321885835e-02 3.521088473160463583e-02 3.020007122939895663e-02 3.280608885634598432e-02 6.639818031112366958e-02 -2.393792509603757598e-02 1.472749698337876695e-02 1.373302148222351957e-02 -4.050297384340724623e-03 -9.833005232949154628e-02 -9.565234801100289119e-03 7.738140623857811540e-02 -6.236653336266255454e-02 -3.776917823447559219e-02
-1.114919392543709323e-02 4.065896892189206635e-02 -7.686612127934655536e-02 7.965220121236493353e-03 0.000000000000000000e+00 -2.206398066707560696e-02 -5.109998701026902818e-02 7.160078419163386221e-02 6.426313175123185562e-02 -1.717094254172865436e-03 1.231047493113654381e-03 -5.679752857422978168e-02 -8.690379176270611461e-02 -6.451685924080650947e-04 -5.503721175459345971e-02 -4.180087806521635974e-02 7.195898998914257438e-02 -1.779917347375290990e-02 4.778545548457084624e-02 1.279601570680570727e-03 -9.690236412472520711e-02 1.136876937432034496e-01 -9.674444884656470400e-03 -2.633415727449473550e-03 2.492768930735367924e-03 -4.410614530371871622e-03 5.496442188979788757e-02 -1.722411106778122189e-02 5.370220376442832316e-02 -2.587685218208886882e-03 2.791982655383993747e-02 1.148604420293597439e-01 8.589656040653561447e-03 8.498814228568352114e-02 5.803818750469003779e-02 1.887303880954067925e-02 -1.005228189632579872e-01 3.539127584843234503e-02 -8.154544344315050111e-03 -7.795162995651322424e-02 -4.351152063211016774e-02 7.928770561530222192e-04 1.379579576626692970e-02 4.872247493561412957e-02 -1.647400107572650693e-02 1.751805694302364241e-02 8.626337091811764335e-03 -6.087192053652710697e-03 7.325670608950676788e-02 2.209921903563639642e-02 -3.530884988032608612e-02 -3.112246876977797436e-02 -4.464785176244828735e-02 1.585744126939133899e-02 1.587926341873837147e-02 -5.323405227738012280e-02 -8.666539990783468650e-02 -1.790692492179623207e-03 6.091374491175707145e-02 -4.152973211560514327e-02 -2.808308766010200741e-02 -2.964992289151978030e-02 -7.579980570638523985e-02 -2.111419847356892088e-02 8.734080167182779741e-02 7.173151934376498229e-02 1.464772861817073037e-02 2.548147695866148296e-02
3.590733821820616539e-02 -4.855752923315427572e-02 1.288452684612244881e-01 9.279440224254924437e-04 -2.206398066707560696e-02 0.000000000000000000e+00 7.061177392952999732e-02 4.243089547791373262e-02 2.467494027047610269e-02 4.445766066159381052e-02 1.989860215159603915e-02 7.184133451442252516e-02 -8.084625452889026426e-03 -3.338102052863763797e-02 -1.166550224857701434e-02 -5.775642621680456695e-02 -2.735653754905316773e-02 5.568105378607372813e-02 2.817621486662237607e-02 6.987791066158409448e-02 2.962075298137500229e-02 1.107718827262579517e-02 6.884978583298233430e-03 5.710221272681601651e-02 -5.950880666865038249e-02 1.110924123537467417e-01 1.534284072268344082e-02 -4.142318176549635717e-02 2.369857660743921769e-03 -3.177032784108720087e-02 3.454675117831584180e-02 4.718407062964766890e-02 -6.076376942189310598e-03 5.366751885787005710e-03 6.227891361668082271e-02 -3.147977962369279126e-02 -4.456823307796697886e-02 7.131774795847011135e-03 5.637558915830757911e-02 1.108064489731818911e-02 1.355667044511682795e-01 2.751719012794937025e-02 1.136842680734168574e-02 -3.220796416421841529e-02 -9.687248114540894864e-03 -5.359143737870120106e-02 4.724955913944242636e-02 8.579661874475723315e-02 -7.201768559628536626e-02 -5.973941148027648446e-02 -2.398943622727879414e-03 -4.966365523149941091e-02 1.799533627133286656e-02 8.263884377359777267e-02 -6.324383363227023547e-02 7.155008843513789574e-02 3.928268673145884210e-02 5.751867997311684542e-03 1.460924442897959703e-02 -3.626967143535444332e-02 3.193645993312934500e-02 3.872875622017721200e-03 -6.172430334570103844e-02 3.113638485297824665e-02 4.097920404362812019e-02 2.427609269833953115e-02 -1.992060316643060394e-02 3.847806345168944698e-04
2.917629589483088440e-02 -5.570678137064865448e-02 1.320263355076606998e-02 1.262426763660577829e-02 -5.109998701026902818e-02 7.061177392952999732e-02 0.000000000000000000e+00 -5.881353417277127710e-02 2.216485078045418028e-03 4.136912075909910530e-02 1.032993625487281519e-02 1.020561964797869065e-01 2.355959546144229325e-02 9.545806928588589091e-02 -3.341902052957897856e-02 -7.878232987100395115e-03 1.266064322057124276e-02 4.641646281213469144e-02 9.635029077575057999e-02 2.453427284974806985e-02 4.070981596537718086e-03 2.888797755736228004e-02 -5.613253973258669483e-02 3.582431599520539273e-02 -1.837165783338935710e-02 2.153288944913586342e-02 -4.763005555885962972e-02 3.605365290919800708e-02 6.538876720065316117e-02 -1.094485706092653832e-01 9.564648698309176356e-03 -6.150755582825136181e-03 4.608539207476908955e-02 -3.074631008701997001e-03 -2.325907816986044069e-02 1.538365553894035544e-02 -2.436440095863991444e-03 -3.180984149842985831e-02 2.141819993302274822e-02 -5.345733293448891310e-02 -1.467395545476656016e-02 -4.790710601433225552e-02 2.827944312201757099e-02 -1.659982896729905386e-02 2.667712294429483086e-02 -3.465492307971497488e-02 7.219599032753350187e-02 4.622634302443457549e-02 -4.561691163480481592e-02 7.629638380631727224e-02 3.078480637233253769e-02 -3.952771636836299035e-02 6.678726487353112140e-03 -5.858979934126985062e-02 9.376957677786905421e-02 8.531239775772506487e-03 2.782263992655716403e-02 1.381709335512262783e-03 2.877237028636335514e-02 -7.308498711814369331e-02 4.814053508401584802e-02 9.336332905591916698e-03 7.904396674658278887e-02 -1.631188167863675126e-02 -7.695011811311823491e-02 -2.627105125029429930e-02 8.532938804731682314e-02 1.953476672035486805e-02
-3.745146418525582225e-03 2.887331053619741927e-04 5.586650746099252468e-02 -9.600376766774466886e-02 7.160078419163386221e-02 4.243089547791373262e-02 -5.881353417277127710e-02 0.000000000000000000e+00 1.009472487015932937e-02 -8.865660448213800310e-03 4.469451696283473913e-02 -6.866267037518465621e-02 1.845835548873656778e-02 9.549548818384522410e-04 1.772909970529963283e-02 1.447439980788887840e-03 9.500826956413537319e-03 6.012147296923450908e-03 1.532080887058390531e-02 -4.464789365177999902e-02 9.685018357670381259e-03 -6.276231344258545453e-02 6.934759125604741947e-02 -1.312571728659770592e-02 4.913922931388333554e-02 -3.320846219314726316e-02 -8.566707176585796127e-03 8.986818088058008691e-02 -5.099599442544347321e-03 7.128184105088954114e-02 3.553082034333156225e-02 3.226668974041851240e-02 1.425346903109201650e-03 8.975626350085144645e-02 -5.001538795978190122e-02 -6.211308133315712743e-02 -1.005445031610584794e-01 -1.395986928334637216e-02 1.967377681748017429e-02 3.555796382043480836e-02 3.811223162380356078e-02 -4.571893135709356043e-02 -2.333297876753037594e-03 3.680286886665101731e-02 4.808805078282211987e-02 -9.250967911562286289e-03 -6.536908578225648914e-02 2.740750277521020184e-02 -1.035514008664258079e-02 -1.319398808200183786e-02 -3.640096160726129931e-02 -9.805634648469835693e-03 -5.898142902990633624e-02 7.395068390428427736e-03 1.053124051883520644e-02 3.671282996940103405e-02 -4.355759598615365630e-02 7.070379694266629156e-02 -1.081955343831543861e-03 -5.459964664238314141e-02 9.516768135603138196e-03 6.989837423084353796e-02 2.488707832083216637e-02 -1.936544569549153178e-03 -3.313935285860841132e-03 -1.288179976248159109e-01 3.842120810146758964e-02 -6.713369111397326540e-03
3.597764882200315401e-02 6.051596509988492467e-02 -3.228087032861942651e-02 3.289967773448232435e-02 6.426313175123185562e-02 2.467494027047610269e-02 2.216485078045418028e-03 1.009472487015932937e-02 0.000000000000000000e+00 8.334171363932992710e-03 -5.130103725549363392e-02 -7.406204121793606232e-04 -3.838534074593467210e-02 1.875510487825598344e-02 1.345583193215056129e-02 -2.742282714627428467e-02 -1.173579557984495009e-02 -1.719033711576416906e-02 3.451247633095053807e-02 2.553644592871125857e-02 8.446576697431934164e-03 3.516537935370206425e-02 -1.981461386129014946e-03 1.526110575232950996e-02 2.508914104790614663e-02 -4.627703216061517660e-02 -1.528115748242023231e-01 -1.970008669156994921e-02 -3.821418417132323858e-02 -6.912670079424293457e-02 1.806486513858729728e-02 -3.901989807963414294e-03 -5.276360045660915404e-02 -1.155791772875153049e-02 4.278208786748729370e-02 9.477731409329762102e-02 -5.948130179493158615e-02 -6.417085005865175162e-02 -3.707907914079292683e-02 -4.034607171171588486e-02 -8.334042088023425193e-03 2.712751880295040212e-03 -1.807642769488410420e-03 -9.570477960522394412e-02 2.176188319524632875e-02 4.454269111132215693e-03 6.956835459626058149e-02 5.540253222568715386e-02 -2.513603729587771118e-02 -1.025324266360318985e-03 -1.180027861652259841e-01 -3.730772703154774939e-02 1.064413770863213010e-01 -9.639738766139280615e-03 9.139217377471954562e-03 7.007887190814794665e-02 -1.977646125627929852e-02 1.036754128063883430e-02 1.046896106664931339e-02 7.617176277084600211e-02 -9.974486433698868948e-02 -2.811902730929486532e-02 6.324424367603520558e-02 -3.916570966499252453e-03 -4.610219726839662885e-02 -2.438966989056417373e-03 3.435644031843293478e-02 -6.466792821639118227e-02
4.301367024519985385e-03 -5.243788402544156957e-02 -4.983116926485989945e-02 5.829245367801171723e-02 -1.717094254172865436e-03 4.445766066159381052e-02 4.136912075909910530e-02 -8.865660448213800310e-03 8.334171363932992710e-03 0.000000000000000000e+00 5.224161146535030026e-02 1.775473659554535275e-02 -4.114045641506589024e-02 5.564346607003014394e-02 7.955691482811907619e-03 -2.458982546683762330e-02 -6.016632865734904134e-02 -5.650668863469257217e-03 7.984072950707439900e-03 3.199274189848015648e-02 8.905090242895311037e-02 -7.395781363167075462e-02 -5.640124746864399324e-02 8.442298244511314831e-02 -4.015504860931159298e-04 -5.881542910158983617e-02 7.103552450734318749e-03 3.858814905980864629e-02 -2.878018936431191860e-02 -2.183511602248754124e-02 -8.164338596914302859e-03 -2.178384355107213996e-02 -2.949282479841823165e-02 1.044632859621080941e-02 6.573298298120870686e-02 -3.608839431280121135e-02 2.195334813568244198e-02 -3.454786711762918017e-02 -6.113637816110194939e-02 -4.163765204622963539e-02 4.845555558250187050e-03 -9.743189628010888448e-02 -1.285589036139130614e-01 3.793851054173561638e-02 -2.349737816335819435e-02 3.720796384114113953e-02 -2.044026909075046319e-02 -4.503170467615419392e-02 -7.373902796093628753e-02 -1.363047451378595308e-02 -4.284034617994774558e-02 -5.558945872855942244e-02 5.214518216130025613e-02 -4.978987701844340280e-02 -2.308601568924570011e-02 -2.941138165483290004e-02 -3.566369725330955504e-02 1.040716430690904505e-02 2.145244312277229046e-02 1.273280762887768480e-02 -3.592035080083433307e-02 4.158668160114968072e-03 -8.283438136288009956e-02 -4.141290733423979437e-02 3.989652448452688654e-02 -2.467586079376890215e-02 -5.267726273113591817e-02 -2.737158582917222083e-02
-3.308613583156280735e-02 -4.058902690121234808e-02 -1.061287394884272497e-02 2.620557438797842600e-03 1.231047493113654381e-03 1.989860215159603915e-02 1.032993625487281519e-02 4.469451696283473913e-02 -5.130103725549363392e-02 5.224161146535030026e-02 0.000000000000000000e+00 2.596539985971027878e-02 -4.399812812585737060e-02 5.326279758808197956e-02 1.519561746292819211e-02 9.152658514889121244e-02 -9.839871579302778004e-02 1.689738971029045370e-02 9.668843901854344558e-02 6.299183314615025564e-02 -1.001231138214611488e-01 -1.100685378997393049e-02 7.783840293611493655e-02 -1.384105462265688806e-02 3.676208413187549706e-02 7.188086424897548177e-02 -4.401192121082669190e-02 -3.627381172433951067e-03 6.283693782676014195e-02 -1.597064475601656444e-02 -9.784239272038115776e-02 2.308099477632526500e-02 2.350819355069712693e-02 9.520831119100862938e-02 2.458008067237240149e-02 -6.768072267951837084e-02 2.575121512257853417e-03 1.206327423563063016e-02 -2.036441185546932972e-02 2.462056340929484263e-02 -5.069286197728606336e-02 5.889750950967701654e-02 3.520009308392806763e-02 5.684221113597565100e-02 -3.974442030638394852e-02 -4.149897561056181683e-02 5.755329347410960417e-02 1.287685959805017627e-02 -6.025452452581153695e-02 3.986926571686152249e-02 4.892965050615464932e-03 -2.001572046907405117e-02 -4.778662649498298387e-02 6.366926378994922087e-02 -9.890821881776753338e-03 -2.987231485927750382e-02 -3.302913420619987828e-02 -9.031949411272440637e-03 -5.420179998106547381e-02 1.772745290516186678e-02 -1.900137821229529872e-02 -4.557294980988868538e-02 1.565779041586143816e-03 4.146008037462629164e-02 -1.648085510265774947e-02 3.953177884788587615e-02 -8.813908043455519203e-02 -5.305419170272838297e-02
4.740783185609011297e-02 1.561312061735856691e-03 2.519268416637553479e-02 -3.715521061979864398e-02 -5.679752857422978168e-02 7.184133451442252516e-02 1.020561964797869065e-01 -6.866267037518465621e-02 -7.406204121793606232e-04 1.775473659554535275e-02 2.596539985971027878e-02 0.000000000000000000e+00 1.103396529885186834e-02 3.337187548122486080e-02 -1.232886891596362069e-02 -3.499824486225468212e-02 -3.991989239671772660e-02 2.056333403355401629e-02 5.877101102061902532e-02 -3.708880075925814063e-02 -1.965316608412728469e-02 -6.626485643384363855e-02 3.427314284150874413e-02 2.930904743518867456e-02 -7.320718788504800663e-05 -2.325873543192915477e-02 1.559121356106129598e-02 -4.217252856530420008e-02 6.627374583199083236e-02 -1.632899459306875328e-02 -6.348777726141484334e-02 6.064090136803651498e-02 -6.874357739283894209e-02 -4.023185494297178144e-03 6.738642112836681908e-02 -6.378034983636746147e-02 -5.093378679680757304e-02 -1.673116033568932542e-02 2.616265199392270313e-02 -9.450823624036995552e-02 2.884757999409875637e-02 -3.832909802047106129e-02 -4.395571976992922875e-02 -3.736638668506960317e-03 8.762527097648412089e-02 8.400349234502511864e-02 2.081058797297711746e-02 -6.607023427780601976e-02 3.994282073268645705e-02 2.128626868320497578e-02 -8.504091525927157114e-02 4.830977653784440835e-03 4.228423809531181576e-02 7.380245141686221644e-02 -1.401588454006894024e-02 2.083728714228873929e-02 -1.059435890749687026e-01 -1.955706966096471336e-02 -1.288428929473657385e-02 -2.602691648356781837e-02 2.928078984716672717e-02 -5.718881776443954928e-02 4.263914683477912360e-02 5.739616169055092310e-03 -4.212216565864183859e-02 -1.157761394450170303e-02 -8.174072654570613272e-02 9.802502293961329327e-02
2.048528875157701497e-03 8.469059477578468054e-02 -2.804992263535823274e-02 3.924680874143572640e-02 -8.690379176270611461e-02 -8.084625452889026426e-03 2.355959546144229325e-02 1.845835548873656778e-02 -3.838534074593467210e-02 -4.114045641506589024e-02 -4.399812812585737060e-02 1.103396529885186834e-02 0.000000000000000000e+00 -3.344042536712861502e-02 3.082146592400320656e-02 6.525112644619734947e-02 -5.076770068731314978e-02 -6.060513721406304150e-02 -1.867787721728582373e-02 -1.189088270406486320e-01 -4.322186680063690167e-02 4.255205649662665429e-02 2.313373880314512770e-02 -3.008092480844427180e-03 -3.901784431189858626e-02 3.667132516459680608e-02 -4.791186904152479331e-02 -1.575914900444197464e-02 -8.207205358198027198e-03 2.855817805423589359e-02 2.447142202278513104e-02 -3.447423719186445273e-02 -2.585052769836470796e-02 4.594634398317168529e-03 2.270532062484008871e-03 2.865452157511753570e-02 1.337295423485687362e-01 9.635418316451380139e-02 -4.316689857238326794e-02 -4.055770759865810760e-02 -6.340516326508792259e-03 -2.566039385411994153e-02 -7.187809579448441177e-02 -4.509230427606768926e-02 -1.502208499269244713e-01 -2.124959447775181740e-02 -4.773894752626847877e-03 -1.158188170888664083e-02 -2.854657556769253299e-02 -1.259583961159425336e-01 -2.883229998201316049e-02 1.655934828061803379e-02 -8.521900955114241824e-03 -6.897482758880731091e-02 -3.083722665477348079e-02 5.651437830759754866e-03 1.188758818343237968e-02 2.981363328043956304e-02 -1.123856053371612568e-01 -4.633181076904936690e-02 6.187250176403043256e-02 6.420272124750459053e-02 -2.485337543605301361e-02 8.396486682475614097e-03 -5.076671573256079373e-02 -4.442520030225268618e-02 2.291346024102936321e-02 4.179740909213797151e-02
-8.157904852360346043e-03 -7.571284501079765528e-02 -6.860275179088627488e-03 1.521122945415600940e-02 -6.451685924080650947e-04 -3.338102052863763797e-02 9.545806928588589091e-02 9.549548818384522410e-04 1.875510487825598344e-02 5.564346607003014394e-02 5.326279758808197956e-02 3.337187548122486080e-02 -3.344042536712861502e-02 0.000000000000000000e+00 3.361913875408336499e-02 2.024761820966251499e-02 4.230791540407877194e-02 2.497042954092534503e-02 6.915976988779826140e-02 4.977463870125591917e-03 3.448835489150417488e-02 1.555661152673403630e-02 -3.519920159570168183e-02 1.580642773562051812e-03 1.299377202650950705e-02 9.051489162075170361e-03 -3.465434147196867765e-02 -1.224701988415983524e-02 6.435093406684556927e-02 7.423785072777906550e-03 -5.911144403824946693e-03 -3.528355242003243519e-02 2.699767168415082366e-02 9.577455106746915470e-03 2.698332696232612349e-02 -4.445501041125845404e-02 -3.729377550661088642e-02 3.097068379272916935e-02 1.800481001211640814e-02 -2.688022912461956321e-02 -6.039689964531271688e-02 -3.077757554615906388e-02 -2.895942585650535320e-02 2.611042015242124800e-02 8.666186349619349472e-02 2.776820890342965309e-02 1.607865943608364698e-02 -1.098504781318244417e-01 5.634580181338553345e-02 1.250960390487961156e-02 2.861996347037282229e-02 -1.058793304465198426e-03 -1.351216767000752023e-02 -8.281146027616219374e-02 -5.389227542216422709e-03 4.590932636031636038e-02 -3.032181422107489352e-02 3.677038924844513307e-02 -6.305346619098634031e-02 -1.019352503900255481e-02 -4.042591528659320033e-02 -4.496437310253987435e-02 7.278924925771305954e-02 -1.162392208039081665e-01 -1.478163638806621882e-02 -2.282689529399510933e-02 -5.842412909023580320e-02 -6.507522943910028224e-02
-4.891635029703824550e-03 -3.116106444448058649e-02 -3.070978114671238726e-02 -1.262581915379925278e-02 -5.503721175459345971e-02 -1.166550224857701434e-02 -3.341902052957897856e-02 1.772909970529963283e-02 1.345583193215056129e-02 7.955691482811907619e-03 1.519561746292819211e-02 -1.232886891596362069e-02 3.082146592400320656e-02 3.361913875408336499e-02 0.000000000000000000e+00 -2.708077854970301554e-02 -1.991077105229403788e-02 -6.875916346402356771e-02 -3.413812599225538036e-02 -2.991955516456457423e-02 7.114096843049064200e-02 3.938658190832066558e-02 -6.214414569324896304e-02 8.883871111577285040e-02 3.390150922227976732e-02 3.246985989377153270e-02 -7.021617238081660772e-02 -5.283912154946356077e-02 5.009250893130886423e-02 1.609789984765409507e-02 2.412080063299232649e-02 -8.339955925953071447e-02 2.935591816425772022e-02 5.250382612130765486e-02 6.853138487902089848e-02 -2.055532132693876565e-02 -1.143829435772120325e-02 2.230811446675840925e-03 -8.431132673821831180e-02 -3.724087823133763464e-02 -2.366992999010277682e-02 -4.490052923519280426e-02 -4.755154198572925789e-02 -5.380365553780441790e-02 -5.762834750696241987e-02 4.319812860694434431e-02 7.360074461004421573e-03 5.592919282665152758e-02 9.645176691397248578e-03 1.856847506716944110e-02 3.222329533618070729e-02 2.005043433410294562e-02 1.793717331658222641e-02 9.334951595605805313e-03 4.492407617367660116e-02 -1.801387746120604663e-02 4.358808954094878230e-02 -2.731052039703857001e-02 6.936344280466893303e-03 3.427532673424921877e-02 -8.882772836689260820e-02 -7.690899605423839880e-02 -8.843546511747521488e-02 6.862525807604021033e-02 -4.009261146862489605e-02 -1.306921898804878392e-02 -6.898100145835488195e-02 -7.165936552226562228e-02
-6.994793773523526326e-02 6.080350400494815254e-03 -6.040209953089314271e-02 -4.478243380799203088e-02 -4.180087806521635974e-02 -5.775642621680456695e-02 -7.878232987100395115e-03 1.447439980788887840e-03 -2.742282714627428467e-02 -2.458982546683762330e-02 9.152658514889121244e-02 -3.499824486225468212e-02 6.525112644619734947e-02 2.024761820966251499e-02 -2.708077854970301554e-02 0.000000000000000000e+00 2.065585816480031839e-02 -2.251302690381290147e-02 -7.190312622067142334e-02 -8.410250628279387908e-03 1.117335868649845798e-01 -2.201445897569054982e-02 5.560448246275790513e-02 -8.343244854613353703e-03 -6.003863254731339055e-02 3.743043478626806309e-02 5.034940098084111221e-02 1.104774060692523784e-02 5.343524323707544293e-02 1.779736788569988987e-02 -7.573457669875624521e-02 1.151447204097154620e-01 2.392282573860868289e-02 3.597228101614672463e-02 -3.351579847545959560e-03 -2.169013515744237439e-02 2.446520348121139152e-02 6.858024898558613691e-02 1.007637049285476337e-02 -1.133884660975783554e-01 1.024251905255607886e-01 7.776411549506373477e-02 2.426253471945735360e-02 -3.184737537722054368e-02 -1.438913631405763227e-01 -3.259084264894288041e-02 -2.194077006263373680e-02 1.702951375449917454e-02 -5.623018569678389644e-02 -2.177740323747416606e-02 3.599559195190038530e-02 5.543727657503377815e-02 -1.042499097056889951e-01 3.395633322504510582e-02 -3.184937987184056213e-02 2.669007068544669917e-02 1.641046042533747182e-02 2.231668610977185704e-02 -1.371570112239950921e-02 3.230501413113814196e-02 4.539284567130320164e-02 -6.899642030411596953e-03 -4.915914581360497637e-02 -3.579286999798073771e-02 -5.707952770561884603e-02 8.858356070575938712e-02 -3.259951382679412979e-02 -2.398750354495700343e-02
4.090765807400811166e-02 7.661884763438872592e-02 -3.637884426692803569e-02 -4.561212945490836224e-02 7.195898998914257438e-02 -2.735653754905316773e-02 1.266064322057124276e-02 9.500826956413537319e-03 -1.173579557984495009e-02 -6.016632865734904134e-02 -9.839871579302778004e-02 -3.991989239671772660e-02 -5.076770068731314978e-02 4.230791540407877194e-02 -1.991077105229403788e-02 2.065585816480031839e-02 0.000000000000000000e+00 2.320797608027300868e-02 9.824544746717704322e-03 3.460240986025292509e-03 3.061035185865894001e-02 -4.471331990846063448e-03 -5.572730719864629756e-02 3.399745922949962834e-02 7.017837058289820573e-02 -2.439223243366532567e-03 2.944140056088341909e-02 2.757259111074669006e-02 4.435377216991393499e-03 3.830963885207003261e-02 7.533929727395180520e-02 -2.467825414200644583e-03 4.130621375138611440e-02 -4.215613689965265476e-03 9.115290355670367661e-02 -1.769621605673377205e-03 -4.427852656231488770e-02 -5.545636566555054575e-02 -5.583507995135009172e-02 -1.822390171778002013e-02 4.267052762731686488e-02 4.413455524564598859e-02 7.063431791784417768e-02 -3.034424447453411972e-02 9.535316316061397124e-02 4.439945150278245406e-03 -7.132399268896852905e-03 1.134682155546265156e-02 5.652909396123847324e-02 -5.634874632244989134e-02 -7.375243590714024300e-02 -3.100874709033055350e-03 -3.171986608020175430e-02 1.697018983342943538e-03 -5.008594328568968107e-02 -4.763097470739467015e-02 3.509409015733022663e-02 5.574509874843520257e-02 -2.169565920489696653e-02 -9.230597281643347640e-02 4.097279823716364761e-03 8.011127105608155385e-02 1.256017341167370641e-02 -4.119780098590604400e-02 1.182168367192174387e-03 -1.112612336014685670e-02 -1.712043771409860540e-02 1.823604071184215143e-03
4.433906862170574475e-02 5.795858996323539902e-02 -2.931301337384942599e-02 1.644058792209180872e-02 -1.779917347375290990e-02 5.568105378607372813e-02 4.641646281213469144e-02 6.012147296923450908e-03 -1.719033711576416906e-02 -5.650668863469257217e-03 1.689738971029045370e-02 2.056333403355401629e-02 -6.060513721406304150e-02 2.497042954092534503e-02 -6.875916346402356771e-02 -2.251302690381290147e-02 2.320797608027300868e-02 0.000000000000000000e+00 -4.760262786252034833e-02 -1.270031053296318824e-01 7.137262679995415304e-02 8.443392168608235097e-04 4.787657983931950523e-02 -3.439914694798869993e-02 -5.937581415071287172e-02 1.880606453894648894e-02 -6.739039634721626093e-02 2.923250766847524176e-02 4.236967788697106052e-02 5.927007080013712431e-02 2.074986189814084087e-02 6.278106713809378236e-02 -2.028444140755456676e-02 7.599837331992953526e-02 -1.129995771972269920e-02 5.482778171576712517e-02 9.091991587560136617e-03 1.120918507939466140e-04 1.075881997066138913e-02 4.025515112627207209e-02 -1.488279192635967585e-02 -2.260564850754276985e-03 3.565131090070918635e-02 -1.137405473667460996e-02 5.614232330659205128e-02 2.737109283519274447e-02 5.902613829409307511e-02 -8.262624610297435168e-02 1.831409827783635896e-02 -4.223480187557021592e-02 2.913327338806191019e-02 -4.411823703831118521e-02 7.590560546504997175e-02 3.588236385683211960e-02 1.792577951282714119e-02 9.511280027471633036e-02 2.709292310145820434e-02 -1.714603289370518827e-02 -6.917322819431769888e-03 -1.604111174128017986e-02 3.271002617966117798e-02 -3.356021542968733867e-02 -3.830525824549101122e-02 -2.723104996757782365e-02 7.365907035879129539e-02 6.102236314900211928e-02 3.231133941235083545e-02 6.481055390753794054e-02
-3.677373816378942673e-02 -3.023393078181088860e-03 3.037845629969609593e-02 -2.097587428616031271e-02 4.778545548457084624e-02 2.817621486662237607e-02 9.635029077575057999e-02 1.532080887058390531e-02 3.451247633095053807e-02 7.984072950707439900e-03 9.668843901854344558e-02 5.877101102061902532e-02 -1.867787721728582373e-02 6.915976988779826140e-02 -3.413812599225538036e-02 -7.190312622067142334e-02 9.824544746717704322e-03 -4.760262786252034833e-02 0.000000000000000000e+00 -3.638410660687189241e-02 1.842224824060016350e-03 5.291918296789486706e-03 -4.200553805270648700e-02 -4.034848446580846515e-02 1.512273790946736841e-02 4.615413158208753197e-02 -9.956401308874696793e-03 -2.220881305587655077e-02 1.309401973479548155e-02 3.361430671103320111e-02 7.118635166289707591e-03 -7.195057428686109369e-02 -4.045992642712079035e-02 -4.065982878289844948e-02 -8.647778024648592257e-03 -1.017058199852663089e-02 -2.228999935199767191e-02 4.945636094797674701e-03 -7.028189404251966588e-02 3.648622734081160418e-02 1.011041950315786156e-02 -3.110545219851481788e-02 1.292085241258057217e-02 1.084741214096076323e-01 4.920141569236671092e-02 8.730542662792419029e-02 3.807053588778062936e-02 -1.489589174041662035e-04 -4.471102998359025721e-02 -5.000680849157944884e-03 -2.666414965891435868e-02 -3.317438162287916076e-02 1.390411255163704219e-03 1.807668516614209520e-02 6.403077989744850040e-02 1.983229157058929992e-02 -1.779810720397342338e-01 -9.277795952180410699e-02 4.261190970841263054e-02 -6.295582867073104549e-02 -2.442758555729605298e-03 -3.215901523800617640e-02 5.426209034526077724e-02 1.273398433862948757e-02 5.727038902437701223e-02 2.973155778047251174e-02 -4.531459118426148236e-02 1.684901429860243341e-02
6.145751394419602526e-02 2.094715971838368232e-02 4.835421553950719833e-03 -4.546199959287811065e-02 1.279601570680570727e-03 6.987791066158409448e-02 2.453427284974806985e-02 -4.464789365177999902e-02 2.553644592871125857e-02 3.199274189848015648e-02 6.299183314615025564e-02 -3.708880075925814063e-02 -1.189088270406486320e-01 4.977463870125591917e-03 -2.991955516456457423e-02 -8.410250628279387908e-03 3.460240986025292509e-03 -1.270031053296318824e-01 -3.638410660687189241e-02 0.000000000000000000e+00 -1.809570389550356831e-02 -5.984613175645264738e-02 -2.407206250298443359e-02 -2.367203830978900983e-02 2.348483003241449638e-02 -1.124153289883090580e-02 8.672097092385623596e-02 5.249895703951168446e-02 -7.289785007819732376e-02 -4.280689526548842570e-03 2.238040778613264905e-04 2.047526862845820000e-02 1.618627105126884715e-03 -1.063667721916947140e-02 5.795221488598723686e-02 2.216691612670928027e-02 -7.258895656487830694e-02 -4.531954853312909759e-02 1.236905418783630813e-02 -1.503751689939591962e-02 4.407451905606676185e-02 -4.713675898314917401e-02 1.482175915666507880e-02 1.682624486141852047e-02 1.369543656922700414e-02 -4.093037897269809211e-02 3.508894887590958966e-02 -5.099544956275419566e-02 3.090824919411239852e-02 4.067689119395565683e-02 5.664508079695941209e-03 -3.994218258218496659e-02 4.133181964076007575e-02 -4.226278981829004189e-02 2.661675444408538246e-02 -5.831963551677202262e-02 8.547409836369392055e-02 2.265281322468586447e-02 -7.567764884339601983e-02 6.483310140902277807e-02 6.939070409543963980e-02 -8.129486400696588067e-02 -2.338004268945921820e-03 3.012787668559223451e-03 2.931861498882804701e-02 5.098525153862561859e-02 4.403817359661164887e-02 -1.403933320877784850e-02
3.045660677107051711e-02 9.685076600180909934e-02 2.443737460868421543e-02 -6.182896977861096488e-02 -9.690236412472520711e-02 2.962075298137500229e-02 4.070981596537718086e-03 9.685018357670381259e-03 8.446576697431934164e-03 8.905090242895311037e-02 -1.001231138214611488e-01 -1.965316608412728469e-02 -4.322186680063690167e-02 3.448835489150417488e-02 7.114096843049064200e-02 1.117335868649845798e-01 3.061035185865894001e-02 7.137262679995415304e-02 1.842224824060016350e-03 -1.809570389550356831e-02 0.000000000000000000e+00 7.726077984331342074e-02 6.939755530480086476e-02 5.517418309097694984e-02 -4.443230980815569831e-02 2.629998203994158082e-03 5.904793885846947032e-02 1.040683704727500547e-02 -3.489601341358972847e-02 6.120129087289335329e-02 -1.501761684388531505e-02 7.093987525205054656e-02 2.741906471142460319e-02 -3.472560249718286557e-02 -9.654599726984050903e-03 1.115834064592601893e-03 5.354802039208673287e-02 -3.291897521720914960e-02 5.380543643827372276e-03 1.688880675004148305e-02 7.230936739100794763e-02 -9.430325648476093822e-03 -9.303442167660110063e-02 7.854538741824927325e-03 4.237667272577853861e-02 1.161436439470942775e-03 -2.842377968504887498e-02 2.806144365303760851e-02 5.130007600792490261e-05 -5.345263238341862143e-03 -1.416795753648339602e-02 -2.147614099895932618e-02 -5.251968663597859910e-02 -7.148684116073023356e-03 -7.859069280875029609e-03 2.980817498547184627e-02 7.684347891319200097e-02 -3.445254821177166915e-02 2.595375801732248411e-02 3.375566691335611658e-02 7.301863125539106471e-03 -3.099833634642611829e-02 -1.002621966113876120e-02 -3.768840901016002470e-02 -2.397636889153544407e-02 -6.166430323785933310e-02 2.278854842641951997e-02 2.817886248275203263e-03
1.764340608237309482e-02 4.748427799763090679e-02 -6.593542692902761015e-02 -1.694651263104167069e-02 1.136876937432034496e-01 1.107718827262579517e-02 2.888797755736228004e-02 -6.276231344258545453e-02 3.516537935370206425e-02 -7.395781363167075462e-02 -1.100685378997393049e-02 -6.626485643384363855e-02 4.255205649662665429e-02 1.555661152673403630e-02 3.938658190832066558e-02 -2.201445897569054982e-02 -4.471331990846063448e-03 8.443392168608235097e-04 5.291918296789486706e-03 -5.984613175645264738e-02 7.726077984331342074e-02 0.000000000000000000e+00 3.871463571549251404e-03 8.979725309032323202e-03 3.735276268618683421e-02 5.713304582846776003e-02 -7.258975258119461371e-02 -2.251564071545200663e-02 8.963883357528990015e-02 -8.321423177053161035e-02 -1.243377010285550907e-02 -1.170525005782616611e-02 6.005329370623126162e-02 5.461796920056790489e-02 3.181075781425572475e-03 3.497376322248463287e-02 -2.598167665987941022e-02 8.163353384070648477e-03 -7.029253296428390578e-03 -2.140988893228285353e-02 -8.908259020861596100e-02 -2.003869973877615493e-02 -3.277462256437082416e-02 2.491925368039723393e-02 4.402957199785176128e-03 -3.394151825655584986e-02 -2.060357322621908863e-02 8.522279772528049135e-02 -4.556412990950826415e-04 3.402208170993893666e-02 5.236185548951659968e-02 -5.561558623037240329e-02 -5.079436710333973259e-02 -3.208376558442335540e-03 5.506249709292469069e-02 5.910302181259922093e-03 -3.889325170775639190e-02 -5.417956364478324072e-02 -6.017926795277207808e-02 -3.053781999510851025e-03 -3.045222351849958750e-02 -2.575162907848895649e-02 1.104961785638619923e-02 -1.864523633803679553e-02 4.055176870964487257e-02 -1.598056662325327698e-02 3.920361763464054461e-02 7.702132795411562038e-02
3.068048035284739669e-02 -2.935948215949424431e-03 4.113204776050532335e-02 9.679386249042909668e-04 -9.674444884656470400e-03 6.884978583298233430e-03 -5.613253973258669483e-02 6.934759125604741947e-02 -1.981461386129014946e-03 -5.640124746864399324e-02 7.783840293611493655e-02 3.427314284150874413e-02 2.313373880314512770e-02 -3.519920159570168183e-02 -6.214414569324896304e-02 5.560448246275790513e-02 -5.572730719864629756e-02 4.787657983931950523e-02 -4.200553805270648700e-02 -2.407206250298443359e-02 6.939755530480086476e-02 3.871463571549251404e-03 0.000000000000000000e+00 -2.440772409298233234e-02 -2.526309044177310961e-02 2.158671782848441134e-02 7.979622840273534190e-02 -5.409674194578244742e-03 1.720787270633390709e-02 3.733332537475814172e-02 -5.489698694967615894e-02 1.110853916110682120e-02 2.490089043005503256e-03 -7.475229562518571902e-02 -4.577328747175805901e-02 -6.904875050158008898e-02 6.880159612945785548e-03 2.254177119899587658e-03 3.060995634381554614e-02 6.308468007362666441e-02 5.747603207115214996e-02 2.437075863698114075e-02 4.767821886694036809e-02 2.149272006352243719e-02 -2.978986599629748939e-03 2.888857839768652069e-02 6.182083833762036518e-02 2.414777917375635075e-02 -8.687479009550193657e-03 2.056491133960580697e-02 7.522020601034030973e-02 4.244276821204776701e-02 1.202798575631428696e-01 2.183845529257539067e-02 3.487068585432330503e-02 8.719812319185725469e-02 4.664983519844505266e-02 -1.905482429412168333e-02 -7.050774171691130167e-03 1.526860208385062527e-02 5.666781512173273833e-02 3.838703224485389559e-02 2.428772783032066146e-02 -2.317551910976443225e-02 -7.733927515158296739e-02 -5.467108760793664562e-02 4.084452517572969427e-02 2.832725130177865536e-02
