0.000000000000000000e+00 3.210372265439658673e-02 -3.747466112653911885e-03 -1.806819005841528436e-02 -1.133871247958911227e-02 3.585438233649269890e-02 2.685703898222217487e-02 -4.082073963453529061e-03 3.592645694649274080e-02 3.834434085003570001e-03 -3.354470005997118448e-02 4.674364854420886423e-02 2.316702871969898107e-03 -1.732830361934178248e-02 -5.331864088344634087e-03 -7.067078015345941433e-02 4.082222949716780153e-02 4.404198216307969593e-02 -3.736171805423645076e-02 6.154390124706112658e-02 3.054939394216968362e-02 1.725136877739827726e-02 3.031158994475312632e-02 6.695653633238415892e-02 2.106962442528826848e-02 -3.843454883446585906e-03 -2.210736049627978414e-02 -2.477699079448200323e-02 1.911997607301176016e-02 -2.619682594493076208e-02 -5.859036783936339560e-02 -1.088221799581556501e-02 -6.195579871250708748e-02 -3.273713870613183946e-02 -3.364807010276223143e-02 3.047849331356123487e-02 3.771816734811206384e-02 2.600839378181360115e-02 -3.392478600082927953e-02 1.534950913810928345e-02 5.153137399155233167e-02 -6.801561979437427234e-03 6.122973774110765377e-03 2.473241574313583477e-02 5.385422542126926809e-02 -6.617394784396780916e-02 9.604972248058269921e-03 2.884914040075811648e-02 -4.515622801414023724e-02 5.887185603937737655e-02 3.040955127025844751e-02 -8.971023827624785563e-02 1.542285799385786221e-02 1.398310143977962369e-02 -8.612738259456635681e-02 -8.183904160636398806e-02 4.990135553726592066e-02 -3.162151880266559495e-02 4.615803948443208959e-02 -2.779197971164115710e-02 -4.127971900048783144e-02 -2.595726277796202991e-02 4.869468334145181528e-04 -1.813503041365556803e-02 6.504379665348207495e-02 3.458844366405075966e-03 -1.941063832367639214e-02 1.088617633219492176e-02
3.210372265439658673e-02 0.000000000000000000e+00 -1.051322285277804247e-01 -8.189903728333333688e-02 4.018733157677333717e-02 -4.831988328456475468e-02 -5.446193200955753988e-02 1.414182474809451895e-03 5.956981716960308565e-02 -5.146315124807208236e-02 -4.087443391998821229e-02 1.878606259244054071e-03 8.366105644928550911e-02 -7.564726416655194463e-02 -3.153002168807625405e-02 5.887465984051089458e-03 7.674573045308091812e-02 5.844793425728974506e-02 -3.326224779181422096e-03 2.132547428193748776e-02 9.672515949173049465e-02 4.047214866347238066e-02 -4.313976286812717421e-03 -1.011370678100149620e-02 2.031564497512694870e-02 2.594364797958116989e-02 3.086642125706853465e-03 -3.312669590494959210e-02 -4.592313263344462160e-02 6.597123215205621949e-02 -3.300426750693318673e-03 4.702887570394147232e-02 -2.744120375875461898e-02 1.585479326927540650e-02 -3.948120334107794310e-02 2.174632576299884504e-02 2.440859758807486374e-02 -3.025724449196426358e-02 -6.106256363366524553e-02 6.968567684045091568e-03 -8.731345859363184858e-02 4.432342459819727659e-02 2.726849210455166775e-02 2.448562347341297005e-02 -2.584545153664765879e-02 5.242092783374690049e-03 -1.559537400234447917e-02 -4.004869454812255009e-02 -4.352400221661480162e-02 -3.553005116711447503e-02 4.354362901699547483e-02 2.993239385414959292e-02 -2.484347629137527262e-03 2.754891528741542500e-02 3.309712895735619775e-02 -5.640342818188626844e-02 5.119361693848031164e-02 -8.291821408032452878e-02 -8.713379921130968986e-02 -5.302899695330220292e-02 -8.638645829887098629e-03 -1.925478572864432539e-02 -3.104971689317696792e-02 -1.200515752796956215e-01 -3.815824263555672030e-02 -1.007651580004272421e-02 3.877401471069004402e-02 1.250956888789222510e-01
-3.747466112653911885e-03 -1.051322285277804247e-01 0.000000000000000000e+00 -8.277666700496942934e-03 -7.719051708576424309e-02 1.279384687186500558e-01 1.128260525997817204e-02 5.329871048536254097e-02 -3.034617212635673869e-02 -4.951929696551432558e-02 -1.122258402299376560e-02 2.480915771172554490e-02 -2.828570583115326900e-02 -6.950505701980977738e-03 -2.930635726368413171e-02 -6.307174335810564192e-02 -4.487494321699687233e-02 -2.990908008378842520e-02 3.064296374362008787e-02 4.424881327722582879e-03 1.966127865361792793e-02 -6.562823905213112374e-02 1.300755294782453969e-02 -2.457073352183891321e-02 2.879348535552535369e-03 4.014638750621633487e-03 7.538104958800943833e-02 -1.548352885951504929e-02 -1.128213016775866939e-02 -2.369599746924187095e-02 8.679510114826789746e-02 -6.635975734582726104e-02 7.538326368434131175e-02 -3.878543251304348346e-03 -3.729651998826602217e-03 -8.098137412076883423e-02 1.191207039117410209e-02 -2.469653432868008577e-02 5.789953981569503222e-02 7.188439463535842289e-02 2.329534059149047237e-02 -8.247703478444484704e-02 8.523047732868595239e-02 1.637032473127282214e-02 -2.460570230883977333e-02 -5.734993342460167204e-02 -2.331385128465454301e-02 -4.360029847748719128e-02 -4.347054277117694959e-02 4.325205220026347164e-02 8.308635140757367546e-03 5.162567291411238740e-02 -4.437735697018170555e-02 1.613142105044818725e-02 1.967114955499113180e-02 1.582743984677070781e-02 -6.131160923618911469e-03 1.456105719549208484e-02 -4.994686699977280570e-02 1.944183125521484548e-02 1.754175215908069727e-02 4.658083669519399311e-02 3.625960262620647138e-03 -9.893023124889951600e-03 2.770887619158845031e-02 -7.397751756113613714e-03 -4.657915538109581866e-02 -6.164201782579167843e-02
-1.806819005841528436e-02 -8.189903728333333688e-02 -8.277666700496942934e-03 0.000000000000000000e+00 7.874004132987270921e-03 8.609333708589568578e-04 1.147567876516448170e-02 -9.646133830768613415e-02 3.254879345551705411e-02 5.610555032557150434e-02 2.335000532560923148e-03 -3.842840886877311318e-02 3.986116044946931558e-02 1.592717010411955417e-02 -1.278670261810282635e-02 -4.477899351778984183e-02 -4.508420367989539324e-02 1.681562452276056871e-02 -2.067660379973939103e-02 -5.203327876014980646e-02 -6.233103754630332088e-02 -1.614500676653030098e-02 2.734954348927679229e-03 -2.806314545525161533e-02 -5.136800573779763679e-02 2.724799430219530111e-02 -6.381427495942602890e-02 2.565574761466709805e-02 -4.964680110924064166e-02 2.177262973641899690e-02 6.341593889681333696e-02 -1.164614567309895515e-02 -2.214502230682141234e-02 -2.867214962238465864e-02 -9.128172690645727783e-02 -4.767542082507881390e-02 3.684427123295983680e-02 4.605573373648599173e-02 -2.133542318004609181e-02 1.509432920779560545e-02 -7.193371107072880910e-02 3.289937244298834357e-02 -1.120391263193693948e-01 3.928400529320064810e-02 -5.457013769730226227e-02 -3.542548765214083295e-02 -6.446471633702021906e-03 -8.668102463190698048e-02 -4.763966472991581352e-02 4.752158584524116686e-02 -4.782979951701574195e-02 8.525046585792603326e-02 -1.398184727394570850e-02 -3.432412059330986615e-02 2.841270405521187023e-02 3.577019106581074553e-02 3.029374850796983515e-02 3.199615920966075028e-02 6.675144524040503569e-02 -2.369857146683666121e-02 2.027900414905276297e-02 1.307469174856832304e-02 -3.107121925990998304e-03 -9.734478900815647651e-02 -9.424189614971552331e-03 7.746232139977791975e-02 -6.211949596163557352e-02 -3.769090446137524780e-02
-1.133871247958911227e-02 4.018733157677333717e-02 -7.719051708576424309e-02 7.874004132987270921e-03 0.000000000000000000e+00 -2.429637129614690971e-02 -5.098553391229399684e-02 7.163591156844140162e-02 6.226896282023469675e-02 -1.608627262489054858e-03 1.013646545553484758e-03 -5.720769453570411639e-02 -8.788581707462449211e-02 -1.231561646882117257e-03 -6.236758261772572948e-02 -4.158822563063130362e-02 7.174819881402734467e-02 -1.781473256328551177e-02 4.757166654935221506e-02 1.444171861597880017e-03 -9.710639319756006471e-02 1.133850711481322326e-01 -6.914074373853688546e-03 -4.751053556999206180e-03 2.225716823601960048e-03 -4.856382047331784559e-03 6.016773292239400300e-02 -1.612606888792739515e-02 5.338939775099463964e-02 -2.039921127757768436e-03 2.786522709136559847e-02 1.125194423153581674e-01 8.505858466471730855e-03 8.377165591240796905e-02 5.797521052806378639e-02 1.891642720076584100e-02 -9.876663586052478183e-02 3.545578623258429513e-02 -8.070086191123150912e-03 -7.827262290059863736e-02 -4.244053726091658735e-02 1.411999748106672250e-03 1.385744177336820440e-02 4.974518576090929817e-02 -1.636012051069702170e-02 1.741631528926023201e-02 8.282953803806428553e-03 -5.854486530250691337e-03 7.342340467618349575e-02 2.289576650154893228e-02 -3.444840979355787841e-02 -3.101879643042474224e-02 -4.455134903317542472e-02 1.544389064243735683e-02 1.778124413301302581e-02 -5.356567372583095898e-02 -8.510496060985220379e-02 -1.360672112976987411e-03 6.092776536928039971e-02 -4.037857983814249069e-02 -3.070213234775584846e-02 -2.828595278915748898e-02 -7.560438489121348860e-02 -2.047537416390195902e-02 8.766284139710389667e-02 7.169128101689566102e-02 1.508291124532661412e-02 2.625148734102037210e-02
3.585438233649269890e-02 -4.831988328456475468e-02 1.279384687186500558e-01 8.609333708589568578e-04 -2.429637129614690971e-02 0.000000000000000000e+00 6.864109097103347767e-02 3.117407443026694661e-02 2.428902307490815593e-02 3.411320116721337781e-02 1.874135592979094336e-02 6.749533422118753068e-02 -8.624109768470333837e-03 -3.569587493339133194e-02 -1.463549791085716999e-02 -5.796409551406087046e-02 -2.831128929340885614e-02 5.527955971064475726e-02 2.753149592645392357e-02 6.978018785113870859e-02 2.931640469120586762e-02 1.169511398969022564e-02 4.554442455537920445e-03 5.671430337551901235e-02 -5.985537205083923257e-02 1.098914387396788539e-01 1.127661892840305449e-02 -4.610101760842426344e-02 1.328537268128871180e-03 -3.252926406379280655e-02 3.423341662134540830e-02 4.532773494311861245e-02 -5.896017746455810282e-03 3.451060648616326599e-03 6.161591318072257711e-02 -3.122117866592925492e-02 -4.431124144527451986e-02 7.095788143626536454e-03 5.689847097193195813e-02 1.144100333597724076e-02 1.349256042940862044e-01 2.740472817525876556e-02 1.204161056763068151e-02 -3.359546030492468333e-02 -1.000560913544466454e-02 -5.407357000949691156e-02 4.742071634416782783e-02 8.475016727606818345e-02 -7.200770870066822149e-02 -6.016300004164461257e-02 -2.095540371899067000e-03 -4.933204665608826450e-02 1.820061574605881180e-02 8.303683904335892874e-02 -6.409565218749081750e-02 7.166542487774542336e-02 4.134392863665180273e-02 4.749163182898677796e-03 1.444035623291876728e-02 -3.620366972716782678e-02 3.175891530494616422e-02 1.406120694422288838e-03 -6.220094882757021965e-02 3.050534105487377745e-02 4.082468098772095572e-02 2.493231180672484185e-02 -1.952321070893110744e-02 2.632778139089918192e-04
2.685703898222217487e-02 -5.446193200955753988e-02 1.128260525997817204e-02 1.147567876516448170e-02 -5.098553391229399684e-02 6.864109097103347767e-02 0.000000000000000000e+00 -6.837284258871374754e-02 2.849776620585408194e-03 2.730179487022148244e-02 8.970440430284621833e-03 1.022428711360651721e-01 2.419191447336244138e-02 8.048661008931208560e-02 -3.311963214449248349e-02 -8.636717052740262163e-03 1.137356774865824587e-02 4.411215709675896796e-02 9.517840959623830033e-02 2.304358086529917360e-02 7.427878037538726639e-04 3.031490479913207317e-02 -6.004741605624273892e-02 3.281398760702079059e-02 -1.967951643932464023e-02 2.095132684314159402e-02 -5.404235994172618823e-02 -5.076664310632130091e-03 6.076223676826175008e-02 -1.211831070685579076e-01 9.562868415435937797e-03 -6.761216380181759786e-03 4.560892881720170211e-02 -5.520897848658641929e-03 -2.383994291551155137e-02 1.757107862393366207e-02 -2.547975762229835739e-03 -3.162011953619215526e-02 2.200851164894710582e-02 -5.308065163845083340e-02 -1.559717169873706642e-02 -4.722666929028141586e-02 2.924160707076666615e-02 -1.568592855724331228e-02 2.730659677148089548e-02 -3.317332409909788671e-02 7.299368946869151664e-02 4.826618605152677155e-02 -4.614309255029185042e-02 7.549890678491764928e-02 3.071639368611351131e-02 -3.965463707779636610e-02 6.684776721910874742e-03 -5.664694335373154921e-02 9.294884416994048104e-02 8.338187281734233541e-03 2.653304253625388132e-02 -5.711243815167641466e-04 2.905120267754371377e-02 -7.269792445831958771e-02 5.355609081792735149e-02 8.016555469269985579e-03 7.780481303658798309e-02 -1.536749469662143652e-02 -7.773324494540517771e-02 -2.688190653189521245e-02 8.722822670817334534e-02 1.857640128938041479e-02
-4.082073963453529061e-03 1.414182474809451895e-03 5.329871048536254097e-02 -9.646133830768613415e-02 7.163591156844140162e-02 3.117407443026694661e-02 -6.837284258871374754e-02 0.000000000000000000e+00 1.003773962967535738e-02 -1.410903113806172456e-02 4.374483021997774279e-02 -7.058473183419117225e-02 1.847672691914553286e-02 -1.326033848729303924e-02 1.748827674054725945e-02 1.506851117827553727e-03 6.760378108934184636e-03 5.063891510892103848e-03 1.422627535535521577e-02 -4.478034512922091787e-02 6.536058951544089154e-03 -6.275199004605631903e-02 6.595557759202878845e-02 -1.557086694640017095e-02 4.957765993851113301e-02 -3.513672112825462490e-02 -1.017896115906309282e-02 8.942644873227729996e-02 -6.930433424115350211e-03 6.915914938022142688e-02 3.553356651059296628e-02 3.040064761852599717e-02 1.107867828074092596e-03 8.854933552523690243e-02 -5.093787439396565281e-02 -6.159721420578039008e-02 -9.915859280216431093e-02 -1.446884674408415762e-02 1.947465397636687079e-02 3.583955659632739876e-02 3.652426814001503291e-02 -4.581345564603634540e-02 -2.594105078582004380e-03 3.624320543675278034e-02 4.798518832951358115e-02 -9.156830355213613215e-03 -6.594849019826680425e-02 2.802582180321055647e-02 -1.018173594164048512e-02 -1.358197133723142158e-02 -3.612001735265293195e-02 -9.361507550372594536e-03 -5.903977013511835931e-02 7.624095224503621426e-03 1.089176734459135903e-02 3.595374937845014635e-02 -4.322290149823320576e-02 6.927998967276186026e-02 -6.853531593453219672e-04 -5.316576172110013682e-02 1.220528246341499520e-02 6.782078075818021023e-02 2.462354159641077025e-02 -1.564782353583455288e-03 -2.937629957114727946e-03 -1.286850986155835264e-01 3.878507456268875248e-02 -5.860368035038795130e-03
3.592645694649274080e-02 5.956981716960308565e-02 -3.034617212635673869e-02 3.254879345551705411e-02 6.226896282023469675e-02 2.428902307490815593e-02 2.849776620585408194e-03 1.003773962967535738e-02 0.000000000000000000e+00 8.343115311606781950e-03 -5.105618634828341246e-02 -2.271094514311913781e-03 -3.850246591417543635e-02 1.901897606461560794e-02 9.790587532652744729e-03 -2.659788046026895919e-02 -1.076203376351267220e-02 -1.677615521340173124e-02 3.505285931248262182e-02 2.529480715684632314e-02 9.237831450043042930e-03 3.151211376508250561e-02 9.955466673441267216e-04 7.964915341961203640e-03 2.422306372550773329e-02 -4.454178603953929533e-02 -1.492975337360210597e-01 -2.087688837707236261e-02 -3.830611423560050660e-02 -6.877363526970049767e-02 1.840904683554102361e-02 -4.101070553241910679e-03 -5.248082085759325083e-02 -1.052001246034033402e-02 4.223065044119436034e-02 9.465250353177369347e-02 -5.801508071994478100e-02 -6.440813182288740446e-02 -3.707045651281012238e-02 -3.936304739791005730e-02 -7.735910988364964880e-03 3.045082171507099925e-03 -4.683136478155497037e-03 -9.551169926327413018e-02 2.223027724226669596e-02 4.841358578583364845e-03 7.003283243634134125e-02 5.519743280060219331e-02 -2.509497455402111971e-02 -6.758562662686137812e-04 -1.179444275330846226e-01 -3.777625354847280459e-02 1.070350688944630563e-01 -9.397995716831078136e-03 9.572292897378393423e-03 6.958680226734928476e-02 -1.707116418284007966e-02 9.137893217676499452e-03 1.048129854208348574e-02 7.875656920394542848e-02 -9.028548526743526703e-02 -2.875466822236443648e-02 6.333790396554500601e-02 -4.184758729112472882e-03 -4.581655847313795271e-02 -2.461739334847820159e-03 3.431727410338979156e-02 -6.518835735240133267e-02
3.834434085003570001e-03 -5.146315124807208236e-02 -4.951929696551432558e-02 5.610555032557150434e-02 -1.608627262489054858e-03 3.411320116721337781e-02 2.730179487022148244e-02 -1.410903113806172456e-02 8.343115311606781950e-03 0.000000000000000000e+00 5.125906653654781209e-02 1.380057249363242887e-02 -4.167610334642661563e-02 5.310522320687648817e-02 8.223958148212548100e-03 -2.395794774807889077e-02 -5.956686490082042928e-02 -6.985206228656236187e-03 6.658371763029225475e-03 2.805342922725923352e-02 9.016962530139559229e-02 -7.376629043583890488e-02 -5.593748388491533163e-02 8.355682771330950886e-02 -1.228578986680589743e-04 -6.020872937416038573e-02 1.433780035672832694e-02 2.920164263384921258e-02 -3.084657651154208008e-02 -2.206571988166755940e-02 -8.502159439395856957e-03 -2.273452086591751242e-02 -2.966852082145924122e-02 8.989796023711310244e-03 6.611557400055802225e-02 -3.539449539365134567e-02 2.344302807429633415e-02 -3.513709401454487291e-02 -6.116828310662802276e-02 -4.081581146829887236e-02 5.410763843371916432e-03 -9.673231888458301564e-02 -1.286740753472429832e-01 3.687037889600435631e-02 -2.331143614660749139e-02 3.821050184690184121e-02 -2.065181254366907360e-02 -4.450252318208519631e-02 -7.308037722796650870e-02 -1.329550816978060553e-02 -4.270005574706534773e-02 -5.535629566831572201e-02 5.255172422380450376e-02 -5.045276896925870308e-02 -2.283874051971804958e-02 -2.915746648445775857e-02 -3.421467853266872694e-02 9.369138985765771907e-03 2.161348950284307929e-02 1.430466443945239974e-02 -3.583506483778770013e-02 1.613255172607851260e-03 -8.283836275017926465e-02 -4.047802324127845047e-02 4.045293516703873937e-02 -2.400277203859974701e-02 -5.259105385379554687e-02 -2.673915044104082858e-02
-3.354470005997118448e-02 -4.087443391998821229e-02 -1.122258402299376560e-02 2.335000532560923148e-03 1.013646545553484758e-03 1.874135592979094336e-02 8.970440430284621833e-03 4.374483021997774279e-02 -5.105618634828341246e-02 5.125906653654781209e-02 0.000000000000000000e+00 2.486457288474973326e-02 -4.896751896687396438e-02 5.223584636486252458e-02 1.518614394316191579e-02 9.146840635689630628e-02 -9.937505820857643613e-02 1.167438459401014955e-02 9.541593868574599346e-02 6.353593059671633347e-02 -1.017655606835264348e-01 -1.111252769166786759e-02 8.016770180322958794e-02 -1.309499559441263013e-02 3.743046922727661513e-02 6.766022285238319778e-02 -4.433985972105900647e-02 -3.924999766170003505e-03 6.098813272859537199e-02 -1.670452230668647078e-02 -9.909997649919424778e-02 2.152196961840441292e-02 2.334682652741921355e-02 8.912793746820851792e-02 2.442159139715689709e-02 -6.750682649872068175e-02 2.869783622931965875e-03 1.176343466486348167e-02 -2.009599958590771451e-02 2.429695606543358019e-02 -5.084432488456760296e-02 5.908308095980023544e-02 3.578070640010870551e-02 5.656459552368184318e-02 -3.972193968708390838e-02 -4.187505020283243534e-02 5.709411908968974048e-02 1.297418083713753473e-02 -6.036302845432825470e-02 4.049265392653285389e-02 5.102329497493516067e-03 -1.969164336361214906e-02 -4.763934137802603580e-02 6.384102782908987472e-02 -9.052228803875907517e-03 -2.961343439335821504e-02 -3.351529269828271845e-02 -7.791311511951321163e-03 -5.367170154445005670e-02 1.899480579030423527e-02 -1.624262222768006747e-02 -4.452541246617178206e-02 2.216803385540469604e-03 4.222093761496563402e-02 -1.715826076852274354e-02 3.970437526176737869e-02 -8.822738705288724059e-02 -5.332619676624849453e-02
4.674364854420886423e-02 1.878606259244054071e-03 2.480915771172554490e-02 -3.842840886877311318e-02 -5.720769453570411639e-02 6.749533422118753068e-02 1.022428711360651721e-01 -7.058473183419117225e-02 -2.271094514311913781e-03 1.380057249363242887e-02 2.486457288474973326e-02 0.000000000000000000e+00 1.046458527983998819e-02 3.184665883001634029e-02 -1.380473166754638166e-02 -3.470933833538387969e-02 -4.038524972079678144e-02 1.966178628961540512e-02 5.881152646406807849e-02 -4.152165515066424950e-02 -2.007389666600245537e-02 -6.616308479363154638e-02 3.545629387060866139e-02 2.870863749219682709e-02 2.983221109494842133e-05 -2.536290075273857011e-02 1.449036781551700862e-02 -4.484299372906892789e-02 6.550670798341085010e-02 -1.709748689961014187e-02 -6.372505425911917376e-02 6.007206953273742933e-02 -6.877724614154237526e-02 -5.928853352808350664e-03 6.713626278426244876e-02 -6.383647715902537878e-02 -4.956865210920459452e-02 -1.706980216936237679e-02 2.623297903520258739e-02 -9.449587663516656466e-02 3.074097125862192137e-02 -3.732032237055848967e-02 -4.378658465998621491e-02 -3.579017609519946543e-03 8.721585039180705656e-02 8.314430611175208097e-02 2.027185488281645076e-02 -6.656815113158640052e-02 4.025627031593830008e-02 2.185328887165761264e-02 -8.466823959593347548e-02 4.592760341333055121e-03 4.200242144140873407e-02 7.345826434575310204e-02 -1.250119849033862543e-02 2.113019886208879206e-02 -1.057190806015729373e-01 -1.905909267836604359e-02 -1.273277563722037715e-02 -2.588842444580321742e-02 3.058596377755141288e-02 -5.731608966844280173e-02 4.294251422509804544e-02 6.056185268196999719e-03 -4.247153883129355795e-02 -1.228367891038919558e-02 -8.179054748189866497e-02 9.793456352913999796e-02
2.316702871969898107e-03 8.366105644928550911e-02 -2.828570583115326900e-02 3.986116044946931558e-02 -8.788581707462449211e-02 -8.624109768470333837e-03 2.419191447336244138e-02 1.847672691914553286e-02 -3.850246591417543635e-02 -4.167610334642661563e-02 -4.896751896687396438e-02 1.046458527983998819e-02 0.000000000000000000e+00 -3.385487058143409056e-02 3.134222544465050525e-02 6.535680809530131086e-02 -5.062768088987942144e-02 -6.104950366816010859e-02 -1.876624485941666767e-02 -1.194281166829647967e-01 -4.354904397803558563e-02 4.164632726213331193e-02 2.464509069772431726e-02 -4.008051243956467329e-03 -4.202802481279538371e-02 3.707824256662623635e-02 -5.826957952557272613e-02 -1.728854791476884187e-02 -9.502858597220480846e-03 2.897974120352888802e-02 2.166062687119176683e-02 -3.711620315062560266e-02 -2.586675978969955880e-02 -4.403475410057794046e-04 2.266249434015131254e-03 2.846099325654719361e-02 1.339818578532694648e-01 9.639839590065170383e-02 -4.287049757324343929e-02 -4.030791283374761391e-02 -7.100337136353584641e-03 -2.506594381461430335e-02 -7.192350079457332512e-02 -4.552329214073370933e-02 -1.506949600431997660e-01 -2.094579833724361309e-02 -8.470442951246093949e-03 -1.098952414315883599e-02 -2.824203355344774569e-02 -1.266787710624036889e-01 -2.929131661359840599e-02 1.720674092523560156e-02 -8.168096095027225362e-03 -6.925452844018244181e-02 -3.102977893472745954e-02 6.191681966770261163e-03 1.117244685815554917e-02 2.952060368006168348e-02 -1.119583953976106966e-01 -4.779304832700547595e-02 6.489627936576285172e-02 6.470706899580497273e-02 -2.472761779930868903e-02 8.273801349928982390e-03 -5.229290849839824534e-02 -4.439301061921751418e-02 2.328658541828892981e-02 4.232150699948544759e-02
-1.732830361934178248e-02 -7.564726416655194463e-02 -6.950505701980977738e-03 1.592717010411955417e-02 -1.231561646882117257e-03 -3.569587493339133194e-02 8.048661008931208560e-02 -1.326033848729303924e-02 1.901897606461560794e-02 5.310522320687648817e-02 5.223584636486252458e-02 3.184665883001634029e-02 -3.385487058143409056e-02 0.000000000000000000e+00 3.360909195480744210e-02 2.030055901474691130e-02 3.995493465871496203e-02 2.331017899516922218e-02 6.822477389220167610e-02 4.884812094952870748e-03 3.416581014160709195e-02 1.588551113182572888e-02 -4.058868692078407975e-02 4.198533700184390997e-04 1.308546677511656861e-02 8.450503258047451297e-03 -3.179812345414442798e-02 -1.738279435141205920e-02 5.360899146489689349e-02 -2.262548504762431582e-03 -5.757198531283871760e-03 -3.716430343360055399e-02 2.688825013776171419e-02 7.281012145619147717e-03 2.818484092096462668e-02 -4.314848695882093216e-02 -3.557193821287061436e-02 3.158870530742091676e-02 1.773243514845536384e-02 -2.732200499639820396e-02 -5.910433414455211476e-02 -2.917800967679922905e-02 -2.931595685041807689e-02 2.650619487218492526e-02 8.609003714247370764e-02 2.845117970822248071e-02 1.601861036598228177e-02 -1.101457746548344940e-01 5.703130220488315805e-02 1.197735077376270961e-02 2.867597214391062049e-02 -3.871303852269469825e-05 -1.300868391247186374e-02 -8.307904666004828353e-02 -4.282193027182275638e-03 4.586464678319816801e-02 -2.901071225682649857e-02 3.739379591932402713e-02 -6.319991921409968960e-02 -7.783310297429452476e-03 -3.835953081197970849e-02 -4.460450082995577603e-02 7.324948425557595288e-02 -1.153614016423177985e-01 -1.493253502630426631e-02 -2.146174544882170285e-02 -5.868861170778610914e-02 -6.577610932694188950e-02
-5.331864088344634087e-03 -3.153002168807625405e-02 -2.930635726368413171e-02 -1.278670261810282635e-02 -6.236758261772572948e-02 -1.463549791085716999e-02 -3.311963214449248349e-02 1.748827674054725945e-02 9.790587532652744729e-03 8.223958148212548100e-03 1.518614394316191579e-02 -1.380473166754638166e-02 3.134222544465050525e-02 3.360909195480744210e-02 0.000000000000000000e+00 -2.668617965187024960e-02 -1.927912260980743642e-02 -6.883540004574245641e-02 -3.440985149569147222e-02 -2.997039140137683008e-02 7.236263191221957436e-02 3.895519809673069628e-02 -6.277610452576518063e-02 8.819875415790585926e-02 3.399497958016954591e-02 3.389946580464420212e-02 -6.438264651053825227e-02 -5.349019033870273943e-02 4.975665903315499433e-02 1.593234504803934387e-02 2.414596253162292969e-02 -8.531376805909651750e-02 2.942385852826530368e-02 5.271007538275977039e-02 6.794566997590144319e-02 -2.019985992781036729e-02 -1.063732871688470930e-02 2.604770728099910400e-03 -8.413395644335501522e-02 -3.624214486716164502e-02 -2.324413351847527676e-02 -4.486282548744286586e-02 -4.730787027643333642e-02 -5.322692219967173344e-02 -5.701668271384190134e-02 4.357297027159463820e-02 7.733808752160891732e-03 5.639679389124080400e-02 9.897082438044801575e-03 1.903108909873993740e-02 3.267256225534602432e-02 2.046113487240321105e-02 1.794941730604567715e-02 9.121969322853890061e-03 4.462642524264824606e-02 -1.766509476046772623e-02 4.478204729508486470e-02 -2.660313398910362989e-02 6.962679710850135095e-03 3.571145016739499939e-02 -8.564460071897163351e-02 -7.634078273177641316e-02 -8.797127509530795753e-02 6.900701629325911579e-02 -4.006309543935740458e-02 -1.267833834867603676e-02 -6.871014677692351136e-02 -7.076847536714572784e-02
-7.067078015345941433e-02 5.887465984051089458e-03 -6.307174335810564192e-02 -4.477899351778984183e-02 -4.158822563063130362e-02 -5.796409551406087046e-02 -8.636717052740262163e-03 1.506851117827553727e-03 -2.659788046026895919e-02 -2.395794774807889077e-02 9.146840635689630628e-02 -3.470933833538387969e-02 6.535680809530131086e-02 2.030055901474691130e-02 -2.668617965187024960e-02 0.000000000000000000e+00 2.009536183865120659e-02 -2.283239915093373054e-02 -7.126075363064110491e-02 -8.940241655880983018e-03 1.066998399711769213e-01 -2.436137652021002145e-02 4.458230485901187173e-02 -1.074414799098835811e-02 -6.020092844394629716e-02 3.680991136148906856e-02 3.787213846073126527e-02 9.776740590952983506e-03 5.248884870038962591e-02 1.630820949526135336e-02 -7.616952113896564847e-02 1.153082079797105308e-01 2.347104904954022686e-02 3.557720791539239341e-02 -3.533809691923319590e-03 -2.262059549776582537e-02 2.342123489248578230e-02 6.898512354460059615e-02 9.049077374913151728e-03 -1.144846907001333680e-01 1.019072497526742338e-01 7.833918168111074498e-02 2.412891106234696728e-02 -3.222105507945697417e-02 -1.442479266122191628e-01 -3.246033482560472389e-02 -2.203357409839433456e-02 1.575719454048027379e-02 -5.615916174368995595e-02 -3.000650244887918469e-02 3.544169919601313640e-02 5.512170832167754414e-02 -1.043701304141713138e-01 3.363276443108985381e-02 -3.315592393501958640e-02 2.552538031317871589e-02 5.735791499195134514e-03 2.135468267395819464e-02 -1.358987694126556622e-02 3.121915518898529113e-02 3.583353615073776866e-02 -8.537276252936334964e-03 -4.915678239613732736e-02 -3.628231047992726971e-02 -5.674597586448525827e-02 8.959024690912580080e-02 -3.327332908575309639e-02 -2.392913379848797886e-02
4.082222949716780153e-02 7.674573045308091812e-02 -4.487494321699687233e-02 -4.508420367989539324e-02 7.174819881402734467e-02 -2.831128929340885614e-02 1.137356774865824587e-02 6.760378108934184636e-03 -1.076203376351267220e-02 -5.956686490082042928e-02 -9.937505820857643613e-02 -4.038524972079678144e-02 -5.062768088987942144e-02 3.995493465871496203e-02 -1.927912260980743642e-02 2.009536183865120659e-02 0.000000000000000000e+00 2.356715877277618457e-02 4.024826035900855650e-03 3.539804654974389956e-03 2.926100694284843734e-02 -4.419474191406285411e-03 -7.110527759446548524e-02 3.303134862347553019e-02 7.031055947856482136e-02 -8.584646918524677789e-03 1.522130842665243844e-02 2.632231731173727621e-02 1.879330922746931401e-03 3.640704458738425880e-02 7.477713674094516039e-02 -1.719190544981452325e-03 4.060405625225580600e-02 -7.109698231306580893e-03 9.113922047439816654e-02 -1.305289572959547487e-03 -4.373027917974472989e-02 -5.595613309537777330e-02 -5.719286357565761536e-02 -1.998896547738545151e-02 4.059038910926388716e-02 4.510551034399592346e-02 6.959651214634088312e-02 -3.189157676726615126e-02 9.486858813392141931e-02 3.764118738137903989e-03 -7.027228821350249045e-03 1.084692867175450839e-02 5.678892309241741210e-02 -5.712675274150345872e-02 -7.427793859945525101e-02 -3.960890101754310604e-03 -3.122625590969397083e-02 1.918086901253497015e-03 -5.115713237215998438e-02 -4.772852210780550303e-02 3.808439971132970836e-02 5.471024070762441766e-02 -2.109663421101587097e-02 -9.201935454943802051e-02 -7.670755085511590668e-04 7.944522496775194287e-02 1.250022100013595955e-02 -4.163148266294571659e-02 1.439273294291134892e-03 -1.086657279775370653e-02 -1.729016502204265560e-02 7.312074482792486766e-04
4.404198216307969593e-02 5.844793425728974506e-02 -2.990908008378842520e-02 1.681562452276056871e-02 -1.781473256328551177e-02 5.527955971064475726e-02 4.411215709675896796e-02 5.063891510892103848e-03 -1.677615521340173124e-02 -6.985206228656236187e-03 1.167438459401014955e-02 1.966178628961540512e-02 -6.104950366816010859e-02 2.331017899516922218e-02 -6.883540004574245641e-02 -2.283239915093373054e-02 2.356715877277618457e-02 0.000000000000000000e+00 -5.157042504614794964e-02 -1.271027412140221524e-01 7.033465619505670230e-02 7.286673393129742106e-04 4.689579295280546511e-02 -3.416874580801380207e-02 -5.934727761120691530e-02 1.523394986968873779e-02 -7.310462655089902673e-02 2.754326327939099484e-02 4.041759432520834056e-02 5.770270779362317304e-02 2.081644976824542984e-02 6.271049349090856984e-02 -2.064602075284424978e-02 7.336589628698507448e-02 -1.100357646614346166e-02 5.479555093192960136e-02 8.768784697617815899e-03 8.428115825370800481e-05 1.066076572425605183e-02 4.017096843183188409e-02 -1.331497821617254849e-02 -1.943547873742531998e-03 3.527578831006153437e-02 -1.192726044502693920e-02 5.551990864449068280e-02 2.710669228799957031e-02 5.854283622523552555e-02 -8.255535680245182362e-02 1.831917902858886532e-02 -4.273145101963305575e-02 2.879893046096359405e-02 -4.442452113040477879e-02 7.596671899437666686e-02 3.574322791973598423e-02 1.762259122177943158e-02 9.514157087969837834e-02 2.718297782271566002e-02 -1.705167389355475779e-02 -7.243792385916478227e-03 -1.666403052618899497e-02 3.855003656323417738e-02 -3.318228364726191065e-02 -3.820911413571467796e-02 -2.699775082246388264e-02 7.338011431160694487e-02 6.051394554781557023e-02 3.265831654726788352e-02 6.412068037350421301e-02
-3.736171805423645076e-02 -3.326224779181422096e-03 3.064296374362008787e-02 -2.067660379973939103e-02 4.757166654935221506e-02 2.753149592645392357e-02 9.517840959623830033e-02 1.422627535535521577e-02 3.505285931248262182e-02 6.658371763029225475e-03 9.541593868574599346e-02 5.881152646406807849e-02 -1.876624485941666767e-02 6.822477389220167610e-02 -3.440985149569147222e-02 -7.126075363064110491e-02 4.024826035900855650e-03 -5.157042504614794964e-02 0.000000000000000000e+00 -3.630468696342400992e-02 2.513234605295169063e-03 5.268665824082819846e-03 -4.098403421973081245e-02 -3.924824240474997922e-02 1.519266059319624232e-02 4.005333810897836883e-02 -1.018275000214854085e-02 -2.408239205232703614e-02 1.151584189306967786e-02 3.284051779519442382e-02 6.613663497553534491e-03 -7.205785260548852600e-02 -4.082715333610324043e-02 -4.675578951356598734e-02 -9.216710418193958115e-03 -1.013631131437775154e-02 -2.002164914207803584e-02 5.146544466706387370e-03 -7.013345818800645337e-02 3.605377142848134597e-02 1.051289173120694906e-02 -3.172175947070688534e-02 1.293087879674077560e-02 1.079897271457399416e-01 4.846525309493979194e-02 8.725337276841722833e-02 3.769226561007866377e-02 -3.945736201688228219e-04 -4.485242226411651628e-02 -3.072123123850100702e-03 -2.579733042675444107e-02 -3.329674483068001400e-02 1.873711377705385107e-03 1.767439771007588839e-02 6.684243150574353809e-02 2.053704295688153422e-02 -1.775936319063082525e-01 -9.228239646041737354e-02 4.271131470554707932e-02 -6.227542696498495484e-02 4.418890447096305804e-04 -3.137526137404184068e-02 5.459295130890684522e-02 1.287948977380400269e-02 5.699008524305204659e-02 2.949171218383788914e-02 -4.553592222605185730e-02 1.600923360830169839e-02
6.154390124706112658e-02 2.132547428193748776e-02 4.424881327722582879e-03 -5.203327876014980646e-02 1.444171861597880017e-03 6.978018785113870859e-02 2.304358086529917360e-02 -4.478034512922091787e-02 2.529480715684632314e-02 2.805342922725923352e-02 6.353593059671633347e-02 -4.152165515066424950e-02 -1.194281166829647967e-01 4.884812094952870748e-03 -2.997039140137683008e-02 -8.940241655880983018e-03 3.539804654974389956e-03 -1.271027412140221524e-01 -3.630468696342400992e-02 0.000000000000000000e+00 -1.803728235660185739e-02 -5.966973615402496739e-02 -2.591352049070531557e-02 -2.517095729806673871e-02 2.367708825570122647e-02 -1.216339627999456219e-02 8.275761575535856007e-02 5.186311461992692412e-02 -7.324659456336420071e-02 -4.127010585496474621e-03 -7.454627032076047011e-06 2.056701275600585077e-02 2.170054902322016404e-03 -1.032433626933892436e-02 5.814631832119575294e-02 2.251265451197673184e-02 -7.482603970182057085e-02 -4.537863705690842187e-02 1.236381210186978698e-02 -1.459947523731698789e-02 4.599362666674648020e-02 -4.678759188189317297e-02 1.558221434329060823e-02 1.645688005327143252e-02 1.374198863235480406e-02 -4.120356027125292309e-02 3.503818032369007685e-02 -5.080882676260931041e-02 3.108818610822294132e-02 3.972567728875275178e-02 5.470000350889442538e-03 -4.031191247673291539e-02 4.101816446212937228e-02 -4.232390246183873050e-02 2.587258229387762870e-02 -5.871096949582785274e-02 8.510173215872422758e-02 2.353093274739156970e-02 -7.609044720770506698e-02 6.438426394101605388e-02 6.295619203984502421e-02 -8.367838025727572515e-02 -2.330943602343570672e-03 3.274806262342292752e-03 2.905870846086096998e-02 5.089442681946161617e-02 4.461500143660965950e-02 -1.465020555883193507e-02
3.054939394216968362e-02 9.672515949173049465e-02 1.966127865361792793e-02 -6.233103754630332088e-02 -9.710639319756006471e-02 2.931640469120586762e-02 7.427878037538726639e-04 6.536058951544089154e-03 9.237831450043042930e-03 9.016962530139559229e-02 -1.017655606835264348e-01 -2.007389666600245537e-02 -4.354904397803558563e-02 3.416581014160709195e-02 7.236263191221957436e-02 1.066998399711769213e-01 2.926100694284843734e-02 7.033465619505670230e-02 2.513234605295169063e-03 -1.803728235660185739e-02 0.000000000000000000e+00 7.732627622919199806e-02 3.523779916759826186e-02 5.453206762383561862e-02 -4.438372413813066603e-02 7.768100812566656327e-04 5.621427636971887409e-02 -1.756257637350028386e-04 -3.780865224113560269e-02 4.703698902414491650e-02 -1.401800170098407156e-02 7.104882130225029235e-02 2.692700384067625574e-02 -3.786101512109755346e-02 -9.284126966751125518e-03 3.042472950706489720e-03 5.252157461578289138e-02 -3.289782842376082900e-02 4.959896493802854606e-03 1.615017138849585490e-02 7.089468436870222101e-02 -1.044956743886664256e-02 -9.408529480237051712e-02 7.462017344474545719e-03 4.317943254842872974e-02 2.015248495933866322e-03 -2.917084851421758093e-02 2.779514360005770970e-02 5.190936332583387641e-04 -9.012321950998285550e-03 -1.643550483629053691e-02 -2.248696073840675963e-02 -5.399361824536969001e-02 -6.888742852053274940e-03 -1.244480040340537920e-02 2.790454778945579764e-02 7.250203184543140000e-02 -3.558398694149195185e-02 2.645026442332711059e-02 3.320644913641145057e-02 -2.678167251367510318e-04 -3.507458084142465321e-02 -1.070889980664925870e-02 -3.772992109721765019e-02 -2.283452530118146653e-02 -6.121752684295613672e-02 2.249819359814745137e-02 2.384301263794094336e-03
1.725136877739827726e-02 4.047214866347238066e-02 -6.562823905213112374e-02 -1.614500676653030098e-02 1.133850711481322326e-01 1.169511398969022564e-02 3.031490479913207317e-02 -6.275199004605631903e-02 3.151211376508250561e-02 -7.376629043583890488e-02 -1.111252769166786759e-02 -6.616308479363154638e-02 4.164632726213331193e-02 1.588551113182572888e-02 3.895519809673069628e-02 -2.436137652021002145e-02 -4.419474191406285411e-03 7.286673393129742106e-04 5.268665824082819846e-03 -5.966973615402496739e-02 7.732627622919199806e-02 0.000000000000000000e+00 4.691996749374343322e-03 4.359819394622666162e-03 3.482308136761416706e-02 5.844802018741061117e-02 -7.555177390387600445e-02 -2.273064662104613831e-02 8.962480127620292558e-02 -8.439304598274693925e-02 -1.238456376299872791e-02 -1.242034054317684225e-02 6.004130390506850351e-02 5.468174841859668733e-02 2.878653885244380952e-03 3.462648361807101755e-02 -2.492600079577005079e-02 8.713161295892394437e-03 -7.034285230501684076e-03 -2.102763722617435882e-02 -8.981201570546486213e-02 -2.031367157784246674e-02 -3.291623443886388528e-02 2.574231779298150752e-02 4.698874359637505126e-03 -3.388411315373247162e-02 -2.076342901540308150e-02 8.627408370349660960e-02 -1.008508727526105902e-04 3.397042586602064262e-02 5.292290463366572384e-02 -5.597706288488028814e-02 -5.080621089958852615e-02 -3.251481258200600299e-03 5.586468447187876302e-02 3.664078303176816851e-03 -3.986166289848993433e-02 -5.470731464164221847e-02 -5.955367193139762122e-02 -2.095844512000682221e-03 -2.606994195524001481e-02 -2.358168097385778331e-02 1.073805931064361271e-02 -1.827894915960267749e-02 4.123288205883508806e-02 -1.633193987310395390e-02 3.898343562917956640e-02 7.732452220380743590e-02
3.031158994475312632e-02 -4.313976286812717421e-03 1.300755294782453969e-02 2.734954348927679229e-03 -6.914074373853688546e-03 4.554442455537920445e-03 -6.004741605624273892e-02 6.595557759202878845e-02 9.955466673441267216e-04 -5.593748388491533163e-02 8.016770180322958794e-02 3.545629387060866139e-02 2.464509069772431726e-02 -4.058868692078407975e-02 -6.277610452576518063e-02 4.458230485901187173e-02 -7.110527759446548524e-02 4.689579295280546511e-02 -4.098403421973081245e-02 -2.591352049070531557e-02 3.523779916759826186e-02 4.691996749374343322e-03 0.000000000000000000e+00 -2.659694535819063371e-02 -2.499114596958433229e-02 1.640947421734879549e-02 5.440465635134490024e-02 -6.775911685957726298e-03 1.452882959698658001e-02 2.608711712517196649e-02 -5.732667030396543240e-02 1.169672267532977789e-02 3.034642249947262804e-04 -7.730026800555465927e-02 -4.740230054424540707e-02 -6.935022750665602309e-02 5.396437678522587530e-03 3.497131553745416819e-03 2.791391788353714959e-02 6.097003990815980795e-02 5.183100137357832954e-02 2.506206077334771631e-02 4.753612908376159824e-02 2.073167943592222826e-02 -4.509810913046596176e-03 2.998529340892126110e-02 6.295868892490301405e-02 2.431887267546238574e-02 -8.657137176427487715e-03 9.483340535661181903e-03 7.429941869073720950e-02 4.048778109630136318e-02 1.237987574196116880e-01 2.162506255190276006e-02 3.304986274274659963e-02 8.653735325849291893e-02 2.428545129898480870e-02 -2.078862375970083262e-02 -6.003289115538225883e-03 1.283513347861389015e-02 3.887694695096013259e-02 3.752765160164525660e-02 2.436210613972343217e-02 -2.334954897149912889e-02 -7.769808986705559195e-02 -5.383605626026494867e-02 4.038017721131722387e-02 2.729415276391911060e-02
