0.000000000000000000e+00 3.192374576275820025e-02 -3.615518617866765854e-03 -1.792648026731774938e-02 -1.123263475001659399e-02 3.587877479622411658e-02 2.812392222638979145e-02 -3.923055123745488627e-03 3.595818314671268140e-02 4.084110196047221163e-03 -3.329072363792404121e-02 4.711547808394520032e-02 2.166337270149044578e-03 -1.220753062945223975e-02 -5.084242596068442969e-03 -7.026458197229087932e-02 4.087314351398296103e-02 4.420499179520311767e-02 -3.703365387393935809e-02 6.149508437797526067e-02 3.048649927856626751e-02 1.747558553730638869e-02 3.051884610859120425e-02 6.661089994617559740e-02 2.114961062286401308e-02 -3.974471800433451545e-03 -2.344880681268745812e-02 -2.432497631546929467e-02 2.293731089182846419e-02 -2.425498560534773348e-02 -5.861177897021058875e-02 -1.110743368691390238e-02 -6.181232941536918962e-02 -3.253526074649210065e-02 -3.362611550484635725e-02 2.997572929757200827e-02 3.759844976273190448e-02 2.596296380115489452e-02 -3.387374157423434645e-02 1.525750966589785838e-02 5.132774985588561822e-02 -6.639603185669313255e-03 5.747329881489929466e-03 2.493943050091867314e-02 5.414611883315240820e-02 -6.601483806215663330e-02 9.863117819074118664e-03 2.872480495758988200e-02 -4.513540128214110769e-02 5.874553997380262821e-02 3.073842871375820004e-02 -8.979881111620040268e-02 1.519013606902432957e-02 1.379173594895494702e-02 -8.562322843981731713e-02 -8.155885251020097981e-02 4.938776581132495180e-02 -3.164073625054342198e-02 4.596361878738015189e-02 -2.792803905952620167e-02 -4.140651273467289839e-02 -2.597629051530319505e-02 7.222050128943771500e-04 -1.833685066263101432e-02 6.510345470327036366e-02 3.452787224565928050e-03 -1.970653641254768371e-02 1.084712450816783386e-02
3.192374576275820025e-02 0.000000000000000000e+00 -1.048137167158303962e-01 -8.217295360374253510e-02 4.045363474266456399e-02 -4.845536682172230103e-02 -5.515547076145872751e-02 7.840141167035313656e-04 6.010665188298734002e-02 -5.200044201631486701e-02 -4.071223695829830069e-02 1.698975754220683875e-03 8.423118194251372204e-02 -7.568079833757677954e-02 -3.131597589019239486e-02 5.974016900822039754e-03 7.666356734563051223e-02 5.817266449684722895e-02 -3.153946321728000497e-03 2.110548290484873246e-02 9.680612922955668387e-02 4.442147118410186279e-02 -3.585154702270231669e-03 -9.321783861629174411e-03 2.352975439602823446e-02 2.566053953841110000e-02 5.087088047510695057e-03 -3.394437961838072532e-02 -4.563450239094691413e-02 6.546794761454854950e-02 -3.262366288674598599e-03 4.694304582036347429e-02 -2.736212648177011042e-02 1.618306615176286559e-02 -3.972349668986962373e-02 2.199089305074027750e-02 2.423138138203159708e-02 -3.030347600267156716e-02 -6.103783800258794773e-02 6.902462970306988237e-03 -8.800205076711288543e-02 4.380101469367624067e-02 2.676554014727946032e-02 2.413962449402514907e-02 -2.575537802727288425e-02 5.192151248496192258e-03 -1.564952077772196679e-02 -4.059603673208688618e-02 -4.352507008895205309e-02 -3.533746645447799484e-02 4.351708457579073208e-02 2.983995671684900111e-02 -2.547663209593230282e-03 2.734066981380339420e-02 3.316266805578248211e-02 -5.641132845894679393e-02 5.118878669817054222e-02 -8.322471221198160518e-02 -8.743395795210573418e-02 -5.285021041429734112e-02 -7.428184865585177321e-03 -2.107487429092106887e-02 -3.116165013522632921e-02 -1.203233586697318586e-01 -3.835049265051442696e-02 -9.907449551864152062e-03 3.881103889138259183e-02 1.248862435590911146e-01
-3.615518617866765854e-03 -1.048137167158303962e-01 0.000000000000000000e+00 -8.740820424087518414e-03 -7.700929827231034475e-02 1.284355388613212801e-01 1.230592533594291119e-02 5.470911404589167554e-02 -3.138424653189448438e-02 -4.968851347171465704e-02 -1.088808289957044449e-02 2.501696243128453956e-02 -2.818286915912696089e-02 -6.933197831072736121e-03 -3.006611970146508273e-02 -6.172061710464280676e-02 -4.030660703685532559e-02 -2.959849811316815973e-02 3.047878159355763353e-02 4.617381198587347350e-03 2.211956614260445972e-02 -6.580845747259442269e-02 2.833552388327199162e-02 -2.454921881519802826e-02 2.337953857357201980e-03 1.270112883225905931e-02 8.520216739370033154e-02 -1.519261453870968115e-02 -1.085090119725133986e-02 -2.299410923464819193e-02 8.728147303164617010e-02 -6.659581599123512441e-02 7.589791219926665666e-02 -3.996504264100649885e-03 -3.692845404530426673e-03 -8.092166787863927513e-02 1.215301630633186178e-02 -2.456830251636454854e-02 5.860572382719556050e-02 7.236343839165541858e-02 2.414677292706593481e-02 -8.242889663451466453e-02 8.572635046827405125e-02 1.686945754730843211e-02 -2.425538054939616051e-02 -5.676497434437040301e-02 -2.348747481085735472e-02 -4.344011830494327181e-02 -4.317776327869605330e-02 4.372171773429424368e-02 8.750019413452575501e-03 5.233865144697195243e-02 -4.402647378971231984e-02 1.605070990429974254e-02 1.994753314998761601e-02 1.567031812321539874e-02 -5.193212680235862432e-03 1.502422085724417454e-02 -5.013127004428479666e-02 1.949405314459014618e-02 2.503650516610450572e-02 4.671775722851299190e-02 2.905965168560423369e-03 -9.949439717938926217e-03 2.719406683408022440e-02 -8.103760362704456530e-03 -4.584176650888089483e-02 -6.082889938215688824e-02
-1.792648026731774938e-02 -8.217295360374253510e-02 -8.740820424087518414e-03 0.000000000000000000e+00 7.924805108171261922e-03 8.859881363729746415e-04 1.204389000261998043e-02 -9.621498033174365194e-02 3.273573264030835150e-02 5.731414325146737265e-02 2.497128852876900548e-03 -3.772301140533441260e-02 3.951505259535422615e-02 1.551978953515985131e-02 -1.269921334100959989e-02 -4.478238995481375467e-02 -4.537650385118006946e-02 1.660198310693773369e-02 -2.084594753881903809e-02 -4.833554860929933222e-02 -6.207215062195488298e-02 -1.659950464020632302e-02 1.773326639033506215e-03 -2.445645532443123729e-02 -5.123125348572114823e-02 2.666418628229837162e-02 -6.256458856695254478e-02 3.093365426957027722e-02 -4.960664212201208040e-02 2.139117754593020462e-02 6.344217589448328254e-02 -1.146935864738666058e-02 -2.237404038226016578e-02 -2.910598349539564311e-02 -9.143489469887650101e-02 -4.749226835472324104e-02 3.663062170346910451e-02 4.675681431234403329e-02 -2.139856204241903301e-02 1.486330583527158480e-02 -7.221455603146373359e-02 3.243237513294541796e-02 -1.116763367530371337e-01 3.939929460237619196e-02 -5.484610545376743251e-02 -3.542203171004684042e-02 -6.415907717215234458e-03 -8.732159303693209917e-02 -4.755179277512917857e-02 4.771313120748164188e-02 -4.790674773304628986e-02 8.519660125912838222e-02 -1.391868753518689383e-02 -3.401623754217893147e-02 2.843320085887875853e-02 3.545501554300114350e-02 3.026907034307552841e-02 3.240520860104326162e-02 6.655504668862337325e-02 -2.381491510188441657e-02 1.735001261134154829e-02 1.339515562123449154e-02 -3.635891658694799262e-03 -9.789885998366865127e-02 -9.495219711821692790e-03 7.742148320519569304e-02 -6.225984997431700113e-02 -3.773232382789298150e-02
-1.123263475001659399e-02 4.045363474266456399e-02 -7.700929827231034475e-02 7.924805108171261922e-03 0.000000000000000000e+00 -2.304332554001198644e-02 -5.105668513764315131e-02 7.161527719805256542e-02 6.338863268591286848e-02 -1.671996320853304024e-03 1.133481871490138286e-03 -5.698184654926540665e-02 -8.733682252576797922e-02 -9.027218797131122442e-04 -5.822876827037126723e-02 -4.170202189990129121e-02 7.187777835432206108e-02 -1.780716322121228545e-02 4.769147683674523214e-02 1.350682554999642349e-03 -9.698907133310136208e-02 1.135548844464654428e-01 -8.423054192777541457e-03 -3.562083041936450582e-03 2.375431289756595350e-03 -4.601847390643283402e-03 5.750529974228777569e-02 -1.673627790647876090e-02 5.356541175885518036e-02 -2.341432329571895010e-03 2.789621761872303554e-02 1.138384859574345376e-01 8.553255640765651535e-03 8.445687190263023725e-02 5.801265441484643182e-02 1.889226793722675879e-02 -9.974716648031330124e-02 3.542153037978398172e-02 -8.117614663453988355e-03 -7.809082315373037930e-02 -4.302671393180520359e-02 1.066774411028337602e-03 1.382191503814195893e-02 4.917689846910160145e-02 -1.642335660769005112e-02 1.747511832350532104e-02 8.476691749204854145e-03 -5.976762904939502720e-03 7.333051583886592006e-02 2.245986683434564313e-02 -3.492805454306944363e-02 -3.107646166073526131e-02 -4.460300358107240071e-02 1.567870821328008410e-02 1.673604576158891494e-02 -5.337917871594588526e-02 -8.595744780176442501e-02 -1.598008059720790533e-03 6.092018421702873054e-02 -4.101618262215216831e-02 -2.931474913224210721e-02 -2.903428219713800190e-02 -7.571310451695040245e-02 -2.082262369831849175e-02 8.748284145742504792e-02 7.171673951680948567e-02 1.483773292930958866e-02 2.582557817612771145e-02
3.587877479622411658e-02 -4.845536682172230103e-02 1.284355388613212801e-01 8.859881363729746415e-04 -2.304332554001198644e-02 0.000000000000000000e+00 6.968404550598314429e-02 3.747872907962915279e-02 2.450084892952450466e-02 3.989431839978965777e-02 1.938517406907608320e-02 6.993218904578088480e-02 -8.327827674737452862e-03 -3.445193021824292240e-02 -1.296604344439199717e-02 -5.785918856454869835e-02 -2.780476075957965046e-02 5.550010621758126594e-02 2.788598822183722611e-02 6.982468502734295868e-02 2.946787065063580929e-02 1.134562001923375939e-02 5.807330987012604764e-03 5.691158883297948307e-02 -5.966399023201002932e-02 1.105452000663082884e-01 1.346562452411424401e-02 -4.358537534371734884e-02 1.895077198457210737e-03 -3.213106867676883416e-02 3.440772942479133206e-02 4.636525934005682192e-02 -6.000465665543026905e-03 4.504422919040075926e-03 6.198813934879619097e-02 -3.136891813954675867e-02 -4.446284663765789208e-02 7.110901147451761072e-03 5.660491909783438996e-02 1.123720176937582221e-02 1.352960917688388609e-01 2.746736047820001400e-02 1.166049714085852680e-02 -3.282758533983526350e-02 -9.828018515246297881e-03 -5.380375112760425044e-02 4.732150134178704504e-02 8.533866660704779450e-02 -7.201403307478347615e-02 -5.993921398628994368e-02 -2.266331715230040025e-03 -4.951980170664408570e-02 1.808496395922990288e-02 8.281341972046558919e-02 -6.363094352494592931e-02 7.159844823472000241e-02 4.019452226680485241e-02 5.286570972846082322e-03 1.453515296157733769e-02 -3.625137453948843597e-02 3.184918854439786062e-02 2.731499480155127543e-03 -6.194055926573898557e-02 3.085529335444796642e-02 4.091131528189625305e-02 2.456380157119050084e-02 -1.974763973361329597e-02 3.281309618930694722e-04
2.812392222638979145e-02 -5.515547076145872751e-02 1.230592533594291119e-02 1.204389000261998043e-02 -5.105668513764315131e-02 6.968404550598314429e-02 0.000000000000000000e+00 -6.314482971921203669e-02 2.493936186185890906e-03 3.505361534830658127e-02 9.714228986091637263e-03 1.021305611078767717e-01 2.383234732195955302e-02 8.873839149819180705e-02 -3.329802479242296304e-02 -8.247152064570294205e-03 1.204066930036311669e-02 4.537973011190600536e-02 9.583121580273519513e-02 2.385599349555202545e-02 2.440332017926034706e-03 2.952694992376611247e-02 -5.803607335572166098e-02 3.429560501853001070e-02 -1.896007157640006852e-02 2.123656284439746564e-02 -5.072040667482875104e-02 1.748149381498199928e-02 6.324389371297474416e-02 -1.148147573995606935e-01 9.559485908760302630e-03 -6.445281214737991898e-03 4.586491045316969106e-02 -4.216033898646877505e-03 -2.351810890872270410e-02 1.636616035607782460e-02 -2.482410305735757456e-03 -3.174305048789639871e-02 2.167454428569583202e-02 -5.329393721316978694e-02 -1.511845755433350799e-02 -4.760048055923683796e-02 2.870030187328877561e-02 -1.622127659294433574e-02 2.696221660160818059e-02 -3.399555682801341794e-02 7.255831149607573638e-02 4.714611815745711754e-02 -4.585462404802351233e-02 7.592247341796683202e-02 3.075820322737319451e-02 -3.959411500736006312e-02 6.686565100902036075e-03 -5.773417464688421208e-02 9.339723192272079977e-02 8.440373796631811878e-03 2.722491811874344983e-02 3.957520907245359854e-04 2.890576646451722964e-02 -7.291629799715468319e-02 5.065953736577671201e-02 8.567217245183000873e-03 7.850591552312645438e-02 -1.588715923502765845e-02 -7.729615047976573505e-02 -2.653786208372052244e-02 8.618944013318231845e-02 1.911301369865574251e-02
-3.923055123745488627e-03 7.840141167035313656e-04 5.470911404589167554e-02 -9.621498033174365194e-02 7.161527719805256542e-02 3.747872907962915279e-02 -6.314482971921203669e-02 0.000000000000000000e+00 1.006945675452686206e-02 -1.122041458578817465e-02 4.427116878596672883e-02 -6.952606344207151734e-02 1.846441879394008362e-02 -5.346205999431316927e-03 1.761875379430435581e-02 1.463186603157386884e-03 8.267098277028563785e-03 5.586830860375777662e-03 1.483121069130130532e-02 -4.471791357650605619e-02 8.250674263895271462e-03 -6.275884505346661368e-02 6.779925725317598184e-02 -1.423498308736917753e-02 4.933232289655185149e-02 -3.408435399989807185e-02 -9.321925563167961920e-03 8.959183390489318388e-02 -5.952481825066246145e-03 7.029467983530145181e-02 3.553200095320906832e-02 3.144231197534017724e-02 1.281739106407892752e-03 8.920756992100414839e-02 -5.042224021733170830e-02 -6.188451368272981229e-02 -9.993561586946381192e-02 -1.418735555751800444e-02 1.958428948784450910e-02 3.568081646519206951e-02 3.740309844340761886e-02 -4.576010145822303338e-02 -2.450241191814175358e-03 3.655215436823500835e-02 4.804314238681057364e-02 -9.208809676086331109e-03 -6.562511438246122764e-02 2.767774864680900421e-02 -1.027841189959451812e-02 -1.337702549042206132e-02 -3.627737031105861265e-02 -9.610373672433716527e-03 -5.900690817644688169e-02 7.495986455223333476e-03 1.068471336626669425e-02 3.637809031850280928e-02 -4.342513978081644077e-02 7.006273866951162610e-02 -9.068115658402435726e-04 -5.396009851931866247e-02 1.076069095494116244e-02 6.895605542466989868e-02 2.477034285975163175e-02 -1.776055580224329645e-03 -3.147867789840774755e-03 -1.287614452818004185e-01 3.858317805911655463e-02 -6.341495845702874862e-03
3.595818314671268140e-02 6.010665188298734002e-02 -3.138424653189448438e-02 3.273573264030835150e-02 6.338863268591286848e-02 2.450084892952450466e-02 2.493936186185890906e-03 1.006945675452686206e-02 0.000000000000000000e+00 8.337050446705431689e-03 -5.119098438991706579e-02 -1.411747917784266426e-03 -3.843254590546538868e-02 1.887770738415520122e-02 1.185616234565032949e-02 -2.704310885338517476e-02 -1.127450004669569746e-02 -1.700870522651731082e-02 3.475556773014820688e-02 2.542498448776575604e-02 8.811855298214581883e-03 3.357108629423628809e-02 -5.807118710156155671e-04 1.203493846878542044e-02 2.470987660960125010e-02 -4.546191723800972750e-02 -1.513551457969513070e-01 -2.025690509434019057e-02 -3.825625958828383910e-02 -6.897013101828079751e-02 1.822025619686272815e-02 -3.989572729251590795e-03 -5.264222364822512129e-02 -1.108281519299201580e-02 4.254152501732703234e-02 9.473196244196031846e-02 -5.878720957784874801e-02 -6.428160566321527991e-02 -3.708185818756455643e-02 -3.991565416593496896e-02 -8.075366803348405648e-03 2.860719882312072210e-03 -3.069321505758359960e-03 -9.562129697891158520e-02 2.197047285286115800e-02 4.621481156200197941e-03 6.978287921028721030e-02 5.531828618661783353e-02 -2.512129510963155565e-02 -8.462431193868231224e-04 -1.179594890821319547e-01 -3.751688084203973900e-02 1.067078117268951132e-01 -9.535010766603894961e-03 9.342993968533368915e-03 6.986875137757318777e-02 -1.850831022441913262e-02 9.796386480984383208e-03 1.048327152493788543e-02 7.737551062180968164e-02 -9.546389112159810175e-02 -2.843543554718604496e-02 6.328682961928282225e-02 -4.032586331084816143e-03 -4.596129047317383531e-02 -2.448675770295598558e-03 3.433730220376854381e-02 -6.489542535041004090e-02
4.084110196047221163e-03 -5.200044201631486701e-02 -4.968851347171465704e-02 5.731414325146737265e-02 -1.671996320853304024e-03 3.989431839978965777e-02 3.505361534830658127e-02 -1.122041458578817465e-02 8.337050446705431689e-03 0.000000000000000000e+00 5.180331619151409134e-02 1.600506028901530625e-02 -4.137802406536208316e-02 5.446723981607264065e-02 8.068086856783528160e-03 -2.430357734270525288e-02 -5.990132195322336178e-02 -6.246905240167041282e-03 7.393666468273800939e-03 3.025959704772451103e-02 8.953763499529684977e-02 -7.386849332249806332e-02 -5.619721344395346707e-02 8.400353501408683310e-02 -2.794980732721645805e-04 -5.941900906373338148e-02 1.053432402174656057e-02 3.426855702731317066e-02 -2.972214443874936912e-02 -2.198918114257912559e-02 -8.312761388170894841e-03 -2.221273510121798272e-02 -2.957602983100160107e-02 9.794843100337817174e-03 6.590216425419333224e-02 -3.577718087952244663e-02 2.263910207542834882e-02 -3.481625771922360058e-02 -6.115497139499977142e-02 -4.127812180579244067e-02 5.088317928871401857e-03 -9.712660308585933933e-02 -1.286188085375521428e-01 3.746613995255335811e-02 -2.341521923598374397e-02 3.765031774950293453e-02 -2.053080039131848292e-02 -4.479718808840549987e-02 -7.345405282579159367e-02 -1.347718264609177284e-02 -4.277264621804322681e-02 -5.548883089035412663e-02 5.232927799441444011e-02 -5.008102583403147706e-02 -2.297855857077741107e-02 -2.930094174774297913e-02 -3.499131304348655769e-02 9.913333664574764878e-03 2.152620503295531867e-02 1.345509984023530829e-02 -3.578645550259514085e-02 2.983991544419410669e-03 -8.284232519862680388e-02 -4.099969681649971026e-02 4.014980687014791522e-02 -2.437881400708369339e-02 -5.264026594069258491e-02 -2.709121287450270976e-02
-3.329072363792404121e-02 -4.071223695829830069e-02 -1.088808289957044449e-02 2.497128852876900548e-03 1.133481871490138286e-03 1.938517406907608320e-02 9.714228986091637263e-03 4.427116878596672883e-02 -5.119098438991706579e-02 5.180331619151409134e-02 0.000000000000000000e+00 2.547940615888147006e-02 -4.617627918005502707e-02 5.280304081025639223e-02 1.519201281598227954e-02 9.151119468196004803e-02 -9.883960024422645818e-02 1.461612941704070259e-02 9.612044881320692957e-02 6.322777392982330269e-02 -1.008683668886833640e-01 -1.105044053844215016e-02 7.890641823173004388e-02 -1.350678768275663695e-02 3.705260416519626926e-02 7.003506501796881445e-02 -4.423996932932922066e-02 -3.775040727685011546e-03 6.201484544566750884e-02 -1.630512174693491551e-02 -9.839570583274752369e-02 2.239182625467099619e-02 2.343392439853892589e-02 9.253148164930266595e-02 2.451136717451075572e-02 -6.760200187407215677e-02 2.720097861070437054e-03 1.193470389549643532e-02 -2.024853960039769279e-02 2.447880896625555594e-02 -5.076739071837131634e-02 5.898228153500130466e-02 3.545698326040108705e-02 5.672306111189524824e-02 -3.973716509797505653e-02 -4.166390031187572340e-02 5.735136766060349583e-02 1.292216973279339959e-02 -6.030169761305357451e-02 4.015136331097737127e-02 4.989400265756936161e-03 -1.987474745527640155e-02 -4.771976155270695602e-02 6.374538229297076197e-02 -9.518480093747399770e-03 -2.975332165461803610e-02 -3.323688190425269640e-02 -8.472808794701946686e-03 -5.396743884782447681e-02 1.830154599302054319e-02 -1.773303087138414919e-02 -4.511211209810254974e-02 1.851602202988123858e-03 4.180026434224449333e-02 -1.677696782010906079e-02 3.960747948939868229e-02 -8.817749097638356848e-02 -5.317263542666196552e-02
4.711547808394520032e-02 1.698975754220683875e-03 2.501696243128453956e-02 -3.772301140533441260e-02 -5.698184654926540665e-02 6.993218904578088480e-02 1.021305611078767717e-01 -6.952606344207151734e-02 -1.411747917784266426e-03 1.600506028901530625e-02 2.547940615888147006e-02 0.000000000000000000e+00 1.077962581555565354e-02 3.269117985761504225e-02 -1.297590150820004083e-02 -3.487474250406846776e-02 -4.013723556800185416e-02 2.016702238773716849e-02 5.878312839759780584e-02 -3.902588660517837538e-02 -1.984573156556133228e-02 -6.622304751792204569e-02 3.480400049514822958e-02 2.903999237431965919e-02 -3.042302003301904984e-05 -2.420065657997899286e-02 1.512622427829348609e-02 -4.340599614322132593e-02 6.592912029660924489e-02 -1.667837841254546719e-02 -6.359567734698325092e-02 6.038715727755767509e-02 -6.876021291418962789e-02 -4.870754762383454686e-03 6.727833639956130873e-02 -6.380778748615531515e-02 -5.033405203057757932e-02 -1.688175717750048724e-02 2.619318524811328763e-02 -9.450367027559211652e-02 2.970419270493487862e-02 -3.788732037355115045e-02 -4.388418092609982363e-02 -3.668062367681305686e-03 8.744699882351401887e-02 8.362967800808358831e-02 2.057225940181637083e-02 -6.628759448406361388e-02 4.008012840616870243e-02 2.153648152845972358e-02 -8.487868492552487487e-02 4.726711417187653974e-03 4.216264460617124427e-02 7.365175539058521625e-02 -1.334388292560242939e-02 2.096545287990413120e-02 -1.058552988008309576e-01 -1.934737698986531418e-02 -1.281865919432884776e-02 -2.596776422037070167e-02 2.993625076117184536e-02 -5.726878327409783836e-02 4.277264744781723166e-02 5.885891069443618256e-03 -4.227669158032840852e-02 -1.188663441087610580e-02 -8.176205885577642052e-02 9.798775449679668348e-02
2.166337270149044578e-03 8.423118194251372204e-02 -2.818286915912696089e-02 3.951505259535422615e-02 -8.733682252576797922e-02 -8.327827674737452862e-03 2.383234732195955302e-02 1.846441879394008362e-02 -3.843254590546538868e-02 -4.137802406536208316e-02 -4.617627918005502707e-02 1.077962581555565354e-02 0.000000000000000000e+00 -3.362585793959321778e-02 3.105237944079290019e-02 6.528369096514104186e-02 -5.073180917834763104e-02 -6.080788080498360920e-02 -1.872460213763177395e-02 -1.191452033330983179e-01 -4.338287591028143486e-02 4.215162888675196007e-02 2.378536058378028298e-02 -3.468192806464627433e-03 -4.033627454619243685e-02 3.681511711962181382e-02 -5.286628362229457700e-02 -1.646086473472282638e-02 -8.788866650165335845e-03 2.873935228922239876e-02 2.323375199291497634e-02 -3.563170649773571980e-02 -2.586476987642094896e-02 2.364146741289614457e-03 2.267554742446566650e-03 2.855816331706985400e-02 1.338371092109168770e-01 9.637483007021473147e-02 -4.304701082495189512e-02 -4.045231000014955919e-02 -6.692969253721438826e-03 -2.539729314148830852e-02 -7.190416045653794108e-02 -4.528318146840011604e-02 -1.504383244452930646e-01 -2.112099278371189215e-02 -6.397843027909016524e-03 -1.132235052948161319e-02 -2.841305219402229590e-02 -1.262983718918023468e-01 -2.903888289830788144e-02 1.683565025147445993e-02 -8.366293705273229048e-03 -6.909760987765781182e-02 -3.093128701478695466e-02 5.888377456495975763e-03 1.155176868510047680e-02 2.967577533639887202e-02 -1.121984792011157250e-01 -4.700024019279465393e-02 6.324623645161885077e-02 6.443356917716396015e-02 -2.479702841873797359e-02 8.339918469079691740e-03 -5.144128690054734082e-02 -4.441463937945810958e-02 2.307223659653666326e-02 4.201766482886570148e-02
-1.220753062945223975e-02 -7.568079833757677954e-02 -6.933197831072736121e-03 1.551978953515985131e-02 -9.027218797131122442e-04 -3.445193021824292240e-02 8.873839149819180705e-02 -5.346205999431316927e-03 1.887770738415520122e-02 5.446723981607264065e-02 5.280304081025639223e-02 3.269117985761504225e-02 -3.362585793959321778e-02 0.000000000000000000e+00 3.361458057880592487e-02 2.026749072644518437e-02 4.125368815814525747e-02 2.422715409360286232e-02 6.874056616346421733e-02 4.930107013165744081e-03 3.427425673507310949e-02 1.570750575964872942e-02 -3.765710164415693451e-02 1.047946152005100467e-03 1.303415027821746078e-02 8.785074675115540216e-03 -3.338738176913397249e-02 -1.470621699382851713e-02 5.956773770353578079e-02 3.065402434878708188e-03 -5.842002109590962826e-03 -3.612341770905053151e-02 2.693501569745705357e-02 8.535241489904506554e-03 2.751203034624690943e-02 -4.386918586446041102e-02 -3.651497555794810251e-02 3.124473367103019691e-02 1.788509780780212638e-02 -2.707407572873389914e-02 -5.982777733476807996e-02 -3.007246017401492624e-02 -2.911565968045601305e-02 2.628803117670703779e-02 8.641438923889957491e-02 2.807680520311251621e-02 1.605481752720522987e-02 -1.099814634012291903e-01 5.665314159345719719e-02 1.227372407362229897e-02 2.865159288295904966e-02 -6.076172238123178204e-04 -1.328784645793368649e-02 -8.292818811083352282e-02 -4.896250857840960154e-03 4.589238624698154662e-02 -2.973004635519469960e-02 3.704773062458120714e-02 -6.311689957853244826e-02 -9.102380460913356286e-03 -3.948381873841198125e-02 -4.481824407853637199e-02 7.299366277408823878e-02 -1.158514827468998809e-01 -1.484363442814841220e-02 -2.222520683740309907e-02 -5.854063117638574204e-02 -6.538596209423015726e-02
-5.084242596068442969e-03 -3.131597589019239486e-02 -3.006611970146508273e-02 -1.269921334100959989e-02 -5.822876827037126723e-02 -1.296604344439199717e-02 -3.329802479242296304e-02 1.761875379430435581e-02 1.185616234565032949e-02 8.068086856783528160e-03 1.519201281598227954e-02 -1.297590150820004083e-02 3.105237944079290019e-02 3.361458057880592487e-02 0.000000000000000000e+00 -2.689508551308813361e-02 -1.961040680633926309e-02 -6.879279837657453767e-02 -3.425386102983946079e-02 -2.994402056494369080e-02 7.169137407097150860e-02 3.920199833406626255e-02 -6.240788797278150335e-02 8.857822886472510593e-02 3.394496905234407891e-02 3.314335542277522390e-02 -6.758518967963542123e-02 -5.314875832529719624e-02 4.994533432496842118e-02 1.602504671372457362e-02 2.413836097847291140e-02 -8.423820128528186624e-02 2.938572605090164144e-02 5.260582898163823629e-02 6.827806068536690365e-02 -2.039030949443814203e-02 -1.106070311150931205e-02 2.395024070480952609e-03 -8.423386363466864313e-02 -3.680322392919298247e-02 -2.347418138254829187e-02 -4.488186737021906264e-02 -4.744478337681177355e-02 -5.354864898689266212e-02 -5.735864335037002548e-02 4.336447004181404746e-02 7.532360235949935034e-03 5.614224810319322356e-02 9.756475910954499897e-03 1.879021137346105833e-02 3.243049758682080286e-02 2.023066334705868330e-02 1.794707839530090485e-02 9.243960491168119048e-03 4.480383634764562722e-02 -1.785450526020810474e-02 4.416105601208736992e-02 -2.699518629966417976e-02 6.953316681907003270e-03 3.494755690416717631e-02 -8.742694740984843782e-02 -7.667700555633653881e-02 -8.823238459815296864e-02 6.880060799500174740e-02 -4.007024988814841815e-02 -1.289516619277680451e-02 -6.886305603376691176e-02 -7.126123980232873523e-02
-7.026458197229087932e-02 5.974016900822039754e-03 -6.172061710464280676e-02 -4.478238995481375467e-02 -4.170202189990129121e-02 -5.785918856454869835e-02 -8.247152064570294205e-03 1.463186603157386884e-03 -2.704310885338517476e-02 -2.430357734270525288e-02 9.151119468196004803e-02 -3.487474250406846776e-02 6.528369096514104186e-02 2.026749072644518437e-02 -2.689508551308813361e-02 0.000000000000000000e+00 2.033653271678745322e-02 -2.265666989771248502e-02 -7.162029217504096990e-02 -8.665618799854451701e-03 1.094348772351166760e-01 -2.304830602273675796e-02 5.052085387167758873e-02 -9.440583403576235585e-03 -6.011936399281288257e-02 3.706772344833136196e-02 4.439618407637413444e-02 1.044081841851403174e-02 5.299864820555634515e-02 1.709855730214148925e-02 -7.595523508827994874e-02 1.152401757261886095e-01 2.370997856141325577e-02 3.577547957408038631e-02 -3.437313721887032356e-03 -2.213984197210418225e-02 2.391690312143961161e-02 6.876205066357050921e-02 9.594082926619370080e-03 -1.138870658043078105e-01 1.021742448588473795e-01 7.802549359194040079e-02 2.418792336484001590e-02 -3.201350204990412868e-02 -1.440565754433018042e-01 -3.254162332365417160e-02 -2.199374168894153644e-02 1.647039906083464997e-02 -5.620166501414790294e-02 -2.549300639728279208e-02 3.571519785088540094e-02 5.527563074734780785e-02 -1.043073081032147298e-01 3.381668695710155631e-02 -3.250069589063160624e-02 2.616522594186913506e-02 1.152569014993494283e-02 2.184676974627879076e-02 -1.366047055809619694e-02 3.175094699042324553e-02 4.066425575166639911e-02 -7.689143649471917932e-03 -4.915883975709563203e-02 -3.602996618472774359e-02 -5.693584993112862230e-02 8.903169695557978935e-02 -3.291686048773320022e-02 -2.399963574137988984e-02
4.087314351398296103e-02 7.666356734563051223e-02 -4.030660703685532559e-02 -4.537650385118006946e-02 7.187777835432206108e-02 -2.780476075957965046e-02 1.204066930036311669e-02 8.267098277028563785e-03 -1.127450004669569746e-02 -5.990132195322336178e-02 -9.883960024422645818e-02 -4.013723556800185416e-02 -5.073180917834763104e-02 4.125368815814525747e-02 -1.961040680633926309e-02 2.033653271678745322e-02 0.000000000000000000e+00 2.334962093894228305e-02 7.271677113917453424e-03 3.468149325920520838e-03 2.989762500581714597e-02 -4.445315941778688051e-03 -6.277094994523690907e-02 3.355104043278391707e-02 7.023581294652633811e-02 -5.286676242603555870e-03 2.281460413936296089e-02 2.698053228224556871e-02 3.269775895444691858e-03 3.741795126203655703e-02 7.506153250508526553e-02 -2.123712838821678172e-03 4.097411938465034958e-02 -5.536007645915799920e-03 9.114495436227777747e-02 -1.599291444609502724e-03 -4.406628296991576405e-02 -5.567666235164358407e-02 -5.647698634066151968e-02 -1.901867663025495064e-02 4.172122577554611411e-02 4.457275700816725611e-02 7.016482924601634419e-02 -3.102539557834501499e-02 9.514171440165401783e-02 4.133182287948700476e-03 -7.093735917495740291e-03 1.112851815982674256e-02 5.664720873449653749e-02 -5.676409524560213637e-02 -7.399676386519646321e-02 -3.511546954478688299e-03 -3.150158979865928105e-02 1.791454577329760871e-03 -5.056445213845132264e-02 -4.767623758482564950e-02 3.634339561368293142e-02 5.526604458664370612e-02 -2.142519274352488318e-02 -9.223749450705819031e-02 1.379401071362881684e-03 7.980413975382413816e-02 1.254522735011294292e-02 -4.139953742875016746e-02 1.301088804690757978e-03 -1.100990109719457259e-02 -1.722057451650752663e-02 1.302659628112321118e-03
4.420499179520311767e-02 5.817266449684722895e-02 -2.959849811316815973e-02 1.660198310693773369e-02 -1.780716322121228545e-02 5.550010621758126594e-02 4.537973011190600536e-02 5.586830860375777662e-03 -1.700870522651731082e-02 -6.246905240167041282e-03 1.461612941704070259e-02 2.016702238773716849e-02 -6.080788080498360920e-02 2.422715409360286232e-02 -6.879279837657453767e-02 -2.265666989771248502e-02 2.334962093894228305e-02 0.000000000000000000e+00 -4.933954023727473576e-02 -1.270500409963919164e-01 7.090583050429410950e-02 7.950108715219633953e-04 4.743711524183596290e-02 -3.430747260691228984e-02 -5.936377116820329425e-02 1.722957658033548098e-02 -7.015923758707473534e-02 2.846009580912995177e-02 4.150242265644207146e-02 5.856558830012695976e-02 2.077615054274499148e-02 6.274549315422084383e-02 -2.044545621045924799e-02 7.482935632764695089e-02 -1.117081521527894805e-02 5.481778562766270735e-02 8.958463122109473417e-03 1.002066252039787123e-04 1.071512520281717000e-02 4.021924388006584139e-02 -1.418713608290050714e-02 -2.119385169304798585e-03 3.548849371237014494e-02 -1.161449486069608857e-02 5.586938627228194704e-02 2.725530809820166447e-02 5.881441072151090410e-02 -8.259569299818361743e-02 1.831642417849897037e-02 -4.245536204248007844e-02 2.899117231146018658e-02 -4.425319955907356523e-02 7.593325032976153133e-02 3.582227284006268830e-02 1.779512765076060946e-02 9.512841347236955514e-02 2.713672050578119083e-02 -1.710720848676685474e-02 -7.056883711001572627e-03 -1.631010071652787968e-02 3.545892403536971688e-02 -3.340460022288904013e-02 -3.826332776558465792e-02 -2.712560498839781259e-02 7.353671365256075898e-02 6.079998765887009021e-02 3.246251345724611437e-02 6.450878869663934090e-02
-3.703365387393935809e-02 -3.153946321728000497e-03 3.047878159355763353e-02 -2.084594753881903809e-02 4.769147683674523214e-02 2.788598822183722611e-02 9.583121580273519513e-02 1.483121069130130532e-02 3.475556773014820688e-02 7.393666468273800939e-03 9.612044881320692957e-02 5.878312839759780584e-02 -1.872460213763177395e-02 6.874056616346421733e-02 -3.425386102983946079e-02 -7.162029217504096990e-02 7.271677113917453424e-03 -4.933954023727473576e-02 0.000000000000000000e+00 -3.635329471652055250e-02 2.135745389439585706e-03 5.286162075091307803e-03 -4.157585508825615422e-02 -3.986236975316215236e-02 1.515382286240376901e-02 4.346456402275813286e-02 -1.004275985779389674e-02 -2.306599512568921137e-02 1.238664135976039714e-02 3.326546697501573530e-02 6.893954988022204730e-03 -7.200461439705550803e-02 -4.062637797557798469e-02 -4.334726366669323927e-02 -8.897085011254857179e-03 -1.015351645709769435e-02 -2.127500418320564177e-02 5.034214635183649131e-03 -7.022280107876638366e-02 3.629447447068798183e-02 1.029230653371841775e-02 -3.137571497128879144e-02 1.292610320824515158e-02 1.082647733930643535e-01 4.887936366047043735e-02 8.728254558196331392e-02 3.790487606971926909e-02 -2.571807404315035726e-04 -4.477267652761563604e-02 -4.144248138975251995e-03 -2.627947426121434935e-02 -3.323139196256948147e-02 1.604020487706967748e-03 1.790181882867218979e-02 6.529174836594378584e-02 2.014686785973594796e-02 -1.778179417327972744e-01 -9.256644087076072724e-02 4.265969747109536053e-02 -6.265008820745768259e-02 -1.099553010379425476e-03 -3.181336519128825230e-02 5.440820695327645840e-02 1.280283385464446415e-02 5.714959658495049472e-02 2.962585054148842920e-02 -4.541239569155511996e-02 1.647887586370477137e-02
6.149508437797526067e-02 2.110548290484873246e-02 4.617381198587347350e-03 -4.833554860929933222e-02 1.350682554999642349e-03 6.982468502734295868e-02 2.385599349555202545e-02 -4.471791357650605619e-02 2.542498448776575604e-02 3.025959704772451103e-02 6.322777392982330269e-02 -3.902588660517837538e-02 -1.191452033330983179e-01 4.930107013165744081e-03 -2.994402056494369080e-02 -8.665618799854451701e-03 3.468149325920520838e-03 -1.270500409963919164e-01 -3.635329471652055250e-02 0.000000000000000000e+00 -1.808855881491519199e-02 -5.977747330790389446e-02 -2.495296270464500074e-02 -2.436422461810551152e-02 2.356329075339897230e-02 -1.169290559702133685e-02 8.491097665099371639e-02 5.219842685124847365e-02 -7.305880510972344311e-02 -4.219980308432707237e-03 1.144402372071336101e-04 2.051366390793018732e-02 1.858426702544888629e-03 -1.051396671137852165e-02 5.803820518680916085e-02 2.230481956780688141e-02 -7.361758774966142838e-02 -4.535111941634019372e-02 1.236690955174402085e-02 -1.484603410598984985e-02 4.492628147470274780e-02 -4.698359799214701926e-02 1.514944748331241778e-02 1.666475030471423202e-02 1.371529337702608910e-02 -4.105079168273725876e-02 3.505810188004519767e-02 -5.091509114350826343e-02 3.098741678511028608e-02 4.023657605144639882e-02 5.565673180834628669e-03 -4.010499508224171089e-02 4.119260516679185830e-02 -4.229226710449252719e-02 2.628091769881268219e-02 -5.850001969624341741e-02 8.527614035851420471e-02 2.302315935276980086e-02 -7.586335566153676324e-02 6.459703639093142269e-02 6.641682053652864237e-02 -8.240037897355030616e-02 -2.335027939496523482e-03 3.126866771749127125e-03 2.919773786569886814e-02 5.094626348280349021e-02 4.428956633744842580e-02 -1.431670906546826834e-02
3.048649927856626751e-02 9.680612922955668387e-02 2.211956614260445972e-02 -6.207215062195488298e-02 -9.698907133310136208e-02 2.946787065063580929e-02 2.440332017926034706e-03 8.250674263895271462e-03 8.811855298214581883e-03 8.953763499529684977e-02 -1.008683668886833640e-01 -1.984573156556133228e-02 -4.338287591028143486e-02 3.427425673507310949e-02 7.169137407097150860e-02 1.094348772351166760e-01 2.989762500581714597e-02 7.090583050429410950e-02 2.135745389439585706e-03 -1.808855881491519199e-02 0.000000000000000000e+00 7.730258518595273243e-02 5.397825402169529468e-02 5.482100005804429327e-02 -4.441684974036058664e-02 1.737103714355351606e-03 5.761768172268644933e-02 5.562641955485180673e-03 -3.625670956824884883e-02 5.483514808938466656e-02 -1.459542584490976583e-02 7.099538355584510130e-02 2.718507444145912624e-02 -3.615084531872268109e-02 -9.497744310246586039e-03 1.959264769654709380e-03 5.306362738086020658e-02 -3.291855895206738380e-02 5.173236743398101217e-03 1.655217021370549921e-02 7.164149190049844129e-02 -9.877718875730747208e-03 -9.352902718653952063e-02 7.670847394824867847e-03 4.273068804801071624e-02 1.543426211617537165e-03 -2.876647433401570073e-02 2.794392730626327898e-02 2.569279727382594095e-04 -7.074748966010367679e-03 -1.519725259813335498e-02 -2.194272204182836500e-02 -5.317386622416329922e-02 -7.034979752989344720e-03 -9.946718803432773662e-03 2.894957344220139978e-02 7.472481167222458365e-02 -3.503546732417361920e-02 2.618029034640581912e-02 3.348120930290152814e-02 3.616578277179081837e-03 -3.292040128634856483e-02 -1.033664357113292000e-02 -3.772792424790114008e-02 -2.346951923479647512e-02 -6.146654875835909360e-02 2.265359227372581302e-02 2.603646635624450034e-03
1.747558553730638869e-02 4.442147118410186279e-02 -6.580845747259442269e-02 -1.659950464020632302e-02 1.135548844464654428e-01 1.134562001923375939e-02 2.952694992376611247e-02 -6.275884505346661368e-02 3.357108629423628809e-02 -7.386849332249806332e-02 -1.105044053844215016e-02 -6.622304751792204569e-02 4.215162888675196007e-02 1.570750575964872942e-02 3.920199833406626255e-02 -2.304830602273675796e-02 -4.445315941778688051e-03 7.950108715219633953e-04 5.286162075091307803e-03 -5.977747330790389446e-02 7.730258518595273243e-02 0.000000000000000000e+00 4.239027783980439841e-03 6.939424178726483726e-03 3.624099345774191988e-02 5.772517847932735757e-02 -7.405421124663848220e-02 -2.262620598410796866e-02 8.963063497979964489e-02 -8.373794856242325335e-02 -1.241611032178661402e-02 -1.201298904540175350e-02 6.004451598692658876e-02 5.464973694081014244e-02 3.049151699023585054e-03 3.481442964111761129e-02 -2.550383856967415250e-02 8.404671282271991214e-03 -7.042071036512327457e-03 -2.124330169344234784e-02 -8.941856916519075327e-02 -2.015374308720290983e-02 -3.284458435029091045e-02 2.528793353113068312e-02 4.534846812280600784e-03 -3.391783276527441521e-02 -2.067022676433330139e-02 8.569249632498583680e-02 -3.007581359675018341e-04 3.399716312568873411e-02 5.261595125136764306e-02 -5.578214208288968107e-02 -5.079519803031180142e-02 -3.225112815891596502e-03 5.542574552593822895e-02 4.932570649938939310e-03 -3.931303739477370190e-02 -5.443308084867742869e-02 -5.990112564783478533e-02 -2.613291819754365308e-03 -2.853905990424485117e-02 -2.479671803306953207e-02 1.091821112956377349e-02 -1.848262802763569676e-02 4.085895442067814104e-02 -1.613402504833006887e-02 3.910160252424354360e-02 7.715704948618813674e-02
3.051884610859120425e-02 -3.585154702270231669e-03 2.833552388327199162e-02 1.773326639033506215e-03 -8.423054192777541457e-03 5.807330987012604764e-03 -5.803607335572166098e-02 6.779925725317598184e-02 -5.807118710156155671e-04 -5.619721344395346707e-02 7.890641823173004388e-02 3.480400049514822958e-02 2.378536058378028298e-02 -3.765710164415693451e-02 -6.240788797278150335e-02 5.052085387167758873e-02 -6.277094994523690907e-02 4.743711524183596290e-02 -4.157585508825615422e-02 -2.495296270464500074e-02 5.397825402169529468e-02 4.239027783980439841e-03 0.000000000000000000e+00 -2.545268558771771744e-02 -2.515264368689062655e-02 1.901724690606025961e-02 6.757472948344615815e-02 -6.167956646369177412e-03 1.592105246183239675e-02 3.217436222050088640e-02 -5.606187582389895313e-02 1.141124734949190180e-02 1.460759232046204142e-03 -7.597890661390226119e-02 -4.652831035503589979e-02 -6.926705550729431171e-02 6.057156003470279791e-03 2.820977036397164482e-03 2.933476539433668012e-02 6.213069638178227161e-02 5.486947044365966114e-02 2.470802596773620172e-02 4.759713713197797486e-02 2.116434702790780456e-02 -3.668651554855174163e-03 2.938343287848416835e-02 6.233055992801329881e-02 2.422582455814385055e-02 -8.668668067288280016e-03 1.544777200720660881e-02 7.475862202726839267e-02 4.152459275905248659e-02 1.219041671557277023e-01 2.175495174019731123e-02 3.392542252634474231e-02 8.691321213561931103e-02 3.638402001255382212e-02 -1.990930908556574896e-02 -6.572106116184046193e-03 1.405194934915711923e-02 4.765123440551734257e-02 3.792510729213909720e-02 2.434313833054036619e-02 -2.328743705862031457e-02 -7.751298835935502285e-02 -5.430198909500230653e-02 4.060629881484888876e-02 2.779556759537497521e-02
