0.000000000000000000e+00 3.202815785831815421e-02 -3.690271575746045633e-03 -1.800781229541698059e-02 -1.129371820148387419e-02 3.586319849541484694e-02 2.738511655340406664e-02 -4.023712049794909984e-03 3.594082096374079383e-02 3.936877276834572711e-03 -3.343778538813045598e-02 4.690144002594508199e-02 2.252724336297179560e-03 -1.515943502491044585e-02 -5.226433501782560762e-03 -7.049807208795373648e-02 4.084436603839296243e-02 4.411013751227354368e-02 -3.722287763281535711e-02 6.152306846941620055e-02 3.051941141878292477e-02 1.734785698043910668e-02 3.039894926234513670e-02 6.681392801008469162e-02 2.110415912677246833e-02 -3.896571211946920233e-03 -2.266692482870782260e-02 -2.459940632565317531e-02 2.073787379661410149e-02 -2.538234566297840195e-02 -5.859900770992915175e-02 -1.098036509282009597e-02 -6.189737789848998722e-02 -3.265405169580388317e-02 -3.363864475570347429e-02 3.026639740845948195e-02 3.767139329422764665e-02 2.598959514892752384e-02 -3.390314791086396218e-02 1.531017202444110055e-02 5.144953233190405900e-02 -6.732147662392818505e-03 5.963300078461276042e-03 2.482102606274132553e-02 5.397867992136392429e-02 -6.610575928498253762e-02 9.715548440609615699e-03 2.879675005425506862e-02 -4.514734683027155082e-02 5.882052810181083446e-02 3.055090377507199348e-02 -8.974791271841638107e-02 1.532394390895964152e-02 1.390203001780585847e-02 -8.591573254108354762e-02 -8.171942175999082070e-02 4.969089116338888668e-02 -3.163000687005680656e-02 4.607596564768481895e-02 -2.784701647345483311e-02 -4.134118101959247116e-02 -2.596839418078647141e-02 5.870148736224624179e-04 -1.822068223029021244e-02 6.507020241767072499e-02 3.456663567596486748e-03 -1.953685606259490323e-02 1.086979112838169260e-02
3.202815785831815421e-02 0.000000000000000000e+00 -1.050088420867006378e-01 -8.201546619947375216e-02 4.030099447396918999e-02 -4.837799925606679763e-02 -5.475510149687930206e-02 1.146751725347659213e-03 5.979932285779812617e-02 -5.168882946534154865e-02 -4.080497867980202586e-02 1.801820486860307479e-03 8.390127474746286729e-02 -7.566065390547802028e-02 -3.143720605150557290e-02 5.918391710129945575e-03 7.670806261918453051e-02 5.833067335187556990e-02 -3.252299975292222145e-03 2.122999424417828379e-02 9.676296694475165772e-02 4.215527062641098027e-02 -4.015988209113004540e-03 -9.776781086897712997e-03 2.168584997947622939e-02 2.581759120182971004e-02 3.899880547994824965e-03 -3.346740577479208334e-02 -4.580142370126612239e-02 6.575850715894256127e-02 -3.286828226367615076e-03 4.699367700802827702e-02 -2.740894292118660133e-02 1.599293499290231624e-02 -3.958459924000073266e-02 2.184721777367174683e-02 2.433069592053111255e-02 -3.027537116746036733e-02 -6.105521341656629936e-02 6.941202894286358123e-03 -8.760595276874315329e-02 4.410398296126141759e-02 2.705338405575865440e-02 2.434243971818038019e-02 -2.580670062953240723e-02 5.220777097048585544e-03 -1.561947653270838281e-02 -4.027891521803945996e-02 -4.352408877499300277e-02 -3.545297791312555791e-02 4.353228941997434875e-02 2.989072298280390227e-02 -2.510755511114459715e-03 2.746095074972026290e-02 3.312823676284604862e-02 -5.640732306989821448e-02 5.119091295258922786e-02 -8.304986034600714273e-02 -8.726167779911538080e-02 -5.295864183256635688e-02 -8.183075659395494528e-03 -2.001484176785923649e-02 -3.109515256507404748e-02 -1.201663932197476470e-01 -3.823964117723363532e-02 -1.000423944299316630e-02 3.878808712263160513e-02 1.250080334584637853e-01
-3.690271575746045633e-03 -1.050088420867006378e-01 0.000000000000000000e+00 -8.470908364159295684e-03 -7.711365887004219266e-02 1.281464789429908324e-01 1.170253952790882394e-02 5.388920524691086233e-02 -3.077481638584705220e-02 -4.959028244396672391e-02 -1.108300906484308533e-02 2.489545626120781216e-02 -2.824951888244513903e-02 -6.953362631789502049e-03 -2.962211585570583353e-02 -6.253720379133848040e-02 -4.298857290024154371e-02 -2.978419253631905961e-02 3.056817966687407073e-02 4.496951110790785300e-03 2.064267071699844858e-02 -6.570708200603438132e-02 1.939577365671771997e-02 -2.457071083385049814e-02 2.647109871573116117e-03 7.644253509142380325e-03 7.938138819786386136e-02 -1.537686699104316192e-02 -1.111310434167779929e-02 -2.342546728874689982e-02 8.699104588304522323e-02 -6.645611796176181807e-02 7.559592581053370397e-02 -3.944910052774960874e-03 -3.717313212529099655e-03 -8.097316967516146602e-02 1.199757363140656514e-02 -2.464116350532734312e-02 5.818585183641489245e-02 7.208333044868994732e-02 2.364253792007440722e-02 -8.245675654486529782e-02 8.543810806392616863e-02 1.658407491482604204e-02 -2.446072075715560734e-02 -5.710712860151350573e-02 -2.339227975827918096e-02 -4.353392375814864323e-02 -4.334718595670558616e-02 4.342001507235900698e-02 8.489371261652174649e-03 5.191785419419695652e-02 -4.422848352375877146e-02 1.609717832426794254e-02 1.978496267519440008e-02 1.575979028056745737e-02 -5.789572981378016819e-03 1.474817922513234521e-02 -5.002498925732306451e-02 1.944034953130578669e-02 2.047727341125494746e-02 4.663580443647089013e-02 3.324337669727114603e-03 -9.918992726645516067e-03 2.749223809998582041e-02 -7.696292018898519445e-03 -4.627659314883662139e-02 -6.131524477389803385e-02
-1.800781229541698059e-02 -8.201546619947375216e-02 -8.470908364159295684e-03 0.000000000000000000e+00 7.895458341463977917e-03 8.678505725519585151e-04 1.169462709980386046e-02 -9.635964014626836882e-02 3.262519755426398355e-02 5.661381938790788215e-02 2.404497727268803571e-03 -3.813136817782042387e-02 3.971355596927344384e-02 1.575255191018064271e-02 -1.275037551320769638e-02 -4.478105194964831365e-02 -4.520756027990633502e-02 1.672387052516800809e-02 -2.074903209085921657e-02 -5.045832052292579389e-02 -6.222770268507673425e-02 -1.633975722417383564e-02 2.334649768913306129e-03 -2.655146942587330305e-02 -5.131070341219023945e-02 2.700413147116996135e-02 -6.331611739696926811e-02 2.787221964956957884e-02 -4.963330201461225305e-02 2.160789542300530289e-02 6.342740566632351640e-02 -1.157179840368651944e-02 -2.224323816654319441e-02 -2.885738837565124393e-02 -9.134716656435315496e-02 -4.759757531487041754e-02 3.675890767004422882e-02 4.635251915835696124e-02 -2.136298737765567404e-02 1.499732949909738516e-02 -7.205787521855350208e-02 3.270282917826150548e-02 -1.118873008827735438e-01 3.933231760995663934e-02 -5.468726967195578631e-02 -3.542449132317245647e-02 -6.432871729957490015e-03 -8.695363928009150478e-02 -4.760272281912361625e-02 4.760403006347684735e-02 -4.786130564518700087e-02 8.522737182785697363e-02 -1.395402948233625748e-02 -3.419385338171919420e-02 2.842091651708606587e-02 3.563577340021196332e-02 3.029080372128718085e-02 3.215662200069845100e-02 6.666844435342514363e-02 -2.374318916445910047e-02 1.908505223460096184e-02 1.319672386412957567e-02 -3.331668418631022512e-03 -9.758054837021527816e-02 -9.452092736521360006e-03 7.744634977384214081e-02 -6.217965712568743891e-02 -3.770776230057083789e-02
-1.129371820148387419e-02 4.030099447396918999e-02 -7.711365887004219266e-02 7.895458341463977917e-03 0.000000000000000000e+00 -2.376372454056377426e-02 -5.101783614269591455e-02 7.162680374015696627e-02 6.274501226854298230e-02 -1.636372173110406955e-03 1.063892650756478311e-03 -5.711307527714657578e-02 -8.765314059180548401e-02 -1.091902937414129674e-03 -6.060063836728046827e-02 -4.163500094842095128e-02 7.180649031948672933e-02 -1.781187924207160156e-02 4.762252787493442829e-02 1.404084599144839966e-03 -9.705571395127850221e-02 1.134572206829111835e-01 -7.543761477957951385e-03 -4.245652380950160239e-03 2.289289263650314162e-03 -4.747015708339926039e-03 5.910590305744425899e-02 -1.638369862397300383e-02 5.346431931114725700e-02 -2.166379164652327757e-03 2.787847538042675932e-02 1.130817294852759225e-01 8.526123250376251017e-03 8.406358860378138065e-02 5.799175639705569235e-02 1.890617158862291369e-02 -9.918209184888399088e-02 3.544179475136013252e-02 -8.090322701999943036e-03 -7.819486482038182085e-02 -4.268529868648558712e-02 1.265897848750831755e-03 1.384203460066290789e-02 4.950528803430415126e-02 -1.638681060123631239e-02 1.744182231501651900e-02 8.365595447969964918e-03 -5.903974680408282869e-03 7.338412764100131491e-02 2.271359882956012696e-02 -3.465142401959327850e-02 -3.104314936407411019e-02 -4.457256646699031544e-02 1.554453610944898229e-02 1.734340449150299085e-02 -5.348632857934068618e-02 -8.546038767223454458e-02 -1.460527614254544457e-03 6.092462211499004993e-02 -4.064719272294393254e-02 -3.013555195580822077e-02 -2.859897321784528323e-02 -7.565034628634341451e-02 -2.061964830460656650e-02 8.758652843004148536e-02 7.170298587193064954e-02 1.497839972676681328e-02 2.607227354946303061e-02
3.586319849541484694e-02 -4.837799925606679763e-02 1.281464789429908324e-01 8.678505725519585151e-04 -2.376372454056377426e-02 0.000000000000000000e+00 6.906569145361542150e-02 3.385014826128950050e-02 2.437766147842472184e-02 3.656325581141913611e-02 1.901330645057120600e-02 6.853048893360424998e-02 -8.500052869015626081e-03 -3.518388304420141249e-02 -1.392507751339644266e-02 -5.792263766370129435e-02 -2.810429709746428348e-02 5.537187866372559469e-02 2.768000132043821337e-02 6.979591767096736399e-02 2.937533429596582771e-02 1.154583810378172898e-02 5.071427626750415335e-03 5.679244046471775692e-02 -5.977489958027084466e-02 1.101636087411960868e-01 1.217979104742014998e-02 -4.506379412844189331e-02 1.564080461947253697e-03 -3.236806225490225508e-02 3.430715049884142803e-02 4.576742717216722434e-02 -5.941375699538058164e-03 3.892438423476712699e-03 6.177418788033454955e-02 -3.128456002011999193e-02 -4.437737721333705199e-02 7.100733291659073326e-03 5.677369587253302402e-02 1.135392461265059133e-02 1.350862858806561873e-01 2.743123409898323706e-02 1.187870102526280419e-02 -3.327228140361341430e-02 -9.930440532447879637e-03 -5.395910736538512414e-02 4.737768660161410100e-02 8.500073543065672643e-02 -7.201060764926695001e-02 -6.007163126604395109e-02 -2.168144831939136392e-03 -4.941234195867016260e-02 1.815134680457212296e-02 8.294186803476344405e-02 -6.390189963808239060e-02 7.163643104743669388e-02 4.085809512835951451e-02 4.970487358719908808e-03 1.448073367544227066e-02 -3.622656261870731143e-02 3.179469811482397990e-02 1.952253443935960840e-03 -6.209240813095907863e-02 3.065291862191378211e-02 4.086159353387448789e-02 2.477560709959110430e-02 -1.961903116317413945e-02 2.899727386678298594e-04
2.738511655340406664e-02 -5.475510149687930206e-02 1.170253952790882394e-02 1.169462709980386046e-02 -5.101783614269591455e-02 6.906569145361542150e-02 0.000000000000000000e+00 -6.619126876410512395e-02 2.698506302868285394e-03 3.055450162317199098e-02 9.280871311407156571e-03 1.021928983693657367e-01 2.403784274254840148e-02 8.394946718801901686e-02 -3.319853360640016848e-02 -8.481203751654699946e-03 1.164130684640978831e-02 4.464333394324536408e-02 9.545438779322232281e-02 2.338187831386952589e-02 1.415028022313210556e-03 2.998388622651479082e-02 -5.924513301572664759e-02 3.338367215782581804e-02 -1.937792232182286231e-02 2.106088407275981747e-02 -5.270605146959565779e-02 4.355995844333829942e-03 6.178310782219127717e-02 -1.185399533056347293e-01 9.560349976172038272e-03 -6.634899263769980342e-03 4.571441306886219608e-02 -4.986248450721212505e-03 -2.370426773752270372e-02 1.706606212084555915e-02 -2.518907860670178706e-03 -3.167687856331078550e-02 2.186597668382874934e-02 -5.317175067944421990e-02 -1.540405800950225487e-02 -4.738311135290585591e-02 2.901150884051745954e-02 -1.591991258960685773e-02 2.716276943590572798e-02 -3.351995039555378392e-02 7.281232603471902987e-02 4.779755806945783225e-02 -4.602238084940569324e-02 7.567244538091803807e-02 3.073523142408345760e-02 -3.963184399541731795e-02 6.687018088415138360e-03 -5.710800116820835548e-02 9.313636445026200750e-02 8.380067119297394604e-03 2.681867515121051301e-02 -1.963958523747581840e-04 2.899267720784809432e-02 -7.279048353549835704e-02 5.236592677758066666e-02 8.196744276765094081e-03 7.810448219843493800e-02 -1.558494892648214919e-02 -7.754825699612509504e-02 -2.673533772876457784e-02 8.679477700523539896e-02 1.880438341385838596e-02
-4.023712049794909984e-03 1.146751725347659213e-03 5.388920524691086233e-02 -9.635964014626836882e-02 7.162680374015696627e-02 3.385014826128950050e-02 -6.619126876410512395e-02 0.000000000000000000e+00 1.005110566163321811e-02 -1.289753722342906229e-02 4.396654555243682816e-02 -7.014086602597525977e-02 1.847090683288818772e-02 -9.915478817675297402e-03 1.754224348394389094e-02 1.485321627754975990e-03 7.391689440475380894e-03 5.283407735440355697e-03 1.448059963757398344e-02 -4.475736012000742364e-02 7.249694715006615650e-03 -6.275525416904693954e-02 6.672128121735218520e-02 -1.501345172943584737e-02 4.947360112662332193e-02 -3.469810101289429183e-02 -9.828795132383761485e-03 8.947276400260803508e-02 -6.529641393663851608e-03 6.962534842351215947e-02 3.553291687714754676e-02 3.084168271586618104e-02 1.180566709727212411e-03 8.882348456737437781e-02 -5.071929950365110934e-02 -6.171859024554925133e-02 -9.948861547168315334e-02 -1.435038346423532854e-02 1.952070176502422941e-02 3.577190813640412220e-02 3.689427299411338762e-02 -4.579068387281152314e-02 -2.533625742148639271e-03 3.637303474267959691e-02 4.800990812922911743e-02 -9.178659499284471876e-03 -6.581158854015226045e-02 2.787756926184258022e-02 -1.022262521194559556e-02 -1.349852730421962667e-02 -3.618683631468660317e-02 -9.467104565364894281e-03 -5.902578870957314594e-02 7.569773707937470057e-03 1.080248729747491400e-02 3.613364586303451087e-02 -4.331279186848276813e-02 6.960809114054568314e-02 -7.791948564191080286e-04 -5.350026577626384311e-02 1.161026286991022859e-02 6.829436168641453420e-02 2.468564421034339512e-02 -1.655299362280321460e-03 -3.026780477833230631e-03 -1.287180984392025385e-01 3.870001370751125630e-02 -6.065518556688974210e-03
3.594082096374079383e-02 5.979932285779812617e-02 -3.077481638584705220e-02 3.262519755426398355e-02 6.274501226854298230e-02 2.437766147842472184e-02 2.698506302868285394e-03 1.005110566163321811e-02 0.000000000000000000e+00 8.340187308997716945e-03 -5.111279501725549818e-02 -1.905664222276359050e-03 -3.847178133810239681e-02 1.896091126333099633e-02 1.067112959410033285e-02 -2.678267407160420110e-02 -1.097096665345191624e-02 -1.687508612223876867e-02 3.492814896304874406e-02 2.534862715882078843e-02 9.061851385329685801e-03 3.238959474721540138e-02 3.513694907454515759e-04 9.687166142683487080e-03 2.442998679287192859e-02 -4.491878956945172946e-02 -1.501905175797610403e-01 -2.062547857994505643e-02 -3.828537377163837574e-02 -6.885667984103699402e-02 1.832987471149355105e-02 -4.053869236297555183e-03 -5.255019729012934404e-02 -1.075399292418985527e-02 4.236326496354752419e-02 9.468864149320270485e-02 -5.832974492891252610e-02 -6.435633475952179383e-02 -3.707711167072882258e-02 -3.959817587625513724e-02 -7.881198284487416980e-03 2.967315899534195712e-03 -3.997097960350433528e-03 -9.555864044965542425e-02 2.212073591909079553e-02 4.747125330034610360e-03 6.992942747452279839e-02 5.525055326861998822e-02 -2.510716025939566456e-02 -7.415260779728822214e-04 -1.179460530891121295e-01 -3.766696455005661553e-02 1.068976060219833379e-01 -9.456642640358114971e-03 9.478623388279669090e-03 6.970795657041603532e-02 -1.766011054841873026e-02 9.407916724330847580e-03 1.048452092259382143e-02 7.818819332081693163e-02 -9.244660401677841366e-02 -2.862995407268647402e-02 6.331660135390165811e-02 -4.119544901054941755e-03 -4.587386861813168293e-02 -2.456125339620524387e-03 3.432530672592529891e-02 -6.506372540797626669e-02
3.936877276834572711e-03 -5.168882946534154865e-02 -4.959028244396672391e-02 5.661381938790788215e-02 -1.636372173110406955e-03 3.656325581141913611e-02 3.055450162317199098e-02 -1.289753722342906229e-02 8.340187308997716945e-03 0.000000000000000000e+00 5.148819604354729074e-02 1.473315963994953348e-02 -4.155029579683976182e-02 5.366549662251492159e-02 8.156038575506086366e-03 -2.410255918551875570e-02 -5.970899517333556200e-02 -6.674585673136240564e-03 6.968232492299021412e-03 2.898988675031723833e-02 8.989986047449179118e-02 -7.380830383654821136e-02 -5.604829344595023410e-02 8.373524990780877031e-02 -1.896150528449860027e-04 -5.987161753547196041e-02 1.279095189845628512e-02 3.129571793287931614e-02 -3.037900472628157073e-02 -2.204874635115805157e-02 -8.421862568283471073e-03 -2.251631247131531330e-02 -2.963099547541687973e-02 9.328010806287834536e-03 6.602526228756758209e-02 -3.555536615348741519e-02 2.310989945152179190e-02 -3.500360260717864935e-02 -6.116394780439105006e-02 -4.101265834741855271e-02 5.272370681566754605e-03 -9.690042714890845232e-02 -1.286533406468080842e-01 3.712260333631284270e-02 -2.335540086985912756e-02 3.797309505426373771e-02 -2.059987565267865084e-02 -4.462700869023212419e-02 -7.324041801952592412e-02 -1.337131548216471087e-02 -4.272937475483293973e-02 -5.541309445464256273e-02 5.245880746139663237e-02 -5.029484196848030275e-02 -2.289853528746504246e-02 -2.921891574160243379e-02 -3.453492859937496579e-02 9.589345327613515296e-03 2.157717170099993434e-02 1.395217323507142761e-02 -3.578991346874121904e-02 2.179291471476889949e-03 -8.284187444733329131e-02 -4.069879857152200464e-02 4.032655285291873032e-02 -2.416211745049448231e-02 -5.261218951952029849e-02 -2.688799304981800975e-02
-3.343778538813045598e-02 -4.080497867980202586e-02 -1.108300906484308533e-02 2.404497727268803571e-03 1.063892650756478311e-03 1.901330645057120600e-02 9.280871311407156571e-03 4.396654555243682816e-02 -5.111279501725549818e-02 5.148819604354729074e-02 0.000000000000000000e+00 2.512499542723707971e-02 -4.778040725906124164e-02 5.247416028822321499e-02 1.518877119767052079e-02 9.148935925836319816e-02 -9.915135733281610353e-02 1.292807633096060109e-02 9.571235945375625165e-02 6.340412828546546087e-02 -1.013914459957494379e-01 -1.108541452886825825e-02 7.964430127619542832e-02 -1.326807497040781436e-02 3.726891406903962145e-02 6.867091111989216679e-02 -4.432078894683485343e-02 -3.866356654450812166e-03 6.142124687158543456e-02 -1.653847529274690697e-02 -9.880111908859091907e-02 2.189007178610179530e-02 2.338281009138252695e-02 9.057184270858857633e-02 2.446001790304014670e-02 -6.754664500086739187e-02 2.810368059950194702e-03 1.183713066816919311e-02 -2.016136539197925168e-02 2.437433591117508028e-02 -5.081402311673718919e-02 5.904123291856979566e-02 3.564371929235854441e-02 5.663272080679201959e-02 -3.972923703213904201e-02 -4.178527386773581154e-02 5.720318513445135644e-02 1.295285019473214720e-02 -6.033683385645605135e-02 4.034986404479773414e-02 5.055528763451228556e-03 -1.976981355902013987e-02 -4.767289644716398572e-02 6.380059488777377330e-02 -9.249220487457856035e-03 -2.967139801483467329e-02 -3.339571567639748606e-02 -8.076676270351816969e-03 -5.379698526731620245e-02 1.870489940118774327e-02 -1.685905534336314127e-02 -4.477423612617456583e-02 2.061581899106276240e-03 4.204400160819078691e-02 -1.699600246339091209e-02 3.966316762828890619e-02 -8.820603453667667793e-02 -5.326068103801797488e-02
4.690144002594508199e-02 1.801820486860307479e-03 2.489545626120781216e-02 -3.813136817782042387e-02 -5.711307527714657578e-02 6.853048893360424998e-02 1.021928983693657367e-01 -7.014086602597525977e-02 -1.905664222276359050e-03 1.473315963994953348e-02 2.512499542723707971e-02 0.000000000000000000e+00 1.059717287913294025e-02 3.220222113753251625e-02 -1.345228200161120193e-02 -3.478048133928218766e-02 -4.028351005368624449e-02 1.987633873737073772e-02 5.879773072779832105e-02 -4.045829994438011890e-02 -1.997911736576277186e-02 -6.618942312912898251e-02 3.518265071646230202e-02 2.884793571799219858e-02 3.511622077943288406e-06 -2.487405052069601927e-02 1.476443411503360753e-02 -4.425034288248592268e-02 6.568385499377156489e-02 -1.692288823760933550e-02 -6.367114945774769719e-02 6.020470765671222246e-02 -6.877055815657667770e-02 -5.482429081643111143e-03 6.719716666203050248e-02 -6.382498783039107504e-02 -4.989366122726621167e-02 -1.699047398978403497e-02 2.621599470669510809e-02 -9.449946054220519087e-02 3.030807706395217613e-02 -3.756162166389687140e-02 -4.382884285728285562e-02 -3.617064602668439589e-03 8.731452550948845537e-02 8.335160574465175221e-02 2.039900155254629338e-02 -6.644856842958089815e-02 4.018133291391404877e-02 2.171912931941498426e-02 -8.475804049303645171e-02 4.649803360539681539e-03 4.207116909580904673e-02 7.354060659379078879e-02 -1.285721605094490051e-02 2.106012100968054565e-02 -1.057793997692859506e-01 -1.918407891756203701e-02 -1.276952062457641437e-02 -2.592237742605840722e-02 3.033251343027452626e-02 -5.730284932483953320e-02 4.287041675577376448e-02 5.986024860973861161e-03 -4.238906402965439413e-02 -1.211467124224361626e-02 -8.177825700041950474e-02 9.795790028505213520e-02
2.252724336297179560e-03 8.390127474746286729e-02 -2.824951888244513903e-02 3.971355596927344384e-02 -8.765314059180548401e-02 -8.500052869015626081e-03 2.403784274254840148e-02 1.847090683288818772e-02 -3.847178133810239681e-02 -4.155029579683976182e-02 -4.778040725906124164e-02 1.059717287913294025e-02 0.000000000000000000e+00 -3.375867354420967331e-02 3.121949745011013549e-02 6.532217082974886568e-02 -5.067885359955204283e-02 -6.094923781652296368e-02 -1.875099809867607561e-02 -1.193101226084700012e-01 -4.348318087842385771e-02 4.186020138575846650e-02 2.427771080004300849e-02 -3.784645615125519641e-03 -4.130798883801146959e-02 3.695694639489072175e-02 -5.608499199378616518e-02 -1.694564415174716621e-02 -9.203166893112468133e-03 2.887657565593513068e-02 2.232846941908842378e-02 -3.648486876031936665e-02 -2.586792526358390812e-02 7.456203882584255252e-04 2.266529802458456221e-03 2.849941412691897602e-02 1.339200273907093508e-01 9.638874430979149643e-02 -4.294819595430093145e-02 -4.037041713139918192e-02 -6.932463973252354396e-03 -2.520622731469198546e-02 -7.191693228303115693e-02 -4.542178447381881035e-02 -1.505887513146822454e-01 -2.102156229739058496e-02 -7.589888248085071079e-03 -1.113110908746582292e-02 -2.831474751750902991e-02 -1.265232468905011509e-01 -2.918523832504764728e-02 1.704692562271151179e-02 -8.252253000738767746e-03 -6.918783525379755550e-02 -3.099062515672835333e-02 6.062761504626390865e-03 1.132821681328708037e-02 2.958421936164875796e-02 -1.120605690694574663e-01 -4.746293246945881145e-02 6.420973802882008752e-02 6.459381102733421920e-02 -2.475685589935990374e-02 8.301226147623326848e-03 -5.193236427615958994e-02 -4.440327327686972858e-02 2.319419211885772117e-02 4.218990556413080434e-02
-1.515943502491044585e-02 -7.566065390547802028e-02 -6.953362631789502049e-03 1.575255191018064271e-02 -1.091902937414129674e-03 -3.518388304420141249e-02 8.394946718801901686e-02 -9.915478817675297402e-03 1.896091126333099633e-02 5.366549662251492159e-02 5.247416028822321499e-02 3.220222113753251625e-02 -3.375867354420967331e-02 0.000000000000000000e+00 3.361135832956335667e-02 2.028534562574647523e-02 4.050023916761873871e-02 2.369551331063527583e-02 6.844129739069391982e-02 4.902170507977080503e-03 3.419064571945418934e-02 1.581170442689455724e-02 -3.937029709900939645e-02 6.802521567613634438e-04 1.306362866394479919e-02 8.591407951773337784e-03 -3.246896236215753018e-02 -1.630570971725499654e-02 5.612081090230663927e-02 -3.002714427895040224e-05 -5.792814171837945211e-03 -3.672633277154235820e-02 2.690372006343903777e-02 7.803637256662526722e-03 2.789931791771994851e-02 -4.345116042196851130e-02 -3.596638804938329798e-02 3.144338424125101700e-02 1.779736659980147781e-02 -2.721661527082317247e-02 -5.941105019852848529e-02 -2.955728702265823099e-02 -2.923070516452274878e-02 2.641466916669676576e-02 8.622891849565331168e-02 2.829472672781602888e-02 1.603462478477276493e-02 -1.100763736336708293e-01 5.687254009880183397e-02 1.210242495951731508e-02 2.866750293093733859e-02 -2.793678774420659287e-04 -1.312638443440837695e-02 -8.301471918868555400e-02 -4.541024242703382841e-03 4.587713532580834502e-02 -2.931202040555941010e-02 3.724802930646291949e-02 -6.316450934381714899e-02 -8.334630665199106725e-03 -3.882599531406458193e-02 -4.469808672794357840e-02 7.314146726648480812e-02 -1.155689379745565432e-01 -1.489370281354889664e-02 -2.178548195862986883e-02 -5.862577624676224702e-02 -6.561128583408872006e-02
-5.226433501782560762e-03 -3.143720605150557290e-02 -2.962211585570583353e-02 -1.275037551320769638e-02 -6.060063836728046827e-02 -1.392507751339644266e-02 -3.319853360640016848e-02 1.754224348394389094e-02 1.067112959410033285e-02 8.156038575506086366e-03 1.518877119767052079e-02 -1.345228200161120193e-02 3.121949745011013549e-02 3.361135832956335667e-02 0.000000000000000000e+00 -2.677180268610903496e-02 -1.941385348211977641e-02 -6.881737346278681000e-02 -3.434257125428575447e-02 -2.995985090971806097e-02 7.208126503972853150e-02 3.906127629510568883e-02 -6.261675003496000591e-02 8.836560305419044470e-02 3.397429509997694497e-02 3.359033907715963663e-02 -6.572097462214016028e-02 -5.335219583911469249e-02 4.983690045655544271e-02 1.597164966427632588e-02 2.414447296283891639e-02 -8.485623717920848241e-02 2.940765800373201094e-02 5.266876474263621627e-02 6.808809451185801609e-02 -2.027847954902206248e-02 -1.081055827956601059e-02 2.515637623868384291e-03 -8.417652891063490128e-02 -3.648082921480298724e-02 -2.333929611652553124e-02 -4.487028045571543611e-02 -4.736621396854246574e-02 -5.336309849506767899e-02 -5.716166869935356692e-02 4.348490919695510715e-02 7.650431293496259486e-03 5.629096743906333161e-02 9.837557932308893527e-03 1.893358497638572210e-02 3.257232556235834658e-02 2.036316743680397293e-02 1.794971958965872055e-02 9.174580596426491416e-03 4.470475880482235875e-02 -1.774398613787780965e-02 4.453102253201942501e-02 -2.676861004203169581e-02 6.960155309075410218e-03 3.539788959788087164e-02 -8.639838117006655438e-02 -7.648866458924434564e-02 -8.808247415122277824e-02 6.892158327440711663e-02 -4.006357587124041719e-02 -1.276973441790175447e-02 -6.877542406478982795e-02 -7.097591284736230743e-02
-7.049807208795373648e-02 5.918391710129945575e-03 -6.253720379133848040e-02 -4.478105194964831365e-02 -4.163500094842095128e-02 -5.792263766370129435e-02 -8.481203751654699946e-03 1.485321627754975990e-03 -2.678267407160420110e-02 -2.410255918551875570e-02 9.148935925836319816e-02 -3.478048133928218766e-02 6.532217082974886568e-02 2.028534562574647523e-02 -2.677180268610903496e-02 0.000000000000000000e+00 2.017823394666161049e-02 -2.275875683827676202e-02 -7.141326251396282188e-02 -8.829450436867837884e-03 1.078370941913669168e-01 -2.380428846044908148e-02 4.703790758027126540e-02 -1.020208887514080509e-02 -6.016870115938512814e-02 3.689615550018152113e-02 4.051658611667988130e-02 1.004517311671716991e-02 5.269978259347188332e-02 1.663125564301786569e-02 -7.608607518232475553e-02 1.152857184451713396e-01 2.356867895113168299e-02 3.565527021004085556e-02 -3.494353733198711336e-03 -2.242690622923225810e-02 2.360769613052577168e-02 6.889142062488434748e-02 9.272480377056113374e-03 -1.142353574842338015e-01 1.020148963206278653e-01 7.820809229465693069e-02 2.414972646139042917e-02 -3.213350435662958721e-02 -1.441689212366342732e-01 -3.249690598946523151e-02 -2.201984164830437726e-02 1.606009863223690701e-02 -5.617795175841869271e-02 -2.811625371036027138e-02 3.554773867726255393e-02 5.518094008861820776e-02 -1.043447198228521083e-01 3.371166571838079412e-02 -3.290001603406497721e-02 2.579339720627532237e-02 8.141497491940973344e-03 2.155090151495449649e-02 -1.361986306586645927e-02 3.142543278473169943e-02 3.774313689905883784e-02 -8.196788786031600910e-03 -4.915803638466340747e-02 -3.618118578381381706e-02 -5.682723754794558740e-02 8.935468362436047030e-02 -3.312762206425834410e-02 -2.396886515604784371e-02
4.084436603839296243e-02 7.670806261918453051e-02 -4.298857290024154371e-02 -4.520756027990633502e-02 7.180649031948672933e-02 -2.810429709746428348e-02 1.164130684640978831e-02 7.391689440475380894e-03 -1.097096665345191624e-02 -5.970899517333556200e-02 -9.915135733281610353e-02 -4.028351005368624449e-02 -5.067885359955204283e-02 4.050023916761873871e-02 -1.941385348211977641e-02 2.017823394666161049e-02 0.000000000000000000e+00 2.346972771798859839e-02 5.402728310875702655e-03 3.502390303747522117e-03 2.949725004222898683e-02 -4.429696205629898853e-03 -6.764501888148097275e-02 3.324615886825220412e-02 7.027886504685298963e-02 -7.224097468552664186e-03 1.834522251693824352e-02 2.658979981889650346e-02 2.458033581185881632e-03 3.682060946170297860e-02 7.488996845298016847e-02 -1.887291254052704797e-03 4.075479669669022226e-02 -6.455067526356237338e-03 9.114116796475597859e-02 -1.438468258197569049e-03 -4.387918660427638645e-02 -5.583765943166218992e-02 -5.690072655093907084e-02 -1.958197881167210441e-02 4.106142045768728516e-02 4.488204170142818389e-02 6.983445291206159811e-02 -3.152421402000813583e-02 9.498508174306509455e-02 3.918400429208130677e-03 -7.057479376884858574e-03 1.096678248431230858e-02 5.672983137472969312e-02 -5.699203057347103363e-02 -7.416153307485026658e-02 -3.778763676981059406e-03 -3.134290552076052228e-02 1.863488527645871824e-03 -5.090716589782988410e-02 -4.770705962590489346e-02 3.732897778980893977e-02 5.494011794373930557e-02 -2.123420978744985921e-02 -9.212591704456532526e-02 -9.712233538149267804e-06 7.959377629445324454e-02 1.252235649099812595e-02 -4.153587931155502261e-02 1.382284049833945681e-03 -1.092677966853804888e-02 -1.726742416700882687e-02 9.633090802076784732e-04
4.411013751227354368e-02 5.833067335187556990e-02 -2.978419253631905961e-02 1.672387052516800809e-02 -1.781187924207160156e-02 5.537187866372559469e-02 4.464333394324536408e-02 5.283407735440355697e-03 -1.687508612223876867e-02 -6.674585673136240564e-03 1.292807633096060109e-02 1.987633873737073772e-02 -6.094923781652296368e-02 2.369551331063527583e-02 -6.881737346278681000e-02 -2.275875683827676202e-02 2.346972771798859839e-02 0.000000000000000000e+00 -5.062085492345163446e-02 -1.270812992882067727e-01 7.057409138988073039e-02 7.572678184598905177e-04 4.712282469217528996e-02 -3.423045448405034885e-02 -5.935445390546725819e-02 1.607934832970800421e-02 -7.192572952510832562e-02 2.792363350664753274e-02 4.087550847665415155e-02 5.806452726069933484e-02 2.079838434190248858e-02 6.272391999465305734e-02 -2.056146677975624962e-02 7.398368546235359333e-02 -1.107494947429197782e-02 5.480618587224926619e-02 8.851699012131491323e-03 9.114502930806007053e-05 1.068370829600065984e-02 4.019180821527098407e-02 -1.368331277373184378e-02 -2.017682817848827966e-03 3.536680400917908973e-02 -1.179362362179599624e-02 5.566850217067521867e-02 2.716993484451601590e-02 5.865831857507113056e-02 -8.257267761624939584e-02 1.831803144310664017e-02 -4.261484734946467678e-02 2.888197510782297348e-02 -4.435184665205427201e-02 7.595271785669857612e-02 3.577712218211402673e-02 1.769664931016462842e-02 9.513684806054721610e-02 2.716425802881460710e-02 -1.707602444495005811e-02 -7.163254410923899917e-03 -1.651246781353440246e-02 3.728778180886826998e-02 -3.327964103002258034e-02 -3.823226126318202134e-02 -2.705116013503091471e-02 7.344662873571011774e-02 6.063574306037376738e-02 3.257477906090600062e-02 6.428586774649257263e-02
-3.722287763281535711e-02 -3.252299975292222145e-03 3.056817966687407073e-02 -2.074903209085921657e-02 4.762252787493442829e-02 2.768000132043821337e-02 9.545438779322232281e-02 1.448059963757398344e-02 3.492814896304874406e-02 6.968232492299021412e-03 9.571235945375625165e-02 5.879773072779832105e-02 -1.875099809867607561e-02 6.844129739069391982e-02 -3.434257125428575447e-02 -7.141326251396282188e-02 5.402728310875702655e-03 -5.062085492345163446e-02 0.000000000000000000e+00 -3.632645089573691144e-02 2.352575531531688000e-03 5.277356715223334091e-03 -4.124096446934513022e-02 -3.950828082814294984e-02 1.517625992227470549e-02 4.149947841130582904e-02 -1.012093849525169155e-02 -2.366081998684639934e-02 1.188153929561446692e-02 3.301842078925926183e-02 6.731927862300663562e-03 -7.203749984865481792e-02 -4.074336668623727148e-02 -4.531072130483584925e-02 -9.080713033339803814e-03 -1.014295247839718146e-02 -2.054895698581098856e-02 5.098890323812743132e-03 -7.017312266163176770e-02 3.615551600766211959e-02 1.042071357969790238e-02 -3.157469477695774851e-02 1.292913946103097650e-02 1.081075595330258932e-01 4.864157790994852459e-02 8.726580120105523197e-02 3.778266566825186357e-02 -3.363435105232691824e-04 -4.481840701064920829e-02 -3.524934304563299026e-03 -2.600112531867722343e-02 -3.326986327950454125e-02 1.759482546417594911e-03 1.777157173062732590e-02 6.619121725067263207e-02 2.037268498883110235e-02 -1.776906603063263812e-01 -9.240475738908394965e-02 4.269056047297690309e-02 -6.243266265600158627e-02 -1.909154226425322702e-04 -3.156080568270365483e-02 5.451463388172667762e-02 1.284840862442922921e-02 5.705844304591525806e-02 2.954857400360343805e-02 -4.548351438231108823e-02 1.620841328130633030e-02
6.152306846941620055e-02 2.122999424417828379e-02 4.496951110790785300e-03 -5.045832052292579389e-02 1.404084599144839966e-03 6.979591767096736399e-02 2.338187831386952589e-02 -4.475736012000742364e-02 2.534862715882078843e-02 2.898988675031723833e-02 6.340412828546546087e-02 -4.045829994438011890e-02 -1.193101226084700012e-01 4.902170507977080503e-03 -2.995985090971806097e-02 -8.829450436867837884e-03 3.502390303747522117e-03 -1.270812992882067727e-01 -3.632645089573691144e-02 0.000000000000000000e+00 -1.806415855175699803e-02 -5.971788269329048743e-02 -2.552445712780885070e-02 -2.483771948488127518e-02 2.362713666649970956e-02 -1.197552747332659984e-02 8.365255280329919607e-02 5.199945653901320158e-02 -7.316908673660457718e-02 -4.168342358846254155e-03 4.229465468875023918e-05 2.054378907171010293e-02 2.036941014531343588e-03 -1.040869080116760964e-02 5.810062479109506101e-02 2.242066310010379024e-02 -7.432468113176127211e-02 -4.536863989875782738e-02 1.236520101712296031e-02 -1.470450065997660691e-02 4.554310634524483953e-02 -4.687091218437066525e-02 1.539658061411661519e-02 1.654546590969246597e-02 1.373049911251636099e-02 -4.113877940952068851e-02 3.504441261854643330e-02 -5.085442785310539254e-02 3.104543953384000798e-02 3.993696003502229808e-02 5.507135459829959508e-03 -4.022409960152983216e-02 4.109195791605847747e-02 -4.231127915074067714e-02 2.604372967828880864e-02 -5.862351626541641159e-02 8.516731165426566497e-02 2.331125313921439401e-02 -7.599505359561933848e-02 6.446461093980696000e-02 6.438478405621914091e-02 -8.315230170952431221e-02 -2.332676383078939771e-03 3.211748808270215895e-03 2.911611415700437328e-02 5.091674330371100121e-02 4.447614802179750831e-02 -1.451098098612631573e-02
3.051941141878292477e-02 9.676296694475165772e-02 2.064267071699844858e-02 -6.222770268507673425e-02 -9.705571395127850221e-02 2.937533429596582771e-02 1.415028022313210556e-03 7.249694715006615650e-03 9.061851385329685801e-03 8.989986047449179118e-02 -1.013914459957494379e-01 -1.997911736576277186e-02 -4.348318087842385771e-02 3.419064571945418934e-02 7.208126503972853150e-02 1.078370941913669168e-01 2.949725004222898683e-02 7.057409138988073039e-02 2.352575531531688000e-03 -1.806415855175699803e-02 0.000000000000000000e+00 7.732015647655114676e-02 4.307867951027985476e-02 5.463485128947962594e-02 -4.439932616440471491e-02 1.163703477159228018e-03 5.676033731239197438e-02 2.205438262210906736e-03 -3.717305103784348391e-02 5.030771033396073261e-02 -1.426773374129220243e-02 7.102806637094466469e-02 2.703158166154460973e-02 -3.714811401627517856e-02 -9.376508337287934106e-03 2.582200886897155316e-03 5.274358950993786321e-02 -3.290913759954211537e-02 5.044362274912571158e-03 1.631749741669265286e-02 7.119928259533851722e-02 -1.020662726290414400e-02 -9.385832480438620340e-02 7.547467510026455509e-03 4.298922476665259507e-02 1.817007331157622415e-03 -2.900306956908234313e-02 2.785827609060483392e-02 4.077923123193428882e-04 -8.222781716900410751e-03 -1.591866540122889584e-02 -2.226201577976012411e-02 -5.364729916659447678e-02 -6.950953942331390169e-03 -1.140417137394240596e-02 2.834215061033076161e-02 7.338616254473416534e-02 -3.537495637507641344e-02 2.633810129237625780e-02 3.331497462544947413e-02 1.285395444314346757e-03 -3.419686289621811509e-02 -1.055390542822859379e-02 -3.773502279631020528e-02 -2.310263675799508268e-02 -6.132286309599324636e-02 2.256228913750760526e-02 2.471183409307705411e-03
1.734785698043910668e-02 4.215527062641098027e-02 -6.570708200603438132e-02 -1.633975722417383564e-02 1.134572206829111835e-01 1.154583810378172898e-02 2.998388622651479082e-02 -6.275525416904693954e-02 3.238959474721540138e-02 -7.380830383654821136e-02 -1.108541452886825825e-02 -6.618942312912898251e-02 4.186020138575846650e-02 1.581170442689455724e-02 3.906127629510568883e-02 -2.380428846044908148e-02 -4.429696205629898853e-03 7.572678184598905177e-04 5.277356715223334091e-03 -5.971788269329048743e-02 7.732015647655114676e-02 0.000000000000000000e+00 4.501446151545871431e-03 5.452184524024455449e-03 3.542519623120306965e-02 5.814478093864764580e-02 -7.495837563489546329e-02 -2.269116799652627983e-02 8.962684694620809411e-02 -8.411641302389925856e-02 -1.239899422457895438e-02 -1.224556566289137019e-02 6.004178093433515384e-02 5.466909169149129777e-02 2.951425807893167004e-03 3.470439273579956768e-02 -2.516766489459082434e-02 8.582017156495085064e-03 -7.040387763046251565e-03 -2.111954172043956773e-02 -8.964920219096433884e-02 -2.024414525175859472e-02 -3.288809013973652967e-02 2.555137254029644228e-02 4.629755225126286691e-03 -3.389878087261663508e-02 -2.072291627107405998e-02 8.602936115708620379e-02 -1.860657155927503267e-04 3.398101894671803208e-02 5.279466888164486421e-02 -5.589634459796819638e-02 -5.080033753271540053e-02 -3.239599017111434356e-03 5.568128160898602047e-02 4.205458736479486363e-03 -3.962730059725166204e-02 -5.459732757484525578e-02 -5.970050892930276604e-02 -2.310125230185388658e-03 -2.711952648299817414e-02 -2.409707452294760147e-02 1.081611548518305981e-02 -1.836491152935404436e-02 4.107620049497929388e-02 -1.624760167333152983e-02 3.903226571808574713e-02 7.725439993351203294e-02
3.039894926234513670e-02 -4.015988209113004540e-03 1.939577365671771997e-02 2.334649768913306129e-03 -7.543761477957951385e-03 5.071427626750415335e-03 -5.924513301572664759e-02 6.672128121735218520e-02 3.513694907454515759e-04 -5.604829344595023410e-02 7.964430127619542832e-02 3.518265071646230202e-02 2.427771080004300849e-02 -3.937029709900939645e-02 -6.261675003496000591e-02 4.703790758027126540e-02 -6.764501888148097275e-02 4.712282469217528996e-02 -4.124096446934513022e-02 -2.552445712780885070e-02 4.307867951027985476e-02 4.501446151545871431e-03 0.000000000000000000e+00 -2.613338802057988547e-02 -2.506150484933787614e-02 1.743734304522708001e-02 5.971212785034202969e-02 -6.561989853994883333e-03 1.508920326588409494e-02 2.860929044936905488e-02 -5.681527644756934753e-02 1.158705161836706861e-02 7.758718586593151174e-04 -7.676856080530523874e-02 -4.704201390736431621e-02 -6.933602899383456419e-02 5.631712126899043012e-03 3.215954730401340139e-03 2.849323702803972097e-02 6.145619181255824320e-02 5.308662093659728687e-02 2.492052881573467507e-02 4.755746993841264425e-02 2.091670887643132595e-02 -4.157411111978431481e-03 2.973414321613680050e-02 6.269516787331246011e-02 2.427994447264277683e-02 -8.660352091499326846e-03 1.194855689501134362e-02 7.447903154938008419e-02 4.091237104656925139e-02 1.230163830851445650e-01 2.168315979811178892e-02 3.337978067378252756e-02 8.669812170042390242e-02 2.930177593077977483e-02 -2.043955469474357731e-02 -6.239595456473431660e-03 1.331505477156703920e-02 4.228502394480422588e-02 3.767376470455096465e-02 2.435998849288201554e-02 -2.333242596499487606e-02 -7.762365369347742905e-02 -5.403286768174141858e-02 4.046743506274608215e-02 2.748725508157493641e-02
