0.000000000000000000e+00 3.178624522177830869e-02 -3.526675634244039615e-03 -1.782317360688100844e-02 -1.115447708204382778e-02 3.590526501278524379e-02 2.910812053851398462e-02 -3.757810715556324146e-03 3.597657077741837905e-02 4.287032613906012479e-03 -3.309921963716881688e-02 4.738931363889559850e-02 2.056003145515523066e-03 -8.414998956083353035e-03 -4.903777812960956155e-03 -6.996788831240395579e-02 4.090571800083557530e-02 4.433042048030062104e-02 -3.679024468853625551e-02 6.145986748790633475e-02 3.045797205729378065e-02 1.763302770269437741e-02 3.067047542088147116e-02 6.633362941968112825e-02 2.120503615315264337e-02 -4.087340906932603740e-03 -2.448865199240015181e-02 -2.391416970938976469e-02 2.575860605996201091e-02 -2.277399668605980740e-02 -5.863033597375339606e-02 -1.125975961101909582e-02 -6.169385233189252082e-02 -3.237376322034320880e-02 -3.361050885494697854e-02 2.959778521552889480e-02 3.748586980147346898e-02 2.592694031011195596e-02 -3.383600672800959885e-02 1.519125665105696549e-02 5.115231282639572108e-02 -6.524060170673837838e-03 5.471936602310029270e-03 2.508777180037231880e-02 5.435785892592177870e-02 -6.590132859857171510e-02 1.004712384344714354e-02 2.863109879832070187e-02 -4.512032735477345541e-02 5.863838524959830850e-02 3.097022517947162559e-02 -8.986357425669543042e-02 1.501936969405472458e-02 1.365005477829770580e-02 -8.523969278859740151e-02 -8.135701136880725548e-02 4.896502755749333052e-02 -3.165318907605519511e-02 4.581779751522555705e-02 -2.804544010149517819e-02 -4.145234139746684782e-02 -2.597318853562509411e-02 8.941482283886545510e-04 -1.848558229273252959e-02 6.514093265901932384e-02 3.446201372503129769e-03 -1.992099411859167904e-02 1.081677916370753570e-02
3.178624522177830869e-02 0.000000000000000000e+00 -1.045077338591272470e-01 -8.237449097946641929e-02 4.064607972081562409e-02 -4.855120338251280032e-02 -5.567172679035740229e-02 3.200957031796259678e-04 6.049049047996174489e-02 -5.240971945267595966e-02 -4.059668965503077792e-02 1.569924208609607989e-03 8.466115054879806701e-02 -7.571063323762711184e-02 -3.117044922110434602e-02 6.072414702133510124e-03 7.662100510673490461e-02 5.797209777912935846e-02 -3.031526262682787947e-03 2.095670782054251738e-02 9.684839592211874626e-02 4.729141683500141802e-02 -2.979515472668060362e-03 -8.743684380547062443e-03 2.586416535009216852e-02 2.548928732962482679e-02 6.781770192388914160e-03 -3.458038543975435614e-02 -4.541667577710924164e-02 6.509319626888418475e-02 -3.218380441235403535e-03 4.687199706199357552e-02 -2.729599881801262479e-02 1.643212935650343112e-02 -3.989859630186855938e-02 2.218967812797055170e-02 2.411920734267803540e-02 -3.034578901195665937e-02 -6.100032842919207721e-02 6.850920099384877858e-03 -8.850557572810467677e-02 4.340331567580988509e-02 2.640492173407126344e-02 2.386467596522922480e-02 -2.569176553060502008e-02 5.156806061427583396e-03 -1.568297250880670499e-02 -4.101037760621369099e-02 -4.352778393023525039e-02 -3.516637792574548588e-02 4.349935098985430876e-02 2.978659493118620757e-02 -2.597030367075368971e-03 2.718507624829123379e-02 3.319305879399731679e-02 -5.641471988259159909e-02 5.119295118383774407e-02 -8.344032101861263706e-02 -8.765265953220129080e-02 -5.268272333159791654e-02 -6.183370396856856938e-03 -2.248106650426230646e-02 -3.125589413814171963e-02 -1.205258555341065657e-01 -3.849304409752664358e-02 -9.785737099186977289e-03 3.884839050168036739e-02 1.247279134506444898e-01
-3.526675634244039615e-03 -1.045077338591272470e-01 0.000000000000000000e+00 -9.102130328015423794e-03 -7.687522722054770941e-02 1.288187452058759119e-01 1.314306471319709457e-02 5.579185356982412775e-02 -3.222149473400501979e-02 -4.982167843450597405e-02 -1.063056109117258528e-02 2.518117328632534652e-02 -2.806007649797870318e-02 -6.866449887204039565e-03 -3.066748167461338936e-02 -6.049361403250701208e-02 -3.663780400307984492e-02 -2.933222706516032049e-02 3.038408943462559894e-02 4.819410338683730900e-03 2.427939038071332684e-02 -6.592781435727194939e-02 4.029908578641409889e-02 -2.447679010689739545e-02 1.955388738485785288e-03 1.943959287310361925e-02 9.343812264206301232e-02 -1.488047810244973353e-02 -1.045068422847597427e-02 -2.232143576590792100e-02 8.770512160633543719e-02 -6.679472207930178818e-02 7.631189679638347712e-02 -3.987553223052889111e-03 -3.646484521098888616e-03 -8.076892911954373921e-02 1.244229981853582807e-02 -2.447942298683566942e-02 5.920869563068286573e-02 7.274286163743735878e-02 2.486047974105513869e-02 -8.239528188601016878e-02 8.611026173636124326e-02 1.722478689216776909e-02 -2.397589551780105604e-02 -5.630049566176953402e-02 -2.358621749130803552e-02 -4.331317378994705564e-02 -4.295669984030373034e-02 4.425787858129413832e-02 9.118491478097328490e-03 5.292715950703185540e-02 -4.376765101406614178e-02 1.599109442458614486e-02 2.017466089723976563e-02 1.556030127189300498e-02 -4.162513460887812787e-03 1.542608784898390033e-02 -5.026779946323821358e-02 1.968665390482010960e-02 3.203707918985240072e-02 4.684093286777882281e-02 2.351643968671490725e-03 -9.976712020397116715e-03 2.680481473123015254e-02 -8.629292486012433636e-03 -4.523537250608492682e-02 -6.011703966574105662e-02
-1.782317360688100844e-02 -8.237449097946641929e-02 -9.102130328015423794e-03 0.000000000000000000e+00 7.962652477049549787e-03 9.246735916061264889e-04 1.258380325715601281e-02 -9.601764335798337879e-02 3.288884716171611849e-02 5.822969995156081907e-02 2.612847216728473882e-03 -3.719151827363209595e-02 3.926371290263053898e-02 1.523040717048086863e-02 -1.263058803512004738e-02 -4.478245940462680791e-02 -4.559697479590548580e-02 1.645062908563516349e-02 -2.096772583867164558e-02 -4.564311320345044998e-02 -6.184547996935775560e-02 -1.692478208257590724e-02 1.020430793718475832e-03 -2.169721924435514399e-02 -5.112685816798677452e-02 2.620956856360044315e-02 -6.145546142561302688e-02 3.494711721580876645e-02 -4.955729280754902349e-02 2.112673266747722503e-02 6.345931168590104865e-02 -1.133547488623613819e-02 -2.253703415931059689e-02 -2.942016110585781233e-02 -9.154520340923458233e-02 -4.735841799417845471e-02 3.644167409615687442e-02 4.727749589955840964e-02 -2.144067468728984294e-02 1.468768115591399283e-02 -7.239193013957483103e-02 3.207995492312003261e-02 -1.113973532472853495e-01 3.948778417392510148e-02 -5.504942851689209604e-02 -3.541711114841084723e-02 -6.397286023668839750e-03 -8.778879410479153989e-02 -4.748507380342181089e-02 4.784648952145059697e-02 -4.797046324043084675e-02 8.515838097685657360e-02 -1.387792129283172034e-02 -3.378758849598746672e-02 2.845096134094195900e-02 3.522626298431364572e-02 3.020598958853363061e-02 3.277849746486699578e-02 6.640820026822120969e-02 -2.392914051019997060e-02 1.490341500118244102e-02 1.370918017319608384e-02 -4.024098667978460997e-03 -9.830288534377884524e-02 -9.560379494489954985e-03 7.738415851145453994e-02 -6.235987988845665547e-02 -3.776672454030621795e-02
-1.115447708204382778e-02 4.064607972081562409e-02 -7.687522722054770941e-02 7.962652477049549787e-03 0.000000000000000000e+00 -2.212583705049481209e-02 -5.109759135693948962e-02 7.160166743877788287e-02 6.420791474954212763e-02 -1.714354301585911591e-03 1.224785515449345902e-03 -5.680936991147646914e-02 -8.693124535260372820e-02 -6.614432909203222860e-04 -5.523767548928637527e-02 -4.179434633054773113e-02 7.195445182078502588e-02 -1.779973178156976643e-02 4.777951297479465093e-02 1.284038995199696673e-03 -9.690769702333983104e-02 1.136793077248693801e-01 -9.593348691740860579e-03 -2.692030106378387206e-03 2.485352245224055172e-03 -4.422450031622691090e-03 5.513920418380466315e-02 -1.719298269966557796e-02 5.369359123627865521e-02 -2.571824989404746832e-03 2.791835906554396632e-02 1.147961252046187791e-01 8.587372859952913801e-03 8.495471796812410770e-02 5.803667684884242922e-02 1.887427352727450922e-02 -1.004735275648748205e-01 3.539328566744292387e-02 -8.152218672421706128e-03 -7.796034029212876859e-02 -4.348015277161826342e-02 8.102964711129097058e-04 1.379740637160413973e-02 4.875146995352804685e-02 -1.647076569578589944e-02 1.751542725965298669e-02 8.616937288340243903e-03 -6.079807276140721840e-03 7.326140031353320370e-02 2.212259819196938856e-02 -3.528460946183731989e-02 -3.111953760842301950e-02 -4.464489310467455174e-02 1.584627943229374725e-02 1.593452677315461419e-02 -5.324319243948693464e-02 -8.661952931226293839e-02 -1.778286449132900808e-03 6.091416770827274424e-02 -4.149684679116424219e-02 -2.816527345706465110e-02 -2.961017466006511667e-02 -7.579427442725579500e-02 -2.109521664007539890e-02 8.734981648276970989e-02 7.173072188242919645e-02 1.465968856630655778e-02 2.550353090866044892e-02
3.590526501278524379e-02 -4.855120338251280032e-02 1.288187452058759119e-01 9.246735916061264889e-04 -2.212583705049481209e-02 0.000000000000000000e+00 7.055004838159575908e-02 4.211739178021862290e-02 2.466370268614515721e-02 4.416816678773279742e-02 1.986589291132427951e-02 7.172061352547434709e-02 -8.100322861773621291e-03 -3.345132964389041508e-02 -1.174753877301280142e-02 -5.776357005524721672e-02 -2.738639554582557659e-02 5.566938729341110170e-02 2.815751515236268945e-02 6.987405874693045083e-02 2.961007536636180507e-02 1.109399369871131441e-02 6.813993998814173690e-03 5.708908500713689299e-02 -5.951877668244044683e-02 1.110567718246448510e-01 1.521958121773758429e-02 -4.156529923187302772e-02 2.338972547462668441e-03 -3.179452646318132319e-02 3.453787000285946790e-02 4.713213878164997789e-02 -6.071740229736548311e-03 5.311172245659315228e-03 6.226054725287254177e-02 -3.147294961094995736e-02 -4.456205705254396437e-02 7.130198206538970740e-03 5.639006550836186960e-02 1.109045563905958903e-02 1.355501294391049938e-01 2.751401277955549743e-02 1.138669956270079581e-02 -3.224764365317511067e-02 -9.696195533671842295e-03 -5.360488856140304542e-02 4.725392861315918375e-02 8.576773428357185869e-02 -7.201749179271900447e-02 -5.975281420150819339e-02 -2.390624869462378010e-03 -4.965464958719936067e-02 1.800097121243075804e-02 8.264986730955545258e-02 -6.326899104253287665e-02 7.155299999443803793e-02 3.934053617054211749e-02 5.721129521541429980e-03 1.460454621575417791e-02 -3.626917479470780081e-02 3.193044309639601203e-02 3.797790071706589991e-03 -6.173831153583438092e-02 3.111840298400003757e-02 4.097488449267518845e-02 2.429425720765019878e-02 -1.990974424687015285e-02 3.810099372700443158e-04
2.910812053851398462e-02 -5.567172679035740229e-02 1.314306471319709457e-02 1.258380325715601281e-02 -5.109759135693948962e-02 7.055004838159575908e-02 0.000000000000000000e+00 -5.909392924155305871e-02 2.233973427376115609e-03 4.096302963826618793e-02 1.029009731712526160e-02 1.020605202600267242e-01 2.357655827569473880e-02 9.502610531151775564e-02 -3.341188705146513199e-02 -7.903470349613127624e-03 1.261861471451003816e-02 4.634970040109671202e-02 9.631726926372963238e-02 2.449018941825027718e-02 3.959279077355081986e-03 2.892896273294641440e-02 -5.626253086443511187e-02 3.571712193879166691e-02 -1.840957456684763280e-02 2.151200947813495384e-02 -4.784043319156874169e-02 3.485440607209222552e-02 6.524756082464942819e-02 -1.097984796744512076e-01 9.564054541717006974e-03 -6.170665143977121549e-03 4.607088243178169423e-02 -3.150148222699744247e-03 -2.327567272228743545e-02 1.544675699409702244e-02 -2.439273651006591132e-03 -3.180651478716434860e-02 2.143421169922933231e-02 -5.344713067705995913e-02 -1.470427477915819091e-02 -4.788734720218815882e-02 2.830588336503485000e-02 -1.657707317453608123e-02 2.669559068450977346e-02 -3.461283569151736572e-02 7.221947827246284757e-02 4.628564483792168421e-02 -4.563229390168930394e-02 7.627143833057770106e-02 3.078328065923194995e-02 -3.953249612321613898e-02 6.679489841649613110e-03 -5.853562151913325323e-02 9.374532847073326070e-02 8.525137178177667405e-03 2.778307547382287065e-02 1.312598136636262307e-03 2.878134191800735958e-02 -7.307453104459314674e-02 4.830701855287851398e-02 9.277814500228633368e-03 7.901026023471935389e-02 -1.628461906073782814e-02 -7.697208008994702033e-02 -2.628784064054622699e-02 8.538502372129150308e-02 1.950799946010773472e-02
-3.757810715556324146e-03 3.200957031796259678e-04 5.579185356982412775e-02 -9.601764335798337879e-02 7.160166743877788287e-02 4.211739178021862290e-02 -5.909392924155305871e-02 0.000000000000000000e+00 1.009312469077396773e-02 -9.017036855550808125e-03 4.466745139383367091e-02 -6.871816901175491210e-02 1.845863874435808849e-02 5.537611559838153275e-04 1.772191944690553606e-02 1.447904302727649663e-03 9.421306802967294169e-03 5.984825412026385273e-03 1.528942451046531176e-02 -4.465290352649195493e-02 9.591705594095277163e-03 -6.276213831603440207e-02 6.924685402462925354e-02 -1.319767565516563601e-02 4.915146175893208430e-02 -3.326530689220593556e-02 -8.616781673226941649e-03 8.984653966020354765e-02 -5.155893117692337581e-03 7.121670136247645888e-02 3.553088853958553256e-02 3.221434871236806413e-02 1.416046612147662436e-03 8.972064763210289839e-02 -5.004119815582958042e-02 -6.209855180499675165e-02 -1.005060051692656942e-01 -1.397445608519137447e-02 1.966800147680217159e-02 3.556568244217703928e-02 3.806679314794996632e-02 -4.572151706870785509e-02 -2.340825460987772631e-03 3.678676833051164330e-02 4.808522107773421234e-02 -9.248265516472202116e-03 -6.538534476931691375e-02 2.742452020111208269e-02 -1.035026388023637355e-02 -1.320621216749534067e-02 -3.639313097731708413e-02 -9.793295678647426922e-03 -5.898302753050522346e-02 7.401463527167132482e-03 1.054067585919989461e-02 3.669159639619536811e-02 -4.355001460086559834e-02 7.066244245326343265e-02 -1.070825330128368728e-03 -5.455874075828988368e-02 9.598546630169083049e-03 6.983729489449803929e-02 2.487964339212674070e-02 -1.926550707318024211e-03 -3.303381285389200318e-03 -1.288145068213355227e-01 3.843153944381475645e-02 -6.690010747423597547e-03
3.597657077741837905e-02 6.049049047996174489e-02 -3.222149473400501979e-02 3.288884716171611849e-02 6.420791474954212763e-02 2.466370268614515721e-02 2.233973427376115609e-03 1.009312469077396773e-02 0.000000000000000000e+00 8.334313146848121648e-03 -5.129393400928710517e-02 -7.830059991757753503e-04 -3.838805029414033010e-02 1.876319933408307494e-02 1.335519696768178340e-02 -2.739776922911605489e-02 -1.170468406162139888e-02 -1.717885507905921733e-02 3.452815909388481236e-02 2.552911063940124792e-02 8.470616374520775760e-03 3.506515783010313164e-02 -1.887764017994478412e-03 1.505616796706249483e-02 2.506527003485878660e-02 -4.622244109667115325e-02 -1.527254153020670135e-01 -1.973723342407310288e-02 -3.821694282019486716e-02 -6.911672319728000280e-02 1.807495081827499225e-02 -3.907505642333832310e-03 -5.275607426411712403e-02 -1.152678571628350072e-02 4.276694618451793578e-02 9.477501848378497296e-02 -5.943457681658662062e-02 -6.417817173258931474e-02 -3.707961322612396415e-02 -4.031893337275618133e-02 -8.317910335590259982e-03 2.722216182405495614e-03 -1.887358875276024190e-03 -9.569956720168230901e-02 2.177521752699120017e-02 4.464699158216435537e-03 6.958252009574725228e-02 5.539748539423187956e-02 -2.513526268572830596e-02 -1.012525077499114778e-03 -1.179990612629773367e-01 -3.732114079038503784e-02 1.064585318396148728e-01 -9.633187205687815391e-03 9.152840326615969274e-03 7.006598136161561186e-02 -1.969181866041746359e-02 1.033001143326037902e-02 1.047036792130532842e-02 7.625173257131566407e-02 -9.946831514462754764e-02 -2.814089516418667725e-02 6.324701667964431617e-02 -3.923825848637352808e-03 -4.609242586663416658e-02 -2.439561372897838722e-03 3.435511138170818657e-02 -6.468222647557557436e-02
4.287032613906012479e-03 -5.240971945267595966e-02 -4.982167843450597405e-02 5.822969995156081907e-02 -1.714354301585911591e-03 4.416816678773279742e-02 4.096302963826618793e-02 -9.017036855550808125e-03 8.334313146848121648e-03 0.000000000000000000e+00 5.221358452371070713e-02 1.764349422502748538e-02 -4.115555562024012654e-02 5.556609214080866083e-02 7.962547522457792681e-03 -2.457120429990195323e-02 -6.014935231208577704e-02 -5.688856148377849885e-03 7.946365307350961027e-03 3.188300118634203317e-02 8.908143585949482302e-02 -7.395187344258367934e-02 -5.638817528680937358e-02 8.439449688407915651e-02 -3.938250957753862565e-04 -5.885296150530408554e-02 7.334453990718795523e-03 3.830532928862230568e-02 -2.884145910749766686e-02 -2.184749052318259166e-02 -8.173688228954797963e-03 -2.181150024061179193e-02 -2.949838920362830852e-02 1.040463218486565450e-02 6.574373293623630987e-02 -3.606834751746291340e-02 2.199848915965818552e-02 -3.456531852308023650e-02 -6.113778938805450314e-02 -4.161498852353587991e-02 4.860588123516838138e-03 -9.741268764347789377e-02 -1.285631550187897043e-01 3.790846771825365225e-02 -2.349215455166535002e-02 3.723603660598370085e-02 -2.044583062011142219e-02 -4.501678959071590824e-02 -7.372122166663300225e-02 -1.362036329231756764e-02 -4.283569563503938915e-02 -5.558319219367090919e-02 5.215711002452155798e-02 -4.980828442972403541e-02 -2.307926161190995001e-02 -2.940440877506084183e-02 -3.561916210449204284e-02 1.037401993055992247e-02 2.145728955037396607e-02 1.278030680494467858e-02 -3.590613262660086874e-02 4.081489360346779102e-03 -8.283519168651283515e-02 -4.138666966485261833e-02 3.991303677280451379e-02 -2.465700730977326074e-02 -5.267497297409458323e-02 -2.735371672737069507e-02
-3.309921963716881688e-02 -4.059668965503077792e-02 -1.063056109117258528e-02 2.612847216728473882e-03 1.224785515449345902e-03 1.986589291132427951e-02 1.029009731712526160e-02 4.466745139383367091e-02 -5.129393400928710517e-02 5.221358452371070713e-02 0.000000000000000000e+00 2.593455695218829099e-02 -4.413561397066787656e-02 5.323331330398971967e-02 1.519542440815897441e-02 9.152617527016357335e-02 -9.842714051116503715e-02 1.675375626196158596e-02 9.665211539969258137e-02 6.300659648804297908e-02 -1.001714206961457493e-01 -1.100944496929481820e-02 7.790837691383062369e-02 -1.381957045645802219e-02 3.678032851473363868e-02 7.176470165313229843e-02 -4.403083611819456900e-02 -3.637544014405501031e-03 6.278447818415283654e-02 -1.599238695481218150e-02 -9.787741241823338934e-02 2.303723022208096355e-02 2.350333155128483606e-02 9.503879963762745797e-02 2.457577628015753315e-02 -6.767561060499460712e-02 2.585164205785913955e-03 1.205529850133820781e-02 -2.035719493511904329e-02 2.461161695933727564e-02 -5.069796834209056025e-02 5.890303053268231698e-02 3.521643187619218074e-02 5.683482030310793576e-02 -3.974408033052354711e-02 -4.150939058221517208e-02 5.754054790647103457e-02 1.287985075241368689e-02 -6.025748231723010440e-02 3.988757589310943513e-02 4.899320556142231636e-03 -2.000688080555746567e-02 -4.778228238492458063e-02 6.367411003697459604e-02 -9.867056993234582171e-03 -2.986450377255340030e-02 -3.304188173311807530e-02 -8.995875199259930136e-03 -5.418688287002308007e-02 1.776475021243585986e-02 -1.891835679235713899e-02 -4.554381738098686044e-02 1.583852940878268918e-03 4.148188620690872186e-02 -1.649947301345944944e-02 3.953656223625670596e-02 -8.814150013053116683e-02 -5.306162344277037812e-02
4.738931363889559850e-02 1.569924208609607989e-03 2.518117328632534652e-02 -3.719151827363209595e-02 -5.680936991147646914e-02 7.172061352547434709e-02 1.020605202600267242e-01 -6.871816901175491210e-02 -7.830059991757753503e-04 1.764349422502748538e-02 2.593455695218829099e-02 0.000000000000000000e+00 1.101766981086201892e-02 3.332830708961958405e-02 -1.236971540028473926e-02 -3.499063623458836814e-02 -3.993432694523411236e-02 2.053825785211082014e-02 5.877150511768403085e-02 -3.721081263439457443e-02 -1.966575977209832418e-02 -6.626235573327196593e-02 3.430722777260773737e-02 2.929174601152841756e-02 -7.062776327575175258e-05 -2.331925210645406990e-02 1.556308920716125560e-02 -4.225353895443845903e-02 6.625157665458515643e-02 -1.635168443625136664e-02 -6.349479115063275114e-02 6.062467807836985356e-02 -6.874472083493270158e-02 -4.077309143040420969e-03 6.737967254755587720e-02 -6.378225277647321667e-02 -5.089589160166647919e-02 -1.674077253927318265e-02 2.616455882600636149e-02 -9.450798707023363998e-02 2.890294584874485845e-02 -3.830122284235792235e-02 -4.395133747254367784e-02 -3.732330574756032547e-03 8.761407311599923864e-02 8.398002449995220497e-02 2.079542690801510288e-02 -6.608391088845143313e-02 3.995148369429004503e-02 2.130212603628322057e-02 -8.503073990830734008e-02 4.824396979619026415e-03 4.227665160220087093e-02 7.379294711605925705e-02 -1.397306237696667973e-02 2.084535376117436362e-02 -1.059386620381164018e-01 -1.954429525371578075e-02 -1.288018868615075849e-02 -2.602332018542502859e-02 2.932672044602908576e-02 -5.719512496591331457e-02 4.264760195933777615e-02 5.749213580139043989e-03 -4.213199372100064066e-02 -1.159709903095158118e-02 -8.174205335676311412e-02 9.802278580763772176e-02
2.056003145515523066e-03 8.466115054879806701e-02 -2.806007649797870318e-02 3.926371290263053898e-02 -8.693124535260372820e-02 -8.100322861773621291e-03 2.357655827569473880e-02 1.845863874435808849e-02 -3.838805029414033010e-02 -4.115555562024012654e-02 -4.413561397066787656e-02 1.101766981086201892e-02 0.000000000000000000e+00 -3.345229731864356182e-02 3.083622979054177413e-02 6.525236835636868959e-02 -5.076686256703821093e-02 -6.061830188907856715e-02 -1.868120311914108975e-02 -1.189242471632386972e-01 -4.323299945046769205e-02 4.252661208072307936e-02 2.317398145101730311e-02 -3.038279344160101092e-03 -3.910107313435961379e-02 3.667847437767089019e-02 -4.824730388668010961e-02 -1.580503758482773233e-02 -8.244631330128447677e-03 2.856940244867483061e-02 2.439290769970414371e-02 -3.454722838869457580e-02 -2.585180562040847313e-02 4.452619006113963177e-03 2.270277564118578905e-03 2.864774437116896985e-02 1.337360314132071681e-01 9.635555158131899056e-02 -4.315991180102452668e-02 -4.055128680115286516e-02 -6.363814553777830639e-03 -2.564363227318514418e-02 -7.188008745791664433e-02 -4.510444346692114165e-02 -1.502350432790843238e-01 -2.124172712651151151e-02 -4.876625972708921106e-03 -1.156550390856037405e-02 -2.853814761868637279e-02 -1.259812787571920056e-01 -2.884568218348812496e-02 1.657636576886884969e-02 -8.512047984822985330e-03 -6.898258991256445150e-02 -3.084367377672832602e-02 5.666392670821904232e-03 1.186502064706601405e-02 2.980436765043206412e-02 -1.123737942517784166e-01 -4.637568222223324016e-02 6.196136818408801150e-02 6.421773762225727045e-02 -2.484973829688220948e-02 8.392745961191579521e-03 -5.080958123774059060e-02 -4.442470819560331852e-02 2.292320219739754639e-02 4.181074069545042543e-02
-8.414998956083353035e-03 -7.571063323762711184e-02 -6.866449887204039565e-03 1.523040717048086863e-02 -6.614432909203222860e-04 -3.345132964389041508e-02 9.502610531151775564e-02 5.537611559838153275e-04 1.876319933408307494e-02 5.556609214080866083e-02 5.323331330398971967e-02 3.332830708961958405e-02 -3.345229731864356182e-02 0.000000000000000000e+00 3.361884922398938880e-02 2.024874960360510678e-02 4.224030626734617822e-02 2.492275094094843421e-02 6.913285884305168938e-02 4.974119554510493882e-03 3.447118489305724814e-02 1.556649398800704666e-02 -3.535905220103710556e-02 1.545765217330620240e-03 1.299634634773605239e-02 9.034649483357869854e-03 -3.457377097050595705e-02 -1.241263689501470070e-02 6.404535342604320003e-02 7.143102182378763265e-03 -5.906686909618266527e-03 -3.533730733010249925e-02 2.699300070771672513e-02 9.509956922280002334e-03 2.701679873435972046e-02 -4.441736468490652123e-02 -3.724329822864891337e-02 3.098813190240652313e-02 1.799721436212375902e-02 -2.689247789073717990e-02 -6.036089271778951465e-02 -3.073285767764069240e-02 -2.896929665304233750e-02 2.612182953621693809e-02 8.664640037799409278e-02 2.778813907095636221e-02 1.607730606126870493e-02 -1.098588189998375431e-01 5.636553539716428196e-02 1.249463964639096342e-02 2.862235805982433351e-02 -1.030134414121237343e-03 -1.349781578295630551e-02 -8.281880118560919213e-02 -5.357729923281162772e-03 4.590841161575417995e-02 -3.028350096783362713e-02 3.678805997236253567e-02 -6.305740350749478029e-02 -1.012278379522095484e-02 -4.036487374170653897e-02 -4.495588320923898235e-02 7.280228815580767898e-02 -1.162146022292769032e-01 -1.478529728129361273e-02 -2.278874649504298786e-02 -5.843152699474173789e-02 -6.509500557965654244e-02
-4.903777812960956155e-03 -3.117044922110434602e-02 -3.066748167461338936e-02 -1.263058803512004738e-02 -5.523767548928637527e-02 -1.174753877301280142e-02 -3.341188705146513199e-02 1.772191944690553606e-02 1.335519696768178340e-02 7.962547522457792681e-03 1.519542440815897441e-02 -1.236971540028473926e-02 3.083622979054177413e-02 3.361884922398938880e-02 0.000000000000000000e+00 -2.706829522402587687e-02 -1.989045537023437227e-02 -6.876129134924494068e-02 -3.414524945265883654e-02 -2.992120212048179212e-02 7.117652282047452761e-02 3.937520516340742294e-02 -6.215985594722570756e-02 8.882337166243838011e-02 3.390441189541025524e-02 3.251504163420402410e-02 -7.004687252598278124e-02 -5.285985740038368075e-02 5.008322391001076429e-02 1.609329654435906129e-02 2.412227935702853515e-02 -8.345247215040488276e-02 2.935779941129356557e-02 5.251093774346914100e-02 6.851555313862973950e-02 -2.054436582124823454e-02 -1.141290029985846631e-02 2.241195496432007994e-03 -8.430645149776730407e-02 -3.721325266239087354e-02 -2.365711421026157890e-02 -4.489924743539213531e-02 -4.754478251030002517e-02 -5.378744846755757064e-02 -5.761123816055734037e-02 4.320872817755429252e-02 7.371420932792925422e-03 5.594303623815860549e-02 9.652243440628748353e-03 1.858357399967099782e-02 3.223696398457280565e-02 2.006182377728397623e-02 1.793803590911944093e-02 9.329319572113676726e-03 4.491703060143210219e-02 -1.800343380285353290e-02 4.362710364786044626e-02 -2.729028179787619870e-02 6.937721257121204528e-03 3.432020076751007842e-02 -8.873966546123937538e-02 -7.689522899513355492e-02 -8.842265744355862211e-02 6.863672987761643141e-02 -4.009067709852323635e-02 -1.305809988841947003e-02 -6.897359189186132167e-02 -7.163382540081490724e-02
-6.996788831240395579e-02 6.072414702133510124e-03 -6.049361403250701208e-02 -4.478245940462680791e-02 -4.179434633054773113e-02 -5.776357005524721672e-02 -7.903470349613127624e-03 1.447904302727649663e-03 -2.739776922911605489e-02 -2.457120429990195323e-02 9.152617527016357335e-02 -3.499063623458836814e-02 6.525236835636868959e-02 2.024874960360510678e-02 -2.706829522402587687e-02 0.000000000000000000e+00 2.063153616081396177e-02 -2.252227076261064179e-02 -7.188521684431069259e-02 -8.427712718165333156e-03 1.115835861013211860e-01 -2.208001156223213940e-02 5.526994419082852106e-02 -8.414971880578920801e-03 -6.004429892135922792e-02 3.740220072939477725e-02 4.994653447646572181e-02 1.100679073230038073e-02 5.340647220505499726e-02 1.775084145183126322e-02 -7.575028510167911011e-02 1.151520740722346836e-01 2.390855852072321444e-02 3.595850520173803772e-02 -3.357318507541151662e-03 -2.172099139273440602e-02 2.442548379656223762e-02 6.859196935702618902e-02 1.004407754458046947e-02 -1.134209628779019874e-01 1.024078881246391071e-01 7.778118221079070860e-02 2.425691679315046534e-02 -3.185796780813822393e-02 -1.439022979387695467e-01 -3.258822101027672447e-02 -2.194482887915841229e-02 1.699415095669654791e-02 -5.622853009203739039e-02 -2.201800207590773675e-02 3.597581954764025175e-02 5.542575326194203872e-02 -1.042537873148364214e-01 3.394761938327939960e-02 -3.189451990137825987e-02 2.665619539966314691e-02 1.609090074684024069e-02 2.228433998203395439e-02 -1.371221518215086366e-02 3.226538450876850067e-02 4.506423117852220717e-02 -6.953263276356527398e-03 -4.915912271727573835e-02 -3.580906890075369331e-02 -5.707064324164573543e-02 8.861220169554497039e-02 -3.262078522593891972e-02 -2.399047957585235050e-02
4.090571800083557530e-02 7.662100510673490461e-02 -3.663780400307984492e-02 -4.559697479590548580e-02 7.195445182078502588e-02 -2.738639554582557659e-02 1.261861471451003816e-02 9.421306802967294169e-03 -1.170468406162139888e-02 -6.014935231208577704e-02 -9.842714051116503715e-02 -3.993432694523411236e-02 -5.076686256703821093e-02 4.224030626734617822e-02 -1.989045537023437227e-02 2.063153616081396177e-02 0.000000000000000000e+00 2.321618671786452107e-02 9.662829373414911355e-03 3.459149179358316298e-03 3.055901308254219129e-02 -4.469480368604691542e-03 -5.618826893039984699e-02 3.396800137059252656e-02 7.018191105192779500e-02 -2.627437855170884455e-03 2.900094263810971615e-02 2.753290668899577645e-02 4.359380250213927208e-03 3.825032240222997482e-02 7.531992425872237329e-02 -2.445122856665745380e-03 4.128391094440839876e-02 -4.301706786936584231e-03 9.115228440801238785e-02 -1.760926512468187792e-03 -4.426707504930671444e-02 -5.547032674089156373e-02 -5.587828685063345180e-02 -1.827525547646276921e-02 4.260845452860878568e-02 4.416299015447770066e-02 7.060382565501921448e-02 -3.038734687819521704e-02 9.533985303218714402e-02 4.419951889178399401e-03 -7.130387369951546143e-03 1.133311494638086087e-02 5.653677556572254959e-02 -5.637925381337808434e-02 -7.376878059621146122e-02 -3.128711321916354416e-03 -3.170596623084510901e-02 1.702858128401072996e-03 -5.011671983805598279e-02 -4.763394920736736815e-02 3.516913327428958236e-02 5.571335078944765484e-02 -2.167815246285142647e-02 -9.230524662676108105e-02 3.892447478273986222e-03 8.009102982673703408e-02 1.255987993693477404e-02 -4.121121219023983484e-02 1.189996236989361534e-03 -1.111867268116342213e-02 -1.712822149997947699e-02 1.788259798389627356e-03
4.433042048030062104e-02 5.797209777912935846e-02 -2.933222706516032049e-02 1.645062908563516349e-02 -1.779973178156976643e-02 5.566938729341110170e-02 4.634970040109671202e-02 5.984825412026385273e-03 -1.717885507905921733e-02 -5.688856148377849885e-03 1.675375626196158596e-02 2.053825785211082014e-02 -6.061830188907856715e-02 2.492275094094843421e-02 -6.876129134924494068e-02 -2.252227076261064179e-02 2.321618671786452107e-02 0.000000000000000000e+00 -4.771217661817003103e-02 -1.270062298475853335e-01 7.134257231528180754e-02 8.412999919818306589e-04 4.784845845790184488e-02 -3.439383023257867877e-02 -5.937507132656957148e-02 1.870605858106053412e-02 -6.757925599646819048e-02 2.918218535694925425e-02 4.231436227237417996e-02 5.922473294575166664e-02 2.075139217590826063e-02 6.277860935011005117e-02 -2.029473141520287890e-02 7.592385923241395940e-02 -1.129184031518052841e-02 5.482736819763076724e-02 9.084009864062768044e-03 1.113567808946093067e-04 1.075601797732449703e-02 4.025293034741175141e-02 -1.483847998677959891e-02 -2.251540330789251251e-03 3.564111720586504717e-02 -1.138913329069375646e-02 5.612508958622424576e-02 2.736378823468725921e-02 5.901279164108816366e-02 -8.262434067725733799e-02 1.831425101514565917e-02 -4.224887133514106108e-02 2.912453415695007153e-02 -4.412679684352254633e-02 7.590739813274560710e-02 3.587861280247944124e-02 1.791764221930417303e-02 9.511394015188838480e-02 2.709598214988437337e-02 -1.714370964049373447e-02 -6.925954583521016887e-03 -1.605784952398344595e-02 3.289376361271291460e-02 -3.355092452105022660e-02 -3.830261593739224535e-02 -2.722424103228421668e-02 7.365135723825644298e-02 6.100834901698697077e-02 3.232083445497623692e-02 6.479154931188831068e-02
-3.679024468853625551e-02 -3.031526262682787947e-03 3.038408943462559894e-02 -2.096772583867164558e-02 4.777951297479465093e-02 2.815751515236268945e-02 9.631726926372963238e-02 1.528942451046531176e-02 3.452815909388481236e-02 7.946365307350961027e-03 9.665211539969258137e-02 5.877150511768403085e-02 -1.868120311914108975e-02 6.913285884305168938e-02 -3.414524945265883654e-02 -7.188521684431069259e-02 9.662829373414911355e-03 -4.771217661817003103e-02 0.000000000000000000e+00 -3.638238290155453025e-02 1.860710276259932910e-03 5.291791678360951295e-03 -4.197933610730227028e-02 -4.031760647292687016e-02 1.512472485835013314e-02 4.598361415812968894e-02 -9.960848828787982265e-03 -2.226469029293351790e-02 1.304859539478667868e-02 3.359179940559378630e-02 7.104275510743466790e-03 -7.195428786017796230e-02 -4.047071223703724990e-02 -4.083023331322929023e-02 -8.663520611877669267e-03 -1.016941912368327962e-02 -2.222481018813584827e-02 4.951260351176749869e-03 -7.027848591984288407e-02 3.647400734309929476e-02 1.012216681682453177e-02 -3.112250143336494496e-02 1.292121754887149039e-02 1.084610600971334937e-01 4.918111372857433133e-02 8.730396923429993572e-02 3.806010178699555102e-02 -1.558103433017896252e-04 -4.471490555155156754e-02 -4.946040606741806608e-03 -2.663960158382654847e-02 -3.317816879384496986e-02 1.403995183757450124e-03 1.806571587523998074e-02 6.411183049940043233e-02 1.985245337806222643e-02 -1.779711865160600037e-01 -9.276491713132077599e-02 4.261514858360535701e-02 -6.293613015069406125e-02 -2.353921215126152273e-03 -3.213712381634115101e-02 5.427138362975714170e-02 1.273857730579461972e-02 5.726288961318965615e-02 2.972485968254574493e-02 -4.532082835382408859e-02 1.682553631390332205e-02
6.145986748790633475e-02 2.095670782054251738e-02 4.819410338683730900e-03 -4.564311320345044998e-02 1.284038995199696673e-03 6.987405874693045083e-02 2.449018941825027718e-02 -4.465290352649195493e-02 2.552911063940124792e-02 3.188300118634203317e-02 6.300659648804297908e-02 -3.721081263439457443e-02 -1.189242471632386972e-01 4.974119554510493882e-03 -2.992120212048179212e-02 -8.427712718165333156e-03 3.459149179358316298e-03 -1.270062298475853335e-01 -3.638238290155453025e-02 0.000000000000000000e+00 -1.809626345428765742e-02 -5.984228603447883793e-02 -2.413189739017758406e-02 -2.371760868335026987e-02 2.348945364910049252e-02 -1.127280240494531183e-02 8.660292416432324725e-02 5.247885476763990836e-02 -7.290842076358912405e-02 -4.277227134510843201e-03 2.164370170340691843e-04 2.047760092229106502e-02 1.633672423022717191e-03 -1.062975627653729542e-02 5.795768436889212061e-02 2.217483674785555164e-02 -7.265666639143995853e-02 -4.532181818280918428e-02 1.236892076095781265e-02 -1.502545398755977812e-02 4.412874357956036303e-02 -4.712708713973239733e-02 1.484214166631895107e-02 1.681605822563364550e-02 1.369665641906168269e-02 -4.093801529161639891e-02 3.508650146350316551e-02 -5.099045363083491711e-02 3.091325652715042754e-02 4.064771672512158818e-02 5.657482724096708077e-03 -3.995250486734196194e-02 4.132291832127336917e-02 -4.226477739232060299e-02 2.659499685720456003e-02 -5.833154667919411562e-02 8.545946912892733727e-02 2.267533147965295967e-02 -7.568966134149342218e-02 6.481588473801992711e-02 6.919483212499207003e-02 -8.136778220757177882e-02 -2.337831006765623502e-03 3.019930046926358729e-03 2.931055891905760477e-02 5.098282523870492633e-02 4.405397429622415206e-02 -1.405737723287709025e-02
3.045797205729378065e-02 9.684839592211874626e-02 2.427939038071332684e-02 -6.184547996935775560e-02 -9.690769702333983104e-02 2.961007536636180507e-02 3.959279077355081986e-03 9.591705594095277163e-03 8.470616374520775760e-03 8.908143585949482302e-02 -1.001714206961457493e-01 -1.966575977209832418e-02 -4.323299945046769205e-02 3.447118489305724814e-02 7.117652282047452761e-02 1.115835861013211860e-01 3.055901308254219129e-02 7.134257231528180754e-02 1.860710276259932910e-03 -1.809626345428765742e-02 0.000000000000000000e+00 7.726405081773936312e-02 6.840145270904297858e-02 5.514807684630951973e-02 -4.443167541395826731e-02 2.569087031976904478e-03 5.894720275714603053e-02 1.009053728442117250e-02 -3.498617358463026322e-02 6.079143791806228270e-02 -1.499189648230101445e-02 7.094384014174098807e-02 2.740333050171436455e-02 -3.481824547754840821e-02 -9.644997930676284942e-03 1.168844617842837484e-03 5.351533876938831258e-02 -3.291941492604041897e-02 5.366196759029702966e-03 1.686687772414280709e-02 7.226458430862836568e-02 -9.458577584527377152e-03 -9.306743275696714723e-02 7.842350185457225634e-03 4.239912359337541514e-02 1.185901205860100073e-03 -2.844624051153376437e-02 2.805396730657239851e-02 6.430299235520877104e-05 -5.460881271390979029e-03 -1.423484365574268461e-02 -2.150686313401803385e-02 -5.256140276037035708e-02 -7.141530462692819055e-03 -7.994954534139146404e-03 2.975270487213461934e-02 7.669842107738972237e-02 -3.449399462952051215e-02 2.596849375646352251e-02 3.373627016125049782e-02 7.048736145351034051e-03 -3.112673139136276981e-02 -1.004636475364074043e-02 -3.769204408356383734e-02 -2.394407924441920715e-02 -6.165172722138509420e-02 2.277958182053869962e-02 2.802985161941281590e-03
1.763302770269437741e-02 4.729141683500141802e-02 -6.592781435727194939e-02 -1.692478208257590724e-02 1.136793077248693801e-01 1.109399369871131441e-02 2.892896273294641440e-02 -6.276213831603440207e-02 3.506515783010313164e-02 -7.395187344258367934e-02 -1.100944496929481820e-02 -6.626235573327196593e-02 4.252661208072307936e-02 1.556649398800704666e-02 3.937520516340742294e-02 -2.208001156223213940e-02 -4.469480368604691542e-03 8.412999919818306589e-04 5.291791678360951295e-03 -5.984228603447883793e-02 7.726405081773936312e-02 0.000000000000000000e+00 3.895113189476304832e-03 8.850223662067538757e-03 3.728244628358180768e-02 5.717131725099015155e-02 -7.269175628375613984e-02 -2.252340442524971079e-02 8.963817386896076600e-02 -8.324766067983699336e-02 -1.243288485985143826e-02 -1.172435278542682639e-02 6.005252836766976354e-02 5.462020308460079770e-02 3.172763556141407117e-03 3.496333044291950742e-02 -2.595067355201204767e-02 8.178611943567875436e-03 -7.030674053544220051e-03 -2.139944636875356146e-02 -8.910467270020752673e-02 -2.004566115733029744e-02 -3.277943474539787849e-02 2.494292904247894654e-02 4.411391745280586127e-03 -3.394012290846461916e-02 -2.060757899615020539e-02 8.525289034121125153e-02 -4.458941470223120869e-04 3.402041732651436140e-02 5.237832719338375576e-02 -5.562655594011203103e-02 -5.079417887304670670e-02 -3.209332060506409848e-03 5.508604217918217083e-02 5.848958655556287661e-03 -3.891943482874529042e-02 -5.419665197097719295e-02 -6.016146211301552638e-02 -3.024879618828778000e-03 -3.033252464724443820e-02 -2.569121511615455114e-02 1.104160075439402332e-02 -1.863488325135186433e-02 4.057163756221505296e-02 -1.599022628170425689e-02 3.919685613873401253e-02 7.702997256135582504e-02
3.067047542088147116e-02 -2.979515472668060362e-03 4.029908578641409889e-02 1.020430793718475832e-03 -9.593348691740860579e-03 6.813993998814173690e-03 -5.626253086443511187e-02 6.924685402462925354e-02 -1.887764017994478412e-03 -5.638817528680937358e-02 7.790837691383062369e-02 3.430722777260773737e-02 2.317398145101730311e-02 -3.535905220103710556e-02 -6.215985594722570756e-02 5.526994419082852106e-02 -5.618826893039984699e-02 4.784845845790184488e-02 -4.197933610730227028e-02 -2.413189739017758406e-02 6.840145270904297858e-02 3.895113189476304832e-03 0.000000000000000000e+00 -2.447843351403767090e-02 -2.525677791075259596e-02 2.140777369754307685e-02 7.896367916924956765e-02 -5.466004021710242980e-03 1.712069330350148369e-02 3.699600625672739423e-02 -5.497621619465856146e-02 1.113024821447545186e-02 2.421311255405265289e-03 -7.483570630410261992e-02 -4.582315116681853762e-02 -6.906784818480692090e-02 6.818343667179190513e-03 2.291079992632312403e-03 3.052417084471758385e-02 6.302297984552826526e-02 5.730433819827404629e-02 2.439401619371962121e-02 4.767193742040509719e-02 2.147237758820859030e-02 -3.023492365066660949e-03 2.892036046979615596e-02 6.185346583010090799e-02 2.415291888330544853e-02 -8.686033298301684691e-03 2.022769459149303603e-02 7.518783706084745944e-02 4.238134437983784308e-02 1.203866602714851880e-01 2.183370464014494292e-02 3.480346627619067962e-02 8.718048404218176062e-02 4.597694912742546214e-02 -1.911417969646929393e-02 -7.019549531329925297e-03 1.518270941160387334e-02 5.602953575893429572e-02 3.835312476914212731e-02 2.429255247365502690e-02 -2.318464549250059958e-02 -7.735119898812804762e-02 -5.464774019674840944e-02 4.082744061108979639e-02 2.828901182467554939e-02
