0.000000000000000000e+00 3.185148056592507909e-02 -3.567275582010934632e-03 -1.787163653847326922e-02 -1.119120361340054416e-02 3.589185929293912947e-02 2.864003248823159334e-02 -3.840598148346675410e-03 3.596848810073435820e-02 4.189577230144765109e-03 -3.318968352369143504e-02 4.726061964139940952e-02 2.107877105601551997e-03 -1.019953975339286251e-02 -4.988381829572870532e-03 -7.010697058118789404e-02 4.089120945120632705e-02 4.427090096657745194e-02 -3.690480657217871940e-02 6.147632617465474680e-02 3.046944413768058746e-02 1.755993166917714857e-02 3.059986432473133650e-02 6.646651873483432060e-02 2.117940487663971805e-02 -4.032127379590122289e-03 -2.399432140942848318e-02 -2.411585257003288907e-02 2.443171000266390960e-02 -2.347548626980279843e-02 -5.862126201457602825e-02 -1.118960719675051591e-02 -6.175087878844134903e-02 -3.245092141347732939e-02 -3.361778489879633375e-02 2.977635874983475608e-02 3.754178318319556507e-02 2.594414774213025382e-02 -3.385375876388283661e-02 1.522224068954581254e-02 5.123763913188344316e-02 -6.577950157869420604e-03 5.601248357751464381e-03 2.501850686432016344e-02 5.425870801365299118e-02 -6.595426709327285864e-02 9.961383677238302634e-03 2.867538554164735659e-02 -4.512737920145702686e-02 5.869052288096462261e-02 3.086252039086180565e-02 -8.983318799469437732e-02 1.509958364929583040e-02 1.371672332408345116e-02 -8.542125938870775981e-02 -8.145129865275559100e-02 4.916908199104382676e-02 -3.164750203578229476e-02 4.588665727261522637e-02 -2.798805613424118488e-02 -4.143674443098935983e-02 -2.597657982239950578e-02 8.134906792026902304e-04 -1.841565577956985611e-02 6.512409758699802542e-02 3.449531289272919892e-03 -1.982057807420688558e-02 1.083128487490178302e-02
3.185148056592507909e-02 0.000000000000000000e+00 -1.046603325973869819e-01 -8.227969330116897961e-02 4.055605674792560345e-02 -4.850666691596070695e-02 -5.542858662378356144e-02 5.380912464050206095e-04 6.031164715417983158e-02 -5.221575762092593720e-02 -4.065050053449104778e-02 1.630191810204580961e-03 8.445786791324175202e-02 -7.569597550104655015e-02 -3.123734472166749682e-02 6.021955980358864244e-03 7.663868325412653837e-02 5.806615521775057576e-02 -3.088565993287316260e-03 2.102495726939558607e-02 9.683026353280579923e-02 4.594681551364413613e-02 -3.272684936337958220e-03 -9.014778368074790466e-03 2.477048572784259703e-02 2.556502132544398800e-02 5.957518666457730337e-03 -3.427781175349073339e-02 -4.551976007805109969e-02 6.526970098371646933e-02 -3.241072789513633080e-03 4.690639990427236672e-02 -2.732805194744166236e-02 1.631414486026106295e-02 -3.981670024777311800e-02 2.209382855910676374e-02 2.416944012136805833e-02 -3.032497491730458752e-02 -6.102036209071352857e-02 6.875348196593793204e-03 -8.826959207814562280e-02 4.359174243543983279e-02 2.657323619887892382e-02 2.399614819447898686e-02 -2.572138037336993421e-02 5.173162181208913572e-03 -1.566800182875032615e-02 -4.081440136085845438e-02 -4.352630486248872804e-02 -3.525050927621027619e-02 4.350730828691199564e-02 2.980987339204282938e-02 -2.573500155497467166e-03 2.725844680605811476e-02 3.318073132642759826e-02 -5.641333500747436336e-02 5.118960247682046577e-02 -8.334030296215526323e-02 -8.755009075118863615e-02 -5.276612266765612347e-02 -6.811948306686765355e-03 -2.181312376459826688e-02 -3.121023017660475712e-02 -1.204304944773653685e-01 -3.842595024918121077e-02 -9.842642474436566827e-03 3.882957834689425985e-02 1.248024495871713491e-01
-3.567275582010934632e-03 -1.046603325973869819e-01 0.000000000000000000e+00 -8.929811059840741042e-03 -7.693835191536328721e-02 1.286366218798768724e-01 1.273977866527149956e-02 5.527812073470182025e-02 -3.181898745019969693e-02 -4.975763453419750071e-02 -1.075259680821878325e-02 2.510265613925006037e-02 -2.812378844048479473e-02 -6.903560293368536487e-03 -3.037955191087857165e-02 -6.109841131625868421e-02 -3.839808135401679562e-02 -2.946148602993098331e-02 3.042589937752459076e-02 4.716826093129688341e-03 2.322426837604618308e-02 -6.587325803206871278e-02 3.459699515983607337e-02 -2.451793977863812174e-02 2.133066923669951591e-03 1.623096183848279569e-02 8.944558452850377706e-02 -1.503872466098956501e-02 -1.064868768371871749e-02 -2.265557704715789877e-02 8.749771875585507508e-02 -6.669793587891317821e-02 7.611302084853181771e-02 -4.003203572895156978e-03 -3.670569865424751655e-03 -8.085465999615967791e-02 1.229141714258740088e-02 -2.452053341077868598e-02 5.891490654451457532e-02 7.256124298300625775e-02 2.451428127851059541e-02 -8.241054376314904673e-02 8.592733629802291884e-02 1.705936129159991294e-02 -2.410979065703362789e-02 -5.652302210350850648e-02 -2.354343717617326734e-02 -4.337385687209908969e-02 -4.306127405334800318e-02 4.398246515877692747e-02 8.939582759376363610e-03 5.264272265554221369e-02 -4.388936759839739271e-02 1.601914254380977856e-02 2.006475909863422030e-02 1.561132907320986890e-02 -4.688459847872573222e-03 1.522934033021393178e-02 -5.020355723571755246e-02 1.957592637028392202e-02 2.856570316190743322e-02 4.677992420985335742e-02 2.615158155177120525e-03 -9.965878354975015591e-03 2.698887484961752514e-02 -8.381723924931441111e-03 -4.552820873041740768e-02 -6.046574523929660466e-02
-1.787163653847326922e-02 -8.227969330116897961e-02 -8.929811059840741042e-03 0.000000000000000000e+00 7.944832745006963001e-03 9.042634216613746386e-04 1.231661194450892581e-02 -9.611218149555578183e-02 3.281524620355238953e-02 5.779657078684564270e-02 2.558858238534644086e-03 -3.744256441348675635e-02 3.938149748895802132e-02 1.536510831409799126e-02 -1.266328232343930972e-02 -4.478257507991473957e-02 -4.549259684012409155e-02 1.652109888119935796e-02 -2.091079790132037083e-02 -4.690516245878877111e-02 -6.195602282355668067e-02 -1.677285440179500375e-02 1.379511883613185590e-03 -2.300535253424571339e-02 -5.117628878107528118e-02 2.642639216078810846e-02 -6.199910799285028584e-02 3.304701977155730802e-02 -4.958271785435813123e-02 2.124909803426404745e-02 6.345154909368362628e-02 -1.139880227466579313e-02 -2.246106433314750545e-02 -2.927298281614663933e-02 -9.149364740193244305e-02 -4.742115909461574325e-02 3.653430590985736609e-02 4.703226509589516352e-02 -2.142138947922173423e-02 1.477080408881949192e-02 -7.231207716455638479e-02 3.224647277661960715e-02 -1.115297892132177948e-01 3.944577321595594405e-02 -5.495384042006876829e-02 -3.541966476392938851e-02 -6.405549159501725161e-03 -8.756975935056296456e-02 -4.751666334262485969e-02 4.778484829014376795e-02 -4.793964070300856667e-02 8.517616462495085361e-02 -1.389641913520469826e-02 -3.389523446661684564e-02 2.844232463545889530e-02 3.533344029726587926e-02 3.024108106961636080e-02 3.259507337333369947e-02 6.647750088169450400e-02 -2.387197364106148634e-02 1.608792346887974109e-02 1.355278393145952116e-02 -3.841826522153341840e-03 -9.811351596606324166e-02 -9.528257840573633314e-03 7.740248198587604267e-02 -6.231324462821512949e-02 -3.775012643531763107e-02
-1.119120361340054416e-02 4.055605674792560345e-02 -7.693835191536328721e-02 7.944832745006963001e-03 0.000000000000000000e+00 -2.255639511240085243e-02 -5.107963157790011005e-02 7.160792598092305394e-02 6.382350503197367630e-02 -1.694883518088925603e-03 1.181568880808213937e-03 -5.689104946387951722e-02 -8.712195436625712330e-02 -7.747041160820665679e-04 -5.663719937194934551e-02 -4.174998592068863978e-02 7.192058390499585230e-02 -1.780341770960633743e-02 4.773817241668619482e-02 1.315121443203842591e-03 -9.694536692737294736e-02 1.136209223041753785e-01 -9.036732149762725236e-03 -3.100201329208286845e-03 2.433744997716371598e-03 -4.505784500352837812e-03 5.630009230365158601e-02 -1.697752344069613714e-02 5.363353375006681828e-02 -2.462602883778293970e-03 2.790804782149135244e-02 1.143475797245004089e-01 8.571421837635737756e-03 8.472155382215448838e-02 5.802577598475888027e-02 1.888278069359731332e-02 -1.001316069525529373e-01 3.540689776536509736e-02 -8.136003756035783616e-03 -7.802127847895701240e-02 -4.326465361114008312e-02 9.310861854766953319e-04 1.380875963564357801e-02 4.895217347553178916e-02 -1.644838685248616733e-02 1.749681172790493178e-02 8.551308626542977742e-03 -6.029958131256274272e-03 7.329395332486711434e-02 2.228300918368541703e-02 -3.511662141559934724e-02 -3.109923029924634846e-02 -4.462477914060836853e-02 1.576810882421839088e-02 1.631480013109833441e-02 -5.330692140885258390e-02 -8.630462587562341692e-02 -1.692861171217565448e-03 6.091704753127095973e-02 -4.126967438069029798e-02 -2.872038981122444767e-02 -2.933678871223681026e-02 -7.575598874404433636e-02 -2.096524298516796656e-02 8.741239452291012235e-02 7.172465985958946522e-02 1.474308902274469590e-02 2.565581663823216299e-02
3.589185929293912947e-02 -4.850666691596070695e-02 1.286366218798768724e-01 9.042634216613746386e-04 -2.255639511240085243e-02 0.000000000000000000e+00 7.013227813711428449e-02 3.993797705340669524e-02 2.458640526649811045e-02 4.215794296405461772e-02 1.963927866160527363e-02 7.088085245259129197e-02 -8.208295125027107592e-03 -3.393065438661520272e-02 -1.231895938000057353e-02 -5.781074115932950674e-02 -2.758825781501599364e-02 5.558908304257680760e-02 2.802875655883044562e-02 6.984908876695503088e-02 2.953968618614216321e-02 1.121155286695148245e-02 6.331156453371658901e-03 5.700190609882404419e-02 -5.958752191179046698e-02 1.108128522836434454e-01 1.437948594838872433e-02 -4.253336731777011132e-02 2.127406753904757721e-03 -3.195756483903151868e-02 3.447645498773570238e-02 4.677147282228656666e-02 -6.038867288268570319e-03 4.928562542671043566e-03 6.213271329336789855e-02 -3.142471204382641520e-02 -4.451713058904552267e-02 7.120209800634350224e-03 5.649086645726868194e-02 1.115904024541346587e-02 1.354328039498682856e-01 2.749201528509864767e-02 1.151456495702308375e-02 -3.252177159349893543e-02 -9.758260190603924508e-03 -5.369835894079589417e-02 4.728502396440143613e-02 8.556654136802220589e-02 -7.201600175348935040e-02 -5.984304400191726991e-02 -2.332472436412265631e-03 -4.959165962865708099e-02 1.804029760932776560e-02 8.272661022240364315e-02 -6.344137845707667478e-02 7.157383919975930653e-02 3.974234164369365441e-02 5.512377923394519430e-03 1.457193172939854481e-02 -3.626308533868392858e-02 3.189051261815801369e-02 3.286571691312926893e-03 -6.183449553453385095e-02 3.099411833355328327e-02 4.094496364921050569e-02 2.442072084911730070e-02 -1.983391213625374655e-02 3.555201769194025335e-04
2.864003248823159334e-02 -5.542858662378356144e-02 1.273977866527149956e-02 1.231661194450892581e-02 -5.107963157790011005e-02 7.013227813711428449e-02 0.000000000000000000e+00 -6.101973506519248192e-02 2.355849795937235962e-03 3.816374799566567971e-02 1.001639415572640364e-02 1.020920331712589363e-01 2.369566633119810431e-02 9.204801905324663802e-02 -3.336030900053232190e-02 -8.071653438325047947e-03 1.233708762967770066e-02 4.588985664048407520e-02 9.608830631955236901e-02 2.418809552831124518e-02 3.215049362546518619e-03 2.921187814987887335e-02 -5.712979228064041237e-02 3.501166122910451955e-02 -1.867062016080222805e-02 2.137500565044420445e-02 -4.924576802038094919e-02 2.660642753821625128e-02 6.428646664505620334e-02 -1.121922607608090566e-01 9.560986097670677586e-03 -6.304304806218450664e-03 4.597211851889117934e-02 -3.662751311527242051e-03 -2.339026967238823015e-02 1.588209720483814077e-02 -2.459186053580313721e-03 -3.177990610474595162e-02 2.154639229560704680e-02 -5.337564395836026654e-02 -1.490653733165686091e-02 -4.775129379727070106e-02 2.849053381468144575e-02 -1.641425887533536077e-02 2.682237304517732374e-02 -3.432153343894746300e-02 7.238068783533257999e-02 4.669386115667156778e-02 -4.573794213769619144e-02 7.610297341455504738e-02 3.077208942414030521e-02 -3.956349027380055838e-02 6.683775227494154030e-03 -5.815900094113581748e-02 9.357942860432205689e-02 8.484089401279915760e-03 2.751477393590994608e-02 8.578784098998435206e-04 2.884171815426155722e-02 -7.300085402907990906e-02 4.943757480309107777e-02 8.908678420015509955e-03 7.877458759086089501e-02 -1.609643836874565317e-02 -7.712455982144139632e-02 -2.640494633026031074e-02 8.576731999048732569e-02 1.932223472443294829e-02
-3.840598148346675410e-03 5.380912464050206095e-04 5.527812073470182025e-02 -9.611218149555578183e-02 7.160792598092305394e-02 3.993797705340669524e-02 -6.101973506519248192e-02 0.000000000000000000e+00 1.008199311731610218e-02 -1.006070385501739439e-02 4.448029155000187557e-02 -6.910083576719845688e-02 1.846098959020783803e-02 -2.226633048321293145e-03 1.767272079297804721e-02 1.453165917992022427e-03 8.873890568932335868e-03 5.796385614918114076e-03 1.507271366842031363e-02 -4.468554672564560570e-02 8.952594228888142297e-03 -6.276076116249118542e-02 6.855678284938826472e-02 -1.369128005708450391e-02 4.923646918059634836e-02 -3.365516478085324448e-02 -8.956332588307752349e-03 8.971187557527657286e-02 -5.538558831666776962e-03 7.077389382863215339e-02 3.553139227344158380e-02 3.185104584762991908e-02 1.352197005057302094e-03 8.947638866620043208e-02 -5.022041851950500430e-02 -6.199775189339656184e-02 -1.002381826941076554e-01 -1.407515059594053805e-02 1.962828637316590616e-02 3.561957068539337717e-02 3.775300434722843324e-02 -4.573957130831877299e-02 -2.392671109046839561e-03 3.667571191674149494e-02 4.806550225819375410e-02 -9.229602466963573656e-03 -6.549818712012105137e-02 2.754316917746873344e-02 -1.031643397218275603e-02 -1.328875689956191680e-02 -3.633872536212641446e-02 -9.707418032099474764e-03 -5.899420001811130770e-02 7.445898741881553859e-03 1.060735357632193454e-02 3.654414698392591948e-02 -4.349420015184916194e-02 7.037791534565340790e-02 -9.936209212309614867e-04 -5.427594338605352953e-02 1.015556715505107517e-02 6.941810021274759379e-02 2.482813109986888381e-02 -1.856432642318821919e-03 -3.230180921462023902e-03 -1.287899056452253277e-01 3.850308169203682518e-02 -6.526917687458675191e-03
3.596848810073435820e-02 6.031164715417983158e-02 -3.181898745019969693e-02 3.281524620355238953e-02 6.382350503197367630e-02 2.458640526649811045e-02 2.355849795937235962e-03 1.008199311731610218e-02 0.000000000000000000e+00 8.335438658331596404e-03 -5.124509022676288633e-02 -1.078039431830704045e-03 -3.840800676495473298e-02 1.881819715130281581e-02 1.265319479558778097e-02 -2.722761779581975641e-02 -1.149591092911875570e-02 -1.709898403650500845e-02 3.463604153307724837e-02 2.547919902756537805e-02 8.634203115014353960e-03 3.436568695777712790e-02 -1.255932751691990956e-03 1.363402555111454216e-02 2.489874696069223001e-02 -4.585468583816482840e-02 -1.521020011982519293e-01 -1.998832719030678440e-02 -3.823574723065873565e-02 -6.904761540400265740e-02 1.814407228244835010e-02 -3.945987341751874822e-03 -5.270314741897024619e-02 -1.131449798650619940e-02 4.266136467044077257e-02 9.475677685185977805e-02 -5.912065971606202813e-02 -6.422790109460917163e-02 -3.708193573070750482e-02 -4.012984796307072360e-02 -8.204822523349091998e-03 2.787632422539393622e-03 -2.442116185054570444e-03 -9.566305823698280364e-02 2.186742110032142278e-02 4.537800059204529987e-03 6.967869965179684932e-02 5.536132328340450520e-02 -2.512928153985406407e-02 -9.292953251670891222e-04 -1.179770066184337718e-01 -3.741371291964590978e-02 1.065766701683115436e-01 -9.587346693955218005e-03 9.244739492042604659e-03 6.997471393836957043e-02 -1.912041866971947099e-02 1.007418994181153576e-02 1.047818813977012195e-02 7.679293396203640265e-02 -9.756636769124914232e-02 -2.828594853804335119e-02 6.326599307119598614e-02 -3.974593623732505972e-03 -4.602781823394372362e-02 -2.443774574780797730e-03 3.434634008888609591e-02 -6.478204907718326799e-02
4.189577230144765109e-03 -5.221575762092593720e-02 -4.975763453419750071e-02 5.779657078684564270e-02 -1.694883518088925603e-03 4.215794296405461772e-02 3.816374799566567971e-02 -1.006070385501739439e-02 8.335438658331596404e-03 0.000000000000000000e+00 5.201979032970941580e-02 1.687194449156440706e-02 -4.126033233848827586e-02 5.503919953214682359e-02 8.011175255157635192e-03 -2.444374191126164747e-02 -6.003223256937667562e-02 -5.952662753821306649e-03 7.685459738805408732e-03 3.112020070402357966e-02 8.929475927805903546e-02 -7.391169792661510252e-02 -5.629806025650890139e-02 8.420380565628989011e-02 -3.401412401725253899e-04 -5.911666673355814305e-02 8.886288855062075831e-03 3.637463679965891733e-02 -2.926118116820497841e-02 -2.192357236070805598e-02 -8.238898259460423340e-03 -2.200187059592033714e-02 -2.953594260748348271e-02 1.011640577705407579e-02 6.581831727717589453e-02 -3.593034589266814322e-02 2.230552493600051686e-02 -3.468488657800096464e-02 -6.114670446727816372e-02 -4.145707073175781965e-02 4.966401002821097151e-03 -9.727870804476058952e-02 -1.285909708281346708e-01 3.770015548467715860e-02 -2.345593078115923436e-02 3.743092827606582518e-02 -2.048518161307152918e-02 -4.491334933365124377e-02 -7.359654938736540086e-02 -1.355173076318602968e-02 -4.280481711076698781e-02 -5.553922826574906463e-02 5.223897984213159845e-02 -4.993634110645329277e-02 -2.303214481313061585e-02 -2.935590952252440863e-02 -3.531727156700540521e-02 1.015076286633819110e-02 2.149027783034288680e-02 1.310353887658736137e-02 -3.583000938867658691e-02 3.555699950991235685e-03 -8.283965986401729820e-02 -4.120455505172049282e-02 4.002595949558794552e-02 -2.452612767224449444e-02 -5.265885057297397392e-02 -2.722996381552408862e-02
-3.318968352369143504e-02 -4.065050053449104778e-02 -1.075259680821878325e-02 2.558858238534644086e-03 1.181568880808213937e-03 1.963927866160527363e-02 1.001639415572640364e-02 4.448029155000187557e-02 -5.124509022676288633e-02 5.201979032970941580e-02 0.000000000000000000e+00 2.572042595137600737e-02 -4.509293097221066249e-02 5.302976473759480475e-02 1.519394204658208215e-02 9.152112568239513524e-02 -9.862284382380674674e-02 1.575229712964739195e-02 9.640095486758358534e-02 6.310988904840769687e-02 -1.005029656432484680e-01 -1.102812002488982174e-02 7.838564862458584359e-02 -1.367146561668087894e-02 3.690769361636616480e-02 7.095440686827232668e-02 -4.414506322544506367e-02 -3.705120559174685402e-03 6.242135093324993611e-02 -1.614139087419346960e-02 -9.812090533745887466e-02 2.273347764970705398e-02 2.347013812633742466e-02 9.386054224633852416e-02 2.454568408357018020e-02 -6.764057804388773354e-02 2.651596380256011996e-03 1.199923400327309632e-02 -2.030656576975325978e-02 2.454932161306987506e-02 -5.073199839065582056e-02 5.894082634159251988e-02 3.532972408152972726e-02 5.678286011998248672e-02 -3.974127438302457738e-02 -4.158189075447962790e-02 5.745176851723041156e-02 1.290018000380120655e-02 -6.027815318105358977e-02 4.001308929020453570e-02 4.942517446052406387e-03 -1.994510202209415911e-02 -4.775251310170802732e-02 6.370769613621769800e-02 -9.702603853684361665e-03 -2.981128240014473477e-02 -3.313213379134261061e-02 -8.747678080760632607e-03 -5.408351029700957796e-02 1.802028580314174802e-02 -1.835156919032501777e-02 -4.534110308439363163e-02 1.709569219190031986e-03 4.163245314769376676e-02 -1.662941852778736934e-02 3.956984718195302730e-02 -8.815835753306264233e-02 -5.311354546338099836e-02
4.726061964139940952e-02 1.630191810204580961e-03 2.510265613925006037e-02 -3.744256441348675635e-02 -5.689104946387951722e-02 7.088085245259129197e-02 1.020920331712589363e-01 -6.910083576719845688e-02 -1.078039431830704045e-03 1.687194449156440706e-02 2.572042595137600737e-02 0.000000000000000000e+00 1.090512701369759918e-02 3.302722763237300740e-02 -1.265411048364104875e-02 -3.493691521508836967e-02 -4.003206378250616371e-02 2.036388631098853125e-02 5.877596696425254480e-02 -3.806133251652516619e-02 -1.975175093240334745e-02 -6.624441747159323657e-02 3.454239901102124782e-02 2.917251105503067959e-02 -5.220345320437158837e-05 -2.373650758769142374e-02 1.536226051458708733e-02 -4.280561136521054272e-02 6.609879271270042989e-02 -1.650724318385033557e-02 -6.354284625815891097e-02 6.051249031488550173e-02 -6.875232739021922002e-02 -4.451783622126289676e-03 6.733240521573467807e-02 -6.379482306553524440e-02 -5.063214599266770838e-02 -1.680729867750577894e-02 2.617791940597441816e-02 -9.450610622962803131e-02 2.928356198681370676e-02 -3.810709721877981321e-02 -4.392031252669045815e-02 -3.702259409498460160e-03 8.753589775693663977e-02 8.381614236340211022e-02 2.069031619862941873e-02 -6.617930485884908343e-02 4.001181902137534302e-02 2.141231837941094673e-02 -8.495963255330246655e-02 4.778579306923464755e-03 4.222349693732874859e-02 7.372673986759967213e-02 -1.367643196131473372e-02 2.090162182472327448e-02 -1.059017593680930125e-01 -1.945356008623862903e-02 -1.285147299571945574e-02 -2.599769608616048569e-02 2.962881738755767172e-02 -5.723420303584880742e-02 4.270636496239379326e-02 5.814663718657769008e-03 -4.220013833691367566e-02 -1.173284944406405295e-02 -8.175136193916400507e-02 9.800677403198471138e-02
2.107877105601551997e-03 8.445786791324175202e-02 -2.812378844048479473e-02 3.938149748895802132e-02 -8.712195436625712330e-02 -8.208295125027107592e-03 2.369566633119810431e-02 1.846098959020783803e-02 -3.840800676495473298e-02 -4.126033233848827586e-02 -4.509293097221066249e-02 1.090512701369759918e-02 0.000000000000000000e+00 -3.353434593843019479e-02 3.093825984398033621e-02 6.526424006082102991e-02 -5.075543682726583322e-02 -6.070859638063562380e-02 -1.870294775266763757e-02 -1.190296525760280305e-01 -4.330673707790990562e-02 4.235008564332200243e-02 2.345791494849056719e-02 -3.244057106252796769e-03 -3.968050820779077392e-02 3.673579466000854998e-02 -5.049460796335740465e-02 -1.611845972614094763e-02 -8.502495886155217453e-03 2.864839338395398088e-02 2.384780986576031866e-02 -3.505576975352496516e-02 -2.585923754824128590e-02 3.468481895769711266e-03 2.268770127067056778e-03 2.860331820639622560e-02 1.337825072532627946e-01 9.636482899638540434e-02 -4.310897341160865176e-02 -4.050566819707867444e-02 -6.521959434482922646e-03 -2.552753702788802814e-02 -7.189259837586847723e-02 -4.518863027967891938e-02 -1.503321096609417651e-01 -2.118597176527542425e-02 -5.591039643859987800e-03 -1.145145207164784823e-02 -2.847946126353344959e-02 -1.261349816940860458e-01 -2.893748633531137773e-02 1.669651819861132577e-02 -8.443563645322157973e-03 -6.903658915035204569e-02 -3.088659700192706095e-02 5.770535231997411980e-03 1.171335357319644790e-02 2.974208830892917377e-02 -1.122915567245560547e-01 -4.667448319783229493e-02 6.257222774883536287e-02 6.432064707264692482e-02 -2.482473847785682600e-02 8.367376704775421337e-03 -5.110695635628009076e-02 -4.442061884535106892e-02 2.299214296947462918e-02 4.190583934481318523e-02
-1.019953975339286251e-02 -7.569597550104655015e-02 -6.903560293368536487e-03 1.536510831409799126e-02 -7.747041160820665679e-04 -3.393065438661520272e-02 9.204801905324663802e-02 -2.226633048321293145e-03 1.881819715130281581e-02 5.503919953214682359e-02 5.302976473759480475e-02 3.302722763237300740e-02 -3.353434593843019479e-02 0.000000000000000000e+00 3.361683385174041999e-02 2.025704952570722348e-02 4.177351958333716531e-02 2.459365299137724475e-02 6.894717472334999098e-02 4.952201051683190539e-03 3.436555677803805608e-02 1.563392114817595269e-02 -3.645426307061669369e-02 1.307726673099344431e-03 1.301415785869297105e-02 8.917354777008877978e-03 -3.401488872463635793e-02 -1.352630823361658172e-02 6.193146479107834723e-02 5.209888421305978144e-03 -5.876014290918069732e-03 -3.570880869403974395e-02 2.696318689289932402e-02 9.046420249479924028e-03 2.724948675291707922e-02 -4.415779209514592712e-02 -3.689695894591219633e-02 3.110905976825049241e-02 1.794449742890111971e-02 -2.697771333386655632e-02 -6.011045374229705140e-02 -3.042229775500721739e-02 -2.903798257065336522e-02 2.620052481950838064e-02 8.653813128737203320e-02 2.792520483460735406e-02 1.606727814240346483e-02 -1.099166225005891312e-01 5.650167738699001657e-02 1.239067415313257689e-02 2.863747281842038070e-02 -8.312484376015368557e-04 -1.339862735098036779e-02 -8.287001775492516820e-02 -5.139857558338177188e-03 4.590143070782366080e-02 -3.002049290017863928e-02 3.691050455480740511e-02 -6.308510068719472286e-02 -9.637452369880623870e-03 -3.994559334268924650e-02 -4.489384330723605182e-02 7.289255770054847705e-02 -1.160437275160130788e-01 -1.481179226008503581e-02 -2.252376606413747720e-02 -5.848285601266241251e-02 -6.523210030130402459e-02
-4.988381829572870532e-03 -3.123734472166749682e-02 -3.037955191087857165e-02 -1.266328232343930972e-02 -5.663719937194934551e-02 -1.231895938000057353e-02 -3.336030900053232190e-02 1.767272079297804721e-02 1.265319479558778097e-02 8.011175255157635192e-03 1.519394204658208215e-02 -1.265411048364104875e-02 3.093825984398033621e-02 3.361683385174041999e-02 0.000000000000000000e+00 -2.698439898077781979e-02 -1.975433968286353925e-02 -6.877609518942701117e-02 -3.419555611904306208e-02 -2.993228439279841877e-02 7.142093172017675851e-02 3.929489674884143607e-02 -6.227308486340502741e-02 8.871226948187006800e-02 3.392398223484310860e-02 3.281915483897085428e-02 -6.887985018740191978e-02 -5.299973200698997883e-02 5.001855095742883950e-02 1.606125157516088281e-02 2.413112244129686501e-02 -8.382099420787775257e-02 2.937090080023633393e-02 5.255780221011293468e-02 6.840472454404544767e-02 -2.047021571409062685e-02 -1.124225232346547781e-02 2.313424393725699735e-03 -8.427245050180121044e-02 -3.702090283109956553e-02 -2.356963502265928267e-02 -4.489071513857995771e-02 -4.749781734033080294e-02 -5.367502105333665785e-02 -5.749243610383887593e-02 4.328215392479653478e-02 7.448582761146207293e-03 5.603793195949559325e-02 9.701293584406968720e-03 1.868435735474530471e-02 3.232981813688053790e-02 2.014107543782359816e-02 1.794312737956230489e-02 9.289685361533579766e-03 4.486586758338255432e-02 -1.793223444831753416e-02 4.388755723696078498e-02 -2.715070441787701891e-02 6.946111481144814567e-03 3.462306022211263795e-02 -8.812449529333943321e-02 -7.679601919241708929e-02 -8.833344338317838940e-02 6.871506892298914759e-02 -4.007925009896372293e-02 -1.298118034874608077e-02 -6.892186784550019540e-02 -7.145757963262074075e-02
-7.010697058118789404e-02 6.021955980358864244e-03 -6.109841131625868421e-02 -4.478257507991473957e-02 -4.174998592068863978e-02 -5.781074115932950674e-02 -8.071653438325047947e-03 1.453165917992022427e-03 -2.722761779581975641e-02 -2.444374191126164747e-02 9.152112568239513524e-02 -3.493691521508836967e-02 6.526424006082102991e-02 2.025704952570722348e-02 -2.698439898077781979e-02 0.000000000000000000e+00 2.047852344438164107e-02 -2.258596918811332094e-02 -7.176072250704081112e-02 -8.543999896467155755e-03 1.105580754224380208e-01 -2.253529336588232235e-02 5.299356372322499426e-02 -8.904827149529779759e-03 -6.008148891367235539e-02 3.722673433348439032e-02 4.724728834472669697e-02 1.073184492487127585e-02 5.321087632112319471e-02 1.743618605123259391e-02 -7.585260579105874978e-02 1.151980804712324086e-01 2.381247312847607073e-02 3.586791058957679301e-02 -3.395998020925611836e-03 -2.192606334919578251e-02 2.416894448073933499e-02 6.867261655881179427e-02 9.826514592082323876e-03 -1.136432185932526179e-01 1.022932361729071149e-01 7.789775183952013515e-02 2.422136265227316579e-02 -3.193133053895381990e-02 -1.439764496886339062e-01 -3.256803351302160060e-02 -2.197026688165499078e-02 1.674818816895281420e-02 -5.621643673984150213e-02 -2.366957373982721963e-02 3.584623050219968438e-02 5.535069417682506737e-02 -1.042797981369100319e-01 3.388656897519534694e-02 -3.219339921218691836e-02 2.642319495799408738e-02 1.390947433187288487e-02 2.206959975458842871e-02 -1.368793647881416317e-02 3.200791586875079142e-02 4.289393514599228185e-02 -7.312021779058180092e-03 -4.915901697080519300e-02 -3.591706609902721448e-02 -5.700801816997696364e-02 8.881027091284271480e-02 -3.276403767679576806e-02 -2.400246853990937318e-02
4.089120945120632705e-02 7.663868325412653837e-02 -3.839808135401679562e-02 -4.549259684012409155e-02 7.192058390499585230e-02 -2.758825781501599364e-02 1.233708762967770066e-02 8.873890568932335868e-03 -1.149591092911875570e-02 -6.003223256937667562e-02 -9.862284382380674674e-02 -4.003206378250616371e-02 -5.075543682726583322e-02 4.177351958333716531e-02 -1.975433968286353925e-02 2.047852344438164107e-02 0.000000000000000000e+00 2.327608048463097878e-02 8.539030806399096341e-03 3.457845710793224815e-03 3.022599663162765793e-02 -4.457427258187865102e-03 -5.933447278217353349e-02 3.376788796240504098e-02 7.020695033855975375e-02 -3.904895395895785579e-03 2.602083407896755782e-02 2.726548838785957871e-02 3.839596687055409768e-03 3.784898205473174321e-02 7.519230926627498701e-02 -2.290964393346290370e-03 4.113384344248792457e-02 -4.890549908943689524e-03 9.114843952873988298e-02 -1.692158412928965357e-03 -4.417939428640877547e-02 -5.556733302686280018e-02 -5.616854918218851245e-02 -1.862818339203042503e-02 4.218470586232837133e-02 4.435788880771287385e-02 7.039489878592719574e-02 -3.068709845523800300e-02 9.524704358930760617e-02 4.283241436352049243e-03 -7.114688017203885974e-03 1.123736799968767970e-02 5.658938826994137222e-02 -5.657477457186423780e-02 -7.387885882587358344e-02 -3.315021768381005551e-03 -3.160967069172856275e-02 1.743980377528635750e-03 -5.032872199096584398e-02 -4.765422039455512876e-02 3.570691446022224158e-02 5.549826985967958731e-02 -2.155794590804236896e-02 -9.228576081742435877e-02 2.596747594714499379e-03 7.995344208274601794e-02 1.255527904558621961e-02 -4.130191955063839543e-02 1.243270288937693095e-03 -1.106722023748569865e-02 -1.717667480206962194e-02 1.551883028173275557e-03
4.427090096657745194e-02 5.806615521775057576e-02 -2.946148602993098331e-02 1.652109888119935796e-02 -1.780341770960633743e-02 5.558908304257680760e-02 4.588985664048407520e-02 5.796385614918114076e-03 -1.709898403650500845e-02 -5.952662753821306649e-03 1.575229712964739195e-02 2.036388631098853125e-02 -6.070859638063562380e-02 2.459365299137724475e-02 -6.877609518942701117e-02 -2.258596918811332094e-02 2.327608048463097878e-02 0.000000000000000000e+00 -4.847527194754155944e-02 -1.270273698586788236e-01 7.113554460619109232e-02 8.198478762272929385e-04 4.765400183483345375e-02 -3.435502102227021987e-02 -5.936983890630328359e-02 1.801156451161246841e-02 -6.883986968785558991e-02 2.883772455401056867e-02 4.193137762036275307e-02 5.891235442197005623e-02 2.076252457226636372e-02 6.276228658029560370e-02 -2.036589817630044333e-02 7.540774667976084256e-02 -1.123519207743093121e-02 5.482364884466254390e-02 9.026690446334287646e-03 1.061808267456495911e-04 1.073668294256099193e-02 4.023729679629645117e-02 -1.453144625991192526e-02 -2.189135222646171938e-03 3.556982531364866890e-02 -1.149449591711805552e-02 5.600511270357094729e-02 2.731291341501244571e-02 5.891977916347036076e-02 -8.261098776111594488e-02 1.831529120544611589e-02 -4.234627409290362549e-02 2.906279665401459433e-02 -4.418623809677375835e-02 7.591969403903281455e-02 3.585233701377409793e-02 1.786056588509513446e-02 9.512128401227244734e-02 2.711608220253470744e-02 -1.712704987756255223e-02 -6.986735094124205819e-03 -1.617535201622779736e-02 3.413346751785820837e-02 -3.348418418270202729e-02 -3.828420653269898333e-02 -2.717740796481068338e-02 7.359759822139015639e-02 6.091068457106166290e-02 3.238712983726613204e-02 6.465904536660670165e-02
-3.690480657217871940e-02 -3.088565993287316260e-03 3.042589937752459076e-02 -2.091079790132037083e-02 4.773817241668619482e-02 2.802875655883044562e-02 9.608830631955236901e-02 1.507271366842031363e-02 3.463604153307724837e-02 7.685459738805408732e-03 9.640095486758358534e-02 5.877596696425254480e-02 -1.870294775266763757e-02 6.894717472334999098e-02 -3.419555611904306208e-02 -7.176072250704081112e-02 8.539030806399096341e-03 -4.847527194754155944e-02 0.000000000000000000e+00 -3.636951744558167970e-02 1.989593356710935099e-03 5.289992980708971802e-03 -4.179337670567111196e-02 -4.010334598073483914e-02 1.513846226729094122e-02 4.479912677647936159e-02 -9.995992575093978066e-03 -2.264704842371185675e-02 1.273524733382091004e-02 3.343694335740710066e-02 7.004976412097596063e-03 -7.197903764480433064e-02 -4.054474496485954010e-02 -4.201382498578743602e-02 -8.773104195316379708e-03 -1.016163294508639486e-02 -2.177524993514868765e-02 4.990289344331437678e-03 -7.025350530550485140e-02 3.638936983820565546e-02 1.020295789117475760e-02 -3.124126870584312612e-02 1.292364036677009012e-02 1.083695278804298057e-01 4.903965569774672295e-02 8.729388129567347554e-02 3.798734844894897933e-02 -2.034462796278104120e-04 -4.474194970412393585e-02 -4.567818931797647253e-03 -2.646971837814176415e-02 -3.320380099498385779e-02 1.498184632744487509e-03 1.798908062155685564e-02 6.467061222912111329e-02 1.999165473369154608e-02 -1.779007157049720678e-01 -9.267290757329708917e-02 4.263684145290243949e-02 -6.280051555343835190e-02 -1.750892254217121732e-03 -3.198494731044670275e-02 5.433581057497847283e-02 1.276962390263523123e-02 5.721017378659997571e-02 2.967831644012778464e-02 -4.536399252314833597e-02 1.666250819540562866e-02
6.147632617465474680e-02 2.102495726939558607e-02 4.716826093129688341e-03 -4.690516245878877111e-02 1.315121443203842591e-03 6.984908876695503088e-02 2.418809552831124518e-02 -4.468554672564560570e-02 2.547919902756537805e-02 3.112020070402357966e-02 6.310988904840769687e-02 -3.806133251652516619e-02 -1.190296525760280305e-01 4.952201051683190539e-03 -2.993228439279841877e-02 -8.543999896467155755e-03 3.457845710793224815e-03 -1.270273698586788236e-01 -3.636951744558167970e-02 0.000000000000000000e+00 -1.809622715486693470e-02 -5.981359459568776765e-02 -2.453187947548701384e-02 -2.402764382132028045e-02 2.352293855737455988e-02 -1.147954146261110676e-02 8.579560559833410149e-02 5.234323617582336413e-02 -7.298045314343223899e-02 -4.251677273217073678e-03 1.669701868463251235e-04 2.049418854112222341e-02 1.738776091818966746e-03 -1.057831184633883231e-02 5.799561301443163785e-02 2.223307493448458891e-02 -7.311716477682989046e-02 -4.533657289381141930e-02 1.236798941263723278e-02 -1.494137171190501774e-02 4.450462046597452453e-02 -4.705975657396896383e-02 1.498523285473397221e-02 1.674511389888663770e-02 1.370528402612445143e-02 -4.099104829743815265e-02 3.507143538537150357e-02 -5.095537199224979552e-02 3.094808777744767481e-02 4.045004381260614013e-02 5.611668170845913149e-03 -4.002419857260107461e-02 4.126139912534933923e-02 -4.227813972255606983e-02 2.644570226132480703e-02 -5.841240369720647474e-02 8.536612567707420329e-02 2.283552000128091786e-02 -7.577214691218892018e-02 6.470517133598865933e-02 6.786250723616538139e-02 -8.186348024512248023e-02 -2.336560997545279132e-03 3.069903688098557428e-03 2.925616496073202982e-02 5.096580504132823541e-02 4.416424726076085411e-02 -1.418092253190075293e-02
3.046944413768058746e-02 9.683026353280579923e-02 2.322426837604618308e-02 -6.195602282355668067e-02 -9.694536692737294736e-02 2.953968618614216321e-02 3.215049362546518619e-03 8.952594228888142297e-03 8.634203115014353960e-03 8.929475927805903546e-02 -1.005029656432484680e-01 -1.975175093240334745e-02 -4.330673707790990562e-02 3.436555677803805608e-02 7.142093172017675851e-02 1.105580754224380208e-01 3.022599663162765793e-02 7.113554460619109232e-02 1.989593356710935099e-03 -1.809622715486693470e-02 0.000000000000000000e+00 7.728444175480486678e-02 6.155295766289951148e-02 5.498102026839055134e-02 -4.442590870068582193e-02 2.162790388365100434e-03 5.828656180563642625e-02 7.928434225127430415e-03 -3.559763254541815913e-02 5.796826464214207414e-02 -1.480914076931893510e-02 7.096962081875277106e-02 2.729749132206777534e-02 -3.545298585654736018e-02 -9.576980724630347608e-03 1.538997933217760728e-03 5.329616383391257844e-02 -3.292068339401221788e-02 5.271213989408096538e-03 1.671681141718517685e-02 7.196297522581017458e-02 -9.655271051521981118e-03 -9.329038386129767657e-02 7.759749927356709466e-03 4.255505164281831593e-02 1.354938819526959074e-03 -2.859941150089368583e-02 2.800214942554888134e-02 1.547584322407032835e-04 -6.241038695867394924e-03 -1.469313763826044124e-02 -2.171585106785886565e-02 -5.285024260230564846e-02 -7.091618963873140211e-03 -8.925271466751316662e-03 2.937137735352715606e-02 7.573201343064793478e-02 -3.476459995146270743e-02 2.606944456051761214e-02 3.360948497816621666e-02 5.366300451551245243e-03 -3.199355467604099446e-02 -1.018454847048298403e-02 -3.771294177970287848e-02 -2.372035321642855174e-02 -6.156451288642147968e-02 2.271891509063206360e-02 2.704637985478684521e-03
1.755993166917714857e-02 4.594681551364413613e-02 -6.587325803206871278e-02 -1.677285440179500375e-02 1.136209223041753785e-01 1.121155286695148245e-02 2.921187814987887335e-02 -6.276076116249118542e-02 3.436568695777712790e-02 -7.391169792661510252e-02 -1.102812002488982174e-02 -6.624441747159323657e-02 4.235008564332200243e-02 1.563392114817595269e-02 3.929489674884143607e-02 -2.253529336588232235e-02 -4.457427258187865102e-03 8.198478762272929385e-04 5.289992980708971802e-03 -5.981359459568776765e-02 7.728444175480486678e-02 0.000000000000000000e+00 4.058027853170362124e-03 7.951183922479700822e-03 3.679336351927611770e-02 5.743428755453133111e-02 -7.336438656863779328e-02 -2.257450695255942830e-02 8.963416067729024217e-02 -8.347899299712042975e-02 -1.242581267020069664e-02 -1.185862893173745755e-02 6.004803806444599518e-02 5.463485079625465118e-02 3.114844477723231926e-03 3.489213828023678132e-02 -2.573808584804109997e-02 8.284746788406313275e-03 -7.038157163445833871e-03 -2.132643374744431705e-02 -8.925504201934504611e-02 -2.009530298735221626e-02 -3.281143017158759390e-02 2.510623354854542646e-02 4.469704134395861318e-03 -3.393000189680692863e-02 -2.063626777320372654e-02 8.546073161826023279e-02 -3.779155121832329352e-04 3.400915753184530210e-02 5.249134730291175888e-02 -5.570114905040413761e-02 -5.079380678342559907e-02 -3.216363096333046002e-03 5.524760640870286788e-02 5.420376761965804875e-03 -3.910301941014312360e-02 -5.431152514000850418e-02 -6.003848001795353967e-02 -2.827880041620924219e-03 -2.949433936904403628e-02 -2.527104019964199894e-02 1.098470185306220891e-02 -1.856311981972470770e-02 4.070811460195317838e-02 -1.605758703932510037e-02 3.915104894146325537e-02 7.708993073453138112e-02
3.059986432473133650e-02 -3.272684936337958220e-03 3.459699515983607337e-02 1.379511883613185590e-03 -9.036732149762725236e-03 6.331156453371658901e-03 -5.712979228064041237e-02 6.855678284938826472e-02 -1.255932751691990956e-03 -5.629806025650890139e-02 7.838564862458584359e-02 3.454239901102124782e-02 2.345791494849056719e-02 -3.645426307061669369e-02 -6.227308486340502741e-02 5.299356372322499426e-02 -5.933447278217353349e-02 4.765400183483345375e-02 -4.179337670567111196e-02 -2.453187947548701384e-02 6.155295766289951148e-02 4.058027853170362124e-03 0.000000000000000000e+00 -2.495223316479841871e-02 -2.521009152744473764e-02 2.022732134306889223e-02 7.340560291674588789e-02 -5.825563668925605627e-03 1.653664194085808364e-02 3.469191056919484345e-02 -5.550548509493007099e-02 1.127114907092588263e-02 1.957155462200277970e-03 -7.539321662037733185e-02 -4.616180097279864308e-02 -6.917957898192486632e-02 6.426707369499195383e-03 2.543717362414276567e-03 2.994761995223123655e-02 6.259914367495508780e-02 5.613665562392177594e-02 2.454820635595288819e-02 4.763285004304169956e-02 2.132914443277370009e-02 -3.329639492291480273e-03 2.913974178000731940e-02 6.207902276588051632e-02 2.418783426879345458e-02 -8.676931862786554581e-03 1.793499198113158305e-02 7.497509125550146092e-02 4.196725197150778797e-02 1.211138747368817464e-01 2.179863175452470894e-02 3.436434943107560119e-02 8.705624680042578500e-02 4.138816009587942268e-02 -1.950616528774240174e-02 -6.806012449734529304e-03 1.462085861260271208e-02 5.185632387940981164e-02 3.813556247339531385e-02 2.432090793056209885e-02 -2.324007274586806573e-02 -7.743043481328482081e-02 -5.448525724543382132e-02 4.071658401682928113e-02 2.804128974109193137e-02
