0.000000000000000000e+00 3.174803255193206497e-02 -3.504384507645709468e-03 -1.779526010728418178e-02 -1.113328934466016086e-02 3.591380479903240330e-02 2.938283326688528874e-02 -3.705868146881497165e-03 3.598076159435611987e-02 4.345008310384021466e-03 -3.304663979913987498e-02 4.746359106896707453e-02 2.025999723173033291e-03 -7.383317514190829156e-03 -4.855120694537642771e-03 -6.988797399441745717e-02 4.091323728379833713e-02 4.436523581936687582e-02 -3.672400631812634125e-02 6.145045117471797935e-02 3.045293161660290668e-02 1.767443313150569850e-02 3.071029351927308942e-02 6.625472194079252974e-02 2.121945777041331707e-02 -4.121278366064035775e-03 -2.477862535068756089e-02 -2.379059810080428813e-02 2.652518755611716142e-02 -2.236465334688416198e-02 -5.863589980465278712e-02 -1.129908821586936979e-02 -6.165985678917901974e-02 -3.232828915945226700e-02 -3.360635619029223725e-02 2.949384885277089169e-02 3.745086827649030808e-02 2.591678051671517102e-02 -3.382574437128231526e-02 1.517349352199419930e-02 5.110062955849346139e-02 -6.493299249276724382e-03 5.397380241156385892e-03 2.512737532225215245e-02 5.441478247061693613e-02 -6.587111490826694227e-02 1.009595065991975536e-02 2.860532464765975710e-02 -4.511628616510540007e-02 5.860665020234320788e-02 3.103129998236224193e-02 -8.988107103986069102e-02 1.497308721242063441e-02 1.361150662316833702e-02 -8.513382866196045340e-02 -8.130312174644806211e-02 4.884242681843373873e-02 -3.165635972215245786e-02 4.577775248748182368e-02 -2.808062557234101281e-02 -4.145594881023546147e-02 -2.596960332672445040e-02 9.405722165576647920e-04 -1.852597505538955414e-02 6.514995299914733140e-02 3.444083424885501909e-03 -1.997864615231362620e-02 1.080815571368862540e-02
3.174803255193206497e-02 0.000000000000000000e+00 -1.044116568742048112e-01 -8.242934262198078899e-02 4.069767708099304715e-02 -4.857644002349063850e-02 -5.581242744142809326e-02 1.943081299381938009e-04 6.059223554621993857e-02 -5.252309928887301249e-02 -4.056608607180361287e-02 1.535476541109769650e-03 8.477956697926944396e-02 -7.571967245293766136e-02 -3.113319964634053000e-02 6.105344461697350018e-03 7.661299663563332640e-02 5.791795335909256243e-02 -2.999019682413197902e-03 2.091885912552339868e-02 9.685755765372459913e-02 4.806404563787673723e-02 -2.802497985882815637e-03 -8.587705885371095180e-03 2.649267994758107772e-02 2.545000843669524906e-02 7.283062955704695807e-03 -3.475803063359886313e-02 -4.535648866775723181e-02 6.499105726964285457e-02 -3.203408443688991834e-03 4.685119076882317268e-02 -2.727660983409498432e-02 1.650110320796840946e-02 -3.994551359703697735e-02 2.224728771418491013e-02 2.409262556748896500e-02 -3.035858718865627748e-02 -6.098655978772529046e-02 6.836729317702838586e-03 -8.864104102454481438e-02 4.329322798802388850e-02 2.630881120453533104e-02 2.378689133123417995e-02 -2.567489240119311122e-02 5.147648073051795843e-03 -1.569095146523213913e-02 -4.112453478396527196e-02 -4.352880057318778834e-02 -3.511434965955060467e-02 4.349519961251852029e-02 2.977478731353357805e-02 -2.610903182172634538e-03 2.714252477476708850e-02 3.319856524871556830e-02 -5.641537701761829837e-02 5.119645448572895247e-02 -8.349680638353110251e-02 -8.771170899284128075e-02 -5.263014248742302337e-02 -5.781070376886694728e-03 -2.287234159527671770e-02 -3.128344197420906275e-02 -1.205810046516899714e-01 -3.853184217402234879e-02 -9.753128956319863374e-03 3.886040183326011643e-02 1.246850191855319034e-01
-3.504384507645709468e-03 -1.044116568742048112e-01 0.000000000000000000e+00 -9.203896081594642106e-03 -7.683866096707663018e-02 1.289256366066233173e-01 1.338445125407456207e-02 5.609242433676236983e-02 -3.246203613862473636e-02 -4.986024266954396100e-02 -1.055945007033219120e-02 2.522768723859799070e-02 -2.801771627045234955e-02 -6.840422688770130856e-03 -3.083857910546015935e-02 -6.011926615281922709e-02 -3.559000554505521025e-02 -2.925421352188299629e-02 3.036206344266654394e-02 4.885696677667828239e-03 2.492279264932195648e-02 -6.595797121061086621e-02 4.366010061007424142e-02 -2.444649943718390020e-02 1.854855091346985186e-03 2.132926971579620842e-02 9.585184567275573109e-02 -1.477904202644464079e-02 -1.032759432615369677e-02 -2.211303791637716371e-02 8.783253736659518696e-02 -6.685373402628613793e-02 7.643059631792184505e-02 -3.968359793133376980e-03 -3.630545051691161547e-03 -8.070640996746789031e-02 1.254368785702444401e-02 -2.445628199130305686e-02 5.938784696799675328e-02 7.285069641353676684e-02 2.507014289404687485e-02 -8.238715908569667346e-02 8.621823176598472638e-02 1.731880282489844242e-02 -2.389637306618136101e-02 -5.616814965811905980e-02 -2.360758395295921297e-02 -4.327727304472691466e-02 -4.289571107037799813e-02 4.443811780564389802e-02 9.227206636476246657e-03 5.309848470979003365e-02 -4.369731134829309832e-02 1.597487955979585289e-02 2.024108921362773386e-02 1.553144763243378447e-02 -3.821450475309997631e-03 1.554705551372132649e-02 -5.030493618568018799e-02 1.976973993664667834e-02 3.420402402384414148e-02 4.687920787957856189e-02 2.196803533722210735e-03 -9.981014348269178979e-03 2.669765564615739564e-02 -8.772639051358790963e-03 -4.505920215928722883e-02 -5.990277567943341069e-02
-1.779526010728418178e-02 -8.242934262198078899e-02 -9.203896081594642106e-03 0.000000000000000000e+00 7.972955290236382123e-03 9.383072161876876384e-04 1.274923200263609196e-02 -9.596156262778275658e-02 3.293265326558877937e-02 5.848207553150514687e-02 2.643683431500798604e-03 -3.704560755935233651e-02 3.919597021900767669e-02 1.515381219496226770e-02 -1.261136235048808570e-02 -4.478235940641164120e-02 -4.565799646866310763e-02 1.641050632963424530e-02 -2.100034606104024537e-02 -4.491740133104454163e-02 -6.177832060769637007e-02 -1.701175422668489354e-02 8.085607736927038136e-04 -2.093274492468569573e-02 -5.109805040110904084e-02 2.608145763044771720e-02 -6.112209197197354671e-02 3.605530533214838101e-02 -4.954073147275254302e-02 2.105775453484002441e-02 6.346351095140150000e-02 -1.129858882638519468e-02 -2.258035088757388495e-02 -2.950479567086876365e-02 -9.157471528894418900e-02 -4.732238452566363274e-02 3.638476197831942704e-02 4.741949953184425998e-02 -2.145136887015021421e-02 1.463923100739578445e-02 -7.243495174699192407e-02 3.198313021752858393e-02 -1.113198057558798665e-01 3.951240079965522012e-02 -5.510464029344853965e-02 -3.541544819465165805e-02 -6.392969687371419414e-03 -8.791474933532214542e-02 -4.746663938382164605e-02 4.788106392099120145e-02 -4.798905921111907419e-02 8.514827711129455134e-02 -1.386781471763545194e-02 -3.372531403636872677e-02 2.845617573908392969e-02 3.516464072491877479e-02 3.018084020869594986e-02 3.289102100241177856e-02 6.636792908736580121e-02 -2.396528598674322816e-02 1.418899280697658548e-02 1.380689485717426397e-02 -4.129134767813618691e-03 -9.841172037754290780e-02 -9.580226046230131548e-03 7.737294161084048993e-02 -6.238647810410612865e-02 -3.777666898353643915e-02
-1.113328934466016086e-02 4.069767708099304715e-02 -7.683866096707663018e-02 7.972955290236382123e-03 0.000000000000000000e+00 -2.187788331605352438e-02 -5.110690970137497791e-02 7.159814788978513533e-02 6.442923944876220721e-02 -1.725252724236862141e-03 1.249966975646292413e-03 -5.676174239625649681e-02 -8.682111286978407005e-02 -5.962032090126912799e-04 -5.443501663100349525e-02 -4.182077909260015214e-02 7.197212246502840416e-02 -1.779745031465686592e-02 4.780333794716981610e-02 1.266294115601147201e-03 -9.688644386301258071e-02 1.137129186943523912e-01 -9.920196052267420475e-03 -2.457120043857229184e-03 2.515084894636623360e-03 -4.375230091886061178e-03 5.442568421535955159e-02 -1.731803641691571916e-02 5.372808895937578044e-02 -2.635666526779456044e-03 2.792421756869670202e-02 1.150537546471341876e-01 8.596512534719262522e-03 8.508858248981003569e-02 5.804264695933205459e-02 1.886930086638427886e-02 -1.006713885116038293e-01 3.538514447777111466e-02 -8.161534928160265462e-03 -7.792549354707156706e-02 -4.360652618740692293e-02 7.403659486465923685e-04 1.379097994206486891e-02 4.863499088547319077e-02 -1.648376709035545562e-02 1.752589950348862335e-02 8.654570896306869321e-03 -6.109754543632533313e-03 7.324255656558303906e-02 2.202834952605436936e-02 -3.538195059552249472e-02 -3.113130828230881511e-02 -4.465686063553004487e-02 1.589091733943389512e-02 1.571201141131969847e-02 -5.320658083765108376e-02 -8.680437871764278002e-02 -1.828234328954079883e-03 6.091245806200529939e-02 -4.162906279856290470e-02 -2.783196288160181414e-02 -2.977024121529316114e-02 -7.581649668112273865e-02 -2.117178660806410401e-02 8.731364026840171544e-02 7.173380630589552831e-02 1.461177946663255560e-02 2.541485162240708640e-02
3.591380479903240330e-02 -4.857644002349063850e-02 1.289256366066233173e-01 9.383072161876876384e-04 -2.187788331605352438e-02 0.000000000000000000e+00 7.080012246523938180e-02 4.337470756141813960e-02 2.470895653523809757e-02 4.532969406311325444e-02 1.999724474508711783e-02 7.220464913690342879e-02 -8.037106403020509784e-03 -3.316727016468049710e-02 -1.141877754627615080e-02 -5.773433829846262577e-02 -2.726534643501724378e-02 5.571635357452563858e-02 2.823278740745449947e-02 6.988990367519001823e-02 2.965377186526647890e-02 1.102676469453494484e-02 7.101108061349266018e-03 5.714266635990189469e-02 -5.947866170157024152e-02 1.112005886963799289e-01 1.571766680152082013e-02 -4.099087739186122598e-02 2.463538988427303039e-03 -3.169631268223800646e-02 3.457356813503505155e-02 4.734048883550132786e-02 -6.090193571142290402e-03 5.534924678085052611e-03 6.233417245107318594e-02 -3.150015753686215281e-02 -4.458634163570397019e-02 7.136739367089878043e-03 5.633204636661570675e-02 1.105119530949647336e-02 1.356161394181240321e-01 2.752677721455859539e-02 1.131360744526039609e-02 -3.208812619768193486e-02 -9.660281104404953162e-03 -5.355093322230338598e-02 4.723657193731526510e-02 8.588349195426356331e-02 -7.201823689318655186e-02 -5.969837547449340781e-02 -2.423904251529818837e-03 -4.969068081742464976e-02 1.797840825227785613e-02 8.260568232799124500e-02 -6.316752680010258303e-02 7.154146712593502377e-02 3.910849221046996949e-02 5.845533376536465181e-03 1.462340489176445872e-02 -3.627053226837712724e-02 3.195500738279583031e-02 4.101334858125924368e-03 -6.168186613079966463e-02 3.119068500209645767e-02 4.099224111924354430e-02 2.422145003010148581e-02 -1.995321799051144596e-02 3.963021436084915956e-04
2.938283326688528874e-02 -5.581242744142809326e-02 1.338445125407456207e-02 1.274923200263609196e-02 -5.110690970137497791e-02 7.080012246523938180e-02 0.000000000000000000e+00 -5.796418275605855902e-02 2.163905910668820556e-03 4.259696555398422013e-02 1.045059231388975260e-02 1.020435039159776486e-01 2.350880434128293020e-02 9.676403300297012344e-02 -3.344005610712429827e-02 -7.800592230959921616e-03 1.278958292419600865e-02 4.661840263638493409e-02 9.644983141585018738e-02 2.466797115682329081e-02 4.414531669991401085e-03 2.876414945177881155e-02 -5.573292310617523199e-02 3.615596663480892536e-02 -1.825693488830795047e-02 2.159760617757888052e-02 -4.698351153761350096e-02 3.968379798571976952e-02 6.581845196677266197e-02 -1.083865026408789983e-01 9.566691439175692771e-03 -6.089762960505026509e-03 4.612954769673169308e-02 -2.844515578039603313e-03 -2.320894206177146618e-02 1.519297637162847318e-02 -2.427930054700771275e-03 -3.181905945728195212e-02 2.137020760399728839e-02 -5.348791287847278614e-02 -1.458069743596782965e-02 -4.796687840384322721e-02 2.820005673150980177e-02 -1.666729338431977708e-02 2.662116456579795634e-02 -3.478190448558495657e-02 7.212482137583905994e-02 4.604692401008057823e-02 -4.557030886327047975e-02 7.637262746481603137e-02 3.078927504685062197e-02 -3.951281172976631867e-02 6.676197838872134117e-03 -5.875289620904675103e-02 9.384320709853614939e-02 8.549934549211893331e-03 2.794332354932424836e-02 1.595623399865070532e-03 2.874491770786515021e-02 -7.311619382928515043e-02 4.763328386903786099e-02 9.521039885835073935e-03 7.914513831529160215e-02 -1.639423002514598174e-02 -7.688396256525303896e-02 -2.622059445032935351e-02 8.516091008348009028e-02 1.961544190148476960e-02
-3.705868146881497165e-03 1.943081299381938009e-04 5.609242433676236983e-02 -9.596156262778275658e-02 7.159814788978513533e-02 4.337470756141813960e-02 -5.796418275605855902e-02 0.000000000000000000e+00 1.009953711419114657e-02 -8.408025339256381195e-03 4.477621720244163300e-02 -6.849489948119581728e-02 1.845758799068802219e-02 2.164665248004543630e-03 1.775086918258579963e-02 1.446500549968103046e-03 9.741433620144360206e-03 6.094732007276659584e-03 1.541561616474235868e-02 -4.463232477373719337e-02 9.968097331618632276e-03 -6.276280821025737033e-02 6.965312031671370974e-02 -1.290758546793027012e-02 4.910239694071166783e-02 -3.303613472047811639e-02 -8.414060664720775934e-03 8.993687080051349092e-02 -4.928204821730528505e-03 7.148018290741267600e-02 3.553062329761633859e-02 3.242438334301332714e-02 1.453528941875976022e-03 8.986422949644116975e-02 -4.993763849089181278e-02 -6.215686198784958066e-02 -1.006603565784811583e-01 -1.391579476091674324e-02 1.969126608477333312e-02 3.553478047066484236e-02 3.824949893247762273e-02 -4.571116501199813664e-02 -2.310523381133219260e-03 3.685153562007211642e-02 4.809656009236414759e-02 -9.259129774664016585e-03 -6.532009793579153512e-02 2.735634969144801198e-02 -1.036983437852096596e-02 -1.315663714696497892e-02 -3.642454534969120222e-02 -9.842754119791369966e-03 -5.897663189147956536e-02 7.375811226895954628e-03 1.050308404472006379e-02 3.677679053971510265e-02 -4.357970577912320675e-02 7.082896788691535328e-02 -1.115503450454424306e-03 -5.472314095869510592e-02 9.268007960878902468e-03 7.008346865833305073e-02 2.490950125344127894e-02 -1.966483692413058086e-03 -3.345750884070696624e-03 -1.288284338649904603e-01 3.839004810027238368e-02 -6.783526813614457716e-03
3.598076159435611987e-02 6.059223554621993857e-02 -3.246203613862473636e-02 3.293265326558877937e-02 6.442923944876220721e-02 2.470895653523809757e-02 2.163905910668820556e-03 1.009953711419114657e-02 0.000000000000000000e+00 8.333770402347463399e-03 -5.132254873299186421e-02 -6.130996269313859076e-04 -3.837745583218031553e-02 1.873044792531474920e-02 1.375825746936496993e-02 -2.749923171940484370e-02 -1.183122955035951183e-02 -1.722489719519614687e-02 3.446499809253524005e-02 2.555877912015724202e-02 8.373394095804861589e-03 3.546646052723392145e-02 -2.268076036218192020e-03 1.587860361283984986e-02 2.516085924385758066e-02 -4.644415107393897596e-02 -1.530649662455110527e-01 -1.958667974309317300e-02 -3.820579151793376121e-02 -6.915679764050065848e-02 1.803426272136152489e-02 -3.885424510434400212e-03 -5.278611991108151519e-02 -1.165261283991393670e-02 4.282760512917235807e-02 9.478367934749692969e-02 -5.962452658617619500e-02 -6.414854946161913096e-02 -3.707714928523540149e-02 -4.042767446443266965e-02 -8.382391596896314814e-03 2.684171289685463938e-03 -1.567784982190899377e-03 -9.572041183443501244e-02 2.172162813843539139e-02 4.423003012254817824e-03 6.952516818064904958e-02 5.541748810215548632e-02 -2.513823798527438716e-02 -1.065211909907852559e-03 -1.180148963211656438e-01 -3.726718563742131146e-02 1.063894729836574321e-01 -9.659397123875085658e-03 9.097555787090705337e-03 7.011727614068656578e-02 -2.003525086506422956e-02 1.048161524107326346e-02 1.046426641367902317e-02 7.592755982677178161e-02 -1.005818537382557887e-01 -2.805164070867817785e-02 6.323582502008993911e-02 -3.894802298930116497e-03 -4.613238917484280277e-02 -2.437197155708643349e-03 3.436055323050771215e-02 -6.462498821242898539e-02
4.345008310384021466e-03 -5.252309928887301249e-02 -4.986024266954396100e-02 5.848207553150514687e-02 -1.725252724236862141e-03 4.532969406311325444e-02 4.259696555398422013e-02 -8.408025339256381195e-03 8.333770402347463399e-03 0.000000000000000000e+00 5.232621402500322455e-02 1.809002603294873265e-02 -4.109497063410506162e-02 5.587884121283449163e-02 7.935261075429547034e-03 -2.464636308645441753e-02 -6.021768735861401933e-02 -5.535337511074588449e-03 8.097858582934602811e-03 3.232314498987753221e-02 8.895921483637592164e-02 -7.397596017748311881e-02 -5.644083654837891983e-02 8.451037520957430105e-02 -4.248224262564965635e-04 -5.870313758487608058e-02 6.396034692130518791e-03 3.944745735108155793e-02 -2.859434855230646652e-02 -2.179564314412147860e-02 -8.136252239308017914e-03 -2.170016709061833513e-02 -2.947582001247232505e-02 1.057219352659755258e-02 6.570058824874958070e-02 -3.614906821082521787e-02 2.181585729002781179e-02 -3.449493724454558152e-02 -6.113192713685767360e-02 -4.170580036036208860e-02 4.800602783595182832e-03 -9.748962644467690231e-02 -1.285457175967542887e-01 3.802907982755836247e-02 -2.351312571627290487e-02 3.712338996260793750e-02 -2.042369599053212373e-02 -4.507665752897255240e-02 -7.379243730538784241e-02 -1.366132740003298332e-02 -4.285469532023249845e-02 -5.560823287193351200e-02 5.210903359425893278e-02 -4.973448163021682022e-02 -2.310632083423154112e-02 -2.943238491308163007e-02 -3.579958134254791063e-02 1.050854683727321312e-02 2.143768405775740155e-02 1.258816391522830230e-02 -3.596856256429972754e-02 4.393435097809992966e-03 -8.283168231403673087e-02 -4.149195555998846929e-02 3.984637725792023605e-02 -2.473266197951301190e-02 -5.268410847581189022e-02 -2.742549230364499727e-02
-3.304663979913987498e-02 -4.056608607180361287e-02 -1.055945007033219120e-02 2.643683431500798604e-03 1.249966975646292413e-03 1.999724474508711783e-02 1.045059231388975260e-02 4.477621720244163300e-02 -5.132254873299186421e-02 5.232621402500322455e-02 0.000000000000000000e+00 2.605831424414465150e-02 -4.358456998756172346e-02 5.335187240842647477e-02 1.519616487289191485e-02 9.152730605155057209e-02 -9.831273584346750249e-02 1.732915329717190853e-02 9.679808325640285038e-02 6.294753670848309002e-02 -9.997673144198125639e-02 -1.099920932825129358e-02 7.762561757882639746e-02 -1.390602121000403951e-02 3.670726953004655596e-02 7.222990701179882178e-02 -4.395103063888265715e-02 -3.596106267921182157e-03 6.299521273294916845e-02 -1.590471406254960821e-02 -9.773697799401372122e-02 2.321285036304700580e-02 2.352296568117955011e-02 9.571865056979625419e-02 2.459300280136704486e-02 -6.769623202769863013e-02 2.544095401803875885e-03 1.208714773493949762e-02 -2.038603292244190249e-02 2.464747540403385354e-02 -5.067716276192824748e-02 5.888075760132380210e-02 3.515083820789295654e-02 5.686433062692230339e-02 -3.974534829363277066e-02 -4.146764247481756621e-02 5.759161422357076537e-02 1.286775111737018668e-02 -6.024564447821884050e-02 3.981372332912698486e-02 4.873599093900873348e-03 -2.004225751034818814e-02 -4.779980375118294406e-02 6.365465083963091353e-02 -9.962543420924676110e-03 -2.989608062147083856e-02 -3.299115864787182523e-02 -9.141134818914311774e-03 -5.424678970183892390e-02 1.761428435593712441e-02 -1.925363852322998365e-02 -4.566060075239952026e-02 1.511380064818659656e-03 4.139420536948727747e-02 -1.642493223280896281e-02 3.951738471768556638e-02 -8.813180083089137973e-02 -5.303187790650458477e-02
4.746359106896707453e-02 1.535476541109769650e-03 2.522768723859799070e-02 -3.704560755935233651e-02 -5.676174239625649681e-02 7.220464913690342879e-02 1.020435039159776486e-01 -6.849489948119581728e-02 -6.130996269313859076e-04 1.809002603294873265e-02 2.605831424414465150e-02 0.000000000000000000e+00 1.108319014780304035e-02 3.350343897057554005e-02 -1.220599828196485860e-02 -3.502095481286342932e-02 -3.987583717779650400e-02 2.063881672496854086e-02 5.876975022177664126e-02 -3.672198939917142857e-02 -1.961489496788766315e-02 -6.627226101256061819e-02 3.417014305878397773e-02 2.936137406033257485e-02 -8.086141990196582909e-05 -2.307575063609620253e-02 1.567458032587111874e-02 -4.192616632074354366e-02 6.634078284101725675e-02 -1.626019757371511415e-02 -6.346650091350018730e-02 6.068987053174867280e-02 -6.874005856284386151e-02 -3.859842640087269693e-03 6.740666038571660468e-02 -6.377446358990235264e-02 -5.104779053821603685e-02 -1.670215694154065719e-02 2.615693672002158618e-02 -9.450895394010123962e-02 2.867995675832322663e-02 -3.841294260412040501e-02 -4.396878622948603710e-02 -3.749582208406948818e-03 8.765890988748809010e-02 8.407398099918884926e-02 2.085629751251218827e-02 -6.602913096612898769e-02 3.991676578020832838e-02 2.123852711804272847e-02 -8.507146171100617160e-02 4.850775297883323789e-03 4.230698707709764500e-02 7.383103429987117328e-02 -1.414503769463231440e-02 2.081304902780447760e-02 -1.059577809335537496e-01 -1.959508568627011185e-02 -1.289658629311512573e-02 -2.603758229595572529e-02 2.913854213712959579e-02 -5.716875009187812745e-02 4.261368859001090498e-02 5.710442971145828286e-03 -4.209253618932179419e-02 -1.151901867274580590e-02 -8.173674945529267599e-02 9.803165671629661404e-02
2.025999723173033291e-03 8.477956697926944396e-02 -2.801771627045234955e-02 3.919597021900767669e-02 -8.682111286978407005e-02 -8.037106403020509784e-03 2.350880434128293020e-02 1.845758799068802219e-02 -3.837745583218031553e-02 -4.109497063410506162e-02 -4.358456998756172346e-02 1.108319014780304035e-02 0.000000000000000000e+00 -3.340458427081693243e-02 3.077686505113219270e-02 6.524815763746606712e-02 -5.076891527784892916e-02 -6.056524014587263971e-02 -1.866756336610116487e-02 -1.188619815085235898e-01 -4.318750374160377353e-02 4.262873747018411374e-02 2.301364339280214527e-02 -2.916283864030180285e-03 -3.876745238445774427e-02 3.665158082091900249e-02 -4.688248172087920024e-02 -1.561974353136052866e-02 -8.094007048270185009e-03 2.852461248122601517e-02 2.470798889117743063e-02 -3.425476094212778766e-02 -2.584634716176622063e-02 5.022892274812778592e-03 2.271360716589058103e-03 2.867556752033890988e-02 1.337103651757793610e-01 9.635000961988299251e-02 -4.318737457256155432e-02 -4.057680795881103003e-02 -6.269494629435246567e-03 -2.571096054326243302e-02 -7.187178776046938833e-02 -4.505571656099311567e-02 -1.501777659223832440e-01 -2.127303317428121815e-02 -4.464660763676448103e-03 -1.163114422806032187e-02 -2.857192565856543631e-02 -1.258882305509812227e-01 -2.879171275799496249e-02 1.650854835153357097e-02 -8.551567469869696472e-03 -6.895146598449337916e-02 -3.081738409590936006e-02 5.606459272354790031e-03 1.195678644979010843e-02 2.984203647823980773e-02 -1.124211353588006196e-01 -4.619825121549094027e-02 6.160353055913636577e-02 6.415719934004378289e-02 -2.486439569985400902e-02 8.407900867113892243e-03 -5.063752669061182682e-02 -4.442653260834901474e-02 2.288441859615753318e-02 4.175784955903406176e-02
-7.383317514190829156e-03 -7.571967245293766136e-02 -6.840422688770130856e-03 1.515381219496226770e-02 -5.962032090126912799e-04 -3.316727016468049710e-02 9.676403300297012344e-02 2.164665248004543630e-03 1.873044792531474920e-02 5.587884121283449163e-02 5.335187240842647477e-02 3.350343897057554005e-02 -3.340458427081693243e-02 0.000000000000000000e+00 3.362000746734144369e-02 2.024429209578490832e-02 4.251214372852562401e-02 2.511448796580060747e-02 6.924109181603457785e-02 4.987834801875684794e-03 3.454311614459789487e-02 1.552656744433320198e-02 -3.471441768739726846e-02 1.686642491243921325e-03 1.298599739288246700e-02 9.102087061605271257e-03 -3.489712106092570515e-02 -1.174002525479563887e-02 6.527320179122825250e-02 8.272797973127800700e-03 -5.924637901945875584e-03 -3.512124276495998121e-02 2.701232283678656199e-02 9.781909220632685822e-03 2.688256057612319755e-02 -4.456882468551112697e-02 -3.744679999344251164e-02 3.091807607892842549e-02 1.802770376490624507e-02 -2.684337164308919430e-02 -6.050525749189723801e-02 -3.091227180672365821e-02 -2.892972150672827245e-02 2.607593559759664378e-02 8.670824302951765650e-02 2.770788046279407460e-02 1.608258546219817550e-02 -1.098253286779439925e-01 5.628616358048406376e-02 1.255464733161314531e-02 2.861239674431079183e-02 -1.145141542911217412e-03 -1.355550841680297665e-02 -8.278940105348600587e-02 -5.484295672489923265e-03 4.591193260478347582e-02 -3.043794418622182071e-02 3.671711064233536270e-02 -6.304169552772449781e-02 -1.040798084892044506e-02 -4.061072517696772549e-02 -4.498921551027026955e-02 7.274991105884480447e-02 -1.163133937670316614e-01 -1.477086380049485136e-02 -2.294179369908310243e-02 -5.840183041271805597e-02 -6.501561084289118886e-02
-4.855120694537642771e-03 -3.113319964634053000e-02 -3.083857910546015935e-02 -1.261136235048808570e-02 -5.443501663100349525e-02 -1.141877754627615080e-02 -3.344005610712429827e-02 1.775086918258579963e-02 1.375825746936496993e-02 7.935261075429547034e-03 1.519616487289191485e-02 -1.220599828196485860e-02 3.077686505113219270e-02 3.362000746734144369e-02 0.000000000000000000e+00 -2.711904862827634391e-02 -1.997313859801497921e-02 -6.875276191032084205e-02 -3.411686140866616174e-02 -2.991451663454419360e-02 7.103329243129631598e-02 3.942054229144497518e-02 -6.209784298469385455e-02 8.888385878898749648e-02 3.389262269332840583e-02 3.233149356210041070e-02 -7.072789139260617086e-02 -5.277575031333608252e-02 5.012043239539824141e-02 1.611174455125686036e-02 2.411601212270230929e-02 -8.324041746893867666e-02 2.935026025054177090e-02 5.248180868679885175e-02 6.857887792053855847e-02 -2.058878013873221072e-02 -1.151614182767291342e-02 2.199558044685293555e-03 -8.432597917047475466e-02 -3.732397951324303853e-02 -2.370887539928472412e-02 -4.490447195700400518e-02 -4.757190475624804848e-02 -5.385250123143252993e-02 -5.767988828059241596e-02 4.316616064200187730e-02 7.325514717388566938e-03 5.588722004839960511e-02 9.623885690068945120e-03 1.852203049960883183e-02 3.218163434023552094e-02 2.001616197807299866e-02 1.793437000583341517e-02 9.351801050673010790e-03 4.494478663981432004e-02 -1.804565249858899184e-02 4.346810293876434556e-02 -2.737172420019901020e-02 6.931922400189997543e-03 3.413809230332436745e-02 -8.909194894715581625e-02 -7.694965612510334951e-02 -8.847398556823778126e-02 6.859040569558329248e-02 -4.009890498334595099e-02 -1.310277699800958991e-02 -6.900326110309787375e-02 -7.173655640540047007e-02
-6.988797399441745717e-02 6.105344461697350018e-03 -6.011926615281922709e-02 -4.478235940641164120e-02 -4.182077909260015214e-02 -5.773433829846262577e-02 -7.800592230959921616e-03 1.446500549968103046e-03 -2.749923171940484370e-02 -2.464636308645441753e-02 9.152730605155057209e-02 -3.502095481286342932e-02 6.524815763746606712e-02 2.024429209578490832e-02 -2.711904862827634391e-02 0.000000000000000000e+00 2.073284543755307685e-02 -2.248507526674967810e-02 -7.195704190724924731e-02 -8.356471774565445501e-03 1.121891211550521406e-01 -2.181700364046367663e-02 5.662299355642569365e-02 -8.125274568883254778e-03 -6.002104763086043432e-02 3.752037394930025221e-02 5.158587033416508344e-02 1.117324158139870391e-02 5.352288777434863198e-02 1.793943784842725805e-02 -7.568564728551667453e-02 1.151213880295203912e-01 2.396650165725002293e-02 3.601497244805049874e-02 -3.334020023244013958e-03 -2.159499801669691535e-02 2.458936436386123525e-02 6.854476802630617149e-02 1.017522708293882618e-02 -1.132897746654530219e-01 1.024786286385320072e-01 7.771223520777534310e-02 2.428026781376945581e-02 -3.181543060340564361e-02 -1.438580058600296974e-01 -3.259826531497633101e-02 -2.192789343388161505e-02 1.713594439691504615e-02 -5.623503391591282846e-02 -2.104815646155550404e-02 3.605694399969822800e-02 5.547315073152748327e-02 -1.042380174704303081e-01 3.398246315815856705e-02 -3.171011510797167726e-02 2.679262155163116693e-02 1.738178867133766473e-02 2.241642185894254444e-02 -1.372618339764304293e-02 3.242861755548979291e-02 4.640875089976548989e-02 -6.735019109099140387e-03 -4.915924235497836497e-02 -3.574303593579444133e-02 -5.710605983081146197e-02 8.849710151895270882e-02 -3.253439302153748880e-02 -2.397648574875561531e-02
4.091323728379833713e-02 7.661299663563332640e-02 -3.559000554505521025e-02 -4.565799646866310763e-02 7.197212246502840416e-02 -2.726534643501724378e-02 1.278958292419600865e-02 9.741433620144360206e-03 -1.183122955035951183e-02 -6.021768735861401933e-02 -9.831273584346750249e-02 -3.987583717779650400e-02 -5.076891527784892916e-02 4.251214372852562401e-02 -1.997313859801497921e-02 2.073284543755307685e-02 0.000000000000000000e+00 2.318386750257876369e-02 1.031149343399243197e-02 3.465020305623834045e-03 3.077034441225994996e-02 -4.477103892733649664e-03 -5.432611621090670945e-02 3.408723370358906352e-02 7.016783022458264463e-02 -1.865389766836296134e-03 3.078655484760296768e-02 2.769398509527866079e-02 4.666130694627672326e-03 3.849072116185706799e-02 7.539929773260362067e-02 -2.537056074608171410e-03 4.137451313922180934e-02 -3.954211953040689780e-03 9.115487706383518240e-02 -1.793795384696451715e-03 -4.431100421191394578e-02 -5.541432795269847500e-02 -5.570262075562387727e-02 -1.806834349514856858e-02 4.285923411414889472e-02 4.404828042200204657e-02 7.072684157052135101e-02 -3.021452334947914709e-02 9.539317346984016455e-02 4.500682025105924057e-03 -7.138051273675642336e-03 1.138797197231371586e-02 5.650578760252662064e-02 -5.625299624102542140e-02 -7.370235972589318785e-02 -3.015380499070491761e-03 -3.176179464171148548e-02 1.679559544542625791e-03 -4.999281471005538602e-02 -4.762193113382761495e-02 3.487203375638334157e-02 5.584201681235717585e-02 -2.174871141003349023e-02 -9.230466490818910186e-02 4.743957588785692112e-03 8.017294189612302058e-02 1.256045458531350814e-02 -4.115682720517527954e-02 1.158344886272849551e-03 -1.114862652316360968e-02 -1.709567665387443786e-02 1.932220931981311037e-03
4.436523581936687582e-02 5.791795335909256243e-02 -2.925421352188299629e-02 1.641050632963424530e-02 -1.779745031465686592e-02 5.571635357452563858e-02 4.661840263638493409e-02 6.094732007276659584e-03 -1.722489719519614687e-02 -5.535337511074588449e-03 1.732915329717190853e-02 2.063881672496854086e-02 -6.056524014587263971e-02 2.511448796580060747e-02 -6.875276191032084205e-02 -2.248507526674967810e-02 2.318386750257876369e-02 0.000000000000000000e+00 -4.727316556696860989e-02 -1.269935689437403925e-01 7.146353009740301354e-02 8.534137827664427245e-04 4.796143360436791458e-02 -3.441474063723847648e-02 -5.937803723961360830e-02 1.910728010690577669e-02 -6.680988241477935075e-02 2.938519264736158196e-02 4.253655272043098401e-02 5.940718551127761871e-02 2.074536062253915999e-02 6.278863117961662466e-02 -2.025338082077879354e-02 7.622311231254499941e-02 -1.132434764886866042e-02 5.482883304782711770e-02 9.115595341964280451e-03 1.142900043214987440e-04 1.076729038961271243e-02 4.026179452087517985e-02 -1.501641437888350493e-02 -2.287808107176319151e-03 3.568190500033898566e-02 -1.132878009202797215e-02 5.619416727357407632e-02 2.739306291250598324e-02 5.906626298134562414e-02 -8.263195939443943039e-02 1.831363340126702238e-02 -4.219235518944288582e-02 2.915935917589068671e-02 -4.409245132141180468e-02 7.590016967144422311e-02 3.589361273737921160e-02 1.795016333454697854e-02 9.510923664714615589e-02 2.708342449743613226e-02 -1.715291466080694910e-02 -6.891510934942852301e-03 -1.599099299251232481e-02 3.214822017575425656e-02 -3.358769771839668905e-02 -3.831320578454200376e-02 -2.725165858829824150e-02 7.368225480517132109e-02 6.106449943295217536e-02 3.228281945711402451e-02 6.486767711795810021e-02
-3.672400631812634125e-02 -2.999019682413197902e-03 3.036206344266654394e-02 -2.100034606104024537e-02 4.780333794716981610e-02 2.823278740745449947e-02 9.644983141585018738e-02 1.541561616474235868e-02 3.446499809253524005e-02 8.097858582934602811e-03 9.679808325640285038e-02 5.876975022177664126e-02 -1.866756336610116487e-02 6.924109181603457785e-02 -3.411686140866616174e-02 -7.195704190724924731e-02 1.031149343399243197e-02 -4.727316556696860989e-02 0.000000000000000000e+00 -3.638909082173318738e-02 1.786661081849488927e-03 5.292088213060595556e-03 -4.208356432034197209e-02 -4.044153422592011715e-02 1.511673813728692424e-02 4.666766981853232021e-02 -9.944083254094116670e-03 -2.203924277543693744e-02 1.323131300657252700e-02 3.368242630530443593e-02 7.161986746866147446e-03 -7.193917089146910360e-02 -4.042724134760387195e-02 -4.014659469899167082e-02 -8.600414015202475365e-03 -1.017414426389294871e-02 -2.248709024296406331e-02 4.928686337536266129e-03 -7.029185722527508950e-02 3.652308867880686011e-02 1.007486224787478880e-02 -3.105418528171509027e-02 1.291973035217233896e-02 1.085132774389865190e-01 4.926246433642222228e-02 8.730982746604686040e-02 3.810189387094656266e-02 -1.283363131315788251e-04 -4.469938499994675907e-02 -5.165548188681305664e-03 -2.673823392580164382e-02 -3.316281772198905603e-02 1.349458029928665226e-03 1.810962515212759597e-02 6.378572411593130820e-02 1.977137153640446884e-02 -1.780104170197096825e-01 -9.281691797350810624e-02 4.260197031698994413e-02 -6.301543605695329731e-02 -2.713500222946986593e-03 -3.222491300321859292e-02 5.423406792311084162e-02 1.271996219637303548e-02 5.729282860953965190e-02 2.975172636604433291e-02 -4.529576247734234951e-02 1.691974159187075583e-02
6.145045117471797935e-02 2.091885912552339868e-02 4.885696677667828239e-03 -4.491740133104454163e-02 1.266294115601147201e-03 6.988990367519001823e-02 2.466797115682329081e-02 -4.463232477373719337e-02 2.555877912015724202e-02 3.232314498987753221e-02 6.294753670848309002e-02 -3.672198939917142857e-02 -1.188619815085235898e-01 4.987834801875684794e-03 -2.991451663454419360e-02 -8.356471774565445501e-03 3.465020305623834045e-03 -1.269935689437403925e-01 -3.638909082173318738e-02 0.000000000000000000e+00 -1.809311141123343819e-02 -5.985725171971623126e-02 -2.388816428089904353e-02 -2.353329451790727236e-02 2.347122463955863061e-02 -1.114486820450034422e-02 8.707940112004425304e-02 5.256041344434325691e-02 -7.286569978708594408e-02 -4.290770686446869139e-03 2.463963766970158286e-04 2.046833103556788477e-02 1.573446244911225894e-03 -1.065672687900669213e-02 5.793572900790713853e-02 2.214381792006811858e-02 -7.238269898319464601e-02 -4.531248844615520105e-02 1.236945672028967429e-02 -1.507378305896899147e-02 4.391105613211068043e-02 -4.716585470657212731e-02 1.476071677130762205e-02 1.685688709043665912e-02 1.369179937984888601e-02 -4.090737685713995153e-02 3.509677769997335967e-02 -5.101040990968826183e-02 3.089318061770144133e-02 4.076594595400253457e-02 5.686372827829630668e-03 -3.991109012740830242e-02 4.135870739762528142e-02 -4.225670637406074570e-02 2.668272026298478330e-02 -5.828331260082064702e-02 8.552015038142281311e-02 2.258588129011875750e-02 -7.564123798743621618e-02 6.488706425162413249e-02 6.998710766646681902e-02 -8.107280626038812499e-02 -2.338508523947160824e-03 2.991363841089104535e-03 2.934325583068279550e-02 5.099252383109725839e-02 4.399070015542820566e-02 -1.398456814491811674e-02
3.045293161660290668e-02 9.685755765372459913e-02 2.492279264932195648e-02 -6.177832060769637007e-02 -9.688644386301258071e-02 2.965377186526647890e-02 4.414531669991401085e-03 9.968097331618632276e-03 8.373394095804861589e-03 8.895921483637592164e-02 -9.997673144198125639e-02 -1.961489496788766315e-02 -4.318750374160377353e-02 3.454311614459789487e-02 7.103329243129631598e-02 1.121891211550521406e-01 3.077034441225994996e-02 7.146353009740301354e-02 1.786661081849488927e-03 -1.809311141123343819e-02 0.000000000000000000e+00 7.725041526926433588e-02 7.241354045593843825e-02 5.525607044378350735e-02 -4.443389860601258678e-02 2.817381790824928858e-03 5.936040384926034863e-02 1.136734124222282122e-02 -3.462113976516835445e-02 6.244101696996575551e-02 -1.509411841257888263e-02 7.092751531022817302e-02 2.746724048707193527e-02 -3.444457669856194892e-02 -9.683215308621392556e-03 9.566732902988893178e-04 5.364833135880994058e-02 -3.291724580523826965e-02 5.424837554600375235e-03 1.695536920143447118e-02 7.244643263134067923e-02 -9.345346046614791055e-03 -9.293355074451040143e-02 7.891711187549096951e-03 4.230905259339800412e-02 1.087565565789562093e-03 -2.835547364791031824e-02 2.808399167001016453e-02 1.217042265623444390e-05 -4.991802965840755509e-03 -1.396505313227216008e-02 -2.138259453714175945e-02 -5.239383423808802870e-02 -7.170175932674827113e-03 -7.446715497018135434e-03 2.997614752321713094e-02 7.728974630953479308e-02 -3.432376352362288829e-02 2.590906628146200097e-02 3.381599961255801756e-02 8.081865231461567503e-03 -3.060595776152879102e-02 -9.965160839218330929e-03 -3.767646402008212325e-02 -2.407373488623856805e-02 -6.170220916046797316e-02 2.281593716081997333e-02 2.863975215961885035e-03
1.767443313150569850e-02 4.806404563787673723e-02 -6.595797121061086621e-02 -1.701175422668489354e-02 1.137129186943523912e-01 1.102676469453494484e-02 2.876414945177881155e-02 -6.276280821025737033e-02 3.546646052723392145e-02 -7.397596017748311881e-02 -1.099920932825129358e-02 -6.627226101256061819e-02 4.262873747018411374e-02 1.552656744433320198e-02 3.942054229144497518e-02 -2.181700364046367663e-02 -4.477103892733649664e-03 8.534137827664427245e-04 5.292088213060595556e-03 -5.985725171971623126e-02 7.725041526926433588e-02 0.000000000000000000e+00 3.799915560229253243e-03 9.369851003362607289e-03 3.756439253156575869e-02 5.701710286143978762e-02 -7.227409375556562154e-02 -2.249163772536703909e-02 8.964096154579487274e-02 -8.311335037451653140e-02 -1.243621716914558584e-02 -1.164808528328355533e-02 6.005579557453705891e-02 5.461103434438336485e-02 3.206075333640119943e-03 3.500547789004918725e-02 -2.607569828727313715e-02 8.117427119491687354e-03 -7.024411825250522802e-03 -2.144122395757081315e-02 -8.901538722581366081e-02 -2.001803085057881834e-02 -3.275980764817156693e-02 2.484768861428626394e-02 4.377492643594707231e-03 -3.394561569889125580e-02 -2.059171229138547637e-02 8.513190012803487083e-02 -4.849370478781799996e-04 3.402715583390158310e-02 5.231192596438270087e-02 -5.558217099743684164e-02 -5.079515104783643986e-02 -3.205584759080604834e-03 5.499112967683710690e-02 6.094488833090953329e-03 -3.881480297748325647e-02 -5.412724979485317167e-02 -6.023306959748244566e-02 -3.141693728132706562e-03 -3.081097777120548817e-02 -2.593345048014228729e-02 1.107348573077366304e-02 -1.867644600895440599e-02 4.049156864980836545e-02 -1.595153218110171786e-02 3.922425748511516874e-02 7.699529436818496053e-02
3.071029351927308942e-02 -2.802497985882815637e-03 4.366010061007424142e-02 8.085607736927038136e-04 -9.920196052267420475e-03 7.101108061349266018e-03 -5.573292310617523199e-02 6.965312031671370974e-02 -2.268076036218192020e-03 -5.644083654837891983e-02 7.762561757882639746e-02 3.417014305878397773e-02 2.301364339280214527e-02 -3.471441768739726846e-02 -6.209784298469385455e-02 5.662299355642569365e-02 -5.432611621090670945e-02 4.796143360436791458e-02 -4.208356432034197209e-02 -2.388816428089904353e-02 7.241354045593843825e-02 3.799915560229253243e-03 0.000000000000000000e+00 -2.419071912799625190e-02 -2.528138651782484148e-02 2.214026096890301873e-02 8.235617119049552792e-02 -5.232789871784089206e-03 1.747535456985943592e-02 3.835803173453054132e-02 -5.465340312988071353e-02 1.104081773948862796e-02 2.700360348347241850e-03 -7.449601646596233639e-02 -4.562133110162401584e-02 -6.898619652049911566e-02 7.075212358337743153e-03 2.142195582632754926e-03 3.087286589221619956e-02 6.327161653207588610e-02 5.799890135683612169e-02 2.429897414413693599e-02 4.769823211648543948e-02 2.155351077242161767e-02 -2.844260677580284780e-03 2.879260828407283201e-02 6.172236657742331822e-02 2.413210255634998247e-02 -8.692036461123153757e-03 2.159206481466455219e-02 7.532051551444471360e-02 4.263071523033227367e-02 1.199548520025677523e-01 2.185229578720473964e-02 3.507940989824193806e-02 8.725082947381784804e-02 4.869607739721045631e-02 -1.887128177948664554e-02 -7.145576737405678024e-03 1.553563692274022648e-02 5.865113455692728267e-02 3.849332300526764339e-02 2.427197713551549826e-02 -2.314615697164399896e-02 -7.730250989937557937e-02 -5.474129867934175719e-02 4.089783718690816888e-02 2.844667959294812018e-02
