0.000000000000000000e+00 3.198519293275529224e-02 -3.658858593548813907e-03 -1.797404867659197630e-02 -1.126842003909700810e-02 3.586913010301745475e-02 2.768797546571945961e-02 -3.985030841223151550e-03 3.594831671508719184e-02 3.996690007519243699e-03 -3.337715004823207238e-02 4.699010216733135598e-02 2.216896837031728969e-03 -1.393801425183948360e-02 -5.167416012748257508e-03 -7.040122447566868336e-02 4.085651799358862996e-02 4.414909232260066929e-02 -3.714461443607290636e-02 6.151143434146427724e-02 3.050467484158308692e-02 1.740122604674003079e-02 3.044852661211868566e-02 6.673120518232907028e-02 2.112319187109585814e-02 -3.927932477528007886e-03 -2.298758439794719791e-02 -2.449051923073057926e-02 2.164830750546668792e-02 -2.491852815797267542e-02 -5.860413888099360452e-02 -1.103385073209335078e-02 -6.186295602062051591e-02 -3.260567706965378232e-02 -3.363341915080752392e-02 3.014643623309354661e-02 3.764259399402997142e-02 2.597872307185125976e-02 -3.389097498314095486e-02 1.528826147293286392e-02 5.140063596900103920e-02 -6.693582618106500015e-03 5.873753924462900115e-03 2.487032768612515085e-02 5.404823648306827932e-02 -6.606787144036505022e-02 9.777035293126295698e-03 2.876707621671096074e-02 -4.514238322431215339e-02 5.879027410524334529e-02 3.062920057202415253e-02 -8.976902568652368741e-02 1.526846985028915658e-02 1.385638836622505622e-02 -8.579533065240874112e-02 -8.165265166599462721e-02 4.956793465632459983e-02 -3.163456211635302939e-02 4.602957973204840209e-02 -2.787960675255969981e-02 -4.137097672989827751e-02 -2.597270615302288768e-02 6.430948055704978740e-04 -1.826880168855447503e-02 6.508435589731784154e-02 3.455188590926414234e-03 -1.960735912940012385e-02 1.086048007459789952e-02
3.198519293275529224e-02 0.000000000000000000e+00 -1.049321555280200435e-01 -8.208074326863694370e-02 4.036444569731705012e-02 -4.841027108208009050e-02 -5.492058511654545477e-02 9.964858369621006160e-04 5.992726091163730340e-02 -5.181710601776121083e-02 -4.076633873064335750e-02 1.759026223599439651e-03 8.403733935301443969e-02 -7.566870141349978096e-02 -3.138628777420199301e-02 5.939408787634690295e-03 7.668862203023056601e-02 5.826507783045212913e-02 -3.211284738141288991e-03 2.117766051164983454e-02 9.678196653872724042e-02 4.309640455193981812e-02 -3.841502604156089851e-03 -9.587998689579289857e-03 2.245172021159553763e-02 2.575041986833556673e-02 4.378969989237592800e-03 -3.366288641391702863e-02 -4.573256627182840928e-02 6.563841915994056420e-02 -3.277605239838752432e-03 4.697314536971843035e-02 -2.739000655764357861e-02 1.607127953388189784e-02 -3.964233353947237137e-02 2.190568566166722908e-02 2.428855591409133374e-02 -3.028650887027689934e-02 -6.104912731453331770e-02 6.925362399369867049e-03 -8.777017910683798663e-02 4.397925606959560141e-02 2.693357034959143956e-02 2.425965681355893994e-02 -2.578526797922307476e-02 5.208857870970176954e-03 -1.563230593260839588e-02 -4.040958797632510091e-02 -4.352437411175343052e-02 -3.540679202385153823e-02 4.352592842569383280e-02 2.986883706586429196e-02 -2.525882992559276216e-03 2.741126327586483960e-02 3.314360464120089805e-02 -5.640914809155297971e-02 5.118970677202741570e-02 -8.312285848886590001e-02 -8.733319983386943208e-02 -5.291572679366850912e-02 -7.890855087524500239e-03 -2.044984468807788461e-02 -3.112199039767561681e-02 -1.202312518927121238e-01 -3.828549812986612594e-02 -9.963969817426874057e-03 3.879701416392759145e-02 1.249579255172762748e-01
-3.658858593548813907e-03 -1.049321555280200435e-01 0.000000000000000000e+00 -8.581549845875341073e-03 -7.707045327699882376e-02 1.282652012369441541e-01 1.194752147398055533e-02 5.422613496308439918e-02 -3.102306359600936689e-02 -4.963059121587059391e-02 -1.100301432485527482e-02 2.494513145290765815e-02 -2.822458147796964162e-02 -6.948394681128262397e-03 -2.980365591184804680e-02 -6.221251451412534300e-02 -4.189566264089128467e-02 -2.970958860684867406e-02 3.052947771050294051e-02 4.543402635154712016e-03 2.123336622401309284e-02 -6.574988076190732555e-02 2.305878600643952378e-02 -2.456505010377224227e-02 2.518145119330146304e-03 9.719126993629947225e-03 8.173392956088314232e-02 -1.530635995835514032e-02 -1.100935599404595858e-02 -2.325614444509390907e-02 8.710762160027626932e-02 -6.651259388903488223e-02 7.571899403863148470e-02 -3.971939107575955807e-03 -3.708315055818808999e-03 -8.095798976891613319e-02 1.205579911256891498e-02 -2.461065279688953722e-02 5.835502625785481817e-02 7.219782293880343260e-02 2.384641339973302826e-02 -8.244519569865617348e-02 8.555647632338161945e-02 1.670298531400712244e-02 -2.437693571842707713e-02 -5.696732512889334660e-02 -2.343339120551136273e-02 -4.349561001938499066e-02 -4.327731785298840478e-02 4.353395663434812823e-02 8.594932474238274958e-03 5.208849721755774015e-02 -4.414482034713772957e-02 1.607793697280053558e-02 1.985100847780391434e-02 1.572239035975655022e-02 -5.562342018824903943e-03 1.485911241694460108e-02 -5.006896936684120114e-02 1.945399768043327635e-02 2.227968816619839421e-02 4.666855950067407000e-02 3.152419372995334326e-03 -9.932370163498687940e-03 2.736934562398026308e-02 -7.864727070226236461e-03 -4.610013205396602115e-02 -6.112027364599977725e-02
-1.797404867659197630e-02 -8.208074326863694370e-02 -8.581549845875341073e-03 0.000000000000000000e+00 7.907583772990516360e-03 8.741172142554772852e-04 1.183184078321000525e-02 -9.630068464909943837e-02 3.267001718509150027e-02 5.690235928430008305e-02 2.443098634537131490e-03 -3.796296858908173449e-02 3.963109481464885397e-02 1.565551393259474386e-02 -1.272944610152972229e-02 -4.478178926683205885e-02 -4.527727488137730377e-02 1.667301254718633885e-02 -2.078936417394725011e-02 -4.957707462260318998e-02 -6.216547289579380658e-02 -1.644796256826105280e-02 2.104795210232441715e-03 -2.568998372910084871e-02 -5.127802986356989889e-02 2.686470884440187237e-02 -6.301599300368154744e-02 2.913256736712088041e-02 -4.962346175597409648e-02 2.151713598989352452e-02 6.343364489160606412e-02 -1.152959146419399450e-02 -2.229776812045657433e-02 -2.896072402881062421e-02 -9.138365714434239229e-02 -4.755390381241960535e-02 3.670761668866093230e-02 4.651973625070980611e-02 -2.137798744156729075e-02 1.494215562623285587e-02 -7.212451944077297172e-02 3.259133357073228793e-02 -1.118006332489658028e-01 3.935984909916191710e-02 -5.475306631748790703e-02 -3.542362455773113983e-02 -6.425621886303453656e-03 -8.710632953371612308e-02 -4.758174575030354320e-02 4.764964726666917616e-02 -4.787972358571117998e-02 8.521454165095530831e-02 -1.393904317228854099e-02 -3.412040221223899134e-02 2.842583992907020407e-02 3.556067869758866573e-02 3.028442911463703757e-02 3.225517182069008448e-02 6.662159474003305493e-02 -2.377123657145781971e-02 1.838339790930440185e-02 1.327417604835622565e-02 -3.457751775299767755e-03 -9.771263354651368860e-02 -9.469188910919195887e-03 7.743650041921389116e-02 -6.221307897685566385e-02 -3.771769681009476405e-02
-1.126842003909700810e-02 4.036444569731705012e-02 -7.707045327699882376e-02 7.907583772990516360e-03 0.000000000000000000e+00 -2.346499461828357655e-02 -5.103463729422109962e-02 7.162192092045063796e-02 6.301193759585899112e-02 -1.651405349354183056e-03 1.092522882993290532e-03 -5.705911034201146398e-02 -8.752219941689640126e-02 -1.013491568498044258e-03 -5.961459424768510151e-02 -4.166224758409103890e-02 7.183714812216572543e-02 -1.781004323092097094e-02 4.765109794718987157e-02 1.381826131779336853e-03 -9.702780387983353516e-02 1.134977102715806485e-01 -7.904392823285980724e-03 -3.962181944923391652e-03 2.324988928167434458e-03 -4.686410305744112548e-03 5.846666478360869335e-02 -1.652930355065375737e-02 5.350627799692667802e-02 -2.238385521897652986e-03 2.788586143269634887e-02 1.133960545098121886e-01 8.537412120794982823e-03 8.422690168808684430e-02 5.800063273213822840e-02 1.890041684437529512e-02 -9.941592833888668324e-02 3.543358482587247865e-02 -8.101651452324245412e-03 -7.815155999164848100e-02 -4.282538558000637680e-02 1.183549630836090065e-03 1.383359355653155862e-02 4.936968201672124745e-02 -1.640189917490602126e-02 1.745579983060945722e-02 8.411761469984308653e-03 -5.933322842133371272e-03 7.336196524628960103e-02 2.260946296289360197e-02 -3.476582450303472571e-02 -3.105690991107889001e-02 -4.458493840722149715e-02 1.560044752040093061e-02 1.709374942633052827e-02 -5.344186810376238411e-02 -8.566416865104628520e-02 -1.517165146195986096e-03 6.092280922447273345e-02 -4.079937234394527545e-02 -2.980318473727112255e-02 -2.877776803858825630e-02 -7.567627973728564827e-02 -2.070269092445282261e-02 8.754360350765599819e-02 7.170898123237226529e-02 1.491997464167904054e-02 2.597059737204078164e-02
3.586913010301745475e-02 -4.841027108208009050e-02 1.282652012369441541e-01 8.741172142554772852e-04 -2.346499461828357655e-02 0.000000000000000000e+00 6.931579997974779417e-02 3.535347399678888392e-02 2.442826958264951789e-02 3.794205361456710196e-02 1.916693288150107116e-02 6.911148921585477667e-02 -8.429276978524651368e-03 -3.488595322587550313e-02 -1.352714366311826184e-02 -5.789742717605209088e-02 -2.798294170335163117e-02 5.542457023582083447e-02 2.776468319809690527e-02 6.980679351445004399e-02 2.941182759998246452e-02 1.146256324556105613e-02 5.371227424226854286e-03 5.683987137798725275e-02 -5.972921194349821439e-02 1.103198728092463360e-01 1.270373460684269366e-02 -4.446162531200111012e-02 1.699551391487433500e-03 -3.227252890648609623e-02 3.434872125184054020e-02 4.601488450117311585e-02 -5.966200257515180683e-03 4.144047859678171193e-03 6.186292022104600274e-02 -3.131976241650423487e-02 -4.441345650444056964e-02 7.104447493391233964e-03 5.670370773391500419e-02 1.130537142856634890e-02 1.351743560709222636e-01 2.744617050762042376e-02 1.178790454272788703e-02 -3.308896663876402522e-02 -9.888078077014059858e-03 -5.389476430306908150e-02 4.735408984687595330e-02 8.514099185566384453e-02 -7.201209950377669700e-02 -6.001804018111379924e-02 -2.208881733853717156e-03 -4.945706469249359222e-02 1.812378090568786751e-02 8.288860306307055392e-02 -6.379084421628657131e-02 7.162048425616049374e-02 4.058378424352147157e-02 5.099100878563496766e-03 1.450331538355218233e-02 -3.623780631646171535e-02 3.181639224748453870e-02 2.269530806433077072e-03 -6.203015861568939721e-02 3.073642825080092483e-02 4.088222417958157356e-02 2.468775881264749159e-02 -1.967250063426402920e-02 3.054847078237879899e-04
2.768797546571945961e-02 -5.492058511654545477e-02 1.194752147398055533e-02 1.183184078321000525e-02 -5.103463729422109962e-02 6.931579997974779417e-02 0.000000000000000000e+00 -6.494171955139436958e-02 2.613655588044870928e-03 3.240582389309204503e-02 9.458642917261717714e-03 1.021662976843675519e-01 2.395219485611106008e-02 8.592018980691581986e-02 -3.324082444296458383e-02 -8.387636027589785020e-03 1.180149968610226009e-02 4.494612106045618727e-02 9.561014340089461772e-02 2.357608682829792635e-02 1.823397958508049012e-03 2.979571642917201030e-02 -5.876187200039052067e-02 3.374135076973899805e-02 -1.920609159920114509e-02 2.112972556491807610e-02 -5.190909633584359084e-02 9.746100601635823354e-03 6.237738227135838920e-02 -1.170168513811075117e-01 9.559597117185960127e-03 -6.558948718188280756e-03 4.577569048952678105e-02 -4.673630733364322193e-03 -2.362747061598513554e-02 1.677818978154956703e-02 -2.503414342662468092e-03 -3.170589124399551123e-02 2.178637396186746886e-02 -5.322258102079460013e-02 -1.528932012873626851e-02 -4.747242928737240020e-02 2.888240465626818951e-02 -1.604707283424964062e-02 2.708048238599359420e-02 -3.371621411478565450e-02 7.270823539760912224e-02 4.752992962906592983e-02 -4.595347928852745040e-02 7.577384158810759884e-02 3.074510893282934865e-02 -3.961722172632103217e-02 6.687337562512261392e-03 -5.736730557330494557e-02 9.324341734571503504e-02 8.404508415172325109e-03 2.698413533014856758e-02 3.663076556430053834e-05 2.895774464972299816e-02 -7.284264777262075552e-02 5.167237498380596039e-02 8.331851014765277036e-03 7.827149939309929749e-02 -1.570915981741604836e-02 -7.744397662474178379e-02 -2.665333741190067246e-02 8.654647862702077865e-02 1.893228534553928477e-02
-3.985030841223151550e-03 9.964858369621006160e-04 5.422613496308439918e-02 -9.630068464909943837e-02 7.162192092045063796e-02 3.535347399678888392e-02 -6.494171955139436958e-02 0.000000000000000000e+00 1.005868110027275004e-02 -1.220756231199878958e-02 4.409218829264730660e-02 -6.988796831324975423e-02 1.846801796583278504e-02 -8.027213750586759469e-03 1.757348261887567778e-02 1.475130064100629596e-03 7.751586201808104495e-03 5.408296705252606251e-03 1.462504255346566348e-02 -4.474219429524297492e-02 7.659580096524312882e-03 -6.275685610909363665e-02 6.716224283792633643e-02 -1.469421925199724047e-02 4.941509309594193516e-02 -3.444655501015120996e-02 -9.623387545672506052e-03 8.951398723961982717e-02 -6.295300174304593530e-03 6.989733668881531470e-02 3.553253904890295301e-02 3.109016345801297182e-02 1.222101346064021583e-03 8.898084415102344713e-02 -5.059632734483394262e-02 -6.178715312814906518e-02 -9.967388233165332123e-02 -1.428318995427266778e-02 1.954687183240279985e-02 3.573407288180142916e-02 3.710404772315854804e-02 -4.577797220376506049e-02 -2.499286789312374444e-03 3.644679986467387611e-02 4.802371465926884991e-02 -9.191073718745734061e-03 -6.573444959353229311e-02 2.779460967896636020e-02 -1.024569081657421971e-02 -1.344940003133331639e-02 -3.622435050215122576e-02 -9.526459557995147626e-03 -5.901795223123045692e-02 7.539221256846796032e-03 1.075320432845328598e-02 3.623484237911857309e-02 -4.336075105889855563e-02 6.979502500863757342e-02 -8.320076279769647587e-04 -5.368989011846998088e-02 1.126438832868680885e-02 6.856569438179518916e-02 2.472066000471454666e-02 -1.705621479500818438e-03 -3.076907855971016976e-03 -1.287362526962361475e-01 3.865181150173099822e-02 -6.180180313520270037e-03
3.594831671508719184e-02 5.992726091163730340e-02 -3.102306359600936689e-02 3.267001718509150027e-02 6.301193759585899112e-02 2.442826958264951789e-02 2.613655588044870928e-03 1.005868110027275004e-02 0.000000000000000000e+00 8.338773174654605727e-03 -5.114497278368000666e-02 -1.700812413801615916e-03 -3.845514884762529090e-02 1.892708224124048377e-02 1.116336278443118106e-02 -2.688905185434159115e-02 -1.109366841625728482e-02 -1.693051240377215980e-02 3.485716051537071647e-02 2.537976676249515534e-02 8.959939208323377743e-03 3.288031495345099253e-02 -2.612779010295311773e-05 1.065812565130497096e-02 2.454607579131483017e-02 -4.513900024516124404e-02 -1.506806054407215933e-01 -2.047671258392846916e-02 -3.827346267464110802e-02 -6.890356124742992583e-02 1.828481357976295338e-02 -4.027255395405477875e-03 -5.258861939174257899e-02 -1.088849347068878738e-02 4.243733177566140491e-02 9.470745838937516536e-02 -5.851467150221682789e-02 -6.432601404180099403e-02 -3.707970702920210943e-02 -3.972990387176201371e-02 -7.962066619506118562e-03 2.923321755099871945e-03 -3.612379218617809383e-03 -9.558474374696718234e-02 2.205873105431952266e-02 4.694765942656642030e-03 6.986966270238514909e-02 5.527922057055414257e-02 -2.511335289483940247e-02 -7.825536515219622081e-04 -1.179499530645642669e-01 -3.760506885458210491e-02 1.068194754963412291e-01 -9.489274008212800898e-03 9.423699917041295990e-03 6.977512776284348905e-02 -1.800414791297829525e-02 9.565744465110822409e-03 1.048483934121085918e-02 7.785776038884076322e-02 -9.368443419183171417e-02 -2.855301724295444127e-02 6.330439784618525911e-02 -4.083314704464718545e-03 -4.590864580830747443e-02 -2.453012314123543657e-03 3.433010515192989193e-02 -6.499388006011595775e-02
3.996690007519243699e-03 -5.181710601776121083e-02 -4.963059121587059391e-02 5.690235928430008305e-02 -1.651405349354183056e-03 3.794205361456710196e-02 3.240582389309204503e-02 -1.220756231199878958e-02 8.338773174654605727e-03 0.000000000000000000e+00 5.161813072849282674e-02 1.525907637635776255e-02 -4.147914439091314465e-02 5.399168138822264817e-02 8.119022686982932391e-03 -2.418508973580249521e-02 -5.978865917967015470e-02 -6.498318051930733474e-03 7.143751339975411806e-03 2.951592807139986896e-02 8.974926149106234041e-02 -7.383276327759631663e-02 -5.611011301979986626e-02 8.384259893171062961e-02 -2.269300771732771520e-04 -5.968334204559160028e-02 1.187961301284801846e-02 3.250834371227406816e-02 -3.011014072007575648e-02 -2.202930351146032556e-02 -8.376672892381937380e-03 -2.239162354106220137e-02 -2.960880931903285204e-02 9.520286891123823370e-03 6.597435218935876478e-02 -3.564671170628258556e-02 2.291769807763743491e-02 -3.492689524112500832e-02 -6.116067646878383529e-02 -4.112284424205976674e-02 5.195568922501117397e-03 -9.699438176246848176e-02 -1.286399536977412550e-01 3.726469869160988629e-02 -2.338015181487643895e-02 3.783949534962140898e-02 -2.057104128260803591e-02 -4.469732886108687686e-02 -7.332940640905105667e-02 -1.341467683740676931e-02 -4.274676158315307561e-02 -5.544465999000217082e-02 5.240565575391466918e-02 -5.020621092166425992e-02 -2.293183421627413912e-02 -2.925306106861466290e-02 -3.472072017068911221e-02 9.719903394348815978e-03 2.155632009691441434e-02 1.374910302058716949e-02 -3.577966838535074495e-02 2.507289315586540192e-03 -8.284267812528095520e-02 -4.082325378672539695e-02 4.025412807486990902e-02 -2.425180329409379679e-02 -5.262390888313043386e-02 -2.697198317674906129e-02
-3.337715004823207238e-02 -4.076633873064335750e-02 -1.100301432485527482e-02 2.443098634537131490e-03 1.092522882993290532e-03 1.916693288150107116e-02 9.458642917261717714e-03 4.409218829264730660e-02 -5.114497278368000666e-02 5.161813072849282674e-02 0.000000000000000000e+00 2.527165018512912351e-02 -4.711502225509587444e-02 5.260960662972727353e-02 1.519016432905095568e-02 9.149937555535367362e-02 -9.902337066117358755e-02 1.362910959927511600e-02 9.588058108059069329e-02 6.333072598685082766e-02 -1.011769947193873753e-01 -1.107065537615512137e-02 7.934273692096330266e-02 -1.336638813562568764e-02 3.717892256228141901e-02 6.923705743183651562e-02 -4.429538172476104457e-02 -3.830204035300265996e-03 6.166628660511679766e-02 -1.644296318689144124e-02 -9.863317306441639343e-02 2.209759442567128113e-02 2.340365758721727960e-02 9.138349571154706641e-02 2.448139652403966138e-02 -6.756937343324850853e-02 2.774413915568902256e-03 1.187788982526846900e-02 -2.019769473915872943e-02 2.441768209918857013e-02 -5.079549339088022114e-02 5.901712291225318791e-02 3.556649745928844308e-02 5.667044239145367646e-02 -3.973279411833884750e-02 -4.173493692236576041e-02 5.726455663448173222e-02 1.294038910225632846e-02 -6.032222164385416668e-02 4.026835702480123513e-02 5.028533830980321841e-03 -1.981344238833532279e-02 -4.769211316090531810e-02 6.377777563696809815e-02 -9.360453361690890262e-03 -2.970485038225854565e-02 -3.332938232593680994e-02 -8.239474812657750225e-03 -5.386750825714003987e-02 1.853933052315673638e-02 -1.721569937183611149e-02 -4.491418218845368709e-02 1.974522354179138097e-03 4.194356647440889568e-02 -1.690509545795805882e-02 3.964007105294606315e-02 -8.819415698158619699e-02 -5.322408720316382930e-02
4.699010216733135598e-02 1.759026223599439651e-03 2.494513145290765815e-02 -3.796296858908173449e-02 -5.705911034201146398e-02 6.911148921585477667e-02 1.021662976843675519e-01 -6.988796831324975423e-02 -1.700812413801615916e-03 1.525907637635776255e-02 2.527165018512912351e-02 0.000000000000000000e+00 1.067238123288158022e-02 3.240382400669918755e-02 -1.325469714154379336e-02 -3.481986633819655896e-02 -4.022412579898534263e-02 1.999680135550784693e-02 5.879110315517323271e-02 -3.986352405478492400e-02 -1.992457330834161017e-02 -6.620365022196585125e-02 3.502683845023374376e-02 2.892703525113579990e-02 -1.079914577302415610e-05 -2.459661502115215170e-02 1.491595021005398362e-02 -4.390636465735450050e-02 6.578474854775502589e-02 -1.682270512495956383e-02 -6.364022489007625794e-02 6.027993572473197559e-02 -6.876645413497797787e-02 -5.229922753751611170e-03 6.723099457374488719e-02 -6.381811078899031486e-02 -5.007617292058824665e-02 -1.694559559288771541e-02 2.620650935478623100e-02 -9.450129449518436531e-02 3.006027742933232647e-02 -3.769676582295386491e-02 -4.385205192624002518e-02 -3.638273514474617450e-03 8.736959605637607817e-02 8.346723481227928676e-02 2.047065646533680755e-02 -6.638170870022307157e-02 4.013934555638244694e-02 2.164355156901711513e-02 -8.480818747355010900e-02 4.681724849228612734e-03 4.210931139107407933e-02 7.358672754104095270e-02 -1.305827946168014279e-02 2.102084137033535458e-02 -1.058117709449847982e-01 -1.925263895888566432e-02 -1.278997825046657329e-02 -2.594130831402403567e-02 3.017610633221421562e-02 -5.729107816154645899e-02 4.282991351687291670e-02 5.945246786537605396e-03 -4.234258696302185820e-02 -1.202003512498520631e-02 -8.177148316204198297e-02 9.797052335690821512e-02
2.216896837031728969e-03 8.403733935301443969e-02 -2.822458147796964162e-02 3.963109481464885397e-02 -8.752219941689640126e-02 -8.429276978524651368e-03 2.395219485611106008e-02 1.846801796583278504e-02 -3.845514884762529090e-02 -4.147914439091314465e-02 -4.711502225509587444e-02 1.067238123288158022e-02 0.000000000000000000e+00 -3.370397530539886305e-02 3.115039521811912432e-02 6.530494561015938448e-02 -5.070322618850173907e-02 -6.089142278793277518e-02 -1.874086341907573589e-02 -1.192425351090793950e-01 -4.344324995462028882e-02 4.198074028962455601e-02 2.407269795371448293e-02 -3.655504305985555428e-03 -4.090478129346763331e-02 3.689484312225168455e-02 -5.478941175493455551e-02 -1.674765291366203321e-02 -9.032666020744851976e-03 2.881932403863347869e-02 2.270350457183754889e-02 -3.613096221590397089e-02 -2.586730650381260932e-02 1.414670381972709355e-03 2.266855236733267883e-03 2.852273477594913925e-02 1.338854561050894787e-01 9.638309759568464141e-02 -4.299011532067247010e-02 -4.040476990528036466e-02 -6.834985224781359343e-03 -2.528524998969012769e-02 -7.191221549399916257e-02 -4.536449452655106490e-02 -1.505273309228961909e-01 -2.106324031282017645e-02 -7.095766834592951919e-03 -1.121044682430422101e-02 -2.835551833065340019e-02 -1.264322024766046937e-01 -2.912500583249562694e-02 1.695858943256768267e-02 -8.299507700651641978e-03 -6.915042630240456067e-02 -3.096695006211652376e-02 5.990448610413724555e-03 1.141893016194446726e-02 2.962133774850557455e-02 -1.121177912475395527e-01 -4.727355440619791099e-02 6.381509937605960026e-02 6.452835232359188655e-02 -2.477341330051457610e-02 8.317023181133198495e-03 -5.172922284897905204e-02 -4.440834337027008832e-02 2.314316598353729007e-02 4.211760149119706670e-02
-1.393801425183948360e-02 -7.566870141349978096e-02 -6.948394681128262397e-03 1.565551393259474386e-02 -1.013491568498044258e-03 -3.488595322587550313e-02 8.592018980691581986e-02 -8.027213750586759469e-03 1.892708224124048377e-02 5.399168138822264817e-02 5.260960662972727353e-02 3.240382400669918755e-02 -3.370397530539886305e-02 0.000000000000000000e+00 3.361267475915072356e-02 2.027757300212291308e-02 4.081042771688676157e-02 2.391447523197638703e-02 6.856448477245910555e-02 4.913103112912803501e-03 3.421811878531394457e-02 1.576913512518638913e-02 -3.866923252279718531e-02 8.304464657711506902e-04 1.305140624644936936e-02 8.671338936064762817e-03 -3.284829673891284663e-02 -1.566293900832852956e-02 5.754307105305891262e-02 1.242690532555361209e-03 -5.813059648652529020e-03 -3.647781578363431393e-02 2.691522453672256371e-02 8.103501845544416535e-03 2.773888079115842745e-02 -4.362325583853833566e-02 -3.619163938978765122e-02 3.136130632756847086e-02 1.783374400474990393e-02 -2.715750947172303892e-02 -5.958361229249887342e-02 -2.977058941384068749e-02 -2.918297122476578437e-02 2.636255886752819980e-02 8.630616601872299898e-02 2.820526128800222854e-02 1.604322411605114615e-02 -1.100371636799238190e-01 5.678222622536200498e-02 1.217317819159427321e-02 2.866157050508770163e-02 -4.151012534001246907e-04 -1.319300549456252879e-02 -8.297877021658711660e-02 -4.687593788289326491e-03 4.588370591907457718e-02 -2.948380255533788671e-02 3.716538912938822242e-02 -6.314470950979399200e-02 -8.649748610255405742e-03 -3.909504285790423722e-02 -4.474894752103775880e-02 7.308042409599427303e-02 -1.156858365129403293e-01 -1.487256100569071121e-02 -2.196755049925140646e-02 -5.859050259241726372e-02 -6.551818515814061827e-02
-5.167416012748257508e-03 -3.138628777420199301e-02 -2.980365591184804680e-02 -1.272944610152972229e-02 -5.961459424768510151e-02 -1.352714366311826184e-02 -3.324082444296458383e-02 1.757348261887567778e-02 1.116336278443118106e-02 8.119022686982932391e-03 1.519016432905095568e-02 -1.325469714154379336e-02 3.115039521811912432e-02 3.361267475915072356e-02 0.000000000000000000e+00 -2.682177844577076503e-02 -1.949319743737065735e-02 -6.880720681855435894e-02 -3.430545116837942221e-02 -2.995350720005778358e-02 7.192096938202889589e-02 3.912005297061475068e-02 -6.252902599979989762e-02 8.845570403174095320e-02 3.396234916474842602e-02 3.340932087958282948e-02 -6.648649378895506168e-02 -5.327023936019994327e-02 4.988187912800034346e-02 1.599376208726635898e-02 2.414255074507301244e-02 -8.459984393594419116e-02 2.939856506871340452e-02 5.264373486091505905e-02 6.816724010652772114e-02 -2.032401695269455202e-02 -1.091187625593105677e-02 2.465634403465265505e-03 -8.420033881467604842e-02 -3.661457241345136837e-02 -2.339434274808909614e-02 -4.487487180288438071e-02 -4.739882822155417480e-02 -5.343984368127585594e-02 -5.724321798349187029e-02 4.343515662381694509e-02 7.602258403177874525e-03 5.623009274754903197e-02 9.804015969028478245e-03 1.887587107632377609e-02 3.251445508727231204e-02 2.030822437553530049e-02 1.794906665441737409e-02 9.203599665393476237e-03 4.474684506742971496e-02 -1.778923254421528599e-02 4.438219124258364207e-02 -2.686212675041571574e-02 6.957829982642210233e-03 3.521509059049582335e-02 -8.682394890197259185e-02 -7.656846184170616743e-02 -8.814470106290636653e-02 6.887219829815177663e-02 -4.006545029378404121e-02 -1.282148908275037615e-02 -6.881185336119118034e-02 -7.109352950435143814e-02
-7.040122447566868336e-02 5.939408787634690295e-03 -6.221251451412534300e-02 -4.478178926683205885e-02 -4.166224758409103890e-02 -5.789742717605209088e-02 -8.387636027589785020e-03 1.475130064100629596e-03 -2.688905185434159115e-02 -2.418508973580249521e-02 9.149937555535367362e-02 -3.481986633819655896e-02 6.530494561015938448e-02 2.027757300212291308e-02 -2.682177844577076503e-02 0.000000000000000000e+00 2.023697461309390683e-02 -2.271677958205285675e-02 -7.149900521289315192e-02 -8.763629269721439838e-03 1.084909098983118519e-01 -2.349119205379142025e-02 4.845838229120814911e-02 -9.890513888811156701e-03 -6.014911568348291215e-02 3.695896737235684210e-02 4.208011071348173593e-02 1.020445999990406138e-02 5.282168991673925201e-02 1.682060363184117655e-02 -7.603455597596446569e-02 1.152690785980951399e-01 2.362589110688153443e-02 3.570292469201612195e-02 -3.471247952145112108e-03 -2.231168363281003930e-02 2.372741257652294378e-02 6.883816722663259335e-02 9.402905223279302629e-03 -1.140925886328729849e-01 1.020788381654649385e-01 7.813319279377398119e-02 2.416406394097421126e-02 -3.208396828356042951e-02 -1.441231578017918291e-01 -3.251617723937845483e-02 -2.201015463295137933e-02 1.623014597738072287e-02 -5.618803585350234941e-02 -2.703841689746626017e-02 3.561362102239375854e-02 5.521802614291621697e-02 -1.043296532858600800e-01 3.375545148790261990e-02 -3.274211568747353862e-02 2.594622832921689506e-02 9.525554679697754989e-03 2.166905631088585082e-02 -1.363669569518794616e-02 3.155331110690629687e-02 3.890395882323333110e-02 -7.993175582418269795e-03 -4.915847529300206714e-02 -3.612061593557647221e-02 -5.687249241746605843e-02 8.922138698380550903e-02 -3.304227011454906326e-02 -2.398510789726592679e-02
4.085651799358862996e-02 7.668862203023056601e-02 -4.189566264089128467e-02 -4.527727488137730377e-02 7.183714812216572543e-02 -2.798294170335163117e-02 1.180149968610226009e-02 7.751586201808104495e-03 -1.109366841625728482e-02 -5.978865917967015470e-02 -9.902337066117358755e-02 -4.022412579898534263e-02 -5.070322618850173907e-02 4.081042771688676157e-02 -1.949319743737065735e-02 2.023697461309390683e-02 0.000000000000000000e+00 2.341828864080406150e-02 6.176922979211532660e-03 3.485707709192986236e-03 2.965150753887066046e-02 -4.435886778519489322e-03 -6.565242520223450728e-02 3.337044943090243521e-02 7.026100707632751408e-02 -6.435101886436005690e-03 2.016201170123560829e-02 2.674759141254309455e-02 2.790376821685953013e-03 3.706276609503497688e-02 7.495823962491592052e-02 -1.983921792960104298e-03 4.084345579594389486e-02 -6.078874695646465515e-03 9.114256104299085781e-02 -1.508148554659566060e-03 -4.395913325817599193e-02 -5.577100674139522790e-02 -5.672931965770246221e-02 -1.935031462748778089e-02 4.133160081027908300e-02 4.475488614179875396e-02 6.997014606643081613e-02 -3.131763010237494788e-02 9.505015588080310829e-02 4.006528625374937251e-03 -7.073211136836096528e-03 1.103392237820734721e-02 5.669596758545505238e-02 -5.690439815861256245e-02 -7.409439284920081581e-02 -3.671084791936030881e-03 -3.140855829379556735e-02 1.833362618578374776e-03 -5.076579928434470090e-02 -4.769453073673755178e-02 3.691467800589486731e-02 5.507297669382772709e-02 -2.131267595819338195e-02 -9.217726960315159035e-02 5.116008800194640598e-04 7.967960186817064916e-02 1.253290064769397791e-02 -4.148040475474215616e-02 1.349214353075798255e-03 -1.096100747729663975e-02 -1.725040434102142681e-02 1.100176565033355409e-03
4.414909232260066929e-02 5.826507783045212913e-02 -2.970958860684867406e-02 1.667301254718633885e-02 -1.781004323092097094e-02 5.542457023582083447e-02 4.494612106045618727e-02 5.408296705252606251e-03 -1.693051240377215980e-02 -6.498318051930733474e-03 1.362910959927511600e-02 1.999680135550784693e-02 -6.089142278793277518e-02 2.391447523197638703e-02 -6.880720681855435894e-02 -2.271677958205285675e-02 2.341828864080406150e-02 0.000000000000000000e+00 -5.008912819474382189e-02 -1.270686592281884131e-01 7.071051755599540301e-02 7.730553342128131632e-04 4.725216149704657836e-02 -3.426332237861171720e-02 -5.935836977261160774e-02 1.655535230927406010e-02 -7.121850322015144119e-02 2.814294886949280511e-02 4.113438710036756985e-02 5.827062421481358362e-02 2.078886037326479336e-02 6.273239030086498469e-02 -2.051359749187543421e-02 7.433293021574247095e-02 -1.111479386635403493e-02 5.481139942380292007e-02 8.896760960345027544e-03 9.493413718298397621e-05 1.069667547767078064e-02 4.020329013306427751e-02 -1.389143689802509532e-02 -2.059648667531621853e-03 3.541746212114313397e-02 -1.171911609567752137e-02 5.575181524767995611e-02 2.720535896020079628e-02 5.872306577795151361e-02 -8.258227826250837122e-02 1.831737372298359798e-02 -4.254897491652595565e-02 2.892770539263059618e-02 -4.431099493153237145e-02 7.594472412765385094e-02 3.579594173930963213e-02 1.773772284336896585e-02 9.513364475330939041e-02 2.715320111208629345e-02 -1.708921002372853354e-02 -7.118781055766899152e-03 -1.642815640934152527e-02 3.654733425775057165e-02 -3.333244482825830496e-02 -3.824517371140977173e-02 -2.708171751264537574e-02 7.348397493074737552e-02 6.070391879432069510e-02 3.252812254765314465e-02 6.437838514932948952e-02
-3.714461443607290636e-02 -3.211284738141288991e-03 3.052947771050294051e-02 -2.078936417394725011e-02 4.765109794718987157e-02 2.776468319809690527e-02 9.561014340089461772e-02 1.462504255346566348e-02 3.485716051537071647e-02 7.143751339975411806e-03 9.588058108059069329e-02 5.879110315517323271e-02 -1.874086341907573589e-02 6.856448477245910555e-02 -3.430545116837942221e-02 -7.149900521289315192e-02 6.176922979211532660e-03 -5.008912819474382189e-02 0.000000000000000000e+00 -3.633796556606910810e-02 2.262587214064661761e-03 5.281437957812528013e-03 -4.138165491020125153e-02 -3.965477112834488171e-02 1.516699411251039992e-02 4.231302661276013094e-02 -1.008753250809983973e-02 -2.341768619147372235e-02 1.208949142269618096e-02 3.311993651163502167e-02 6.798812185182303083e-03 -7.202459799923935369e-02 -4.069538243211630324e-02 -4.449782984284862686e-02 -9.004530662695095153e-03 -1.014711715521833015e-02 -2.084812714357287336e-02 5.072108442548030859e-03 -7.019430323435002506e-02 3.621294156100468564e-02 1.036800105945830455e-02 -3.149218509323852000e-02 1.292797277576058362e-02 1.081730624840109012e-01 4.874027586307299459e-02 8.727274835594418800e-02 3.783335925542597594e-02 -3.035701163500073422e-04 -4.479940502258666218e-02 -3.780739317184786657e-03 -2.611613799689556370e-02 -3.325422481792709301e-02 1.695163580188468631e-03 1.782574692589151619e-02 6.582093840040796617e-02 2.027956309465363607e-02 -1.777440560349036192e-01 -9.247236757996295242e-02 4.267816845039952567e-02 -6.252212363953035812e-02 -5.600708899916188909e-04 -3.166532737813052001e-02 5.447058427504240102e-02 1.283001390343244466e-02 5.709644071296365170e-02 2.958056752108369214e-02 -4.545407314512059371e-02 1.632040581002956389e-02
6.151143434146427724e-02 2.117766051164983454e-02 4.543402635154712016e-03 -4.957707462260318998e-02 1.381826131779336853e-03 6.980679351445004399e-02 2.357608682829792635e-02 -4.474219429524297492e-02 2.537976676249515534e-02 2.951592807139986896e-02 6.333072598685082766e-02 -3.986352405478492400e-02 -1.192425351090793950e-01 4.913103112912803501e-03 -2.995350720005778358e-02 -8.763629269721439838e-03 3.485707709192986236e-03 -1.270686592281884131e-01 -3.633796556606910810e-02 0.000000000000000000e+00 -1.807604177720621361e-02 -5.974341582248497012e-02 -2.529428476531698014e-02 -2.464471420385439329e-02 2.360010800016866528e-02 -1.186265794278768514e-02 8.416742924065803710e-02 5.207985221813059978e-02 -7.312414183040348570e-02 -4.190391036887394088e-03 7.147800035787451938e-05 2.053111291252789072e-02 1.962701913428763038e-03 -1.045367440142054398e-02 5.807482741978335639e-02 2.237134024442218733e-02 -7.403584882776353959e-02 -4.536194216425513265e-02 1.236592981047400508e-02 -1.476326147316850933e-02 4.528836081651031048e-02 -4.691764086382071292e-02 1.529352768171403365e-02 1.659499582980428559e-02 1.372414248195444678e-02 -4.110234780507751595e-02 3.504929494870596962e-02 -5.087973037218174177e-02 3.102140572979143057e-02 4.005909106742272519e-02 5.530156066968354954e-03 -4.017476413167989785e-02 4.113355615525829401e-02 -4.230366717301894952e-02 2.614121840776291797e-02 -5.857310242221936553e-02 8.520932778318784928e-02 2.319041680971595937e-02 -7.594085704944628090e-02 6.451591954196331247e-02 6.521280102885471108e-02 -8.284636545095228066e-02 -2.333656193330395454e-03 3.176480686190645726e-03 2.914934475689458238e-02 5.092907523216734511e-02 4.439860779143958713e-02 -1.443130914861884620e-02
3.050467484158308692e-02 9.678196653872724042e-02 2.123336622401309284e-02 -6.216547289579380658e-02 -9.702780387983353516e-02 2.941182759998246452e-02 1.823397958508049012e-03 7.659580096524312882e-03 8.959939208323377743e-03 8.974926149106234041e-02 -1.011769947193873753e-01 -1.992457330834161017e-02 -4.344324995462028882e-02 3.421811878531394457e-02 7.192096938202889589e-02 1.084909098983118519e-01 2.965150753887066046e-02 7.071051755599540301e-02 2.262587214064661761e-03 -1.807604177720621361e-02 0.000000000000000000e+00 7.731418873500961464e-02 4.755579979138023494e-02 5.470512841424823164e-02 -4.440713382693133038e-02 1.393969513769308024e-03 5.709813822019292606e-02 3.577753323262795795e-03 -3.680125067398778288e-02 5.217010750738109576e-02 -1.440513615861837952e-02 7.101521929638246466e-02 2.709347082314453314e-02 -3.673940364959040611e-02 -9.427326866215840137e-03 2.323851116060894877e-03 5.287323155339827829e-02 -3.291390487767015260e-02 5.095635402936006010e-03 1.641358823101385714e-02 7.137815896538846072e-02 -1.007027785418144680e-02 -9.372503500387999176e-02 7.597498356397839464e-03 4.288220102732294425e-02 1.704325911320413471e-03 -2.890638965630581286e-02 2.789374134807805911e-02 3.452777125853472365e-04 -7.758437230448749465e-03 -1.562282176860629347e-02 -2.213183270566095040e-02 -5.345171539879090689e-02 -6.985820528614072010e-03 -1.080714861731843848e-02 2.859175424306127991e-02 7.392043661530904586e-02 -3.524252646864122623e-02 2.627353414405894996e-02 3.338089577840419597e-02 2.217651852906614863e-03 -3.368058706735415492e-02 -1.046490572884721353e-02 -3.773413410535792628e-02 -2.325416861010904876e-02 -6.138226993509506707e-02 2.259945000380023106e-02 2.523864818208273932e-03
1.740122604674003079e-02 4.309640455193981812e-02 -6.574988076190732555e-02 -1.644796256826105280e-02 1.134977102715806485e-01 1.146256324556105613e-02 2.979571642917201030e-02 -6.275685610909363665e-02 3.288031495345099253e-02 -7.383276327759631663e-02 -1.107065537615512137e-02 -6.620365022196585125e-02 4.198074028962455601e-02 1.576913512518638913e-02 3.912005297061475068e-02 -2.349119205379142025e-02 -4.435886778519489322e-03 7.730553342128131632e-04 5.281437957812528013e-03 -5.974341582248497012e-02 7.731418873500961464e-02 0.000000000000000000e+00 4.393337689590198075e-03 6.067518453283586057e-03 3.576328224435274677e-02 5.797220838053239456e-02 -7.459879253998513704e-02 -2.266587076135169118e-02 8.962824776990500897e-02 -8.396010889103514008e-02 -1.240645444943252844e-02 -1.214855834657146451e-02 6.004259457184035059e-02 5.466141036770486711e-02 2.992038882444697859e-03 3.474934395325558756e-02 -2.530567690201348738e-02 8.508479450696630406e-03 -7.042073769617041359e-03 -2.117095189898802327e-02 -8.955510065296881650e-02 -2.020612356872233256e-02 -3.287082781274965060e-02 2.544287997156636366e-02 4.590604506487100389e-03 -3.390680876529768295e-02 -2.070074738895495703e-02 8.589051664538785436e-02 -2.337037279023641790e-04 3.398746965696368416e-02 5.272133080070612321e-02 -5.584973857673352499e-02 -5.079779112983456857e-02 -3.233369871273282081e-03 5.557641402575649175e-02 4.507714508944412994e-03 -3.949654756436071085e-02 -5.453142506266117628e-02 -5.978337665504243614e-02 -2.433884999990689087e-03 -2.770854303371724642e-02 -2.438686268838216251e-02 1.085896031639315383e-02 -1.841352378461943995e-02 4.098690799476661234e-02 -1.620043494479356250e-02 3.906051792551853280e-02 7.721435345195101774e-02
3.044852661211868566e-02 -3.841502604156089851e-03 2.305878600643952378e-02 2.104795210232441715e-03 -7.904392823285980724e-03 5.371227424226854286e-03 -5.876187200039052067e-02 6.716224283792633643e-02 -2.612779010295311773e-05 -5.611011301979986626e-02 7.934273692096330266e-02 3.502683845023374376e-02 2.407269795371448293e-02 -3.866923252279718531e-02 -6.252902599979989762e-02 4.845838229120814911e-02 -6.565242520223450728e-02 4.725216149704657836e-02 -4.138165491020125153e-02 -2.529428476531698014e-02 4.755579979138023494e-02 4.393337689590198075e-03 0.000000000000000000e+00 -2.585912127901204491e-02 -2.509999648637057865e-02 1.806428455864796806e-02 6.287041583561574221e-02 -6.413967463316025755e-03 1.542333723038603367e-02 3.006541770530902005e-02 -5.651211900120399478e-02 1.151829586782749520e-02 1.053129672971376196e-03 -7.645151756837118007e-02 -4.683287772356845707e-02 -6.931514642976824292e-02 5.792044271911096602e-03 3.054285622146245445e-03 2.883352127738864415e-02 6.173338412870068431e-02 5.381345219223109683e-02 2.483557752269693539e-02 4.757224018069469706e-02 2.101984208149519293e-02 -3.956500382463870417e-03 2.959020870229536401e-02 6.254510030673114673e-02 2.425774867106516783e-02 -8.663239862155867194e-03 1.337519449831422319e-02 7.458951757071777267e-02 4.116056242340829230e-02 1.225630358781831936e-01 2.171391872444710866e-02 3.359164965300506095e-02 8.678771713123190068e-02 3.219486339068472480e-02 -2.022842930930384558e-02 -6.375605578474910669e-03 1.360712210111490739e-02 4.439667145998592995e-02 3.776996205691343644e-02 2.435511202441611664e-02 -2.331707257382404849e-02 -7.757927198404662716e-02 -5.414410367925805850e-02 4.052184616509836579e-02 2.760791430837977734e-02
