0.000000000000000000e+00 3.196779593750959103e-02 -3.646390260008929539e-03 -1.796049479632489190e-02 -1.125823970719955908e-02 3.587172201494129298e-02 2.781108647923149352e-02 -3.968267527111271446e-03 3.595121241962487280e-02 4.021220445065670779e-03 -3.335264181587010990e-02 4.702577317644770355e-02 2.202501716544228837e-03 -1.344605901277423632e-02 -5.143718137687344413e-03 -7.036230815371545544e-02 4.086132398160954859e-02 4.416489916784917952e-02 -3.711307855361718755e-02 6.150676988366647613e-02 3.049918340914612586e-02 1.742251745234618329e-02 3.046852560364207360e-02 6.669737995654230478e-02 2.113076905800072638e-02 -3.940897491063264334e-03 -2.311787499287426897e-02 -2.444481512102152088e-02 2.201486089471929239e-02 -2.473065971954193504e-02 -5.860626480683280015e-02 -1.105503079395031042e-02 -6.184878443509544965e-02 -3.258587953008185850e-02 -3.363133096991627324e-02 3.009800046273106502e-02 3.763045658698286472e-02 2.597428552777795302e-02 -3.388607431660260044e-02 1.527948479933446436e-02 5.138035222893107962e-02 -6.678157961782946357e-03 5.837761164353662095e-03 2.489006210983939205e-02 5.407614279851909178e-02 -6.605271722164099413e-02 9.801633174931143055e-03 2.875508730222848044e-02 -4.514039218459627717e-02 5.877778908217767828e-02 3.066045960395355832e-02 -8.977750842283367672e-02 1.524617044863069322e-02 1.383800733720588587e-02 -8.574658638601688476e-02 -8.162588749663467202e-02 4.951744849651805447e-02 -3.163635058142832968e-02 4.601085845466565405e-02 -2.789309323208232980e-02 -4.138190712730118598e-02 -2.597403075539872833e-02 6.656259265572836816e-04 -1.828816141722664629e-02 6.508990220862104215e-02 3.454543389299671082e-03 -1.963563860048486015e-02 1.085670543096079604e-02
3.196779593750959103e-02 0.000000000000000000e+00 -1.048996926897873272e-01 -8.210698635573682180e-02 4.038988618991375124e-02 -4.842316870478516333e-02 -5.498731049765087642e-02 9.360323552560210515e-04 5.997849337520684554e-02 -5.186902978348966603e-02 -4.075087912295197873e-02 1.741884331467400803e-03 8.409231423357517443e-02 -7.567205441906346697e-02 -3.136607393544752626e-02 5.948653851613864424e-03 7.668118902934779879e-02 5.823874475343623902e-02 -3.194891657167014433e-03 2.115689801106005255e-02 9.678916090315876908e-02 4.347409632495098653e-02 -3.769756589775989739e-03 -9.512165997920282376e-03 2.275902722115823174e-02 2.572421185021376774e-02 4.576633031026160897e-03 -3.374236632077076692e-02 -4.570475376828599806e-02 6.558999474935343910e-02 -3.273542748970350962e-03 4.696471498906541753e-02 -2.738221057278663814e-02 1.610295978458747140e-02 -3.966548389791976770e-02 2.192961141313583967e-02 2.427198286144918032e-02 -3.029118903895413120e-02 -6.104624766957086196e-02 6.918903621350057029e-03 -8.783620141046363794e-02 4.392877194521783990e-02 2.688559265582079333e-02 2.422586495755354660e-02 -2.577671423346276566e-02 5.204083528650091557e-03 -1.563731659972954907e-02 -4.046243402840676157e-02 -4.352453719617151856e-02 -3.538756796797121879e-02 4.352338808101738343e-02 2.986036526004922850e-02 -2.532031950802655917e-03 2.739121848269452514e-02 3.314934951066381835e-02 -5.640981428616603788e-02 5.118933306501744634e-02 -8.315200865626734550e-02 -8.736191089832565093e-02 -5.289769260646071808e-02 -7.765330875650385510e-03 -2.062648716150557171e-02 -3.113306592199595671e-02 -1.202574122894307235e-01 -3.830397210303042310e-02 -9.947838358680700238e-03 3.880083076355547722e-02 1.249376194284019942e-01
-3.646390260008929539e-03 -1.048996926897873272e-01 0.000000000000000000e+00 -8.626516159252799187e-03 -7.705306250075356911e-02 1.283133637187229559e-01 1.204802556474496127e-02 5.436276053032942229e-02 -3.112456930623329690e-02 -4.964694272151055909e-02 -1.097052566463321832e-02 2.496537345325467935e-02 -2.821351770496160691e-02 -6.945048654599762956e-03 -2.987761398869454021e-02 -6.207659514725157729e-02 -4.144888860217079557e-02 -2.967865524783655506e-02 3.051457545346802913e-02 4.563418665199212194e-03 2.147931650492808028e-02 -6.576678272552735627e-02 2.454823823309223302e-02 -2.456151805094809737e-02 2.466605622989936301e-03 1.056163038367018657e-02 8.270325153799500117e-02 -1.527571702087852749e-02 -1.096571602939985096e-02 -2.318434340547680800e-02 8.715596445043360951e-02 -6.653584889319941187e-02 7.576929383771696669e-02 -3.980602364120186011e-03 -3.704250232311770592e-03 -8.094950999546716985e-02 1.208157923470353987e-02 -2.459850643581656601e-02 5.842492885770583788e-02 7.224448307715171380e-02 2.393037551610152983e-02 -8.244054126680364081e-02 8.560449291249505599e-02 1.675055798894650380e-02 -2.434272827177317786e-02 -5.691033182678374713e-02 -2.344928027332262091e-02 -4.347998113299504641e-02 -4.324908674078916521e-02 4.358408645250477081e-02 8.638324105197285954e-03 5.215857423044256702e-02 -4.411115511735944072e-02 1.607019335617282038e-02 1.987807381512979310e-02 1.570747537369574301e-02 -5.463214881380499058e-03 1.490505571725605181e-02 -5.008668147815247690e-02 1.946278747057666320e-02 2.303835542849054854e-02 4.668218779016219261e-02 3.082714685841797704e-03 -9.937462741459894555e-03 2.731965789504147216e-02 -7.932633297492714189e-03 -4.602771702270878201e-02 -6.103931774176912795e-02
-1.796049479632489190e-02 -8.210698635573682180e-02 -8.626516159252799187e-03 0.000000000000000000e+00 7.912475012318696821e-03 8.771322375234581270e-04 1.188999872865128572e-02 -9.627658382076013932e-02 3.268843480844597221e-02 5.701906217419483447e-02 2.458537219454424039e-03 -3.789491513713099530e-02 3.959801304016740547e-02 1.561671333736199332e-02 -1.272092046569211522e-02 -4.478200950095221483e-02 -4.530542274437397016e-02 1.665269665305333172e-02 -2.080551643465647013e-02 -4.922329003843642359e-02 -6.213956481958025913e-02 -1.649125180481554945e-02 2.011272693588905640e-03 -2.534087490746049845e-02 -5.126478918212233615e-02 2.680807789582938944e-02 -6.289087434423810963e-02 2.964273065639474666e-02 -4.961902828403508964e-02 2.148100818312635718e-02 6.343610875247165937e-02 -1.151252061513489446e-02 -2.231956970910993487e-02 -2.900215285810115243e-02 -9.139827901964306389e-02 -4.753635183310442325e-02 3.668625982031017280e-02 4.658711164473290645e-02 -2.138391868181392305e-02 1.491982098359680500e-02 -7.215065254274909134e-02 3.254626195164069674e-02 -1.117654799457999254e-01 3.937100888749823363e-02 -5.477953659939198416e-02 -3.542321475777272799e-02 -6.422791427881368101e-03 -8.716765474830064087e-02 -4.757325911736435403e-02 4.766783816513683186e-02 -4.788729099095524050e-02 8.520941226630630860e-02 -1.393315009689581607e-02 -3.409080107733748755e-02 2.842788598572696876e-02 3.553055380985598033e-02 3.028083984847029439e-02 3.229657043749842305e-02 6.660269834579543580e-02 -2.378316877739769866e-02 1.809444351037287763e-02 1.330720783403229260e-02 -3.508454834653930432e-03 -9.776568653503071860e-02 -9.476368820330939233e-03 7.743235834814707341e-02 -6.222644525342946320e-02 -3.772178882750106682e-02
-1.125823970719955908e-02 4.038988618991375124e-02 -7.705306250075356911e-02 7.912475012318696821e-03 0.000000000000000000e+00 -2.334493092826511740e-02 -5.104111625471134672e-02 7.162000071601706819e-02 6.311920541498705628e-02 -1.657342602812660048e-03 1.104120376828629816e-03 -5.703724028250623662e-02 -8.746948166386832313e-02 -9.819615706707206931e-04 -5.921928556543152450e-02 -4.167341278912328056e-02 7.184903900883723993e-02 -1.780925757094237866e-02 4.766258929291107560e-02 1.372925640788659430e-03 -9.701669476027729999e-02 1.135139875785573654e-01 -8.050907371046921862e-03 -3.848253874205638265e-03 2.339345774063370745e-03 -4.662211070383910812e-03 5.820021070008041253e-02 -1.658806024736945300e-02 5.352312723574526032e-02 -2.267555345024744977e-03 2.788881918170111815e-02 1.135221787845071967e-01 8.541934089653690013e-03 8.429244997922434590e-02 5.800411682153400889e-02 1.889810065353983784e-02 -9.951009756004317031e-02 3.543020896111925139e-02 -8.106200147038826465e-03 -7.813421899358308220e-02 -4.288227659644694434e-02 1.150365347718094100e-03 1.383024046265001090e-02 4.931495624012086770e-02 -1.640798931263255656e-02 1.746134993539922436e-02 8.430277869831217380e-03 -5.945448932430117371e-03 7.335303043619302577e-02 2.256718664043082592e-02 -3.481192398430767859e-02 -3.106246156749336434e-02 -4.459000943749974466e-02 1.562281004456390378e-02 1.699254369330922484e-02 -5.342400923986630190e-02 -8.574699537078966927e-02 -1.540071859857679044e-03 6.092206989395096417e-02 -4.086086136988996420e-02 -2.966646960499789987e-02 -2.885030587821570819e-02 -7.568673781187661154e-02 -2.073651161280592320e-02 8.752632374322981412e-02 7.171127459884366062e-02 1.489653061600675933e-02 2.592948722916755752e-02
3.587172201494129298e-02 -4.842316870478516333e-02 1.283133637187229559e-01 8.771322375234581270e-04 -2.334493092826511740e-02 0.000000000000000000e+00 6.941881609405335662e-02 3.595821040193847296e-02 2.444879698149929337e-02 3.849719936368006801e-02 1.922890615255400462e-02 6.934509760072084250e-02 -8.400578624833796373e-03 -3.476399140211391958e-02 -1.336730814888491964e-02 -5.788686675862821790e-02 -2.793304701782371377e-02 5.544593800667543815e-02 2.779900865772315724e-02 6.981158389616363980e-02 2.942723133492546050e-02 1.142919111656960640e-02 5.493823103184010924e-03 5.685970858357768110e-02 -5.971073058941295253e-02 1.103834504759972773e-01 1.291796729061943719e-02 -4.421530959664413812e-02 1.754703774503776903e-03 -3.223305266834796540e-02 3.436548089460805117e-02 4.611451853051887900e-02 -5.976050258406149888e-03 4.246026559133058396e-03 6.189857749213067278e-02 -3.133382734727900576e-02 -4.442771602930387087e-02 7.106138200924024505e-03 5.667557834348802698e-02 1.128591692738689818e-02 1.352093288850475528e-01 2.745219048288678743e-02 1.175153472274115610e-02 -3.301485959050658170e-02 -9.871008976729531148e-03 -5.386887283457383879e-02 4.734472225023070302e-02 8.519731146952030931e-02 -7.201267094626291609e-02 -5.999598818452255705e-02 -2.225249121482045234e-03 -4.947497518376543779e-02 1.811271668635422785e-02 8.286719533655859116e-02 -6.374569867059570738e-02 7.161414951905857584e-02 4.047318536649875675e-02 5.151754920168902588e-03 1.451238332311798052e-02 -3.624195970790393406e-02 3.182546353221171742e-02 2.399357591107539617e-03 -6.200485508367106074e-02 3.077015209144503063e-02 4.089050843896657739e-02 2.465245875863606578e-02 -1.969393547077592788e-02 3.118395655620297786e-04
2.781108647923149352e-02 -5.498731049765087642e-02 1.204802556474496127e-02 1.188999872865128572e-02 -5.104111625471134672e-02 6.941881609405335662e-02 0.000000000000000000e+00 -6.443408123298828560e-02 2.579558737302439179e-03 3.315555902363893914e-02 9.530855433543473226e-03 1.021559035460017084e-01 2.391794022973406375e-02 8.671822389779426654e-02 -3.325741262572050327e-02 -8.348665269727811172e-03 1.186801076970334448e-02 4.506883387673835811e-02 9.567294431694718659e-02 2.365508507549875933e-02 1.994141772134487914e-03 2.971956878330650476e-02 -5.856053951546213304e-02 3.389316795574309066e-02 -1.913646338651120785e-02 2.115896726615190682e-02 -5.157847824425518257e-02 1.193328687416857908e-02 6.262076412234093836e-02 -1.163961578132604868e-01 9.559445698130622504e-03 -6.527362446967153488e-03 4.580076401598959929e-02 -4.545312871288976000e-03 -2.359645009483361811e-02 1.666154869805202415e-02 -2.497336300218958374e-03 -3.171693836140360157e-02 2.175446332032664881e-02 -5.324294858280914644e-02 -1.524177539149136444e-02 -4.750865257370517902e-02 2.883052925456110194e-02 -1.609731809938064542e-02 2.704706544868385604e-02 -3.379547620092182569e-02 7.266590775326157992e-02 4.742137252221372695e-02 -4.592552769338715396e-02 7.581548311280690566e-02 3.074893858494628929e-02 -3.961094581161590800e-02 6.687266635861809257e-03 -5.747166599776472318e-02 9.328687410776932698e-02 8.414549340770564878e-03 2.705179878908380714e-02 1.351919161953061730e-04 2.894326664656512657e-02 -7.286362950509502057e-02 5.138810494770541804e-02 8.393418388253626877e-03 7.833840706066998172e-02 -1.575952796342259404e-02 -7.740195971070680525e-02 -2.662042424890013678e-02 8.644560672658065104e-02 1.898371602830852337e-02
-3.968267527111271446e-03 9.360323552560210515e-04 5.436276053032942229e-02 -9.627658382076013932e-02 7.162000071601706819e-02 3.595821040193847296e-02 -6.443408123298828560e-02 0.000000000000000000e+00 1.006174012011535820e-02 -1.192807800600088376e-02 4.414295392800342971e-02 -6.978551280924608080e-02 1.846693528962292663e-02 -7.265727062118723829e-03 1.758623330097801307e-02 1.471432379281406144e-03 7.897460278433866485e-03 5.458860325158112516e-03 1.468347088545701555e-02 -4.473562714033173932e-02 7.826361806882500480e-03 -6.275745451418364429e-02 6.734186526359801916e-02 -1.456450986920965716e-02 4.939154762680707939e-02 -3.434428892330779887e-02 -9.538944018511116840e-03 8.953376772980611853e-02 -6.199137022813554394e-03 7.000885135942287729e-02 3.553238589088626720e-02 3.119026341328463847e-02 1.238958626180634761e-03 8.904484354544953129e-02 -5.054682063365032590e-02 -6.181480662202877563e-02 -9.974838026259894019e-02 -1.425602311079520249e-02 1.955746656346375734e-02 3.571889019408010235e-02 3.718883903587605344e-02 -4.577287517099964259e-02 -2.485392943455408312e-03 3.647664821004779900e-02 4.802925325800919826e-02 -9.196098300999284297e-03 -6.570337223970930396e-02 2.776130624781024750e-02 -1.025498820333511571e-02 -1.342916125831184783e-02 -3.623943824765530480e-02 -9.550338318310539615e-03 -5.901480502101895398e-02 7.526923890122549053e-03 1.073357001811740125e-02 3.627558033426830919e-02 -4.337949189450733545e-02 6.987078191192971910e-02 -8.532748550614667297e-04 -5.376652119735143148e-02 1.112283905246020180e-02 6.867595088666432479e-02 2.473477464401380166e-02 -1.725750072454602284e-03 -3.097086382642957880e-03 -1.287434775172050239e-01 3.863233940933971655e-02 -6.226178248349408494e-03
3.595121241962487280e-02 5.997849337520684554e-02 -3.112456930623329690e-02 3.268843480844597221e-02 6.311920541498705628e-02 2.444879698149929337e-02 2.579558737302439179e-03 1.006174012011535820e-02 0.000000000000000000e+00 8.338250459301983775e-03 -5.115800046347521862e-02 -1.618495931515708929e-03 -3.844860130817292360e-02 1.891322047459143008e-02 1.136086760460755345e-02 -2.693242805009057536e-02 -1.114420905850695143e-02 -1.695278055902022310e-02 3.482840406987985221e-02 2.539248710806343498e-02 8.918291836893970856e-03 3.307723577733225062e-02 -1.813637952709579247e-04 1.104940212233973020e-02 2.459272795215680998e-02 -4.522944640602415828e-02 -1.508749061601889208e-01 -2.041530910277764357e-02 -3.826861295908697697e-02 -6.892246797583054252e-02 1.826655179030870976e-02 -4.016537166105699219e-03 -5.260395899869241970e-02 -1.094327055697083897e-02 4.246704050754743914e-02 9.471469323948930596e-02 -5.859084942386313249e-02 -6.431356354047693125e-02 -3.708050512839251162e-02 -3.978281663009963082e-02 -7.994432232178598496e-03 2.905558417301788970e-03 -3.457755808481063637e-03 -9.559518731461645602e-02 2.203369029554744923e-02 4.673824022230807507e-03 6.984525261347594716e-02 5.529051170531538301e-02 -2.511571014387580653e-02 -7.999712146708187884e-04 -1.179521712673925332e-01 -3.758006003058815547e-02 1.067878503141658497e-01 -9.502335647093960655e-03 9.401110325185211072e-03 6.980193831941351734e-02 -1.814541403531422237e-02 9.630477749259293632e-03 1.048464206551292903e-02 7.772240293996518501e-02 -9.418724345523440955e-02 -2.852062595099541520e-02 6.329943769234037954e-02 -4.068821853248139921e-03 -4.592319721479367484e-02 -2.451770079365305811e-03 3.433210102047791479e-02 -6.496582746811215003e-02
4.021220445065670779e-03 -5.186902978348966603e-02 -4.964694272151055909e-02 5.701906217419483447e-02 -1.657342602812660048e-03 3.849719936368006801e-02 3.315555902363893914e-02 -1.192807800600088376e-02 8.338250459301983775e-03 0.000000000000000000e+00 5.167064637027499879e-02 1.547104643506223322e-02 -4.145043199747351637e-02 5.412526407396647810e-02 8.104363049391556661e-03 -2.421857860355237230e-02 -5.982070015203413277e-02 -6.427046111947144758e-03 7.214651402733470581e-03 2.972753538841969856e-02 8.968888720473833231e-02 -7.384278841342163668e-02 -5.613492084063198551e-02 8.388728104970655242e-02 -2.419080905126621867e-04 -5.960788664683112914e-02 1.150381447190060302e-02 3.300367442337450580e-02 -3.000069164492863774e-02 -2.201941296153503771e-02 -8.358486898399644649e-03 -2.234103424556337786e-02 -2.959965308985601506e-02 9.598088290418648610e-03 6.595383703725440916e-02 -3.568367120893785327e-02 2.283927402241557603e-02 -3.489567915776053963e-02 -6.115918422206276239e-02 -4.116708712491475713e-02 5.164886119577479472e-03 -9.703207728480192640e-02 -1.286342050662397651e-01 3.732194881359224281e-02 -2.339012046649293838e-02 3.778570284555989034e-02 -2.055952393645858398e-02 -4.472569145385792838e-02 -7.336501347130430783e-02 -1.343230746780615242e-02 -4.275396344540888932e-02 -5.545728418595751580e-02 5.238407298949428886e-02 -5.017057609488873027e-02 -2.294517073032061039e-02 -2.926672873033327182e-02 -3.479673851438851162e-02 9.773868957777155989e-03 2.154783067756362025e-02 1.366630224410603917e-02 -3.577894436532538108e-02 2.641353041628460158e-03 -8.284275746947282471e-02 -4.087340179642519333e-02 4.022468225331522068e-02 -2.428791697663451599e-02 -5.262858929003585290e-02 -2.700584944575650306e-02
-3.335264181587010990e-02 -4.075087912295197873e-02 -1.097052566463321832e-02 2.458537219454424039e-03 1.104120376828629816e-03 1.922890615255400462e-02 9.530855433543473226e-03 4.414295392800342971e-02 -5.115800046347521862e-02 5.167064637027499879e-02 0.000000000000000000e+00 2.533071582039894687e-02 -4.684767359010269527e-02 5.266441393723080705e-02 1.519070558879900314e-02 9.150302608265896420e-02 -9.897141652324562000e-02 1.391044656113317804e-02 9.594859173492725768e-02 6.330133243791691289e-02 -1.010898341869145706e-01 -1.106482265055895066e-02 7.921980815374687901e-02 -1.340616614914403454e-02 3.714287287239070173e-02 6.946442555320023193e-02 -4.428200016381370063e-02 -3.814995444430701287e-03 6.176521151011200861e-02 -1.640407953605949043e-02 -9.856560601518225828e-02 2.218121721989342598e-02 2.341217443305877374e-02 9.171009050427153531e-02 2.448995456000403748e-02 -6.757859607387972645e-02 2.759388505242762763e-03 1.189415326324077225e-02 -2.021222531289834992e-02 2.443509369517864530e-02 -5.078772658805435353e-02 5.900729996898543273e-02 3.553537740787646865e-02 5.668550083716934751e-02 -3.973411594920803896e-02 -4.171470848339214887e-02 5.728925582486964208e-02 1.293527741379956082e-02 -6.031636540498556270e-02 4.023528541178077872e-02 5.017518884555891533e-03 -1.983093212458302695e-02 -4.769992162113406708e-02 6.376857430925909898e-02 -9.405323573725903746e-03 -2.971849831264441674e-02 -3.330289866908500013e-02 -8.305484140844377958e-03 -5.389591310513965061e-02 1.847213026518145645e-02 -1.736131929517863159e-02 -4.497049697059016249e-02 1.939527704857552234e-03 4.190294892545910060e-02 -1.686858696024734483e-02 3.963079021093145887e-02 -8.818940058831278850e-02 -5.320941224408481940e-02
4.702577317644770355e-02 1.741884331467400803e-03 2.496537345325467935e-02 -3.789491513713099530e-02 -5.703724028250623662e-02 6.934509760072084250e-02 1.021559035460017084e-01 -6.978551280924608080e-02 -1.618495931515708929e-03 1.547104643506223322e-02 2.533071582039894687e-02 0.000000000000000000e+00 1.070278604392385820e-02 3.248530760744366974e-02 -1.317530205949992740e-02 -3.483558087643996715e-02 -4.019976044172213908e-02 2.004524643445316015e-02 5.878866693188099235e-02 -3.962479359852561639e-02 -1.990235144621071289e-02 -6.620925576358240028e-02 3.496373629351530454e-02 2.895903769172793879e-02 -1.645652215162686060e-05 -2.448440542099920847e-02 1.497629144297171928e-02 -4.376568713808784428e-02 6.582562000100489197e-02 -1.678196394422548643e-02 -6.362764968354690798e-02 6.031034180171442743e-02 -6.876473116574904898e-02 -5.127988325023125592e-03 6.724452319392953958e-02 -6.381524861848170138e-02 -5.014957094333131332e-02 -1.692747778803986233e-02 2.620270711135838301e-02 -9.450199625790599300e-02 2.995964655868596158e-02 -3.775104703835198416e-02 -4.386127676931302760e-02 -3.646772717317677426e-03 8.739167482475808379e-02 8.351357987730560761e-02 2.049953000365383957e-02 -6.635487973883522073e-02 4.012247847015284336e-02 2.161311036763377894e-02 -8.482829576687939133e-02 4.694542019846836313e-03 4.212455749234689933e-02 7.360525200380158006e-02 -1.313938305091221295e-02 2.100506241057274390e-02 -1.058244397745919940e-01 -1.927986367072906382e-02 -1.279816857380806569e-02 -2.594887876353138209e-02 3.011015630108200211e-02 -5.728542235589487164e-02 4.281361956972636051e-02 5.928562195892156730e-03 -4.232385988432371682e-02 -1.198202974661660876e-02 -8.176878374504563396e-02 9.797550030584102621e-02
2.202501716544228837e-03 8.409231423357517443e-02 -2.821351770496160691e-02 3.959801304016740547e-02 -8.746948166386832313e-02 -8.400578624833796373e-03 2.391794022973406375e-02 1.846693528962292663e-02 -3.844860130817292360e-02 -4.145043199747351637e-02 -4.684767359010269527e-02 1.070278604392385820e-02 0.000000000000000000e+00 -3.368184055747047018e-02 3.112254969455854892e-02 6.529851261943768470e-02 -5.071208182353757754e-02 -6.086786596505298907e-02 -1.873646718947810652e-02 -1.192150603295830669e-01 -4.342655262431395491e-02 4.202930858901636479e-02 2.399060390821383670e-02 -3.602782822177300753e-03 -4.074283717814435046e-02 3.687116592874392640e-02 -5.425343676983883368e-02 -1.666688216054219157e-02 -8.963628478803206678e-03 2.879644877021503985e-02 2.285436812620053604e-02 -3.598876755040532338e-02 -2.586678720187294070e-02 1.684399537501884850e-03 2.267024276760956029e-03 2.853250809186391734e-02 1.338716217378730367e-01 9.638077947120148037e-02 -4.300659763794739687e-02 -4.041842350469557199e-02 -6.795090530423608839e-03 -2.531708958542160104e-02 -7.191009435674013128e-02 -4.534139523638110181e-02 -1.505022647993613794e-01 -2.107981656026932868e-02 -6.897103100060929075e-03 -1.124231973066985683e-02 -2.837190223363882102e-02 -1.263947587000926465e-01 -2.910062382936683817e-02 1.692336834185673156e-02 -8.318513278990408502e-03 -6.913538940478783368e-02 -3.095706944046566420e-02 5.961384690887202610e-03 1.145615157707808272e-02 2.963658205657235603e-02 -1.121407751852164236e-01 -4.719648385752139852e-02 6.365453315551945768e-02 6.450164890617057778e-02 -2.478010611228983334e-02 8.323467190848980041e-03 -5.164738223198727524e-02 -4.441023962495786043e-02 2.312283367305460052e-02 4.208888040678272768e-02
-1.344605901277423632e-02 -7.567205441906346697e-02 -6.945048654599762956e-03 1.561671333736199332e-02 -9.819615706707206931e-04 -3.476399140211391958e-02 8.671822389779426654e-02 -7.265727062118723829e-03 1.891322047459143008e-02 5.412526407396647810e-02 5.266441393723080705e-02 3.248530760744366974e-02 -3.368184055747047018e-02 0.000000000000000000e+00 3.361321212876020037e-02 2.027459835148772913e-02 4.093599061935501021e-02 2.400307098878136716e-02 6.861435708690823143e-02 4.917752755932426091e-03 3.423200112461178418e-02 1.575177534290548784e-02 -3.838376657647243895e-02 8.917040321015025535e-04 1.304649484611253123e-02 8.703624297219549402e-03 -3.300136638190057786e-02 -1.539650560822178153e-02 5.811750360743164756e-02 1.758512723949576988e-03 -5.821255525786351963e-03 -3.637733948049909349e-02 2.692043242561086361e-02 8.225415224385562024e-03 2.767433539567742268e-02 -4.369291557484164534e-02 -3.628304243574179827e-02 3.132819995139379116e-02 1.784836319470813407e-02 -2.713375368542138635e-02 -5.965306796374459514e-02 -2.985644593094232899e-02 -2.916379858167546940e-02 2.634145492046480186e-02 8.633707920965770499e-02 2.816894712908270260e-02 1.604659354782856512e-02 -1.100213462009788229e-01 5.674566433392967679e-02 1.220172991297537209e-02 2.865892757407056610e-02 -4.698077339192738614e-04 -1.321991184595911091e-02 -8.296434836524640977e-02 -4.746792737530034986e-03 4.588625124070326577e-02 -2.955345215584735327e-02 3.713200478297411927e-02 -6.313677165950311310e-02 -8.777669206906056620e-03 -3.920467308400046869e-02 -4.476899745214116266e-02 7.305579254108300613e-02 -1.157329245848862515e-01 -1.486420947219250881e-02 -2.204083372849822281e-02 -5.857631393685018562e-02 -6.548063296136548417e-02
-5.143718137687344413e-03 -3.136607393544752626e-02 -2.987761398869454021e-02 -1.272092046569211522e-02 -5.921928556543152450e-02 -1.336730814888491964e-02 -3.325741262572050327e-02 1.758623330097801307e-02 1.136086760460755345e-02 8.104363049391556661e-03 1.519070558879900314e-02 -1.317530205949992740e-02 3.112254969455854892e-02 3.361321212876020037e-02 0.000000000000000000e+00 -2.684230552123135355e-02 -1.952592386392326337e-02 -6.880311062941428524e-02 -3.429066308973799382e-02 -2.995086963568976968e-02 7.185600501184744027e-02 3.914351358267854214e-02 -6.249418346559317688e-02 8.849116368221995876e-02 3.395746640360181728e-02 3.333488534785916668e-02 -6.679717776082788605e-02 -5.323634907588610521e-02 4.989995128832275251e-02 1.600266192121531025e-02 2.414154026078670773e-02 -8.449683957356839137e-02 2.939490964689082941e-02 5.263326183732836006e-02 6.819890147775033162e-02 -2.034264165825187473e-02 -1.095352779324679400e-02 2.445533157441200003e-03 -8.420989458777076997e-02 -3.666830313158750410e-02 -2.341681685463628537e-02 -4.487680178653107033e-02 -4.741192071286635251e-02 -5.347076659960914302e-02 -5.727604479285391958e-02 4.341508498663566862e-02 7.582590144717782192e-03 5.620531122554978110e-02 9.790502873798179184e-03 1.885200228640308145e-02 3.249083113735436179e-02 2.028614122964026573e-02 1.794863032797090058e-02 9.215163591631166107e-03 4.476336720797076396e-02 -1.780764239934751539e-02 4.432059724933725547e-02 -2.689987902917698528e-02 6.956696843243282552e-03 3.514009222999125992e-02 -8.699542285489729465e-02 -7.659986618704649197e-02 -8.816968502241970262e-02 6.885204183731122307e-02 -4.006655180245176362e-02 -1.284239247663093546e-02 -6.882645850250954100e-02 -7.114107541275636881e-02
-7.036230815371545544e-02 5.948653851613864424e-03 -6.207659514725157729e-02 -4.478200950095221483e-02 -4.167341278912328056e-02 -5.788686675862821790e-02 -8.348665269727811172e-03 1.471432379281406144e-03 -2.693242805009057536e-02 -2.421857860355237230e-02 9.150302608265896420e-02 -3.483558087643996715e-02 6.529851261943768470e-02 2.027459835148772913e-02 -2.684230552123135355e-02 0.000000000000000000e+00 2.026326596377390349e-02 -2.269976764723243001e-02 -7.153350907518325752e-02 -8.736356584658657234e-03 1.087571121630382387e-01 -2.336520468487777655e-02 4.903859993254840871e-02 -9.763648638073952821e-03 -6.014090693201022686e-02 3.698743121743215678e-02 4.272610600711209544e-02 1.027035106383579997e-02 5.287147381095991944e-02 1.689844393982356183e-02 -7.601279390588142060e-02 1.152615160369605124e-01 2.364942253820291607e-02 3.572292876065860656e-02 -3.461748427533215596e-03 -2.226390129993244607e-02 2.377883537755350052e-02 6.881661116474850626e-02 9.456461138616745893e-03 -1.140345639394914901e-01 1.021053554488851878e-01 7.810277541922977518e-02 2.417040988880859304e-02 -3.206396935578525315e-02 -1.441044452428916767e-01 -3.252364263602628563e-02 -2.200582158740416530e-02 1.629852674548910862e-02 -5.619199085806231980e-02 -2.660134828750653629e-02 3.564148819552220848e-02 5.523377847865977575e-02 -1.043234229147643743e-01 3.377295529737899676e-02 -3.267562547436411724e-02 2.600818632185267557e-02 1.008935296171740645e-02 2.171830987427349549e-02 -1.364346364838513181e-02 3.160744469671711993e-02 3.939014707439843221e-02 -7.908637709429483520e-03 -4.915860630952578053e-02 -3.609543799928378871e-02 -5.689060056899302581e-02 8.916756265082377564e-02 -3.300717096853277716e-02 -2.399029015913359958e-02
4.086132398160954859e-02 7.668118902934779879e-02 -4.144888860217079557e-02 -4.530542274437397016e-02 7.184903900883723993e-02 -2.793304701782371377e-02 1.186801076970334448e-02 7.897460278433866485e-03 -1.114420905850695143e-02 -5.982070015203413277e-02 -9.897141652324562000e-02 -4.019976044172213908e-02 -5.071208182353757754e-02 4.093599061935501021e-02 -1.952592386392326337e-02 2.026326596377390349e-02 0.000000000000000000e+00 2.339826616668327225e-02 6.488395837316912086e-03 3.479961984312632001e-03 2.971812757886744399e-02 -4.438483531821452339e-03 -6.484040803520384200e-02 3.342123494287122659e-02 7.025382662505380571e-02 -6.112376462035279054e-03 2.090640434009208640e-02 2.681267089060965919e-02 2.925619412657295450e-03 3.716226810267218850e-02 7.498678874394169858e-02 -2.023297826891820497e-03 4.087998148737931325e-02 -5.925749305768322241e-03 9.114318902184290194e-02 -1.535008147858549221e-03 -4.399038122773242521e-02 -5.574417500718042290e-02 -5.665875960506637499e-02 -1.925645867960561197e-02 4.144151661550012078e-02 4.470336102727060640e-02 7.002518643565672218e-02 -3.123449428030572114e-02 9.507626015703243838e-02 4.042308927259874451e-03 -7.079263337949201311e-03 1.106088132340714986e-02 5.668220173832028141e-02 -5.686650949276320088e-02 -7.406696115522212742e-02 -3.626592267567526392e-03 -3.143500130032889778e-02 1.821356017473170366e-03 -5.070869943983316586e-02 -4.768939476784755938e-02 3.675031183098112497e-02 5.512725861086778534e-02 -2.134449683902834780e-02 -9.219596708456639922e-02 7.423608347516603327e-04 7.971464361449520641e-02 1.253672714505991818e-02 -4.145769749070707388e-02 1.335687568163996652e-03 -1.097485955097120963e-02 -1.724262870832648370e-02 1.156674645156779892e-03
4.416489916784917952e-02 5.823874475343623902e-02 -2.967865524783655506e-02 1.665269665305333172e-02 -1.780925757094237866e-02 5.544593800667543815e-02 4.506883387673835811e-02 5.458860325158112516e-03 -1.695278055902022310e-02 -6.427046111947144758e-03 1.391044656113317804e-02 2.004524643445316015e-02 -6.086786596505298907e-02 2.400307098878136716e-02 -6.880311062941428524e-02 -2.269976764723243001e-02 2.339826616668327225e-02 0.000000000000000000e+00 -4.987558170186591477e-02 -1.270634515864780545e-01 7.076579798887025485e-02 7.793469925417893058e-04 4.730454305053947983e-02 -3.427616565156036549e-02 -5.935992241778897949e-02 1.674704870970054188e-02 -7.092436143194429110e-02 2.823233836172781355e-02 4.123886338234988846e-02 5.835412089311479283e-02 2.078515443591359702e-02 6.273598460918280995e-02 -2.049426451203703592e-02 7.447386519960208506e-02 -1.113077117455738528e-02 5.481333619686168390e-02 8.914563132589833558e-03 9.644454659235022532e-05 1.070191030362839524e-02 4.020786297024889211e-02 -1.397540204707741623e-02 -2.076597018845094660e-03 3.543774385460568555e-02 -1.168926098518245811e-02 5.578529515030321989e-02 2.721958748649886892e-02 5.874908167223893279e-02 -8.258611413969642323e-02 1.831710603403759879e-02 -4.252239730566766129e-02 2.894590797438588783e-02 -4.429455505965038814e-02 7.594148059854249899e-02 3.580346699707732949e-02 1.775413657473914192e-02 9.513224123054375703e-02 2.714862116037147083e-02 -1.709440938844533978e-02 -7.101050776053388462e-03 -1.639442343046849590e-02 3.624272966726014428e-02 -3.335328106554090455e-02 -3.825035088351200208e-02 -2.709412316456103267e-02 7.349898998296515440e-02 6.073129248282851944e-02 3.250941131041301668e-02 6.441553943828548512e-02
-3.711307855361718755e-02 -3.194891657167014433e-03 3.051457545346802913e-02 -2.080551643465647013e-02 4.766258929291107560e-02 2.779900865772315724e-02 9.567294431694718659e-02 1.468347088545701555e-02 3.482840406987985221e-02 7.214651402733470581e-03 9.594859173492725768e-02 5.878866693188099235e-02 -1.873646718947810652e-02 6.861435708690823143e-02 -3.429066308973799382e-02 -7.153350907518325752e-02 6.488395837316912086e-03 -4.987558170186591477e-02 0.000000000000000000e+00 -3.634244392963008330e-02 2.226447895085321288e-03 5.282909615334350009e-03 -4.143748300819677377e-02 -3.971378239130432530e-02 1.516325521769604917e-02 4.264052455004465475e-02 -1.007446282487985643e-02 -2.331857313821714822e-02 1.217366368653762833e-02 3.316110287699918641e-02 6.825812988209127921e-03 -7.201911715692987936e-02 -4.067588871944170792e-02 -4.417060450362945978e-02 -8.973927543493307249e-03 -1.014887798287272477e-02 -2.096911045595671944e-02 5.061330461806810843e-03 -7.020258865253739544e-02 3.623609887201194313e-02 1.034660367346571484e-02 -3.145902113722724713e-02 1.292746648723481530e-02 1.081992666132816916e-01 4.877990587356469121e-02 8.727553814563276946e-02 3.785372863925317438e-02 -2.903762107655137245e-04 -4.479178328346650195e-02 -3.883946046914609450e-03 -2.616252235630567649e-02 -3.324781705198423531e-02 1.669256098275735461e-03 1.784745481395627262e-02 6.567105243867822628e-02 2.024193339854258450e-02 -1.777652809411704449e-01 -9.249932075635493300e-02 4.267302844856902394e-02 -6.255835311954896505e-02 -7.114445744833511765e-04 -3.170742171251988983e-02 5.445284905610868476e-02 1.282242117082249729e-02 5.711163594199037546e-02 2.959344663195096967e-02 -4.544222307167308794e-02 1.636547960841940041e-02
6.150676988366647613e-02 2.115689801106005255e-02 4.563418665199212194e-03 -4.922329003843642359e-02 1.372925640788659430e-03 6.981158389616363980e-02 2.365508507549875933e-02 -4.473562714033173932e-02 2.539248710806343498e-02 2.972753538841969856e-02 6.330133243791691289e-02 -3.962479359852561639e-02 -1.192150603295830669e-01 4.917752755932426091e-03 -2.995086963568976968e-02 -8.736356584658657234e-03 3.479961984312632001e-03 -1.270634515864780545e-01 -3.634244392963008330e-02 0.000000000000000000e+00 -1.808012862696174380e-02 -5.975335783634921211e-02 -2.519913487057085996e-02 -2.456583440497927748e-02 2.358946007952439014e-02 -1.181562261426490588e-02 8.437710195781095157e-02 5.211299505376390528e-02 -7.310576798213065663e-02 -4.199005262343448626e-03 8.349111916378299837e-05 2.052609092318103540e-02 1.932949342768839566e-03 -1.047123944893523992e-02 5.806442460552012352e-02 2.235201557859815835e-02 -7.391806769568891322e-02 -4.535902518013566753e-02 1.236621408711466308e-02 -1.478684992830002314e-02 4.518555976365887239e-02 -4.693642147012364735e-02 1.525233431185495786e-02 1.661487508882825842e-02 1.372160735799771679e-02 -4.108768409561110863e-02 3.505156460195872625e-02 -5.088984202830156012e-02 3.101173519590070746e-02 4.010899169018423277e-02 5.539893725861297011e-03 -4.015491504263164757e-02 4.115032674067870683e-02 -4.230049952289307441e-02 2.618073545156809553e-02 -5.855253331655679849e-02 8.522740808647231991e-02 2.314238062409065821e-02 -7.591891563801669851e-02 6.453793353820987122e-02 6.555132015197039086e-02 -8.272109874472263757e-02 -2.334049033545082009e-03 3.162331633725778014e-03 2.916293693682476401e-02 5.093399510315163581e-02 4.436751106528205590e-02 -1.439894232163926348e-02
3.049918340914612586e-02 9.678916090315876908e-02 2.147931650492808028e-02 -6.213956481958025913e-02 -9.701669476027729999e-02 2.942723133492546050e-02 1.994141772134487914e-03 7.826361806882500480e-03 8.918291836893970856e-03 8.968888720473833231e-02 -1.010898341869145706e-01 -1.990235144621071289e-02 -4.342655262431395491e-02 3.423200112461178418e-02 7.185600501184744027e-02 1.087571121630382387e-01 2.971812757886744399e-02 7.076579798887025485e-02 2.226447895085321288e-03 -1.808012862696174380e-02 0.000000000000000000e+00 7.731126704656175741e-02 4.937200735770281429e-02 5.473608167301496907e-02 -4.441006255425352517e-02 1.489432642714495726e-03 5.724079927227412184e-02 4.137108939653585428e-03 -3.664859429281352304e-02 5.292454272957174133e-02 -1.445977240913037982e-02 7.100978408843691692e-02 2.711903540890037850e-02 -3.657324255067872371e-02 -9.447538227534461874e-03 2.220015132005993038e-03 5.292651214848766161e-02 -3.291548362655750265e-02 5.117088279903528845e-03 1.645268762638220708e-02 7.145180369429766920e-02 -1.001545994536922300e-02 -9.367018489074131760e-02 7.618051823203296144e-03 4.283911385499269975e-02 1.658732421585549458e-03 -2.886697440854538513e-02 2.790801375768628065e-02 3.201341098069475193e-04 -7.567216547215605167e-03 -1.550262650820843392e-02 -2.207864286446492574e-02 -5.337281880011170848e-02 -6.999825762112394344e-03 -1.056432134476171375e-02 2.869296654050347214e-02 7.414334432273038400e-02 -3.518603466558942183e-02 2.624723827569707887e-02 3.340854480634307400e-02 2.605724846011392686e-03 -3.346797115304200876e-02 -1.042870331641231919e-02 -3.773297247734872656e-02 -2.331531147548413993e-02 -6.140621575213337652e-02 2.261465599804763846e-02 2.545909981913358627e-03
1.742251745234618329e-02 4.347409632495098653e-02 -6.576678272552735627e-02 -1.649125180481554945e-02 1.135139875785573654e-01 1.142919111656960640e-02 2.971956878330650476e-02 -6.275745451418364429e-02 3.307723577733225062e-02 -7.384278841342163668e-02 -1.106482265055895066e-02 -6.620925576358240028e-02 4.202930858901636479e-02 1.575177534290548784e-02 3.914351358267854214e-02 -2.336520468487777655e-02 -4.438483531821452339e-03 7.793469925417893058e-04 5.282909615334350009e-03 -5.975335783634921211e-02 7.731126704656175741e-02 0.000000000000000000e+00 4.349612630506133511e-03 6.315380516647444223e-03 3.589924444133955894e-02 5.790229648883189750e-02 -7.444832902959380716e-02 -2.265505233038754215e-02 8.962887420116774639e-02 -8.389703958794049454e-02 -1.240931252387502022e-02 -1.210978956099913184e-02 6.004304491559913498e-02 5.465819072694736575e-02 3.008325032109184730e-03 3.476767681232417057e-02 -2.536168671237779698e-02 8.478923530737259018e-03 -7.042368413707353336e-03 -2.119158079644208048e-02 -8.951667943509290792e-02 -2.019105101358267124e-02 -3.286358216880436861e-02 2.539898036973059145e-02 4.574788319664573229e-03 -3.390998725124240443e-02 -2.069196092558900010e-02 8.583437972430135732e-02 -2.528189081389243349e-04 3.399016112495126252e-02 5.269155276290482526e-02 -5.583071506706124842e-02 -5.079692964092382551e-02 -3.230954803119255418e-03 5.553383670872411720e-02 4.628904047285047930e-03 -3.944416103072811985e-02 -5.450406397303458883e-02 -5.981680464776301803e-02 -2.484391796484342312e-03 -2.794518916947041562e-02 -2.450347013531536250e-02 1.087598101390093754e-02 -1.843314249441437361e-02 4.095071108335179150e-02 -1.618150558874711237e-02 3.907206600401796903e-02 7.719812497108159699e-02
3.046852560364207360e-02 -3.769756589775989739e-03 2.454823823309223302e-02 2.011272693588905640e-03 -8.050907371046921862e-03 5.493823103184010924e-03 -5.856053951546213304e-02 6.734186526359801916e-02 -1.813637952709579247e-04 -5.613492084063198551e-02 7.921980815374687901e-02 3.496373629351530454e-02 2.399060390821383670e-02 -3.838376657647243895e-02 -6.249418346559317688e-02 4.903859993254840871e-02 -6.484040803520384200e-02 4.730454305053947983e-02 -4.143748300819677377e-02 -2.519913487057085996e-02 4.937200735770281429e-02 4.349612630506133511e-03 0.000000000000000000e+00 -2.574577453256400236e-02 -2.511521045213348582e-02 1.832724343055262828e-02 6.417949344356510544e-02 -6.348455512492372568e-03 1.556186944903953200e-02 3.065940821614030962e-02 -5.638668295216245352e-02 1.148905700749674845e-02 1.167204146635208778e-03 -7.632002901999451749e-02 -4.674730388001365616e-02 -6.930379677580908448e-02 5.862726585944242307e-03 2.988473992785571805e-03 2.897365635669470890e-02 6.184577032220285597e-02 5.411044913630265463e-02 2.480020610632346911e-02 4.757881911921595097e-02 2.106112838344326513e-02 -3.875058183558887509e-03 2.953175448307119103e-02 6.248433324212897266e-02 2.424873624280632703e-02 -8.664623399327468431e-03 1.395810150457493272e-02 7.463604665026818408e-02 4.126252059127865496e-02 1.223777414826785481e-01 2.172589282386956644e-02 3.368246895250364553e-02 8.682357791554239090e-02 3.337474665422121567e-02 -2.014018273551386115e-02 -6.431006493342257199e-03 1.372969680423076488e-02 4.528945022057460218e-02 3.781174695493064175e-02 2.435233507010299212e-02 -2.330962409533491111e-02 -7.756085068292276063e-02 -5.418896326177217310e-02 4.054493887804486163e-02 2.765918106152804798e-02
