0.000000000000000000e+00 3.182376569932565680e-02 -3.549657788446063111e-03 -1.785092427023359310e-02 -1.117551826927908228e-02 3.589737180557626278e-02 2.883870680194160901e-02 -3.806361111436892992e-03 3.597206428817538437e-02 4.230734279851317350e-03 -3.315115204116734354e-02 4.731557619086087380e-02 2.085736435720258845e-03 -9.437946906939054248e-03 -4.952207144874844029e-03 -7.004749063114397434e-02 4.089760869717855990e-02 4.429619343223070022e-02 -3.685591867540859851e-02 6.146927647641164949e-02 3.046412200650041452e-02 1.759134924089781823e-02 3.063021749213340472e-02 6.641034888422549243e-02 2.119044583925253772e-02 -4.055188719732410324e-03 -2.420417769378245890e-02 -2.403162962447649362e-02 2.499813270479172081e-02 -2.317712247566993539e-02 -5.862505429241979954e-02 -1.121987643114038917e-02 -6.172681795025883322e-02 -3.241823488050960683e-02 -3.361466515268578259e-02 2.970032324518060221e-02 3.751860237000834153e-02 2.593686044709844069e-02 -3.384618224138313120e-02 1.520897688555989877e-02 5.120184320430846286e-02 -6.554846535118790882e-03 5.546005268420700282e-03 2.504818452481741287e-02 5.430112863857092242e-02 -6.593157047807696181e-02 9.998166771707225203e-03 2.865652943823664492e-02 -4.512436038930375815e-02 5.866867421913778136e-02 3.090879482335272960e-02 -8.984617491782471987e-02 1.506532351788463994e-02 1.368827203996251900e-02 -8.534401162729148005e-02 -8.141090099724540563e-02 4.908318177918460229e-02 -3.164996369754792538e-02 4.585732842311360941e-02 -2.801204080139517438e-02 -4.144478272838899441e-02 -2.597556158390405476e-02 8.479677831295084336e-04 -1.844550904780567144e-02 6.513146546293546724e-02 3.448161214899075032e-03 -1.986354037699547548e-02 1.082515134266571512e-02
3.182376569932565680e-02 0.000000000000000000e+00 -1.045972069242543795e-01 -8.232014685431671142e-02 4.059459379143383340e-02 -4.852580367846245218e-02 -5.553231028229184407e-02 4.449922197118339156e-04 6.038838830226343074e-02 -5.229821673495593792e-02 -4.062740643134656049e-02 1.604368517563135041e-03 8.454439759078916095e-02 -7.570208722247957767e-02 -3.120843117926784191e-02 6.042530704720721832e-03 7.663058401599148750e-02 5.802594866978934979e-02 -3.064098688294109550e-03 2.099542202762617882e-02 9.683836936435671894e-02 4.652191966915203425e-02 -3.149476978766998884e-03 -8.898881328525981571e-03 2.523825901647954242e-02 2.553156389199241413e-02 6.303015007579267429e-03 -3.440621652423317411e-02 -4.547591095865283900e-02 6.519440494100410544e-02 -3.231855953935997092e-03 4.689194762440015984e-02 -2.731459054982435589e-02 1.636430799169035638e-02 -3.985176276698337849e-02 2.213418529770439652e-02 2.414739165898980439e-02 -3.033365651545935279e-02 -6.101236716420706946e-02 6.864950468298748609e-03 -8.837053692959401241e-02 4.351162355112657421e-02 2.650109408952491460e-02 2.394050686708512274e-02 -2.570867388388434205e-02 5.166111271852624753e-03 -1.567456555670873608e-02 -4.089781284918755921e-02 -4.352689244429862325e-02 -3.521545750546740960e-02 4.350380878485771846e-02 2.979951684432718961e-02 -2.583473006095846243e-03 2.722716956530090923e-02 3.318642471602188670e-02 -5.641396763387506591e-02 5.119066695440017967e-02 -8.338332461993368250e-02 -8.759393397259712666e-02 -5.273162054290664313e-02 -6.553608768957650856e-03 -2.209681313960360979e-02 -3.122942004870908617e-02 -1.204711811325906573e-01 -3.845458073313122449e-02 -9.818278226600519326e-03 3.883731878682628036e-02 1.247706149314822266e-01
-3.549657788446063111e-03 -1.045972069242543795e-01 0.000000000000000000e+00 -9.002811164498919147e-03 -7.691142633387713923e-02 1.287139336669304024e-01 1.290975719506481413e-02 5.549642351336585983e-02 -3.198877549125275777e-02 -4.978460614977982257e-02 -1.070068292214884989e-02 2.513587765044215591e-02 -2.809799125720892701e-02 -6.888956400546869009e-03 -3.050126399429101479e-02 -6.084662212991887031e-02 -3.765460523378959257e-02 -2.940719517689830212e-02 3.040747048978091269e-02 4.758843711978444531e-03 2.366583867319555293e-02 -6.589690195354723501e-02 3.701386900191851875e-02 -2.450202659332880589e-02 2.056689472470986813e-03 1.759150117331708535e-02 9.112247631242796631e-02 -1.497377013325533641e-02 -1.056640297368692527e-02 -2.251694390744706648e-02 8.758433976447156655e-02 -6.673847988121484054e-02 7.619694791578630888e-02 -3.999137630498336531e-03 -3.660809837562916270e-03 -8.082133355914455919e-02 1.235228429750461626e-02 -2.450282698450576696e-02 5.903793376311910340e-02 7.263803347586239578e-02 2.465961372822259023e-02 -8.240387374294730338e-02 8.600485493026550909e-02 1.713037198600498787e-02 -2.405319299762635407e-02 -5.642898625481879843e-02 -2.356254986277570018e-02 -4.334817262254594267e-02 -4.301677700522424375e-02 4.409464800683011998e-02 9.014618220735515219e-03 5.276236316855889563e-02 -4.383741132894238002e-02 1.600717225638586400e-02 2.011093958344076574e-02 1.558938424150237839e-02 -4.473455265575458639e-03 1.531149569276594145e-02 -5.023097432452899858e-02 1.961841241102601704e-02 3.000625894885087380e-02 4.680522101709445187e-02 2.503327508342507914e-03 -9.970985348132224355e-03 2.691052249322570603e-02 -8.487318437544544639e-03 -4.540498036422534189e-02 -6.032013639886976003e-02
-1.785092427023359310e-02 -8.232014685431671142e-02 -9.002811164498919147e-03 0.000000000000000000e+00 7.952436526130292338e-03 9.124873643405727059e-04 1.242773869284719522e-02 -9.607221050799226447e-02 3.284631962931965771e-02 5.798089962445160395e-02 2.581999738171243067e-03 -3.733563277531570107e-02 3.933113118303198374e-02 1.530728920062051322e-02 -1.264941663190907381e-02 -4.478254562527165389e-02 -4.553698077955273260e-02 1.649085995099101171e-02 -2.093517280094810487e-02 -4.636550393499629108e-02 -6.190970655570252057e-02 -1.683793051845376698e-02 1.227366017677074131e-03 -2.244924893294661036e-02 -5.115525754532646019e-02 2.633454794704084140e-02 -6.177203980762744490e-02 3.385536196182249019e-02 -4.957235775334189326e-02 2.119641309917872848e-02 6.345493363975321377e-02 -1.137184882309655309e-02 -2.249364609452670499e-02 -2.933592571096658302e-02 -9.151572753871529964e-02 -4.739432452251215316e-02 3.649563193611726070e-02 4.713686629930163158e-02 -2.142973888336237656e-02 1.473543518036283043e-02 -7.234697362864526970e-02 3.217555715462052518e-02 -1.114735282284168572e-01 3.946361720499805270e-02 -5.499465028016781859e-02 -3.541862574768671335e-02 -6.401906163916899761e-03 -8.766341525156362557e-02 -4.750322630900980642e-02 4.781141927640934070e-02 -4.795259832929853888e-02 8.516852926737786267e-02 -1.388837123378482662e-02 -3.384930588398991913e-02 2.844595018943002485e-02 3.528760454928753232e-02 3.022734981637391002e-02 3.267163569792223832e-02 6.644797553370655752e-02 -2.389558085993327002e-02 1.559003174218257133e-02 1.361760702960079263e-02 -3.919704067130197651e-03 -9.819450113884062303e-02 -9.541635467848891272e-03 7.739482843327692707e-02 -6.233324310299583754e-02 -3.775711856390979310e-02
-1.117551826927908228e-02 4.059459379143383340e-02 -7.691142633387713923e-02 7.952436526130292338e-03 0.000000000000000000e+00 -2.237238964296437913e-02 -5.108757953743907343e-02 7.160522629322806087e-02 6.398780217950403304e-02 -1.703290924990667060e-03 1.199958629220689976e-03 -5.685630187159303878e-02 -8.704053431114638917e-02 -7.263058413731918270e-04 -5.603819821870168610e-02 -4.176871182343009498e-02 7.193553527993672148e-02 -1.780188536185741549e-02 4.775583469079209414e-02 1.301796191676289453e-03 -9.692915237319138511e-02 1.136458763852780801e-01 -9.272953505605972466e-03 -2.925728559794145336e-03 2.455795915673547603e-03 -4.469973120111048193e-03 5.581555880729638375e-02 -1.706934807970206941e-02 5.365922260466453320e-02 -2.509033339387593906e-03 2.791247394362304096e-02 1.145394568601897090e-01 8.578251407505017856e-03 8.482130631790794906e-02 5.803051654672677917e-02 1.887916192842027663e-02 -1.002774877379851159e-01 3.540116007711791024e-02 -8.142938996935661367e-03 -7.799517027611907460e-02 -4.335614961467982448e-02 8.795615710461870658e-04 1.380387662896915939e-02 4.886663595963242068e-02 -1.645792117848194833e-02 1.750483346195925299e-02 8.579397947699275717e-03 -6.050932571884042911e-03 7.328006720942717434e-02 2.221494054995131612e-02 -3.518826015487210024e-02 -3.110788863889828518e-02 -4.463327375892967713e-02 1.580161800892609936e-02 1.615320998022829954e-02 -5.327966429293133632e-02 -8.643827582759493200e-02 -1.729177036550223279e-03 6.091582984051067268e-02 -4.136639732343055931e-02 -2.848670251772595155e-02 -2.945292947260940569e-02 -7.577230593433562089e-02 -2.102033416353644990e-02 8.738568613679659203e-02 7.172735952585575225e-02 1.470741395392908754e-02 2.559099292932790273e-02
3.589737180557626278e-02 -4.852580367846245218e-02 1.287139336669304024e-01 9.124873643405727059e-04 -2.237238964296437913e-02 0.000000000000000000e+00 7.030830315327485369e-02 4.086880179330013019e-02 2.461924481299329961e-02 4.301602144821060209e-02 1.973590035336863016e-02 7.123962582349942230e-02 -8.162422896943223594e-03 -3.372794885693362194e-02 -1.207466893568048122e-02 -5.779111184186108696e-02 -2.750323903150050930e-02 5.562321127388661357e-02 2.808348692096365729e-02 6.985936749782371835e-02 2.956894306692204114e-02 1.116119129387085213e-02 6.535146037906551519e-03 5.703828420725958609e-02 -5.955827883157116531e-02 1.109162238992574545e-01 1.473473699187234122e-02 -4.212411740098115365e-02 2.217100626147180606e-03 -3.188902678569523891e-02 3.450261942831352874e-02 4.692543640676167388e-02 -6.053042903752633291e-03 5.091179182553282750e-03 6.218734413173120090e-02 -3.144546825068929297e-02 -4.453672406643179732e-02 7.124270557472103457e-03 5.644778058959736694e-02 1.112966714272323535e-02 1.354833598413703599e-01 2.750139172999442605e-02 1.145977846900201637e-02 -3.240505600575280948e-02 -9.731781209906415278e-03 -5.365844620936079806e-02 4.727159345506805332e-02 8.565255557043893742e-02 -7.201666826636375640e-02 -5.980511813911763147e-02 -2.357372782982238013e-03 -4.961864387339430527e-02 1.802346964536399171e-02 8.269381058351039926e-02 -6.336827725017027402e-02 7.156481634977321371e-02 3.957082309219479149e-02 5.600500216451079726e-03 1.458585395623986786e-02 -3.626622587925097674e-02 3.190716930760893050e-02 3.502637081872740643e-03 -6.179367028405205464e-02 3.104704900907762077e-02 4.095772364851940628e-02 2.436666877381559251e-02 -1.986637273683591540e-02 3.662570443501255010e-04
2.883870680194160901e-02 -5.553231028229184407e-02 1.290975719506481413e-02 1.242773869284719522e-02 -5.108757953743907343e-02 7.030830315327485369e-02 0.000000000000000000e+00 -6.020220055592202801e-02 2.303734307026224313e-03 3.935427410073977228e-02 1.013260184775026211e-02 1.020782656818415013e-01 2.364454893809158839e-02 9.331468450579387397e-02 -3.338276033383776042e-02 -8.001343332509781164e-03 1.245508694436344051e-02 4.608534772429642712e-02 9.618596784663045740e-02 2.431619858894252736e-02 3.526090012559739226e-03 2.909147302524242931e-02 -5.676703674086684692e-02 3.530457733747287274e-02 -1.855966447070371214e-02 2.143180917171195674e-02 -4.865747844388308707e-02 3.011025378112235779e-02 6.469259380406748583e-02 -1.111780751002265089e-01 9.562078703018242476e-03 -6.248241456963459124e-03 4.601385644027641136e-02 -3.446438740565228517e-03 -2.334148459491914782e-02 1.569688278523833497e-02 -2.450624860505098371e-03 -3.179199955187356902e-02 2.149830303230980053e-02 -5.340629138808177662e-02 -1.482191961208031809e-02 -4.780912377580938399e-02 2.841150174190790190e-02 -1.648477050454537698e-02 2.676856233686319628e-02 -3.444567274997407252e-02 7.231227691955202652e-02 4.652037308259986126e-02 -4.569308941881222025e-02 7.617389246903313871e-02 3.077699548896506432e-02 -3.955071897045980139e-02 6.682160157647954943e-03 -5.831984807434045098e-02 9.364973335158494061e-02 8.501336018733858177e-03 2.762796574733615562e-02 1.046686238064359255e-03 2.881635437587422299e-02 -7.303250973894126474e-02 4.896036566184155947e-02 9.058410869088715303e-03 7.887552888423157715e-02 -1.617651424323342593e-02 -7.705947966579443364e-02 -2.635484880423670517e-02 8.560499449386134441e-02 1.940151637408434049e-02
-3.806361111436892992e-03 4.449922197118339156e-04 5.549642351336585983e-02 -9.607221050799226447e-02 7.160522629322806087e-02 4.086880179330013019e-02 -6.020220055592202801e-02 0.000000000000000000e+00 1.008674755206591042e-02 -9.616802210996970579e-03 4.456001510484528666e-02 -6.893807164208115568e-02 1.845990471657880938e-02 -1.040966291383882457e-03 1.769357859169085057e-02 1.450489831066284919e-03 9.106551397194762379e-03 5.876549855806262670e-03 1.516495824825887101e-02 -4.467206813287046691e-02 9.223536960347640881e-03 -6.276138448417764581e-02 6.884933224088399251e-02 -1.348186020494340949e-02 4.920016923297939465e-02 -3.348977943667557494e-02 -8.813128783488740833e-03 8.976605465732165334e-02 -5.376967683968608171e-03 7.096089072954965549e-02 3.553117154260417715e-02 3.200609051996693155e-02 1.379298343304758041e-03 8.958000436085679363e-02 -5.014391721936503621e-02 -6.204075673015180259e-02 -1.003526087299835140e-01 -1.403229362131445772e-02 1.964515903949601988e-02 3.559650742585834804e-02 3.788658317557483390e-02 -4.573184379735706351e-02 -2.370628719477638115e-03 3.672295989612366085e-02 4.807393457202047138e-02 -9.237546731611962977e-03 -6.545003273375325781e-02 2.749242119405658283e-02 -1.033086775575532516e-02 -1.325401508447796375e-02 -3.636195626252071433e-02 -9.744115185109702981e-03 -5.898941629220456895e-02 7.426925543077602873e-03 1.057864869663239192e-02 3.660708816416125000e-02 -4.351868866363760302e-02 7.049881408259341120e-02 -1.026560251230266771e-03 -5.439639059711514485e-02 9.920098294498891009e-03 6.959599212491636433e-02 2.485009558936907004e-02 -1.886514310073905947e-03 -3.261410905258549289e-03 -1.288004841669994072e-01 3.847258740819537587e-02 -6.596722952434850781e-03
3.597206428817538437e-02 6.038838830226343074e-02 -3.198877549125275777e-02 3.284631962931965771e-02 6.398780217950403304e-02 2.461924481299329961e-02 2.303734307026224313e-03 1.008674755206591042e-02 0.000000000000000000e+00 8.334926207017399197e-03 -5.126584063103117872e-02 -9.519503277153321032e-04 -3.839925528622775697e-02 1.879497572434100580e-02 1.295352847371929010e-02 -2.729945855774176464e-02 -1.158352688707160044e-02 -1.713310924793617213e-02 3.459020265412759976e-02 2.550029054542277476e-02 8.565074641323873125e-03 3.466500253889222977e-02 -1.521721563996683959e-03 1.424086465038364863e-02 2.496998357026548876e-02 -4.600932546467616929e-02 -1.523732160054484530e-01 -1.988260605744095189e-02 -3.822779310069651659e-02 -6.907707818118301313e-02 1.811475344222782113e-02 -3.929526959788822230e-03 -5.272587959300505112e-02 -1.140430953263571294e-02 4.270652781094953082e-02 9.476503655417795047e-02 -5.925247407329124055e-02 -6.420691050862685489e-02 -3.708123354329047328e-02 -4.021069483421368940e-02 -8.253319621383726004e-03 2.759771749020449669e-03 -2.205055232667483840e-03 -9.567870946099545082e-02 2.182814517794564799e-02 4.506453647641127901e-03 6.963809627992080531e-02 5.537699753932428387e-02 -2.513196314210999413e-02 -9.636549435890181051e-04 -1.179856287434136869e-01 -3.737431588498330709e-02 1.065264463382745719e-01 -9.606987945975189666e-03 9.206074099709814912e-03 7.001403075221993011e-02 -1.936092866978732230e-02 1.018235678968421216e-02 1.047525436843430025e-02 7.656484133401035563e-02 -9.837426487274782139e-02 -2.822547296988229745e-02 6.325795071282473703e-02 -3.952839285607702945e-03 -4.605472232433992924e-02 -2.441958551320766533e-03 3.434999056391784683e-02 -6.473932962858799933e-02
4.230734279851317350e-03 -5.229821673495593792e-02 -4.978460614977982257e-02 5.798089962445160395e-02 -1.703290924990667060e-03 4.301602144821060209e-02 3.935427410073977228e-02 -9.616802210996970579e-03 8.334926207017399197e-03 0.000000000000000000e+00 5.210233584027699344e-02 1.720109093259792124e-02 -4.121562799800038840e-02 5.526189884531483576e-02 7.990199364613623928e-03 -2.449777365572594970e-02 -6.008208509626368488e-02 -5.840345435084494732e-03 7.796627756113136062e-03 3.144597336433956059e-02 8.920342375660855749e-02 -7.392862516518394767e-02 -5.633641333310051430e-02 8.428369617411485271e-02 -3.630689161255895884e-04 -5.900348032698460310e-02 8.234606066419651246e-03 3.719171723383134925e-02 -2.908323460617249709e-02 -2.189318411860978128e-02 -8.211007466338701363e-03 -2.192096794232328491e-02 -2.952014240848468626e-02 1.023914780151507879e-02 6.578649408765281648e-02 -3.598900585637523908e-02 2.217579288931557577e-02 -3.463418955298770696e-02 -6.114308545674727868e-02 -4.152459493452250600e-02 4.920935936745436841e-03 -9.733602535525784361e-02 -1.285794595129712559e-01 3.778901285315570957e-02 -2.347138358445796311e-02 3.734774595983687134e-02 -2.046823574369223755e-02 -4.495747437071858504e-02 -7.364998488222770923e-02 -1.358070957724842077e-02 -4.281770798518189092e-02 -5.555808907393117863e-02 5.220423384154755653e-02 -4.988162884621927945e-02 -2.305230629605799220e-02 -2.937663565824425241e-02 -3.544461181970690045e-02 1.024460175527389973e-02 2.147633269192262065e-02 1.296692725289602319e-02 -3.585784791246753728e-02 3.777997440024792597e-03 -8.283799847294363861e-02 -4.128227369848633255e-02 3.997811783210723779e-02 -2.458198705755415894e-02 -5.266577889929247025e-02 -2.728272148753705523e-02
-3.315115204116734354e-02 -4.062740643134656049e-02 -1.070068292214884989e-02 2.581999738171243067e-03 1.199958629220689976e-03 1.973590035336863016e-02 1.013260184775026211e-02 4.456001510484528666e-02 -5.126584063103117872e-02 5.210233584027699344e-02 0.000000000000000000e+00 2.581182013072375742e-02 -4.468373652731388868e-02 5.311639685497293595e-02 1.519460385110242215e-02 9.152373948732861475e-02 -9.853966887644215189e-02 1.618064724364701515e-02 9.650793347332828342e-02 6.306563358822124543e-02 -1.003622691643158843e-01 -1.102000732878808363e-02 7.818371749213753885e-02 -1.373446011299411101e-02 3.685317950293720557e-02 7.130104461753544731e-02 -4.409989454826101357e-02 -3.676912456410550908e-03 6.257610905917844468e-02 -1.607820694555226262e-02 -9.801690226048555277e-02 2.286310262932568851e-02 2.348418637863339958e-02 9.436373585741147929e-02 2.455857276957265634e-02 -6.765543596574735696e-02 2.623924554800857734e-03 1.202331035020329057e-02 -2.032828519686494945e-02 2.457594978513758313e-02 -5.071777583270958845e-02 5.892480778403123842e-02 3.528139842541225951e-02 5.680517470116547285e-02 -3.974256793455691744e-02 -4.155090530991201181e-02 5.748971842793985237e-02 1.289159593496400948e-02 -6.026930169374869473e-02 3.995984943702299286e-02 4.924271652009620803e-03 -1.997155614499127041e-02 -4.776513770517896301e-02 6.369337361800635200e-02 -9.772684792455832090e-03 -2.983378821923322530e-02 -3.309325616053170049e-02 -8.853137895057039408e-03 -5.412759438002850282e-02 1.791192137000397269e-02 -1.859145197890483409e-02 -4.542771802955055532e-02 1.655860017772104852e-03 4.156836306971592454e-02 -1.657381409399969960e-02 3.955562419893512982e-02 -8.815114879345779808e-02 -5.309131584118551017e-02
4.731557619086087380e-02 1.604368517563135041e-03 2.513587765044215591e-02 -3.733563277531570107e-02 -5.685630187159303878e-02 7.123962582349942230e-02 1.020782656818415013e-01 -6.893807164208115568e-02 -9.519503277153321032e-04 1.720109093259792124e-02 2.581182013072375742e-02 0.000000000000000000e+00 1.095303769637863585e-02 3.315543621530782359e-02 -1.253255331799892763e-02 -3.496002997411979535e-02 -3.999086615963925312e-02 2.043837033862559369e-02 5.877384264184647156e-02 -3.769758215454964423e-02 -1.971535005264545698e-02 -6.625219616050816163e-02 3.444233963803307319e-02 2.922321887071250776e-02 -6.017632261681320926e-05 -2.355901615869773411e-02 1.544911106801318337e-02 -4.257217170543349527e-02 6.616376387208282306e-02 -1.644126412445299709e-02 -6.352246966170743692e-02 6.056027815695421562e-02 -6.874915117443394785e-02 -4.292222002049971355e-03 6.735266819253862836e-02 -6.378958952754275324e-02 -5.074485105211396646e-02 -1.677894837583825474e-02 2.617219176216817669e-02 -9.450694136532020173e-02 2.912191222719237235e-02 -3.819008154175238673e-02 -4.393368124395067437e-02 -3.715129152690187057e-03 8.756935672319311748e-02 8.388629380573350836e-02 2.073514941804754583e-02 -6.613849502733719354e-02 3.998602618262488834e-02 2.136526795359220202e-02 -8.499007922138779314e-02 4.798163664813857865e-03 4.224628804548222205e-02 7.375504557079258505e-02 -1.380289733392616423e-02 2.087755118902545268e-02 -1.059180615469067083e-01 -1.949271718994207564e-02 -1.286378117492567238e-02 -2.600876318560695413e-02 2.950338113740175530e-02 -5.721851633062770282e-02 4.268127043410250426e-02 5.786980329820641880e-03 -4.217107078995697284e-02 -1.167480817178261424e-02 -8.174736759088900573e-02 9.801371058613120302e-02
2.085736435720258845e-03 8.454439759078916095e-02 -2.809799125720892701e-02 3.933113118303198374e-02 -8.704053431114638917e-02 -8.162422896943223594e-03 2.364454893809158839e-02 1.845990471657880938e-02 -3.839925528622775697e-02 -4.121562799800038840e-02 -4.468373652731388868e-02 1.095303769637863585e-02 0.000000000000000000e+00 -3.349940848103449137e-02 3.089480342567915358e-02 6.525850304388258749e-02 -5.076147884271003247e-02 -6.067029469386595736e-02 -1.869395484108164751e-02 -1.189850043882301894e-01 -4.327600464328856117e-02 4.242540385795232072e-02 2.333581431768566930e-02 -3.157024565306443178e-03 -3.943284597397171687e-02 3.670973063324128177e-02 -4.955242125412178539e-02 -1.598577683230180055e-02 -8.392848350904836066e-03 2.861445751713356453e-02 2.408048350524514755e-02 -3.483834146735662052e-02 -2.585636720265770128e-02 3.888150808584448902e-03 2.269360172416151882e-03 2.862174094830890331e-02 1.337623903706133821e-01 9.636091602885349383e-02 -4.313121862577249527e-02 -4.052535572202858871e-02 -6.455213121136286342e-03 -2.557703455837518139e-02 -7.188753190749823385e-02 -4.515271826360081620e-02 -1.502909938422675451e-01 -2.121000637413563913e-02 -5.285856725229036782e-03 -1.150020530943439596e-02 -2.850454630062538089e-02 -1.260704416543927953e-01 -2.889852595805815841e-02 1.664481702543032723e-02 -8.472811304649451730e-03 -6.901351782614413566e-02 -3.086866199891514020e-02 5.726019434539837000e-03 1.177706328362084984e-02 2.976824925805202429e-02 -1.123267081870129719e-01 -4.654813360871665889e-02 6.231284040823311526e-02 6.427701495119525488e-02 -2.483535838791832429e-02 8.378081711849073507e-03 -5.098007738880181577e-02 -4.442250702599572637e-02 2.296244702137792762e-02 4.186472483884048218e-02
-9.437946906939054248e-03 -7.570208722247957767e-02 -6.888956400546869009e-03 1.530728920062051322e-02 -7.263058413731918270e-04 -3.372794885693362194e-02 9.331468450579387397e-02 -1.040966291383882457e-03 1.879497572434100580e-02 5.526189884531483576e-02 5.311639685497293595e-02 3.315543621530782359e-02 -3.349940848103449137e-02 0.000000000000000000e+00 3.361769421927652407e-02 2.025340565854068589e-02 4.197218971397639886e-02 2.473370950536038851e-02 6.902618183017847353e-02 4.961283012937742383e-03 3.440776345810156456e-02 1.560538953074750400e-02 -3.598990986963223476e-02 1.408461401931721587e-03 1.300656617863667035e-02 8.967480227863162262e-03 -3.425330401510996714e-02 -1.305864182664600096e-02 6.283208036873749736e-02 6.031732970896641448e-03 -5.889049335086329710e-03 -3.555060972967281907e-02 2.697535544675710995e-02 9.243179739016772062e-03 2.715010693224888250e-02 -4.426820517000319005e-02 -3.704392919739130097e-02 3.105749064741277973e-02 1.796699756733603770e-02 -2.694129109305458403e-02 -6.021743660150072341e-02 -3.055487295323318711e-02 -2.900863168670704539e-02 2.616704658879590376e-02 8.658453643499772201e-02 2.786698016610011583e-02 1.607168814398686821e-02 -1.098919735095463673e-01 5.644375328212500320e-02 1.243505578593508652e-02 2.863133531406733545e-02 -9.161162433683518605e-04 -1.344086865873505079e-02 -8.284810414119739286e-02 -5.232678746533827967e-03 4.590454037129276105e-02 -3.013213308479097824e-02 3.685829711138956938e-02 -6.307320641547482787e-02 -9.843390692650763607e-03 -4.012355742574198747e-02 -4.492096164103297207e-02 7.285408272311928723e-02 -1.161166501290160497e-01 -1.480026129405728579e-02 -2.263689199913531541e-02 -5.846095256780158705e-02 -6.517363063622710895e-02
-4.952207144874844029e-03 -3.120843117926784191e-02 -3.050126399429101479e-02 -1.264941663190907381e-02 -5.603819821870168610e-02 -1.207466893568048122e-02 -3.338276033383776042e-02 1.769357859169085057e-02 1.295352847371929010e-02 7.990199364613623928e-03 1.519460385110242215e-02 -1.253255331799892763e-02 3.089480342567915358e-02 3.361769421927652407e-02 0.000000000000000000e+00 -2.701963817526555414e-02 -1.981141780434329466e-02 -6.876977095798408879e-02 -3.417390596907730199e-02 -2.992762962351224951e-02 7.131711982287561313e-02 3.932944747041430822e-02 -6.222391486698085339e-02 8.876065219415947560e-02 3.391574763442266327e-02 3.269133440219961634e-02 -6.937611106249827464e-02 -5.294090140294210878e-02 5.004619866854929933e-02 1.607494561014142023e-02 2.412764329541647670e-02 -8.366345521242339600e-02 2.936530046267494393e-02 5.253831804882055229e-02 6.845222352844909652e-02 -2.050147091158880178e-02 -1.131392355848494929e-02 2.282566388019334307e-03 -8.428699534023995077e-02 -3.710311973806716679e-02 -2.360665658865701913e-02 -4.489427879354736250e-02 -4.751787386343817032e-02 -5.372298761784437271e-02 -5.754314758099833560e-02 4.325084926354594295e-02 7.415983406600301295e-03 5.599768727625020065e-02 9.680360864533360532e-03 1.864217579650658679e-02 3.229060816226660829e-02 2.010721107750687228e-02 1.794114275735590042e-02 9.306715758262569180e-03 4.488817646096498332e-02 -1.796235507926110045e-02 4.377854418329994030e-02 -2.721009151616806537e-02 6.942773293121014613e-03 3.449559098245343070e-02 -8.838776867136537152e-02 -7.683913178083512374e-02 -8.837158516186122137e-02 6.868190871410885523e-02 -4.008371042977485615e-02 -1.301395209426546053e-02 -6.894400481744911158e-02 -7.153258201056886256e-02
-7.004749063114397434e-02 6.042530704720721832e-03 -6.084662212991887031e-02 -4.478254562527165389e-02 -4.176871182343009498e-02 -5.779111184186108696e-02 -8.001343332509781164e-03 1.450489831066284919e-03 -2.729945855774176464e-02 -2.449777365572594970e-02 9.152373948732861475e-02 -3.496002997411979535e-02 6.525850304388258749e-02 2.025340565854068589e-02 -2.701963817526555414e-02 0.000000000000000000e+00 2.054054433258172344e-02 -2.255888409293449470e-02 -7.181389098803579729e-02 -8.495386970248810718e-03 1.109924535356761749e-01 -2.234092855020391316e-02 5.395552264119432562e-02 -8.697438843394069904e-03 -6.006605731607676801e-02 3.729738832272516680e-02 4.837906607063411496e-02 1.084723331281185234e-02 5.329349778566652707e-02 1.756872995298545959e-02 -7.581032015303330873e-02 1.151794932638414010e-01 2.385286839472946022e-02 3.590553419922858092e-02 -3.379730244837525748e-03 -2.184041933953459816e-02 2.427445074610113870e-02 6.863834370100853344e-02 9.918004469386948810e-03 -1.135490501241277900e-01 1.023410492025068758e-01 7.784838929745084568e-02 2.423582221351783944e-02 -3.190005743004912381e-02 -1.439451657234961102e-01 -3.257705820263298579e-02 -2.195997552991984028e-02 1.685326495667675492e-02 -5.622172317878597336e-02 -2.296855069207601185e-02 3.589994105023478627e-02 5.538170538392758052e-02 -1.042688861830550207e-01 3.391274480220899529e-02 -3.206889426562521683e-02 2.652218558310621976e-02 1.483280501342698274e-02 2.215921063225064977e-02 -1.369831459622688173e-02 3.211417364215925913e-02 4.379714630783734103e-02 -7.161734733634093041e-03 -4.915905657571143644e-02 -3.587190284341083835e-02 -5.703493873773994582e-02 8.872589424658593182e-02 -3.270381288986734525e-02 -2.399914290452653115e-02
4.089760869717855990e-02 7.663058401599148750e-02 -3.765460523378959257e-02 -4.553698077955273260e-02 7.193553527993672148e-02 -2.750323903150050930e-02 1.245508694436344051e-02 9.106551397194762379e-03 -1.158352688707160044e-02 -6.008208509626368488e-02 -9.853966887644215189e-02 -3.999086615963925312e-02 -5.076147884271003247e-02 4.197218971397639886e-02 -1.981141780434329466e-02 2.054054433258172344e-02 0.000000000000000000e+00 2.324989588301507037e-02 9.018919065289827605e-03 3.457107366332139164e-03 3.036321242523699893e-02 -4.462407822530525293e-03 -5.800290575781390234e-02 3.385238619998584553e-02 7.019617510525565096e-02 -3.365735445368929143e-03 2.727665211225668157e-02 2.737792499836897916e-02 4.059812012553878392e-03 3.801808117543820087e-02 7.524535882593318126e-02 -2.356055957804957437e-03 4.119690135736625569e-02 -4.641077463016748603e-03 9.114998727240232468e-02 -1.723232144823817974e-03 -4.421847203391839759e-02 -5.552591331182749751e-02 -5.604666602091312733e-02 -1.847829184789313850e-02 4.236408292240138179e-02 4.427521460781575630e-02 7.048350386368254505e-02 -3.055905730575161905e-02 9.528674273576817622e-02 4.341163130645028095e-03 -7.121746942217573040e-03 1.127835458768145123e-02 5.656708245122978040e-02 -5.649468989411471354e-02 -7.383256353174083575e-02 -3.236940636752330767e-03 -3.165073120630975539e-02 1.726305317091466176e-03 -5.023857272324686735e-02 -4.764564972410299110e-02 3.547393039131082476e-02 5.558897398284446539e-02 -2.160897451642889572e-02 -9.229703009446875439e-02 3.123550755188450080e-03 8.001155844937830885e-02 1.255777387367905222e-02 -4.126369886667736325e-02 1.220758269310414420e-03 -1.108912126267392641e-02 -1.715715237198450413e-02 1.650916140527101126e-03
4.429619343223070022e-02 5.802594866978934979e-02 -2.940719517689830212e-02 1.649085995099101171e-02 -1.780188536185741549e-02 5.562321127388661357e-02 4.608534772429642712e-02 5.876549855806262670e-03 -1.713310924793617213e-02 -5.840345435084494732e-03 1.618064724364701515e-02 2.043837033862559369e-02 -6.067029469386595736e-02 2.473370950536038851e-02 -6.876977095798408879e-02 -2.255888409293449470e-02 2.324989588301507037e-02 0.000000000000000000e+00 -4.814902783999432112e-02 -1.270184640068503235e-01 7.122356161975158806e-02 8.290775807636164554e-04 4.773681877166778553e-02 -3.437198784104112531e-02 -5.937208901940610462e-02 1.830802069596652176e-02 -6.831242617261849837e-02 2.898370143198488250e-02 4.209461867395217910e-02 5.904517686400247850e-02 2.075766328690921078e-02 6.276909394211509230e-02 -2.033558068627047341e-02 7.562777175980332778e-02 -1.125943293741532916e-02 5.482541429271929612e-02 9.051552903785280157e-03 1.084053991744070869e-04 1.074491160103860712e-02 4.024401571123326082e-02 -1.466236240221619608e-02 -2.215718391502301265e-03 3.560036499259119913e-02 -1.144938111637435613e-02 5.605639082548415086e-02 2.733466223471678683e-02 5.895955130468126526e-02 -8.261671372490599075e-02 1.831485141546886075e-02 -4.230475937863568958e-02 2.908937143738954401e-02 -4.416086384611293131e-02 7.591447698609159189e-02 3.586360185889715668e-02 1.788505049457603940e-02 9.511826944181399346e-02 2.710773259383115683e-02 -1.713427341065883180e-02 -6.960612370640450325e-03 -1.612493059737600196e-02 3.361184636560731603e-02 -3.351314117256887909e-02 -3.829207854939649380e-02 -2.719730335340096380e-02 7.362058593635645298e-02 6.095244801678195018e-02 3.235875459390687853e-02 6.471571801806595692e-02
-3.685591867540859851e-02 -3.064098688294109550e-03 3.040747048978091269e-02 -2.093517280094810487e-02 4.775583469079209414e-02 2.808348692096365729e-02 9.618596784663045740e-02 1.516495824825887101e-02 3.459020265412759976e-02 7.796627756113136062e-03 9.650793347332828342e-02 5.877384264184647156e-02 -1.869395484108164751e-02 6.902618183017847353e-02 -3.417390596907730199e-02 -7.181389098803579729e-02 9.018919065289827605e-03 -4.814902783999432112e-02 0.000000000000000000e+00 -3.637519592990848954e-02 1.934469427308781533e-03 5.290953233473839369e-03 -4.187360414109322221e-02 -4.019477287588411885e-02 1.513261055428643392e-02 4.530482016096151754e-02 -9.980140526876101967e-03 -2.248503739733459517e-02 1.286856191101825968e-02 3.350274160252109806e-02 7.047277013779735394e-03 -7.196869902478776615e-02 -4.051332555617626757e-02 -4.150853336967097462e-02 -8.726269513943021860e-03 -1.016489315406959686e-02 -2.196650113417808817e-02 4.973633956241045422e-03 -7.026444345033501515e-02 3.642545306531033006e-02 1.016863861758023589e-02 -3.119049399934666414e-02 1.292263130408017810e-02 1.084087755467332270e-01 4.910014105185735861e-02 8.729818208009985925e-02 3.801846505934001336e-02 -1.831007655631455974e-04 -4.473037749102162786e-02 -4.729015779632772878e-03 -2.654211616099640472e-02 -3.319299784696485428e-02 1.458006300093623317e-03 1.802189220285517479e-02 6.443294191733288379e-02 1.993240196296198335e-02 -1.779311734640592613e-01 -9.271248596862435853e-02 4.262774884132435049e-02 -6.285815907382091838e-02 -2.005381574761353619e-03 -3.204993605652534799e-02 5.430832957343426082e-02 1.275655183770743606e-02 5.723280856825822133e-02 2.969819025720082245e-02 -4.534559525741638925e-02 1.673209968603659933e-02
6.146927647641164949e-02 2.099542202762617882e-02 4.758843711978444531e-03 -4.636550393499629108e-02 1.301796191676289453e-03 6.985936749782371835e-02 2.431619858894252736e-02 -4.467206813287046691e-02 2.550029054542277476e-02 3.144597336433956059e-02 6.306563358822124543e-02 -3.769758215454964423e-02 -1.189850043882301894e-01 4.961283012937742383e-03 -2.992762962351224951e-02 -8.495386970248810718e-03 3.457107366332139164e-03 -1.270184640068503235e-01 -3.637519592990848954e-02 0.000000000000000000e+00 -1.809706131716042402e-02 -5.982625460173187498e-02 -2.436435122843226553e-02 -2.389664244096813620e-02 2.350835876833369184e-02 -1.139343509533604325e-02 8.613761801658467721e-02 5.240029085189938651e-02 -7.294999491657992718e-02 -4.262897990858761227e-03 1.877368642950067454e-04 2.048702491823865823e-02 1.693777782144073509e-03 -1.060097195391005581e-02 5.797943417977669683e-02 2.220754446772387966e-02 -7.292259239027797102e-02 -4.533048853221611357e-02 1.236838871415862733e-02 -1.497733056263422617e-02 4.434432261238838852e-02 -4.708853294798216738e-02 1.492382641778293786e-02 1.677544303995251451e-02 1.370156889146474828e-02 -4.096840888877833348e-02 3.507746816183193728e-02 -5.097042893388099155e-02 3.093320749564155286e-02 4.053341181080143824e-02 5.630611142340433486e-03 -3.999359098965181436e-02 4.128760133466480298e-02 -4.227252982637697692e-02 2.650906160601696274e-02 -5.837827008893766573e-02 8.540428207235330194e-02 2.276635046357569289e-02 -7.573712649029470945e-02 6.475060880176852773e-02 6.842539925648956356e-02 -8.165413038602861717e-02 -2.337116145471404213e-03 3.048494807534589228e-03 2.927906711784095117e-02 5.097310760380732025e-02 4.411705843493624740e-02 -1.412854917907208248e-02
3.046412200650041452e-02 9.683836936435671894e-02 2.366583867319555293e-02 -6.190970655570252057e-02 -9.692915237319138511e-02 2.956894306692204114e-02 3.526090012559739226e-03 9.223536960347640881e-03 8.565074641323873125e-03 8.920342375660855749e-02 -1.003622691643158843e-01 -1.971535005264545698e-02 -4.327600464328856117e-02 3.440776345810156456e-02 7.131711982287561313e-02 1.109924535356761749e-01 3.036321242523699893e-02 7.122356161975158806e-02 1.934469427308781533e-03 -1.809706131716042402e-02 0.000000000000000000e+00 7.727623313098859470e-02 6.446186976267345714e-02 5.504934434913211216e-02 -4.442865150243061056e-02 2.332762444550064672e-03 5.856046490052163600e-02 8.844111546673185872e-03 -3.533971331993030623e-02 5.916853784436042207e-02 -1.488801304111755930e-02 7.095897687075569671e-02 2.734195184505228832e-02 -3.518383880731842245e-02 -9.606295917246208613e-03 1.380586148940352509e-03 5.338812862843855117e-02 -3.292051760167875873e-02 5.310790951416849079e-03 1.678040584067740787e-02 7.208976644297204750e-02 -9.571205237521815748e-03 -9.319653304758560020e-02 7.794577916074909088e-03 4.248848647832180470e-02 1.282967768198507719e-03 -2.853461220079579752e-02 2.802425000246440770e-02 1.161128823458430255e-04 -5.912782355149527082e-03 -1.449879634317831865e-02 -2.162755045362279790e-02 -5.272712350624268740e-02 -7.112972661844600350e-03 -8.530940719636712077e-03 2.953334178530230350e-02 7.613594594858479059e-02 -3.465269509745259879e-02 2.602664528558916793e-02 3.366198553297838209e-02 6.068800548911441536e-03 -3.162875123001002847e-02 -1.012592616105898596e-02 -3.770493197701207944e-02 -2.381574472639496828e-02 -6.160171649070150107e-02 2.274448182020926204e-02 2.745555822064639669e-03
1.759134924089781823e-02 4.652191966915203425e-02 -6.589690195354723501e-02 -1.683793051845376698e-02 1.136458763852780801e-01 1.116119129387085213e-02 2.909147302524242931e-02 -6.276138448417764581e-02 3.466500253889222977e-02 -7.392862516518394767e-02 -1.102000732878808363e-02 -6.625219616050816163e-02 4.242540385795232072e-02 1.560538953074750400e-02 3.932944747041430822e-02 -2.234092855020391316e-02 -4.462407822530525293e-03 8.290775807636164554e-04 5.290953233473839369e-03 -5.982625460173187498e-02 7.727623313098859470e-02 0.000000000000000000e+00 3.988756294181127794e-03 8.334894678188577155e-03 3.700230345967937123e-02 5.732261139900921010e-02 -7.308465507820574580e-02 -2.255329319861842929e-02 8.963575912979783455e-02 -8.338041292055260734e-02 -1.242902237197761502e-02 -1.180097273483406151e-02 6.004978516834259816e-02 5.462877620949403712e-02 3.139612263050459411e-03 3.492226511949821782e-02 -2.582827135507804323e-02 8.239402565535789910e-03 -7.035455906970627428e-03 -2.135770206476457489e-02 -8.919147658239152954e-02 -2.007384096375442947e-02 -3.279807295811908163e-02 2.503675655444450796e-02 4.444867375786276144e-03 -3.393440985970256479e-02 -2.062384105244606525e-02 8.537225025730851846e-02 -4.069955284194243759e-04 3.401389818034460111e-02 5.244338810886681190e-02 -5.566963569669033940e-02 -5.079377073773182899e-02 -3.213277005847525215e-03 5.517904597627786706e-02 5.603870013385160546e-03 -3.902429057027886894e-02 -5.426329637757534852e-02 -6.009084335913891101e-02 -2.911197154037492314e-03 -2.985350891830808664e-02 -2.545053010667234356e-02 1.100924705910605837e-02 -1.859372341624386180e-02 4.065016753073211891e-02 -1.602877301209367986e-02 3.917036645076244633e-02 7.706436087442619653e-02
3.063021749213340472e-02 -3.149476978766998884e-03 3.701386900191851875e-02 1.227366017677074131e-03 -9.272953505605972466e-03 6.535146037906551519e-03 -5.676703674086684692e-02 6.884933224088399251e-02 -1.521721563996683959e-03 -5.633641333310051430e-02 7.818371749213753885e-02 3.444233963803307319e-02 2.333581431768566930e-02 -3.598990986963223476e-02 -6.222391486698085339e-02 5.395552264119432562e-02 -5.800290575781390234e-02 4.773681877166778553e-02 -4.187360414109322221e-02 -2.436435122843226553e-02 6.446186976267345714e-02 3.988756294181127794e-03 0.000000000000000000e+00 -2.475356591947310697e-02 -2.523059128507381538e-02 2.071829808358548186e-02 7.573174751476709210e-02 -5.678717332622648835e-03 1.678147627738756087e-02 3.566735729684655104e-02 -5.528388670557297241e-02 1.121303877129735914e-02 2.152474752637546177e-03 -7.515976324861746438e-02 -4.601883401426406367e-02 -6.913616391995865140e-02 6.586090188339715525e-03 2.436638204206579682e-03 3.018976050527797522e-02 6.277910515977022654e-02 5.662996710770945574e-02 2.448390008600308601e-02 4.764860716858512757e-02 2.139068516053191371e-02 -3.199566398320903213e-03 2.904639932241398492e-02 6.198296994549451489e-02 2.417308568597049609e-02 -8.680615383565133680e-03 1.890346247363059243e-02 7.506340416128118309e-02 4.214143496229397906e-02 1.208064866093398193e-01 2.181404293924232504e-02 3.454595457089242039e-02 8.710963475191577099e-02 4.332943870620966503e-02 -1.934302024226616096e-02 -6.896470938583009087e-03 1.485359486398124713e-02 5.358395838461895572e-02 3.822470391192562406e-02 2.430986735390405773e-02 -2.321805783359178615e-02 -7.739734661018604633e-02 -5.455467536233049586e-02 4.076230108208792058e-02 2.814336408567548464e-02
