0.000000000000000000e+00 3.195027329317890602e-02 -3.633986737325161937e-03 -1.794691175605798994e-02 -1.124802422841254639e-02 3.587444344491292486e-02 2.793534551311038783e-02 -3.950753476397062848e-03 3.595404746851369598e-02 4.046105346482553947e-03 -3.332798627380460788e-02 4.706156403100921620e-02 2.188067226048339472e-03 -1.295213893025207348e-02 -5.119967707427645551e-03 -7.032329177709031875e-02 4.086608893595072151e-02 4.418083679188604396e-02 -3.708140943614421370e-02 6.150209969862486387e-02 3.049392861625276757e-02 1.744377340198842788e-02 3.048860456384796039e-02 6.666312116133156496e-02 2.113832378029263659e-02 -3.954121271743190995e-03 -2.324934720098198460e-02 -2.439784794207370752e-02 2.238279411682761108e-02 -2.454142789110562092e-02 -5.860843533938438210e-02 -1.107608644912768010e-02 -6.183437942834729001e-02 -3.256582509997620056e-02 -3.362924393865873024e-02 3.004929780592032265e-02 3.761794624940936055e-02 2.596979625814018269e-02 -3.388115525746242251e-02 1.527070061764469223e-02 5.135964053296857013e-02 -6.662734667826357600e-03 5.801666502638862417e-03 2.490980405244722085e-02 5.410409711793498500e-02 -6.603756421924432407e-02 9.826229863642361312e-03 2.874302820201863479e-02 -4.513839806250991016e-02 5.876507189785693669e-02 3.069167963995644843e-02 -8.978601295252817971e-02 1.522380639230763548e-02 1.381955389865514514e-02 -8.569750211576662724e-02 -8.159909386886446403e-02 4.946618245015388382e-02 -3.163811953859916454e-02 4.599203857083463548e-02 -2.790685443392763171e-02 -4.139223084408586578e-02 -2.597511796275178003e-02 6.882142899039996042e-04 -1.830758681668925164e-02 6.509537847032718927e-02 3.453865769152867672e-03 -1.966396338410196162e-02 1.085289894720205608e-02
3.195027329317890602e-02 0.000000000000000000e+00 -1.048661496243074864e-01 -8.213330986573982861e-02 4.041536053088384817e-02 -4.843605694683895957e-02 -5.505434278374306267e-02 8.753776709791247918e-04 6.002974755461278761e-02 -5.192131569688087506e-02 -4.073542009927069718e-02 1.724729720629686498e-03 8.414761257648190051e-02 -7.567548842792190533e-02 -3.134595665444916274e-02 5.958403836873584457e-03 7.667396930973396918e-02 5.821235572581700407e-02 -3.178506820907801150e-03 2.113624386528772589e-02 9.679612275994925463e-02 4.385250411717669244e-02 -3.696835381229906896e-03 -9.436150485508042543e-03 2.306689269795898778e-02 2.569841408316268436e-02 4.777946447140341175e-03 -3.382259811186087012e-02 -4.567677949086696582e-02 6.554134564592721535e-02 -3.269252388751064161e-03 4.695615200560387253e-02 -2.737428125533931250e-02 1.613484401889858991e-02 -3.968866585431521377e-02 2.195386515493400609e-02 2.425559213944122883e-02 -3.029600185839190912e-02 -6.104309728614584762e-02 6.912376884826200614e-03 -8.790240742098222315e-02 4.387793804379417489e-02 2.683758882268224080e-02 2.419167442882911093e-02 -2.576817151685899948e-02 5.199308743174064530e-03 -1.564225477092015190e-02 -4.051561743375316910e-02 -4.352472873411172838e-02 -3.536788754319282468e-02 4.352085624399212177e-02 2.985206573596413046e-02 -2.538239242215180498e-03 2.737107458745916336e-02 3.315485803736895054e-02 -5.641044540459887874e-02 5.118904073166043872e-02 -8.318112260862338403e-02 -8.739068271302724566e-02 -5.287912449499380246e-02 -7.634578822008512844e-03 -2.080466926188183699e-02 -3.114434344500611671e-02 -1.202836972335540877e-01 -3.832252235535832385e-02 -9.931693226208548539e-03 3.880479655285187790e-02 1.249171707944423670e-01
-3.633986737325161937e-03 -1.048661496243074864e-01 0.000000000000000000e+00 -8.671907171026446010e-03 -7.703560703735475024e-02 1.283619254699669421e-01 1.215002569383896378e-02 5.450047176482837596e-02 -3.122740254439809390e-02 -4.966344480868156719e-02 -1.093775738256064917e-02 2.498583709876045500e-02 -2.820178703561745590e-02 -6.940910896841198316e-03 -2.995238180480282869e-02 -6.193704248843259069e-02 -4.099640075985872684e-02 -2.964708198640154946e-02 3.050000651153754461e-02 4.584310854360108128e-03 2.173099527651035576e-02 -6.578355428296013552e-02 2.605205777450556037e-02 -2.455721131938655433e-02 2.415106088157469369e-03 1.141161927740803016e-02 8.368956321119604136e-02 -1.524361307824818185e-02 -1.092079170368367470e-02 -2.311012239037291485e-02 8.720534785622023610e-02 -6.655951178223527831e-02 7.582023803300556863e-02 -3.987973249910349051e-03 -3.699906121778916146e-03 -8.093955007492158182e-02 1.210890957280421308e-02 -2.458639604274491866e-02 5.849618387306464856e-02 7.229166114700666390e-02 2.401579344828786225e-02 -8.243588071747366686e-02 8.565291589364613933e-02 1.679812663421369895e-02 -2.430810848271084193e-02 -5.685269341221044215e-02 -2.346482858659650408e-02 -4.346417345016115319e-02 -4.322068738416143946e-02 4.363697304563821100e-02 8.682432649805976732e-03 5.222974739384677462e-02 -4.407737252899070896e-02 1.606242168448883054e-02 1.990553888086068340e-02 1.569258907622910273e-02 -5.359114008473170841e-03 1.495196011610944002e-02 -5.010446359329297911e-02 1.947364169733184838e-02 2.381978134215810908e-02 4.669614740592624436e-02 3.012450112508606882e-03 -9.942389569390971266e-03 2.726965922162083791e-02 -8.000848951079409313e-03 -4.595419946005749323e-02 -6.095656388248378577e-02
-1.794691175605798994e-02 -8.213330986573982861e-02 -8.671907171026446010e-03 0.000000000000000000e+00 7.917389610839958847e-03 8.804458039349993999e-04 1.195008017295793971e-02 -9.625217732388979819e-02 3.270713731233336474e-02 5.713651854384797085e-02 2.473974731285649101e-03 -3.782645920022856961e-02 3.956487354155618918e-02 1.557792805757812413e-02 -1.271230547597233980e-02 -4.478218977430077630e-02 -4.533372975316150855e-02 1.663239770876072735e-02 -2.082168009724116517e-02 -4.886875952337541018e-02 -6.211305848101197902e-02 -1.653454707795337306e-02 1.916815331294799418e-03 -2.498912497147259479e-02 -5.125144961438393709e-02 2.675092771323060378e-02 -6.276272115848885447e-02 3.015641368723623664e-02 -4.961430058840445023e-02 2.144498922188400186e-02 6.343855227773062544e-02 -1.149533979680046267e-02 -2.234136412445356448e-02 -2.904363939956925919e-02 -9.141291502691266391e-02 -4.751875298583474461e-02 3.666439839255229011e-02 4.665477347528936697e-02 -2.138980846178974160e-02 1.489733216641318456e-02 -7.217646595190886638e-02 3.250091568934243558e-02 -1.117300412574775276e-01 3.938225587698101354e-02 -5.480609591113915630e-02 -3.542276876420850928e-02 -6.420003796357368585e-03 -8.722912274963541546e-02 -4.756471600234053049e-02 4.768598973766725174e-02 -4.789497912293387560e-02 8.520428538322656620e-02 -1.392731777232806070e-02 -3.406107231102624422e-02 2.842997725524573985e-02 3.550037780684073274e-02 3.027662344301128294e-02 3.233913285950944239e-02 6.658370925717196909e-02 -2.379553080204613660e-02 1.780052928060872272e-02 1.334145245645690890e-02 -3.559312857315676155e-03 -9.781886357301640411e-02 -9.483751839983496287e-03 7.742809825861707296e-02 -6.223980931307421249e-02 -3.772594997713331344e-02
-1.124802422841254639e-02 4.041536053088384817e-02 -7.703560703735475024e-02 7.917389610839958847e-03 0.000000000000000000e+00 -2.322453766373166681e-02 -5.104745299785343193e-02 7.161809843083950800e-02 6.322675993308073117e-02 -1.663236513987069063e-03 1.115801686311269567e-03 -5.701520645889537192e-02 -8.741656691997115591e-02 -9.503368339868988306e-04 -5.882346464631740823e-02 -4.168473533470318237e-02 7.186070755614670791e-02 -1.780844226903176633e-02 4.767411697647150337e-02 1.364026957353882972e-03 -9.700561906331323092e-02 1.135303114384934170e-01 -8.198749281078774806e-03 -3.734017081231959592e-03 2.353746779837290106e-03 -4.638040889466492171e-03 5.792729225672890725e-02 -1.664711769689938142e-02 5.354001355452674832e-02 -2.296940842864104819e-03 2.789177812538092341e-02 1.136485302015492332e-01 8.546459825308499667e-03 8.435812467082245969e-02 5.800756183450188341e-02 1.889577521260092999e-02 -9.960463946431141746e-02 3.542677902976248960e-02 -8.110758634795879954e-03 -7.811686783186840011e-02 -4.293966864565692404e-02 1.117038053703271316e-03 1.382690053365414826e-02 4.925994832479302366e-02 -1.641411159008178411e-02 1.746687588450198184e-02 8.448822492892379618e-03 -5.957801447439812180e-03 7.334405521009172702e-02 2.252454240306579411e-02 -3.485822302861487504e-02 -3.106804073313955070e-02 -4.459515217758507066e-02 1.564517088803812211e-02 1.689054904980996988e-02 -5.340610824903887360e-02 -8.583059008995717887e-02 -1.563129177982341012e-03 6.092132214493652803e-02 -4.092271249292026014e-02 -2.952751465977389647e-02 -2.892344043855855570e-02 -7.569724594102320014e-02 -2.077068594013108463e-02 8.750897982380650975e-02 7.171350697784067973e-02 1.487304385833459509e-02 2.588811999453629470e-02
3.587444344491292486e-02 -4.843605694683895957e-02 1.283619254699669421e-01 8.804458039349993999e-04 -2.322453766373166681e-02 0.000000000000000000e+00 6.952357460432193048e-02 3.656492079466757555e-02 2.446949065568473913e-02 3.905444947624681779e-02 1.929118286844121524e-02 6.957940490839059633e-02 -8.371652637395411017e-03 -3.464040441835680717e-02 -1.320709078495875197e-02 -5.787601966087717320e-02 -2.788235108900019230e-02 5.546747569915889964e-02 2.783359859728703686e-02 6.981662999280946469e-02 2.944311514694930229e-02 1.139578590570350207e-02 5.618003370464189593e-03 5.688006112440070067e-02 -5.969212777134227932e-02 1.104476618898905388e-01 1.313493440895686232e-02 -4.396579161009901704e-02 1.810421022649057535e-03 -3.219283168333941098e-02 3.438231912927583456e-02 4.621452938529209409e-02 -5.985852944809220283e-03 4.348787077249865150e-03 6.193433000144830947e-02 -3.134787786409492377e-02 -4.444186249577050662e-02 7.107950067726251722e-03 5.664737222112282283e-02 1.126644414158817741e-02 1.352441505557463730e-01 2.745823751432414569e-02 1.171513815629382158e-02 -3.294029704090561950e-02 -9.853867693391294563e-03 -5.384289196669164723e-02 4.733539869232371300e-02 8.525375739513683937e-02 -7.201322738620170860e-02 -5.997356673429265345e-02 -2.241655110384815387e-03 -4.949289736713972238e-02 1.810163123911587985e-02 8.284572913698111385e-02 -6.370012575738123739e-02 7.160784420706531317e-02 4.036209000680501119e-02 5.205126554212854452e-03 1.452147335827354106e-02 -3.624589834452246473e-02 3.183477036532984111e-02 2.530898972920135256e-03 -6.197931614909470838e-02 3.080406414948430593e-02 4.089881368835479591e-02 2.461706596411237027e-02 -1.971539712089887333e-02 3.182850739468139154e-04
2.793534551311038783e-02 -5.505434278374306267e-02 1.215002569383896378e-02 1.195008017295793971e-02 -5.104745299785343193e-02 6.952357460432193048e-02 0.000000000000000000e+00 -6.392187162437776293e-02 2.545374305177982265e-03 3.391067432763169437e-02 9.603712787929043551e-03 1.021456547350334670e-01 2.388369362017513098e-02 8.752194893329463821e-02 -3.327380682499744835e-02 -8.308774071936930045e-03 1.193596272890607400e-02 4.519248010043337704e-02 9.573603403954555890e-02 2.373485594327737896e-02 2.169254325096164199e-03 2.964290985401778558e-02 -5.835443950557319542e-02 3.405015722417149837e-02 -1.906630941147455238e-02 2.118922188041980070e-02 -5.124077030299883928e-02 1.413867445010110607e-02 6.286747116575534811e-02 -1.157687441856433824e-01 9.559387287198470654e-03 -6.495069897297531432e-03 4.582616852025473558e-02 -4.415073855138533163e-03 -2.356525115809910559e-02 1.654404541434256401e-02 -2.491321652827958692e-03 -3.172764791038015092e-02 2.172251816873219110e-02 -5.326333323695386923e-02 -1.519323201547049910e-02 -4.754516437017813207e-02 2.877852790176614606e-02 -1.614719153424780049e-02 2.701335289518933674e-02 -3.387517643743059165e-02 7.262317674168893011e-02 4.731193842017345635e-02 -4.589734469474408829e-02 7.585777370404780950e-02 3.075269781616163725e-02 -3.960441350005589056e-02 6.687077507073108801e-03 -5.757639327778413946e-02 9.333071547236090892e-02 8.424751678851743336e-03 2.712035177364666150e-02 2.369426648139116810e-04 2.892849283271002603e-02 -7.288466495345113927e-02 5.109979067726027474e-02 8.459466538383340201e-03 7.840537018344727327e-02 -1.581028721917063576e-02 -7.735976777103871493e-02 -2.658744705717549714e-02 8.634382968084365617e-02 1.903530866709107067e-02
-3.950753476397062848e-03 8.753776709791247918e-04 5.450047176482837596e-02 -9.625217732388979819e-02 7.161809843083950800e-02 3.656492079466757555e-02 -6.392187162437776293e-02 0.000000000000000000e+00 1.006481513012516885e-02 -1.164656004828166190e-02 4.419401516956843884e-02 -6.968230465728122991e-02 1.846589561318157796e-02 -6.500648560085842652e-03 1.759913079035997988e-02 1.467959882860841525e-03 8.044456740442660486e-03 5.509778434532834959e-03 1.474227830032648519e-02 -4.472876640872473081e-02 7.994808318554149154e-03 -6.275802876709862810e-02 6.752337901512951712e-02 -1.443361226920238105e-02 4.936791994742051326e-02 -3.424105581269309279e-02 -9.453161839477180334e-03 8.955549457351455467e-02 -6.101556503506778972e-03 7.012196127565707704e-02 3.553223207994444383e-02 3.129077279251388233e-02 1.255959871589930289e-03 8.910946123646315553e-02 -5.049712906582873306e-02 -6.184259105684077051e-02 -9.982310393567067619e-02 -1.422868631964604308e-02 1.956813694978511500e-02 3.570368048538173633e-02 3.727414715469785922e-02 -4.576777102851566081e-02 -2.471405031811730203e-03 3.650669717069058434e-02 4.803480144434840032e-02 -9.201157001996898913e-03 -6.567216643888630634e-02 2.772793446148386423e-02 -1.026432665093039188e-02 -1.340857484904866594e-02 -3.625457415649510629e-02 -9.574294668755072707e-03 -5.901165105333178174e-02 7.514582350977284247e-03 1.071398617801974130e-02 3.631646933940345379e-02 -4.339796327782429602e-02 6.994711871334183262e-02 -8.746255446355539640e-04 -5.384360663800312474e-02 1.097941462845429539e-02 6.878721845856633488e-02 2.474895302048884041e-02 -1.745875938249411355e-03 -3.117340532247147526e-03 -1.287506809069778879e-01 3.861275750588375605e-02 -6.272250592035033025e-03
3.595404746851369598e-02 6.002974755461278761e-02 -3.122740254439809390e-02 3.270713731233336474e-02 6.322675993308073117e-02 2.446949065568473913e-02 2.545374305177982265e-03 1.006481513012516885e-02 0.000000000000000000e+00 8.337752224185965289e-03 -5.117112152640729966e-02 -1.535961771028490587e-03 -3.844212235782678427e-02 1.889916443184852177e-02 1.155872258242136505e-02 -2.697630551399269119e-02 -1.119563254170537377e-02 -1.697510621610799283e-02 3.479943414033579568e-02 2.540536452747641644e-02 8.876121325156758127e-03 3.327451267629312481e-02 -3.391328822215248563e-04 1.144235110286821733e-02 2.463950002931582228e-02 -4.532131785166826354e-02 -1.510680191334242417e-01 -2.035279554992574375e-02 -3.826371183663251213e-02 -6.894146461403104220e-02 1.824814637003320528e-02 -4.005779530680110209e-03 -5.261928001131203902e-02 -1.099863268814079212e-02 4.249679738858139211e-02 9.472174654292367380e-02 -5.866835532219069616e-02 -6.430092447237963083e-02 -3.708115899133024307e-02 -3.983585631564936363e-02 -8.026804026678453080e-03 2.887697715295005785e-03 -3.302705728502389453e-03 -9.560563132233572403e-02 2.200850993771206673e-02 4.652884380120218648e-03 6.982053970126010645e-02 5.530170003179124549e-02 -2.511799746268554914e-02 -8.179994317101441136e-04 -1.179547868682186140e-01 -3.755490285556628560e-02 1.067560047291101072e-01 -9.515402191279099392e-03 9.378150881163744429e-03 6.982870434491800227e-02 -1.828886786391974856e-02 9.696138696739768290e-03 1.048424825849487464e-02 7.758513556619098250e-02 -9.469451405849707570e-02 -2.848728185581816952e-02 6.329443072468049492e-02 -4.054328312474497070e-03 -4.593813368647396700e-02 -2.450530190340072072e-03 3.433414399901187075e-02 -6.493771204400927699e-02
4.046105346482553947e-03 -5.192131569688087506e-02 -4.966344480868156719e-02 5.713651854384797085e-02 -1.663236513987069063e-03 3.905444947624681779e-02 3.391067432763169437e-02 -1.164656004828166190e-02 8.337752224185965289e-03 0.000000000000000000e+00 5.172347608649708467e-02 1.568394636985902257e-02 -4.142157606497861438e-02 5.426066520685737804e-02 8.089788299557582399e-03 -2.425235404207472592e-02 -5.985285476505057545e-02 -6.355328786452398362e-03 7.285952949037314066e-03 2.993983443744491907e-02 8.962843945564914760e-02 -7.385295793953973453e-02 -5.615978630964833795e-02 8.393299163186065948e-02 -2.569183004862662630e-04 -5.953236882033361571e-02 1.112127086996570792e-02 3.350502495554208426e-02 -2.989012670206882619e-02 -2.200827707079546641e-02 -8.340240406026509790e-03 -2.229003001728930775e-02 -2.959033105707480765e-02 9.676403049156935554e-03 6.593323431704654902e-02 -3.572088112184853420e-02 2.275992549692946315e-02 -3.486415021555722138e-02 -6.115758312069811964e-02 -4.121142736139039170e-02 5.134232419541218465e-03 -9.706983824315733311e-02 -1.286282245193430818e-01 3.737944044159115936e-02 -2.340012921823769396e-02 3.773170505610212028e-02 -2.054802075008830414e-02 -4.475418872730824865e-02 -7.340062594415103225e-02 -1.345011546465582630e-02 -4.276131661187364957e-02 -5.546990575610120239e-02 5.236230062984161687e-02 -5.013483581403900546e-02 -2.295851757560288947e-02 -2.928040513606652157e-02 -3.487377527270253685e-02 9.828863290622503676e-03 2.153925119556917428e-02 1.358255771374801933e-02 -3.578029679608257102e-02 2.777107584907951079e-03 -8.284269415527174829e-02 -4.092376065325847162e-02 4.019495253396006967e-02 -2.432416988227189755e-02 -5.263326449259524142e-02 -2.703987384793466592e-02
-3.332798627380460788e-02 -4.073542009927069718e-02 -1.093775738256064917e-02 2.473974731285649101e-03 1.115801686311269567e-03 1.929118286844121524e-02 9.603712787929043551e-03 4.419401516956843884e-02 -5.117112152640729966e-02 5.172347608649708467e-02 0.000000000000000000e+00 2.539001504053608332e-02 -4.657963608417334950e-02 5.271958679625120270e-02 1.519123671560439724e-02 9.150646183479443918e-02 -9.891902283341881541e-02 1.419231666458745968e-02 9.601701931296080517e-02 6.327192140279183641e-02 -1.010018653811161765e-01 -1.105903420212155097e-02 7.909551118331535624e-02 -1.344621038830959639e-02 3.710679087829441003e-02 6.969230448997977556e-02 -4.426668978526094450e-02 -3.799348712909779522e-03 6.186466420891210266e-02 -1.636479921339495380e-02 -9.849781500759163810e-02 2.226519375916783880e-02 2.342079514760535969e-02 9.203780222052401760e-02 2.449851653683910932e-02 -6.758789725885173960e-02 2.743975478043979028e-03 1.191039246395565569e-02 -2.022675367773891369e-02 2.445254765988635198e-02 -5.077975161315732150e-02 5.899737245126101398e-02 3.550412251198648006e-02 5.670054027995325568e-02 -3.973537956052020786e-02 -4.169442603046972368e-02 5.731403898192239527e-02 1.293009125899142325e-02 -6.031050287921880387e-02 4.020193398867524803e-02 5.006373436261616836e-03 -1.984844293921938368e-02 -4.770780208034818698e-02 6.375933012241194464e-02 -9.450415718909817298e-03 -2.973230486535903550e-02 -3.327645475166390865e-02 -8.372014938124705194e-03 -5.392443386994628246e-02 1.840434867567223784e-02 -1.750867531977672031e-02 -4.502700182313745109e-02 1.904433442197650322e-03 4.186207251986829442e-02 -1.683199791937075099e-02 3.962148472468645516e-02 -8.818464025566705167e-02 -5.319471658878414250e-02
4.706156403100921620e-02 1.724729720629686498e-03 2.498583709876045500e-02 -3.782645920022856961e-02 -5.701520645889537192e-02 6.957940490839059633e-02 1.021456547350334670e-01 -6.968230465728122991e-02 -1.535961771028490587e-03 1.568394636985902257e-02 2.539001504053608332e-02 0.000000000000000000e+00 1.073337862294664741e-02 3.256728232066190970e-02 -1.309569890229110752e-02 -3.485126851400117270e-02 -4.017503169321695600e-02 2.009384234421554560e-02 5.878635600072304457e-02 -3.938558930772310951e-02 -1.987988936003655741e-02 -6.621481107121462983e-02 3.490018361295357807e-02 2.899125444333562965e-02 -2.207403259512857080e-05 -2.437146690238608387e-02 1.503643809645455187e-02 -4.362319824643670629e-02 6.586679139976428510e-02 -1.674083044343688959e-02 -6.361495360389005094e-02 6.034093003875245359e-02 -6.876296044638038896e-02 -5.025509911358177345e-03 6.725805002122706155e-02 -6.381231823963484651e-02 -5.022319428718700907e-02 -1.690926317491698097e-02 2.619890090758890400e-02 -9.450267969695501369e-02 2.985813537087028680e-02 -3.780545793839739516e-02 -4.387046616864022364e-02 -3.655281290296189239e-03 8.741378259730009370e-02 8.355997865211942099e-02 2.052852724550137745e-02 -6.632800213634311437e-02 4.010556981839285412e-02 2.158254896167500700e-02 -8.484843147753445836e-02 4.707387795430340895e-03 4.213979722084199020e-02 7.362382028703712278e-02 -1.322088191594552806e-02 2.098924603874200920e-02 -1.058369297485976940e-01 -1.930696603169425665e-02 -1.280636249235369943e-02 -2.595644216156080958e-02 3.004217599437443431e-02 -5.727920300196634451e-02 4.279727172253393330e-02 5.911659787477143053e-03 -4.230505326917602393e-02 -1.194393734438927226e-02 -8.176608983642917605e-02 9.798043467178223220e-02
2.188067226048339472e-03 8.414761257648190051e-02 -2.820178703561745590e-02 3.956487354155618918e-02 -8.741656691997115591e-02 -8.371652637395411017e-03 2.388369362017513098e-02 1.846589561318157796e-02 -3.844212235782678427e-02 -4.142157606497861438e-02 -4.657963608417334950e-02 1.073337862294664741e-02 0.000000000000000000e+00 -3.365955858416258550e-02 3.109457971928212411e-02 6.529236057329602938e-02 -5.072039707151133198e-02 -6.084406021246925589e-02 -1.873187216049550241e-02 -1.191873224020327665e-01 -4.340942068459855557e-02 4.207808145240829467e-02 2.390849466847319929e-02 -3.549431883554398509e-03 -4.058050693916766261e-02 3.684819312881892905e-02 -5.370684143799412530e-02 -1.658518558575273333e-02 -8.894099885860545437e-03 2.877359273077847654e-02 2.300573410589239545e-02 -3.584621258649029613e-02 -2.586610593548965137e-02 1.955359504512858403e-03 2.267217319717884736e-03 2.854255402200872246e-02 1.338577986586624857e-01 9.637842646322937468e-02 -4.302290361867010249e-02 -4.043202228761316047e-02 -6.754658415184635126e-03 -2.534906564721099709e-02 -7.190783171150406938e-02 -4.531818994555539964e-02 -1.504769090203909865e-01 -2.109633402520025638e-02 -6.697848666826804014e-03 -1.127427206186463852e-02 -2.838832954393451236e-02 -1.263566930513735365e-01 -2.907606606392184462e-02 1.688822060980339074e-02 -8.337579337028644053e-03 -6.912030994095010039e-02 -3.094694502746249062e-02 5.932241365366371262e-03 1.149394523983176750e-02 2.965206831284499661e-02 -1.121638145520792995e-01 -4.711861435906838924e-02 6.349239947369442194e-02 6.447464466148487838e-02 -2.478684145338850772e-02 8.329987477521928751e-03 -5.156520219200734501e-02 -4.441205864718933416e-02 2.310255243169804726e-02 4.206028826790013386e-02
-1.295213893025207348e-02 -7.567548842792190533e-02 -6.940910896841198316e-03 1.557792805757812413e-02 -9.503368339868988306e-04 -3.464040441835680717e-02 8.752194893329463821e-02 -6.500648560085842652e-03 1.889916443184852177e-02 5.426066520685737804e-02 5.271958679625120270e-02 3.256728232066190970e-02 -3.365955858416258550e-02 0.000000000000000000e+00 3.361375535155471106e-02 2.027169942687638560e-02 4.106241585214141787e-02 2.409225572260308146e-02 6.866457670753607634e-02 4.922566990340587062e-03 3.424759047468092787e-02 1.573421908124869248e-02 -3.809535245905686790e-02 9.536610281226169357e-04 1.304156896376827343e-02 8.736081088766441821e-03 -3.315519997625691884e-02 -1.512459199829288906e-02 5.869515167464303684e-02 2.278267916755523544e-03 -5.829509350839379329e-03 -3.627624226259352352e-02 2.692599485432045983e-02 8.348474076185467482e-03 2.760957566392195639e-02 -4.376305612354805530e-02 -3.637521825374707279e-02 3.129493420864495196e-02 1.786302406330680936e-02 -2.710993224979502819e-02 -5.972276872849349716e-02 -2.994261426265907786e-02 -2.914457912860654240e-02 2.632020006477689758e-02 8.636799908488089483e-02 2.813232504126813097e-02 1.604991882107534296e-02 -1.100054515252047449e-01 5.670884848147173668e-02 1.223042297291739022e-02 2.865612156724843540e-02 -5.247520999114933240e-04 -1.324696962250240979e-02 -8.294990237039849557e-02 -4.806323622061087902e-03 4.588874567530121240e-02 -2.962365854066742119e-02 3.709843410171197176e-02 -6.312882645727162234e-02 -8.906698438709175977e-03 -3.931546026887152573e-02 -4.478885516053744686e-02 7.303103596466280212e-02 -1.157802032543591153e-01 -1.485592489343452380e-02 -2.211438175650468074e-02 -5.856207781815168240e-02 -6.544290071564483335e-02
-5.119967707427645551e-03 -3.134595665444916274e-02 -2.995238180480282869e-02 -1.271230547597233980e-02 -5.882346464631740823e-02 -1.320709078495875197e-02 -3.327380682499744835e-02 1.759913079035997988e-02 1.155872258242136505e-02 8.089788299557582399e-03 1.519123671560439724e-02 -1.309569890229110752e-02 3.109457971928212411e-02 3.361375535155471106e-02 0.000000000000000000e+00 -2.686315949403214609e-02 -1.955924801860499385e-02 -6.879899790315012476e-02 -3.427591232996248655e-02 -2.994817403925554428e-02 7.179053949789217237e-02 3.916693862389578756e-02 -6.245951432740879522e-02 8.852626926242798677e-02 3.395251905630979755e-02 3.325922863487671549e-02 -6.711043961577527195e-02 -5.320180948735588056e-02 4.991806972410461202e-02 1.601159280420809058e-02 2.414038349066407324e-02 -8.439357807840748571e-02 2.939124389571221713e-02 5.262250896879575035e-02 6.823056429022571201e-02 -2.036151420881809199e-02 -1.099586130825066198e-02 2.425373763531018991e-03 -8.421946855643776264e-02 -3.672216901424844859e-02 -2.343955808644955854e-02 -4.487878635756165080e-02 -4.742504236036924198e-02 -5.350182020497593061e-02 -5.730899227890166869e-02 4.339491427519912708e-02 7.562683497886794892e-03 5.618027791572755697e-02 9.776934157390134925e-03 1.882765896202879749e-02 3.246692118318812714e-02 2.026399667374953473e-02 1.794809000412872155e-02 9.226701924628911977e-03 4.477970156116336392e-02 -1.782624019749685929e-02 4.425775770597340647e-02 -2.693783926237333995e-02 6.955441022661820911e-03 3.506396280522759701e-02 -8.716756359110397478e-02 -7.663096203621549973e-02 -8.819472336721517758e-02 6.883164920596955560e-02 -4.006786521280336633e-02 -1.286341296696019883e-02 -6.884108293476565166e-02 -7.118891528161765125e-02
-7.032329177709031875e-02 5.958403836873584457e-03 -6.193704248843259069e-02 -4.478218977430077630e-02 -4.168473533470318237e-02 -5.787601966087717320e-02 -8.308774071936930045e-03 1.467959882860841525e-03 -2.697630551399269119e-02 -2.425235404207472592e-02 9.150646183479443918e-02 -3.485126851400117270e-02 6.529236057329602938e-02 2.027169942687638560e-02 -2.686315949403214609e-02 0.000000000000000000e+00 2.029124688392631645e-02 -2.268262678183735961e-02 -7.156813222375210670e-02 -8.708511568278743883e-03 1.090260825475171530e-01 -2.323877959223467904e-02 4.962596677009163681e-02 -9.635453222560735886e-03 -6.013246999653871355e-02 3.701793456392307724e-02 4.338447442476007360e-02 1.033753623929901770e-02 5.292186841561638544e-02 1.697752876197988411e-02 -7.599032737255077830e-02 1.152534073313920548e-01 2.367334209080956819e-02 3.574350226208592579e-02 -3.452094722150278981e-03 -2.221508934780005301e-02 2.383239133565573029e-02 6.879490393001372328e-02 9.510853836402448705e-03 -1.139759910481134147e-01 1.021324512403607859e-01 7.807208076086702420e-02 2.417712529783975009e-02 -3.204386347242786648e-02 -1.440854881754179140e-01 -3.253095657438417193e-02 -2.200120965664367420e-02 1.636711698501449458e-02 -5.619589812096068004e-02 -2.616074829898201726e-02 3.567026368842286105e-02 5.525008498327670797e-02 -1.043170711535911926e-01 3.379045283035522762e-02 -3.260716831392578702e-02 2.607062969046245252e-02 1.065920195228001015e-02 2.176875983152041366e-02 -1.365025152339637698e-02 3.166340178644375114e-02 3.988949722597279895e-02 -7.822262063477960700e-03 -4.915871471301897638e-02 -3.606969161429268711e-02 -5.690870620695433202e-02 8.911344246972473238e-02 -3.297149619341563365e-02 -2.399466694378133910e-02
4.086608893595072151e-02 7.667396930973396918e-02 -4.099640075985872684e-02 -4.533372975316150855e-02 7.186070755614670791e-02 -2.788235108900019230e-02 1.193596272890607400e-02 8.044456740442660486e-03 -1.119563254170537377e-02 -5.985285476505057545e-02 -9.891902283341881541e-02 -4.017503169321695600e-02 -5.072039707151133198e-02 4.106241585214141787e-02 -1.955924801860499385e-02 2.029124688392631645e-02 0.000000000000000000e+00 2.337856461880664927e-02 6.800913389958070619e-03 3.474785225658462168e-03 2.978766784197027853e-02 -4.441155738278854299e-03 -6.401949992361156971e-02 3.347265979481532649e-02 7.024662993318635251e-02 -5.785398781535673607e-03 2.166140681837479265e-02 2.687891523279177519e-02 3.062227653567728414e-03 3.726333402259628808e-02 7.501609190737590360e-02 -2.063115159509883948e-03 4.091714240290788424e-02 -5.771058812465220886e-03 9.114386053236625540e-02 -1.561233277157483357e-03 -4.402114635206314658e-02 -5.571724459096649706e-02 -5.658699452861584711e-02 -1.916189458496641435e-02 4.155253806568300762e-02 4.465143466117364734e-02 7.008068537876678550e-02 -3.115107076052104837e-02 9.510240826495730548e-02 4.078408281752338854e-03 -7.085168636106301508e-03 1.108789612199475964e-02 5.666830533302457534e-02 -5.682689927059039053e-02 -7.403917058595047007e-02 -3.581243858782635729e-03 -3.146155266506985709e-02 1.809375362043874483e-03 -5.065126419249277312e-02 -4.768418663644029276e-02 3.658682199610637648e-02 5.518223048231168243e-02 -2.137657566800275910e-02 -9.221350963384074284e-02 9.865911930128042941e-04 7.975011088277163263e-02 1.254031535200002961e-02 -4.143467807834598504e-02 1.321984121678380485e-03 -1.098880515366110720e-02 -1.723426725663112710e-02 1.214234030968386942e-03
4.418083679188604396e-02 5.821235572581700407e-02 -2.964708198640154946e-02 1.663239770876072735e-02 -1.780844226903176633e-02 5.546747569915889964e-02 4.519248010043337704e-02 5.509778434532834959e-03 -1.697510621610799283e-02 -6.355328786452398362e-03 1.419231666458745968e-02 2.009384234421554560e-02 -6.084406021246925589e-02 2.409225572260308146e-02 -6.879899790315012476e-02 -2.268262678183735961e-02 2.337856461880664927e-02 0.000000000000000000e+00 -4.966154009318995283e-02 -1.270581552036207373e-01 7.082149373536719694e-02 7.856241619998964197e-04 4.735729468805191522e-02 -3.428882821364363093e-02 -5.936146745821378745e-02 1.693949359055458084e-02 -7.062351303378086587e-02 2.832269967379416262e-02 4.134387774213120481e-02 5.843823584211865069e-02 2.078150805146639774e-02 6.273969799522628732e-02 -2.047482351506870954e-02 7.461551748699370157e-02 -1.114677140807427552e-02 5.481518452421237780e-02 8.932229914641671292e-03 9.795182082578575693e-05 1.070717386579110759e-02 4.021242418258648421e-02 -1.405978158363928483e-02 -2.093640023371023343e-03 3.545803603864535608e-02 -1.165937642166095869e-02 5.581886423778270601e-02 2.723385001199175870e-02 5.877516391492081799e-02 -8.258994753151173429e-02 1.831683552394831188e-02 -4.249568569171398302e-02 2.896405633087853829e-02 -4.427805718501045401e-02 7.593820969503002616e-02 3.581099063776536223e-02 1.777054067561744527e-02 9.513076561954185439e-02 2.714394174713323157e-02 -1.709956389156599629e-02 -7.083356086968590169e-03 -1.636069076557834789e-02 3.593310312423135533e-02 -3.337394442348095430e-02 -3.825553560510026180e-02 -2.710663508112756345e-02 7.351404790452079063e-02 6.075872567666157353e-02 3.249067258247869544e-02 6.445277712357123934e-02
-3.708140943614421370e-02 -3.178506820907801150e-03 3.050000651153754461e-02 -2.082168009724116517e-02 4.767411697647150337e-02 2.783359859728703686e-02 9.573603403954555890e-02 1.474227830032648519e-02 3.479943414033579568e-02 7.285952949037314066e-03 9.601701931296080517e-02 5.878635600072304457e-02 -1.873187216049550241e-02 6.866457670753607634e-02 -3.427591232996248655e-02 -7.156813222375210670e-02 6.800913389958070619e-03 -4.966154009318995283e-02 0.000000000000000000e+00 -3.634684501024748604e-02 2.190227264088194341e-03 5.284285237648336450e-03 -4.149304185350399798e-02 -3.977303447712371431e-02 1.515949709209057222e-02 4.296922705641593315e-02 -1.006160030943276974e-02 -2.321837256459586760e-02 1.225841408714712678e-02 3.320259743154926890e-02 6.852958738449249805e-03 -7.201345327973275590e-02 -4.065621910721436971e-02 -4.384217904660334120e-02 -8.943248468261222328e-03 -1.015069292677657845e-02 -2.109087020626046818e-02 5.050513890677582433e-03 -7.021076160393779908e-02 3.625936554924576866e-02 1.032502389699968548e-02 -3.142576633863828489e-02 1.292693779777474850e-02 1.082254705903797631e-01 4.881962303989273444e-02 8.727833511648112885e-02 3.787414959795618735e-02 -2.771340934953605488e-04 -4.478414956866887814e-02 -3.987670769572778350e-03 -2.620913067442923183e-02 -3.324131805924772365e-02 1.643242925522644038e-03 1.786918426817926328e-02 6.552012656551282899e-02 2.020407946043923861e-02 -1.777864182094403001e-01 -9.252621597362527261e-02 4.266777989935515575e-02 -6.259484515378506420e-02 -8.650059445333872299e-04 -3.174967820528337009e-02 5.443504527918540531e-02 1.281469111152346192e-02 5.712682599671758954e-02 2.960637275056736059e-02 -4.543032789296955198e-02 1.641071490116183598e-02
6.150209969862486387e-02 2.113624386528772589e-02 4.584310854360108128e-03 -4.886875952337541018e-02 1.364026957353882972e-03 6.981662999280946469e-02 2.373485594327737896e-02 -4.472876640872473081e-02 2.540536452747641644e-02 2.993983443744491907e-02 6.327192140279183641e-02 -3.938558930772310951e-02 -1.191873224020327665e-01 4.922566990340587062e-03 -2.994817403925554428e-02 -8.708511568278743883e-03 3.474785225658462168e-03 -1.270581552036207373e-01 -3.634684501024748604e-02 0.000000000000000000e+00 -1.808381433120862664e-02 -5.976313455734133528e-02 -2.510212459508970664e-02 -2.448595951322666414e-02 2.357891258510337942e-02 -1.176744004551225596e-02 8.458896686811874510e-02 5.214671961785676685e-02 -7.308716139076343321e-02 -4.207494216876912253e-03 9.570960741680999378e-05 2.052109777802521226e-02 1.903164424156935210e-03 -1.048854054499444646e-02 5.805397340166893599e-02 2.233293953370277252e-02 -7.379893366440924696e-02 -4.535596911262472497e-02 1.236649470824957228e-02 -1.481048692401272515e-02 4.508223952890599157e-02 -4.695525338566430840e-02 1.521116136760527517e-02 1.663479428791213993e-02 1.371907737175292324e-02 -4.107296742545910040e-02 3.505402719011851964e-02 -5.089994722606056010e-02 3.100203215561049899e-02 4.015952687777178676e-02 5.549952639460826662e-03 -4.013499861151644671e-02 4.116717632675644112e-02 -4.229726062554105964e-02 2.622056493828587784e-02 -5.853171986130493998e-02 8.524627431039634440e-02 2.309453559438784734e-02 -7.589681576853453404e-02 6.456085646269789369e-02 6.589417318221328645e-02 -8.259412475919913899e-02 -2.334441478361472429e-03 3.148160740249705825e-03 2.917671233333595307e-02 5.093890775586473740e-02 4.433636803277786476e-02 -1.436627895236889871e-02
3.049392861625276757e-02 9.679612275994925463e-02 2.173099527651035576e-02 -6.211305848101197902e-02 -9.700561906331323092e-02 2.944311514694930229e-02 2.169254325096164199e-03 7.994808318554149154e-03 8.876121325156758127e-03 8.962843945564914760e-02 -1.010018653811161765e-01 -1.987988936003655741e-02 -4.340942068459855557e-02 3.424759047468092787e-02 7.179053949789217237e-02 1.090260825475171530e-01 2.978766784197027853e-02 7.082149373536719694e-02 2.190227264088194341e-03 -1.808381433120862664e-02 0.000000000000000000e+00 7.730803286358475801e-02 5.120310040817251107e-02 5.476873166311253815e-02 -4.441287206199658055e-02 1.586918372931886640e-03 5.738800141212031802e-02 4.702605709939355026e-03 -3.649362033907515429e-02 5.368453318468342089e-02 -1.451420211669863722e-02 7.100416751830358753e-02 2.714508001225614253e-02 -3.640550073874566223e-02 -9.467677858323289911e-03 2.115908819796524613e-03 5.298066575371506576e-02 -3.291686619625752014e-02 5.139106817526004414e-03 1.649217881159541904e-02 7.152670259713990453e-02 -9.960482873652266519e-03 -9.361442483676071791e-02 7.638924534749311733e-03 4.279586567140321318e-02 1.612837761623608576e-03 -2.882711694706626554e-02 2.792233831037125788e-02 2.949113072920872525e-04 -7.372743199671741993e-03 -1.538132895097857680e-02 -2.202478888231794441e-02 -5.329353425720090992e-02 -7.013863554402072382e-03 -1.031911523958744213e-02 2.879498738410136635e-02 7.437171115942656230e-02 -3.512744064672356642e-02 2.622066831836703318e-02 3.343698254965847549e-02 3.002928753930934804e-03 -3.325173668673422900e-02 -1.039214852526005976e-02 -3.773132847589096006e-02 -2.337676163353744410e-02 -6.143026803413740439e-02 2.263006849435569151e-02 2.568543219793421265e-03
1.744377340198842788e-02 4.385250411717669244e-02 -6.578355428296013552e-02 -1.653454707795337306e-02 1.135303114384934170e-01 1.139578590570350207e-02 2.964290985401778558e-02 -6.275802876709862810e-02 3.327451267629312481e-02 -7.385295793953973453e-02 -1.105903420212155097e-02 -6.621481107121462983e-02 4.207808145240829467e-02 1.573421908124869248e-02 3.916693862389578756e-02 -2.323877959223467904e-02 -4.441155738278854299e-03 7.856241619998964197e-04 5.284285237648336450e-03 -5.976313455734133528e-02 7.730803286358475801e-02 0.000000000000000000e+00 4.305600872861714903e-03 6.564241817287619699e-03 3.603562661220686275e-02 5.783185805430904325e-02 -7.429384434501132284e-02 -2.264382538213650237e-02 8.962954332295243465e-02 -8.383364911022955779e-02 -1.241209318029773585e-02 -1.207104631001615878e-02 6.004357215275500648e-02 5.465488082679707815e-02 3.024636068258044867e-03 3.478621771026536857e-02 -2.541817584601377411e-02 8.449285391360883760e-03 -7.042431877053410838e-03 -2.121224452112441608e-02 -8.947779432618455098e-02 -2.017606180119664583e-02 -3.285613644299179709e-02 2.535478658147920575e-02 4.558881129476261181e-03 -3.391314389364844667e-02 -2.068322570532762916e-02 8.577789310086006425e-02 -2.719685885412927227e-04 3.399291535842986073e-02 5.266151336466966260e-02 -5.581146346770258365e-02 -5.079616285237163048e-02 -3.228584219054522839e-03 5.549088704028821289e-02 4.750253533219424631e-03 -3.939173509170266346e-02 -5.447611777613690226e-02 -5.985040133692430542e-02 -2.535492872185183318e-03 -2.818237257165810000e-02 -2.462047296927847087e-02 1.089292992759063536e-02 -1.845286127663001499e-02 4.091422906716824653e-02 -1.616254034254712563e-02 3.908376344245812622e-02 7.718177990466326688e-02
3.048860456384796039e-02 -3.696835381229906896e-03 2.605205777450556037e-02 1.916815331294799418e-03 -8.198749281078774806e-03 5.618003370464189593e-03 -5.835443950557319542e-02 6.752337901512951712e-02 -3.391328822215248563e-04 -5.615978630964833795e-02 7.909551118331535624e-02 3.490018361295357807e-02 2.390849466847319929e-02 -3.809535245905686790e-02 -6.245951432740879522e-02 4.962596677009163681e-02 -6.401949992361156971e-02 4.735729468805191522e-02 -4.149304185350399798e-02 -2.510212459508970664e-02 5.120310040817251107e-02 4.305600872861714903e-03 0.000000000000000000e+00 -2.563024312897685397e-02 -2.513029591819209221e-02 1.859752470142513395e-02 6.551608917996266934e-02 -6.279179276142222120e-03 1.570330015170921106e-02 3.126018397013233946e-02 -5.625873071972413431e-02 1.145876361187870250e-02 1.283165030546858185e-03 -7.618574955457600717e-02 -4.666058936661163919e-02 -6.929058830291601190e-02 5.937377894559525172e-03 2.921990442797317653e-03 2.911620984993798511e-02 6.195905044092096803e-02 5.441117188951552497e-02 2.476399390132945008e-02 4.758581377822720254e-02 2.110242030615674599e-02 -3.792982081106718428e-03 2.947279934854350053e-02 6.242314213746891216e-02 2.423963961176197821e-02 -8.666140013022509414e-03 1.454830798758849006e-02 7.468397971704826555e-02 4.136609047677542589e-02 1.221901109126625751e-01 2.173766972731021666e-02 3.377688067791695392e-02 8.685943921671027135e-02 3.456806778869615099e-02 -2.004963812276939691e-02 -6.486994824208804772e-03 1.385579798147048430e-02 4.621132901730940629e-02 3.785552766733780994e-02 2.434905434312802097e-02 -2.330137863261816378e-02 -7.754202428769073341e-02 -5.423402561287270218e-02 4.056884213183855475e-02 2.771228315138193551e-02
