0.000000000000000000e+00 3.203666357552619609e-02 -3.696590001493642915e-03 -1.801454521933783248e-02 -1.129875183221232433e-02 3.586210340641544231e-02 2.732537248093731830e-02 -4.030903634340451437e-03 3.593927912525785029e-02 3.925168612321866535e-03 -3.344980494991477843e-02 4.688379461600779285e-02 2.259864030992522234e-03 -1.540228685424413664e-02 -5.238198461406000546e-03 -7.051736498513438978e-02 4.084191805344405957e-02 4.410244147113645541e-02 -3.723843243447196721e-02 6.152539038107501801e-02 3.052252740314850485e-02 1.733716113668251277e-02 3.038911536093618845e-02 6.683016531446038522e-02 2.110033838541999079e-02 -3.890467794402177604e-03 -2.260364643072330926e-02 -2.462028527920448462e-02 2.055679403461040458e-02 -2.547412223418997826e-02 -5.859801132641329069e-02 -1.096957748800051098e-02 -6.190409173678920046e-02 -3.266353563836008056e-02 -3.363969077755228632e-02 3.029020188779883369e-02 3.767690083921541172e-02 2.599173221096060665e-02 -3.390556925112225145e-02 1.531454904872220010e-02 5.145900950771085253e-02 -6.739860883525917654e-03 5.981136072960793401e-03 2.481117185939704997e-02 5.396480434379045954e-02 -6.611333680794143075e-02 9.703254242827816581e-03 2.880263492702978337e-02 -4.514833707955007852e-02 5.882642266530770103e-02 3.053522184288150199e-02 -8.974370599803496718e-02 1.533499288487121144e-02 1.391110591731621257e-02 -8.593956714834723176e-02 -8.173275014864644916e-02 4.971494565924642478e-02 -3.162908168674431753e-02 4.608517332417400719e-02 -2.784068067558581952e-02 -4.133482496335669915e-02 -2.596736592597844243e-02 5.758409869722329886e-04 -1.821110522688042244e-02 6.506732506707736674e-02 3.456935458560360212e-03 -1.952278858704301762e-02 1.087163376065263497e-02
3.203666357552619609e-02 0.000000000000000000e+00 -1.050234492826750549e-01 -8.200246444923040001e-02 4.028833019487233075e-02 -4.837154198950766731e-02 -5.472223072325498733e-02 1.176657985124076938e-03 5.977376654657443056e-02 -5.166342951165139169e-02 -4.081270348879987436e-02 1.810368304215750164e-03 8.387429105001581453e-02 -7.565909907249183941e-02 -3.144744998701049649e-02 5.914531469249693571e-03 7.671208733131366919e-02 5.834375287477362032e-02 -3.260508101665673779e-03 2.124052771561356009e-02 9.675899405721011259e-02 4.196756902240486586e-02 -4.050086024230228551e-03 -9.814400492380106339e-03 2.153308024376913987e-02 2.583128839268416729e-02 3.806517389823595859e-03 -3.342885099750689953e-02 -4.581508448275434242e-02 6.578235955936617696e-02 -3.288521832028507702e-03 4.699769509166649289e-02 -2.741263951503695312e-02 1.597740771401914492e-02 -3.957307708897457588e-02 2.183574250962381710e-02 2.433923256531063048e-02 -3.027323751996224832e-02 -6.105624995107623160e-02 6.944317259211168353e-03 -8.757325307851519802e-02 4.412868081311765306e-02 2.707732219363115714e-02 2.435871237374383214e-02 -2.581099541492899718e-02 5.223156063790852441e-03 -1.561686078392521965e-02 -4.025302298826031328e-02 -4.352405236373994152e-02 -3.546191107330950304e-02 4.353355960433912680e-02 2.989521455664564606e-02 -2.507770511267960571e-03 2.747081681657546209e-02 3.312499501275180391e-02 -5.640692983584852382e-02 5.119118929225719566e-02 -8.303524460739658553e-02 -8.724741574625469176e-02 -5.296687605214398659e-02 -8.238001325604921501e-03 -1.992895330818359595e-02 -3.108992614557213457e-02 -1.201535139429460164e-01 -3.823052513441248246e-02 -1.001228334899137602e-02 3.878640162751798015e-02 1.250179378453448176e-01
-3.696590001493642915e-03 -1.050234492826750549e-01 0.000000000000000000e+00 -8.449072334014276486e-03 -7.712225511379812437e-02 1.281230139876142482e-01 1.165458066890873168e-02 5.382259659917906086e-02 -3.072607120360808935e-02 -4.958230609301463726e-02 -1.109879748736645848e-02 2.488567488439297898e-02 -2.825406739653657864e-02 -6.953784092863432402e-03 -2.958635632448916586e-02 -6.259966379705239614e-02 -4.320317624535222750e-02 -2.979865579908538148e-02 3.057616603499497751e-02 4.488241365703302295e-03 2.052854869099474122e-02 -6.569843283565843239e-02 1.867323984751904919e-02 -2.457133086360498500e-02 2.672914607182861908e-03 7.234463806277560347e-03 7.892249953692143105e-02 -1.538996491577369029e-02 -1.113297503460615109e-02 -2.345764593742435955e-02 8.696842638241719659e-02 -6.644509030578302222e-02 7.557175205611001145e-02 -3.938623994088692043e-03 -3.718921610184109435e-03 -8.097523808013483426e-02 1.198691717112892151e-02 -2.464728870735431385e-02 5.815292635092507434e-02 7.206078643268803985e-02 2.360274818631987945e-02 -8.245904913209665954e-02 8.541470639114814856e-02 1.656030189200072278e-02 -2.447719073745330959e-02 -5.713465013794298553e-02 -2.338383379927914604e-02 -4.354145994119023449e-02 -4.336104166176436153e-02 4.339908170120099218e-02 8.468728273977332160e-03 5.188447041516811020e-02 -4.424513242438530419e-02 1.610100718683299403e-02 1.977201200232944073e-02 1.576728767213431831e-02 -5.831657271724689263e-03 1.472662587437638046e-02 -5.001624376606188943e-02 1.943894802452559786e-02 2.013218728635647256e-02 4.662946012756601089e-02 3.358334746613964809e-03 -9.916217559242787236e-03 2.751659416715648149e-02 -7.662829574455766284e-03 -4.631113605429122704e-02 -6.135303077946575173e-02
-1.801454521933783248e-02 -8.200246444923040001e-02 -8.449072334014276486e-03 0.000000000000000000e+00 7.893050912502058702e-03 8.668099243471445768e-04 1.166855229305901846e-02 -9.637121498240032447e-02 3.261644023544074678e-02 5.655665125511229879e-02 2.396776805194168487e-03 -3.816475481493636357e-02 3.973000777809518325e-02 1.577196129741648828e-02 -1.275449638994118756e-02 -4.478087090506644580e-02 -4.519372387151599640e-02 1.673405294244771635e-02 -2.074097384324859877e-02 -5.063402555945351741e-02 -6.223972452758934348e-02 -1.631811802903928438e-02 2.379963014149345454e-03 -2.672187151856031048e-02 -5.131716544507940181e-02 2.703166317865656268e-02 -6.337405764700607125e-02 2.762268171927197841e-02 -4.963506334699759742e-02 2.162611740959350173e-02 6.342614547302681538e-02 -1.158016082128815634e-02 -2.223232850394157856e-02 -2.883675956807423002e-02 -9.133987975830798467e-02 -4.760627349233572531e-02 3.676882079134895925e-02 4.631928043898021763e-02 -2.135995924799332854e-02 1.500825241946952653e-02 -7.204433427501248655e-02 3.272492812571462656e-02 -1.119044308892837014e-01 3.932687241805513795e-02 -5.467417379074285960e-02 -3.542463773033769497e-02 -6.434349566313956464e-03 -8.692320767353695077e-02 -4.760687828762001639e-02 4.759488702870209170e-02 -4.785770395387310694e-02 8.522993840600161242e-02 -1.395706846973120835e-02 -3.420845004233763476e-02 2.841996374959943755e-02 3.565075585708245287e-02 3.029165384456540197e-02 3.213773858262275462e-02 6.667774920027984276e-02 -2.373787152560785652e-02 1.922196843586251869e-02 1.318208605939917392e-02 -3.306566775176548751e-03 -9.755422577756640845e-02 -9.448814791524901002e-03 7.744823448571462599e-02 -6.217297220681388542e-02 -3.770582507305078601e-02
-1.129875183221232433e-02 4.028833019487233075e-02 -7.712225511379812437e-02 7.893050912502058702e-03 0.000000000000000000e+00 -2.382322739048647539e-02 -5.101437516032164554e-02 7.162779497454609123e-02 6.269183898095423424e-02 -1.633332917969434767e-03 1.058228433979481074e-03 -5.712374745448513258e-02 -8.767918386013678900e-02 -1.107514459949988234e-03 -6.079746734297931943e-02 -4.162966264973323727e-02 7.180020527514079098e-02 -1.781222471209332678e-02 4.761684088230462575e-02 1.408537434986104281e-03 -9.706131819184758702e-02 1.134491576604997193e-01 -7.472582347619317195e-03 -4.302115330191160457e-03 2.282182192779580281e-03 -4.759152407249656741e-03 5.922933929850467127e-02 -1.635479398522444658e-02 5.345595606735496774e-02 -2.152131573004349967e-03 2.787700002350796888e-02 1.130190322355601878e-01 8.523868164535659819e-03 8.403102220101961450e-02 5.798995337240866327e-02 1.890731706895608377e-02 -9.913559010322318954e-02 3.544339835051548565e-02 -8.088064336679358715e-03 -7.820351714701047341e-02 -4.265764068517076402e-02 1.282264444709953514e-03 1.384373289745966830e-02 4.953220591223821828e-02 -1.638381576883548435e-02 1.743900978699115464e-02 8.356383864091959657e-03 -5.898267348660925224e-03 7.338853050853200166e-02 2.273416737239589841e-02 -3.462868571117635325e-02 -3.104041732182832511e-02 -4.457014328941854425e-02 1.553335328276014490e-02 1.739277318606450087e-02 -5.349518835929387151e-02 -8.542018378863922012e-02 -1.449303689461459372e-03 6.092497881273230276e-02 -4.061701529228346069e-02 -3.020046552592475786e-02 -2.856364236364119374e-02 -7.564519482941069184e-02 -2.060329286556514261e-02 8.759506725583746101e-02 7.170174261881118172e-02 1.499005332928005432e-02 2.609242411615499482e-02
3.586210340641544231e-02 -4.837154198950766731e-02 1.281230139876142482e-01 8.668099243471445768e-04 -2.382322739048647539e-02 0.000000000000000000e+00 6.901691549996011310e-02 3.355092487551495500e-02 2.436765914911181302e-02 3.628902969652825911e-02 1.898280208723139226e-02 6.841480117303869180e-02 -8.514045522175391068e-03 -3.524229343349332549e-02 -1.400438292611766791e-02 -5.792748477624787284e-02 -2.812800647685840053e-02 5.536146282450628286e-02 2.766325523654378227e-02 6.979392832848368977e-02 2.936836894523678007e-02 1.156246492200040631e-02 5.012579148907341832e-03 5.678331147960202774e-02 -5.978395095724974018e-02 1.101328019518021117e-01 1.207694939936117609e-02 -4.518195040756845665e-02 1.537390366927338797e-03 -3.238664254926641034e-02 3.429889042436292529e-02 4.571821163085540429e-02 -5.936377671932026139e-03 3.842676487392332821e-03 6.175651097764977421e-02 -3.127751589625333423e-02 -4.437009657966062282e-02 7.100075750888357531e-03 5.678763608813505032e-02 1.136362056422752370e-02 1.350685658882505302e-01 2.742826556715662403e-02 1.189683678900963285e-02 -3.330861549220242440e-02 -9.938860641521374967e-03 -5.397191068672234360e-02 4.738243430903166936e-02 8.497277569519913476e-02 -7.201029878320050481e-02 -6.008209676573058461e-02 -2.160030329997002663e-03 -4.940340691207552315e-02 1.815684352194435122e-02 8.295247765568364295e-02 -6.392380964414513811e-02 7.163963658670956247e-02 4.091258084745523493e-02 4.945265458632413201e-03 1.447623124077521313e-02 -3.622417758902034268e-02 3.179052119878838373e-02 1.890016427259011162e-03 -6.210468805451645202e-02 3.063635039545789182e-02 4.085747946157854832e-02 2.479310845565413368e-02 -1.960835746843560268e-02 2.869315780052552386e-04
2.732537248093731830e-02 -5.472223072325498733e-02 1.165458066890873168e-02 1.166855229305901846e-02 -5.101437516032164554e-02 6.901691549996011310e-02 0.000000000000000000e+00 -6.643789479612781379e-02 2.715408097700922323e-03 3.018810524468995907e-02 9.245780933976295926e-03 1.021983209738374643e-01 2.405497087428893829e-02 8.355941976649880476e-02 -3.318993904116770977e-02 -8.499280057261696802e-03 1.161027946056203755e-02 4.458344819585061125e-02 9.542344784298570359e-02 2.334358647873036735e-02 1.336432119756579030e-03 3.002114874874959455e-02 -5.933845949081816007e-02 3.331577251510820653e-02 -1.941191336858969982e-02 2.104782208540274813e-02 -5.286057610688877501e-02 3.291060334269844175e-03 6.166662953499658928e-02 -1.188397787283507340e-01 9.560560088678986962e-03 -6.649583652880255644e-03 4.570239259204975785e-02 -5.047403827288936794e-03 -2.371950170941291777e-02 1.712300358602403261e-02 -2.522060513463457963e-03 -3.167084885983807024e-02 2.188186424673988287e-02 -5.316160173444606923e-02 -1.542633408897066231e-02 -4.736545711937447528e-02 2.903722481299795752e-02 -1.589422697706429494e-02 2.717901726200704776e-02 -3.348101805471099396e-02 7.283285325368898944e-02 4.785044928476683140e-02 -4.603599870959387136e-02 7.565261117388609458e-02 3.073320468844788558e-02 -3.963459328105956025e-02 6.686872019445184133e-03 -5.705641266646204607e-02 9.311521274350065269e-02 8.375285622267593030e-03 2.678618932423428717e-02 -2.407925865748689260e-04 2.899945197891361237e-02 -7.278010796363076906e-02 5.250178540003455629e-02 8.172831898449358506e-03 7.807112330926632704e-02 -1.556039929608099212e-02 -7.756898306264797816e-02 -2.675168899006177825e-02 8.684378305059937964e-02 1.877891395169184810e-02
-4.030903634340451437e-03 1.176657985124076938e-03 5.382259659917906086e-02 -9.637121498240032447e-02 7.162779497454609123e-02 3.355092487551495500e-02 -6.643789479612781379e-02 0.000000000000000000e+00 1.004960321230608140e-02 -1.303405861793373137e-02 4.394163167644011408e-02 -7.019089766582232992e-02 1.847151496218836855e-02 -1.029052201059270019e-02 1.753610421621042831e-02 1.487516800259075945e-03 7.320512987746313933e-03 5.258685950974896842e-03 1.445198557613236456e-02 -4.476018339446408839e-02 7.168897882971779489e-03 -6.275491561635064552e-02 6.663444959145034541e-02 -1.507645718779108274e-02 4.948524236425977385e-02 -3.474772040797084044e-02 -9.868922480564694399e-03 8.946588750577756655e-02 -6.575489538633119344e-03 6.957208951390367324e-02 3.553299126419540155e-02 3.079228651833944286e-02 1.172360985797391746e-03 8.879245524546504342e-02 -5.074375980244218154e-02 -6.170497515080224787e-02 -9.945172826166877311e-02 -1.436370105336112410e-02 1.951552001101524228e-02 3.577945391235679701e-02 3.685268738028298768e-02 -4.579322094847743801e-02 -2.540428014357586257e-03 3.635842517687345316e-02 4.800715338315689196e-02 -9.176201577274856538e-03 -6.582692242184158549e-02 2.789410994904995347e-02 -1.021804230889449862e-02 -1.350810832256965806e-02 -3.617936785384534559e-02 -9.455292488752832167e-03 -5.902735032350745620e-02 7.575851809321370971e-03 1.081237425951091409e-02 3.611351584730413539e-02 -4.330302066168797287e-02 6.957111426351969552e-02 -7.686917819946618990e-04 -5.346267062689694094e-02 1.167809684890188694e-02 6.824081683040290891e-02 2.467868628120201482e-02 -1.645236452184613112e-03 -3.016807956851524052e-03 -1.287144520161724592e-01 3.870957260179019865e-02 -6.042644361098104336e-03
3.593927912525785029e-02 5.977376654657443056e-02 -3.072607120360808935e-02 3.261644023544074678e-02 6.269183898095423424e-02 2.436765914911181302e-02 2.715408097700922323e-03 1.004960321230608140e-02 0.000000000000000000e+00 8.340488496768138846e-03 -5.110642412170975091e-02 -1.946475462626442391e-03 -3.847514790206944119e-02 1.896753913064448335e-02 1.057294448464329850e-02 -2.676173358407820876e-02 -1.094702170660481061e-02 -1.686404165071875988e-02 3.494219640819726247e-02 2.534250887827876539e-02 9.081867519695141500e-03 3.229172507660198893e-02 4.251232293974191532e-04 9.494200754884435725e-03 2.440686409042877938e-02 -4.487571254987310354e-02 -1.500918777097915158e-01 -2.065443578115268991e-02 -3.828772113188640830e-02 -6.884736849545729231e-02 1.833879019648527661e-02 -4.059159574207933489e-03 -5.254250151071790387e-02 -1.072749469903419225e-02 4.234848594057748911e-02 9.468476209415584155e-02 -5.829366400708857476e-02 -6.436226371156579529e-02 -3.707649414195456072e-02 -3.957192497266304870e-02 -7.865035184096435400e-03 2.976045412691316529e-03 -4.073730362583983036e-03 -9.555342133138439165e-02 2.213303655251567040e-02 4.757597233837005876e-03 6.994117352078317584e-02 5.524474599885438597e-02 -2.510587134194046041e-02 -7.337298766464315754e-04 -1.179455419251807247e-01 -3.767923958038559701e-02 1.069130768676895271e-01 -9.450120451219052795e-03 9.489351975116914334e-03 6.969450450017877774e-02 -1.759280446034800979e-02 9.377029534089571447e-03 1.048432494995324427e-02 7.825297161577232652e-02 -9.220227800852903721e-02 -2.864466750893552432e-02 6.331900943370766255e-02 -4.126790767869946419e-03 -4.586717579443913562e-02 -2.456748814908253642e-03 3.432437771725284359e-02 -6.507764388643051678e-02
3.925168612321866535e-03 -5.166342951165139169e-02 -4.958230609301463726e-02 5.655665125511229879e-02 -1.633332917969434767e-03 3.628902969652825911e-02 3.018810524468995907e-02 -1.303405861793373137e-02 8.340488496768138846e-03 0.000000000000000000e+00 5.146243833377336235e-02 1.462865454501525130e-02 -4.156441807507666591e-02 5.360156476206680981e-02 8.163503930505168482e-03 -2.408624860822653271e-02 -5.969312946275635162e-02 -6.709516793060311436e-03 6.933421699633996078e-03 2.888518151631010861e-02 8.992992015697438835e-02 -7.380351139083167478e-02 -5.603595699649817352e-02 8.371450559547877202e-02 -1.821728413872087152e-04 -5.990919809078176089e-02 1.296858693763040631e-02 3.105750444073769947e-02 -3.043197997846652444e-02 -2.205175350529385569e-02 -8.430851894504924615e-03 -2.254094901377525634e-02 -2.963531503546197945e-02 9.289934346234332563e-03 6.603538034935133028e-02 -3.553727157042776974e-02 2.314770469759020594e-02 -3.501872088302547537e-02 -6.116452580865497368e-02 -4.099069269766233287e-02 5.287742547329541722e-03 -9.688168463121604734e-02 -1.286558536923286533e-01 3.709435690255435958e-02 -2.335047925755528997e-02 3.799966632675876727e-02 -2.060564666682386178e-02 -4.461304470481781970e-02 -7.322262617248877226e-02 -1.336275736871207938e-02 -4.272599707664436613e-02 -5.540678141098509535e-02 5.246930328759704526e-02 -5.031249079814952702e-02 -2.289188246095815935e-02 -2.921208883091432409e-02 -3.449847098809186857e-02 9.563958934102188836e-03 2.158128138050629738e-02 1.399214131475138428e-02 -3.579331652541232339e-02 2.114884834193653858e-03 -8.284161272435763834e-02 -4.067406318327906889e-02 4.034084134402340927e-02 -2.414428127276070993e-02 -5.260984313330170636e-02 -2.687130851847607457e-02
-3.344980494991477843e-02 -4.081270348879987436e-02 -1.109879748736645848e-02 2.396776805194168487e-03 1.058228433979481074e-03 1.898280208723139226e-02 9.245780933976295926e-03 4.394163167644011408e-02 -5.110642412170975091e-02 5.146243833377336235e-02 0.000000000000000000e+00 2.509583562526043060e-02 -4.791297635091494589e-02 5.244733639911028367e-02 1.518848633079435476e-02 9.148721047407940010e-02 -9.917663295864177775e-02 1.278826203388335435e-02 9.567902168284991848e-02 6.341879404839950718e-02 -1.014337575507761741e-01 -1.108839444806489390e-02 7.970365984515863367e-02 -1.324860164219638335e-02 3.728689083477211563e-02 6.855807677616358731e-02 -4.432454790606193962e-02 -3.873273973636060224e-03 6.137262306909441190e-02 -1.655729249710804693e-02 -9.883454298345453748e-02 2.184882826212003470e-02 2.337871537440601097e-02 9.041033283115304520e-02 2.445574489379517824e-02 -6.754215335856531000e-02 2.817295309334381936e-03 1.182896239686071112e-02 -2.015409997216911775e-02 2.436569764334254110e-02 -5.081758042842535184e-02 5.904597971659091005e-02 3.565906623047176288e-02 5.662516466808382998e-02 -3.972848266844542647e-02 -4.179530143093295597e-02 5.719097660803548755e-02 1.295528900183789099e-02 -6.033975130473248627e-02 4.036597195789916326e-02 5.060838828632052526e-03 -1.976110462317519703e-02 -4.766910377674072469e-02 6.380512769304955145e-02 -9.227131407092607415e-03 -2.966481816639559080e-02 -3.340899674403597502e-02 -8.044489679442018426e-03 -5.378296194453868750e-02 1.873761222317250549e-02 -1.678896829239283350e-02 -4.474639238598746016e-02 2.078921868520707244e-03 4.206390207942872078e-02 -1.701411979704695737e-02 3.966776918837965071e-02 -8.820840828232875963e-02 -5.326798334733508222e-02
4.688379461600779285e-02 1.810368304215750164e-03 2.488567488439297898e-02 -3.816475481493636357e-02 -5.712374745448513258e-02 6.841480117303869180e-02 1.021983209738374643e-01 -7.019089766582232992e-02 -1.946475462626442391e-03 1.462865454501525130e-02 2.509583562526043060e-02 0.000000000000000000e+00 1.058226638032261878e-02 3.216225531329261478e-02 -1.349164533115038145e-02 -3.477259009477091933e-02 -4.029513352202677978e-02 1.985235619882841362e-02 5.879914666159768988e-02 -4.057690703576211783e-02 -1.998985880607822424e-02 -6.618654209941787769e-02 3.521348428803161568e-02 2.883226671292502680e-02 6.401438501049974132e-06 -2.492902266960138336e-02 1.473404376225406764e-02 -4.431784674575911520e-02 6.566389256375464167e-02 -1.694264545812929415e-02 -6.367724856303638714e-02 6.018979550308158760e-02 -6.877134490030455127e-02 -5.532538317875717974e-03 6.719040021210644087e-02 -6.382631835277902121e-02 -4.985732691428575170e-02 -1.699937943281823113e-02 2.621788789113780119e-02 -9.449908020376662776e-02 3.035700041469549179e-02 -3.753468738114169867e-02 -4.382417702027704282e-02 -3.612829239121075064e-03 8.730353298853216204e-02 8.332851977348353090e-02 2.038475946549538412e-02 -6.646190393663573004e-02 4.018969969292990330e-02 2.173415501544396361e-02 -8.474803280367902703e-02 4.643439346504842254e-03 4.206353613574826539e-02 7.353141478673053122e-02 -1.281728900724495197e-02 2.106794762055114525e-02 -1.057728174438537089e-01 -1.917028684008412545e-02 -1.276543255634796092e-02 -2.591859402407616780e-02 3.036240288902764678e-02 -5.730481176590097869e-02 4.287847831589566144e-02 5.994023376041591328e-03 -4.239830210308982716e-02 -1.213353428895794575e-02 -8.177961627084195939e-02 9.795534554062346189e-02
2.259864030992522234e-03 8.387429105001581453e-02 -2.825406739653657864e-02 3.973000777809518325e-02 -8.767918386013678900e-02 -8.514045522175391068e-03 2.405497087428893829e-02 1.847151496218836855e-02 -3.847514790206944119e-02 -4.156441807507666591e-02 -4.791297635091494589e-02 1.058226638032261878e-02 0.000000000000000000e+00 -3.376950460873095333e-02 3.123323486291561604e-02 6.532579960223851290e-02 -5.067361474093340368e-02 -6.096061801185998635e-02 -1.875288037909736416e-02 -1.193234590098514042e-01 -4.349086912833012575e-02 4.183624285152807293e-02 2.431865369243568081e-02 -3.810030717505266413e-03 -4.138835228657550963e-02 3.696984166009177619e-02 -5.633680761019808914e-02 -1.698458457037682612e-02 -9.236916298329752792e-03 2.888803393625655191e-02 2.225381584070092178e-02 -3.655537882929926763e-02 -2.586793669573323948e-02 6.126980369285126102e-04 2.266480258254958188e-03 2.849492942160441675e-02 1.339269302935650607e-01 9.638984874489289756e-02 -4.293969794392996087e-02 -4.036351204962650846e-02 -6.951586060810612672e-03 -2.519051863158104296e-02 -7.191777988289876911e-02 -4.543316474442368746e-02 -1.506008252540627368e-01 -2.101318879466770526e-02 -7.688284189507611950e-03 -1.111530017421976692e-02 -2.830662559073387693e-02 -1.265410381240188176e-01 -2.919716753143551322e-02 1.706463615684745971e-02 -8.242845721970492451e-03 -6.919528604335764554e-02 -3.099519000735979218e-02 6.077164731966625683e-03 1.131045231631126226e-02 2.957695640050751404e-02 -1.120491646612586240e-01 -4.750027056009992199e-02 6.428751737552963752e-02 6.460668253126357341e-02 -2.475357274934282883e-02 8.298117458649341416e-03 -5.197274586233894406e-02 -4.440220400362138858e-02 2.320442687538579879e-02 4.220444347440212296e-02
-1.540228685424413664e-02 -7.565909907249183941e-02 -6.953784092863432402e-03 1.577196129741648828e-02 -1.107514459949988234e-03 -3.524229343349332549e-02 8.355941976649880476e-02 -1.029052201059270019e-02 1.896753913064448335e-02 5.360156476206680981e-02 5.244733639911028367e-02 3.216225531329261478e-02 -3.376950460873095333e-02 0.000000000000000000e+00 3.361109984223829145e-02 2.028695822200137985e-02 4.043883061018765240e-02 2.365214688026427009e-02 6.841691201155566948e-02 4.900098364352081792e-03 3.418635628676408578e-02 1.582008021200186423e-02 -3.950839441084253584e-02 6.507026417797251395e-04 1.306606454501670588e-02 8.575560070457705075e-03 -3.239366700032322161e-02 -1.643036544155713347e-02 5.583869160476950810e-02 -2.817388605340348908e-04 -5.788805616468593353e-03 -3.677558421665368810e-02 2.690167363499056108e-02 7.744493668411100637e-03 2.793124824778227960e-02 -4.341708617790696750e-02 -3.592187809075492178e-02 3.145968326301933765e-02 1.779011869359256245e-02 -2.722838831167490731e-02 -5.937672298095082041e-02 -2.951485233694441795e-02 -2.924021910640938957e-02 2.642498146050317742e-02 8.621347597150129383e-02 2.831239758961926617e-02 1.603287724379847887e-02 -1.100841590064270403e-01 5.689041888118205603e-02 1.208838250674853544e-02 2.866857922772814843e-02 -2.523970182280432231e-04 -1.311316819685921786e-02 -8.302189086445761756e-02 -4.511951525972190437e-03 4.587578782068021943e-02 -2.927805209835315434e-02 3.726441586490079894e-02 -6.316845987947618257e-02 -8.272385928226141938e-03 -3.877304169297918213e-02 -4.468780359986624512e-02 7.315358572104695145e-02 -1.155456972745922128e-01 -1.489797199795788764e-02 -2.174926078995193662e-02 -5.863279842383326002e-02 -6.562977347801998707e-02
-5.238198461406000546e-03 -3.144744998701049649e-02 -2.958635632448916586e-02 -1.275449638994118756e-02 -6.079746734297931943e-02 -1.400438292611766791e-02 -3.318993904116770977e-02 1.753610421621042831e-02 1.057294448464329850e-02 8.163503930505168482e-03 1.518848633079435476e-02 -1.349164533115038145e-02 3.123323486291561604e-02 3.361109984223829145e-02 0.000000000000000000e+00 -2.676202507046133647e-02 -1.939838814347868978e-02 -6.881939393617166056e-02 -3.435001906915125663e-02 -2.996107730757141541e-02 7.211297270394793901e-02 3.904950380499842139e-02 -6.263438107436529456e-02 8.834734791309557800e-02 3.397664260394788610e-02 3.362571222931055176e-02 -6.556977412449006837e-02 -5.336812310049696140e-02 4.982793917380858029e-02 1.596725083070080209e-02 2.414475898154695016e-02 -8.490732533995697107e-02 2.940946870800695279e-02 5.267358330849666176e-02 6.807226696257469289e-02 -2.026953914684436267e-02 -1.079075202702771061e-02 2.525596088898987308e-03 -8.417178054513377305e-02 -3.645417946744296950e-02 -2.332847760887499927e-02 -4.486940146485085545e-02 -4.735970967804103982e-02 -5.334784439336046763e-02 -5.714544609924614160e-02 4.349478761641068641e-02 7.659901281277362722e-03 5.630296071460371560e-02 9.844225431532186571e-03 1.894480885310324131e-02 3.258370457008077925e-02 2.037411122226405469e-02 1.794977756948245434e-02 9.168758453604755262e-03 4.469621349851499864e-02 -1.773506401007914762e-02 4.455994741177563695e-02 -2.675004834816320856e-02 6.960537527666173924e-03 3.543368005254092512e-02 -8.631382878795240687e-02 -7.647249398114439045e-02 -8.807006798730837582e-02 6.893129175701138978e-02 -4.006334492475007586e-02 -1.275946860124190993e-02 -6.876815240149718178e-02 -7.095259800302956832e-02
-7.051736498513438978e-02 5.914531469249693571e-03 -6.259966379705239614e-02 -4.478087090506644580e-02 -4.162966264973323727e-02 -5.792748477624787284e-02 -8.499280057261696802e-03 1.487516800259075945e-03 -2.676173358407820876e-02 -2.408624860822653271e-02 9.148721047407940010e-02 -3.477259009477091933e-02 6.532579960223851290e-02 2.028695822200137985e-02 -2.676202507046133647e-02 0.000000000000000000e+00 2.016762619978536633e-02 -2.276705930192641017e-02 -7.139620182215936084e-02 -8.842230365309127968e-03 1.077082740222210372e-01 -2.386659308162938226e-02 4.675879348918004358e-02 -1.026347922428120889e-02 -6.017246643467432515e-02 3.688494277763253865e-02 4.021232058300275997e-02 1.001421630457402165e-02 5.267582152713180116e-02 1.659425863333066284e-02 -7.609591200527864030e-02 1.152886753390808539e-01 2.355750195433506389e-02 3.564612392826341930e-02 -3.498869161623392125e-03 -2.244926348266496410e-02 2.358519829874505466e-02 6.890196563926637152e-02 9.246961521263209402e-03 -1.142635332661043751e-01 1.020024855334440567e-01 7.822288587212533617e-02 2.414710812226901482e-02 -3.214333357200646613e-02 -1.441779068096233074e-01 -3.249295526604344814e-02 -2.202159322078203058e-02 1.602624243100434290e-02 -5.617590297721565540e-02 -2.832936628850592220e-02 3.553518422518694986e-02 5.517389778935954947e-02 -1.043476489133985941e-01 3.370290424843905980e-02 -3.293020976264317973e-02 2.576317612569056434e-02 7.868898267189958565e-03 2.152808757839689419e-02 -1.361651148129354796e-02 3.140106133413589351e-02 3.751992043178986602e-02 -8.236230887577838250e-03 -4.915792785096025075e-02 -3.619290873426580374e-02 -5.681819287056957823e-02 8.938113065562311443e-02 -3.314429920108544897e-02 -2.396508673039611514e-02
4.084191805344405957e-02 7.671208733131366919e-02 -4.320317624535222750e-02 -4.519372387151599640e-02 7.180020527514079098e-02 -2.812800647685840053e-02 1.161027946056203755e-02 7.320512987746313933e-03 -1.094702170660481061e-02 -5.969312946275635162e-02 -9.917663295864177775e-02 -4.029513352202677978e-02 -5.067361474093340368e-02 4.043883061018765240e-02 -1.939838814347868978e-02 2.016762619978536633e-02 0.000000000000000000e+00 2.348024933758881272e-02 5.248646336446387284e-03 3.506100068953054479e-03 2.946843579339159316e-02 -4.428505642578487063e-03 -6.803732648406897454e-02 3.322174128729859371e-02 7.028241768468851403e-02 -7.378954453362326915e-03 1.798912167146579297e-02 2.655905509091678954e-02 2.392522369699308718e-03 3.677327383974093866e-02 7.487681800760000173e-02 -1.868258227963360673e-03 4.073750227722655604e-02 -6.529203819857463953e-03 9.114091774313734517e-02 -1.424132621073388727e-03 -4.386292406360908780e-02 -5.585091763897588601e-02 -5.693419157334711489e-02 -1.962781907363514086e-02 4.100814201064863218e-02 4.490720265134218181e-02 6.980762728676513651e-02 -3.156531619452457998e-02 9.497209812304550913e-02 3.900991143348454988e-03 -7.054235787350291581e-03 1.095340046238771174e-02 5.673651266418970607e-02 -5.700840461741402826e-02 -7.417473293002656287e-02 -3.799717834648721863e-03 -3.132985014379763983e-02 1.869531898877682804e-03 -5.093521423444680174e-02 -4.770951280010111983e-02 3.741235468065131492e-02 5.491400957228709245e-02 -2.121869661227731782e-02 -9.211491879638034064e-02 -1.049235452223265134e-04 7.957690434775631372e-02 1.252008917714305704e-02 -4.154676267093911080e-02 1.388773656087765110e-03 -1.092000201975240441e-02 -1.727043383024882972e-02 9.366483791932007051e-04
4.410244147113645541e-02 5.834375287477362032e-02 -2.979865579908538148e-02 1.673405294244771635e-02 -1.781222471209332678e-02 5.536146282450628286e-02 4.458344819585061125e-02 5.258685950974896842e-03 -1.686404165071875988e-02 -6.709516793060311436e-03 1.278826203388335435e-02 1.985235619882841362e-02 -6.096061801185998635e-02 2.365214688026427009e-02 -6.881939393617166056e-02 -2.276705930192641017e-02 2.348024933758881272e-02 0.000000000000000000e+00 -5.072683747138618388e-02 -1.270837636606696464e-01 7.054710416941470386e-02 7.541010038874813425e-04 4.709723374509121319e-02 -3.422375525479182806e-02 -5.935366473674618532e-02 1.598469665674069271e-02 -7.206252927028922173e-02 2.788046940511488062e-02 4.082412288066979145e-02 5.802375234214352667e-02 2.080033331923300879e-02 6.272231345367852706e-02 -2.057096262305138298e-02 7.391435987307735933e-02 -1.106699733013149535e-02 5.480508164011137218e-02 8.842596276073796946e-03 9.038505520448369415e-05 1.068113457931701288e-02 4.018950345424102122e-02 -1.364199096121597628e-02 -2.009357747211720693e-03 3.535668037676940184e-02 -1.180850260116804440e-02 5.565190531436993437e-02 2.716287503160997110e-02 5.864541955682042035e-02 -8.257075560134503889e-02 1.831816113954395225e-02 -4.262792604765609089e-02 2.887279258065778356e-02 -4.435997532999118309e-02 7.595429754022171853e-02 3.577335726936790167e-02 1.768842828165039655e-02 9.513743776427090182e-02 2.716640794011412549e-02 -1.707335662034876675e-02 -7.172173250074374840e-03 -1.652932337324137385e-02 3.743239129873623255e-02 -3.326896432139715004e-02 -3.822968363656425311e-02 -2.704512574194559149e-02 7.343919283116735752e-02 6.062215194505253535e-02 3.258408934755813863e-02 6.426742787580401461e-02
-3.723843243447196721e-02 -3.260508101665673779e-03 3.057616603499497751e-02 -2.074097384324859877e-02 4.761684088230462575e-02 2.766325523654378227e-02 9.542344784298570359e-02 1.445198557613236456e-02 3.494219640819726247e-02 6.933421699633996078e-03 9.567902168284991848e-02 5.879914666159768988e-02 -1.875288037909736416e-02 6.841691201155566948e-02 -3.435001906915125663e-02 -7.139620182215936084e-02 5.248646336446387284e-03 -5.072683747138618388e-02 0.000000000000000000e+00 -3.632409607232385540e-02 2.370510881255836685e-03 5.276474110012531818e-03 -4.121264281816018615e-02 -3.947915840858271658e-02 1.517809951035424543e-02 4.133764854199893646e-02 -1.012772083406781286e-02 -2.370866600497246665e-02 1.184036627783711590e-02 3.299835242004926089e-02 6.718654504648644173e-03 -7.203994321069086271e-02 -4.075283779980456295e-02 -4.547242468826559469e-02 -9.095894721544081629e-03 -1.014216028748842618e-02 -2.048967085048430253e-02 5.104219580548096692e-03 -7.016881004221667273e-02 3.614410952931623039e-02 1.043112477772132306e-02 -3.159112776553257146e-02 1.292935569736968979e-02 1.080944613614955446e-01 4.862190233064038469e-02 8.726441589010140720e-02 3.777256691453928505e-02 -3.428619115788283955e-04 -4.482219843681695126e-02 -3.474144502907662319e-03 -2.597828074953836483e-02 -3.327292825907168794e-02 1.772271069620003081e-03 1.776075292151367557e-02 6.626452924701155267e-02 2.039115025023985686e-02 -1.776799311162809702e-01 -9.239120022900219886e-02 4.269296279140231271e-02 -6.241495598699785263e-02 -1.186323991085630643e-04 -3.154002439869663110e-02 5.452339601007506059e-02 1.285198896267494319e-02 5.705084370210257438e-02 2.954221010472847173e-02 -4.548937299849047794e-02 1.618613130471259834e-02
6.152539038107501801e-02 2.124052771561356009e-02 4.488241365703302295e-03 -5.063402555945351741e-02 1.408537434986104281e-03 6.979392832848368977e-02 2.334358647873036735e-02 -4.476018339446408839e-02 2.534250887827876539e-02 2.888518151631010861e-02 6.341879404839950718e-02 -4.057690703576211783e-02 -1.193234590098514042e-01 4.900098364352081792e-03 -2.996107730757141541e-02 -8.842230365309127968e-03 3.506100068953054479e-03 -1.270837636606696464e-01 -3.632409607232385540e-02 0.000000000000000000e+00 -1.806150903873102176e-02 -5.971266621107139405e-02 -2.556923336863207649e-02 -2.487562453055308653e-02 2.363260816912814144e-02 -1.199733498001917704e-02 8.355113157906297883e-02 5.198378723039272231e-02 -7.317791022670981638e-02 -4.163849700881004992e-03 3.659664469932608994e-05 2.054634434773212198e-02 2.051764327745521452e-03 -1.039952234651975345e-02 5.810574863404274759e-02 2.243069019374760095e-02 -7.438152653369135836e-02 -4.536987950991303031e-02 1.236505185577812561e-02 -1.469278424055924480e-02 4.559367087784083755e-02 -4.686160439333367234e-02 1.541720030446223563e-02 1.653558782845998207e-02 1.373177315320729848e-02 -4.114602728508543611e-02 3.504356448323776851e-02 -5.084936403466637500e-02 3.105022182470948758e-02 3.991296095369427366e-02 5.502746606932130621e-03 -4.023391851925377238e-02 4.108369206736384865e-02 -4.231274956392353653e-02 2.602444643002581326e-02 -5.863343461665949247e-02 8.515941862504310123e-02 2.333553543418124404e-02 -7.600578542613901922e-02 6.445495263225028970e-02 6.422221616825599111e-02 -8.321228439383378250e-02 -2.332481383244707634e-03 3.218783269295210064e-03 2.910958927500692170e-02 5.091427130655019895e-02 4.449162166743393654e-02 -1.452670933355865689e-02
3.052252740314850485e-02 9.675899405721011259e-02 2.052854869099474122e-02 -6.223972452758934348e-02 -9.706131819184758702e-02 2.936836894523678007e-02 1.336432119756579030e-03 7.168897882971779489e-03 9.081867519695141500e-03 8.992992015697438835e-02 -1.014337575507761741e-01 -1.998985880607822424e-02 -4.349086912833012575e-02 3.418635628676408578e-02 7.211297270394793901e-02 1.077082740222210372e-01 2.946843579339159316e-02 7.054710416941470386e-02 2.370510881255836685e-03 -1.806150903873102176e-02 0.000000000000000000e+00 7.732112549407325897e-02 4.219387109187342638e-02 5.462196795570931074e-02 -4.439768639964853519e-02 1.119023390512171668e-03 5.669586259279421614e-02 1.935328454699749038e-03 -3.724576796269035706e-02 4.993920190021961664e-02 -1.424012706646860318e-02 7.103051623190161090e-02 2.701953921241181597e-02 -3.722874127058081045e-02 -9.366298295742297303e-03 2.633650535154205205e-03 5.271823433579574114e-02 -3.290804904303862993e-02 5.034495455029410795e-03 1.629855525813315997e-02 7.116436844837076281e-02 -1.023377820809551371e-02 -9.388434638931683618e-02 7.537686782988751132e-03 4.301051205254410176e-02 1.839322770636594908e-03 -2.902209803378113032e-02 2.785121824450492722e-02 4.202365315606599564e-04 -8.313376625372506309e-03 -1.597706369323526748e-02 -2.228759032785248770e-02 -5.368613752986858834e-02 -6.944006292326618604e-03 -1.152190674817590681e-02 2.829280129833570620e-02 7.328312081435646441e-02 -3.539999155734719488e-02 2.635081768073577885e-02 3.330230406869039844e-02 1.105155069681391759e-03 -3.429758427796696790e-02 -1.057145241270428943e-02 -3.773486877259334127e-02 -2.307255462495974227e-02 -6.131105895855116367e-02 2.255499635458913660e-02 2.461043749753771652e-03
1.733716113668251277e-02 4.196756902240486586e-02 -6.569843283565843239e-02 -1.631811802903928438e-02 1.134491576604997193e-01 1.156246492200040631e-02 3.002114874874959455e-02 -6.275491561635064552e-02 3.229172507660198893e-02 -7.380351139083167478e-02 -1.108839444806489390e-02 -6.618654209941787769e-02 4.183624285152807293e-02 1.582008021200186423e-02 3.904950380499842139e-02 -2.386659308162938226e-02 -4.428505642578487063e-03 7.541010038874813425e-04 5.276474110012531818e-03 -5.971266621107139405e-02 7.732112549407325897e-02 0.000000000000000000e+00 4.522868630673623769e-03 5.329850859332515428e-03 3.535788827119329403e-02 5.817893090205067397e-02 -7.502759611574096044e-02 -2.269593341389582186e-02 8.962659209265194660e-02 -8.414744440935036096e-02 -1.239745150686072037e-02 -1.226497806579846667e-02 6.004166830109220615e-02 5.467056877259700992e-02 2.943319803794675147e-03 3.469554931696602201e-02 -2.514039535818694826e-02 8.596665429996094149e-03 -7.039896603665259621e-03 -2.110928878026232386e-02 -8.966769924584237772e-02 -2.025180446815972451e-02 -3.289140000583339746e-02 2.557286013549536427e-02 4.637519795684023546e-03 -3.389716323478864091e-02 -2.072738175654249143e-02 8.605687804093950510e-02 -1.765636670967989943e-04 3.397977691283959878e-02 5.280915198895052426e-02 -5.590550891124487082e-02 -5.080091103729645480e-02 -3.240877199038116798e-03 5.570199275012019391e-02 4.145133156712795149e-03 -3.965340891374777299e-02 -5.461008830802469710e-02 -5.968405067758169452e-02 -2.285789706735456058e-03 -2.700220228820874452e-02 -2.403941351794553621e-02 1.080749926734834998e-02 -1.835526301409710903e-02 4.109386014666936010e-02 -1.625700821388914238e-02 3.902671617849450686e-02 7.726231734648139615e-02
3.038911536093618845e-02 -4.050086024230228551e-03 1.867323984751904919e-02 2.379963014149345454e-03 -7.472582347619317195e-03 5.012579148907341832e-03 -5.933845949081816007e-02 6.663444959145034541e-02 4.251232293974191532e-04 -5.603595699649817352e-02 7.970365984515863367e-02 3.521348428803161568e-02 2.431865369243568081e-02 -3.950839441084253584e-02 -6.263438107436529456e-02 4.675879348918004358e-02 -6.803732648406897454e-02 4.709723374509121319e-02 -4.121264281816018615e-02 -2.556923336863207649e-02 4.219387109187342638e-02 4.522868630673623769e-03 0.000000000000000000e+00 -2.618674704241673659e-02 -2.505374282112434597e-02 1.731695028495715966e-02 5.909922472075629374e-02 -6.588996721281686030e-03 1.502439710396034217e-02 2.832288791976336415e-02 -5.687420137792124908e-02 1.160009717746330465e-02 7.217326395126672086e-04 -7.683004390986571119e-02 -4.708304624617951073e-02 -6.933901157366670343e-02 5.602311686777245760e-03 3.247809834948738126e-03 2.842682852277600078e-02 6.140138047892251816e-02 5.294384742126378995e-02 2.493695153605879344e-02 4.755478341164625505e-02 2.089610440521411441e-02 -4.197142699444173647e-03 2.976255210136594109e-02 6.272486539629497371e-02 2.428433079530431180e-02 -8.659870712838161830e-03 1.166829269345154817e-02 7.445789121007234668e-02 4.086383250497203912e-02 1.231054054622161414e-01 2.167687254739841113e-02 3.333993043179599158e-02 8.668021991160396178e-02 2.873255205410667201e-02 -2.048023305554592943e-02 -6.212809329160674104e-03 1.325895514905672638e-02 4.188231377463060012e-02 3.765587475646179488e-02 2.436062918162133425e-02 -2.333496772153013932e-02 -7.763225773956042297e-02 -5.401078037996768361e-02 4.045709013253775965e-02 2.746433628181878597e-02
