0.000000000000000000e+00 3.193262137975185627e-02 -3.621655099701653283e-03 -1.793329852902964330e-02 -1.123777343797999380e-02 3.587729729253264638e-02 2.806076881519064051e-02 -3.932479728510060446e-03 3.595682042291895725e-02 4.071350582810987460e-03 -3.330318199838423754e-02 4.709747612700764668e-02 2.173591370927675619e-03 -1.245623389080516633e-02 -5.096164299639494889e-03 -7.028417640278721013e-02 4.087080565334392374e-02 4.419690672650659902e-02 -3.704960613458198326e-02 6.149742410241099827e-02 3.048891464592114534e-02 1.746499148731740086e-02 3.050875136757973116e-02 6.662841966681076755e-02 2.114585462375405053e-02 -3.967617269479864310e-03 -2.338201731183106938e-02 -2.434959371227699357e-02 2.275212074476003210e-02 -2.435081525925797408e-02 -5.861065238126696164e-02 -1.109701633605674267e-02 -6.181973879394499910e-02 -3.254551328224693924e-02 -3.362715803775658679e-02 3.000032185255999129e-02 3.760504858199054806e-02 2.596525454903558447e-02 -3.387621752877691822e-02 1.526190865404614821e-02 5.133849144888813498e-02 -6.647313147500112131e-03 5.765468318908185605e-03 2.492955325838726310e-02 5.413209954748866848e-02 -6.602241291805362178e-02 9.850823166609155163e-03 2.873089755158758987e-02 -4.513640094086280447e-02 5.875211309767984502e-02 3.072285711618650064e-02 -8.979453950667722062e-02 1.520137631312218351e-02 1.380102712807867310e-02 -8.564807338499573486e-02 -8.157227273559182479e-02 4.941411142083099173e-02 -3.163986890864308593e-02 4.597311777756662998e-02 -2.792090293031301504e-02 -4.140191782479919758e-02 -2.597596178338863401e-02 7.108602839109061855e-04 -1.832707907666052474e-02 6.510078158945421800e-02 3.453155125106110220e-03 -1.969233388743926033e-02 1.084905834939539626e-02
3.193262137975185627e-02 0.000000000000000000e+00 -1.048314841908234152e-01 -8.215971728438085930e-02 4.044086837563899001e-02 -4.844893358806977995e-02 -5.512168385820910566e-02 8.145198358263606910e-04 6.008101544485630607e-02 -5.197397212836150221e-02 -4.071996360770718804e-02 1.707563204765279435e-03 8.420324135467058269e-02 -7.567900662403898027e-02 -3.132594233308354931e-02 5.968677502883152144e-03 7.666697542708561519e-02 5.818590948684725095e-02 -3.162130816980688805e-03 2.111570582306819543e-02 9.680285190767083658e-02 4.423163377987407441e-02 -3.622695711113900398e-03 -9.359951911209748315e-03 2.337532407718571556e-02 2.567305053318814576e-02 4.983058648328403395e-03 -3.390359275339598077e-02 -4.564863783365510214e-02 6.549247043161146586e-02 -3.264723591876797764e-03 4.694745048728164727e-02 -2.736621370554653473e-02 1.616693827249534449e-02 -3.971187880319473201e-02 2.197846153652783033e-02 2.423939890215486004e-02 -3.030095014761597164e-02 -6.103966433810147085e-02 6.905783817388001442e-03 -8.796879257727963086e-02 4.382674678973986354e-02 2.678956160281748336e-02 2.415707765759829428e-02 -2.575963978990555847e-02 5.194536009469709337e-03 -1.564711803540994386e-02 -4.056914350061343461e-02 -4.352494904473881016e-02 -3.534773045335345282e-02 4.351833750171302251e-02 2.984394631360988773e-02 -2.544506528777940035e-03 2.735083017011076534e-02 3.316012582641408163e-02 -5.641104242261338331e-02 5.118884418815052018e-02 -8.321019427388119671e-02 -8.741951691945204495e-02 -5.285999489769997728e-02 -7.498388460999808568e-03 -2.098441156356075504e-02 -3.115582826601924135e-02 -1.203101069664276740e-01 -3.834114975370349343e-02 -9.915534268951236435e-03 3.880891784840365122e-02 1.248965854782889406e-01
-3.621655099701653283e-03 -1.048314841908234152e-01 0.000000000000000000e+00 -8.717736685926047099e-03 -7.701808494575108910e-02 1.284108965622803578e-01 1.225356478565079593e-02 5.463928681304287827e-02 -3.133161098550839990e-02 -4.968011250040922644e-02 -1.090471045400309875e-02 2.500652887672704522e-02 -2.818935706932724702e-02 -6.935971365402798273e-03 -3.002799018182322061e-02 -6.179372762096466826e-02 -4.053804076011765373e-02 -2.961485780689535746e-02 3.048577251777735350e-02 4.606119688124530979e-03 2.198854434745196526e-02 -6.580019106054704747e-02 2.757060734366812219e-02 -2.455209366407105909e-02 2.363656530872982296e-03 1.226931659197953890e-02 8.469344638965689565e-02 -1.521000117940773597e-02 -1.087453947756729031e-02 -2.303341582616206390e-02 8.725581672551080414e-02 -6.658360299818213979e-02 7.587184916305277083e-02 -3.994005400253040038e-03 -3.695273239729149947e-03 -8.092803426917917486e-02 1.213788286487357294e-02 -2.457432371274306804e-02 5.856884649934511466e-02 7.233937486194395861e-02 2.410272298649643666e-02 -8.243122228991570100e-02 8.570176255953934619e-02 1.684568468537396557e-02 -2.427306494034864315e-02 -5.679438635745415187e-02 -2.348001921799205277e-02 -4.344818315994772306e-02 -4.319211542284265293e-02 4.369272797837768507e-02 8.727294273670875915e-03 5.230205711748056596e-02 -4.404347039550525478e-02 1.605462119344516769e-02 1.993342510295471534e-02 1.567773360205979710e-02 -5.249846821450726737e-03 1.499987191400821950e-02 -5.012231663722486324e-02 1.948667788995626232e-02 2.462483442028857994e-02 4.671046063454544622e-02 2.941608266791717261e-03 -9.947137369299119056e-03 2.721934441805475349e-02 -8.069377577630600443e-03 -4.587953880411828333e-02 -6.087193831603601724e-02
-1.793329852902964330e-02 -8.215971728438085930e-02 -8.717736685926047099e-03 0.000000000000000000e+00 7.922327479248456733e-03 8.840634782302372397e-04 1.201212207083892508e-02 -9.622745872583263194e-02 3.272612808540570351e-02 5.725474086996740902e-02 2.489411110969351731e-03 -3.775759657010628600e-02 3.953167475049733370e-02 1.553916295587110495e-02 -1.270360016824069807e-02 -4.478233220315947644e-02 -4.536220278938436073e-02 1.661211664151714118e-02 -2.083785541633132940e-02 -4.851347554717259924e-02 -6.208594175237182322e-02 -1.657784989301682582e-02 1.821400506969252748e-03 -2.463469168862239891e-02 -5.123801053061102784e-02 2.669323897591915906e-02 -6.263143651219944819e-02 3.067366957969576077e-02 -4.960927172199974811e-02 2.140908488008061786e-02 6.344097386542350836e-02 -1.147804730739309179e-02 -2.236315049554798290e-02 -2.908518639941422637e-02 -9.142756478686013544e-02 -4.750110794770267403e-02 3.664201493364566131e-02 4.672272676422749987e-02 -2.139565525789804620e-02 1.487468733719217451e-02 -7.220194573661213588e-02 3.245529195284482110e-02 -1.116943119994595196e-01 3.939359222496487817e-02 -5.483274591205621745e-02 -3.542228648533223695e-02 -6.417261287152093395e-03 -8.729073379690027723e-02 -4.755611519826014738e-02 4.770409648976787348e-02 -4.790279254064411935e-02 8.519916168783796262e-02 -1.392154817160618299e-02 -3.403121485982316813e-02 2.843211462242441548e-02 3.547014959929151168e-02 3.027175602466905535e-02 3.238288186735540503e-02 6.656462514452814172e-02 -2.380833868608309145e-02 1.750149815740542972e-02 1.337693823276684020e-02 -3.610326397479966982e-03 -9.787216387403147033e-02 -9.491343654532280114e-03 7.742371849442067355e-02 -6.225317057828306383e-02 -3.773018139513902025e-02
-1.123777343797999380e-02 4.044086837563899001e-02 -7.701808494575108910e-02 7.922327479248456733e-03 0.000000000000000000e+00 -2.310381287369765030e-02 -5.105364464219325910e-02 7.161621342734762752e-02 6.333460270922885993e-02 -1.669087174990299899e-03 1.127567299088505807e-03 -5.699300790487323021e-02 -8.736345385179884737e-02 -9.186172575502209951e-04 -5.842712941165580792e-02 -4.169621873988364064e-02 7.187214688930637640e-02 -1.780759708932115951e-02 4.768568109124129289e-02 1.355130187899622040e-03 -9.699457822149795683e-02 1.135466818229053654e-01 -8.347942791466824927e-03 -3.619471555297679340e-03 2.368192039583110961e-03 -4.613903069003714129e-03 5.764768487242475509e-02 -1.670648050865220988e-02 5.355693659078003543e-02 -2.326546045476150706e-03 2.789473773772574092e-02 1.137751100108204821e-01 8.550989395762027476e-03 8.442392494768183320e-02 5.801096700945999191e-02 1.889343972028466323e-02 -9.969956105231776722e-02 3.542329394898942330e-02 -8.115326886543837437e-03 -7.809950701686625696e-02 -4.299756982783543846e-02 1.083565672306111265e-03 1.382357364059796402e-02 4.920465418189245987e-02 -1.642026661725538850e-02 1.747237713465632156e-02 8.467395070392649131e-03 -5.970384096098012815e-03 7.333503922515424711e-02 2.248152144156855686e-02 -3.490472562451513161e-02 -3.107364768153963314e-02 -4.460036791908113946e-02 1.566752969164236786e-02 1.678775086941238989e-02 -5.338816555541911479e-02 -8.591496449127274115e-02 -1.586341884396131425e-03 6.092056574214539666e-02 -4.098493231628402150e-02 -2.938625918358089145e-02 -2.899718131933561732e-02 -7.570780527662407389e-02 -2.080521991806904072e-02 8.749157075062737043e-02 7.171567760444350070e-02 1.484951406268383324e-02 2.584649160633357284e-02
3.587729729253264638e-02 -4.844893358806977995e-02 1.284108965622803578e-01 8.840634782302372397e-04 -2.310381287369765030e-02 0.000000000000000000e+00 6.963010565261681939e-02 3.717362408658721890e-02 2.449035333385212940e-02 3.961382587343690448e-02 1.935376629682029545e-02 6.981441692954191980e-02 -8.342494846965357869e-03 -3.451517105179809780e-02 -1.304648914049636593e-02 -5.786487547314562996e-02 -2.783083386624466207e-02 5.548918576341047709e-02 2.786845703165713797e-02 6.982193473284618868e-02 2.945949252434780508e-02 1.136234940655679593e-02 5.743807386014819147e-03 5.690094385021481072e-02 -5.967340095861405763e-02 1.105125219573970391e-01 1.335468717287824521e-02 -4.371300983160642667e-02 1.866712788451433238e-03 -3.215184995044475386e-02 3.439923849092030306e-02 4.631492031593055503e-02 -5.995607135373269038e-03 4.452342683649856969e-03 6.197017866589164120e-02 -3.136191012684248769e-02 -4.445588521814029803e-02 7.109885874231509917e-03 5.661908933374972669e-02 1.124695356690642682e-02 1.352788174797241727e-01 2.746431237018362448e-02 1.167871665230321189e-02 -3.286527269543226826e-02 -9.836653356985544314e-03 -5.381682082789521898e-02 4.732612162964464769e-02 8.531033122133528657e-02 -7.201376844085331796e-02 -5.995076318363695700e-02 -2.258097548262583045e-03 -4.951083085350093532e-02 1.809052487663590295e-02 8.282420424437680895e-02 -6.365411567093427758e-02 7.160157141639657274e-02 4.025050093923841082e-02 5.259234655817390629e-03 1.453058690431216146e-02 -3.624960903586053884e-02 3.184432015559812007e-02 2.664188463284417399e-03 -6.195353857530744995e-02 3.083816816271498298e-02 4.090714190479544793e-02 2.458157982955440357e-02 -1.973688552295603527e-02 3.248247113391630617e-04
2.806076881519064051e-02 -5.512168385820910566e-02 1.225356478565079593e-02 1.201212207083892508e-02 -5.105364464219325910e-02 6.963010565261681939e-02 0.000000000000000000e+00 -6.340501947643915892e-02 2.511103547204957334e-03 3.467125196387522978e-02 9.677224600357628090e-03 1.021355544862358466e-01 2.384945892461696332e-02 8.833144901290695961e-02 -3.329000265282177490e-02 -8.267935427002038457e-03 1.200539059808413897e-02 4.531707365353448286e-02 9.579941515742353142e-02 2.381541426589819585e-02 2.348834653141976866e-03 2.956573376770296399e-02 -5.814344591225007602e-02 3.421243981655157362e-02 -1.899562008030753618e-02 2.122051661295099034e-02 -5.089574147917666491e-02 1.636254162676145305e-02 6.311756138362990820e-02 -1.151344891939918430e-01 9.559427259913679670e-03 -6.462059397151989279e-03 4.585191064448319864e-02 -4.282877576879458303e-03 -2.353386956842425451e-02 1.642567373710160372e-02 -2.485366684073242200e-03 -3.173800678159468397e-02 2.169054237791276027e-02 -5.328373269215501418e-02 -1.514365046376664990e-02 -4.758196811372835539e-02 2.872640611298979754e-02 -1.619668043285173165e-02 2.697933871889484497e-02 -3.395531871113102035e-02 7.258003670019724796e-02 4.720161603349991297e-02 -4.586892470926594301e-02 7.590073465500023209e-02 3.075638598028354945e-02 -3.959761602641317935e-02 6.686766949834365911e-03 -5.768148860726564353e-02 9.337495656717442749e-02 8.435122690133446677e-03 2.718982564310524694e-02 3.419753212049300088e-04 2.891341819545524550e-02 -7.290574469184905870e-02 5.080734157122326899e-02 8.530121582817112164e-03 7.847238725062453957e-02 -1.586143752477157942e-02 -7.731740025053313037e-02 -2.655440623182286561e-02 8.624113524738323544e-02 1.908706888582185207e-02
-3.932479728510060446e-03 8.145198358263606910e-04 5.463928681304287827e-02 -9.622745872583263194e-02 7.161621342734762752e-02 3.717362408658721890e-02 -6.340501947643915892e-02 0.000000000000000000e+00 1.006790573818480174e-02 -1.136298316427040989e-02 4.424537543557957586e-02 -6.957833575295027662e-02 1.846489987970359459e-02 -5.731937133966487526e-03 1.761217577853908464e-02 1.464718601444972004e-03 8.192594889677025718e-03 5.561055863660715505e-03 1.480146958111546417e-02 -4.472160696465183466e-02 8.164953643964899602e-03 -6.275857895135131259e-02 6.770681210019517671e-02 -1.430150146104695874e-02 4.934420942504245261e-02 -3.413683793250511106e-02 -9.366016809163867432e-03 8.957921317297433406e-02 -6.002537496564895603e-03 7.023669496208627405e-02 3.553207798511155008e-02 3.139169499578765149e-02 1.273108466015348715e-03 8.917470763497753472e-02 -5.044725041291162060e-02 -6.187050665152477036e-02 -9.989805479694950641e-02 -1.420117642696685709e-02 1.957888531012452749e-02 3.568844430244807325e-02 3.735998123021442435e-02 -4.576265976277163472e-02 -2.457320507014275433e-03 3.653695021103490342e-02 4.804035953084097310e-02 -9.206250120273075377e-03 -6.564083104067255925e-02 2.769449433197569352e-02 -1.027370642865681541e-02 -1.338763264205925993e-02 -3.626975913029394788e-02 -9.598328158220856277e-03 -5.900849066525859499e-02 7.502196290203607711e-03 1.069445659252782344e-02 3.635751133494569132e-02 -4.341615367811528514e-02 7.002404791087357694e-02 -8.960612855985025009e-04 -5.392115181942123275e-02 1.083408264865504296e-02 6.889951525579150748e-02 2.476319639598678971e-02 -1.765997239662168202e-03 -3.137672232238885878e-03 -1.287578626249873681e-01 3.859306546883538996e-02 -6.318396085214636991e-03
3.595682042291895725e-02 6.008101544485630607e-02 -3.133161098550839990e-02 3.272612808540570351e-02 6.333460270922885993e-02 2.449035333385212940e-02 2.511103547204957334e-03 1.006790573818480174e-02 0.000000000000000000e+00 8.337278331024161257e-03 -5.118433877617388494e-02 -1.453207896642777150e-03 -3.843571805733866920e-02 1.888491015025843892e-02 1.175692807276792172e-02 -2.702070569553666896e-02 -1.124797379320460582e-02 -1.699749060433621006e-02 3.477024562421036913e-02 2.541840325229351855e-02 8.833414322981705119e-03 3.347214142319633601e-02 -4.995149098990745449e-04 1.183698539301094622e-02 2.468638913978660893e-02 -4.541466895949930471e-02 -1.512598012022202953e-01 -2.028915424371980844e-02 -3.825875740911917344e-02 -6.896055246304116926e-02 1.822959154084748817e-02 -3.994984088785275174e-03 -5.263458106074832277e-02 -1.105459909129510344e-02 4.252660333951946425e-02 9.472860757492630734e-02 -5.874723706451614319e-02 -6.428809380618917546e-02 -3.708166355316464685e-02 -3.988902308652935574e-02 -8.059179039943586281e-03 2.869737731578266525e-03 -3.147224824843467515e-03 -9.561607522813357629e-02 2.198318779584718108e-02 4.631947908425217836e-03 6.979551337792258559e-02 5.531278392323513149e-02 -2.512021384276203612e-02 -8.366638880684885071e-04 -1.179578151588833584e-01 -3.752959365182944457e-02 1.067239335750147511e-01 -9.528473440875911277e-03 9.354810560214452814e-03 6.985541745393913926e-02 -1.843458189978025921e-02 9.762735107975326412e-03 1.048364996827948550e-02 7.744589345401274583e-02 -9.520629463871299603e-02 -2.845296504787817385e-02 6.328937563733004479e-02 -4.039833910230425373e-03 -4.595346888038898819e-02 -2.449293108350510378e-03 3.433623654005792808e-02 -6.490953571092365759e-02
4.071350582810987460e-03 -5.197397212836150221e-02 -4.968011250040922644e-02 5.725474086996740902e-02 -1.669087174990299899e-03 3.961382587343690448e-02 3.467125196387522978e-02 -1.136298316427040989e-02 8.337278331024161257e-03 0.000000000000000000e+00 5.177662290991334043e-02 1.589778552954234855e-02 -4.139257704492333573e-02 5.439791365263158679e-02 8.075299131740699271e-03 -2.428642639619722418e-02 -5.988513305418385890e-02 -6.283160392888980338e-03 7.357659826824450820e-03 3.015283298420222413e-02 8.956792049695574964e-02 -7.386327655432566031e-02 -5.618471880790362055e-02 8.397975308951879936e-02 -2.719625566663800339e-04 -5.945680395414625757e-02 1.073176212418251209e-02 3.401249519027862295e-02 -2.977842647826700606e-02 -2.199586983027310844e-02 -8.321935288977868467e-03 -2.223860603125207488e-02 -2.958083989789673726e-02 9.755233655116572408e-03 6.591254321001425998e-02 -3.575834841879767245e-02 2.267962197814334113e-02 -3.483230273264763949e-02 -6.115587044770978004e-02 -4.125586566025787882e-02 5.103613051032496704e-03 -9.710766496262354663e-02 -1.286220073515536577e-01 3.743717778745064145e-02 -2.341017884347667416e-02 3.767749937742541355e-02 -2.053653528442637294e-02 -4.478282110624446505e-02 -7.343624293029689387e-02 -1.346811107088349661e-02 -4.276882840996545226e-02 -5.548252365612234283e-02 5.234033476233709153e-02 -5.009898924345598803e-02 -2.297187535424485491e-02 -2.929409281565604692e-02 -3.495186361570719324e-02 9.884909158456446632e-03 2.153057799029396008e-02 1.349783696672693031e-02 -3.578383305314717516e-02 2.914590240724776373e-03 -8.284248521982036373e-02 -4.097433151840827043e-02 4.016493038891911366e-02 -2.436056370735134938e-02 -5.263793376533584117e-02 -2.707405907034988318e-02
-3.330318199838423754e-02 -4.071996360770718804e-02 -1.090471045400309875e-02 2.489411110969351731e-03 1.127567299088505807e-03 1.935376629682029545e-02 9.677224600357628090e-03 4.424537543557957586e-02 -5.118433877617388494e-02 5.177662290991334043e-02 0.000000000000000000e+00 2.544954981417442766e-02 -4.631090559377708249e-02 5.277512945814788470e-02 1.519175698821132597e-02 9.150967461089956623e-02 -9.886618597200245995e-02 1.447472354023132159e-02 9.608586673899370545e-02 6.324249372749338183e-02 -1.009130747337170092e-01 -1.105329274695750728e-02 7.896980871915100508e-02 -1.348652619696471579e-02 3.707067515086573395e-02 6.992068719449232028e-02 -4.424938765032874338e-02 -3.783256369419673703e-03 6.196465043481873963e-02 -1.632511619033671230e-02 -9.842979878817824380e-02 2.234952606256675536e-02 2.342952129021395533e-02 9.236663891367775936e-02 2.450708258284756136e-02 -6.759727951608121566e-02 2.728160630520013244e-03 1.192660655158363746e-02 -2.024127870822166678e-02 2.447004441035379591e-02 -5.077156476991637191e-02 5.898733873779291731e-02 3.547273091659860350e-02 5.671555949066103830e-02 -3.973658462336396996e-02 -4.167408921656680365e-02 5.733890452729194925e-02 1.292482942233700964e-02 -6.030463420775944439e-02 4.016829417867114754e-02 4.995092807300871574e-03 -1.986597427637892474e-02 -4.771575625819103605e-02 6.375004253463863180e-02 -9.495734359106418679e-03 -2.974627437404789299e-02 -3.325005895651679533e-02 -8.439076262795669123e-03 -5.395307349692484572e-02 1.833596745977968470e-02 -1.765779763913886621e-02 -4.508369520880477210e-02 1.869238169135358126e-03 4.182093351465505926e-02 -1.679533036150316835e-02 3.961215423090324456e-02 -8.817987535156016077e-02 -5.318000074720996562e-02
4.709747612700764668e-02 1.707563204765279435e-03 2.500652887672704522e-02 -3.775759657010628600e-02 -5.699300790487323021e-02 6.981441692954191980e-02 1.021355544862358466e-01 -6.957833575295027662e-02 -1.453207896642777150e-03 1.589778552954234855e-02 2.544954981417442766e-02 0.000000000000000000e+00 1.076416181809158011e-02 3.264975481637859278e-02 -1.301588652013934734e-02 -3.486692606654258342e-02 -4.014992971690686807e-02 2.014259062178799103e-02 5.878417212480376713e-02 -3.914590761394533963e-02 -1.985718056970643686e-02 -6.622031508777191655e-02 3.483617612933920249e-02 2.902369049576676921e-02 -2.765052756368378337e-05 -2.425778318463298402e-02 1.509635889977575807e-02 -4.347886497338391415e-02 6.590826702786620195e-02 -1.669929725248438246e-02 -6.360213415213179788e-02 6.037170195741305839e-02 -6.876114110192962925e-02 -4.922479520263082185e-03 6.727157482688303491e-02 -6.380931634338775360e-02 -5.029704309032974330e-02 -1.689095058597644972e-02 2.619509122944276361e-02 -9.450334471110151402e-02 2.975573233125225134e-02 -3.785999985696836267e-02 -4.387961881329328212e-02 -3.663799529473137778e-03 8.743591945793444120e-02 8.360643135874716581e-02 2.055765016846786142e-02 -6.630107587165889882e-02 4.008861937314803225e-02 2.155186736651044585e-02 -8.486859391925091756e-02 4.720262777588250108e-03 4.215503045742035465e-02 7.364243262583605731e-02 -1.330278133392939245e-02 2.097339295420083682e-02 -1.058492270134405583e-01 -1.933394005249717759e-02 -1.281455959106270887e-02 -2.596399406732679757e-02 2.997209815311113745e-02 -5.727240460304004743e-02 4.278086931831959205e-02 5.894536506640178294e-03 -4.228616592072780705e-02 -1.190575738903681437e-02 -8.176340123426542594e-02 9.798532559519441965e-02
2.173591370927675619e-03 8.420324135467058269e-02 -2.818935706932724702e-02 3.953167475049733370e-02 -8.736345385179884737e-02 -8.342494846965357869e-03 2.384945892461696332e-02 1.846489987970359459e-02 -3.843571805733866920e-02 -4.139257704492333573e-02 -4.631090559377708249e-02 1.076416181809158011e-02 0.000000000000000000e+00 -3.363712862897776795e-02 3.106647986248360985e-02 6.528650383830864046e-02 -5.072815036486408996e-02 -6.082000368611334418e-02 -1.872707617386564286e-02 -1.191593128057141793e-01 -4.339183961426273939e-02 4.212706096570932590e-02 2.382639660537127710e-02 -3.495436739591506730e-03 -4.041778464562683498e-02 3.682595305188051532e-02 -5.314928415476244394e-02 -1.650254494218985485e-02 -8.824071318147443457e-03 2.875075935015502723e-02 2.315761470847146897e-02 -3.570329817303908443e-02 -2.586525794763963257e-02 2.227568256100479448e-03 2.267435660088733176e-03 2.855288583046792367e-02 1.338439977301568162e-01 9.637603790356348565e-02 -4.303902367788360606e-02 -4.044556277047793580e-02 -6.713673737083398520e-03 -2.538118159045727254e-02 -7.190542212982481418e-02 -4.529487783416490804e-02 -1.504512600335973227e-01 -2.111278943240411585e-02 -6.497996064455882279e-03 -1.130630429482891788e-02 -2.840480039790356168e-02 -1.263179798198561798e-01 -2.905132484299681114e-02 1.685315244606587146e-02 -8.356706731000869415e-03 -6.910518743154515919e-02 -3.093657033022061131e-02 5.903018612576347614e-03 1.153233834298766393e-02 2.966780740231253488e-02 -1.121869101089221776e-01 -4.703991330489572242e-02 6.332868743160724456e-02 6.444733725765337817e-02 -2.479362123237895815e-02 8.336587462809278218e-03 -5.148267872183567850e-02 -4.441379907731995286e-02 2.308232691729589572e-02 4.203183550131948942e-02
-1.245623389080516633e-02 -7.567900662403898027e-02 -6.935971365402798273e-03 1.553916295587110495e-02 -9.186172575502209951e-04 -3.451517105179809780e-02 8.833144901290695961e-02 -5.731937133966487526e-03 1.888491015025843892e-02 5.439791365263158679e-02 5.277512945814788470e-02 3.264975481637859278e-02 -3.363712862897776795e-02 0.000000000000000000e+00 3.361430416684297456e-02 2.026887520832184458e-02 4.118971147490251006e-02 2.418203715672703757e-02 6.871514766388206463e-02 4.927550394438269532e-03 3.426492401069803490e-02 1.571646155589258992e-02 -3.780394371944242188e-02 1.016334862317043106e-03 1.303662737311168593e-02 8.768703446764508289e-03 -3.330979714032691885e-02 -1.484709372420556749e-02 5.927605393576178272e-02 2.802014157920658562e-03 -5.837822652797370303e-03 -3.617451750625319540e-02 2.693191748942347363e-02 8.472692724892243871e-03 2.754459984284563998e-02 -4.383368540200233837e-02 -3.646818711872495261e-02 3.126150767867499208e-02 1.787772855830076224e-02 -2.708604458580370078e-02 -5.979271365069359356e-02 -3.002909840086279494e-02 -2.912531172770544546e-02 2.629879263536197623e-02 8.639892464731170618e-02 2.809539076517913320e-02 1.605319703161364742e-02 -1.099894790293616670e-01 5.667177550634316940e-02 1.225925581144922047e-02 2.865314617049403642e-02 -5.799355166981839775e-04 -1.327418166583370709e-02 -8.293543223317810520e-02 -4.866190324708263154e-03 4.589118665536541519e-02 -2.969443725364290590e-02 3.706467796158301881e-02 -6.312087603518144741e-02 -9.036863337832922241e-03 -3.942740837209084831e-02 -4.480850371670397347e-02 7.300615258553838638e-02 -1.158276744023707117e-01 -1.484771219920683061e-02 -2.218819756473075500e-02 -5.854779265996012949e-02 -6.540498720560679324e-02
-5.096164299639494889e-03 -3.132594233308354931e-02 -3.002799018182322061e-02 -1.270360016824069807e-02 -5.842712941165580792e-02 -1.304648914049636593e-02 -3.329000265282177490e-02 1.761217577853908464e-02 1.175692807276792172e-02 8.075299131740699271e-03 1.519175698821132597e-02 -1.301588652013934734e-02 3.106647986248360985e-02 3.361430416684297456e-02 0.000000000000000000e+00 -2.688435493894300587e-02 -1.959319341663836797e-02 -6.879486889703964603e-02 -3.426120109683202658e-02 -2.994541983208871827e-02 7.172456033586212254e-02 3.919032303548600216e-02 -6.242504224553380859e-02 8.856100492622968889e-02 3.394750354700207945e-02 3.318230606463516003e-02 -6.742629044667167171e-02 -5.316660948904734785e-02 4.993623452042122990e-02 1.602055445527006405e-02 2.413907450338617297e-02 -8.429005834100168626e-02 2.938756788310017271e-02 5.261146446738870774e-02 6.826222830427554344e-02 -2.038064447461999246e-02 -1.103890530377544220e-02 2.405155504806799193e-03 -8.422906072546312850e-02 -3.677617127331900271e-02 -2.346257126044027849e-02 -4.488082633826804418e-02 -4.743819492230072488e-02 -5.353300601726770913e-02 -5.734206206860506527e-02 4.337464339525887169e-02 7.542531056507555468e-03 5.615498928746225082e-02 9.763309417457847333e-03 1.880282165965818306e-02 3.244271505502798608e-02 2.024179009352396544e-02 1.794744289912519886e-02 9.238214233721453450e-03 4.479584147817772949e-02 -1.784503318667290950e-02 4.419362405889580570e-02 -2.697601505519430648e-02 6.954057718122774387e-03 3.498666100400799062e-02 -8.734033613597688706e-02 -7.666173944041834720e-02 -8.821981688952752754e-02 6.881101610351379738e-02 -4.006939835275665635e-02 -1.288455189088830687e-02 -6.885572678599710672e-02 -7.123705526505538788e-02
-7.028417640278721013e-02 5.968677502883152144e-03 -6.179372762096466826e-02 -4.478233220315947644e-02 -4.169621873988364064e-02 -5.786487547314562996e-02 -8.267935427002038457e-03 1.464718601444972004e-03 -2.702070569553666896e-02 -2.428642639619722418e-02 9.150967461089956623e-02 -3.486692606654258342e-02 6.528650383830864046e-02 2.026887520832184458e-02 -2.688435493894300587e-02 0.000000000000000000e+00 2.032098386210245966e-02 -2.266535522977224451e-02 -7.160287537787270173e-02 -8.680070571893508044e-03 1.092978887603967275e-01 -2.311190986303692310e-02 5.022067913214629808e-02 -9.505890091857755256e-03 -6.012379456299384722e-02 3.705057256947743433e-02 4.405565086431860455e-02 1.040605098990231292e-02 5.297289317421077781e-02 1.705788895566699367e-02 -7.596712389745188809e-02 1.152447322750273784e-01 2.369766312014713952e-02 3.576466759344315571e-02 -3.442281680997569693e-03 -2.216520291059928538e-02 2.388816131820044320e-02 6.877304145556166481e-02 9.566115571001164788e-03 -1.139168526897241518e-01 1.021601551377651212e-01 7.804109735675107684e-02 2.418422478922742369e-02 -3.202364968584667931e-02 -1.440662781197094011e-01 -3.253810991051712259e-02 -2.199630652017933036e-02 1.643591850562032414e-02 -5.619975560818156468e-02 -2.571651673361439669e-02 3.569997829798326333e-02 5.526696696242668766e-02 -1.043105944592724460e-01 3.380794390164877650e-02 -3.253669931843602287e-02 2.613356803885643481e-02 1.123526959203905926e-02 2.182044784526019493e-02 -1.365705926451112918e-02 3.172126878235077829e-02 4.040248830562943178e-02 -7.733999011865873817e-03 -4.915880268602572378e-02 -3.604335860007585463e-02 -5.692680480052476899e-02 8.905902164736387294e-02 -3.293522570707878988e-02 -2.399819918254812029e-02
4.087080565334392374e-02 7.666697542708561519e-02 -4.053804076011765373e-02 -4.536220278938436073e-02 7.187214688930637640e-02 -2.783083386624466207e-02 1.200539059808413897e-02 8.192594889677025718e-03 -1.124797379320460582e-02 -5.988513305418385890e-02 -9.886618597200245995e-02 -4.014992971690686807e-02 -5.072815036486408996e-02 4.118971147490251006e-02 -1.959319341663836797e-02 2.032098386210245966e-02 0.000000000000000000e+00 2.335918716122661540e-02 7.114488672704422957e-03 3.470205745319551380e-03 2.986020624337743998e-02 -4.443908127301663021e-03 -6.318946580414437630e-02 3.352474423806263426e-02 7.023942083949306914e-02 -5.454040328882144018e-03 2.242738252497234949e-02 2.694635466580821981e-02 3.200235765189270078e-03 3.736600298618657223e-02 7.504618177877618590e-02 -2.103393856889134144e-03 4.095495878107510701e-02 -5.614766469736145148e-03 9.114457781678848847e-02 -1.586783192565373833e-03 -4.405138073319431885e-02 -5.569021476269176568e-02 -5.651397852752948481e-02 -1.906660234489295641e-02 4.166470258660787129e-02 4.459909082187321627e-02 7.013665906656885163e-02 -3.106735930504725060e-02 9.512860102111228566e-02 4.114838821434187166e-03 -7.090920131188077451e-03 1.111496456189306307e-02 5.665427509715546123e-02 -5.678549454414594938e-02 -7.401099938749512719e-02 -3.535008016975304916e-03 -3.148821552978995492e-02 1.797421352941213149e-03 -5.059347977871569285e-02 -4.767890563393811787e-02 3.642428339800316689e-02 5.523792072805690928e-02 -2.140891934269979757e-02 -9.222982317366450189e-02 1.244840104685966372e-03 7.978601733661359885e-02 1.254365459967922945e-02 -4.141133460902963331e-02 1.308099956210213724e-03 -1.100284528303025096e-02 -1.722529632073425965e-02 1.272898534414526909e-03
4.419690672650659902e-02 5.818590948684725095e-02 -2.961485780689535746e-02 1.661211664151714118e-02 -1.780759708932115951e-02 5.548918576341047709e-02 4.531707365353448286e-02 5.561055863660715505e-03 -1.699749060433621006e-02 -6.283160392888980338e-03 1.447472354023132159e-02 2.014259062178799103e-02 -6.082000368611334418e-02 2.418203715672703757e-02 -6.879486889703964603e-02 -2.266535522977224451e-02 2.335918716122661540e-02 0.000000000000000000e+00 -4.944699921712067403e-02 -1.270527686040159587e-01 7.087761137922010679e-02 7.918859927613638777e-04 4.741041610332115408e-02 -3.430130522337836163e-02 -5.936300507726835485e-02 1.713269257265730497e-02 -7.031576333429062631e-02 2.841404740192311762e-02 4.144943677983147640e-02 5.852297853187243132e-02 2.077792140848057703e-02 6.274353128737440721e-02 -2.045527300838779344e-02 7.475789413671769801e-02 -1.116279478262399878e-02 5.481694188621261121e-02 8.949755362490133606e-03 9.945585611241892826e-05 1.071246712326624426e-02 4.021697362089278471e-02 -1.414457925850443228e-02 -2.110779122038951554e-03 3.547833858431435200e-02 -1.162946263599291125e-02 5.585252304992442685e-02 2.724814678651590188e-02 5.880131207563747686e-02 -8.259377845530664619e-02 1.831656206014656285e-02 -4.246883780434331651e-02 2.898214824758260297e-02 -4.426150037146750482e-02 7.593491065295560061e-02 3.581851255814792745e-02 1.778693464028939519e-02 9.512921630169222931e-02 2.713915579241997847e-02 -1.710467214136262085e-02 -7.065698315774891942e-03 -1.632696219898595313e-02 3.561830776604053145e-02 -3.339442803237308022e-02 -3.826072829497824401e-02 -2.711925453337921121e-02 7.352914801248879029e-02 6.078621865862988971e-02 3.247190659474446378e-02 6.449009760745583186e-02
-3.704960613458198326e-02 -3.162130816980688805e-03 3.048577251777735350e-02 -2.083785541633132940e-02 4.768568109124129289e-02 2.786845703165713797e-02 9.579941515742353142e-02 1.480146958111546417e-02 3.477024562421036913e-02 7.357659826824450820e-03 9.608586673899370545e-02 5.878417212480376713e-02 -1.872707617386564286e-02 6.871514766388206463e-02 -3.426120109683202658e-02 -7.160287537787270173e-02 7.114488672704422957e-03 -4.944699921712067403e-02 0.000000000000000000e+00 -3.635116562690447056e-02 2.153926016634834587e-03 5.285561860873450035e-03 -4.154832225558716119e-02 -3.983252993288374788e-02 1.515571928943452475e-02 4.329914539069074086e-02 -1.004897434390234802e-02 -2.311706738176552700e-02 1.234375067083066761e-02 3.324442580504614192e-02 6.880252094480770325e-03 -7.200760641160390552e-02 -4.063637045654078933e-02 -4.351254117090164880e-02 -8.912492333119666557e-03 -1.015256183113333668e-02 -2.121342391590391036e-02 5.039657800714192337e-03 -7.021881796951155719e-02 3.628274333923978828e-02 1.030325911788843030e-02 -3.139242121801392310e-02 1.292638690723192131e-02 1.082516731079143646e-01 4.885942802492321962e-02 8.728113996706937661e-02 3.789462137943114955e-02 -2.638438620972077364e-04 -4.477650387178126051e-02 -4.091922156284536968e-03 -2.625596803869420515e-02 -3.323472486287944172e-02 1.617122012819437703e-03 1.789093526229958847e-02 6.536814276648467148e-02 2.016599662692387593e-02 -1.778074596424243092e-01 -9.255304901982396026e-02 4.266242004232625312e-02 -6.263160552410754200e-02 -1.020801901272519289e-03 -3.179209604284368579e-02 5.441717107506169326e-02 1.280682159034835822e-02 5.714200870498255258e-02 2.961934609310641620e-02 -4.541838540331655932e-02 1.645611405994068521e-02
6.149742410241099827e-02 2.111570582306819543e-02 4.606119688124530979e-03 -4.851347554717259924e-02 1.355130187899622040e-03 6.982193473284618868e-02 2.381541426589819585e-02 -4.472160696465183466e-02 2.541840325229351855e-02 3.015283298420222413e-02 6.324249372749338183e-02 -3.914590761394533963e-02 -1.191593128057141793e-01 4.927550394438269532e-03 -2.994541983208871827e-02 -8.680070571893508044e-03 3.470205745319551380e-03 -1.270527686040159587e-01 -3.635116562690447056e-02 0.000000000000000000e+00 -1.808708438981586689e-02 -5.977273854262124542e-02 -2.500318211328104653e-02 -2.440506373140388652e-02 2.356847055681760006e-02 -1.171806055989991872e-02 8.480307033817720275e-02 5.218103939098671373e-02 -7.306831750430328731e-02 -4.215852238571857549e-03 1.081415543168609198e-04 2.051613428031721573e-02 1.873347297118351873e-03 -1.050556382467382130e-02 5.804347349788831906e-02 2.231412478025368573e-02 -7.367839763979258660e-02 -4.535277177028639028e-02 1.236677202126580145e-02 -1.483417276904387162e-02 4.497839815272521025e-02 -4.697413685247321669e-02 1.517001213037686043e-02 1.665475448607161429e-02 1.371655313541420181e-02 -4.105819714171219520e-02 3.505669135655322538e-02 -5.091004516222475546e-02 3.099229667120598566e-02 4.021072230294969047e-02 5.560346335356610402e-03 -4.011501364886152499e-02 4.118410778709370723e-02 -4.229394975838274978e-02 2.626071717578587830e-02 -5.851065215262670621e-02 8.526596866607993874e-02 2.304689664122009166e-02 -7.587455145501799392e-02 6.458472972492838859e-02 6.624147000888647163e-02 -8.246540541287060433e-02 -2.334832863188648390e-03 3.133969511154606393e-03 2.919067952018034387e-02 5.094381331687530823e-02 4.430517854613939127e-02 -1.433331049839878246e-02
3.048891464592114534e-02 9.680285190767083658e-02 2.198854434745196526e-02 -6.208594175237182322e-02 -9.699457822149795683e-02 2.945949252434780508e-02 2.348834653141976866e-03 8.164953643964899602e-03 8.833414322981705119e-03 8.956792049695574964e-02 -1.009130747337170092e-01 -1.985718056970643686e-02 -4.339183961426273939e-02 3.426492401069803490e-02 7.172456033586212254e-02 1.092978887603967275e-01 2.986020624337743998e-02 7.087761137922010679e-02 2.153926016634834587e-03 -1.808708438981586689e-02 0.000000000000000000e+00 7.730448140636667076e-02 5.304935379089952691e-02 5.480312934738351682e-02 -4.441555643307296131e-02 1.686501351157876838e-03 5.753990940431721879e-02 5.274369526341088008e-03 -3.633628128301412408e-02 5.445017596896679218e-02 -1.456841005971105940e-02 7.099836093968248107e-02 2.717161713696025077e-02 -3.623614234221528285e-02 -9.487741897370177355e-03 2.011542235679783693e-03 5.303573517305346097e-02 -3.291804654900786636e-02 5.161709869152210708e-03 1.653207088802556915e-02 7.160289630631253011e-02 -9.905346641631174176e-03 -9.355773144975763900e-02 7.660123420792466428e-03 4.275245489985210479e-02 1.566639695927767115e-03 -2.878680487841972502e-02 2.793671700584484524e-02 2.696090135818224884e-04 -7.174932853789991148e-03 -1.525890035838137378e-02 -2.197025230277404109e-02 -5.321385547687246254e-02 -7.027933210317756363e-03 -1.007147251309494992e-02 2.889783441543893397e-02 7.460568010632998015e-02 -3.506668044738977391e-02 2.619382011265479829e-02 3.346625040300284931e-02 3.409592172418287898e-03 -3.303179312993104882e-02 -1.035523585399811437e-02 -3.772918674603573108e-02 -2.343852192248513724e-02 -6.145442800697521052e-02 2.264569559215531824e-02 2.591787652883741338e-03
1.746499148731740086e-02 4.423163377987407441e-02 -6.580019106054704747e-02 -1.657784989301682582e-02 1.135466818229053654e-01 1.136234940655679593e-02 2.956573376770296399e-02 -6.275857895135131259e-02 3.347214142319633601e-02 -7.386327655432566031e-02 -1.105329274695750728e-02 -6.622031508777191655e-02 4.212706096570932590e-02 1.571646155589258992e-02 3.919032303548600216e-02 -2.311190986303692310e-02 -4.443908127301663021e-03 7.918859927613638777e-04 5.285561860873450035e-03 -5.977273854262124542e-02 7.730448140636667076e-02 0.000000000000000000e+00 4.261294285063321578e-03 6.814110053829629948e-03 3.617243155624860762e-02 5.776087733722281431e-02 -7.413517212664381961e-02 -2.263218397827441997e-02 8.963025872873864319e-02 -8.376993170993565774e-02 -1.241479248185632656e-02 -1.203233300433958347e-02 6.004418027701839689e-02 5.465147621896236652e-02 3.040973085683497824e-03 3.480497142052770693e-02 -2.547515806404054492e-02 8.419563788930026910e-03 -7.042253919872821198e-03 -2.123294139452062967e-02 -8.943843273169183039e-02 -2.016115994129705907e-02 -3.284848683828518051e-02 2.531029370687456689e-02 4.542881613962153169e-03 -3.391627636598625040e-02 -2.067454527088761346e-02 8.572105169560076399e-02 -2.911529237620193319e-04 3.399573178343189006e-02 5.263120671248694427e-02 -5.579197637162752743e-02 -5.079549430484012196e-02 -3.226258605462667926e-03 5.544755644562372743e-02 4.871759798404102192e-03 -3.933927658855367743e-02 -5.444757710165030323e-02 -5.988417260947972304e-02 -2.587203253119177253e-03 -2.842005026453837957e-02 -2.473787095763451196e-02 1.090980361928491939e-02 -1.847268056897261729e-02 4.087745420085903830e-02 -1.614353914688118966e-02 3.909561608262026450e-02 7.716532085705805899e-02
3.050875136757973116e-02 -3.622695711113900398e-03 2.757060734366812219e-02 1.821400506969252748e-03 -8.347942791466824927e-03 5.743807386014819147e-03 -5.814344591225007602e-02 6.770681210019517671e-02 -4.995149098990745449e-04 -5.618471880790362055e-02 7.896980871915100508e-02 3.483617612933920249e-02 2.382639660537127710e-02 -3.780394371944242188e-02 -6.242504224553380859e-02 5.022067913214629808e-02 -6.318946580414437630e-02 4.741041610332115408e-02 -4.154832225558716119e-02 -2.500318211328104653e-02 5.304935379089952691e-02 4.261294285063321578e-03 0.000000000000000000e+00 -2.551245248048167324e-02 -2.514523501203914241e-02 1.887538748335640393e-02 6.688117964242516755e-02 -6.206024886919980256e-03 1.584770736937850602e-02 3.186787804334822310e-02 -5.612816759320594928e-02 1.142737080126493901e-02 1.401064974944943396e-03 -7.604859251280769727e-02 -4.657270305942425720e-02 -6.927541455408191273e-02 6.016161239499225911e-03 2.854822135579208366e-03 2.926126834714743580e-02 6.207324702909898517e-02 5.471572429149055422e-02 2.472690772077113311e-02 4.759324768514879012e-02 2.114370802855794484e-02 -3.710259430980651814e-03 2.941334569234740209e-02 6.236152672184740869e-02 2.423045323788200478e-02 -8.667791360601768275e-03 1.514602644403109134e-02 7.473336682106218598e-02 4.147132904192540881e-02 1.220000907014505004e-01 2.174924324025567443e-02 3.387497061072512750e-02 8.689529196969879299e-02 3.577517875776598660e-02 -1.995670318120296508e-02 -6.543583033467256262e-03 1.398560132595732565e-02 4.716345430137936640e-02 3.790137982533599292e-02 2.434524700600164057e-02 -2.329230030396311699e-02 -7.752277611645121136e-02 -5.427928612171594586e-02 4.059359314457326035e-02 2.776730679409018104e-02
