0.000000000000000000e+00 3.199384539335480004e-02 -3.665115011195334629e-03 -1.798081499490525315e-02 -1.127349707712512264e-02 3.586788182748192055e-02 2.762684547011353547e-02 -3.993133729234855933e-03 3.594684654890429459e-02 3.984555912193061405e-03 -3.338934936517192614e-02 4.697231117519783117e-02 2.224080221052286092e-03 -1.418326124479258286e-02 -5.179245372742930995e-03 -7.042064483269167008e-02 4.085410171465796852e-02 4.414123746924825120e-02 -3.716033271601565380e-02 6.151376432716647302e-02 3.050750799434186547e-02 1.739056776156168091e-02 3.043856060197532715e-02 6.674795795757378081e-02 2.111939527131642333e-02 -3.921543037298223962e-03 -2.292287724765407556e-02 -2.451290498731909309e-02 2.146554406987766922e-02 -2.501195645472113066e-02 -5.860309208153386545e-02 -1.102321446991679638e-02 -6.186995495950427942e-02 -3.261547970530363771e-02 -3.363446367836545742e-02 3.017055595516095548e-02 3.764852712539688839e-02 2.598092266439993789e-02 -3.389341850285233076e-02 1.529264707714347166e-02 5.141062022356741174e-02 -6.701295333041330099e-03 5.891712580270490850e-03 2.486046336926259551e-02 5.403430129091538886e-02 -6.607544885916058486e-02 9.764736548617551984e-03 2.877304477013229583e-02 -4.514337756348569403e-02 5.879643235761688319e-02 3.061355748385756470e-02 -8.976479242020930782e-02 1.527959571562799608e-02 1.386555200982635648e-02 -8.581957666179368394e-02 -8.166602213639040375e-02 4.959289276022058740e-02 -3.163366061669012352e-02 4.603890408229276143e-02 -2.787296280840730403e-02 -4.136529302398934266e-02 -2.597195666527896823e-02 6.318505891307103512e-04 -1.825914609036968783e-02 6.508155739181101240e-02 3.455499218786508772e-03 -1.959323626024703224e-02 1.086235613020251900e-02
3.199384539335480004e-02 0.000000000000000000e+00 -1.049479943721143005e-01 -8.206765084672477950e-02 4.035173824130396797e-02 -4.840381940610352651e-02 -5.488733691015042909e-02 1.026637725444339098e-03 5.990165518634265468e-02 -5.179127743016564284e-02 -4.077406818106955877e-02 1.767592161990494491e-03 8.400997113234467961e-02 -7.566705433898683608e-02 -3.139642900364551792e-02 5.934970040410651737e-03 7.669241481832023144e-02 5.827822376086293221e-02 -3.219484196741010957e-03 2.118808010731075900e-02 9.677828229930499071e-02 4.290782538489842923e-02 -3.876947750454077298e-03 -9.625846518575766064e-03 2.229827389527739775e-02 2.576367066133127340e-02 4.281463217006640197e-03 -3.362342503848912006e-02 -4.574641352100610597e-02 6.566254757089705352e-02 -3.279554159705920860e-03 4.697731259068620852e-02 -2.739385600580661329e-02 1.605551411844681475e-02 -3.963077037915651440e-02 2.189384144391372591e-02 2.429690636479146099e-02 -3.028421767609458873e-02 -6.105046911387323333e-02 6.928565844197096153e-03 -8.773723813753787903e-02 4.400436924391463306e-02 2.695754859346130919e-02 2.427640553615665123e-02 -2.578954899320005240e-02 5.211244148810731391e-03 -1.562977412306231981e-02 -4.038328983845784065e-02 -4.352430313927908856e-02 -3.541623891745068753e-02 4.352720044944258931e-02 2.987313525504684333e-02 -2.522829887870032140e-03 2.742124894531776380e-02 3.314064493494323083e-02 -5.640880154555004411e-02 5.118991996553443058e-02 -8.310827159235162354e-02 -8.731886658914535249e-02 -5.292455179735480741e-02 -7.951719428741730808e-03 -2.036209445432668463e-02 -3.111652679142734232e-02 -1.202182182925806003e-01 -3.827628947507948770e-02 -9.972030460300391336e-03 3.879515993640608035e-02 1.249680234263084999e-01
-3.665115011195334629e-03 -1.049479943721143005e-01 0.000000000000000000e+00 -8.559221850674000528e-03 -7.707912497997114476e-02 1.282412666737273443e-01 1.189781748742916798e-02 5.415822374031892955e-02 -3.097279435051940311e-02 -4.962246754309813240e-02 -1.101915358156680715e-02 2.493509162583661121e-02 -2.822987287327288763e-02 -6.949773961139734876e-03 -2.976697135496838773e-02 -6.227915014489952827e-02 -4.211695441017421215e-02 -2.972481869878970326e-02 3.053705328285330131e-02 4.533711184874682568e-03 2.111249646105151090e-02 -6.574138218115628540e-02 2.231933868929604492e-02 -2.456653638947191992e-02 2.543926939693759610e-03 9.300615779406870565e-03 8.125546572837186177e-02 -1.532114771066034851e-02 -1.103070738069070363e-02 -2.329115726256861599e-02 8.708382709013579026e-02 -6.650111330676711230e-02 7.569407905411044968e-02 -3.967136672681551533e-03 -3.710245565895269482e-03 -8.096169699037669698e-02 1.204346300266830733e-02 -2.461673884814642721e-02 5.832056572267850514e-02 7.217468181252929826e-02 2.380496167165579990e-02 -8.244751822100812588e-02 8.553261529435694788e-02 1.667919938668347563e-02 -2.439388824052391574e-02 -5.699558684623769883e-02 -2.342532389497051226e-02 -4.350335856590424599e-02 -4.329137161028854403e-02 4.350989234401931444e-02 8.573494783611567208e-03 5.205385773297071389e-02 -4.416160961078784836e-02 1.608179850117827381e-02 1.983761930166227580e-02 1.572985797367607366e-02 -5.610097792986753172e-03 1.483648746198802833e-02 -5.006013927203295522e-02 1.945034227498943988e-02 2.190862956004188677e-02 4.666186302452718371e-02 3.187066942419950356e-03 -9.929765618379379072e-03 2.739407449044556700e-02 -7.830888884208053388e-03 -4.613593820070914509e-02 -6.116009927116203282e-02
-1.798081499490525315e-02 -8.206765084672477950e-02 -8.559221850674000528e-03 0.000000000000000000e+00 7.905146937344294245e-03 8.727199574856895747e-04 1.180347183163993341e-02 -9.631262240227676796e-02 3.266091415398354042e-02 5.684428657903320414e-02 2.435378953713263940e-03 -3.799684567423382286e-02 3.964761451297679068e-02 1.567491849670236970e-02 -1.273367571063676630e-02 -4.478166356577761159e-02 -4.526325860257521955e-02 1.668317656592354162e-02 -2.078129225116033887e-02 -4.975368949661274076e-02 -6.217820629635730650e-02 -1.642631978130274992e-02 2.151212650457179441e-03 -2.586356065541271093e-02 -5.128461332949142693e-02 2.689283533472488011e-02 -6.307744368103827826e-02 2.887878933920935351e-02 -4.962557027418073446e-02 2.153523895525439463e-02 6.343240580095788061e-02 -1.153808617505176597e-02 -2.228686489854430838e-02 -2.894003045931336018e-02 -9.137635161852016019e-02 -4.756266204774999701e-02 3.671811111053471799e-02 4.648615443442038336e-02 -2.137500673214107194e-02 1.495326569781527115e-02 -7.211133722834026094e-02 3.261376725970421137e-02 -1.118181044679218000e-01 3.935430125077046121e-02 -5.473986405786577386e-02 -3.542381591416441516e-02 -6.427052502027266918e-03 -8.707572038415685445e-02 -4.758596825326409652e-02 4.764053866265846593e-02 -4.787598380325929631e-02 8.521710707543246610e-02 -1.394201189928393099e-02 -3.413515524121540912e-02 2.842483357007949060e-02 3.557572228084879273e-02 3.028599567217588745e-02 3.223490195991757928e-02 6.663100886971096148e-02 -2.376542688496764005e-02 1.852606229289717119e-02 1.325810633343772749e-02 -3.432458182737969498e-03 -9.768615379872129523e-02 -9.465673417533971776e-03 7.743852770429958399e-02 -6.220639517994244749e-02 -3.771567638793257154e-02
-1.127349707712512264e-02 4.035173824130396797e-02 -7.707912497997114476e-02 7.905146937344294245e-03 0.000000000000000000e+00 -2.352490347577294860e-02 -5.103134536905918478e-02 7.162288793331650361e-02 6.295841071558540281e-02 -1.648420446257972032e-03 1.086755414913397272e-03 -5.706998425955112086e-02 -8.754848483484632682e-02 -1.029221077882851946e-03 -5.981205714376627153e-02 -4.165672291885920420e-02 7.183112135735501835e-02 -1.781042501898990466e-02 4.764536586969374266e-02 1.386277023050562973e-03 -9.703337053944900703e-02 1.134895890789120038e-01 -7.831625948255458575e-03 -4.019030239523039248e-03 2.317827031515837851e-03 -4.698519845023965691e-03 5.859753510574126911e-02 -1.650003658359246173e-02 5.349786738981434503e-02 -2.223880261944745102e-03 2.788438315924187533e-02 1.133330771636391343e-01 8.535152528446592751e-03 8.419417517530189410e-02 5.799887626716806327e-02 1.890157170490915431e-02 -9.936898135890991079e-02 3.543525281241536457e-02 -8.099380785028793481e-03 -7.816022652453522013e-02 -4.279712548259222843e-02 1.200088778481043497e-03 1.383527507626710132e-02 4.939694035307426456e-02 -1.639886597289356637e-02 1.745301588524601766e-02 8.402513929612331900e-03 -5.927343571739459444e-03 7.336641760061464457e-02 2.263046581213008779e-02 -3.474284839250046941e-02 -3.105414431449642076e-02 -4.458242939153398560e-02 1.558926573703353462e-02 1.714406090604105037e-02 -5.345078161831250119e-02 -8.562303971676057945e-02 -1.505766825477725850e-03 6.092317580144313016e-02 -4.076876161928911363e-02 -2.987072073347647391e-02 -2.874171995433813520e-02 -7.567106911987961371e-02 -2.068591135880016446e-02 8.755221963257692197e-02 7.170781191347923300e-02 1.493168072454778214e-02 2.599105727062907961e-02
3.586788182748192055e-02 -4.840381940610352651e-02 1.282412666737273443e-01 8.727199574856895747e-04 -2.352490347577294860e-02 0.000000000000000000e+00 6.926493610392095435e-02 3.505184022758323775e-02 2.441806740984700172e-02 3.766526314343404680e-02 1.913605903564844987e-02 6.899494533728219026e-02 -8.443542050511400679e-03 -3.494633121413574794e-02 -1.360691897735379942e-02 -5.790260298811380352e-02 -2.800759461370710274e-02 5.541394932146759961e-02 2.774761842506344098e-02 6.980449331910511257e-02 2.940430167647184803e-02 1.147923637600326181e-02 5.310511996315422055e-03 5.683014153884013292e-02 -5.973840783295016749e-02 1.102883171367314147e-01 1.259762801427749546e-02 -4.458360110487308292e-02 1.672184072055376376e-03 -3.229199262282493599e-02 3.434037014599732734e-02 4.596520779440903259e-02 -5.961257873829359753e-03 4.093347667241625451e-03 6.184512701898536857e-02 -3.131272567685538383e-02 -4.440628749786421775e-02 7.103646728265785269e-03 5.671774366959918962e-02 1.131509167303213284e-02 1.351568140946610430e-01 2.744317043244179008e-02 1.180607888288062214e-02 -3.312585127570747551e-02 -9.896585824355175545e-03 -5.390767677837923766e-02 4.735878942991308960e-02 8.511287893217302225e-02 -7.201180827237817217e-02 -6.002893141393442211e-02 -2.200713142958257186e-03 -4.944811394641955571e-02 1.812930496584770623e-02 8.289928506877485004e-02 -6.381325969593085179e-02 7.162366173920743651e-02 4.063889675968564846e-02 5.073037241597758151e-03 1.449878928088696103e-02 -3.623565298391124428e-02 3.181194268733839731e-02 2.205250166636176824e-03 -6.204272309661987284e-02 3.071963577618723115e-02 4.087808933912910614e-02 2.470537424795596695e-02 -1.966179328727261227e-02 3.023402292469465759e-04
2.762684547011353547e-02 -5.488733691015042909e-02 1.189781748742916798e-02 1.180347183163993341e-02 -5.103134536905918478e-02 6.926493610392095435e-02 0.000000000000000000e+00 -6.519384628922100799e-02 2.630670777375521477e-03 3.203294872307357183e-02 9.422775517589155117e-03 1.021715482639550393e-01 2.396932401443557098e-02 8.552328109473968099e-02 -3.323245896446500036e-02 -8.406784387807137576e-03 1.176877386306094016e-02 4.488511040978029887e-02 9.557885044050634660e-02 2.353687293265405850e-02 1.739634189454165132e-03 2.983360032568592793e-02 -5.886078859207882069e-02 3.366734480862213635e-02 -1.924071146364910931e-02 2.111547635921087046e-02 -5.207181615361874960e-02 8.659247721915718302e-03 6.225692057225064996e-02 -1.173247151959567192e-01 9.559706108377172967e-03 -6.574480593580377293e-03 4.576327582765781637e-02 -4.737080242888604478e-03 -2.364291525102070815e-02 1.683618896943260904e-02 -2.506478194115536063e-03 -3.170024506890386368e-02 2.180231520979738699e-02 -5.321240432647488666e-02 -1.531272991891561089e-02 -4.745442478003483733e-02 2.890829349212870741e-02 -1.602181462193021794e-02 2.709708183302802012e-02 -3.367674616588050424e-02 7.272924969930844030e-02 4.758388278940209326e-02 -4.596737000306509030e-02 7.575325780895812711e-02 3.074316791604454063e-02 -3.962026617134536965e-02 6.687329682752955404e-03 -5.731526254294338346e-02 9.322182863776012907e-02 8.399546289848144540e-03 2.695062776327521517e-02 -1.148170854705102557e-05 2.896487425250518152e-02 -7.283217978358100253e-02 5.181302097689780006e-02 8.302709313943817254e-03 7.823806680984925210e-02 -1.568412236619964872e-02 -7.746491962613415161e-02 -2.666976986301686919e-02 8.659657892178194982e-02 1.890662907772805088e-02
-3.993133729234855933e-03 1.026637725444339098e-03 5.415822374031892955e-02 -9.631262240227676796e-02 7.162288793331650361e-02 3.505184022758323775e-02 -6.519384628922100799e-02 0.000000000000000000e+00 1.005715769594522045e-02 -1.234654960654520649e-02 4.406691527453638485e-02 -6.993891631207896364e-02 1.846857514157684843e-02 -8.406622789142947916e-03 1.756716210876723208e-02 1.477061521517828704e-03 7.679064169605248451e-03 5.383146346352099022e-03 1.459596907382293245e-02 -4.474536934405597133e-02 7.576803177512302610e-03 -6.275654783263455438e-02 6.707313223076537267e-02 -1.475863597063202352e-02 4.942683519531403807e-02 -3.449733081256235040e-02 -9.665114773825093236e-03 8.950481301550759772e-02 -6.342856705917637727e-03 6.984216885368114969e-02 3.553261527422364036e-02 3.104026595858471599e-02 1.213725663982256030e-03 8.894907312840416580e-02 -5.062101206025241412e-02 -6.177337539746379641e-02 -9.963671756220489339e-02 -1.429671060736845654e-02 1.954160214357614916e-02 3.574165393256888840e-02 3.706184308903263946e-02 -4.578051806154322112e-02 -2.506199207529194971e-03 3.643194986413040432e-02 4.802094885970228239e-02 -9.188574126629107941e-03 -6.574994046152651817e-02 2.781123576189041199e-02 -1.024105743643378627e-02 -1.345939153342340724e-02 -3.621682442086854303e-02 -9.514549399309625913e-03 -5.901952320418923925e-02 7.545353484470336547e-03 1.076303926494555710e-02 3.621452944655757789e-02 -4.335128307902515882e-02 6.975736021625540684e-02 -8.214048342745419989e-04 -5.365174330876848474e-02 1.133446968070186099e-02 6.851093973748380306e-02 2.471362619938066024e-02 -1.695556711043048198e-03 -3.066846371886775956e-03 -1.287326323234349867e-01 3.866150647840829041e-02 -6.157209620632971524e-03
3.594684654890429459e-02 5.990165518634265468e-02 -3.097279435051940311e-02 3.266091415398354042e-02 6.295841071558540281e-02 2.441806740984700172e-02 2.630670777375521477e-03 1.005715769594522045e-02 0.000000000000000000e+00 8.339043734452789361e-03 -5.113849312600905056e-02 -1.741889648921109927e-03 -3.845844654850161248e-02 1.893394146448748247e-02 1.106474154890783011e-02 -2.686754535386297327e-02 -1.106871876387735022e-02 -1.691939952425400989e-02 3.487146020888760856e-02 2.537346422695561238e-02 8.980570728811240744e-03 3.278198927420972880e-02 5.056418648106117598e-05 1.046311055552105046e-02 2.452279551319254056e-02 -4.509429546255890042e-02 -1.505830519474321838e-01 -2.050700350803832256e-02 -3.827586882521677447e-02 -6.889414121145058523e-02 1.829389232901450918e-02 -4.032599269646820056e-03 -5.258094302066185916e-02 -1.086131858415497441e-02 4.242249519034978211e-02 9.470377605207709604e-02 -5.847706627416690561e-02 -6.433216951354320257e-02 -3.707925540145144694e-02 -3.970349502910825584e-02 -7.945887033273811226e-03 2.932167486160396075e-03 -3.689532209833611565e-03 -9.557952230201814670e-02 2.207119974738621510e-02 4.705237493121055409e-03 6.988175733832173442e-02 5.527353694744006202e-02 -2.511214835615688257e-02 -7.740662635211862210e-04 -1.179489884350889001e-01 -3.761751873858334289e-02 1.068352069864750009e-01 -9.482745089314549569e-03 9.434859315621321046e-03 6.976170824936038517e-02 -1.793431359793213470e-02 9.533723198691751444e-03 1.048486664104974868e-02 7.792474220728924650e-02 -9.343468715714633999e-02 -2.856886170198642133e-02 6.330686075605022889e-02 -4.090560923977804020e-03 -4.590151043272058112e-02 -2.453634173523357685e-03 3.432912415604329887e-02 -6.500788223616214834e-02
3.984555912193061405e-03 -5.179127743016564284e-02 -4.962246754309813240e-02 5.684428657903320414e-02 -1.648420446257972032e-03 3.766526314343404680e-02 3.203294872307357183e-02 -1.234654960654520649e-02 8.339043734452789361e-03 0.000000000000000000e+00 5.159198974506704755e-02 1.515343717650542710e-02 -4.149344666255632558e-02 5.392556311639441768e-02 8.126384120567022029e-03 -2.416844971341872844e-02 -5.977267839544308375e-02 -6.533788748917234226e-03 7.108450663773534066e-03 2.941038143490673495e-02 8.977942036323506569e-02 -7.382780346689576945e-02 -5.609772808998150784e-02 8.382063665839888100e-02 -2.194526067230790842e-04 -5.972104187370204376e-02 1.206504879654439304e-02 3.226290518152123699e-02 -3.016445274609554084e-02 -2.203378973200114874e-02 -8.385742669328661789e-03 -2.241676407754614880e-02 -2.961332627009972962e-02 9.481577853316505711e-03 6.598457718199943201e-02 -3.562832378673207873e-02 2.295657251461726001e-02 -3.494238769417976759e-02 -6.116138259362714075e-02 -4.110075908788448501e-02 5.210919656873630630e-03 -9.697555843956316701e-02 -1.286427424893141769e-01 3.723616290981578841e-02 -2.337518229487711013e-02 3.786631541720682226e-02 -2.057680422891967550e-02 -4.468319793322176464e-02 -7.331160517823412381e-02 -1.340592503614730299e-02 -4.274321522491837666e-02 -5.543834722097751994e-02 5.241637721696134483e-02 -5.022398904639473194e-02 -2.292516968065114527e-02 -2.924622979444439427e-02 -3.468308305154220450e-02 9.693299419830617158e-03 2.156053211603971287e-02 1.379015915119679789e-02 -3.578077723186887799e-02 2.440880127038805997e-03 -8.284258586299549088e-02 -4.079825848604037158e-02 4.026874707397233577e-02 -2.423379814362703472e-02 -5.262156694401155105e-02 -2.695510854466025980e-02
-3.338934936517192614e-02 -4.077406818106955877e-02 -1.101915358156680715e-02 2.435378953713263940e-03 1.086755414913397272e-03 1.913605903564844987e-02 9.422775517589155117e-03 4.406691527453638485e-02 -5.113849312600905056e-02 5.159198974506704755e-02 0.000000000000000000e+00 2.524220435641589058e-02 -4.724843956230502517e-02 5.258233874538979780e-02 1.518989011296538634e-02 9.149747218402706772e-02 -9.904918404955265210e-02 1.348863992590455460e-02 9.584673119053210844e-02 6.334541595483537957e-02 -1.012202760344203395e-01 -1.107358753947650098e-02 7.940369937084705565e-02 -1.334659736220751916e-02 3.719693571576333097e-02 6.912356690708534868e-02 -4.430136821494673471e-02 -3.837646332094399836e-03 6.161702031602098867e-02 -1.646225810919764096e-02 -9.866687299621057505e-02 2.205591505043573083e-02 2.339943764082931185e-02 9.122061465278361037e-02 2.447711894584000958e-02 -6.756479081228586314e-02 2.781785491876053937e-03 1.186974928255206917e-02 -2.019042895566833945e-02 2.440899206446199565e-02 -5.079929985871830395e-02 5.902199566058707186e-02 3.558200748164724869e-02 5.666290641441418252e-02 -3.973211147469597054e-02 -4.174503099115637467e-02 5.725223898136588135e-02 1.294291739207770013e-02 -6.032514736314097820e-02 4.028479045410844617e-02 5.033993759549873145e-03 -1.980470558720500221e-02 -4.768823541567592667e-02 6.378236039419991898e-02 -9.338100106033919712e-03 -2.969808460642797340e-02 -3.334263660486518066e-02 -8.206662955689260353e-03 -5.385334842269737937e-02 1.857271810495238207e-02 -1.714353127603666579e-02 -4.488609653143159350e-02 1.991982746789148963e-03 4.196377932255830612e-02 -1.692331891475916394e-02 3.964470234306859131e-02 -8.819653388797743521e-02 -5.323141677270502164e-02
4.697231117519783117e-02 1.767592161990494491e-03 2.493509162583661121e-02 -3.799684567423382286e-02 -5.706998425955112086e-02 6.899494533728219026e-02 1.021715482639550393e-01 -6.993891631207896364e-02 -1.741889648921109927e-03 1.515343717650542710e-02 2.524220435641589058e-02 0.000000000000000000e+00 1.065724837751403330e-02 3.236326432843878581e-02 -1.329431701180574903e-02 -3.481199991807035904e-02 -4.023617515975286274e-02 1.997263490591151894e-02 5.879236771352373131e-02 -3.998271269062010635e-02 -1.993559611420793118e-02 -6.620082893133839852e-02 3.505822191480132549e-02 2.891111289110484192e-02 -7.955852782058698067e-06 -2.465245136793910163e-02 1.488571587139516338e-02 -4.397603423905743769e-02 6.576442399061173394e-02 -1.684293084297399518e-02 -6.364646791470474074e-02 6.026480052574183927e-02 -6.876729797927420840e-02 -5.280688401265436205e-03 6.722422966226636321e-02 -6.381951727766066451e-02 -5.003955831361581869e-02 -1.695461854994596840e-02 2.620840884747980409e-02 -9.450093677281153071e-02 3.011026629373968547e-02 -3.766967343809363156e-02 -4.384742660766581535e-02 -3.634027335788469256e-03 8.735856752381951362e-02 8.344408235395248119e-02 2.045626548887950411e-02 -6.639510494671352347e-02 4.014776358346592439e-02 2.165872711148472685e-02 -8.479814380075796632e-02 4.675326810079768504e-03 4.210168598964372094e-02 7.357748167017914842e-02 -1.301787427281308508e-02 2.102871661805409340e-02 -1.058053735536882978e-01 -1.923898252226961467e-02 -1.278588455834683141e-02 -2.593752173695750354e-02 3.020834017753959086e-02 -5.729369943721202008e-02 4.283804047946018767e-02 5.953508339631468499e-03 -4.235192103405809039e-02 -1.203900534355803985e-02 -8.177283499522651489e-02 9.796801918128089648e-02
2.224080221052286092e-03 8.400997113234467961e-02 -2.822987287327288763e-02 3.964761451297679068e-02 -8.754848483484632682e-02 -8.443542050511400679e-03 2.396932401443557098e-02 1.846857514157684843e-02 -3.845844654850161248e-02 -4.149344666255632558e-02 -4.724843956230502517e-02 1.065724837751403330e-02 0.000000000000000000e+00 -3.371498772278277989e-02 3.116427292227804541e-02 6.530826321682038638e-02 -5.069860212678954647e-02 -6.090310842542026593e-02 -1.874298764896324340e-02 -1.192561763532521552e-01 -4.345143998356990056e-02 4.195653221700759022e-02 2.411373157796891167e-02 -3.681633446121576440e-03 -4.098561033417297272e-02 3.690693746588932789e-02 -5.505351917830147296e-02 -1.678769665724149512e-02 -9.067003336748504644e-03 2.883076786880518078e-02 2.262825756938620023e-02 -3.620192422651804381e-02 -2.586750683865435621e-02 1.280261929624887688e-03 2.266779333649597983e-03 2.851794642190915233e-02 1.338923743547588696e-01 9.638424377409458843e-02 -4.298181087527061517e-02 -4.039792358141516132e-02 -6.854735579903908568e-03 -2.526938035210954045e-02 -7.191322461287717738e-02 -4.537600468094616507e-02 -1.505397564432616186e-01 -2.105493111547616925e-02 -7.194879442049843289e-03 -1.119454001193917296e-02 -2.834734261209585771e-02 -1.264506987895123447e-01 -2.913713320102958790e-02 1.697622564894589112e-02 -8.290027331905255176e-03 -6.915792893216944626e-02 -3.097180090295315741e-02 6.004950811090778960e-03 1.140052602033462745e-02 2.961380308856383439e-02 -1.121063198315717935e-01 -4.731179973667486161e-02 6.389479838982584092e-02 6.454159198233001826e-02 -2.477008228083880589e-02 8.313828764917896921e-03 -5.177001708116757417e-02 -4.440736669039221235e-02 2.315334991200270615e-02 4.213200730619213324e-02
-1.418326124479258286e-02 -7.566705433898683608e-02 -6.949773961139734876e-03 1.567491849670236970e-02 -1.029221077882851946e-03 -3.494633121413574794e-02 8.552328109473968099e-02 -8.406622789142947916e-03 1.893394146448748247e-02 5.392556311639441768e-02 5.258233874538979780e-02 3.236326432843878581e-02 -3.371498772278277989e-02 0.000000000000000000e+00 3.361240834065305771e-02 2.027908898036751006e-02 4.074796708473815698e-02 2.387039584858765412e-02 6.853967760723692071e-02 4.910838627485844370e-03 3.421180639051005917e-02 1.577774277115041521e-02 -3.881087423970513983e-02 8.000746459486727082e-04 1.305385687496421823e-02 8.655262183566096723e-03 -3.277204835900660723e-02 -1.579413258623182242e-02 5.725704872692411601e-02 9.862365365228113485e-04 -5.808982985312630826e-03 -3.652782313997532393e-02 2.691275181485173335e-02 8.042970274351864124e-03 2.777107365644640447e-02 -4.358860387308462203e-02 -3.614622158363049731e-02 3.137780019324835912e-02 1.782644946202935690e-02 -2.716936291937903369e-02 -5.954897661790370389e-02 -2.972777686621250887e-02 -2.919254033766259873e-02 2.637305476221686248e-02 8.629071223128295665e-02 2.822330420313338278e-02 1.604152369754602986e-02 -1.100450436624349770e-01 5.680041290760928091e-02 1.215895574083336074e-02 2.866283270041539849e-02 -3.878368471833374981e-04 -1.317960824581651709e-02 -8.298597208729129038e-02 -4.658117610020066392e-03 4.588241493082595435e-02 -2.944918193947760124e-02 3.718201116078110463e-02 -6.314867505434629269e-02 -8.586195934249489861e-03 -3.904066012365697835e-02 -4.473885557504887062e-02 7.309269353348832321e-02 -1.156623633669398854e-01 -1.487676041465865046e-02 -2.193100727083186277e-02 -5.859757959302744346e-02 -6.553689411581878344e-02
-5.179245372742930995e-03 -3.139642900364551792e-02 -2.976697135496838773e-02 -1.273367571063676630e-02 -5.981205714376627153e-02 -1.360691897735379942e-02 -3.323245896446500036e-02 1.756716210876723208e-02 1.106474154890783011e-02 8.126384120567022029e-03 1.518989011296538634e-02 -1.329431701180574903e-02 3.116427292227804541e-02 3.361240834065305771e-02 0.000000000000000000e+00 -2.681163317073488594e-02 -1.947705137805540512e-02 -6.880924863796586410e-02 -3.431285854664284374e-02 -2.995480439794925148e-02 7.195326739602279920e-02 3.910831082179171830e-02 -6.254650534521155603e-02 8.843784617124592073e-02 3.396476738449952237e-02 3.344609400472750571e-02 -6.633211457629598073e-02 -5.328694444141768294e-02 4.987286036920316606e-02 1.598932388495994186e-02 2.414300289265505772e-02 -8.465125003963124006e-02 2.940038888535247141e-02 5.264886993644780216e-02 6.815141003495517324e-02 -2.031479460755273095e-02 -1.089129776667853086e-02 2.475663438818465414e-03 -8.419556774881500893e-02 -3.658775736841685111e-02 -2.338320441050827786e-02 -4.487392703020611634e-02 -4.739229239004477678e-02 -5.342443076466565216e-02 -5.722684933813759062e-02 4.344515562397664038e-02 7.612005344889247183e-03 5.624239016950156184e-02 9.810751782160263140e-03 1.888763329797573179e-02 3.252616283653553958e-02 2.031924310639223602e-02 1.794924665268129299e-02 9.197808236028205686e-03 4.473851556205846874e-02 -1.778009594091053275e-02 4.441253561259907168e-02 -2.684332634550488234e-02 6.958351975853539241e-03 3.525217792078284840e-02 -8.673847197175611756e-02 -7.655264703108739799e-02 -8.813222923797914277e-02 6.888218927294498251e-02 -4.006497667010353037e-02 -1.281108088831496225e-02 -6.880455798463748496e-02 -7.106986493758148116e-02
-7.042064483269167008e-02 5.934970040410651737e-03 -6.227915014489952827e-02 -4.478166356577761159e-02 -4.165672291885920420e-02 -5.790260298811380352e-02 -8.406784387807137576e-03 1.477061521517828704e-03 -2.686754535386297327e-02 -2.416844971341872844e-02 9.149747218402706772e-02 -3.481199991807035904e-02 6.530826321682038638e-02 2.027908898036751006e-02 -2.681163317073488594e-02 0.000000000000000000e+00 2.022444275214188916e-02 -2.272523774881724662e-02 -7.148179778294855291e-02 -8.777058010192738055e-03 1.083588263891982345e-01 -2.355402367922972140e-02 4.817089555808197476e-02 -9.953458967521039077e-03 -6.015313753234480254e-02 3.694547206838801057e-02 4.176162284237611155e-02 1.017198904163717742e-02 5.279702116337243317e-02 1.678214085395898433e-02 -7.604518245340750882e-02 1.152726610840499183e-01 2.361426695115015698e-02 3.569312955175264063e-02 -3.475941435505000305e-03 -2.233520199162042710e-02 2.370247704567820038e-02 6.884888977409286959e-02 9.376431469296354557e-03 -1.141214005573693568e-01 1.020657876708243872e-01 7.814830089291506521e-02 2.416102516268850420e-02 -3.209392795012754734e-02 -1.441324249193121632e-01 -3.251239044137985146e-02 -2.201222022622397953e-02 1.619603357967801943e-02 -5.618604105062498244e-02 -2.725565692458334008e-02 3.560001886159367551e-02 5.521035144579090198e-02 -1.043327240086590890e-01 3.374669728741366143e-02 -3.277463677136144282e-02 2.591542845235312795e-02 9.245874213347406861e-03 2.164486572706614612e-02 -1.363331919796410482e-02 3.152690252403556048e-02 3.866565721416781454e-02 -8.034770339619801138e-03 -4.915840068204553603e-02 -3.613299718855719073e-02 -5.686343871374918701e-02 8.924818966455241864e-02 -3.305960981173577951e-02 -2.398222631245634090e-02
4.085410171465796852e-02 7.669241481832023144e-02 -4.211695441017421215e-02 -4.526325860257521955e-02 7.183112135735501835e-02 -2.800759461370710274e-02 1.176877386306094016e-02 7.679064169605248451e-03 -1.106871876387735022e-02 -5.977267839544308375e-02 -9.904918404955265210e-02 -4.023617515975286274e-02 -5.069860212678954647e-02 4.074796708473815698e-02 -1.947705137805540512e-02 2.022444275214188916e-02 0.000000000000000000e+00 2.342841922315676284e-02 6.021574313067521583e-03 3.488785550474665740e-03 2.961926912101330717e-02 -4.434615288482720609e-03 -6.605517021540988076e-02 3.334529037940638097e-02 7.026459010911027814e-02 -6.594908363900858252e-03 1.979368546601321596e-02 2.671547933533601274e-02 2.723257357873291092e-03 3.701358973483266646e-02 7.494423815681895695e-02 -1.964393321649524765e-03 4.082542510977966305e-02 -6.154861509803007287e-03 9.114226271259488754e-02 -1.494492850846596997e-03 -4.394334227948074045e-02 -5.578438584068871886e-02 -5.676416144262902419e-02 -1.939698302222421858e-02 4.127704637687031053e-02 4.478050304270217441e-02 6.994279303136899384e-02 -3.135909024767603859e-02 9.503711992884794624e-02 3.988754525241115095e-03 -7.070131983587626609e-03 1.102046449790803836e-02 5.670280253774927226e-02 -5.692271857555315090e-02 -7.410798055080215774e-02 -3.693019489559531444e-03 -3.139537648320912810e-02 1.839375445316978035e-03 -5.079422754732065837e-02 -4.769707188259905695e-02 3.699716762402170678e-02 5.504608602387180138e-02 -2.129686017885042484e-02 -9.216750959344595373e-02 4.011088180514624083e-04 7.966223650817641500e-02 1.253090120550074717e-02 -4.149164486175112299e-02 1.355912735054187572e-03 -1.095411619299714416e-02 -1.725407950849909555e-02 1.072312510308797784e-03
4.414123746924825120e-02 5.827822376086293221e-02 -2.972481869878970326e-02 1.668317656592354162e-02 -1.781042501898990466e-02 5.541394932146759961e-02 4.488511040978029887e-02 5.383146346352099022e-03 -1.691939952425400989e-02 -6.533788748917234226e-03 1.348863992590455460e-02 1.997263490591151894e-02 -6.090310842542026593e-02 2.387039584858765412e-02 -6.880924863796586410e-02 -2.272523774881724662e-02 2.342841922315676284e-02 0.000000000000000000e+00 -5.019571705126377181e-02 -1.270712302171153607e-01 7.068303105896625582e-02 7.699043197967931794e-04 4.722610946930090592e-02 -3.425683446218327766e-02 -5.935759054790751277e-02 1.645978300955728418e-02 -7.136311798721563238e-02 2.809861406892338875e-02 4.108234871599462240e-02 5.822910482783883596e-02 2.079073560952928237e-02 6.273063753998221748e-02 -2.052322392991972472e-02 7.426272953167661894e-02 -1.110681374162584764e-02 5.481039861994046331e-02 8.887810860347155825e-03 9.417778752887988032e-05 1.069406855535271275e-02 4.020099940354126405e-02 -1.384960855932458428e-02 -2.051209548275869168e-03 3.540732519859680905e-02 -1.173403253783201344e-02 5.573510857322872686e-02 2.719825737157675893e-02 5.871008282817890417e-02 -8.258035938765398432e-02 1.831750654991423297e-02 -4.256221417377282351e-02 2.891858442409263666e-02 -4.431919339818325698e-02 7.594633585466480097e-02 3.579217853594446330e-02 1.772951251191767774e-02 9.513431996429315418e-02 2.715545586829768571e-02 -1.708659395278440754e-02 -7.127659147844894912e-03 -1.644502190956492055e-02 3.669779745583702513e-02 -3.332196396716853581e-02 -3.824258783185762595e-02 -2.707555414455584120e-02 7.347648367524406421e-02 6.069025417641363968e-02 3.253746779170538228e-02 6.435983945082086877e-02
-3.716033271601565380e-02 -3.219484196741010957e-03 3.053705328285330131e-02 -2.078129225116033887e-02 4.764536586969374266e-02 2.774761842506344098e-02 9.557885044050634660e-02 1.459596907382293245e-02 3.487146020888760856e-02 7.108450663773534066e-03 9.584673119053210844e-02 5.879236771352373131e-02 -1.874298764896324340e-02 6.853967760723692071e-02 -3.431285854664284374e-02 -7.148179778294855291e-02 6.021574313067521583e-03 -5.019571705126377181e-02 0.000000000000000000e+00 -3.633569834976438373e-02 2.280626174089805946e-03 5.280666998581490766e-03 -4.135364268577743085e-02 -3.962535504004739695e-02 1.516885648064743991e-02 4.214972585383607723e-02 -1.009413642586162209e-02 -2.346684014416583475e-02 1.204761963896493898e-02 3.309947468103469070e-02 6.785365338906809533e-03 -7.202726979425869147e-02 -4.070506427389027765e-02 -4.466099624815492164e-02 -9.019804072485634872e-03 -1.014625707133673220e-02 -2.078792136850282982e-02 5.077483241604451546e-03 -7.019011957450903283e-02 3.620140339420876985e-02 1.037863216881148611e-02 -3.150873286290199748e-02 1.292821746615508381e-02 1.081599607541290364e-01 4.872049333776281438e-02 8.727135595073583219e-02 3.782319411725257319e-02 -3.101489655255227598e-04 -4.480321140306461891e-02 -3.729327567358282913e-03 -2.609302826733060632e-02 -3.325739537833890397e-02 1.708078302976828115e-03 1.781490107755772517e-02 6.589549690028405349e-02 2.029829524936529669e-02 -1.777334131596927935e-01 -9.245887053279192025e-02 4.268069857094402425e-02 -6.250410561198349590e-02 -4.851902516882505173e-04 -3.164434125471821818e-02 5.447942673567691269e-02 1.283375943001227593e-02 5.708884179922021906e-02 2.957414552675487196e-02 -4.545998192289352896e-02 1.629792876087621592e-02
6.151376432716647302e-02 2.118808010731075900e-02 4.533711184874682568e-03 -4.975368949661274076e-02 1.386277023050562973e-03 6.980449331910511257e-02 2.353687293265405850e-02 -4.474536934405597133e-02 2.537346422695561238e-02 2.941038143490673495e-02 6.334541595483537957e-02 -3.998271269062010635e-02 -1.192561763532521552e-01 4.910838627485844370e-03 -2.995480439794925148e-02 -8.777058010192738055e-03 3.488785550474665740e-03 -1.270712302171153607e-01 -3.633569834976438373e-02 0.000000000000000000e+00 -1.807385225985088870e-02 -5.973838503848130643e-02 -2.534118343735559942e-02 -2.468378869480937834e-02 2.360546812569429276e-02 -1.188576011602596356e-02 8.406340105267154361e-02 5.206349488535263331e-02 -7.313324285716021889e-02 -4.186038648362653929e-03 6.554605300573219441e-05 2.053363448129441257e-02 1.977566028146065819e-03 -1.044479700433592617e-02 5.808001077783130073e-02 2.238109205771510526e-02 -7.409424665673285115e-02 -4.536334916559488922e-02 1.236578619822982679e-02 -1.475148535133603313e-02 4.533956730799709733e-02 -4.690826972424644997e-02 1.531413105308121296e-02 1.658507086076704481e-02 1.372541179056176001e-02 -4.110965999557347067e-02 3.504822991008284261e-02 -5.087467236074941224e-02 3.102622879038114886e-02 4.003437109418729600e-02 5.525403693791960426e-03 -4.018466378091245517e-02 4.112519963522401345e-02 -4.230522450034324144e-02 2.612157397353586166e-02 -5.858329828645050114e-02 8.520056988676126541e-02 2.321450215666782252e-02 -7.595177010991532862e-02 6.450524112538046084e-02 6.504513362118256870e-02 -8.290837013286966872e-02 -2.333459821937041399e-03 3.183546580384093855e-03 2.914261483563970398e-02 5.092661255537526965e-02 4.441413883698898390e-02 -1.444738390621487859e-02
3.050750799434186547e-02 9.677828229930499071e-02 2.111249646105151090e-02 -6.217820629635730650e-02 -9.703337053944900703e-02 2.940430167647184803e-02 1.739634189454165132e-03 7.576803177512302610e-03 8.980570728811240744e-03 8.977942036323506569e-02 -1.012202760344203395e-01 -1.993559611420793118e-02 -4.345143998356990056e-02 3.421180639051005917e-02 7.195326739602279920e-02 1.083588263891982345e-01 2.961926912101330717e-02 7.068303105896625582e-02 2.280626174089805946e-03 -1.807385225985088870e-02 0.000000000000000000e+00 7.731553386698655772e-02 4.665319459656239176e-02 5.469027266725785125e-02 -4.440562650854586874e-02 1.346974118089245762e-03 5.702846115147964384e-02 3.300340110094112343e-03 -3.687672422287310153e-02 5.179494350320346108e-02 -1.437774508529791884e-02 7.101787145969959414e-02 2.708086476196333928e-02 -3.682190226423728147e-02 -9.417195442018671397e-03 2.375664858530487575e-03 5.284690591080719313e-02 -3.291304376922341013e-02 5.085115444933373426e-03 1.639418271353672296e-02 7.134179468623599862e-02 -1.009762715288414422e-02 -9.375212589490040938e-02 7.587339223197271665e-03 4.290368472358740970e-02 1.727010436503251690e-03 -2.892593517215071713e-02 2.788662409560028338e-02 3.578199106678126408e-04 -7.852853238841210615e-03 -1.568251469031103559e-02 -2.215818412241630717e-02 -5.349102013094161195e-02 -6.978830322820379906e-03 -1.092768771725409482e-02 2.854144595615103197e-02 7.381098679802131080e-02 -3.527000334187067182e-02 2.628658057401065881e-02 3.336735479754525391e-02 2.026940944242511949e-03 -3.378556552951845343e-02 -1.048287648891147068e-02 -3.773453864904362937e-02 -2.322371151001390716e-02 -6.137033656650221075e-02 2.259192203317667014e-02 2.513055862690825610e-03
1.739056776156168091e-02 4.290782538489842923e-02 -6.574138218115628540e-02 -1.642631978130274992e-02 1.134895890789120038e-01 1.147923637600326181e-02 2.983360032568592793e-02 -6.275654783263455438e-02 3.278198927420972880e-02 -7.382780346689576945e-02 -1.107358753947650098e-02 -6.620082893133839852e-02 4.195653221700759022e-02 1.577774277115041521e-02 3.910831082179171830e-02 -2.355402367922972140e-02 -4.434615288482720609e-03 7.699043197967931794e-04 5.280666998581490766e-03 -5.973838503848130643e-02 7.731553386698655772e-02 0.000000000000000000e+00 4.415095147530237116e-03 5.943959731511135915e-03 3.569545777563944144e-02 5.800697157860217751e-02 -7.467256601566153729e-02 -2.267112862258965217e-02 8.962794950485084011e-02 -8.399152484549252118e-02 -1.240499754283887202e-02 -1.216795101741064387e-02 6.004239705002974853e-02 5.466298766603985837e-02 2.983904816750175201e-03 3.474025411169152228e-02 -2.527784762252590148e-02 8.523226950045164133e-03 -7.041842793092763751e-03 -2.116065099371064462e-02 -8.957414109462599749e-02 -2.021368990870421947e-02 -3.287437674895587331e-02 2.546472093646531473e-02 4.598478878016312894e-03 -3.390521201482971092e-02 -2.070515878519988556e-02 8.591845551858338925e-02 -2.241590274544367611e-04 3.398614762696863800e-02 5.273612358147784090e-02 -5.585916700454862660e-02 -5.079825633043169586e-02 -3.234593936447268270e-03 5.559756564064172180e-02 4.447180632281643071e-03 -3.952272404078680662e-02 -5.454488906331485254e-02 -5.976672416885174532e-02 -2.408849942659213074e-03 -2.759043381225876473e-02 -2.432870728025817234e-02 1.085042407348831874e-02 -1.840375180655467319e-02 4.100490185472564775e-02 -1.620988618162395173e-02 3.905479816034150564e-02 7.722242323517837514e-02
3.043856060197532715e-02 -3.876947750454077298e-03 2.231933868929604492e-02 2.151212650457179441e-03 -7.831625948255458575e-03 5.310511996315422055e-03 -5.886078859207882069e-02 6.707313223076537267e-02 5.056418648106117598e-05 -5.609772808998150784e-02 7.940369937084705565e-02 3.505822191480132549e-02 2.411373157796891167e-02 -3.881087423970513983e-02 -6.254650534521155603e-02 4.817089555808197476e-02 -6.605517021540988076e-02 4.722610946930090592e-02 -4.135364268577743085e-02 -2.534118343735559942e-02 4.665319459656239176e-02 4.415095147530237116e-03 0.000000000000000000e+00 -2.591499772734142878e-02 -2.509234653056948913e-02 1.793547380995145005e-02 6.222590430489099989e-02 -6.445346303903710591e-03 1.535513452997158863e-02 2.977092646877351270e-02 -5.657392162133609292e-02 1.153253317531087278e-02 9.967840349496060511e-04 -7.651624119087072073e-02 -4.687524623964940684e-02 -6.932015566005898799e-02 5.758143009563457086e-03 3.086943336196306883e-03 2.876433486646425702e-02 6.167751952680106120e-02 5.366631975910088337e-02 2.485295778835436287e-02 4.756909965208307861e-02 2.099920390414208166e-02 -3.996987582367741293e-03 2.961924741570009026e-02 6.257532501360803245e-02 2.426222493939276387e-02 -8.662597470538782596e-03 1.308641467095937767e-02 7.456676459253147593e-02 4.111017076189809466e-02 1.226548231323794785e-01 2.170785961318306284e-02 3.354756113938192619e-02 8.676978960289960519e-02 3.160985531996364506e-02 -2.027171833985271648e-02 -6.348121631360913175e-03 1.354710521281611221e-02 4.396085220044079062e-02 3.774979531928214505e-02 2.435631835567413778e-02 -2.332050864404823162e-02 -7.758833566425596406e-02 -5.412175122865990617e-02 4.051059271755481916e-02 2.758294360888275537e-02
