0.000000000000000000e+00 3.190589272463846549e-02 -3.603309455021578428e-03 -1.791281977608133458e-02 -1.122233068831399692e-02 3.588183284669194811e-02 2.825112305663648668e-02 -3.903624675979465615e-03 3.596086011151733430e-02 4.109907222824065072e-03 -3.326569357069118077e-02 4.715157471568029446e-02 2.151795315985884777e-03 -1.170860965682576395e-02 -5.060358920643701075e-03 -7.022532049682315980e-02 4.087777307648360337e-02 4.422126311683736988e-02 -3.700164756608842476e-02 6.149040128964287921e-02 3.048185439794805912e-02 1.749674197690001889e-02 3.053906938522429546e-02 6.657551640730660636e-02 2.115710278441429795e-02 -3.988403361918314502e-03 -2.358330547227464880e-02 -2.427474538895864342e-02 2.330875359728712751e-02 -2.406226835429865415e-02 -5.861406960766355617e-02 -1.112817233620537818e-02 -6.179733111181787142e-02 -3.251456231496428068e-02 -3.362403126056990460e-02 2.992633065712204526e-02 3.758494216980407671e-02 2.595834205047783602e-02 -3.386877530025109856e-02 1.524870549549036010e-02 5.130592633400955088e-02 -6.624185133891598645e-03 5.710973226474289240e-03 2.495919008716574253e-02 5.417419359881203017e-02 -6.599969026317509257e-02 9.887701574045122677e-03 2.871256433595604021e-02 -4.513339982495797459e-02 5.873219969229939025e-02 3.076953512384528189e-02 -8.980737115032634554e-02 1.516760424111311505e-02 1.377309740269850799e-02 -8.557327454764189489e-02 -8.153199415260220517e-02 4.933443712826088290e-02 -3.164245631157053262e-02 4.594454204440605316e-02 -2.794254383602557540e-02 -4.141518491898924653e-02 -2.597675773358604917e-02 7.449381745896713897e-04 -1.835644553743631321e-02 6.510874189570298176e-02 3.452025866383586026e-03 -1.973497626885535594e-02 1.084322815841721500e-02
3.190589272463846549e-02 0.000000000000000000e+00 -1.047772830021017065e-01 -8.219949386913516509e-02 4.047919210198354378e-02 -4.846822154884796591e-02 -5.522327839787950082e-02 7.228478126896291205e-04 6.015792413311036452e-02 -5.205367083305475345e-02 -4.069678823022979813e-02 1.681793048650054041e-03 8.428732031613900277e-02 -7.568444919259792458e-02 -3.129612888641165186e-02 5.985113888100778920e-03 7.665693777887296056e-02 5.814612989513032876e-02 -3.137584756876948822e-03 2.108513470915509419e-02 9.681250956880796399e-02 4.480169496979703736e-02 -3.509100266051241607e-03 -9.245309920770309123e-03 2.383904932078379293e-02 2.563587599670789918e-02 5.298196040631445933e-03 -3.402653948378416698e-02 -4.560609837922794535e-02 6.541873078112077355e-02 -3.257458483749373860e-03 4.693412453495705156e-02 -2.735384174123490011e-02 1.621548764298266776e-02 -3.974675482313419494e-02 2.201603294372388511e-02 2.421551528386595847e-02 -3.030863301115684777e-02 -6.103395737028173562e-02 6.895773884754981958e-03 -8.806869492499624918e-02 4.374927244130177167e-02 2.671748353124273057e-02 2.410440358627633645e-02 -2.574686264630987945e-02 5.187386732206198878e-03 -1.565426678048960005e-02 -4.065008707539809890e-02 -4.352533415037163761e-02 -3.531655336130445910e-02 4.351459490360195387e-02 2.983212318965425269e-02 -2.554023766435974466e-03 2.732027188696733305e-02 3.316756637878977981e-02 -5.641187623624417669e-02 5.118876377669681621e-02 -8.325370792289014943e-02 -8.746288898375581544e-02 -5.283018271182194497e-02 -7.283415738480416256e-03 -2.125699603771059529e-02 -3.117345637474573661e-02 -1.203499557550481019e-01 -3.836923736789989159e-02 -9.891269518583286832e-03 3.881540615739811212e-02 1.248654655411896852e-01
-3.603309455021578428e-03 -1.047772830021017065e-01 0.000000000000000000e+00 -8.787335437226147933e-03 -7.699167230798180384e-02 1.284851436821803639e-01 1.241185724017930536e-02 5.484961970333596115e-02 -3.149061307797022119e-02 -4.970546042585195778e-02 -1.085462062935387689e-02 2.503800928930412575e-02 -2.816932488820160854e-02 -6.927037106938648513e-03 -3.014305068996144324e-02 -6.157140118643933402e-02 -3.983912416531684708e-02 -2.956527636139792345e-02 3.046505272645518014e-02 4.640646613246117089e-03 2.238619938911956542e-02 -6.582488332883434934e-02 2.987688635057322503e-02 -2.454281194202530963e-02 2.286599953526852799e-03 1.357083330531177849e-02 8.623356609174752385e-02 -1.515664833490439761e-02 -1.080257062020905691e-02 -2.291354542119400373e-02 8.733366073026044285e-02 -6.662059107848328221e-02 7.595056865463074847e-02 -4.000435706629246538e-03 -3.687760435937641884e-03 -8.090766512760605433e-02 1.218464183237631497e-02 -2.455629153786884067e-02 5.868060878992774343e-02 7.241199098331237149e-02 2.423608168394961876e-02 -8.242425837292478852e-02 8.577586744764924276e-02 1.691698626217226498e-02 -2.421967879315591737e-02 -5.670561701260621451e-02 -2.350209471364640354e-02 -4.342384662359853598e-02 -4.314892362981388729e-02 4.378199900570823450e-02 8.796083528873019711e-03 5.241274690505624140e-02 -4.399238802300758922e-02 1.604286477296722538e-02 1.997609377364815975e-02 1.565551315016372805e-02 -5.075810519244051446e-03 1.507373709016192331e-02 -5.014923119553500036e-02 1.951060053899451169e-02 2.587872994685797359e-02 4.673264600504228178e-02 2.834222658999620455e-03 -9.953891905666371193e-03 2.714326801782393148e-02 -8.172765084494585178e-03 -4.576531001676185928e-02 -6.074131808858046488e-02
-1.791281977608133458e-02 -8.219949386913516509e-02 -8.787335437226147933e-03 0.000000000000000000e+00 7.929777684657813783e-03 8.900727417253329532e-04 1.210894400045741358e-02 -9.618978114345738684e-02 3.275516223804880028e-02 5.743353859824060215e-02 2.512563383256050369e-03 -3.765353064618028045e-02 3.948176164100750118e-02 1.548106417036831592e-02 -1.269037072841684884e-02 -4.478248013801642419e-02 -4.540523991573385681e-02 1.658173063576814585e-02 -2.086214092078161539e-02 -4.797911993072938308e-02 -6.204409492603800425e-02 -1.664282192568611665e-02 1.676430445430603881e-03 -2.409791566403619856e-02 -5.121766404797730571e-02 2.660565080280813052e-02 -6.242841663604087321e-02 3.145637163456244112e-02 -4.960114801700299392e-02 2.135545636411136095e-02 6.344456126463696166e-02 -1.145189540425229323e-02 -2.239581297252429479e-02 -2.914762687067615557e-02 -9.144956432051495887e-02 -4.747455559660697377e-02 3.660742016401795362e-02 4.682521450663940793e-02 -2.140434135593051110e-02 1.484042347387036671e-02 -7.223950817317892348e-02 3.238632976185670809e-02 -1.116401616482612658e-01 3.941076919349860430e-02 -5.487289471524511852e-02 -3.542149483187130576e-02 -6.413237575843363895e-03 -8.738341908371702327e-02 -4.754310309036442750e-02 4.773115933395367938e-02 -4.791475825356944496e-02 8.519148370475246312e-02 -1.391301593047029883e-02 -3.398618503988891371e-02 2.843540894352607207e-02 3.542470669535288663e-02 3.026317852795021995e-02 3.245078133206522053e-02 6.653581536638271399e-02 -2.382842400007621417e-02 1.704299486357217785e-02 1.343255798283121000e-02 -3.687139505441020936e-03 -9.795234355337620324e-02 -9.503135992377981234e-03 7.741692073073101754e-02 -6.227320589935022438e-02 -3.773666292672897549e-02
-1.122233068831399692e-02 4.047919210198354378e-02 -7.699167230798180384e-02 7.929777684657813783e-03 0.000000000000000000e+00 -2.292209974927494551e-02 -5.106265361762337557e-02 7.161341684999733559e-02 6.349691080909641849e-02 -1.677782325166588158e-03 1.145374853671111233e-03 -5.695939906603133401e-02 -8.728340944188905937e-02 -8.708599091481853153e-04 -5.783165761772542102e-02 -4.171375348091643787e-02 7.188886018027912383e-02 -1.780627278151916335e-02 4.770309575149057901e-02 1.341788863171036825e-03 -9.697808557560211318e-02 1.135713245134041677e-01 -8.574322345535061174e-03 -3.447074623759211875e-03 2.389943071675510421e-03 -4.577764827237302755e-03 5.721521429507961387e-02 -1.679610773406477187e-02 5.358238914303433548e-02 -2.371374921731625798e-03 2.789917715173476434e-02 1.139654107298664343e-01 8.557791094765482276e-03 8.452285883740477679e-02 5.801599836625487283e-02 1.888991572400154986e-02 -9.984267124583791342e-02 3.541796046815025301e-02 -8.122197494155910039e-03 -7.807344885477893182e-02 -4.308539445870944451e-02 1.033080392964030913e-03 1.381860742244700284e-02 4.912116709036523643e-02 -1.642956194444814000e-02 1.748058147191040163e-02 8.495305681424153085e-03 -5.989697911786745488e-03 7.332143805616661569e-02 2.241626344132284857e-02 -3.497487028900286149e-02 -3.108211080505620533e-02 -4.460833134552459611e-02 1.570106325790071242e-02 1.663201387776007401e-02 -5.336117437330609864e-02 -8.604301426234196859e-02 -1.621463276388143563e-03 6.091941435112051967e-02 -4.107896842907434592e-02 -2.916992383576561335e-02 -2.910895110247986237e-02 -7.572374290275105113e-02 -2.085770877728124889e-02 8.746533268379177994e-02 7.171881604361787788e-02 1.481413799616622048e-02 2.578355016571232811e-02
3.588183284669194811e-02 -4.846822154884796591e-02 1.284851436821803639e-01 8.900727417253329532e-04 -2.292209974927494551e-02 0.000000000000000000e+00 6.979329355636895715e-02 3.809045798797169174e-02 2.452197045245391865e-02 4.045692629880102975e-02 1.944822385270406420e-02 7.016826922278632250e-02 -8.298313973200808005e-03 -3.432418648138312739e-02 -1.280486074783908530e-02 -5.784757798013435287e-02 -2.775197201867261182e-02 5.552207956930566013e-02 2.792125719215193466e-02 6.983038337055895439e-02 2.948501476222986986e-02 1.131214023379678579e-02 5.935647701238377753e-03 5.693329597558805660e-02 -5.964507242753756822e-02 1.106110624575710744e-01 1.368965458809149639e-02 -4.332757888382694073e-02 1.952249374141068255e-03 -3.208891479937024671e-02 3.442477554020861169e-02 4.646622659593053345e-02 -6.010144816536965029e-03 4.609197072118389159e-03 6.202413401353084471e-02 -3.138291522364292097e-02 -4.447666209083643574e-02 7.113028267611697965e-03 5.657652104132478155e-02 1.121768548768053118e-02 1.353305196820157319e-01 2.747347855906308658e-02 1.162404183913865081e-02 -3.275185615534233902e-02 -9.810692913063356890e-03 -5.377754289347364686e-02 4.731229895477411657e-02 8.539543537158464370e-02 -7.201455030085417153e-02 -5.991581208880030623e-02 -2.282824401281693342e-03 -4.953775136109381250e-02 1.807382688482302158e-02 8.279180638505570511e-02 -6.358425849614371406e-02 7.159223044263383906e-02 4.008219894201631162e-02 5.341820724868505225e-03 1.454430463396443052e-02 -3.625471662066900858e-02 3.185911722172177912e-02 2.867476055975069944e-03 -6.191441749283771445e-02 3.088969258210125940e-02 4.091968196837555277e-02 2.452817429273221328e-02 -1.976916812312094762e-02 3.348186909935040251e-04
2.825112305663648668e-02 -5.522327839787950082e-02 1.241185724017930536e-02 1.210894400045741358e-02 -5.106265361762337557e-02 6.979329355636895715e-02 0.000000000000000000e+00 -6.262087641732762278e-02 2.459538272834183893e-03 3.582254469602993985e-02 9.788740934783947065e-03 1.021206899630693332e-01 2.379813828906020626e-02 8.955671604260910523e-02 -3.331391472642408758e-02 -8.204839118296681708e-03 1.211237958363941582e-02 4.550577142765295513e-02 9.589503889995597274e-02 2.393776192317144738e-02 2.626806455046777362e-03 2.944898683601826841e-02 -5.781749272256417327e-02 3.446606317018785504e-02 -1.888856056137714137e-02 2.126947135483091972e-02 -5.036394011651063041e-02 1.973361656399734432e-02 6.349917072202593271e-02 -1.141700058218564073e-01 9.559684256838275190e-03 -6.411171478000477972e-03 4.589117197357196754e-02 -4.080831746391191950e-03 -2.348644502380545923e-02 1.624647481153890585e-02 -2.476536973322911520e-03 -3.175285772334254797e-02 2.164253047218239398e-02 -5.331435424002290563e-02 -1.506724086516123690e-02 -4.763772882803475606e-02 2.864801053935209230e-02 -1.627016391543516585e-02 2.692773837678047455e-02 -3.407636945508089182e-02 7.251454707059452887e-02 4.703444179151381604e-02 -4.582583768062613999e-02 7.596648184658670588e-02 3.076178371960708313e-02 -3.958690248603199263e-02 6.686066137934875385e-03 -5.783982415319753601e-02 9.344210244827848288e-02 8.451012073123187127e-03 2.729583543379071262e-02 5.058877905539968349e-04 2.889023089331435243e-02 -7.293742464532740333e-02 5.036070985766685770e-02 8.645028330580069309e-03 7.857301052675304265e-02 -1.593889545519743337e-02 -7.725351859393689291e-02 -2.650472657861464160e-02 8.608534625326408340e-02 1.916503667424866025e-02
-3.903624675979465615e-03 7.228478126896291205e-04 5.484961970333596115e-02 -9.618978114345738684e-02 7.161341684999733559e-02 3.809045798797169174e-02 -6.262087641732762278e-02 0.000000000000000000e+00 1.007256990695917613e-02 -1.093370078950782649e-02 4.432298412009341021e-02 -6.942093785924204064e-02 1.846349080402466883e-02 -4.571966268984910091e-03 1.763202127567676386e-02 1.460303877249508964e-03 8.416986343330039311e-03 5.638656549826175611e-03 1.489098694282377580e-02 -4.471029607729487543e-02 8.423433786280217286e-03 -6.275935937175013135e-02 6.798562270932334561e-02 -1.410100393942194039e-02 4.930848689266639773e-02 -3.397862440918595489e-02 -9.232690096574024813e-03 8.961862797196257224e-02 -5.851264397301324770e-03 7.041190429230662073e-02 3.553184717976390350e-02 3.154385983947674554e-02 1.299115309933989706e-03 8.927377945050631036e-02 -5.037207663014227343e-02 -6.191262626740252906e-02 -1.000109101769555003e-01 -1.415957990206193236e-02 1.959515942137640340e-02 3.566554168594383151e-02 3.748973927605943335e-02 -4.575497951245814654e-02 -2.436006753961754683e-03 3.658272022233802212e-02 4.804871592885476272e-02 -9.213954955190175114e-03 -6.559358242746585188e-02 2.764420606079608794e-02 -1.028785417124067347e-02 -1.335553369079054906e-02 -3.629263067605744547e-02 -9.634521886812989419e-03 -5.900373885212201186e-02 7.483532958712481135e-03 1.066527256778936061e-02 3.641936550087140206e-02 -4.344288607150172121e-02 7.014058074878896931e-02 -9.283780167199518060e-04 -5.403834360199270131e-02 1.061243491034195158e-02 6.906993120726456770e-02 2.478468615720481188e-02 -1.796166391606336850e-03 -3.168319624357012008e-03 -1.287685940385776551e-01 3.856332029650463844e-02 -6.387748510184026486e-03
3.596086011151733430e-02 6.015792413311036452e-02 -3.149061307797022119e-02 3.275516223804880028e-02 6.349691080909641849e-02 2.452197045245391865e-02 2.459538272834183893e-03 1.007256990695917613e-02 0.000000000000000000e+00 8.336612618318589227e-03 -5.120435152396830142e-02 -1.328660550591332246e-03 -3.842626584612836987e-02 1.886314792793867406e-02 1.205489406149762299e-02 -2.708833613604420473e-02 -1.132828791327775142e-02 -1.703118017854909905e-02 3.472604118644185417e-02 2.543827360040360613e-02 8.768317164786423520e-03 3.376923387161725326e-02 -7.451723070653706350e-04 1.243212421832179046e-02 2.475693527854694320e-02 -4.555759678339429963e-02 -1.515446418243602267e-01 -2.019153850407469364e-02 -3.825122144636883964e-02 -6.898935828771811385e-02 1.820146564442130452e-02 -3.978723894783333347e-03 -5.265749199524574070e-02 -1.113972641272083057e-02 4.257140640876402871e-02 9.473851336371530429e-02 -5.886825087754876673e-02 -6.426848180988381509e-02 -3.708212868082293168e-02 -3.996901175902801973e-02 -8.107740894568697329e-03 2.842607158130093688e-03 -2.913186497585656606e-03 -9.563173976223010575e-02 2.194493377418544472e-02 4.600551242082636522e-03 6.975736155037522146e-02 5.532921028555973925e-02 -2.512340314318975767e-02 -8.659133103055426019e-04 -1.179631670378584879e-01 -3.749133631003320061e-02 1.066753919789268784e-01 -9.548088689539491192e-03 9.319060383537311823e-03 6.989536802993391584e-02 -1.865755923417352843e-02 9.864400140341818626e-03 1.048235052697307594e-02 7.723317677829628913e-02 -9.598252577601000535e-02 -2.839962147892653027e-02 6.328169973090133626e-02 -4.018090304658165218e-03 -4.597725104605855651e-02 -2.447443814423956761e-03 3.433947401973457686e-02 -6.486716163398900670e-02
4.109907222824065072e-03 -5.205367083305475345e-02 -4.970546042585195778e-02 5.743353859824060215e-02 -1.677782325166588158e-03 4.045692629880102975e-02 3.582254469602993985e-02 -1.093370078950782649e-02 8.336612618318589227e-03 0.000000000000000000e+00 5.185694441707206642e-02 1.622032620748230236e-02 -4.134881164750715821e-02 5.460731478474185191e-02 8.053727352597555428e-03 -2.433811604405654305e-02 -5.993380653277693981e-02 -6.174049351016534445e-03 7.465988559756467531e-03 3.047365981668230528e-02 8.947701325421608676e-02 -7.387904506769694957e-02 -5.622226669455575310e-02 8.405191571283640584e-02 -2.945972208292022671e-04 -5.934340554460558470e-02 1.013393031941495215e-02 3.478539907005240989e-02 -2.960870384003065625e-02 -2.197481663234700927e-02 -8.294372308900826302e-03 -2.216067227291987699e-02 -2.956627853781614718e-02 9.874451500912727331e-03 6.588133902188908486e-02 -3.581504825894991223e-02 2.255730490660396922e-02 -3.478392142164785095e-02 -6.115308604329151854e-02 -4.132270853677449951e-02 5.057760294989712031e-03 -9.716452906962620706e-02 -1.286122274006124833e-01 3.752425402714579250e-02 -2.342533170807000603e-02 3.759579522237245508e-02 -2.051934884862168657e-02 -4.482602388759208967e-02 -7.348967482385521111e-02 -1.349548064865741318e-02 -4.278041078107266276e-02 -5.550144122095528043e-02 5.230701415545140759e-02 -5.004501822655488957e-02 -2.299193420041404506e-02 -2.931465168786866540e-02 -3.507104541237669737e-02 9.971000576987210443e-03 2.151738385167873205e-02 1.336884960681814644e-02 -3.579348374110435244e-02 3.124138541721654342e-03 -8.284189211887429960e-02 -4.105058786655273878e-02 4.011932910630829768e-02 -2.441542249260729089e-02 -5.264492487178144137e-02 -2.712564473782952054e-02
-3.326569357069118077e-02 -4.069678823022979813e-02 -1.085462062935387689e-02 2.512563383256050369e-03 1.145374853671111233e-03 1.944822385270406420e-02 9.788740934783947065e-03 4.432298412009341021e-02 -5.120435152396830142e-02 5.185694441707206642e-02 0.000000000000000000e+00 2.553929803497248519e-02 -4.590650141089930303e-02 5.285914627925478865e-02 1.519251535036431414e-02 9.151405649042598789e-02 -9.878609203399205119e-02 1.489934837695103265e-02 9.618993152730258289e-02 6.319832300838464090e-02 -1.007783173067854504e-01 -1.104477505715780947e-02 7.877853319508801300e-02 -1.354752145967864398e-02 3.701643495151030888e-02 7.026418820330909698e-02 -4.421955607809970046e-02 -3.758265713768505021e-03 6.211564298269163509e-02 -1.626482308456708020e-02 -9.832734944947980893e-02 2.247669597205818187e-02 2.344281172162256469e-02 9.286202095154673375e-02 2.451993958607714616e-02 -6.761151078339236453e-02 2.703651822812343924e-03 1.195087860072416644e-02 -2.026305734763797148e-02 2.449637072555319040e-02 -5.075887894532640082e-02 5.897208535992646411e-02 3.542538300143995011e-02 5.673804756465676558e-02 -3.973828173484877241e-02 -4.164348127395591653e-02 5.737635349006482005e-02 1.291679200900826968e-02 -6.029581999858766445e-02 4.011727372029486038e-02 4.977907503649366301e-03 -1.989230843682205513e-02 -4.772782972670212148e-02 6.373602856135469896e-02 -9.564147464340033711e-03 -2.976754423999454155e-02 -3.321057547926174053e-02 -8.540683634896096069e-03 -5.399626264715282065e-02 1.823222874014424413e-02 -1.788486149004540199e-02 -4.516908521628425210e-02 1.816252679335351181e-03 4.175872421475278901e-02 -1.674018667895749504e-02 3.959811077648273114e-02 -8.817271793747899489e-02 -5.315789035024210546e-02
4.715157471568029446e-02 1.681793048650054041e-03 2.503800928930412575e-02 -3.765353064618028045e-02 -5.695939906603133401e-02 7.016826922278632250e-02 1.021206899630693332e-01 -6.942093785924204064e-02 -1.328660550591332246e-03 1.622032620748230236e-02 2.553929803497248519e-02 0.000000000000000000e+00 1.081070050875504625e-02 3.277441186123217221e-02 -1.289577311728043116e-02 -3.489034845546399449e-02 -4.011155427935690632e-02 2.021600217018171275e-02 5.878113852449160653e-02 -3.878548194928702758e-02 -1.982264000526302167e-02 -6.622847250621581583e-02 3.473930275430787279e-02 2.907276718219687847e-02 -3.593571514148772948e-05 -2.408582284567177892e-02 1.518574314267456815e-02 -4.325883250772218080e-02 6.597106054180300327e-02 -1.663623140324650349e-02 -6.358266787583571888e-02 6.041820760944201923e-02 -6.875831892948285062e-02 -4.766880826220952147e-03 6.729185773975081275e-02 -6.380467165317017797e-02 -5.040823885643217622e-02 -1.686329537096206352e-02 2.618937134006829245e-02 -9.450430744960219842e-02 2.960042979834431875e-02 -3.794206138928405553e-02 -4.389327584609321181e-02 -3.676595671833537537e-03 8.746917948200774728e-02 8.367621204776481969e-02 2.060157474425369437e-02 -6.626059518440165219e-02 4.006311484057859668e-02 2.150561988783901077e-02 -8.489888598119121887e-02 4.739631401917001642e-03 4.217786789964652477e-02 7.367043426296859820e-02 -1.342639327905331866e-02 2.094954617499506996e-02 -1.058672789906055095e-01 -1.937414667202824736e-02 -1.282686021222216935e-02 -2.597528972496777888e-02 2.986289338409659627e-02 -5.726108608204954348e-02 4.275616194286871452e-02 5.868430630884711660e-03 -4.225768074858610168e-02 -1.184832211241338210e-02 -8.175937779988315390e-02 9.799257864025209819e-02
2.151795315985884777e-03 8.428732031613900277e-02 -2.816932488820160854e-02 3.948176164100750118e-02 -8.728340944188905937e-02 -8.298313973200808005e-03 2.379813828906020626e-02 1.846349080402466883e-02 -3.842626584612836987e-02 -4.134881164750715821e-02 -4.590650141089930303e-02 1.081070050875504625e-02 0.000000000000000000e+00 -3.360320474126065465e-02 3.102407384089895734e-02 6.527830627955222287e-02 -5.073867616348756021e-02 -6.078344464993793578e-02 -1.871950059221411111e-02 -1.191167691502908049e-01 -4.336459223469464608e-02 4.220092243830898815e-02 2.370333344738264833e-02 -3.413202278750431320e-03 -4.017295240986416133e-02 3.679403317515343025e-02 -5.229160711995511218e-02 -1.637677249878326941e-02 -8.718070536260516534e-03 2.871655982095851559e-02 2.338642893158076122e-02 -3.548825498980145293e-02 -2.586366231617610173e-02 2.638263982340036205e-03 2.267813628657735277e-03 2.856895071217404117e-02 1.338233638682048976e-01 9.637238682604537532e-02 -4.306283267228733225e-02 -4.046575600855256000e-02 -6.651125702151395973e-03 -2.542962577005352526e-02 -7.190151959726386044e-02 -4.525970762063742658e-02 -1.504122287252492585e-01 -2.113734849884168349e-02 -6.197078454627182216e-03 -1.135450355750793582e-02 -2.842958859980594319e-02 -1.262586355409212324e-01 -2.901385097324126264e-02 1.680071396819643112e-02 -8.385514778427820629e-03 -6.908242184153080834e-02 -3.092052405575864207e-02 5.859035622996124591e-03 1.159111603312110855e-02 2.969191551119625475e-02 -1.122216605072234447e-01 -4.692022608754884555e-02 6.308013918060538516e-02 6.440580295094272545e-02 -2.480387872905573735e-02 8.346644886253621123e-03 -5.135824038344184717e-02 -4.441625924212556226e-02 2.305210408450817511e-02 4.198944220345320055e-02
-1.170860965682576395e-02 -7.568444919259792458e-02 -6.927037106938648513e-03 1.548106417036831592e-02 -8.708599091481853153e-04 -3.432418648138312739e-02 8.955671604260910523e-02 -4.571966268984910091e-03 1.886314792793867406e-02 5.460731478474185191e-02 5.285914627925478865e-02 3.277441186123217221e-02 -3.360320474126065465e-02 0.000000000000000000e+00 3.361513720319462412e-02 2.026477609123632576e-02 4.138230411672474962e-02 2.431784540890441146e-02 6.879167176664857664e-02 4.935353139498959221e-03 3.429427842411062605e-02 1.568943684231377880e-02 -3.736111223078857763e-02 1.111728832564832159e-03 1.302918261536037230e-02 8.817932707379801116e-03 -3.354312215803633562e-02 -1.442014021435623905e-02 6.015359561165060237e-02 3.595247097929916546e-03 -5.850407691276433841e-03 -3.602073904798368253e-02 2.694148960840590107e-02 8.661227011529513964e-03 2.744672706892759342e-02 -4.394056369565314812e-02 -3.660917427269765045e-02 3.121106326741511852e-02 1.789987166629566917e-02 -2.705008756792568955e-02 -5.989808638508831856e-02 -3.015942574352504374e-02 -2.909631813850112325e-02 2.626639169574431984e-02 8.644532137656465998e-02 2.803939447947075350e-02 1.605801926055919898e-02 -1.099653729826560178e-01 5.661567687472911919e-02 1.230276294612064197e-02 2.864835079048997854e-02 -6.631613234087838050e-04 -1.331529549076026359e-02 -8.291368175724096734e-02 -4.956628866616308478e-03 4.589474181768615074e-02 -2.980171486118407889e-02 3.701369798506676939e-02 -6.310894569572303436e-02 -9.234302395596234378e-03 -3.959751345098783820e-02 -4.483754560113565463e-02 7.296858573571235462e-02 -1.158992461660772189e-01 -1.483553944646988018e-02 -2.229943006096965497e-02 -5.852626932387611225e-02 -6.534777439110715791e-02
-5.060358920643701075e-03 -3.129612888641165186e-02 -3.014305068996144324e-02 -1.269037072841684884e-02 -5.783165761772542102e-02 -1.280486074783908530e-02 -3.331391472642408758e-02 1.763202127567676386e-02 1.205489406149762299e-02 8.053727352597555428e-03 1.519251535036431414e-02 -1.289577311728043116e-02 3.102407384089895734e-02 3.361513720319462412e-02 0.000000000000000000e+00 -2.691682248875922057e-02 -1.964533121949535791e-02 -6.878864549043264831e-02 -3.423921352761398473e-02 -2.994117732739529428e-02 7.162459970713422330e-02 3.922531158063469192e-02 -6.237375973464052287e-02 8.861237813279741748e-02 3.393984409166408284e-02 3.306444461055796369e-02 -6.790494053579128331e-02 -5.311254656889362324e-02 4.996356877569585464e-02 1.603405384565083358e-02 2.413681175942338983e-02 -8.413429211005037101e-02 2.938203477984848919e-02 5.259432339102270565e-02 6.830972604066207210e-02 -2.040984613540990436e-02 -1.110487011707982780e-02 2.374716116900066690e-03 -8.424348309870989537e-02 -3.685743307810603053e-02 -2.349761192007982641e-02 -4.488399205528758457e-02 -4.745798586281047698e-02 -5.358003604691005672e-02 -5.739189976551511280e-02 4.334404679001641753e-02 7.511824300612694738e-03 5.611656969595252287e-02 9.742766363969533258e-03 1.876459406591439449e-02 3.240582681987753955e-02 2.020836253614417127e-02 1.794626558672658342e-02 9.255432928762791570e-03 4.481967134862657048e-02 -1.787360558115815706e-02 4.409488397489057243e-02 -2.703370080294122124e-02 6.951732523504143210e-03 3.486841380506856825e-02 -8.760059394172883818e-02 -7.670728615607334822e-02 -8.825756243834567694e-02 6.877960582407142975e-02 -4.007212828041425978e-02 -1.291648535133997633e-02 -6.887772925330137852e-02 -7.130984214279159628e-02
-7.022532049682315980e-02 5.985113888100778920e-03 -6.157140118643933402e-02 -4.478248013801642419e-02 -4.171375348091643787e-02 -5.784757798013435287e-02 -8.204839118296681708e-03 1.460303877249508964e-03 -2.708833613604420473e-02 -2.433811604405654305e-02 9.151405649042598789e-02 -3.489034845546399449e-02 6.527830627955222287e-02 2.026477609123632576e-02 -2.691682248875922057e-02 0.000000000000000000e+00 2.036903713215757958e-02 -2.263919902746606982e-02 -7.165521662960905314e-02 -8.636236305044654726e-03 1.097110704244742413e-01 -2.292075575235054744e-02 5.112697405569965881e-02 -9.308894265943522262e-03 -6.011030989409552744e-02 3.710375524402256125e-02 4.508743738013114982e-02 1.051139710694803941e-02 5.305065683115383485e-02 1.718089118717086583e-02 -7.593086066627359465e-02 1.152306106141365999e-01 2.373492847017744101e-02 3.579757773622297551e-02 -3.427251388268894115e-03 -2.208825343150032372e-02 2.397615620425535762e-02 6.873994714111536508e-02 9.650712928500606788e-03 -1.138270447546599895e-01 1.022029203446027934e-01 7.799405393722490254e-02 2.419562826654008889e-02 -3.199312477456560389e-02 -1.440369689626483096e-01 -3.254851721334144077e-02 -2.198837692503081281e-02 1.653952088715272134e-02 -5.620544373184128972e-02 -2.504312820467392495e-02 3.574638258591669726e-02 5.529341860957867616e-02 -1.043006369442511516e-01 3.383416799440466111e-02 -3.242712121135640779e-02 2.622892566286131460e-02 1.211141905489515440e-02 2.190039786868400520e-02 -1.366730791586360898e-02 3.181185302639216034e-02 4.119866217286782817e-02 -7.597951973299061496e-03 -4.915890169898633894e-02 -3.600271718001795546e-02 -5.695392857391225888e-02 8.897681584273020583e-02 -3.287965626780128825e-02 -2.400182263983891354e-02
4.087777307648360337e-02 7.665693777887296056e-02 -3.983912416531684708e-02 -4.540523991573385681e-02 7.188886018027912383e-02 -2.775197201867261182e-02 1.211237958363941582e-02 8.416986343330039311e-03 -1.132828791327775142e-02 -5.993380653277693981e-02 -9.878609203399205119e-02 -4.011155427935690632e-02 -5.073867616348756021e-02 4.138230411672474962e-02 -1.964533121949535791e-02 2.036903713215757958e-02 0.000000000000000000e+00 2.333073541398475101e-02 7.586864054791067104e-03 3.464522873807321032e-03 2.997481409994851020e-02 -4.448198069862854646e-03 -6.192676095623986243e-02 3.360415465697196014e-02 7.022859330701654301e-02 -4.948490122652292669e-03 2.359776367566409835e-02 2.704982341408777510e-02 3.409951462693220151e-03 3.752310159998029082e-02 7.509286830942922542e-02 -2.164724065470618759e-03 4.101295927544223313e-02 -5.377239760646221160e-03 9.114574481689165231e-02 -1.623745886465199429e-03 -4.409562362190737328e-02 -5.564948212632242486e-02 -5.640200181471636404e-02 -1.892225231078709449e-02 4.183517980886265059e-02 4.451975432345355033e-02 7.022154742941887073e-02 -3.094125219239408919e-02 9.516797569478138707e-02 4.170134070891367249e-03 -7.099242718969583053e-03 1.115566253773341010e-02 5.663297132826158875e-02 -5.671985220817164081e-02 -7.396797776245855882e-02 -3.463916777394175119e-03 -3.152842614762345341e-02 1.779541994620213383e-03 -5.050611658445164354e-02 -4.767084595012768128e-02 3.618243568190675219e-02 5.532286946150977158e-02 -2.145794735743047563e-02 -9.225181414607559749e-02 1.659772727157864851e-03 7.984073244633382860e-02 1.254817169195425637e-02 -4.137568389221724097e-02 1.286925703957639755e-03 -1.102408480462320310e-02 -1.721064185188248691e-02 1.363069914552225139e-03
4.422126311683736988e-02 5.814612989513032876e-02 -2.956527636139792345e-02 1.658173063576814585e-02 -1.780627278151916335e-02 5.552207956930566013e-02 4.550577142765295513e-02 5.638656549826175611e-03 -1.703118017854909905e-02 -6.174049351016534445e-03 1.489934837695103265e-02 2.021600217018171275e-02 -6.078344464993793578e-02 2.431784540890441146e-02 -6.878864549043264831e-02 -2.263919902746606982e-02 2.333073541398475101e-02 0.000000000000000000e+00 -4.912424252177361589e-02 -1.270445161776708465e-01 7.096259361351574257e-02 8.012479461292716567e-04 4.749078959701696218e-02 -3.431966200172657105e-02 -5.936529805830965262e-02 1.742391701813787719e-02 -6.984075415169760381e-02 2.855295113831536960e-02 4.160881141868393723e-02 5.865129085130483394e-02 2.077265381318828610e-02 6.274950783625100892e-02 -2.042573854171669465e-02 7.497283294974690926e-02 -1.118687370477105397e-02 5.481940148975205512e-02 8.975764554412249407e-03 1.017055943918531092e-04 1.072046492471774061e-02 4.022377539372250926e-02 -1.427256810266433647e-02 -2.136671210567032703e-03 3.550881161112955098e-02 -1.158453770546287107e-02 5.590318069133457662e-02 2.726965674009582119e-02 5.884065679505250807e-02 -8.259952026174006978e-02 1.831614602891030660e-02 -4.242830544056512554e-02 2.900917511028058837e-02 -4.423655249278354157e-02 7.592990755508667589e-02 3.582979197989641373e-02 1.781150535747552319e-02 9.512675035953170599e-02 2.713176028980088250e-02 -1.711224475366352610e-02 -7.039283983351431878e-03 -1.627638605887734083e-02 3.513608505563318996e-02 -3.342480083541173735e-02 -3.826853324708911347e-02 -2.713838817292783465e-02 7.355187559413897680e-02 6.082757085478673192e-02 3.244370706740364735e-02 6.454623213264482073e-02
-3.700164756608842476e-02 -3.137584756876948822e-03 3.046505272645518014e-02 -2.086214092078161539e-02 4.770309575149057901e-02 2.792125719215193466e-02 9.589503889995597274e-02 1.489098694282377580e-02 3.472604118644185417e-02 7.465988559756467531e-03 9.618993152730258289e-02 5.878113852449160653e-02 -1.871950059221411111e-02 6.879167176664857664e-02 -3.423921352761398473e-02 -7.165521662960905314e-02 7.586864054791067104e-03 -4.912424252177361589e-02 0.000000000000000000e+00 -3.635748826084755914e-02 2.099324604066202509e-03 5.287284264748133740e-03 -4.163069994626996534e-02 -3.992223530660930775e-02 1.515001464774117998e-02 4.379632728668181318e-02 -1.003054877072063512e-02 -2.296300021682799730e-02 1.247287282287732300e-02 3.330780696924269535e-02 6.921475000832460686e-03 -7.199849334922611699e-02 -4.060625459689583966e-02 -4.301578357320074569e-02 -8.866211119783735592e-03 -1.015546590561718088e-02 -2.139878332710511838e-02 5.023297438204028104e-03 -7.023067429841128861e-02 3.631802239528099385e-02 1.027025933521477988e-02 -3.134223552149171393e-02 1.292551946679381183e-02 1.082909711257877133e-01 4.891930164652900231e-02 8.728536369596026634e-02 3.792542248094846885e-02 -2.438185727638565281e-04 -4.476501284214011445e-02 -4.249306434456299499e-03 -2.632666520772455887e-02 -3.322465150907189663e-02 1.577733912260357099e-03 1.792360208409838826e-02 6.513814269240103538e-02 2.010843246657954483e-02 -1.778388230159067829e-01 -9.259317242696991912e-02 4.265416515325040625e-02 -6.268726245291146582e-02 -1.258792880631227559e-03 -3.185602335719735223e-02 5.439022339787152882e-02 1.279475106001336585e-02 5.716476387117594427e-02 2.963889512952254390e-02 -4.540037780652114718e-02 1.652452553825761727e-02
6.149040128964287921e-02 2.108513470915509419e-02 4.640646613246117089e-03 -4.797911993072938308e-02 1.341788863171036825e-03 6.983038337055895439e-02 2.393776192317144738e-02 -4.471029607729487543e-02 2.543827360040360613e-02 3.047365981668230528e-02 6.319832300838464090e-02 -3.878548194928702758e-02 -1.191167691502908049e-01 4.935353139498959221e-03 -2.994117732739529428e-02 -8.636236305044654726e-03 3.464522873807321032e-03 -1.270445161776708465e-01 -3.635748826084755914e-02 0.000000000000000000e+00 -1.809117654546639822e-02 -5.978680320999638781e-02 -2.485097791667394834e-02 -2.428174647293093735e-02 2.355301707337450340e-02 -1.164163064807565220e-02 8.512853002619968912e-02 5.223366599440260050e-02 -7.303959639636548040e-02 -4.228130730545022996e-03 1.272086351286146240e-04 2.050874645260017393e-02 1.828561553557288798e-03 -1.053054532131959993e-02 5.802763165375784266e-02 2.228642230414426204e-02 -7.349485026247520869e-02 -4.534770589243092981e-02 1.236718260056229694e-02 -1.486979379846446910e-02 4.482165512642866806e-02 -4.700255922782016482e-02 1.510834041368871311e-02 1.668477410225192165e-02 1.371277901193840125e-02 -4.103593968872052550e-02 3.506108582153054376e-02 -5.092517657798809744e-02 3.097763277693788009e-02 4.028881342427668988e-02 5.576596262267165954e-03 -4.008490497632141714e-02 4.120966522162033963e-02 -4.228884688052880758e-02 2.632157462116481439e-02 -5.847855071674888661e-02 8.529716237002382684e-02 2.297585950014700146e-02 -7.584083264507837652e-02 6.462241865195461621e-02 6.677100007586102282e-02 -8.226896730529756341e-02 -2.335416398689583398e-03 3.112648110919731710e-03 2.921201004834319062e-02 5.095115868717842167e-02 4.425830690184547056e-02 -1.428326591017340524e-02
3.048185439794805912e-02 9.681250956880796399e-02 2.238619938911956542e-02 -6.204409492603800425e-02 -9.697808557560211318e-02 2.948501476222986986e-02 2.626806455046777362e-03 8.423433786280217286e-03 8.768317164786423520e-03 8.947701325421608676e-02 -1.007783173067854504e-01 -1.982264000526302167e-02 -4.336459223469464608e-02 3.429427842411062605e-02 7.162459970713422330e-02 1.097110704244742413e-01 2.997481409994851020e-02 7.096259361351574257e-02 2.099324604066202509e-03 -1.809117654546639822e-02 0.000000000000000000e+00 7.729854869350814839e-02 5.584778368784457103e-02 5.485811935316380061e-02 -4.441933447492777548e-02 1.839981303607054076e-03 5.777697477874991355e-02 6.144050766046279220e-03 -3.609573034040667455e-02 5.560945758067756262e-02 -1.464927041984248612e-02 7.098927461695039853e-02 2.721237492204239827e-02 -3.597899157317109575e-02 -9.517687288640986482e-03 1.854528964023482605e-03 5.312015640708651204e-02 -3.291942421428043636e-02 5.196754062718616368e-03 1.659268157579514569e-02 7.171970797511752205e-02 -9.822344191791223741e-03 -9.347088783391196976e-02 7.692548936472292515e-03 4.268703041557991157e-02 1.496769044672335500e-03 -2.872545582265200251e-02 2.795839116223278534e-02 2.315059471462362105e-04 -6.871766993725755834e-03 -1.507307076696282229e-02 -2.188712509463341949e-02 -5.309358382686678313e-02 -7.049095761515334312e-03 -9.695308306693411690e-03 2.905369427237890212e-02 7.496746501294131171e-02 -3.497133211137995468e-02 2.615301680439752890e-02 3.351180601684104060e-02 4.038082729688650778e-03 -3.269471735688682379e-02 -1.029918358246857679e-02 -3.772500562035977639e-02 -2.353174988860763650e-02 -6.149087254684542508e-02 2.266955748687007194e-02 2.627854001136025082e-03
1.749674197690001889e-02 4.480169496979703736e-02 -6.582488332883434934e-02 -1.664282192568611665e-02 1.135713245134041677e-01 1.131214023379678579e-02 2.944898683601826841e-02 -6.275935937175013135e-02 3.376923387161725326e-02 -7.387904506769694957e-02 -1.104477505715780947e-02 -6.622847250621581583e-02 4.220092243830898815e-02 1.568943684231377880e-02 3.922531158063469192e-02 -2.292075575235054744e-02 -4.448198069862854646e-03 8.012479461292716567e-04 5.287284264748133740e-03 -5.978680320999638781e-02 7.729854869350814839e-02 0.000000000000000000e+00 4.194262854386831066e-03 7.190817248468562087e-03 3.637843793022432770e-02 5.765335299998024937e-02 -7.388892581772972534e-02 -2.261393164081066179e-02 8.963142710885642350e-02 -8.367372955372547050e-02 -1.241867961760692238e-02 -1.197432962934886873e-02 6.004525347641787025e-02 5.464618137170977608e-02 3.065529903547465577e-03 3.483351208440388369e-02 -2.556158775800188368e-02 8.374822004763122704e-03 -7.041510347379436804e-03 -2.126404478133218229e-02 -8.937846799973483969e-02 -2.013898030977952225e-02 -3.283662144782675818e-02 2.524298243562906469e-02 4.518706258392849590e-03 -3.392092424404453965e-02 -2.066163562993326291e-02 8.563511292070973002e-02 -3.199947477971535584e-04 3.400007165892496297e-02 5.258523207443800696e-02 -5.576228691839115598e-02 -5.079468391034495239e-02 -3.222855579961327391e-03 5.538182668897720373e-02 5.054305464464480153e-03 -3.926054394171816370e-02 -5.440363041767777574e-02 -5.993517059669207364e-02 -2.665945883545349157e-03 -2.877738917874174407e-02 -2.491470808363973818e-02 1.093496511250567280e-02 -1.850259877996060509e-02 4.082172488058039006e-02 -1.611496980714942698e-02 3.911369969714031947e-02 7.714042501923150386e-02
3.053906938522429546e-02 -3.509100266051241607e-03 2.987688635057322503e-02 1.676430445430603881e-03 -8.574322345535061174e-03 5.935647701238377753e-03 -5.781749272256417327e-02 6.798562270932334561e-02 -7.451723070653706350e-04 -5.622226669455575310e-02 7.877853319508801300e-02 3.473930275430787279e-02 2.370333344738264833e-02 -3.736111223078857763e-02 -6.237375973464052287e-02 5.112697405569965881e-02 -6.192676095623986243e-02 4.749078959701696218e-02 -4.163069994626996534e-02 -2.485097791667394834e-02 5.584778368784457103e-02 4.194262854386831066e-03 0.000000000000000000e+00 -2.533135774108828675e-02 -2.516732646516874061e-02 1.930700029564169640e-02 6.898450615014102560e-02 -6.088762180449571251e-03 1.607007811164140598e-02 3.279269287335103561e-02 -5.592720636300382159e-02 1.137811523174106845e-02 1.581672044144364492e-03 -7.583726091267938008e-02 -4.643860473426821012e-02 -6.924871853968059265e-02 6.142464502450002868e-03 2.752756303757236678e-03 2.948375484975698790e-02 6.224631269327297878e-02 5.517997325920524082e-02 2.466956210913140782e-02 4.760527747336226051e-02 2.120560825958385867e-02 -3.584934204302791388e-03 2.932323766390306993e-02 6.226830848713343219e-02 2.421649230396905744e-02 -8.670524535150216441e-03 1.605718076465275160e-02 7.481029013244733239e-02 4.163244830405538055e-02 1.217104572269749607e-01 2.176620815519800939e-02 3.402919720531488029e-02 8.694903366736464467e-02 3.761251301086141613e-02 -1.981260412859245021e-02 -6.629618556617934352e-03 1.418766091680934323e-02 4.865101527577048862e-02 3.797421622295377858e-02 2.433849506860241707e-02 -2.327703773093438636e-02 -7.749307386027105837e-02 -5.434753697392313149e-02 4.063239632899284109e-02 2.785364707368486598e-02
