1.000000000000000000e+00 2.560482026347833950e-01 4.077103413732420800e-01 3.601338011086731017e-01 3.551116282910588007e-02 3.650710164236460331e-01 3.051776597141704905e-01 2.644201410762172522e-01 1.079220107826153185e-01 3.885218675988899029e-01 2.954536895749577674e-01 4.112851975599921550e-01 1.587954093778058406e-01 4.698002728136704276e-01 1.289711332315218451e-01 2.020163110676269635e-01 5.331679354089149392e-01 3.407790924357592122e-01 5.144812732195336302e-01 2.914972619270953524e-01 3.285746873273879265e-01 2.360958943991821601e-01 4.217349919126325286e-01 1.928793227077968686e-01 1.588419748757339545e-01 3.517762489433343687e-01 3.808201758804764525e-01 1.989473744575177006e-01 5.741889980942741500e-01 2.455902463852224771e-01 1.639617223385309019e-01 1.022490900486235088e-01 1.953286559132887124e-01 2.570781224391199826e-01 4.571589816028972519e-01 1.592281137296922833e-01 2.132231280694537601e-01 3.357208991784555452e-01 6.650401824146677521e-02 3.514256785238735192e-01 2.158024523167204889e-01 2.038267659472980942e-01 7.366688859776304721e-02 3.819824106563455279e-01 1.761838912209027497e-01 3.561714946967315942e-01 7.882360829105630740e-02 3.348573777924616635e-01 4.919406184070179711e-02 1.903277289950965900e-01 2.369945571751907454e-01 1.194908539055666991e-01 3.798490860844270234e-01 2.527256826690108538e-01 3.420954800879689728e-01 1.822855518331389368e-01 3.924376017972044939e-01 2.063166487420358686e-01 9.676232341336366005e-02 2.080647198329854120e-01 2.477487840654875317e-01 2.313516055645815084e-01 4.414315566447483130e-01 2.235388835822909870e-01 4.275769934486459145e-02 6.679090390171930902e-02 1.717153359704563786e-01 2.442089088943882880e-01
2.560482026347833950e-01 1.000000000000000000e+00 1.114870653091468017e-01 3.081397853564118439e-01 6.352811691046830744e-03 1.673903648277427769e-01 6.434386794883678595e-02 1.208963593724466379e-01 -2.518655113865723993e-02 1.873006628615534741e-01 1.688591599620525296e-01 2.999877366029451986e-01 -4.593310463106002606e-02 9.057114937904507668e-02 2.396510582259953059e-03 1.895894881416169686e-01 2.895383348206761465e-01 -1.566647005456452482e-02 1.359736893140094938e-01 2.524860863557800150e-01 2.124049412780046331e-01 3.307770620507664572e-01 3.538619847971421484e-01 1.867418953319897601e-01 1.087552558839930406e-01 3.465047346179743748e-01 2.006986902427362607e-01 3.101865812171134551e-01 2.088031940973228140e-01 3.826682559390470195e-01 -2.053835987401555346e-02 -4.129440011639350094e-02 1.410242418145985221e-01 3.607654581760176837e-01 2.034579659076275471e-01 3.102588162282120532e-01 4.285094228796199750e-02 3.356298507579890678e-01 -1.062983708896127026e-02 1.769139107619504547e-01 5.110602263700554648e-02 7.977743262920501677e-02 -5.827370533464779068e-02 2.152487945640761680e-01 8.947419907526452110e-02 2.895557476605085667e-01 -7.437434111012755644e-02 4.963775796193631296e-02 -2.486000898549324545e-02 2.185435986170024547e-01 2.214626255959729617e-01 -1.710160679013816853e-01 1.970168350440292260e-01 2.477155109069966998e-01 2.112905942560552308e-01 2.935490218615639524e-01 3.395721809381435641e-01 1.993408550163708604e-01 8.256155941075483951e-02 2.578582644283974323e-01 1.515812733197993145e-01 3.172247126176419019e-01 1.775405366892516823e-01 3.735943269715343296e-01 -1.336693235102122401e-01 -3.706995768097721966e-04 1.203994272514432168e-01 3.376888858487718803e-01
4.077103413732420800e-01 1.114870653091468017e-01 1.000000000000000000e+00 6.448066350698607174e-02 4.808151062205651312e-03 1.988792248988212330e-01 7.816782365715554404e-01 3.860658840047863638e-01 3.403437892161892409e-01 1.640356732135993256e-01 3.719604463010802164e-01 2.651693280384771478e-01 3.577273343995975297e-01 5.783711190629374777e-01 1.992807718236526693e-01 1.138237140747937054e-01 5.451500293096975813e-01 5.243219204765416919e-01 5.019027800178410548e-01 3.540018610816718092e-01 2.163929622127135910e-01 2.907423397120896813e-01 2.611595018394035073e-01 4.442537438746715361e-01 3.568543016745127638e-01 6.329016512913869796e-01 7.294205073513339022e-01 1.242394480264743806e-01 3.033330917312010433e-01 2.651018207669314508e-01 3.803599022916277494e-01 7.718696691782669927e-02 1.872058731374839635e-01 1.068129386396446112e-01 1.184034015956648700e-01 3.380335099420857942e-02 5.003741016992599988e-01 3.879026176684417793e-03 7.621716512378634567e-02 1.679355233263145064e-01 5.526703321310977302e-01 2.966666314168838192e-01 2.775690941377285670e-01 1.315017243935679425e-01 2.237274192992468880e-01 1.679354060099845780e-01 3.159830975441013101e-01 3.662812541030547320e-01 1.372894026674228996e-01 7.174155517174085617e-02 2.461042849230540008e-01 3.696088904596303015e-01 2.250757832887711474e-01 2.702566746633325856e-01 2.487332890242102135e-01 1.505574369220488429e-01 1.594172746872589141e-01 3.214668900760910275e-01 2.088657470851712772e-01 3.438013208065602844e-01 4.843431660369168501e-01 8.943898405893041526e-02 2.299515250932663291e-01 9.379474290410365345e-02 2.840002440432412012e-01 6.595909790919150806e-02 1.899921391247856584e-01 6.422164188780664362e-02
3.601338011086731017e-01 3.081397853564118439e-01 6.448066350698607174e-02 1.000000000000000000e+00 2.046169095107615299e-02 4.144284750140202478e-01 6.868570106872678993e-02 8.891599954534368244e-02 6.380714414311867977e-02 5.347330000779115800e-01 8.861505973459528340e-02 6.712669000782398587e-01 -1.414678845094313048e-02 4.668944853263146816e-02 7.779973068973841666e-02 1.782597788871208844e-01 1.858287424562448664e-01 -7.384192787541754566e-02 5.858117157835638494e-02 5.054625949378297456e-01 2.998680120230930446e-01 2.468651394622073114e-01 4.032588190199725142e-01 2.324371302196470146e-01 5.778145922184314831e-02 2.280459322057349913e-01 2.316337701291716969e-02 4.009274092483110508e-01 3.449553882390357651e-01 2.137331098127882856e-01 -5.516781931064335120e-02 -3.736317889679497545e-02 1.544117357215597230e-01 3.051919440603276246e-01 3.203632626221414315e-01 2.955922708384993713e-01 3.075348011302267773e-02 7.961006037489792853e-01 2.267522043561553957e-02 4.793013526818477033e-01 1.174620538072514292e-01 1.133121386912103179e-01 4.287588257044903928e-02 5.573299424235158561e-01 6.590783472975314528e-02 6.742442994506891996e-01 -5.518869984186511313e-02 8.992059200905119787e-02 3.977810755446271190e-02 2.364002443727621638e-01 1.533828096674369479e-01 -1.692030678174034353e-01 8.345871282092109933e-02 5.351626319705058421e-01 3.119602196132967853e-01 2.576279366114413438e-01 4.476072190763219494e-01 2.874781408916428638e-01 4.781559777637134356e-02 2.125138951543249499e-01 2.645054123279598837e-02 4.810392715698367239e-01 2.848935519115234349e-01 2.892253315478420794e-01 -1.676279271138528537e-01 -9.076939807328911203e-03 1.322903731736626010e-01 3.367183988130099115e-01
3.551116282910588007e-02 6.352811691046830744e-03 4.808151062205651312e-03 2.046169095107615299e-02 1.000000000000000000e+00 5.834147537378176623e-02 1.796020292037693589e-02 3.659054748349317016e-02 4.564821318379934378e-02 1.589198075937052479e-02 4.020738906999545698e-02 1.225399647090939272e-02 5.048742012614927666e-02 4.748810559327668046e-02 7.158493062043602695e-02 1.083860112847139998e-02 1.358594254601250793e-02 3.369948480979025052e-02 2.602736144815524788e-02 -9.847552491467920915e-04 4.465122609530822184e-02 1.944580592194086743e-02 3.607045061986914603e-02 3.236642353498923874e-02 2.945462823374401379e-02 -1.327196679303292194e-02 8.869821782925306139e-03 -2.950061907340040257e-03 6.259144589834074457e-02 -1.331127104785891253e-02 2.456118203400137895e-02 9.006979291241269669e-02 2.256577836665299083e-02 1.899901503067103967e-02 2.712756994177617162e-02 1.414771304362948470e-03 1.511027311934822794e-02 3.303554720668268330e-02 3.635273542180054301e-02 3.914369033697519262e-02 2.339545839860493817e-02 1.292979198416278550e-02 4.572852247819377686e-02 -1.200277843242046963e-03 5.142619071764345517e-02 8.458927309234479802e-03 4.941374543513549211e-02 5.325431035458459694e-02 1.382356159992704711e-02 1.147401037086876428e-02 3.073912084651224397e-02 4.251012400444748041e-02 3.735820032269071556e-02 -1.856865124375898374e-02 4.512516779303772652e-02 -2.518902100999221086e-03 1.954676650156021017e-02 3.522676452049983142e-02 1.037786347522021493e-02 -2.472041557919153060e-03 9.970415144915369468e-03 -6.173108957105884198e-03 8.105947288220025082e-02 -9.672770018871510930e-03 -4.552974009989160104e-03 5.115042659419084814e-02 4.237829687697292763e-02 6.107888696669628789e-03
3.650710164236460331e-01 1.673903648277427769e-01 1.988792248988212330e-01 4.144284750140202478e-01 5.834147537378176623e-02 1.000000000000000000e+00 2.749145141829793526e-01 3.376009163154735093e-01 1.174066571296703138e-01 5.156663548949765863e-01 1.665035116435536477e-01 4.913050707116866644e-01 1.245662412187374668e-01 2.019837609621707997e-01 2.602426495059578238e-01 1.644206315139374319e-01 2.277511538043885120e-01 6.388610615207859778e-02 1.313443461669215051e-01 3.466164073038836557e-01 2.292543131228702014e-01 2.294248835710840373e-01 2.970478259533710363e-01 2.741850106245183882e-01 1.200330708633892962e-01 2.410790796964372151e-01 1.504619774681846267e-01 4.239141367608257327e-01 3.214192744601608309e-01 1.864358149321227454e-01 5.182263104251850355e-02 6.994180908456282264e-02 1.306360205406645325e-01 1.944046566008184596e-01 3.142026810204617826e-01 2.058650593121860994e-01 1.853413387904229714e-01 3.715189750122916412e-01 9.448322005065214191e-02 6.180395134269572877e-01 3.209141706789836457e-01 3.437205384095440852e-01 1.231600385906495565e-01 4.838628493648842177e-01 1.900607307995777484e-01 4.716618857053619385e-01 9.059701160987970736e-02 3.004096616273730369e-01 1.858801182430049048e-01 1.607641434200286490e-01 2.052846683621165347e-01 2.282073864581268471e-02 2.335926969470776826e-01 3.295912333042830267e-01 2.639760483086515119e-01 2.117599097922417128e-01 3.321995414487592391e-01 3.321170530944008714e-01 6.225933729827651947e-02 2.033766082959704291e-01 1.710797126473903307e-01 4.574182662446559799e-01 2.777723786493532798e-01 2.454886523886596339e-01 -6.492173157992643662e-03 6.302230366027740394e-02 9.577993313141569542e-02 2.250349246791717162e-01
3.051776597141704905e-01 6.434386794883678595e-02 7.816782365715554404e-01 6.868570106872678993e-02 1.796020292037693589e-02 2.749145141829793526e-01 1.000000000000000000e+00 4.365136423065503202e-01 4.713976739886364675e-01 2.011631126070070053e-01 3.321267141796077627e-01 2.625662007549965371e-01 4.550400450332958702e-01 6.528172252162547373e-01 2.720505072150858905e-01 1.352127600593791279e-01 4.262450000984377985e-01 5.257907180712860784e-01 3.800458532641932674e-01 3.592553543735773625e-01 2.036462305704149212e-01 3.788273556619238258e-01 1.874259711637400461e-01 6.169677384977896306e-01 4.033344043834527493e-01 5.214278132652909736e-01 7.047613620226143016e-01 1.685681775867262366e-01 2.742456061745173201e-01 2.628389800843529134e-01 4.494152642448172585e-01 1.226416674734817358e-01 1.721668684109040615e-01 7.631108410874717918e-02 9.553180779608848316e-02 1.285629832427826261e-02 4.846262292792092863e-01 7.944373761688737490e-03 9.349546028590055569e-02 2.144093256768253575e-01 6.852046915113076953e-01 3.652057154360079383e-01 4.153599768043385043e-01 1.463231073120269399e-01 2.743756116142923585e-01 1.763630906353430561e-01 4.273809332101149439e-01 5.037046270764187206e-01 2.062025012183169026e-01 8.834541254729744164e-02 1.912605109576719642e-01 4.188099886520872950e-01 1.930520863507666218e-01 2.693979780654984779e-01 2.339442363097405109e-01 2.067149923547969004e-01 1.006621320594968949e-01 4.898338540191072843e-01 2.702574132751641711e-01 2.880938903056837752e-01 5.259550192459832019e-01 1.268332405069962365e-01 2.388439583537280697e-01 8.029590524203142343e-02 3.856393215668666441e-01 9.216024280369011779e-02 1.651452264526567237e-01 7.158441568778306507e-02
2.644201410762172522e-01 1.208963593724466379e-01 3.860658840047863638e-01 8.891599954534368244e-02 3.659054748349317016e-02 3.376009163154735093e-01 4.365136423065503202e-01 1.000000000000000000e+00 8.863998029899340658e-02 1.845583699080575735e-01 2.526028659196745130e-01 2.026784095232172511e-01 1.078697796472191939e-01 3.209983969183662356e-01 1.394846738279011678e-01 1.466402676863757248e-01 3.455449601473085108e-01 1.608460042724636219e-01 2.711543897115043511e-01 2.483809111394711111e-01 1.997057110464849627e-01 2.560976905960892780e-01 3.247121630903014866e-01 1.903811831227958662e-01 1.258807722646603233e-01 4.551967400556421461e-01 3.215092564413939979e-01 4.257902824672569198e-01 1.616782008265341408e-01 4.794513342157422087e-01 6.042822242240954850e-02 -7.851035895381755850e-03 8.050630865626648425e-02 1.539089843577969019e-01 1.348520544515539044e-01 7.353876360307456950e-02 2.389042059990891254e-01 4.453362679301464677e-02 8.426574927456395581e-02 2.514997717294076285e-01 2.975534334649382329e-01 3.610643500753854540e-01 4.539147220606173927e-02 1.204281035998882587e-01 2.233933996746292061e-01 1.399134656843641356e-01 7.782224854530382652e-02 1.889435649363299663e-01 4.558807792574150891e-02 1.108050049178745805e-01 2.786428402743459931e-01 1.491037851782119061e-01 2.057231207425930242e-01 1.649839866759906237e-01 1.985094198147836220e-01 1.691296563257970176e-01 2.158775935001128743e-01 1.355988524498638326e-01 -1.151208249452432414e-02 2.488416959081173330e-01 1.436074818038727274e-01 2.983708004035114381e-01 1.429505733037841897e-01 3.064428889630704811e-01 6.155416362196892630e-03 5.492466867748881099e-02 7.119076835778270773e-02 1.442140484808535628e-01
1.079220107826153185e-01 -2.518655113865723993e-02 3.403437892161892409e-01 6.380714414311867977e-02 4.564821318379934378e-02 1.174066571296703138e-01 4.713976739886364675e-01 8.863998029899340658e-02 1.000000000000000000e+00 1.613891717758229316e-01 1.484544258660764338e-01 1.693221118388153756e-01 4.526372762561693408e-01 3.619502227065850009e-01 2.702538621602701419e-01 6.193700762110077029e-02 6.307441245208610103e-02 3.200586866008085507e-01 7.660765522305026942e-02 2.336742906260674268e-01 1.407802118022196958e-01 2.100157133696644585e-01 1.058147571727096475e-02 4.975213618905639512e-01 3.305064417495350293e-01 9.196633371469728480e-02 3.797137167485082343e-01 -1.448200091338908424e-01 2.611356272761732877e-01 -1.214456987344859629e-01 3.517070812164972415e-01 1.443325900972954601e-01 1.294866712494905925e-01 9.046648061339916669e-03 1.266564002852341338e-02 -3.944649774870440107e-02 2.154636445802192157e-01 1.221074088593338339e-02 5.210432533115731679e-02 8.003165527576047711e-02 3.901217240829351063e-01 1.127208101826161352e-01 4.569142688879133662e-01 1.083810547116385303e-01 1.374774586941599763e-01 7.783721652540716296e-02 4.598653656547955215e-01 3.320076162356998539e-01 1.989493076846424735e-01 -3.875123411382516009e-03 -2.621500222466976657e-02 2.807598665620688605e-01 -1.997879368618872553e-03 1.878282695017444159e-01 1.528643554570133789e-01 1.079077642476816007e-01 -1.288008697942653533e-02 3.882455549124679828e-01 2.746116682915215046e-01 5.980010757056235249e-02 3.253312487781730433e-01 -1.179082402349230785e-01 2.224770508212226550e-01 -1.594381626542462627e-01 3.219995718835123033e-01 6.983612852331474996e-02 1.371752115506773284e-01 7.752633431269488964e-03
3.885218675988899029e-01 1.873006628615534741e-01 1.640356732135993256e-01 5.347330000779115800e-01 1.589198075937052479e-02 5.156663548949765863e-01 2.011631126070070053e-01 1.845583699080575735e-01 1.613891717758229316e-01 1.000000000000000000e+00 9.771543193082624090e-02 5.316557821726177746e-01 1.093781795208172980e-01 1.660883044026107980e-01 1.340720403895818424e-01 1.560565835349734531e-01 1.871285511383069811e-01 7.124684599700201182e-02 9.258941918768831547e-02 4.737073074852557464e-01 2.868634940783800769e-01 2.041298528527180078e-01 3.668479011966008230e-01 1.913300378508734356e-01 1.031245859534897086e-01 1.653414177714420674e-01 8.718169178733525815e-02 2.935126754426874429e-01 3.671395252774553031e-01 1.110337579047238760e-01 2.602592281539901214e-02 9.381558658847460874e-03 1.257697247207335001e-01 2.188785940894805437e-01 3.317562142519289159e-01 1.899527700890350501e-01 8.119193799839494186e-02 4.828363482791907524e-01 5.097267110112708999e-02 5.854841431883341940e-01 2.064967648621455765e-01 2.075743496811364441e-01 1.145206251129823882e-01 8.683176228596772850e-01 1.224079572622128187e-01 4.423099608963569351e-01 7.931587952718244239e-02 1.816579901017637277e-01 1.173206662242306519e-01 1.534377237232003033e-01 1.565629463058329229e-01 -1.801110635667437301e-02 7.414227389917561750e-02 3.767714650166372192e-01 3.072870126092004384e-01 2.059233281859163822e-01 4.163679036977295800e-01 2.175472809709819988e-01 7.393517082402771556e-02 1.609268602427180728e-01 4.792931374950988588e-02 4.100337199051368176e-01 2.988465136923865728e-01 1.947695736159299751e-01 -4.347681909288355490e-02 3.668555300489061838e-02 1.189400845180179078e-01 2.675357397214448429e-01
2.954536895749577674e-01 1.688591599620525296e-01 3.719604463010802164e-01 8.861505973459528340e-02 4.020738906999545698e-02 1.665035116435536477e-01 3.321267141796077627e-01 2.526028659196745130e-01 1.484544258660764338e-01 9.771543193082624090e-02 1.000000000000000000e+00 1.956513473932521285e-01 2.891114665107547554e-01 3.691081189340199575e-01 1.376446149225402094e-01 8.177263082071077605e-02 4.153076021351839731e-01 3.397278725836864188e-01 3.770842179193569232e-01 2.252370718712253250e-01 1.145658067746624792e-01 2.279426262592458841e-01 1.627038844886959101e-01 2.181183919217168921e-01 2.347599328327639179e-01 3.937682151871857994e-01 3.944789127153888186e-01 1.180362599271081031e-01 2.411944002848505075e-01 2.110261918351755417e-01 2.401397539095012357e-01 8.693513081140562260e-02 1.591381776025522776e-01 1.977970109899669093e-01 1.456959492852439031e-01 1.030221194703886539e-01 1.819785844189933111e-01 8.988505173877728294e-02 9.104099624318917616e-02 1.246743485702751508e-01 2.148577789047608488e-01 1.485915563465197708e-01 1.132777972501186475e-01 1.146701787540007067e-01 2.161686805414757551e-01 1.411147795880817457e-01 1.568979277957910368e-01 2.301207140510304894e-01 5.681690214886794127e-02 7.195020047205397118e-02 2.278880270362590998e-01 1.446213048096840481e-01 3.326872999132425845e-01 1.975307327359006881e-01 1.426206292838209932e-01 1.223473503771824455e-01 1.090237117548632090e-01 1.716024933207049019e-01 1.750076540113331414e-01 1.691046911768147587e-01 2.622019521103114981e-01 8.954875192609888790e-02 2.016677410371816026e-01 1.200096805205397299e-01 9.182389238026465728e-02 4.703295167510113117e-02 1.442779915912371369e-01 1.516372828649848459e-01
4.112851975599921550e-01 2.999877366029451986e-01 2.651693280384771478e-01 6.712669000782398587e-01 1.225399647090939272e-02 4.913050707116866644e-01 2.625662007549965371e-01 2.026784095232172511e-01 1.693221118388153756e-01 5.316557821726177746e-01 1.956513473932521285e-01 1.000000000000000000e+00 1.063258623696372862e-01 1.725313930244514737e-01 1.478692655218740160e-01 1.993916675957906615e-01 2.897725543788930436e-01 7.054817814083959304e-02 1.649377489593288337e-01 6.152038309648546477e-01 3.012101874057705464e-01 3.215673192039584793e-01 4.184802232836368763e-01 3.151655756068916237e-01 1.833922454903584021e-01 3.643671139415472493e-01 2.312905036710117268e-01 4.070752151703335708e-01 3.752277348890397657e-01 2.436099677229210392e-01 4.118723376582436591e-02 -1.354166649343088377e-02 2.053338614163467413e-01 2.868846844840935995e-01 3.014641259702883769e-01 2.662339569233883041e-01 1.694652846096378895e-01 6.290143913527559416e-01 3.807671949744943080e-02 5.344147236298261161e-01 2.700136256782132427e-01 1.892362118431697993e-01 1.188264139454720397e-01 5.205806254890995577e-01 1.647765482127563352e-01 7.231188186421284581e-01 5.473794731167888616e-02 1.767128058052436779e-01 8.625262420452030343e-02 2.181565889893096744e-01 2.199076024594312784e-01 -4.254156046213811854e-02 1.497510396797113175e-01 6.323811867791965247e-01 3.272139702988589582e-01 2.703500381932470997e-01 4.263754274435793690e-01 3.383880018439433535e-01 1.203618761952045813e-01 2.848027392976253402e-01 1.864803292168700777e-01 4.443171969510246178e-01 3.133818917845995200e-01 2.776832610024502213e-01 -5.434167737104330514e-02 4.397056365921610255e-02 1.788974336310136248e-01 3.069804020631319852e-01
1.587954093778058406e-01 -4.593310463106002606e-02 3.577273343995975297e-01 -1.414678845094313048e-02 5.048742012614927666e-02 1.245662412187374668e-01 4.550400450332958702e-01 1.078697796472191939e-01 4.526372762561693408e-01 1.093781795208172980e-01 2.891114665107547554e-01 1.063258623696372862e-01 1.000000000000000000e+00 4.848921000554564653e-01 2.222143908739693252e-01 7.187510909053521080e-02 1.756159663675318505e-01 4.416573641670420436e-01 1.970988021564870907e-01 1.989030609607192468e-01 1.634111366897007256e-01 1.996364911775820872e-01 2.948527771166334355e-02 4.054283417108104914e-01 4.044348832183536913e-01 8.874208070150724215e-02 4.717964364701759394e-01 -1.473486664496895804e-01 2.424414636385619493e-01 -8.810100335225967694e-02 4.580203043579728073e-01 2.216764508247698329e-01 1.154391821469996915e-01 1.511701256793096873e-02 1.803760498751287231e-02 -7.333491300887161335e-02 1.336229646908052571e-01 -3.710639903661982347e-02 6.024697127931909202e-02 7.987846177037982720e-02 3.066152847008723481e-01 1.160818129287257694e-01 4.025568156794673835e-01 8.279986876855385813e-02 1.718445291478954418e-01 2.677960641313794840e-02 4.902076555431385541e-01 3.716813562903913959e-01 1.748808918820510816e-01 3.795024702002644523e-04 -5.963164581472996106e-02 2.961178471995719041e-01 9.932480091949719148e-02 1.458541920217673038e-01 1.887597176371796082e-01 6.343239872965678039e-02 -3.162505958274841600e-02 3.002980299188367508e-01 2.866207481285370506e-01 -4.611842771682532482e-02 3.414881350802572713e-01 -1.224750089847843337e-01 2.045483676980740517e-01 -1.749364691938388727e-01 3.582167898571789744e-01 6.783331606341527764e-02 1.122555728034839440e-01 -6.778904182052365029e-03
4.698002728136704276e-01 9.057114937904507668e-02 5.783711190629374777e-01 4.668944853263146816e-02 4.748810559327668046e-02 2.019837609621707997e-01 6.528172252162547373e-01 3.209983969183662356e-01 3.619502227065850009e-01 1.660883044026107980e-01 3.691081189340199575e-01 1.725313930244514737e-01 4.848921000554564653e-01 1.000000000000000000e+00 1.778639696762222833e-01 1.390708300084186611e-01 5.420122554877203624e-01 6.989334343589134191e-01 5.692333687002995024e-01 2.218693502315727817e-01 2.216609345739919412e-01 2.763523555584431746e-01 1.665246807376812299e-01 3.666878915759107516e-01 2.775726030168960690e-01 2.898533462087496404e-01 6.572565036945370309e-01 -3.732122029752627489e-03 3.353743758370655303e-01 1.869579667614558183e-01 5.262124763870188460e-01 2.828669506834523006e-01 1.204064386396878211e-01 1.400850838273885179e-01 1.048679355474791131e-01 -1.886663072139224684e-02 2.235435922660142793e-01 2.203911215971159770e-02 9.178101531399836255e-02 1.421649923715643526e-01 3.590661204731394607e-01 2.474053633505421401e-01 2.856449208691996255e-01 1.215419595864261765e-01 2.292380526415587760e-01 8.502787567558270365e-02 3.595177639702590300e-01 5.616657320237710138e-01 1.143867905272821645e-01 5.300622561314490000e-02 8.844978691607345567e-02 3.988289554139417548e-01 3.507622426304051189e-01 1.352160864002126539e-01 2.571901267944990965e-01 1.081911942392916326e-01 6.942889113937222856e-02 2.714752657397208613e-01 2.579548612850807165e-01 2.192630526012686806e-02 4.486360713268406353e-01 -3.025569472177243313e-02 2.337035309531907412e-01 -1.745171588801986556e-03 3.799661545227639436e-01 1.093941242919928281e-01 1.109753802808528533e-01 6.392411052450877595e-02
1.289711332315218451e-01 2.396510582259953059e-03 1.992807718236526693e-01 7.779973068973841666e-02 7.158493062043602695e-02 2.602426495059578238e-01 2.720505072150858905e-01 1.394846738279011678e-01 2.702538621602701419e-01 1.340720403895818424e-01 1.376446149225402094e-01 1.478692655218740160e-01 2.222143908739693252e-01 1.778639696762222833e-01 1.000000000000000000e+00 9.257355817456988656e-02 6.262600628573654349e-02 1.149095490026362659e-01 5.043934384883749789e-02 1.381541245931965367e-01 1.161174940992924093e-01 1.445101104491494648e-01 6.350135777618712285e-02 3.259832248406480670e-01 1.924736795792663657e-01 1.095849858735232496e-01 1.981593021879566041e-01 2.544885837485492963e-02 2.062976787387449384e-01 -3.995611115480773856e-02 1.577519922183815704e-01 8.209900946188307402e-02 1.072605082537876620e-01 4.290894155318047964e-02 6.559709321340974342e-02 4.164322730763589386e-02 1.700067578842090477e-01 3.364041515659328685e-02 5.323479581882968603e-02 1.630217304004476508e-01 2.880230210550793757e-01 1.522553923488855765e-01 2.621245762305496885e-01 1.008795285469564207e-01 1.479377156361027790e-01 8.535528967778324705e-02 2.406403809671631144e-01 2.247278084207184889e-01 1.929781883489494199e-01 5.703351154654191790e-02 5.451935208873551209e-02 1.451349558237241266e-01 6.970570117775498620e-02 1.056895194927473386e-01 1.374201209601299267e-01 1.033024100983233745e-01 5.950518849139574407e-02 3.075598594857449353e-01 1.353915659269602501e-01 1.025615909666882930e-01 2.088721249663522128e-01 3.738056710840675922e-02 1.807583980365481680e-01 -9.997465145409847875e-03 1.388539311125807085e-01 5.215594826464953898e-02 7.162872690790095254e-02 8.738948300342694320e-02
2.020163110676269635e-01 1.895894881416169686e-01 1.138237140747937054e-01 1.782597788871208844e-01 1.083860112847139998e-02 1.644206315139374319e-01 1.352127600593791279e-01 1.466402676863757248e-01 6.193700762110077029e-02 1.560565835349734531e-01 8.177263082071077605e-02 1.993916675957906615e-01 7.187510909053521080e-02 1.390708300084186611e-01 9.257355817456988656e-02 1.000000000000000000e+00 1.516488156521894892e-01 6.432496277195540180e-02 9.590994332119330557e-02 1.147472167983353275e-01 4.089627745677422155e-01 3.053806550443305401e-01 3.935542412609425167e-01 1.904090402575515095e-01 7.145446936322288889e-02 1.904100358810846272e-01 1.836252798803376940e-01 2.752741386655963018e-01 2.497953193976805430e-01 2.678998834769051318e-01 1.499208440058462377e-02 2.702221293131508786e-02 1.503754817342398131e-01 2.520449719851514669e-01 1.523803852362121125e-01 1.226170160732155123e-01 3.721504124913857514e-02 1.759586606815279342e-01 4.136194026378778310e-02 1.349743304696281732e-01 9.690462831156450296e-02 1.332548322539151842e-01 6.327230843836381680e-02 1.327958644165170288e-01 5.110253930124240840e-02 1.710962911224142013e-01 3.923129639295165616e-02 9.648433376393933392e-02 3.804812946622137398e-02 3.832771156653879130e-01 1.259328300082732111e-01 1.074685722649088362e-02 7.783983523143521432e-02 1.048805373513107403e-01 3.845908119062954600e-01 2.225399455556908990e-01 3.625223630922491114e-01 1.755064814361781966e-01 5.674621823929091105e-03 1.010144767873364102e-01 1.372423594980389794e-01 2.799337437419488483e-01 2.494254036987514356e-01 2.624583801286796136e-01 -4.141728107710525991e-02 9.721825514900873585e-03 1.462626879340811203e-01 2.173094899389810819e-01
5.331679354089149392e-01 2.895383348206761465e-01 5.451500293096975813e-01 1.858287424562448664e-01 1.358594254601250793e-02 2.277511538043885120e-01 4.262450000984377985e-01 3.455449601473085108e-01 6.307441245208610103e-02 1.871285511383069811e-01 4.153076021351839731e-01 2.897725543788930436e-01 1.756159663675318505e-01 5.420122554877203624e-01 6.262600628573654349e-02 1.516488156521894892e-01 1.000000000000000000e+00 4.724181663155736510e-01 7.192548227118584769e-01 3.388466657350786559e-01 1.855499261204094086e-01 2.723685678948550293e-01 3.407729408989863540e-01 1.841859120331586497e-01 1.503296232027634405e-01 5.682872365954800831e-01 5.693399857955349086e-01 2.204152125783785665e-01 2.938591431725206538e-01 4.070281407536350815e-01 2.272215375378028313e-01 7.729875988453045743e-02 1.676965632175765608e-01 2.966631045048936932e-01 1.818262980308378296e-01 1.809789042037622253e-01 2.082740854100670613e-01 1.873701275221417162e-01 5.801585443498976508e-02 1.801150729273831019e-01 1.750091747334605874e-01 1.601106690762392204e-01 2.693410232721649145e-02 1.979374518332788768e-01 1.952584301102290587e-01 2.406369133669038207e-01 3.111637391658485588e-02 2.326064429568210357e-01 4.987345013300960826e-03 1.546462602024912814e-01 2.706125010314396340e-01 1.362480366493726003e-01 4.183275655268110516e-01 2.559075939845398828e-01 2.162008065567048443e-01 1.497903035360738655e-01 2.357128425965467899e-01 1.183343100851724644e-01 9.195283582666370636e-02 2.063110783512380753e-01 2.769563999336550619e-01 1.778855908912696515e-01 1.952640530549197562e-01 2.163103055203353386e-01 4.422468319212977117e-02 2.193374771895264044e-02 1.357061100851780777e-01 2.024670248811505369e-01
3.407790924357592122e-01 -1.566647005456452482e-02 5.243219204765416919e-01 -7.384192787541754566e-02 3.369948480979025052e-02 6.388610615207859778e-02 5.257907180712860784e-01 1.608460042724636219e-01 3.200586866008085507e-01 7.124684599700201182e-02 3.397278725836864188e-01 7.054817814083959304e-02 4.416573641670420436e-01 6.989334343589134191e-01 1.149095490026362659e-01 6.432496277195540180e-02 4.724181663155736510e-01 1.000000000000000000e+00 6.062914486903858702e-01 1.517567643198138583e-01 1.074504737366971802e-01 1.244010878018240313e-01 -5.967850061754098601e-05 1.722137859840979501e-01 2.474959777915422265e-01 1.748959853520534735e-01 6.058923263593936070e-01 -1.873400712071604801e-01 2.282255758343751106e-01 -4.733958048284980791e-02 4.902932913524327141e-01 2.540481736303763505e-01 1.061335332528294262e-01 1.834735754183058204e-02 -8.070414906146187312e-03 -1.351229095017098536e-01 1.319247695115468855e-01 -8.191490033263205961e-02 8.334592718660430166e-02 1.551727715350353920e-02 2.026069434393948654e-01 8.526350977914957940e-02 2.376284196708094154e-01 4.226984204143314355e-02 1.467252114403101437e-01 2.987258007604057589e-03 3.300839616158096623e-01 3.652678464804951508e-01 1.028014018289060694e-01 -4.372039012031114780e-02 -1.113850748726898099e-02 4.303672484565475020e-01 2.536087446140600221e-01 8.511780460690207550e-02 1.474150825803742237e-01 -3.429685863944213764e-02 -7.450981537628879880e-02 8.006606166790435075e-02 1.991990118973413215e-01 -1.118227528994553549e-01 3.366866482638856128e-01 -1.975255266306997770e-01 1.347298235068757066e-01 -2.086959672705073765e-01 3.818552831620644072e-01 6.701477929412530399e-02 1.099523566283327758e-01 -7.131882564787889178e-02
5.144812732195336302e-01 1.359736893140094938e-01 5.019027800178410548e-01 5.858117157835638494e-02 2.602736144815524788e-02 1.313443461669215051e-01 3.800458532641932674e-01 2.711543897115043511e-01 7.660765522305026942e-02 9.258941918768831547e-02 3.770842179193569232e-01 1.649377489593288337e-01 1.970988021564870907e-01 5.692333687002995024e-01 5.043934384883749789e-02 9.590994332119330557e-02 7.192548227118584769e-01 6.062914486903858702e-01 1.000000000000000000e+00 1.904273266420407063e-01 1.154456051135682448e-01 1.286692148902169319e-01 1.881259566803158423e-01 4.917738333582082760e-02 9.551348033030468421e-02 3.852281967103153848e-01 5.247265087372010584e-01 4.589585556208931189e-02 2.521521312904523304e-01 1.944358622821952820e-01 2.523266533536711598e-01 1.479596984858036202e-01 1.003243795519530718e-01 1.374541049451535324e-01 1.017786074435950289e-01 1.465509569792313588e-02 1.235318644709629127e-01 6.095691071340485212e-02 7.436678372473966292e-02 8.224096106721735799e-02 7.950705764259076436e-02 8.881690747989891277e-02 1.652465999833462040e-02 1.019999518453592047e-01 1.523037865870288665e-01 1.068194174129825924e-01 5.133646455533036335e-02 2.257951804335218693e-01 2.007366291087116228e-02 5.066398661247587670e-02 1.493562607278725585e-01 2.388481291433512954e-01 3.849858402080649777e-01 1.314533635305463743e-01 1.619967776918611879e-01 -2.118911017061950175e-02 9.997005258056999855e-02 -1.804061325129096768e-02 4.890041557006609418e-02 1.542208702414612359e-02 1.853683331743275764e-01 9.428590702317239669e-04 1.501596063016801819e-01 -1.407286687585378171e-03 1.056872979646156646e-01 2.451123022618615852e-02 8.708928094313703183e-02 4.074212601680087670e-02
2.914972619270953524e-01 2.524860863557800150e-01 3.540018610816718092e-01 5.054625949378297456e-01 -9.847552491467920915e-04 3.466164073038836557e-01 3.592553543735773625e-01 2.483809111394711111e-01 2.336742906260674268e-01 4.737073074852557464e-01 2.252370718712253250e-01 6.152038309648546477e-01 1.989030609607192468e-01 2.218693502315727817e-01 1.381541245931965367e-01 1.147472167983353275e-01 3.388466657350786559e-01 1.517567643198138583e-01 1.904273266420407063e-01 1.000000000000000000e+00 2.128717509769608163e-01 3.402826615612276062e-01 3.515178187621703643e-01 3.675003202692729287e-01 2.365558576330736851e-01 4.038211098115892517e-01 3.632144869369592355e-01 3.078826584675228295e-01 2.378978519410193671e-01 2.812150680519823753e-01 1.069085174224197327e-01 -2.456768074512959837e-02 1.655591773312958259e-01 2.609621403895650560e-01 2.150065006283072289e-01 1.991040507575254359e-01 2.092984927102754522e-01 4.524410604667244429e-01 3.707200831454141032e-02 3.754785306871328832e-01 3.155186583588097116e-01 1.759479993906029049e-01 1.705357157512164823e-01 4.389250562569785852e-01 2.098426716879716880e-01 5.406124792291633341e-01 1.404513953246221969e-01 1.720852115312322128e-01 5.778359234357098584e-02 1.530212527980867598e-01 2.112826581024454253e-01 2.230600342738693620e-02 1.687121636982835404e-01 7.576812906978094286e-01 2.106626751088868654e-01 2.471272110972722036e-01 3.127288502076032151e-01 3.228325209235618498e-01 1.898459100695413238e-01 2.592045675830755846e-01 2.453066174471987548e-01 3.217682552662111117e-01 1.954323049595921014e-01 2.162386930790660133e-01 2.427107095841791323e-02 1.434560152519986573e-02 1.692076401466916791e-01 2.511288408929553406e-01
3.285746873273879265e-01 2.124049412780046331e-01 2.163929622127135910e-01 2.998680120230930446e-01 4.465122609530822184e-02 2.292543131228702014e-01 2.036462305704149212e-01 1.997057110464849627e-01 1.407802118022196958e-01 2.868634940783800769e-01 1.145658067746624792e-01 3.012101874057705464e-01 1.634111366897007256e-01 2.216609345739919412e-01 1.161174940992924093e-01 4.089627745677422155e-01 1.855499261204094086e-01 1.074504737366971802e-01 1.154456051135682448e-01 2.128717509769608163e-01 1.000000000000000000e+00 3.588071190307354774e-01 6.494365835214590543e-01 2.560710378390638198e-01 1.261241181931077038e-01 2.076022084938278223e-01 2.339924335269433775e-01 3.243848526011378075e-01 4.214757838340192908e-01 3.589214899219947963e-01 1.063097548688985566e-01 1.742721866891043525e-02 2.479589123233820747e-01 3.534161930971509991e-01 2.507111659924592395e-01 1.643538352859403029e-01 8.242677387331209804e-02 2.987382566782101345e-01 6.382825906993387644e-02 2.369498964483326975e-01 1.684133510959140434e-01 1.649417008264392470e-01 1.265895875429313144e-01 2.612849470891015491e-01 8.831666644295735336e-02 2.745200957268389974e-01 1.027509963275567428e-01 1.492073994515973612e-01 8.822009913096777456e-02 4.185446975078447318e-01 1.501164018518824916e-01 4.305966987822033160e-02 6.786544409359933361e-02 1.913388162585759888e-01 7.779795587638216325e-01 3.110011104178601604e-01 6.059106954415263147e-01 2.295743121258821406e-01 2.476595927314431678e-02 1.365962091451060900e-01 1.910890895429944725e-01 3.311001919480030531e-01 4.068764607795427590e-01 3.549028129689058009e-01 1.403129929722398903e-02 7.249126376332286348e-03 2.409324475104282492e-01 3.157965888577355940e-01
2.360958943991821601e-01 3.307770620507664572e-01 2.907423397120896813e-01 2.468651394622073114e-01 1.944580592194086743e-02 2.294248835710840373e-01 3.788273556619238258e-01 2.560976905960892780e-01 2.100157133696644585e-01 2.041298528527180078e-01 2.279426262592458841e-01 3.215673192039584793e-01 1.996364911775820872e-01 2.763523555584431746e-01 1.445101104491494648e-01 3.053806550443305401e-01 2.723685678948550293e-01 1.244010878018240313e-01 1.286692148902169319e-01 3.402826615612276062e-01 3.588071190307354774e-01 1.000000000000000000e+00 4.086934742973966084e-01 4.370960306993518785e-01 2.497426596128796139e-01 4.088042736870855509e-01 3.922402973423032568e-01 3.279547689442993130e-01 2.812785074540222752e-01 4.293518434399844486e-01 1.573284194452814200e-01 1.013377507783525325e-02 2.105058051182411849e-01 3.496277275259381812e-01 2.096193505159308912e-01 2.449810119513674556e-01 1.825441071737886611e-01 2.485867307095978584e-01 3.291864275790336303e-02 1.989376354947092751e-01 2.978647131042021501e-01 1.989594136920117273e-01 1.833215317190923510e-01 2.017175303440412459e-01 1.765269115098002106e-01 2.827571546973315364e-01 1.656894513725080120e-01 2.151687255799759613e-01 7.597379241474494505e-02 3.227787263958251662e-01 2.286956470837527289e-01 2.257594492518268797e-02 1.798146054405105054e-01 3.179734201772644875e-01 3.475303442906644280e-01 4.188134720955918322e-01 3.605405674945651451e-01 3.870439320425607121e-01 1.807111049157131555e-01 2.789694206754911310e-01 3.305268552275010818e-01 3.031382885501416324e-01 2.838429354468174903e-01 3.716986010804432250e-01 4.534081278689772176e-02 2.462647878745386626e-02 1.864929436924599448e-01 3.388551787078128985e-01
4.217349919126325286e-01 3.538619847971421484e-01 2.611595018394035073e-01 4.032588190199725142e-01 3.607045061986914603e-02 2.970478259533710363e-01 1.874259711637400461e-01 3.247121630903014866e-01 1.058147571727096475e-02 3.668479011966008230e-01 1.627038844886959101e-01 4.184802232836368763e-01 2.948527771166334355e-02 1.665246807376812299e-01 6.350135777618712285e-02 3.935542412609425167e-01 3.407729408989863540e-01 -5.967850061754098601e-05 1.881259566803158423e-01 3.515178187621703643e-01 6.494365835214590543e-01 4.086934742973966084e-01 1.000000000000000000e+00 1.790420912916879104e-01 7.133853868130110576e-02 4.238021566978474874e-01 2.724330995912689901e-01 5.380911469032693129e-01 3.605759152032675385e-01 6.257544580153738822e-01 -3.943303555282318823e-02 -6.160935749927660965e-02 2.261542676608939706e-01 4.641153342726433984e-01 3.981627318358458290e-01 2.748998871750284456e-01 1.085380517623983077e-01 3.966512473670440464e-01 6.956779679177833853e-02 3.487129194656349851e-01 1.312325376368350671e-01 2.094263159077189573e-01 -1.143300446314254003e-02 3.727486562532061343e-01 1.189501209257284031e-01 3.904706734931625567e-01 -4.285381676869994688e-02 4.878757476606859766e-02 2.739828927918371362e-02 4.525317214908134433e-01 3.228252524104178178e-01 -7.046901198861807436e-02 1.415952724499598969e-01 3.298712280206461123e-01 6.074336546766518907e-01 3.457286630288136653e-01 7.719820225234117483e-01 1.554733193033401295e-01 -4.229473125109027565e-02 2.686488637415959113e-01 1.467137513343741428e-01 5.155662491790056201e-01 3.261490409137371982e-01 5.765070704211261443e-01 -1.441106473622624784e-01 -3.320929786981817455e-02 2.042697531017790558e-01 4.300981855428698264e-01
