1.000000000000000000e+00 2.653269283551699109e-01 4.356647979700360995e-01 3.791570755520060065e-01 3.555770578093992579e-02 3.886939142756850041e-01 3.194929574051911247e-01 2.716642997272172844e-01 1.087815902021510156e-01 4.165958381567463897e-01 3.066503584649358793e-01 4.438973477539035484e-01 1.617220620612199733e-01 5.162531757164194879e-01 1.299758473510276846e-01 2.064876428928692498e-01 5.970129328011044567e-01 3.572721950846839412e-01 5.692525315653784723e-01 3.067608862908577927e-01 3.439057656927449469e-01 2.420363874677419203e-01 4.536775523891899420e-01 1.972598139149042140e-01 1.617582184027066550e-01 3.698086807237304097e-01 4.058402621155678403e-01 2.018973556791407720e-01 6.563939035583776782e-01 2.510667523019800007e-01 1.703741721850846602e-01 1.029312154131958590e-01 1.990225552393284081e-01 2.646310620908102207e-01 4.949921666133504372e-01 1.610795262693876517e-01 2.178493545590946545e-01 3.513014993299983235e-01 6.679918575416665671e-02 3.715814445199248084e-01 2.213244094466129686e-01 2.074939283135096568e-01 7.399943755305646298e-02 4.100143501225157472e-01 1.809924656951497901e-01 3.752070882330133528e-01 7.945121102496452425e-02 3.534641990750578278e-01 4.924833734113480410e-02 1.948356934635867843e-01 2.428586489004262439e-01 1.209259117506518710e-01 4.006411825021409245e-01 2.620944126062766388e-01 3.579648689134976580e-01 1.853529913813543317e-01 4.192621308397103674e-01 2.121155922559074536e-01 9.744483394200925686e-02 2.140848361401707922e-01 2.575185075187750305e-01 2.366284630133440037e-01 4.758879254599828190e-01 2.283185145396900984e-01 4.411193957518861480e-02 6.713691769426050060e-02 1.741405110442139914e-01 2.510333375166277081e-01
2.653269283551699109e-01 1.000000000000000000e+00 1.150037267423085346e-01 3.197223499274934877e-01 6.349143350745435968e-03 1.699232345457418747e-01 6.554906975476569586e-02 1.220250290722004333e-01 -2.524136966674130414e-02 1.905715090841110515e-01 1.716739102244994042e-01 3.119372968311201477e-01 -4.606634178579313565e-02 9.183441721738044849e-02 2.351423105208727202e-03 1.928959379502986349e-01 3.009529288852047513e-01 -1.530017763329717326e-02 1.397623810726836835e-01 2.605534712042448797e-01 2.169484376246612611e-01 3.444287238043911570e-01 3.730797258572069452e-01 1.902933680272428929e-01 1.094648420283840795e-01 3.653527898614748470e-01 2.054617923724247341e-01 3.236299319476684810e-01 2.126278259908977175e-01 4.046439473360932126e-01 -2.064049655415482742e-02 -4.141460928337816622e-02 1.422562530250358059e-01 3.790808956369861038e-01 2.064785654319784558e-01 3.217240466700330703e-01 4.320269219727475296e-02 3.500389495912863969e-01 -1.068361612003837849e-02 1.793604814325394092e-01 5.162029425834047808e-02 8.014154530210496064e-02 -5.851420855054929870e-02 2.192025016968278117e-01 9.017499783708990413e-02 2.985061699187063211e-01 -7.461705392450762586e-02 5.012457273835462662e-02 -2.494174215671179917e-02 2.223020504617711501e-01 2.273305648911318477e-01 -1.731581627490146047e-01 2.005959568819903616e-01 2.550308013431844545e-01 2.153725752699542362e-01 3.029367068547828001e-01 3.547145922085486736e-01 2.030762105475371615e-01 8.285061522383228849e-02 2.654131695404697289e-01 1.531449890305818518e-01 3.296153053186571258e-01 1.795857304881049443e-01 3.939048022802223992e-01 -1.346612672752770801e-01 -3.587526222487355532e-04 1.212836889832872855e-01 3.521569969353876561e-01
4.356647979700360995e-01 1.150037267423085346e-01 1.000000000000000000e+00 6.492937967285825063e-02 4.811061552256544471e-03 2.049579736414703368e-01 1.049831331208935126e+00 4.137406906071674495e-01 3.565820541831350998e-01 1.680772361204853627e-01 3.937167796505174899e-01 2.742245501458733248e-01 3.760434181809412246e-01 6.608765647809586863e-01 2.028689962183611306e-01 1.152588868426565605e-01 6.189525974963211441e-01 5.831485401975778915e-01 5.558979505341596905e-01 3.715581374039296780e-01 2.200080312891692091e-01 3.023499907948122845e-01 2.680369572762392738e-01 4.827151805858508893e-01 3.779282287373334492e-01 7.525940057649660453e-01 9.312925766367639024e-01 1.266476517006520919e-01 3.226981961766350882e-01 2.739740982423188309e-01 4.076665894566640080e-01 7.747439523812965634e-02 1.911238193389352136e-01 1.097071981262440904e-01 1.195873945659604032e-01 3.385874416201220538e-02 5.571554295296644588e-01 4.040221637946962707e-03 7.662799681075274649e-02 1.719875890110197370e-01 6.329782681099633823e-01 3.094570092566942821e-01 2.864318689435343401e-01 1.339398512235315808e-01 2.292680545241380097e-01 1.703321571576045801e-01 3.287169108253075178e-01 3.923601055894500034e-01 1.384334185316511701e-01 7.266167546215142325e-02 2.522295094368836033e-01 3.935802068174806267e-01 2.330687775947588858e-01 2.775408068429323083e-01 2.546266584892991069e-01 1.536058747465130214e-01 1.624151096473717415e-01 3.460705962452920725e-01 2.132856599592428681e-01 3.630453169445450601e-01 5.388286357384193259e-01 9.088861194149498723e-02 2.377713792747723764e-01 9.465227748540744335e-02 2.967906051978109749e-01 6.625343078663416263e-02 1.934183568771010719e-01 6.450890443242743300e-02
3.791570755520060065e-01 3.197223499274934877e-01 6.492937967285825063e-02 1.000000000000000000e+00 2.048698273163348377e-02 4.411812283445630811e-01 6.942175652756127358e-02 8.929690073324096644e-02 6.425964033198727776e-02 6.008979208127878113e-01 8.924704255785080587e-02 8.192987669719782318e-01 -1.473630958633273189e-02 4.681169105670529573e-02 7.806299794814003379e-02 1.812624031522710177e-01 1.895628197775178769e-01 -7.517252413037991965e-02 5.891321285665161722e-02 5.676715310340381127e-01 3.093796924867442955e-01 2.555851187989059969e-01 4.315532087686295148e-01 2.392212839218682552e-01 5.879336931085738654e-02 2.334366672757252070e-01 2.248458293941452482e-02 4.275880286270191677e-01 3.611881901311118637e-01 2.184344779905472711e-01 -5.673180018799239832e-02 -3.765347077211654570e-02 1.562142374816503365e-01 3.156460081939941875e-01 3.329594811755721140e-01 3.053879863040458997e-01 3.089849851479524456e-02 1.088569643642917972e+00 2.269887563495553290e-02 5.231413800215616305e-01 1.189593391508416004e-01 1.141948040295012179e-01 4.311512975182069801e-02 6.307251348975070337e-01 6.645053812598274157e-02 8.216718303872133644e-01 -5.573882340884468711e-02 9.147470473467192442e-02 3.984287593666480803e-02 2.410506443696937007e-01 1.548819331203493410e-01 -1.726845022930726947e-01 8.377657833639068352e-02 6.061257427112183294e-01 3.227363375148734059e-01 2.641246930108373525e-01 4.834103226765831818e-01 2.977789548415247234e-01 4.824356556415103359e-02 2.161208432810663993e-01 2.663583627330324416e-02 5.282735936256612863e-01 2.970999308028590136e-01 2.992632807798839001e-01 -1.722147523444868544e-01 -9.072676862506670256e-03 1.332190468158345187e-01 3.519280762286895459e-01
3.555770578093992579e-02 6.349143350745435968e-03 4.811061552256544471e-03 2.048698273163348377e-02 1.000000000000000000e+00 5.855265649324978977e-02 1.796586660668154228e-02 3.665558588062566014e-02 4.569868296556919840e-02 1.592293445610327290e-02 4.023182673322371616e-02 1.228626762154532912e-02 5.054023561740512288e-02 4.754284009537859679e-02 7.183084173008888462e-02 1.084897752963825783e-02 1.359322472137243498e-02 3.371810766032404955e-02 2.604482832112800517e-02 -9.804068118060517076e-04 4.476332616547341187e-02 1.948005811584875568e-02 3.627785063436638618e-02 3.238513720381417521e-02 2.947020266953086221e-02 -1.328156506477084706e-02 8.871240416685912192e-03 -3.016611753804600976e-03 6.276401242711056316e-02 -1.333995476877237150e-02 2.456986717510028714e-02 9.048030531080611394e-02 2.258049282905191454e-02 1.901869030286882853e-02 2.714230954858022626e-02 1.403569019568381548e-03 1.512540364964059560e-02 3.314227041683687897e-02 3.637276769274756100e-02 3.924182441564848245e-02 2.341278281571589071e-02 1.293227598319336702e-02 4.578726058368259855e-02 -1.203208625424553174e-03 5.154218907989879805e-02 8.479863500664088991e-03 4.947921497850187034e-02 5.342322829197208162e-02 1.382820592336125171e-02 1.148060610610356427e-02 3.076341324326854060e-02 4.257688537446294164e-02 3.739785789768892976e-02 -1.857793452688059899e-02 4.526788754044629853e-02 -2.523229513532995738e-03 1.957208070914937675e-02 3.524631142517537646e-02 1.038048962046936308e-02 -2.471661818125977551e-03 9.971390556230322333e-03 -6.274989471557999160e-03 8.128747564165768325e-02 -9.690836209840437976e-03 -4.558448947511620913e-03 5.121516918680836528e-02 4.240626247539978910e-02 6.113306883412650966e-03
3.886939142756850041e-01 1.699232345457418747e-01 2.049579736414703368e-01 4.411812283445630811e-01 5.855265649324978977e-02 1.000000000000000000e+00 2.863093112545056496e-01 3.532670410761920565e-01 1.185702050664237811e-01 5.768993463936623600e-01 1.707292527541161842e-01 5.387630429933574217e-01 1.272976037235671876e-01 2.089124501589356142e-01 2.668957143384270703e-01 1.665647034015625139e-01 2.332295959505640282e-01 6.506926241199230410e-02 1.337851626522351678e-01 3.630442222768555105e-01 2.350291360551446662e-01 2.344907779256631408e-01 3.087439610031464943e-01 2.827996966616206920e-01 1.217216731447694905e-01 2.477007439340860873e-01 1.554517999869378109e-01 4.528749040802320103e-01 3.352598838051643049e-01 1.890089415145246865e-01 5.502321914694770222e-02 7.025965485689489309e-02 1.320788933205097326e-01 1.970661229607471032e-01 3.275904295800671218e-01 2.089197122267371642e-01 1.897185590517875831e-01 3.908948037967773237e-01 9.537156111749264809e-02 7.266583135495594536e-01 3.361366017797343675e-01 3.621955498661684203e-01 1.242973547774656323e-01 5.364713676898600347e-01 1.939932737344996216e-01 5.140673190465451237e-01 9.138058439409152411e-02 3.198082408360493623e-01 1.883448673990506528e-01 1.631375439131237948e-01 2.091907199824719066e-01 2.482949874773317592e-02 2.409396101047893424e-01 3.441642921974079061e-01 2.731204365224180752e-01 2.153090638746273655e-01 3.480782408768874348e-01 3.468204770360185929e-01 6.261778695440549380e-02 2.081956575918106622e-01 1.773875834175688837e-01 4.948256217600105478e-01 2.886861745793343204e-01 2.508773088356752168e-01 -5.614459166279953811e-03 6.331090595647154151e-02 9.624628106114617443e-02 2.293603830359254303e-01
3.194929574051911247e-01 6.554906975476569586e-02 1.049831331208935126e+00 6.942175652756127358e-02 1.796586660668154228e-02 2.863093112545056496e-01 1.000000000000000000e+00 4.730465939251300433e-01 5.135339190367200768e-01 2.088283290058344788e-01 3.502517822730956687e-01 2.732460480030182715e-01 4.945192237619836506e-01 7.805649422352860523e-01 2.800863360724739626e-01 1.365420224166206120e-01 4.571879469263194773e-01 5.891256512347200491e-01 4.040797892221180687e-01 3.773471424217501591e-01 2.080730355871169279e-01 3.998668321844625617e-01 1.914247235822534587e-01 7.272380120381440882e-01 4.332253611518170899e-01 5.807915510537116077e-01 8.798116568189575659e-01 1.709212768507558100e-01 2.867937684275405630e-01 2.692910703447995435e-01 4.954217258073544405e-01 1.234492051431448079e-01 1.758792027166132810e-01 7.743370331925299166e-02 9.635985841771656235e-02 1.286020824550003841e-02 5.315823161648141060e-01 7.846465614864612734e-03 9.418673169279599688e-02 2.202043909648769282e-01 8.392496367549547864e-01 3.847656742390507256e-01 4.430709292795689258e-01 1.502849635480427160e-01 2.838024821026228217e-01 1.794662907281706909e-01 4.587379443612319418e-01 5.600395907517096150e-01 2.096869331331144837e-01 8.934335237165645649e-02 1.937508700919773341e-01 4.510073312992237682e-01 1.986483460181034666e-01 2.770730109525325613e-01 2.397212847727708818e-01 2.100982528101004720e-01 1.014438591141352125e-01 5.451159490690549170e-01 2.789382355764319366e-01 2.967923340021532685e-01 5.895175134321803956e-01 1.281617099760562761e-01 2.461623006699694138e-01 8.061409635128150009e-02 4.097335161553207206e-01 9.266880142548966637e-02 1.672114901558394429e-01 7.190292088367207513e-02
2.716642997272172844e-01 1.220250290722004333e-01 4.137406906071674495e-01 8.929690073324096644e-02 3.665558588062566014e-02 3.532670410761920565e-01 4.730465939251300433e-01 1.000000000000000000e+00 8.905431374099800901e-02 1.884063969070203515e-01 2.600993516434909614e-01 2.066460941036222521e-01 1.092811490633660010e-01 3.342708375186753678e-01 1.412014925892056960e-01 1.478019177146217555e-01 3.659267629673047528e-01 1.635653687184280836e-01 2.804391297247890713e-01 2.552497333163575299e-01 2.030279248098462719e-01 2.628110690076745914e-01 3.375806406293815898e-01 1.936198787063377891e-01 1.268521698353360649e-01 4.933874354216452041e-01 3.376695363978701736e-01 4.552985560778289864e-01 1.635597190498581655e-01 5.241374148414454925e-01 6.177586540248203306e-02 -7.854223766529982304e-03 8.131279246127688654e-02 1.552254636831101597e-01 1.362756010876693957e-01 7.380915127103571116e-02 2.445274347898117595e-01 4.458569800919363196e-02 8.471825126089899127e-02 2.586768325779902344e-01 3.074451818808296988e-01 3.796231283589683869e-01 4.558275780642417896e-02 1.224010615851882089e-01 2.297438319651077809e-01 1.414667091422768808e-01 7.901016683574391131e-02 1.931250580667474015e-01 4.574083651507937498e-02 1.131564015572069093e-01 2.865391428049456901e-01 1.514924156315608783e-01 2.093860260504618875e-01 1.672003908271162964e-01 2.023389488388789847e-01 1.710029825726401553e-01 2.207365102871287343e-01 1.367984206519791412e-01 -1.165094156605321618e-02 2.544238760384130438e-01 1.455784574458270364e-01 3.080915427501448867e-01 1.445592444674754229e-01 3.166909976818771955e-01 6.448032255872060761e-03 5.535650822508086238e-02 7.146362384872823048e-02 1.454363088720613262e-01
1.087815902021510156e-01 -2.524136966674130414e-02 3.565820541831350998e-01 6.425964033198727776e-02 4.569868296556919840e-02 1.185702050664237811e-01 5.135339190367200768e-01 8.905431374099800901e-02 1.000000000000000000e+00 1.641672537395333920e-01 1.501874253640207157e-01 1.721961160434981597e-01 4.901578878541609230e-01 3.803300788998912330e-01 2.788816973523507436e-01 6.216145464204245880e-02 6.323623282774425147e-02 3.324024681355842725e-01 7.693601543183603564e-02 2.391420981353665209e-01 1.433424855765930428e-01 2.144928173818091977e-01 1.055655485422175334e-02 5.488145883741217812e-01 3.453432547951441611e-01 9.272980488413215538e-02 4.011975956833782053e-01 -1.465323508933982222e-01 2.693913629710704138e-01 -1.226094610237686844e-01 3.726366446225667373e-01 1.454278540678662357e-01 1.311913748239339761e-01 9.216956049266360196e-03 1.275506066162099793e-02 -3.952635133313027460e-02 2.193031541298786635e-01 1.233317434560441544e-02 5.223063799109899791e-02 8.042389034312104334e-02 4.139456202253554706e-01 1.136756473164905468e-01 4.935892506003072833e-01 1.094495820619261067e-01 1.384034864185557379e-01 7.817547394915858039e-02 4.976598394890623944e-01 3.460154409308386358e-01 2.020714770741577904e-01 -3.960596760627765889e-03 -2.627358455435280238e-02 2.889072698797340855e-01 -2.000714411871030995e-03 1.907364829012784535e-01 1.550875042907304269e-01 1.087416697599588311e-01 -1.294876919740262783e-02 4.111147035975887265e-01 2.835882558345573234e-01 6.007776132998873808e-02 3.382136091950942447e-01 -1.189446609585746301e-01 2.270562364296999369e-01 -1.621453886360982588e-01 3.346570447288199635e-01 7.000075329974209115e-02 1.385399461584287395e-01 7.784567254564583004e-03
4.165958381567463897e-01 1.905715090841110515e-01 1.680772361204853627e-01 6.008979208127878113e-01 1.592293445610327290e-02 5.768993463936623600e-01 2.088283290058344788e-01 1.884063969070203515e-01 1.641672537395333920e-01 1.000000000000000000e+00 9.977059461195814105e-02 5.955945575844238116e-01 1.119305637854156876e-01 1.730538670630462628e-01 1.354728141186596624e-01 1.591829145902734777e-01 1.919488343141051989e-01 7.204350336108017450e-02 9.429531742950773843e-02 5.184855913637861358e-01 2.996855448079975837e-01 2.094064671058993021e-01 3.889173301398815008e-01 1.969399848768105810e-01 1.052774275391306635e-01 1.683775186642600952e-01 8.949329530691454981e-02 3.044312055148611917e-01 3.882975696312579439e-01 1.118565470149838759e-01 2.748217086359418249e-02 9.424271371420446172e-03 1.280224549055445915e-01 2.230546298714103925e-01 3.452268625700394833e-01 1.928659978410957598e-01 8.278576348328829659e-02 5.345753479641698336e-01 5.130433852315360865e-02 6.751784754486103157e-01 2.129288371339629615e-01 2.134080253238631875e-01 1.153569513182753914e-01 1.328921504290645927e+00 1.234122060562488354e-01 4.786780817412020772e-01 8.014997199680953810e-02 1.870546134365468904e-01 1.179538263410062626e-01 1.561738042846004537e-01 1.593219348878436581e-01 -1.772982815812097768e-02 7.468145387036574656e-02 4.009317278341826274e-01 3.211138742169923344e-01 2.096893374243859742e-01 4.462239899568786750e-01 2.225537398893429608e-01 7.507600032292903458e-02 1.644893106942093286e-01 4.875302896906208439e-02 4.372777059096961683e-01 3.132290321472385175e-01 1.982358391711049606e-01 -4.430539390745683731e-02 3.686023698687758421e-02 1.197508751949397654e-01 2.752645235093474918e-01
3.066503584649358793e-01 1.716739102244994042e-01 3.937167796505174899e-01 8.924704255785080587e-02 4.023182673322371616e-02 1.707292527541161842e-01 3.502517822730956687e-01 2.600993516434909614e-01 1.501874253640207157e-01 9.977059461195814105e-02 1.000000000000000000e+00 1.995856593564760695e-01 2.988995735588487745e-01 3.897317043018544980e-01 1.387367136409406176e-01 8.230364874477724690e-02 4.450684169868476814e-01 3.550542124225826712e-01 3.981960035663563158e-01 2.300004278386481582e-01 1.152667779673899884e-01 2.326493160685353390e-01 1.657584559267449298e-01 2.238364859367655835e-01 2.408089010925986984e-01 4.204390218108269295e-01 4.211741714884905119e-01 1.193979995385943682e-01 2.464863847679792386e-01 2.160121386630103890e-01 2.471764088804594695e-01 8.726816580080354324e-02 1.611471008411693162e-01 2.009530737274823897e-01 1.475428425692024426e-01 1.035301447726770796e-01 1.854122637211414737e-01 9.036233268468507607e-02 9.143217548253118609e-02 1.267973219140196839e-01 2.209398635983327031e-01 1.506928278258531650e-01 1.144308800036833718e-01 1.166637207936682130e-01 2.209461278576801968e-01 1.426085521234456976e-01 1.587259808548701634e-01 2.374930165660580350e-01 5.706571851836363812e-02 7.235275113272536529e-02 2.324885271737723025e-01 1.468964601726517327e-01 3.473776727942112785e-01 2.006658374126823186e-01 1.438121077784499102e-01 1.232574064159028815e-01 1.098851104272410006e-01 1.776834796521015170e-01 1.775320334329860972e-01 1.718880018126910381e-01 2.716326919248026051e-01 9.050798504366952546e-02 2.048234316437869962e-01 1.210009108712181425e-01 9.283670955884931741e-02 4.721062282463143328e-02 1.454933629303055143e-01 1.535467619953105878e-01
4.438973477539035484e-01 3.119372968311201477e-01 2.742245501458733248e-01 8.192987669719782318e-01 1.228626762154532912e-02 5.387630429933574217e-01 2.732460480030182715e-01 2.066460941036222521e-01 1.721961160434981597e-01 5.955945575844238116e-01 1.995856593564760695e-01 1.000000000000000000e+00 1.086144299269050650e-01 1.785227461637078905e-01 1.492454614531655566e-01 2.034113452314745274e-01 3.004581482524020242e-01 7.156895427710927016e-02 1.682327003995310599e-01 7.340906626955976400e-01 3.118433314503578080e-01 3.363303399829375984e-01 4.479646087193550619e-01 3.314450706075042774e-01 1.876727007751751164e-01 3.838169165366490665e-01 2.423957884055956136e-01 4.333380233924215563e-01 3.962413043430741966e-01 2.493446246209911066e-01 4.397144192947809171e-02 -1.360062429436317659e-02 2.089621959494553927e-01 2.954259814864720890e-01 3.125739331092012296e-01 2.732770364416105546e-01 1.723438701783924776e-01 7.442266409758513390e-01 3.822331305310293359e-02 5.972209329686613000e-01 2.785877412438745315e-01 1.922934172983123136e-01 1.197252850500247767e-01 5.832709254831082157e-01 1.676631412009190192e-01 9.174455223705902940e-01 5.507324890942337514e-02 1.826436438828837883e-01 8.657266404273594729e-02 2.222965387147869398e-01 2.240306391974685729e-01 -4.270669404896506455e-02 1.518595235772534635e-01 7.580985330460128235e-01 3.405511702906057203e-01 2.774939558223648017e-01 4.562400322859336832e-01 3.547787961280623459e-01 1.221815314884088233e-01 2.932401474317519741e-01 1.916197356523830497e-01 4.794103343123078398e-01 3.280990673122879953e-01 2.858585668502736654e-01 -5.456921572005059284e-02 4.405362193651489455e-02 1.811300777706963405e-01 3.183811470538134847e-01
1.617220620612199733e-01 -4.606634178579313565e-02 3.760434181809412246e-01 -1.473630958633273189e-02 5.054023561740512288e-02 1.272976037235671876e-01 4.945192237619836506e-01 1.092811490633660010e-01 4.901578878541609230e-01 1.119305637854156876e-01 2.988995735588487745e-01 1.086144299269050650e-01 1.000000000000000000e+00 5.337586170240963268e-01 2.278166530028429559e-01 7.214831051977772802e-02 1.779657177680358249e-01 4.789712653488491512e-01 2.003642790341267355e-01 2.032404891868336283e-01 1.674715844351242489e-01 2.024888491143609637e-01 2.985752030535674534e-02 4.341532218593756598e-01 4.318576293662240717e-01 8.970319083764639878e-02 5.141603990927422485e-01 -1.491311662537533056e-01 2.488488327446992665e-01 -8.857257040430076278e-02 5.060419900624919531e-01 2.273714234544657875e-01 1.171256956439999247e-01 1.513856817866274587e-02 1.806930798450128231e-02 -7.376467777257517122e-02 1.349901460999077263e-01 -3.772472407662413874e-02 6.057310106883798118e-02 8.061228880538734431e-02 3.185146026095702076e-01 1.169147286288245297e-01 4.296964582189966020e-01 8.389428837812293316e-02 1.749196165066363440e-01 2.710493782519152184e-02 5.391853542440255831e-01 3.922948411810064928e-01 1.774659988341376060e-01 3.524293233443248630e-04 -5.988978869500230506e-02 3.068749471347961832e-01 9.989200430110556361e-02 1.480932249049154714e-01 1.927009186764085946e-01 6.375450849709569934e-02 -3.170830246517404583e-02 3.110376669888311740e-01 2.953541815013300265e-01 -4.640192579509588161e-02 3.583289712826259743e-01 -1.235143840302534574e-01 2.077571314259680779e-01 -1.770915096195102012e-01 3.772390429942119039e-01 6.818280377493107780e-02 1.130584363606947779e-01 -6.777839474698345648e-03
5.162531757164194879e-01 9.183441721738044849e-02 6.608765647809586863e-01 4.681169105670529573e-02 4.754284009537859679e-02 2.089124501589356142e-01 7.805649422352860523e-01 3.342708375186753678e-01 3.803300788998912330e-01 1.730538670630462628e-01 3.897317043018544980e-01 1.785227461637078905e-01 5.337586170240963268e-01 1.000000000000000000e+00 1.803761451507043811e-01 1.408961006677424688e-01 6.077221613880692264e-01 8.689580039349249496e-01 6.482264552314433992e-01 2.264629710803847118e-01 2.291621487475103414e-01 2.841104453645993955e-01 1.713452319050260964e-01 3.859853780944457746e-01 2.869871327545455708e-01 2.985189768055187542e-01 7.895900591653752798e-01 -3.759140675322120498e-03 3.554709876409546943e-01 1.898513868259273651e-01 5.913717122465141918e-01 2.926234796373717861e-01 1.225180272711713786e-01 1.419738336724687966e-01 1.055331921979655307e-01 -1.890507047948277591e-02 2.305061703473187673e-01 2.204550853403370106e-02 9.234998141733172239e-02 1.451281334554346825e-01 3.781200604369393536e-01 2.539169746649125314e-01 2.950966577767874521e-01 1.245302754714869287e-01 2.352096730688817139e-01 8.667122894874360051e-02 3.771435630354819102e-01 6.408809423141728079e-01 1.151653711849638662e-01 5.384274463238786917e-02 8.885165816318937870e-02 4.241180363533791353e-01 3.675775064072571707e-01 1.363894165881957277e-01 2.672522873993967152e-01 1.092575732849843523e-01 7.046086648169259947e-02 2.832554347843980191e-01 2.650558982870552249e-01 2.195296924954449197e-02 4.866470568350550474e-01 -3.033792607307071731e-02 2.411232224083061093e-01 -1.741885499463725895e-03 4.006616389893905006e-01 1.102851369333398696e-01 1.121840279630402504e-01 6.476443826232188006e-02
1.299758473510276846e-01 2.351423105208727202e-03 2.028689962183611306e-01 7.806299794814003379e-02 7.183084173008888462e-02 2.668957143384270703e-01 2.800863360724739626e-01 1.412014925892056960e-01 2.788816973523507436e-01 1.354728141186596624e-01 1.387367136409406176e-01 1.492454614531655566e-01 2.278166530028429559e-01 1.803761451507043811e-01 1.000000000000000000e+00 9.288072906321702404e-02 6.272285732626016463e-02 1.158210388808374458e-01 5.050890642483955167e-02 1.394581440610203338e-01 1.174872157880705870e-01 1.455817166711885213e-01 6.381113555235354284e-02 3.395454147641269183e-01 1.957065697397780135e-01 1.103454373758547685e-01 2.024061467276242476e-01 2.548165893632416829e-02 2.094782479957334742e-01 -4.004215614059656453e-02 1.616494947969674134e-01 8.234931280637039497e-02 1.077351804005226843e-01 4.302299444100664283e-02 6.573537474039890804e-02 4.168480667609556628e-02 1.720166702566848782e-01 3.367608589239372979e-02 5.333318872288118906e-02 1.648816395582231586e-01 2.976179812002819336e-01 1.537451829508326151e-01 2.688597053029002648e-01 1.015444909048706101e-01 1.493307838277649624e-01 8.559042023240785724e-02 2.463580783062448432e-01 2.294716104171868887e-01 1.955850164091003374e-01 5.727655290501646596e-02 5.481615214365339467e-02 1.467538587935373062e-01 6.984902939134676747e-02 1.061910762727763247e-01 1.390156590434782902e-01 1.037315610347385730e-01 5.967568503964544580e-02 3.184167651104526375e-01 1.364575335652334909e-01 1.032129686462726070e-01 2.133887859864375680e-01 3.749547917380638418e-02 1.828549791590011742e-01 -1.001424407535769431e-02 1.411743256339871022e-01 5.228336596971425165e-02 7.180851327263196304e-02 8.785756290446747330e-02
2.064876428928692498e-01 1.928959379502986349e-01 1.152588868426565605e-01 1.812624031522710177e-01 1.084897752963825783e-02 1.665647034015625139e-01 1.365420224166206120e-01 1.478019177146217555e-01 6.216145464204245880e-02 1.591829145902734777e-01 8.230364874477724690e-02 2.034113452314745274e-01 7.214831051977772802e-02 1.408961006677424688e-01 9.288072906321702404e-02 1.000000000000000000e+00 1.531742321673512375e-01 6.495526145411578689e-02 9.661688009747265715e-02 1.153627999376581337e-01 4.351930253644019087e-01 3.159698288686585421e-01 4.174641588987907936e-01 1.934082146498026789e-01 7.184317291826564089e-02 1.953180205759953436e-01 1.869547277481063141e-01 2.837120458225680375e-01 2.564006761182928140e-01 2.755389279328876451e-01 1.506806266169489691e-02 2.709775966635275674e-02 1.516057578735769684e-01 2.584140222298030865e-01 1.536435221537621743e-01 1.234630269024365734e-01 3.741222271859745430e-02 1.793250011673110933e-01 4.143841009952605597e-02 1.363313514599062137e-01 9.797168657397255231e-02 1.343158177765127748e-01 6.352146178272076449e-02 1.360425802476874779e-01 5.135876956637255852e-02 1.736880941212173290e-01 3.942131191426552494e-02 9.716919217524501440e-02 3.808196093147141192e-02 4.041555652853743852e-01 1.272270677015737983e-01 1.075032047482922526e-02 7.800554502851185512e-02 1.059860743596467564e-01 4.069004400408076094e-01 2.267057013553046285e-01 3.820673482380599895e-01 1.787223832398466550e-01 5.703257698276834563e-03 1.025566874199979189e-01 1.389659211264905325e-01 2.893303879576534232e-01 2.550582599411203577e-01 2.706375270937518285e-01 -4.169046672471923148e-02 9.735357557237492299e-03 1.476524522343877766e-01 2.213840866316942324e-01
5.970129328011044567e-01 3.009529288852047513e-01 6.189525974963211441e-01 1.895628197775178769e-01 1.359322472137243498e-02 2.332295959505640282e-01 4.571879469263194773e-01 3.659267629673047528e-01 6.323623282774425147e-02 1.919488343141051989e-01 4.450684169868476814e-01 3.004581482524020242e-01 1.779657177680358249e-01 6.077221613880692264e-01 6.272285732626016463e-02 1.531742321673512375e-01 1.000000000000000000e+00 5.134336887365452684e-01 9.123121032326937385e-01 3.557142555768612047e-01 1.878603955893204391e-01 2.801734405881020074e-01 3.551772629380902657e-01 1.865162242413204718e-01 1.520678350523579636e-01 6.578843618152460104e-01 6.518426983323768464e-01 2.253893612193477169e-01 3.049318028245719958e-01 4.369760578070807089e-01 2.328127678726556737e-01 7.757827165952471682e-02 1.702144229487983496e-01 3.072880474909321924e-01 1.842250492590118693e-01 1.832826740513074926e-01 2.157429725317396019e-01 1.903266383724376565e-01 5.814586689826824195e-02 1.825497894387708986e-01 1.781552472971555112e-01 1.619525932753727304e-01 2.697628806193427473e-02 2.026842177865540995e-01 1.989311992337192414e-01 2.469240156526099628e-01 3.115680983921832042e-02 2.377138043144281787e-01 5.006689920693237726e-03 1.567138840176342807e-01 2.787506480108843943e-01 1.375745595988146219e-01 4.469321492059275536e-01 2.631553120964167936e-01 2.197510105049669538e-01 1.514222147588693557e-01 2.412550314937285945e-01 1.202193024343656685e-01 9.229832896458331493e-02 2.118845472785262085e-01 2.858353789121886868e-01 1.803524092127729295e-01 1.981549267746291754e-01 2.208465270566553618e-01 4.450772247272572618e-02 2.196617261369299481e-02 1.369467979457805740e-01 2.069774306226378757e-01
3.572721950846839412e-01 -1.530017763329717326e-02 5.831485401975778915e-01 -7.517252413037991965e-02 3.371810766032404955e-02 6.506926241199230410e-02 5.891256512347200491e-01 1.635653687184280836e-01 3.324024681355842725e-01 7.204350336108017450e-02 3.550542124225826712e-01 7.156895427710927016e-02 4.789712653488491512e-01 8.689580039349249496e-01 1.158210388808374458e-01 6.495526145411578689e-02 5.134336887365452684e-01 1.000000000000000000e+00 7.040968986236982863e-01 1.532380743551290669e-01 1.086775057907428954e-01 1.260846483863629630e-01 -2.025824707252363299e-04 1.755729600835508608e-01 2.547675051389787226e-01 1.772093789410312814e-01 7.025532050024685393e-01 -1.912719931286511743e-01 2.361881826854316246e-01 -4.806198368121522568e-02 5.411193595198799944e-01 2.606521005342733455e-01 1.079502861343924897e-01 1.853479527722749765e-02 -8.147634872376057630e-03 -1.361841027454256947e-01 1.340300697287961362e-01 -8.326326269438899530e-02 8.367498580983054324e-02 1.561527875214881872e-02 2.074549439001731332e-01 8.603851589540929823e-02 2.433312322481491485e-01 4.247077858796995120e-02 1.480680899099881265e-01 3.447157712353987602e-03 3.437513048559230899e-01 3.904531705537995778e-01 1.034481107319632220e-01 -4.518021693710377873e-02 -1.115524887320009512e-02 4.618513282235399142e-01 2.606242938312940960e-01 8.541728442954876765e-02 1.497043806684054124e-01 -3.473340280284827747e-02 -7.590720627867096615e-02 8.250620149921508717e-02 2.023058569299383547e-01 -1.128814293769993399e-01 3.535108353930727088e-01 -2.021615409255183848e-01 1.363954154010627029e-01 -2.145523297825432385e-01 4.036050696441384478e-01 6.751457526945789378e-02 1.111317546309493060e-01 -7.224337772321196005e-02
5.692525315653784723e-01 1.397623810726836835e-01 5.558979505341596905e-01 5.891321285665161722e-02 2.604482832112800517e-02 1.337851626522351678e-01 4.040797892221180687e-01 2.804391297247890713e-01 7.693601543183603564e-02 9.429531742950773843e-02 3.981960035663563158e-01 1.682327003995310599e-01 2.003642790341267355e-01 6.482264552314433992e-01 5.050890642483955167e-02 9.661688009747265715e-02 9.123121032326937385e-01 7.040968986236982863e-01 1.000000000000000000e+00 1.934299168168450711e-01 1.166642826109347414e-01 1.297102987108377792e-01 1.917179559288189894e-01 4.933783774271866679e-02 9.634253587009544706e-02 4.094826868151503207e-01 5.862624053696793291e-01 4.634690614553958060e-02 2.590792949083207120e-01 1.983113007593417243e-01 2.586774821610678399e-01 1.491353119908583880e-01 1.011793541493199999e-01 1.391524955400187946e-01 1.023245010770905683e-01 1.469138018167736107e-02 1.269050517492829877e-01 6.129657906495736969e-02 7.455892949773776368e-02 8.305757084142430247e-02 8.026916560873859074e-02 8.929020316036266613e-02 1.652413002639764247e-02 1.034245041051900238e-01 1.538777546247337702e-01 1.084395714557163382e-01 5.147106901371607118e-02 2.311623505016744684e-01 2.008966491079844721e-02 5.090658804499096496e-02 1.508582000215983321e-01 2.444407590708565503e-01 4.066024506151805218e-01 1.324037539218017034e-01 1.644466704932367185e-01 -2.130819406390561249e-02 1.011688432936947435e-01 -1.794483691684510898e-02 4.900718204517916926e-02 1.552711031891806578e-02 1.887773865635032078e-01 9.382435350699450116e-04 1.516970408733606113e-01 -1.513557127357057636e-03 1.066594751632266858e-01 2.453307588592058830e-02 8.789068226091305280e-02 4.110661888763348509e-02
3.067608862908577927e-01 2.605534712042448797e-01 3.715581374039296780e-01 5.676715310340381127e-01 -9.804068118060517076e-04 3.630442222768555105e-01 3.773471424217501591e-01 2.552497333163575299e-01 2.391420981353665209e-01 5.184855913637861358e-01 2.300004278386481582e-01 7.340906626955976400e-01 2.032404891868336283e-01 2.264629710803847118e-01 1.394581440610203338e-01 1.153627999376581337e-01 3.557142555768612047e-01 1.532380743551290669e-01 1.934299168168450711e-01 1.000000000000000000e+00 2.166150918191299402e-01 3.553607028102198084e-01 3.698249685332250514e-01 3.890106395938643380e-01 2.441524762296173878e-01 4.309862798487856805e-01 3.835116876485463178e-01 3.198954852461555198e-01 2.450081696001934761e-01 2.907368460202647276e-01 1.095688809004593395e-01 -2.463167608655392540e-02 1.674613668406994271e-01 2.679540984870428799e-01 2.187281711685183927e-01 2.026892849799505902e-01 2.151980794259248930e-01 4.892819806143536843e-01 3.724655770433164814e-02 3.975607946343939214e-01 3.278873447219288750e-01 1.782077584052803032e-01 1.725808928696545008e-01 4.727889790385260138e-01 2.145111883925140406e-01 6.097889433494181333e-01 1.420737905724798189e-01 1.747965548337654940e-01 5.797426997455479292e-02 1.552269128691802225e-01 2.168140045856819798e-01 2.270803444734631471e-02 1.711608737426378590e-01 9.924642902636999775e-01 2.149543496174392554e-01 2.528978958988048475e-01 3.255909845510952527e-01 3.355648505786703040e-01 1.931879003126924232e-01 2.676651044433814852e-01 2.536894303183373500e-01 3.346812558950164052e-01 1.987276492733971167e-01 2.207091885575753198e-01 2.481017376833325253e-02 1.439127483149631355e-02 1.709497581296096635e-01 2.580762101545952536e-01
3.439057656927449469e-01 2.169484376246612611e-01 2.200080312891692091e-01 3.093796924867442955e-01 4.476332616547341187e-02 2.350291360551446662e-01 2.080730355871169279e-01 2.030279248098462719e-01 1.433424855765930428e-01 2.996855448079975837e-01 1.152667779673899884e-01 3.118433314503578080e-01 1.674715844351242489e-01 2.291621487475103414e-01 1.174872157880705870e-01 4.351930253644019087e-01 1.878603955893204391e-01 1.086775057907428954e-01 1.166642826109347414e-01 2.166150918191299402e-01 1.000000000000000000e+00 3.787068294399072999e-01 7.749479468970933427e-01 2.643113905336792469e-01 1.273044069741906814e-01 2.120459443313592041e-01 2.390242217312613382e-01 3.418631610444629598e-01 4.501852689727710022e-01 3.792649063009402299e-01 1.088073107526486283e-01 1.746599978629361644e-02 2.537712420528906998e-01 3.711288052244562929e-01 2.565759863091702786e-01 1.667334154810682922e-01 8.264836335399407263e-02 3.083701466184238793e-01 6.412935439654846026e-02 2.429502317145925683e-01 1.704154405338917655e-01 1.667191336647660671e-01 1.278571482807945026e-01 2.704179727719838722e-01 8.903270572979726794e-02 2.823117740443112922e-01 1.037114546287053463e-01 1.528443217922622055e-01 8.869155423195965171e-02 4.490994017283401196e-01 1.520464888001707426e-01 4.356639826987998565e-02 6.800776701359673160e-02 1.939533606213019179e-01 1.043477698693010103e+00 3.220084030044511048e-01 7.036537145877227450e-01 2.340333324357070088e-01 2.481692312787571464e-02 1.378393718775519361e-01 1.938515106272017952e-01 3.478741699883964311e-01 4.338438439023630244e-01 3.775908574696703601e-01 1.454524486963666707e-02 7.249871870341153060e-03 2.467042553285255513e-01 3.276965771120037285e-01
2.420363874677419203e-01 3.444287238043911570e-01 3.023499907948122845e-01 2.555851187989059969e-01 1.948005811584875568e-02 2.344907779256631408e-01 3.998668321844625617e-01 2.628110690076745914e-01 2.144928173818091977e-01 2.094064671058993021e-01 2.326493160685353390e-01 3.363303399829375984e-01 2.024888491143609637e-01 2.841104453645993955e-01 1.455817166711885213e-01 3.159698288686585421e-01 2.801734405881020074e-01 1.260846483863629630e-01 1.297102987108377792e-01 3.553607028102198084e-01 3.787068294399072999e-01 1.000000000000000000e+00 4.379285906690078001e-01 4.692014857835058450e-01 2.560466986863506600e-01 4.344784064990288575e-01 4.160675143198971915e-01 3.422406591763207939e-01 2.910718044635035584e-01 4.629596005882675724e-01 1.605427208599264632e-01 1.014405699369504490e-02 2.138203007520340371e-01 3.658715947756166487e-01 2.131634841023223870e-01 2.515386851127811019e-01 1.856797028919654757e-01 2.547648275482438662e-01 3.297790409462170169e-02 2.018016547270275463e-01 3.079013452554152930e-01 2.016651638532758473e-01 1.856662950157376146e-01 2.061211913601899703e-01 1.793773552511457314e-01 2.914092750030126133e-01 1.675575074547416277e-01 2.198915116624206578e-01 7.620903302937660773e-02 3.358246276775251893e-01 2.345140646418793218e-01 2.259478101389651022e-02 1.818875393606879109e-01 3.300733543827198968e-01 3.648938114680913003e-01 4.477816840569215917e-01 3.789148283682383100e-01 4.090874660354329451e-01 1.829999412893600352e-01 2.870409358418313794e-01 3.439221570016538498e-01 3.137259776328623073e-01 2.935260272601909470e-01 3.951621750743237182e-01 4.566891347256117617e-02 2.470162317996208584e-02 1.891751535893642089e-01 3.553565389319324197e-01
4.536775523891899420e-01 3.730797258572069452e-01 2.680369572762392738e-01 4.315532087686295148e-01 3.627785063436638618e-02 3.087439610031464943e-01 1.914247235822534587e-01 3.375806406293815898e-01 1.055655485422175334e-02 3.889173301398815008e-01 1.657584559267449298e-01 4.479646087193550619e-01 2.985752030535674534e-02 1.713452319050260964e-01 6.381113555235354284e-02 4.174641588987907936e-01 3.551772629380902657e-01 -2.025824707252363299e-04 1.917179559288189894e-01 3.698249685332250514e-01 7.749479468970933427e-01 4.379285906690078001e-01 1.000000000000000000e+00 1.829329355515032784e-01 7.184938047977870723e-02 4.537183562297829598e-01 2.814544820574944040e-01 6.053857869604768460e-01 3.788516294137662666e-01 7.387711280582061057e-01 -3.906247725361494672e-02 -6.179643718462497770e-02 2.307085631971356465e-01 5.047230586500334182e-01 4.243251672321121659e-01 2.847063991857158305e-01 1.093530505027640876e-01 4.216282949009710346e-01 7.001375507653823105e-02 3.661704184286482811e-01 1.327410728880657476e-01 2.142977814056561403e-01 -1.144436864985153707e-02 3.960057709106253876e-01 1.210448536130097758e-01 4.130549011511817081e-01 -4.295684839882765033e-02 5.107320257683573006e-02 2.745084705315673640e-02 4.902061148911024402e-01 3.361280596741808013e-01 -7.128108808654511075e-02 1.445656199634533234e-01 3.434259669269739135e-01 7.056329083602337349e-01 3.613251579747761011e-01 1.026174720537684326e+00 1.571841639181476569e-01 -4.246305098518528970e-02 2.755302922386871911e-01 1.491890705669599027e-01 5.716376620645593487e-01 3.408047573641188599e-01 6.582214055845130307e-01 -1.473025316921937611e-01 -3.331331012047649559e-02 2.076294821630016996e-01 4.626658722058272777e-01
