1.000000000000000000e+00 2.614544709717766535e-01 3.540375693090109244e-01 4.133555519018968782e-01 1.542083791312159613e-01 4.987494544919534589e-01 4.364890087413578201e-01 4.662481987668418704e-01 2.699592932774536602e-01 3.998631898901882087e-01 2.848114160977665010e-01 4.170173164697450474e-01 2.922529831078841123e-01 5.004782711205832957e-01 2.607990658919848159e-01 3.772849810785746660e-01 4.610574283637779991e-01 2.286052215562815737e-01 5.248710205513265059e-01 2.552912062462102116e-01 5.228187538875713747e-01 2.610885420046019645e-01 5.205543269865966494e-01 3.622265004783969400e-01 1.411100076508506052e-01 3.160410944591247051e-01 4.696688830434184170e-01 5.294033563015698718e-01 6.259939794790650991e-01 4.493048026458026922e-01 2.603723178180278319e-01 2.109028489509367221e-01 3.180851626452201875e-01 3.733548067719018038e-01 5.238168712003017369e-01 2.181642420038220898e-01 2.086161578809407613e-01 3.844517244099934228e-01 1.203537351307538417e-01 4.725990739105803695e-01 3.612384376391698515e-01 4.719826495337849925e-01 1.976842590263416799e-01 3.272877932586699123e-01 2.329469418126570157e-01 4.035476571469089335e-01 1.796673960273837967e-01 3.080147107048943345e-01 1.757458602891324995e-01 4.071361518487695008e-01 2.917124644299758374e-01 2.296557868045058792e-01 3.201949553177910746e-01 2.361449671414162232e-01 4.891039026897501807e-01 1.629769308495337410e-01 5.045230702854853755e-01 3.400916795094680589e-01 1.262997589270234422e-01 1.863049569454713339e-01 3.534140424558762650e-01 5.171262896701267486e-01 4.948915705619102434e-01 3.951323098902228548e-01 1.537568973492215718e-01 1.118349170270024062e-01 2.552205364782518249e-01 3.630184857188935021e-01
2.614544709717766535e-01 1.000000000000000000e+00 2.669951210996229785e-01 4.624077800571733121e-01 9.394015551288110999e-02 3.377529683695400520e-01 2.895939337611260211e-01 3.114426626004929144e-01 2.997241367233570708e-01 4.325899118532876009e-01 3.761360386645900000e-01 4.578251052761758144e-01 1.750820495657071929e-01 2.373809169261064667e-01 2.244266346815739777e-01 2.560541922918275204e-01 3.538359027623321218e-01 1.045563905827267132e-01 3.023718583197189114e-01 4.818429586436364653e-01 3.337879396323534253e-01 4.304554434233737736e-01 3.570789929798600659e-01 4.172947897451111388e-01 2.716199569213219589e-01 3.927552963543254894e-01 3.829695016667846730e-01 4.114247648945538738e-01 4.318378761419420231e-01 4.463624883224035500e-01 9.436336014622467849e-02 9.347463735946048846e-02 4.532338366844392841e-01 4.800014532565380909e-01 4.480359771426134508e-01 4.558083614172686038e-01 3.237053101873644256e-01 4.419485902140052325e-01 1.050300046577133661e-01 3.132366512410691417e-01 3.587246296539861601e-01 3.834352393957030092e-01 2.869234054500721109e-01 4.181705369286599083e-01 3.492115908767073895e-01 4.539899480470775406e-01 1.715736278390862790e-01 2.394336368060931974e-01 1.794889036864429910e-01 3.304472707726104352e-01 4.315806521308812593e-01 1.743546441872002306e-01 4.272252788892664244e-01 4.772841085624562885e-01 3.027932199374714917e-01 3.624049887135925574e-01 3.731113283032110317e-01 4.302946210306400343e-01 2.263123640090254907e-01 3.618232930998614982e-01 4.384082094718835809e-01 4.498193654467927960e-01 4.144343163596399537e-01 4.931842030745413052e-01 8.217506157049954407e-02 6.913878106855798900e-02 4.293112938177088833e-01 4.709460959971656369e-01
3.540375693090109244e-01 2.669951210996229785e-01 1.000000000000000000e+00 3.279204810859924768e-01 1.235163964971558725e-01 3.556047867835055998e-01 8.013533333765849864e-01 5.949994106897407153e-01 4.203819864724120947e-01 3.402673619028792618e-01 4.103396255977094231e-01 3.675546064548450009e-01 3.091404857757485969e-01 7.030135648879842769e-01 3.114152795597958656e-01 1.936139365852947436e-01 5.897806160609881942e-01 5.533303134683781321e-01 4.495355998519979246e-01 3.883555599699474170e-01 2.651755454505589915e-01 4.338365236849150430e-01 3.313654955643460243e-01 6.010037057547552575e-01 2.317347566627607769e-01 6.505725330291926012e-01 6.375282156076940154e-01 4.654666054979538226e-01 3.628380457478218579e-01 5.958249973723158677e-01 3.812953790516969699e-01 2.085310370932013657e-01 3.636758638676235167e-01 3.642599436836551630e-01 3.173172127971456424e-01 2.660452999536730978e-01 6.297442991218756836e-01 3.187132818581168148e-01 1.650161048940757547e-01 3.231838354391025070e-01 6.637458160448624911e-01 4.991543661960981537e-01 3.773867217239823546e-01 3.210760432549923937e-01 3.582570223816412547e-01 3.623885554686391841e-01 2.782780835333193425e-01 6.004255978543237005e-01 2.082726205353891968e-01 2.576951812715586598e-01 4.196218090125745648e-01 5.008474358517978064e-01 3.895474716389564773e-01 3.722013944957588416e-01 2.861449974467595858e-01 3.503550469138900225e-01 3.627773758964163986e-01 5.227573276910310041e-01 1.766803210726717310e-01 5.001189417461845421e-01 5.590553254422800933e-01 4.165313292753114460e-01 3.392178722493834342e-01 5.115901847780889300e-01 3.275505289728152802e-01 1.555839710958288602e-01 3.265966888025466641e-01 3.205277361170260630e-01
4.133555519018968782e-01 4.624077800571733121e-01 3.279204810859924768e-01 1.000000000000000000e+00 1.523976618246454806e-01 6.533606423338289559e-01 4.367199020095319795e-01 4.354877330158326010e-01 3.889852199342908601e-01 7.429837150528393330e-01 3.701296194968263786e-01 8.911666504340209904e-01 2.938861890308747671e-01 3.565433962647017729e-01 3.558196047345205115e-01 3.671192447908866452e-01 3.434572074800830710e-01 9.688964024330166958e-02 3.194031444233314532e-01 8.188334368140959274e-01 4.848117801675182470e-01 4.410500063907856205e-01 4.431766921094898448e-01 5.565219071961626796e-01 2.795398433638069946e-01 3.534144015034959008e-01 3.976015789168658721e-01 7.116742092256080898e-01 5.613225988416077339e-01 4.394046401142093772e-01 1.691134295855246938e-01 1.435003209437260285e-01 5.215216829271673848e-01 5.283950669876532613e-01 5.277752849165751048e-01 4.581265890366117977e-01 3.740719799237161580e-01 9.139115016101544420e-01 1.693961206232955097e-01 6.083714859973669009e-01 5.247648205481788564e-01 5.631173321651508079e-01 3.872266085486609777e-01 6.898200086854570090e-01 3.795045816574762476e-01 8.862259593743058161e-01 2.327134892759774587e-01 3.471505016468623972e-01 2.809794945841741498e-01 4.150226615872547042e-01 4.210495075051263747e-01 2.295689105689487919e-01 4.369573026947606298e-01 8.102340082056066484e-01 4.204560932110160132e-01 3.852262739014521986e-01 4.814149901673608345e-01 5.971178867380624311e-01 2.957846237747722151e-01 3.592964657215717006e-01 4.682287054863608633e-01 7.533985600686691209e-01 4.986563083918423844e-01 5.418915346469045380e-01 1.888577433076034096e-01 1.217880725612645182e-01 4.302431485388828469e-01 5.267394740327875358e-01
1.542083791312159613e-01 9.394015551288110999e-02 1.235163964971558725e-01 1.523976618246454806e-01 1.000000000000000000e+00 2.311048885257001861e-01 1.742342424195393591e-01 1.831432898800028908e-01 1.120195739276313579e-01 1.404906753883951587e-01 1.385350912094110432e-01 1.642816222861120390e-01 1.390916082355004579e-01 1.633111455683282365e-01 1.888815758716380355e-01 1.476846378390453129e-01 1.404509801553485704e-01 7.389665903346491482e-02 1.266973338173685293e-01 1.258824418952937119e-01 1.543781039269615241e-01 1.038174772611603208e-01 1.624758553406566997e-01 1.689620607294097798e-01 9.315343118492726282e-02 1.087094166183861510e-01 1.683531143766061056e-01 1.961062345336196389e-01 1.824932105856286180e-01 1.221575399902993520e-01 9.619119777549232919e-02 1.265286443589811460e-01 1.149114398380186308e-01 1.316130033049429660e-01 1.386747005293640367e-01 7.373497542496994239e-02 6.536322814275656590e-02 1.469868311645358139e-01 5.365594740159500275e-02 1.862722943054446745e-01 1.466626722967614427e-01 1.942298040302147255e-01 8.521254741796897847e-02 1.233987127629770086e-01 9.066884820802242895e-02 1.719743438628802690e-01 1.008449866491739066e-01 1.214345244807417123e-01 8.374187299446911315e-02 1.330623037126353880e-01 9.156029333113502311e-02 3.956452857959628922e-02 1.020623007997640413e-01 1.258929380208743676e-01 1.333107464221401361e-01 6.160862395929917606e-02 1.588457255500684284e-01 1.589699861042351559e-01 5.609007947136970818e-02 6.092505228577130283e-02 1.185621285919847140e-01 1.976199353952551585e-01 1.269476139174157137e-01 1.238788987896312643e-01 9.643824541535897521e-02 2.518022800809937428e-02 9.611256671497739323e-02 1.277572526604860981e-01
4.987494544919534589e-01 3.377529683695400520e-01 3.556047867835055998e-01 6.533606423338289559e-01 2.311048885257001861e-01 1.000000000000000000e+00 5.380105860548396457e-01 5.949342012393634693e-01 3.695271837252862568e-01 6.795829741336406604e-01 3.632428968757216436e-01 7.058015775619876919e-01 3.480517585994281071e-01 4.793598582343941983e-01 4.361835846078067624e-01 4.071427555116360342e-01 3.753809880154726497e-01 1.858146874081988975e-01 3.530104401383106216e-01 5.203018741235709843e-01 5.104481084231381471e-01 3.360185823830540430e-01 5.180728281871849195e-01 5.069828395770764606e-01 2.714925732596254471e-01 3.752785917964225337e-01 4.599052402620931734e-01 7.055762879891451789e-01 5.815552601786549980e-01 4.534247372846986757e-01 2.280459821860666980e-01 2.295026777900494308e-01 3.883417325511635543e-01 4.725421950334003918e-01 5.205171442935264681e-01 3.014425503871087653e-01 3.213082212182069020e-01 6.213177383391305098e-01 1.953657025135897840e-01 7.455705679421251730e-01 5.421333850775984509e-01 6.233907467904639121e-01 3.463042286209986331e-01 5.948330505982662997e-01 3.381148849093663644e-01 6.881403865265943720e-01 2.919626698342985827e-01 3.991484333919933514e-01 3.125835332650949705e-01 4.424823439171751138e-01 3.598749223143363762e-01 2.306500716975025400e-01 3.808065128062122495e-01 5.165261211562583998e-01 4.697578491090245723e-01 2.454080828973702610e-01 5.504673303138279961e-01 5.395838559035739390e-01 2.259832612854302814e-01 3.077814097125438630e-01 4.470541648573543303e-01 7.283036950025871814e-01 4.486134195411652925e-01 5.025311130553224981e-01 2.292666920530868901e-01 1.204997166062665576e-01 2.913980404514522338e-01 4.459468255623151300e-01
4.364890087413578201e-01 2.895939337611260211e-01 8.013533333765849864e-01 4.367199020095319795e-01 1.742342424195393591e-01 5.380105860548396457e-01 1.000000000000000000e+00 6.711465950836406069e-01 5.970645281828463879e-01 4.888226212060825526e-01 3.947315401821211989e-01 5.110030053297807129e-01 4.686205179311926372e-01 8.405530769854043793e-01 4.456433178551149066e-01 2.928381349199620787e-01 5.284573309817776066e-01 5.501765801379590037e-01 3.868453125010059557e-01 4.569729664726391860e-01 3.776385935363453794e-01 4.951297133090394320e-01 3.786736604296538911e-01 7.637876002808463571e-01 3.478352954295433341e-01 5.581264721217613634e-01 7.046273631289161621e-01 5.651288759531774009e-01 4.618274558526539453e-01 5.897705866250202433e-01 4.632325099062112317e-01 3.100248031311177987e-01 4.189867615336367868e-01 4.200236734885281487e-01 3.953251711065228768e-01 2.783346941709889388e-01 5.882653256599126301e-01 4.299944017493082526e-01 2.235541789149281255e-01 5.091316043276575831e-01 8.036406888414735494e-01 6.276911264322082573e-01 5.390220149188883481e-01 4.563041015240396625e-01 4.030604368546989447e-01 4.992539043066567261e-01 4.135183418405214417e-01 7.186730174319954090e-01 3.241518757454414645e-01 3.488501975339902694e-01 3.589092653594775362e-01 5.148949417138978246e-01 3.733546019243919600e-01 4.437685027146154870e-01 3.928753064783309656e-01 4.107193998533700263e-01 4.516733795293283449e-01 6.920458035833415567e-01 2.626727294015506198e-01 4.565117768140144472e-01 6.269430835697787918e-01 5.451653720635057931e-01 4.140906329905436611e-01 5.293653152856560018e-01 4.455888785200426971e-01 2.361811559856477061e-01 3.717966296406424731e-01 3.745531285145370370e-01
4.662481987668418704e-01 3.114426626004929144e-01 5.949994106897407153e-01 4.354877330158326010e-01 1.831432898800028908e-01 5.949342012393634693e-01 6.711465950836406069e-01 1.000000000000000000e+00 3.539805153654626002e-01 4.437633318250757686e-01 4.345012728340632568e-01 4.777039833896570276e-01 2.836705743826941073e-01 6.526097684965727064e-01 3.344949418378977413e-01 3.063909834758379302e-01 5.370900948836512256e-01 4.390333669104860004e-01 4.633951723964940816e-01 3.752283590180101047e-01 4.151827864668257151e-01 3.852184106436723487e-01 5.100800607880499049e-01 4.907537528438120633e-01 2.087982478117328955e-01 5.860919998785487639e-01 5.493483518574037161e-01 6.672416932102602782e-01 4.858296216952654456e-01 6.885096743781691231e-01 2.684952743205303860e-01 2.114446950252509838e-01 3.464198286841194130e-01 4.426916093230810478e-01 4.569439997798847575e-01 2.801816907225439524e-01 4.580822659812607833e-01 4.205719996587989895e-01 1.868197737281471205e-01 5.254461553496516668e-01 5.768453244737102859e-01 6.482302554244199211e-01 3.109804771539371737e-01 3.848789776199510460e-01 3.731745802309833770e-01 4.598787938863029834e-01 2.299737102079462137e-01 4.796910843082113352e-01 2.166121566984331726e-01 3.817373426224908162e-01 4.299538072227425123e-01 3.385858832630278537e-01 4.424688091243765831e-01 3.663970211670070087e-01 3.799807832507128280e-01 2.828998784649205955e-01 4.988011413303784503e-01 4.669231137473223159e-01 1.514665462574321664e-01 4.117568959758795000e-01 4.628340190884784322e-01 6.232834311426239671e-01 3.871404918302904230e-01 6.074721116433560164e-01 2.226674926765311591e-01 1.312329045290238638e-01 2.796753605487236616e-01 3.964623789823782385e-01
2.699592932774536602e-01 2.997241367233570708e-01 4.203819864724120947e-01 3.889852199342908601e-01 1.120195739276313579e-01 3.695271837252862568e-01 5.970645281828463879e-01 3.539805153654626002e-01 1.000000000000000000e+00 4.230479780490105646e-01 2.866106890484608205e-01 4.479198278391417487e-01 4.726794710560062729e-01 4.951486672774360609e-01 3.644429118736255413e-01 2.529180193119527909e-01 2.662167625200894117e-01 2.123723166076545155e-01 1.745302936979657715e-01 4.208563345355723073e-01 3.423559836713152560e-01 4.975999906887028645e-01 2.790930264415418804e-01 7.119166445193820802e-01 4.319071724280852953e-01 2.787329751745849515e-01 5.332638309440269619e-01 3.442346520867902160e-01 3.852685296404128046e-01 3.123370235616736434e-01 3.384647272469034629e-01 2.174002676249992549e-01 4.067807074420489166e-01 4.070618614847193451e-01 3.295601954406688350e-01 3.127505106052209105e-01 3.306136661892328243e-01 3.917414370945148105e-01 1.462260304827868729e-01 3.439931580621322649e-01 5.518792004537080853e-01 4.021388220067730890e-01 5.930139363011022180e-01 4.090175917350326595e-01 3.022833844128049452e-01 4.228036103066079576e-01 4.163641762051893958e-01 4.520232272873527801e-01 3.062247050481176069e-01 3.052239362227734398e-01 2.030918780813804891e-01 2.601218942386292476e-01 2.494402943173761877e-01 4.035846764941078968e-01 3.496240035016565106e-01 4.295535875289705485e-01 3.562476715893289625e-01 6.508971923405866278e-01 3.461733579713083264e-01 2.580950508805225363e-01 5.317642528964042770e-01 3.760053406234002416e-01 3.983472007015850247e-01 3.372930160612619410e-01 3.762484281881514070e-01 1.901505350694678020e-01 4.012369610859169988e-01 3.313293072000097483e-01
3.998631898901882087e-01 4.325899118532876009e-01 3.402673619028792618e-01 7.429837150528393330e-01 1.404906753883951587e-01 6.795829741336406604e-01 4.888226212060825526e-01 4.437633318250757686e-01 4.230479780490105646e-01 1.000000000000000000e+00 4.249406821962112835e-01 7.473612213446229058e-01 2.859791567657274380e-01 4.078123724016250451e-01 3.421841380672648869e-01 3.356142202249668416e-01 3.479667519887851279e-01 1.679135516961676455e-01 3.077488084082380393e-01 7.582403221481504030e-01 4.261095924685205372e-01 4.706545474468822876e-01 3.876123123733489773e-01 5.523469347657621320e-01 3.036508992649862848e-01 3.793899339055410991e-01 3.628205027528183524e-01 6.076699470231219369e-01 5.486703637972888403e-01 4.340720779505835569e-01 1.820578076733463113e-01 1.724359908985017842e-01 4.921376039824465476e-01 5.225569422306576284e-01 5.032254744770023880e-01 4.766682295254093260e-01 4.476559805597660202e-01 7.230099810992935971e-01 1.811630654798996876e-01 6.437530005000510203e-01 5.842444486065826448e-01 5.719157823165094134e-01 4.356865653414889183e-01 9.270726009859697747e-01 4.498460957938147375e-01 7.397456522556618008e-01 2.316868572426388218e-01 4.248118267750883303e-01 2.565750061608556565e-01 3.980322778794455063e-01 4.623479022907858171e-01 3.206980145933231441e-01 4.786440601910824100e-01 7.474910289436784705e-01 3.737237712017372759e-01 4.420917317348390108e-01 4.587500356287359526e-01 6.002199742778419056e-01 2.995929713784739601e-01 4.553338147332074426e-01 4.944326076587773899e-01 6.999786447656791699e-01 4.557858165851608745e-01 5.648724860469287457e-01 2.569086051448292163e-01 1.145643909517448933e-01 4.046033561013669955e-01 5.035632561306691013e-01
2.848114160977665010e-01 3.761360386645900000e-01 4.103396255977094231e-01 3.701296194968263786e-01 1.385350912094110432e-01 3.632428968757216436e-01 3.947315401821211989e-01 4.345012728340632568e-01 2.866106890484608205e-01 4.249406821962112835e-01 1.000000000000000000e+00 3.930449368370945162e-01 1.950561161420172329e-01 3.404982235897183185e-01 2.345284308775918702e-01 1.717699522507217247e-01 4.636125548386397233e-01 3.011135231418810010e-01 4.032254257010570164e-01 4.332520570256312986e-01 2.341268548480192335e-01 3.998286734805825970e-01 3.190343296369459458e-01 4.066243193507863563e-01 2.284404306194537104e-01 5.402070782181904729e-01 3.857762249829956858e-01 4.081277736642010545e-01 3.998011780774951562e-01 4.965061825740056944e-01 1.326996660928136951e-01 1.061521167073520566e-01 3.691080020638768389e-01 4.517508347327533480e-01 3.944167145052345780e-01 3.817863853664866247e-01 3.918695674939681739e-01 3.613314172580538441e-01 1.094055812648343784e-01 3.313434657110705950e-01 3.927851789660464221e-01 4.011665116983179069e-01 2.588024145114166119e-01 4.161520910798842676e-01 4.297740479133125291e-01 3.881218253656760209e-01 1.457077943866930125e-01 2.950929612648443001e-01 1.519582239796994083e-01 2.708726381943825645e-01 4.733404136625850578e-01 2.485518813879277755e-01 4.718608636448151650e-01 4.264515730204221367e-01 2.072980726759801051e-01 3.418534245484079470e-01 3.217100746099240127e-01 3.935107290718524720e-01 1.788582153542620512e-01 4.055884029138862590e-01 3.808196788841766711e-01 4.193185191718775129e-01 3.555130588464906483e-01 4.881735234995159267e-01 1.500109188047985542e-01 4.691010464060491741e-02 3.402159008387284911e-01 3.964787171632043750e-01
4.170173164697450474e-01 4.578251052761758144e-01 3.675546064548450009e-01 8.911666504340209904e-01 1.642816222861120390e-01 7.058015775619876919e-01 5.110030053297807129e-01 4.777039833896570276e-01 4.479198278391417487e-01 7.473612213446229058e-01 3.930449368370945162e-01 1.000000000000000000e+00 3.337451989108230488e-01 4.065548106322593447e-01 3.902206955763827256e-01 3.761249582304235783e-01 3.627718152053335809e-01 1.293130420679901860e-01 3.237329428435008483e-01 7.982002609469451837e-01 4.926448823184021442e-01 4.625333065411712519e-01 4.613549399292576902e-01 6.085192136771608862e-01 3.221438634676470070e-01 3.783009050970591591e-01 4.468939383794162667e-01 7.196870256466988414e-01 5.698805819491359337e-01 4.567535170229112818e-01 2.019393663230505398e-01 1.701034898958984909e-01 5.286258738557362280e-01 5.499665166055932586e-01 5.488671232383508514e-01 4.486710594300482580e-01 4.031209937557198031e-01 8.626029064482497732e-01 1.832573173144154410e-01 6.583699614854525706e-01 5.854953567300382744e-01 5.916409484710871691e-01 4.381470987323701771e-01 6.886480705814601588e-01 4.115161071130218895e-01 9.041115751653177046e-01 2.878779313504679083e-01 4.011437250729853465e-01 3.154880369555974617e-01 4.336542830528836157e-01 4.243387811533498311e-01 2.670113588117497549e-01 4.576358464713553009e-01 7.963401650845849389e-01 4.442652129945373618e-01 4.080750421078170320e-01 5.126775493724842203e-01 6.482746568939613541e-01 3.111825494032411377e-01 3.846788158604821373e-01 5.137795483375795502e-01 7.601247129781051326e-01 5.058738766388773955e-01 5.594316749831238500e-01 2.325496364144189754e-01 1.378447173172182016e-01 4.314820735472724711e-01 5.272814854185103872e-01
2.922529831078841123e-01 1.750820495657071929e-01 3.091404857757485969e-01 2.938861890308747671e-01 1.390916082355004579e-01 3.480517585994281071e-01 4.686205179311926372e-01 2.836705743826941073e-01 4.726794710560062729e-01 2.859791567657274380e-01 1.950561161420172329e-01 3.337451989108230488e-01 1.000000000000000000e+00 4.228758818642441852e-01 3.220883257022428281e-01 2.781417341647646202e-01 1.851614763296367261e-01 1.859337989630628074e-01 1.596888304542838088e-01 2.169695057002544447e-01 3.578198867317998744e-01 2.715425624705180008e-01 2.576367260864719233e-01 4.866100379976281420e-01 3.805464829398265136e-01 1.413523713105055146e-01 4.833443054622456048e-01 3.116538895660198594e-01 3.294686692745806833e-01 1.644255260472111957e-01 3.444067225754823269e-01 2.506653412899759736e-01 2.286052007624126969e-01 2.747345868040017014e-01 2.390664632383598387e-01 1.345278395996293841e-01 1.373238240391058962e-01 2.884030807271155128e-01 1.394012619397758668e-01 3.415943111904125029e-01 3.913826826587368801e-01 3.385870316570209204e-01 4.031573193716810888e-01 2.642051359593227122e-01 1.451309762330977582e-01 3.277380545552566748e-01 4.171155392010338914e-01 3.413017966353024679e-01 2.692646369306170850e-01 2.727481826248014385e-01 5.695348378612019591e-02 1.516280035000462378e-01 1.140076093500636267e-01 2.056726578953443629e-01 3.741292821987351469e-01 1.919138326155103158e-01 3.172297180792719162e-01 4.453990314416718665e-01 2.544075014813093616e-01 6.592493060296468477e-02 3.737092757493226669e-01 3.287209100719711286e-01 3.264498205809437947e-01 1.736906062257527472e-01 3.144356801278013758e-01 1.858373966880557393e-01 2.304973827600647618e-01 2.362245797837261851e-01
5.004782711205832957e-01 2.373809169261064667e-01 7.030135648879842769e-01 3.565433962647017729e-01 1.633111455683282365e-01 4.793598582343941983e-01 8.405530769854043793e-01 6.526097684965727064e-01 4.951486672774360609e-01 4.078123724016250451e-01 3.404982235897183185e-01 4.065548106322593447e-01 4.228758818642441852e-01 1.000000000000000000e+00 3.599330566159723022e-01 2.805973727031062515e-01 5.239214894188720661e-01 6.266539408561115909e-01 4.328577446395044381e-01 3.241043637957004009e-01 3.779474872271237351e-01 4.238926341463165604e-01 3.754346456852221126e-01 5.924131310559600516e-01 2.364902919743506748e-01 4.846585687128054376e-01 6.594821153544123682e-01 4.862154400761067863e-01 4.658641077489753535e-01 5.863187681236603499e-01 4.635598703767278006e-01 3.074997449271826278e-01 3.436714256867499095e-01 3.870414967817125684e-01 3.777495538360435279e-01 2.108407528025110500e-01 4.322437565181349584e-01 3.434779745796557315e-01 1.926149953574293472e-01 4.485127796227164065e-01 6.228235952695893030e-01 5.705244795899017118e-01 4.018009047855405913e-01 3.622710743677803324e-01 3.376653041793949983e-01 3.947141658731325164e-01 3.254847675166256948e-01 6.263212437364069629e-01 2.464968962724856383e-01 3.325347652310969293e-01 3.085375669698324219e-01 4.906426945131665551e-01 3.334400421637183087e-01 3.028226146598017587e-01 3.821427972814058216e-01 3.426044239517367918e-01 4.253926840743877946e-01 5.051014086955560867e-01 1.684123310078880220e-01 3.369936131015862091e-01 5.239189048298138474e-01 4.669888074860746863e-01 3.656874199611504506e-01 4.801461624365763736e-01 3.440454614647898146e-01 2.076169829086190743e-01 2.936502155191554886e-01 3.154767227647147232e-01
2.607990658919848159e-01 2.244266346815739777e-01 3.114152795597958656e-01 3.558196047345205115e-01 1.888815758716380355e-01 4.361835846078067624e-01 4.456433178551149066e-01 3.344949418378977413e-01 3.644429118736255413e-01 3.421841380672648869e-01 2.345284308775918702e-01 3.902206955763827256e-01 3.220883257022428281e-01 3.599330566159723022e-01 1.000000000000000000e+00 2.856229929218395691e-01 2.540402360537466486e-01 1.423316806528059364e-01 1.884201156474971384e-01 3.084931915447628459e-01 3.310927206257474054e-01 2.598860633753084515e-01 2.891796927986027277e-01 4.527537014481496369e-01 2.852905507826011267e-01 2.314564518045020280e-01 3.926945450420443184e-01 3.751887591601508198e-01 3.505147005210174083e-01 2.697844736137239297e-01 2.223046136828219776e-01 1.912236970414995796e-01 2.885193533374535990e-01 3.192383940393312414e-01 3.027885641463128330e-01 2.156210774634644556e-01 2.332637787957648756e-01 3.449005169755792743e-01 1.283031624938796578e-01 3.970809760378689046e-01 4.123922707140134092e-01 3.727980075739798504e-01 3.392320204353295177e-01 3.154514819744906884e-01 2.080371469682281982e-01 3.884324301460376772e-01 2.734219302047987132e-01 3.240761823878687831e-01 2.632927689402393412e-01 2.793769652182120922e-01 1.944841447261294043e-01 1.551516840458578295e-01 2.131310827977229705e-01 2.986022984493608146e-01 3.021576876367864650e-01 1.980944717063931049e-01 3.223209692261159165e-01 4.436646397342208781e-01 1.856192004431132525e-01 1.764425552153069676e-01 3.377613900858837392e-01 3.856024706929033208e-01 3.164878891162365426e-01 2.806163065054294581e-01 2.437992457389089318e-01 1.320477073104042998e-01 2.420831995975332718e-01 2.825739129910433967e-01
3.772849810785746660e-01 2.560541922918275204e-01 1.936139365852947436e-01 3.671192447908866452e-01 1.476846378390453129e-01 4.071427555116360342e-01 2.928381349199620787e-01 3.063909834758379302e-01 2.529180193119527909e-01 3.356142202249668416e-01 1.717699522507217247e-01 3.761249582304235783e-01 2.781417341647646202e-01 2.805973727031062515e-01 2.856229929218395691e-01 1.000000000000000000e+00 2.480439059388190315e-01 9.663809782616811228e-02 2.355050481951230512e-01 2.034194166006386695e-01 6.068301171232547420e-01 2.624507245765518304e-01 5.635196890447167206e-01 3.533384583913046773e-01 1.889158948645698888e-01 2.124528649456673968e-01 3.815728641392288623e-01 4.667533264494225231e-01 4.761717894782060423e-01 3.037473431872355634e-01 1.757868230316805558e-01 1.684264000264734662e-01 3.054111341717836714e-01 3.575256818263118919e-01 4.184349432757918930e-01 1.712212419533933605e-01 1.156465654978866969e-01 3.610412334854817273e-01 1.521611693267708176e-01 4.058278288675559731e-01 2.852703009917151311e-01 3.726085765145437101e-01 2.243441673843510065e-01 2.893466674308274311e-01 1.876335384241011039e-01 3.724172299292835553e-01 2.012797494855523839e-01 2.108102851503976527e-01 2.304142756076864029e-01 5.330773850103769362e-01 2.068547648308660669e-01 1.035256287967877831e-01 2.341132041300117428e-01 2.024782898296698108e-01 5.661816933690185794e-01 1.362540118131785882e-01 5.577546505506046914e-01 3.543617302047732398e-01 1.307614417684975217e-01 1.381035063480867409e-01 3.138707225619809527e-01 4.689377714505748029e-01 4.288669782667058339e-01 3.337758415297966685e-01 1.297659626028566104e-01 9.623292654789923628e-02 2.564845499053323707e-01 3.806567290394796688e-01
4.610574283637779991e-01 3.538359027623321218e-01 5.897806160609881942e-01 3.434572074800830710e-01 1.404509801553485704e-01 3.753809880154726497e-01 5.284573309817776066e-01 5.370900948836512256e-01 2.662167625200894117e-01 3.479667519887851279e-01 4.636125548386397233e-01 3.627718152053335809e-01 1.851614763296367261e-01 5.239214894188720661e-01 2.540402360537466486e-01 2.480439059388190315e-01 1.000000000000000000e+00 4.564423700537152961e-01 6.712905579687715729e-01 3.579092920836983716e-01 3.264851490521458177e-01 3.870598277735726178e-01 4.872275852701629661e-01 4.108334203591728628e-01 1.101962949453306057e-01 5.945247310117666162e-01 5.499376399262589921e-01 4.592959998510045549e-01 4.718119772236253895e-01 6.297306565069699102e-01 2.445876676157496543e-01 1.847353645167908731e-01 3.841762103892085722e-01 4.602375816229861138e-01 4.913838639190679647e-01 3.219001815578815262e-01 4.151873417176340508e-01 3.350264434017155568e-01 1.405608185812207145e-01 3.386852947483111054e-01 4.354621814982688743e-01 4.539967562578317573e-01 2.080047687064048578e-01 3.313351912150292455e-01 4.155609485164913908e-01 3.580033687814260790e-01 1.469256463676283930e-01 3.899267662963237235e-01 1.388018031879184877e-01 3.468430616722656956e-01 5.641075192839437591e-01 3.822146399510777393e-01 5.578945342055545709e-01 3.407696936316347847e-01 3.092863905180214812e-01 2.799234890166484302e-01 4.449025578439633200e-01 3.525448898949712362e-01 9.821699817518964037e-02 4.007887675159200747e-01 4.607502606232126707e-01 4.454206201894604367e-01 4.069199577954542013e-01 5.429436884011242803e-01 1.307148941416911569e-01 1.180517418386900219e-01 3.446575607966939625e-01 4.268173018762190241e-01
2.286052215562815737e-01 1.045563905827267132e-01 5.533303134683781321e-01 9.688964024330166958e-02 7.389665903346491482e-02 1.858146874081988975e-01 5.501765801379590037e-01 4.390333669104860004e-01 2.123723166076545155e-01 1.679135516961676455e-01 3.011135231418810010e-01 1.293130420679901860e-01 1.859337989630628074e-01 6.266539408561115909e-01 1.423316806528059364e-01 9.663809782616811228e-02 4.564423700537152961e-01 1.000000000000000000e+00 4.254867161798912001e-01 1.143433333490477821e-01 1.012059006564528796e-01 2.800084385384318253e-01 1.470681198663734146e-01 2.384317363015534541e-01 1.276323298733826432e-02 4.139084218129298609e-01 4.239207343765409308e-01 1.806655246612391685e-01 1.706453274759077432e-01 4.041653745683575494e-01 3.202347474937536909e-01 1.727156443510758921e-01 1.661358044350811081e-01 1.839943173285097100e-01 2.012547160139535052e-01 4.673070594307161818e-02 2.512397885850394252e-01 1.015667648909659021e-01 9.829956956393401390e-02 1.703025451743851726e-01 3.099682614890143517e-01 2.975399493238065629e-01 1.057511614746131368e-01 1.688003970249442320e-01 2.349623490762151046e-01 1.392755411068606064e-01 1.129296206569052191e-01 3.834262937339586452e-01 8.802387175302671396e-02 1.547313839412889080e-01 2.175198075656093466e-01 4.539952763251761114e-01 2.579473932612802445e-01 1.099968426797959808e-01 1.487340721088913909e-01 1.827563535310345044e-01 1.894770868254293250e-01 1.306581412358139571e-01 -2.273944519331592973e-02 2.034446515915875886e-01 2.376102540791569517e-01 1.667679943214370741e-01 1.480718988000395420e-01 3.001881292050074257e-01 1.711670010563513533e-01 1.329525830316967139e-01 1.398755110667737334e-01 1.448169472960228465e-01
5.248710205513265059e-01 3.023718583197189114e-01 4.495355998519979246e-01 3.194031444233314532e-01 1.266973338173685293e-01 3.530104401383106216e-01 3.868453125010059557e-01 4.633951723964940816e-01 1.745302936979657715e-01 3.077488084082380393e-01 4.032254257010570164e-01 3.237329428435008483e-01 1.596888304542838088e-01 4.328577446395044381e-01 1.884201156474971384e-01 2.355050481951230512e-01 6.712905579687715729e-01 4.254867161798912001e-01 1.000000000000000000e+00 2.773152596958840532e-01 2.962541880840527941e-01 3.199697349115662726e-01 3.979664458482412015e-01 2.761020518513030986e-01 5.991000603525996338e-02 4.792500427766540061e-01 4.744786961502345246e-01 4.147160772165906506e-01 4.374636666680860042e-01 5.095533561885918772e-01 2.070487247085465443e-01 1.497690775171527655e-01 2.935407879219672500e-01 3.814928500351938978e-01 4.652719655171644320e-01 2.279571382636687848e-01 2.518542141588517302e-01 3.048241783384199044e-01 1.057814142425518161e-01 3.254364838985714381e-01 2.876409712237966154e-01 3.987301324459609497e-01 1.034716210659132052e-01 2.832583051361911020e-01 3.287191365158513290e-01 3.201340007476829452e-01 9.505547124218269306e-02 2.713319882154225371e-01 1.226133953917320357e-01 2.954740890557326360e-01 4.475484801089789078e-01 3.195154254663283289e-01 4.861320533324940407e-01 2.698976501270788364e-01 2.914246943523248201e-01 1.921886014217366878e-01 3.569079165369679618e-01 2.159618259120931749e-01 4.600480801250116797e-02 2.354205856405764685e-01 3.140179236910627392e-01 3.958245825785069449e-01 3.737565594813341274e-01 4.290818513656045052e-01 4.754762624816987610e-02 1.057235419039482954e-01 2.616820171029699549e-01 3.453818211734730470e-01
2.552912062462102116e-01 4.818429586436364653e-01 3.883555599699474170e-01 8.188334368140959274e-01 1.258824418952937119e-01 5.203018741235709843e-01 4.569729664726391860e-01 3.752283590180101047e-01 4.208563345355723073e-01 7.582403221481504030e-01 4.332520570256312986e-01 7.982002609469451837e-01 2.169695057002544447e-01 3.241043637957004009e-01 3.084931915447628459e-01 2.034194166006386695e-01 3.579092920836983716e-01 1.143433333490477821e-01 2.773152596958840532e-01 1.000000000000000000e+00 2.784370036271011095e-01 5.167046450467793761e-01 2.604921621037356028e-01 6.089736493655365512e-01 3.161876603653508422e-01 3.870448019256009786e-01 3.417700720772981482e-01 5.425308230192786851e-01 4.409396241354726076e-01 4.361595050282935371e-01 1.440330284068835620e-01 8.936206151157982669e-02 5.744226390288407202e-01 5.238649005977542572e-01 4.433295361685010705e-01 5.463083019823886666e-01 5.045300934035225060e-01 7.807041820291218404e-01 1.494881648235719951e-01 4.642746890124747616e-01 5.695667739887122494e-01 4.762973455783037768e-01 4.532680085986837693e-01 7.435106458690470266e-01 4.747068846957948063e-01 7.954781076927872618e-01 2.387452198468866804e-01 3.868299556025590613e-01 2.364418822099316198e-01 2.939933313650520130e-01 4.831727216032712935e-01 3.006778478805597898e-01 4.742986216013284073e-01 9.346025405036232359e-01 2.300481144423680291e-01 5.113839636383551435e-01 3.092225147805726659e-01 6.347905576938898120e-01 3.477166907332325807e-01 4.595593644411137824e-01 5.067182350451564510e-01 6.008620308868225512e-01 4.102423235312727123e-01 5.400632643145373279e-01 2.384612641076172546e-01 1.033396983295683386e-01 5.096961677983417038e-01 4.983055386765248285e-01
5.228187538875713747e-01 3.337879396323534253e-01 2.651755454505589915e-01 4.848117801675182470e-01 1.543781039269615241e-01 5.104481084231381471e-01 3.776385935363453794e-01 4.151827864668257151e-01 3.423559836713152560e-01 4.261095924685205372e-01 2.341268548480192335e-01 4.926448823184021442e-01 3.578198867317998744e-01 3.779474872271237351e-01 3.310927206257474054e-01 6.068301171232547420e-01 3.264851490521458177e-01 1.012059006564528796e-01 2.962541880840527941e-01 2.784370036271011095e-01 1.000000000000000000e+00 2.812876389700022517e-01 7.672952964255630448e-01 4.324773935742290409e-01 2.465315400763873621e-01 2.879220243384473799e-01 4.814658603636270406e-01 6.270056324041857199e-01 6.471877234859593209e-01 4.228903133769859601e-01 2.323112891786440759e-01 2.022550453069551779e-01 4.322410190026241272e-01 5.000622019664375806e-01 5.247167492889409646e-01 2.528127754129517735e-01 1.726157192949026586e-01 4.741913509450550457e-01 1.451544604909834890e-01 4.901655905048766804e-01 3.800491494702519235e-01 4.853639299697470322e-01 3.041530927579472743e-01 3.548776751866947188e-01 2.134399446659082655e-01 4.800523491558413847e-01 2.789510534330646441e-01 2.606560963615847659e-01 2.519754613534683774e-01 6.007271074627398288e-01 2.509911800593463971e-01 1.463015245783625962e-01 2.795551857490094494e-01 2.706764320493400544e-01 8.315543927580456574e-01 1.801470248377425865e-01 7.613390615174782106e-01 4.567850729712458202e-01 1.738407595662660732e-01 2.025405393637080276e-01 4.148053063000077811e-01 6.214616915011627052e-01 5.799455730566474010e-01 4.515055031717951639e-01 1.824853085134739705e-01 1.270175260070916801e-01 3.871304608323833385e-01 5.008225354871020940e-01
2.610885420046019645e-01 4.304554434233737736e-01 4.338365236849150430e-01 4.410500063907856205e-01 1.038174772611603208e-01 3.360185823830540430e-01 4.951297133090394320e-01 3.852184106436723487e-01 4.975999906887028645e-01 4.706545474468822876e-01 3.998286734805825970e-01 4.625333065411712519e-01 2.715425624705180008e-01 4.238926341463165604e-01 2.598860633753084515e-01 2.624507245765518304e-01 3.870598277735726178e-01 2.800084385384318253e-01 3.199697349115662726e-01 5.167046450467793761e-01 2.812876389700022517e-01 1.000000000000000000e+00 2.886108493916317852e-01 6.045803438822656695e-01 3.262543228856696897e-01 4.422841557249439504e-01 4.603259519296692970e-01 3.638297388903676266e-01 4.185828089284752140e-01 5.003534660269638445e-01 2.165063563806597646e-01 1.151493431811242002e-01 4.839308642435979912e-01 4.944508853311627150e-01 4.359067384913373200e-01 4.633972409278732663e-01 4.365513262311262466e-01 4.314047314434616975e-01 1.260695788576951248e-01 3.114521944446678736e-01 5.071609451807737035e-01 4.296645692176465636e-01 4.524666343838431581e-01 4.688433645227697566e-01 4.247754244481827812e-01 4.532743664052604760e-01 2.511705283998040827e-01 4.301491767039806735e-01 2.200564464089479477e-01 3.272685858617263577e-01 4.094832678386152724e-01 3.211759930753003700e-01 4.327855102213863381e-01 5.133538917017673731e-01 2.877714239417626940e-01 5.436241566868291741e-01 3.385119788700315380e-01 5.755449048733836115e-01 3.055770394965462433e-01 4.343666553957159504e-01 5.355733118631266221e-01 4.072565287214422458e-01 4.356434014464833915e-01 5.319956217873736959e-01 2.164356581431330639e-01 1.157793409564712578e-01 4.621116122818701433e-01 4.390032730370001524e-01
5.205543269865966494e-01 3.570789929798600659e-01 3.313654955643460243e-01 4.431766921094898448e-01 1.624758553406566997e-01 5.180728281871849195e-01 3.786736604296538911e-01 5.100800607880499049e-01 2.790930264415418804e-01 3.876123123733489773e-01 3.190343296369459458e-01 4.613549399292576902e-01 2.576367260864719233e-01 3.754346456852221126e-01 2.891796927986027277e-01 5.635196890447167206e-01 4.872275852701629661e-01 1.470681198663734146e-01 3.979664458482412015e-01 2.604921621037356028e-01 7.672952964255630448e-01 2.886108493916317852e-01 1.000000000000000000e+00 3.859327985084080592e-01 1.860077083400669684e-01 4.265919940423333334e-01 5.345869246074046455e-01 6.722910420192879100e-01 6.288488732956574179e-01 5.520650045403794337e-01 1.938810842310101923e-01 1.976457837858502653e-01 3.895409061995805389e-01 5.106699233743028365e-01 5.754872915575561798e-01 2.639744514913971996e-01 2.216745483699728292e-01 4.374865379548734112e-01 1.440740364926561823e-01 4.926551019764051631e-01 3.515361364257875709e-01 4.976646328973977629e-01 2.300506427617027283e-01 3.217654257052426914e-01 2.656038662318211951e-01 4.453959670630298073e-01 2.135131022422045999e-01 2.345266301308271684e-01 2.102665776079570559e-01 6.007265487124221481e-01 4.084997085190742450e-01 1.388685421250976382e-01 3.913583900374468794e-01 2.501887038990915912e-01 6.919128119240413044e-01 1.672255661741990640e-01 8.118867394026885176e-01 3.925000937961724001e-01 1.356888754665401264e-01 2.746660279078853573e-01 4.494358937383367003e-01 6.454512774594113322e-01 5.395623254960387749e-01 5.436962016023119126e-01 1.117505367161397284e-01 7.996360617613927635e-02 3.388012198003129138e-01 5.134301459799144318e-01
