1.000000000000000000e+00,3.259898259138215293e-01,5.891610765822907769e-01,5.212316714957370145e-01,1.648177462504851198e-01,5.369252943684956758e-01,5.479040229213280044e-01,3.832538661376962974e-01,2.223143567957726052e-01,5.299441046316518689e-01,4.507663159228691430e-01,5.421679521391339351e-01,1.815565111730277625e-01,5.763141713605757221e-01,8.680020135368207712e-02,4.920689970321615592e-01,7.368100416194021118e-01,4.935897911511253899e-01,7.657285960805443326e-01,4.504549200918843699e-01,4.945014814467877939e-01,3.672766235726940276e-01,4.969190791920281569e-01,4.913652713480325396e-01,3.024866425512074408e-01,4.670199222651840176e-01,6.323314013034795344e-01,5.412485326299790733e-01,7.341493094506057471e-01,6.362064238556098816e-01,1.399469544325704917e-01,2.304361878122740126e-01,3.243589051521747479e-01,5.009460630478291820e-01,6.953743864180942369e-01,3.705759374680136498e-01,4.346882635535655459e-01,5.223034553698792104e-01,-1.035699474062196229e-01,4.760202697121947990e-01,3.933390364306244558e-01,3.884812112623569069e-01,1.573567264146749078e-01,5.198764230146889487e-01,2.350407269426682266e-01,5.378892929967428183e-01,2.880714621629724692e-01,4.657069648863631506e-01,2.310680853092371423e-01,4.675555318134887450e-01,3.751631140338874126e-01,2.622648769418724490e-01,4.791152374645231693e-01,4.130072611564997720e-01,4.981607441302935424e-01,2.667486041142242414e-01,4.290761788288351974e-01,4.456004009488778728e-01,2.283312400570465528e-01,2.267649980000919219e-01,3.859872661456817400e-01,5.232424903218179102e-01,5.937011250777340932e-01,3.510912122441932626e-01,-2.879551069194478431e-03,1.753799554006296446e-01,3.025067604559276147e-01,4.717694393641794215e-01
3.259898259138215293e-01,1.000000000000000000e+00,2.926010330433644335e-01,4.570545257317986665e-01,6.336544436845814587e-02,3.225707137025221605e-01,2.334069940142916300e-01,1.913958561874083142e-01,8.997726195367758417e-02,4.249208236613138956e-01,2.412071899307255962e-01,4.689806587652531888e-01,3.672186147991114615e-04,9.900796530230294989e-02,1.604907981580945553e-02,3.307438022064058125e-01,4.230169557806385816e-01,7.808213779091503770e-02,3.624358234770511666e-01,3.896777910735361727e-01,3.664821029496012628e-01,2.546743457940874311e-01,4.651083816334394272e-01,2.743212434320241866e-01,2.150391372378790966e-01,5.039627274577059834e-01,4.145079711877685535e-01,4.875491027124546073e-01,3.514711274564701893e-01,5.134733076038965338e-01,-2.850570195621650316e-02,3.929664766710028873e-02,3.560447926098834759e-01,4.916179042380310338e-01,2.960556150708215650e-01,5.317938723347729324e-01,2.960356105499566404e-01,4.554126430271547843e-01,-1.622906542244819394e-01,2.726725247673766339e-01,1.481598916436870361e-01,2.304484097323253877e-01,4.935504720863363726e-02,4.013840273244482781e-01,6.869956479202204980e-02,4.534764314067251112e-01,1.691740897407962574e-01,1.147505698495369514e-01,7.813938804745508560e-02,3.147944920944926173e-01,4.142703266922956318e-01,-7.044872058692566719e-02,2.718315147092972839e-01,3.798756478815785154e-01,3.519999936982499134e-01,3.369604517050278081e-01,3.909990715752717505e-01,3.340423091075015449e-01,1.372908639934353192e-01,4.196408492610978480e-01,3.402387531438726409e-01,4.672977274826892735e-01,3.105692567605612409e-01,5.136524400413552405e-01,-1.926115539149905742e-01,-3.832298858905518885e-02,3.361219666985573729e-01,5.359134861547849571e-01
5.891610765822907769e-01,2.926010330433644335e-01,1.000000000000000000e+00,4.337847487179749550e-01,1.123552612762635239e-01,4.433314452043856102e-01,8.707633036271937854e-01,5.196519947947075835e-01,4.345145178077943204e-01,3.766555013172288024e-01,5.166921259225754071e-01,4.419007950087365799e-01,3.291887272871858450e-01,6.761817185675774722e-01,3.073036245491485574e-01,3.948115066003594076e-01,5.968043205666203610e-01,7.008769089114967876e-01,5.650088061960957253e-01,4.074539482515612265e-01,4.297663028426348397e-01,4.975674577986422542e-01,3.975276297121558833e-01,6.785068147927569848e-01,3.798227204032494364e-01,7.341592532260482473e-01,7.396322460955198075e-01,5.077200342219134743e-01,4.835549849580103032e-01,7.120766061842439543e-01,9.028956264058191072e-02,1.995039006013127059e-01,3.041633755572522579e-01,4.233100878431347858e-01,4.189891463112193626e-01,3.002008804255040797e-01,6.704118091305318883e-01,4.035214582474491163e-01,-1.208442524021598047e-01,3.586186587993286379e-01,6.724901056406537014e-01,5.260546480379486578e-01,3.624756207843517486e-01,3.286248348901353311e-01,2.631450161962304302e-01,4.303615469407394700e-01,4.209605556710272478e-01,5.733409973033950502e-01,3.735503500812876188e-01,3.832550841859721502e-01,3.778834467768187877e-01,5.013613344109099090e-01,3.418527064107066971e-01,3.687811316389849603e-01,4.317668857027297524e-01,3.835634082966737912e-01,3.069252870037314507e-01,5.911211291711380156e-01,2.037955373845214413e-01,4.699456587013448594e-01,5.194618364101589725e-01,4.874363658256707366e-01,4.010833546414283024e-01,3.745656793987723887e-01,3.019514863831145382e-02,1.091011600691748767e-01,3.083050009967285843e-01,3.917476166164397533e-01
5.212316714957370145e-01,4.570545257317986665e-01,4.337847487179749550e-01,1.000000000000000000e+00,1.198061222407932891e-01,6.299060506553206817e-01,4.745994653488018189e-01,3.168729516379287237e-01,2.699242451735580084e-01,7.693423602044742182e-01,3.659547565577591643e-01,8.817920494046758151e-01,1.303630478458293329e-01,2.570329994306512211e-01,1.140974160919467212e-01,4.669985960297448058e-01,5.440752227941266783e-01,2.779875399071959907e-01,4.956590838694312495e-01,7.840138106808320906e-01,4.738543868459027530e-01,3.472696111324733437e-01,5.324477975086125969e-01,4.811881842539592058e-01,2.722387482534974756e-01,5.887517788797530516e-01,4.677036209174246784e-01,7.174942122371441577e-01,4.358001433805973601e-01,6.591921312441215708e-01,9.090433872809484950e-02,1.820665594786952390e-01,4.964753018810664775e-01,6.328341142814706277e-01,4.334322543921784177e-01,5.447062646071586522e-01,4.457032645525534353e-01,8.863397747342948163e-01,-1.009181570668651606e-01,5.876473640477826166e-01,3.508603922549561327e-01,4.121944061018027461e-01,2.253438030601193909e-01,7.270032117506064484e-01,1.931027619032112397e-01,8.756875430848414243e-01,2.890947523680238995e-01,3.227819199785481596e-01,2.715625689942805510e-01,4.180978073197365585e-01,4.906382326650134962e-01,1.510299483938535858e-01,4.176072365123987828e-01,7.646854731497960689e-01,4.591863252237904924e-01,4.344567450232602601e-01,4.627504331845762597e-01,5.284139560159910598e-01,1.850011070921153411e-01,4.889891574966731547e-01,4.217963529306492099e-01,6.495104127184125886e-01,3.962278552628841211e-01,6.083841306081412270e-01,-3.366789527261558612e-02,1.067899276534088754e-01,4.846290179525844510e-01,6.331581781205570802e-01
1.648177462504851198e-01,6.336544436845814587e-02,1.123552612762635239e-01,1.198061222407932891e-01,1.000000000000000000e+00,3.055841094128836644e-01,1.437952485018434701e-01,1.607965117201045901e-01,3.735757271050927936e-03,9.466168338695092610e-02,1.943553021458763186e-01,8.842279565136729191e-02,1.501071373135620113e-01,1.050105107694798146e-01,1.346759197772774419e-01,2.418887978183871523e-01,1.584633493237181667e-01,1.136110320221144915e-01,1.848621647059897066e-01,1.197430727014951561e-02,2.194930892490981056e-01,-1.120495781955325836e-02,2.311243757477981775e-01,7.827593638119489938e-02,1.019305536992854838e-01,1.683603447491399674e-02,1.443058329390987660e-01,2.148372985801134671e-01,1.839575187565582748e-01,1.631743945013601760e-01,4.576252844029631006e-02,1.936721198970656477e-01,5.781841037965166491e-02,1.766117341581648625e-01,1.924132231682249283e-01,5.907461616804705884e-02,1.019693466003030319e-01,1.144418560443175720e-01,1.159661886899883282e-01,2.920911933814847594e-01,9.563002286684453568e-02,2.111723982729535876e-01,5.628094212810830221e-02,1.081256381963397184e-01,2.131592810271122074e-01,1.076439702941342780e-01,1.464428234393075900e-01,1.450031873092171575e-01,1.974224078431534579e-01,2.447931715499934435e-01,5.767500949108900210e-02,1.437126561066044417e-01,1.292312183823623728e-01,-1.965615472328755518e-03,2.516589125771592217e-01,1.617158039045544712e-02,2.386485507718758559e-01,7.194044554043542428e-02,1.008059462473655798e-01,-2.146880549867848792e-02,1.084991924275568592e-01,2.268450331192263525e-01,1.605972333257753293e-01,1.102817381641926081e-01,1.237741299053737865e-01,1.245342961259624515e-01,-1.089925599918344784e-02,1.678719072086158337e-01
5.369252943684956758e-01,3.225707137025221605e-01,4.433314452043856102e-01,6.299060506553206817e-01,3.055841094128836644e-01,1.000000000000000000e+00,5.661756853522719179e-01,4.698033798439421038e-01,2.389586760650605490e-01,6.540903621839881943e-01,4.235943517909362965e-01,6.240286953232027090e-01,2.898726690629490621e-01,3.475430488398633111e-01,3.116265141506386893e-01,5.803954579529406743e-01,5.131887153196644791e-01,3.279549032871607039e-01,5.032134844568016963e-01,4.393016667352740434e-01,5.498483427651303934e-01,2.474102107440513676e-01,5.634861463532391257e-01,4.722978692082564489e-01,3.163604647819978632e-01,3.943173509507728047e-01,4.448778191762789436e-01,6.966594628835066638e-01,5.039069077879728686e-01,5.826545726642071710e-01,1.213316953791405139e-01,2.763883042627239273e-01,3.280171346052809245e-01,5.671770332634940015e-01,4.329436678726016896e-01,3.307002143789835036e-01,4.248523815677625604e-01,6.080183691032765569e-01,1.672327037759575169e-02,7.635540717956745826e-01,4.032418622609943437e-01,5.143388709869503028e-01,2.752929977438321463e-01,6.243551355184783214e-01,3.640589626262271117e-01,6.296508932660911384e-01,4.000744268752808308e-01,3.950301617070156590e-01,4.740775854693684566e-01,5.259299387547790028e-01,3.382084055072661632e-01,2.632917931414039958e-01,4.005968423190846006e-01,4.140047916061934674e-01,5.597728214930678403e-01,3.138094058471007086e-01,5.351473744874926108e-01,5.011069459542452087e-01,2.109314494191855127e-01,2.718203758927508762e-01,3.502235519339121916e-01,6.845455563095272922e-01,4.438375659903880943e-01,4.366266555567358543e-01,8.349397835512258059e-02,2.246235628762967007e-01,2.597558500703061046e-01,5.245738747827827231e-01
5.479040229213280044e-01,2.334069940142916300e-01,8.707633036271937854e-01,4.745994653488018189e-01,1.437952485018434701e-01,5.661756853522719179e-01,1.000000000000000000e+00,5.673537648824611423e-01,5.540301016689622715e-01,4.258659974672849291e-01,5.365573566584596055e-01,4.890405582507394433e-01,4.629600582211465531e-01,7.149149352060052420e-01,4.520474150403642755e-01,4.178418144405481316e-01,4.857823599898254407e-01,6.746847435068510368e-01,4.728169362624483063e-01,4.314291237302023685e-01,4.351604707333361910e-01,5.678342965307854318e-01,3.568849321486777804e-01,8.081870876655776748e-01,4.631986187234981567e-01,6.634375444824945900e-01,6.814490632717357110e-01,5.513424574832583858e-01,4.696923790906296636e-01,6.751970699973138812e-01,1.137775107365228688e-01,2.711065457769196718e-01,2.897071172376883830e-01,4.042736000569825405e-01,3.913235542810214462e-01,2.504658596533426151e-01,6.705229437846884633e-01,4.519843794545521098e-01,-7.768599482782877208e-02,4.473901157240420257e-01,7.949978574283502741e-01,5.990802601711787689e-01,5.141623766879385160e-01,3.602408433098171492e-01,3.647621259163071339e-01,4.755969438244389003e-01,5.382889957928246316e-01,6.850900555004857395e-01,5.286656987349481751e-01,3.986231230228999278e-01,2.998640448672768577e-01,5.604652298678977074e-01,3.212807271875862680e-01,4.011466434130778191e-01,4.366497333574116402e-01,4.643586161311348826e-01,2.905073434793251086e-01,7.265604605983849718e-01,2.771671823668944712e-01,4.434560047456476140e-01,5.222493438428660317e-01,5.122078770046104568e-01,3.947813333959548365e-01,3.443289495040154358e-01,1.380660035985964429e-01,1.785508527955682045e-01,2.660108235530852516e-01,3.633002297172697181e-01
3.832538661376962974e-01,1.913958561874083142e-01,5.196519947947075835e-01,3.168729516379287237e-01,1.607965117201045901e-01,4.698033798439421038e-01,5.673537648824611423e-01,1.000000000000000000e+00,2.478065970196390300e-01,2.725550084139775064e-01,3.878055059521346437e-01,3.058182993366715952e-01,3.106273633027261671e-01,3.650412401189617739e-01,2.836735126016537989e-01,2.661450122465253698e-01,3.618824459220422174e-01,4.352968592555095939e-01,4.117109772414537239e-01,2.694298912498250820e-01,2.680013937464563178e-01,3.058530344004439239e-01,2.683946505473679411e-01,3.945832348350448715e-01,2.762858723381915738e-01,3.923920338543460118e-01,3.644367435885195183e-01,4.533607514555152984e-01,3.401918922538815226e-01,4.762348377738087057e-01,3.544548940706373358e-02,1.872866253985256135e-01,1.533460896941840623e-01,2.631469393010152924e-01,2.379101455366829654e-01,1.994740583042109161e-01,4.204777467735072438e-01,2.979497356262383878e-01,-1.983379764992942301e-02,3.447658394982388574e-01,4.029584023438300688e-01,4.918521494027935925e-01,2.413502481645223019e-01,2.236820207285584172e-01,2.607913481726421567e-01,3.007607128599373292e-01,3.391229150359533762e-01,3.726840175829093660e-01,3.334983673431762830e-01,2.634399485113222417e-01,2.220750025707047826e-01,3.203311188837167922e-01,2.236969893627655803e-01,2.539655599690565091e-01,2.707931135026462321e-01,2.671745100961516739e-01,1.866136018792679541e-01,3.883090064912230188e-01,1.489627868092179841e-01,2.826782440150564235e-01,2.394580453408395315e-01,4.028694261215555739e-01,2.802567891419503465e-01,2.798631604268591588e-01,6.892762210462506645e-02,1.359317016805008105e-01,1.322475824097700814e-01,2.929912417107154443e-01
2.223143567957726052e-01,8.997726195367758417e-02,4.345145178077943204e-01,2.699242451735580084e-01,3.735757271050927936e-03,2.389586760650605490e-01,5.540301016689622715e-01,2.478065970196390300e-01,1.000000000000000000e+00,1.935657019048903915e-01,3.049304997827078090e-01,3.262013398563093358e-01,4.041742152840701596e-01,4.113752782706030509e-01,3.671832964563175872e-01,1.390503841477488678e-01,8.453170802300948028e-02,2.972789126171130891e-01,1.386228471767862735e-01,3.620117110763556023e-01,1.782389604240970926e-01,5.070154293417892255e-01,3.834437447903144003e-02,6.994629609746414456e-01,4.417786381269384055e-01,4.022785390817176232e-01,4.250208403500083110e-01,1.774327105585856990e-01,2.702784596615759316e-01,2.548527925684052065e-01,8.581576483680150580e-02,1.481108737287519239e-01,2.194327663094450265e-01,1.700311519966941909e-01,2.093204941837268351e-01,1.909740879938592872e-01,3.540287447126841958e-01,2.669774445843880462e-01,-4.030059462485316435e-02,1.458068313407156202e-01,5.895312647147253893e-01,3.045702414922945023e-01,5.751815201000602951e-01,1.151670274566028995e-01,2.658751395301173770e-01,3.047014576281301679e-01,4.910181405217801665e-01,5.284233110423963709e-01,3.581321941317135438e-01,1.349104856796259355e-01,1.734799511657363763e-02,3.245391540164555000e-01,1.319010630108896631e-01,3.599590178042375022e-01,1.493693434297326539e-01,4.167509523146278316e-01,-7.283946380810263008e-03,6.414631916304418535e-01,3.810279634499038615e-01,2.880909705367946660e-01,4.381692223181126722e-01,1.508356747145450649e-01,2.859913003645324081e-01,6.942131007419942434e-02,1.442462133687195114e-01,1.065354552943234556e-01,2.401588566093373067e-01,1.636834825686759587e-01
5.299441046316518689e-01,4.249208236613138956e-01,3.766555013172288024e-01,7.693423602044742182e-01,9.466168338695092610e-02,6.540903621839881943e-01,4.258659974672849291e-01,2.725550084139775064e-01,1.935657019048903915e-01,1.000000000000000000e+00,3.356634388000451774e-01,8.167702351814519757e-01,7.354121179699771305e-02,2.330765599390551557e-01,1.017060645589894230e-01,5.368398647910141985e-01,5.524658617987198150e-01,2.331926624695165873e-01,4.889032884746177254e-01,6.161104427127398475e-01,5.276123977393055720e-01,2.988775529239634521e-01,5.814885537011980077e-01,3.967789168697232194e-01,2.308182708729916155e-01,5.461229319589493425e-01,4.029315760812351432e-01,7.148488674295188083e-01,4.317870923504637526e-01,6.262270973460268841e-01,1.051241008903025104e-01,1.372115434843682313e-01,4.166050047304750703e-01,5.834048246924423697e-01,3.554779680899250449e-01,4.569859910410547510e-01,4.302918864253479914e-01,8.066541278668587500e-01,-1.402299655674511536e-01,6.169220357556438605e-01,3.090978139608968056e-01,4.220710571750899143e-01,1.593391802142714309e-01,9.398821480206828172e-01,1.511475423960060571e-01,8.066993685531309577e-01,2.738085317252083595e-01,2.497938515611546062e-01,2.342935469805525750e-01,4.518000461993176842e-01,5.091746970621577884e-01,9.406181888493338195e-02,3.668058654727080481e-01,6.038243282898629882e-01,5.148273887332232013e-01,4.032178547421225723e-01,5.732485308738903829e-01,4.606467696439341397e-01,1.226136387403222033e-01,4.958909220749505020e-01,3.467718628593017827e-01,6.976275444046768914e-01,3.504531778172399470e-01,6.233849616790142489e-01,-9.262108177378756968e-02,6.860814871863563091e-02,3.858894051436861372e-01,5.771937201970859244e-01
4.507663159228691430e-01,2.412071899307255962e-01,5.166921259225754071e-01,3.659547565577591643e-01,1.943553021458763186e-01,4.235943517909362965e-01,5.365573566584596055e-01,3.878055059521346437e-01,3.049304997827078090e-01,3.356634388000451774e-01,1.000000000000000000e+00,3.440089319564358927e-01,3.974495171368106483e-01,4.857481144475818136e-01,2.004381258548238176e-01,3.704826128479596914e-01,4.616884511923052270e-01,4.927531022844232611e-01,4.932624813424928423e-01,2.852584346809210469e-01,3.577965290535465304e-01,3.386716095260793868e-01,3.321085222527483949e-01,4.374472155406283203e-01,5.025163020423284443e-01,5.044985536711704688e-01,5.665465295920398825e-01,3.937955366876118579e-01,4.655835535637123379e-01,5.420044694374855920e-01,9.361193832436547069e-02,2.440643950664745099e-01,2.701349404805378773e-01,4.399327794400669789e-01,3.189419969484537654e-01,2.832819464016417821e-01,3.735653837131811539e-01,3.071025570033866225e-01,-6.610200744409870655e-02,3.545028187003399500e-01,3.957914365555282310e-01,3.397329831180633808e-01,2.506156918691878621e-01,3.123155392870644032e-01,4.029289484613774452e-01,3.259580813488003326e-01,4.143925077400158474e-01,3.812306556544736158e-01,3.064771864057881934e-01,3.386066749862803316e-01,2.221864747617682545e-01,3.455582810162197149e-01,3.390605674635525091e-01,2.677228306805555236e-01,3.584529173931091939e-01,3.021781393508792823e-01,2.927682935635685380e-01,3.885579074525019605e-01,3.434658366632470927e-01,2.883829475078927840e-01,3.887297213203190216e-01,3.966653743637751917e-01,3.822964134042603490e-01,2.787906247700254192e-01,7.591241029324689903e-04,1.649816797527037526e-01,2.086123937425888031e-01,3.720309035483119198e-01
5.421679521391339351e-01,4.689806587652531888e-01,4.419007950087365799e-01,8.817920494046758151e-01,8.842279565136729191e-02,6.240286953232027090e-01,4.890405582507394433e-01,3.058182993366715952e-01,3.262013398563093358e-01,8.167702351814519757e-01,3.440089319564358927e-01,1.000000000000000000e+00,1.108665910811521271e-01,2.597003453866714717e-01,1.447991458093524364e-01,4.655556451607130164e-01,5.425158275377376382e-01,2.655139139892813693e-01,4.896113475489639599e-01,8.515995110774331467e-01,4.600026865471064652e-01,3.934750599903117374e-01,5.002158161688595728e-01,5.294521920983006336e-01,2.717348408463876042e-01,6.100549906995004212e-01,4.679013949836862141e-01,7.021624570342064331e-01,4.653491967851501321e-01,6.511546459360093575e-01,7.995413411901661216e-02,1.648433669201293250e-01,5.227535397419273977e-01,6.324959081691117202e-01,4.360086629852503171e-01,5.520633261124004987e-01,4.766806066044657619e-01,8.716665972507798843e-01,-1.400576358164137558e-01,5.771156220158001338e-01,3.986465511520807525e-01,4.237687806219656017e-01,2.464540947838586571e-01,7.566416517722277524e-01,1.765407899583139595e-01,9.215132344273044840e-01,3.073280844241649268e-01,3.379557721844619889e-01,2.850327595570949502e-01,3.957786088195289209e-01,5.126335082784809760e-01,1.400918302661351977e-01,4.072170336873259799e-01,8.423846876742276946e-01,4.414308646100947309e-01,4.759345311164438486e-01,4.285583191634857458e-01,5.872811838735865209e-01,1.830672041286556528e-01,5.311109650275105398e-01,4.179549992819149296e-01,6.390181930278653333e-01,4.218338112730933842e-01,6.138963632688971828e-01,-6.001141106050723178e-02,7.691275578039764860e-02,5.233819305309040937e-01,6.250134800927639178e-01
1.815565111730277625e-01,3.672186147991114615e-04,3.291887272871858450e-01,1.303630478458293329e-01,1.501071373135620113e-01,2.898726690629490621e-01,4.629600582211465531e-01,3.106273633027261671e-01,4.041742152840701596e-01,7.354121179699771305e-02,3.974495171368106483e-01,1.108665910811521271e-01,1.000000000000000000e+00,3.667231054115762112e-01,3.804801514852402256e-01,2.302072390155026904e-01,2.999584461509019820e-02,3.181523348898357417e-01,1.505747583187818650e-01,1.115644871300921909e-01,2.224255358076393241e-01,2.422042031044044641e-01,9.216059081697544619e-02,4.395819457917818363e-01,4.889482742669339910e-01,1.497600672545414402e-01,3.571531214822022404e-01,1.576843792576864967e-01,3.096630018425333697e-01,1.379806765659125078e-01,5.191770327389233497e-02,2.430883419949435853e-01,8.236977479361462517e-02,1.212619638043823944e-01,1.590947002647377928e-01,1.697222574244101672e-03,2.083528633268069419e-01,9.698163292953548842e-02,7.204524221299681008e-02,2.275061087379630642e-01,3.979915543235434949e-01,2.984780865333953037e-01,4.389498652646578458e-01,2.140273904388195064e-02,3.582756506568362531e-01,1.117273215860235397e-01,5.348699316523933822e-01,4.231322703367026428e-01,4.518701545491381477e-01,2.559658876943770034e-01,-1.365828671322790733e-01,3.218619376093318496e-01,4.141587254311063226e-02,1.008920145048139844e-01,2.260538479347470042e-01,1.805691634095575038e-01,9.795635781970978007e-02,3.824144407327702000e-01,3.466415045286203589e-01,8.398411085051460390e-03,2.642380581607032819e-01,1.650282135106156123e-01,3.139444069586125874e-01,-5.929620325829549482e-02,2.514549379049434985e-01,2.223212661489584463e-01,4.673577281459208310e-02,9.436806631167188320e-02
5.763141713605757221e-01,9.900796530230294989e-02,6.761817185675774722e-01,2.570329994306512211e-01,1.050105107694798146e-01,3.475430488398633111e-01,7.149149352060052420e-01,3.650412401189617739e-01,4.113752782706030509e-01,2.330765599390551557e-01,4.857481144475818136e-01,2.597003453866714717e-01,3.667231054115762112e-01,1.000000000000000000e+00,2.605526087749476249e-01,2.940621486926943695e-01,3.964160774419342448e-01,6.665795620573171654e-01,4.851711405305669245e-01,2.569927220751568875e-01,2.976572204609740924e-01,4.782605327833927000e-01,1.675187757122343635e-01,5.876422487198657008e-01,4.818658638782091774e-01,3.951095711712139802e-01,6.922365231343015068e-01,2.213512743796594018e-01,4.839928687434520982e-01,4.711211911899267912e-01,2.159656949823929861e-01,3.120581125826070723e-01,1.727225196448687883e-01,2.554395650279444041e-01,4.028265221167566801e-01,1.379276476598517709e-01,3.665552687639166973e-01,2.326432841075070090e-01,-4.593532047923694350e-02,2.419860171830298112e-01,5.748217076925091762e-01,3.184164382675980232e-01,3.792486201304601234e-01,2.116089606507619847e-01,3.073999494387207321e-01,2.464309542506886441e-01,3.864540882432320745e-01,6.882408900661580731e-01,3.134491263459239785e-01,2.813208609143884598e-01,4.775931884993761534e-02,4.986378383718747531e-01,2.682752603260538660e-01,2.154790944756767579e-01,2.919162002779929210e-01,2.740532474053102296e-01,1.373972810591874982e-01,4.413526610181502385e-01,3.747452977695470699e-01,8.944971374828868116e-02,5.125569420555199374e-01,2.188502311074936035e-01,4.112782684482526041e-01,4.971531520490786449e-02,1.308119537033689272e-01,2.241045477067356018e-01,1.561330167547902159e-01,1.764231860056766354e-01
8.680020135368207712e-02,1.604907981580945553e-02,3.073036245491485574e-01,1.140974160919467212e-01,1.346759197772774419e-01,3.116265141506386893e-01,4.520474150403642755e-01,2.836735126016537989e-01,3.671832964563175872e-01,1.017060645589894230e-01,2.004381258548238176e-01,1.447991458093524364e-01,3.804801514852402256e-01,2.605526087749476249e-01,1.000000000000000000e+00,2.181862655028781461e-01,-2.353061092233144774e-03,1.895454089531604658e-01,3.065345901956368496e-02,1.245785693750710438e-01,2.479020655767623371e-01,1.925466408155955822e-01,1.164705085482589386e-01,4.084780674920048260e-01,3.007832354765558325e-01,1.669988905234033039e-01,2.401948583741540799e-01,2.112537385281959557e-01,1.989718502814341317e-01,1.471179028955550971e-01,3.485225193550150341e-02,2.123429136586712507e-01,5.769074698684128338e-02,1.393841860967400537e-01,7.816773985304854844e-02,-1.647579085091961312e-02,2.859296141316496342e-01,1.131505114677679308e-01,6.454483055756574106e-02,2.482447206941195972e-01,4.458756823680622983e-01,3.286898549701351424e-01,4.001051493122080305e-01,2.999580633283308387e-02,2.750127267227924222e-01,1.440336123146319092e-01,4.371360137461920425e-01,3.865123725525673737e-01,4.938937852163529652e-01,2.468318031670657109e-01,-3.776096240104932777e-02,2.875391916708605611e-01,4.636730277755203578e-02,1.207269133333662287e-01,2.439351767937329440e-01,2.082999208807550795e-01,1.204980580976090093e-01,4.146276900395326481e-01,1.960056607510504423e-01,1.200072201346852746e-01,2.457060070554828446e-01,2.195556877128082562e-01,1.864059538019695872e-01,3.599772543145999398e-02,2.059783169921800827e-01,1.778267312022254187e-01,5.228607180027071942e-03,9.192393690021785635e-02
4.920689970321615592e-01,3.307438022064058125e-01,3.948115066003594076e-01,4.669985960297448058e-01,2.418887978183871523e-01,5.803954579529406743e-01,4.178418144405481316e-01,2.661450122465253698e-01,1.390503841477488678e-01,5.368398647910141985e-01,3.704826128479596914e-01,4.655556451607130164e-01,2.302072390155026904e-01,2.940621486926943695e-01,2.181862655028781461e-01,1.000000000000000000e+00,4.432845769030462346e-01,2.081037353140756108e-01,4.451371174510878603e-01,2.676205980108792293e-01,8.170239552179299203e-01,2.083282452277976093e-01,7.644089700166115664e-01,3.671748565302848655e-01,3.078124742495528809e-01,3.494867477242680764e-01,5.529959062930219771e-01,6.970677956152804278e-01,5.682820868632861844e-01,5.323560201199454278e-01,1.617815389451961738e-01,2.660099229762182271e-01,2.797465426059998483e-01,5.526688962175183573e-01,4.185835501746200671e-01,2.942600914806119961e-01,4.000322576754907211e-01,4.777344548975877569e-01,4.507406305155112376e-03,5.462584900931785059e-01,3.068849405322940926e-01,4.090424124119549920e-01,1.743755923991759937e-01,5.106955675073240331e-01,2.318160493581962189e-01,4.820688689203364019e-01,3.662275186350301137e-01,3.205778150258339343e-01,3.864625841976684351e-01,7.900380604389285466e-01,3.096206406481853413e-01,1.653877521724421706e-01,3.098363221778265286e-01,2.247321365451982744e-01,8.329797439274332360e-01,2.768064534267273280e-01,7.676065586202753810e-01,4.382805895572977062e-01,2.053860412418665460e-01,2.134678149693944871e-01,4.370856510336251777e-01,7.312100047583759421e-01,4.578331486350222801e-01,4.235994323644711179e-01,9.995210582289473789e-02,1.905869661277382332e-01,1.556205169382941789e-01,4.985405123697103646e-01
7.368100416194021118e-01,4.230169557806385816e-01,5.968043205666203610e-01,5.440752227941266783e-01,1.584633493237181667e-01,5.131887153196644791e-01,4.857823599898254407e-01,3.618824459220422174e-01,8.453170802300948028e-02,5.524658617987198150e-01,4.616884511923052270e-01,5.425158275377376382e-01,2.999584461509019820e-02,3.964160774419342448e-01,-2.353061092233144774e-03,4.432845769030462346e-01,1.000000000000000000e+00,4.683363361449270901e-01,7.722303652321949041e-01,4.132976374740248704e-01,4.712628416168875289e-01,2.750307098661449179e-01,6.110424131216753985e-01,3.619418888393256539e-01,1.982395889059582750e-01,5.849980099183655913e-01,5.834516423981618294e-01,5.991510112145537192e-01,5.861318780370273762e-01,7.537276264295942330e-01,1.138892823309550495e-01,1.242970993523910689e-01,3.560584000175439079e-01,5.796992070798593355e-01,5.196414017851168632e-01,4.395161368774230248e-01,4.800588822029057678e-01,5.128328402900250715e-01,-1.542605203179568674e-01,4.713061715170592247e-01,2.810008910187429265e-01,3.593892686197364683e-01,-4.053552442442040558e-04,5.686210830518528825e-01,1.956291155750044808e-01,5.274591782331261580e-01,1.767524811016852881e-01,2.391048291837662154e-01,1.181836633044706653e-01,4.319357423294657439e-01,5.850078150956423695e-01,1.823537732054484606e-01,4.986283220447460529e-01,3.790770157654431149e-01,4.862482438276781727e-01,2.443442199722935804e-01,5.183224032437504514e-01,3.342130286822522223e-01,8.315522676516105827e-02,3.922514499099336582e-01,3.298166793386191342e-01,5.961340473069319801e-01,4.462797576713751213e-01,5.422110334255585418e-01,-1.596960038514428637e-01,6.054009340307990594e-02,3.539423360233553417e-01,5.407450465575779353e-01
4.935897911511253899e-01,7.808213779091503770e-02,7.008769089114967876e-01,2.779875399071959907e-01,1.136110320221144915e-01,3.279549032871607039e-01,6.746847435068510368e-01,4.352968592555095939e-01,2.972789126171130891e-01,2.331926624695165873e-01,4.927531022844232611e-01,2.655139139892813693e-01,3.181523348898357417e-01,6.665795620573171654e-01,1.895454089531604658e-01,2.081037353140756108e-01,4.683363361449270901e-01,1.000000000000000000e+00,5.856937238502479826e-01,2.791990060705287213e-01,1.946864036502826689e-01,3.792645397440981281e-01,1.303637105003382091e-01,4.078306042602400372e-01,2.547455243980884521e-01,3.879421683002018950e-01,5.123107300617414372e-01,2.161778131118125001e-01,3.520875998373305116e-01,4.359141035311446255e-01,1.102667758509376233e-01,2.222150653096293949e-01,1.406835888318851147e-01,2.390961237601101352e-01,3.227912069021865449e-01,8.165945733067572765e-02,3.782853320774615669e-01,2.469600889900344376e-01,-4.726664391785272146e-02,2.550496616065279776e-01,4.593763993200341567e-01,3.319450685819488878e-01,2.685166946999337778e-01,2.353577991803789127e-01,2.634719047588977570e-01,2.638341354243911585e-01,2.712383021638274383e-01,4.830163182297106395e-01,2.507738491461583563e-01,1.999328144294739706e-01,1.749283617862619489e-01,6.233917471910527253e-01,3.416308980493094061e-01,2.560583806428622933e-01,2.117787928248004437e-01,2.027235580992622355e-01,1.048102968100291937e-01,2.765230562257556257e-01,1.423820188460749869e-01,1.403721417961524831e-01,3.051427601306016535e-01,2.079965858697936099e-01,3.302312610861968256e-01,7.739742096499473145e-02,9.951533265638484727e-02,1.525643957940381878e-01,1.645267196369103457e-01,1.706909685970478263e-01
7.657285960805443326e-01,3.624358234770511666e-01,5.650088061960957253e-01,4.956590838694312495e-01,1.848621647059897066e-01,5.032134844568016963e-01,4.728169362624483063e-01,4.117109772414537239e-01,1.386228471767862735e-01,4.889032884746177254e-01,4.932624813424928423e-01,4.896113475489639599e-01,1.505747583187818650e-01,4.851711405305669245e-01,3.065345901956368496e-02,4.451371174510878603e-01,7.722303652321949041e-01,5.856937238502479826e-01,1.000000000000000000e+00,4.114931670780273554e-01,4.534019141463222491e-01,3.254461367945131745e-01,5.095872068194261528e-01,3.768911764590945346e-01,2.500091433242765393e-01,4.647428637290553222e-01,6.330084340346918692e-01,5.138291222431652372e-01,6.536062606826101851e-01,6.406416077961174516e-01,1.471048069493121058e-01,1.812449519192457781e-01,3.116333098911542310e-01,5.260538080638178515e-01,5.841404287337620405e-01,3.891598593852090837e-01,3.542207070388628809e-01,4.793124194382396008e-01,-8.778108338093491836e-02,4.661436744891118145e-01,2.567218198601454171e-01,3.594790708842062199e-01,8.759706283403068117e-02,4.956413095382652956e-01,2.304383926017833373e-01,4.856533721194902786e-01,2.268897030226296185e-01,3.390244534037227808e-01,1.687020865643032164e-01,4.545303222294812540e-01,3.980629690432994083e-01,2.652102020930985349e-01,5.583671001494252550e-01,3.719585314013964528e-01,4.643871479145208481e-01,2.293551500087135098e-01,4.335734254391017117e-01,3.146424736597653871e-01,1.993201383449844377e-01,1.956930673398953324e-01,3.568920644209188642e-01,5.101524145241638220e-01,5.681775300680073082e-01,3.496611010875191883e-01,-6.958459325371486870e-02,1.223764874338111458e-01,3.237001608919412021e-01,4.877108095120178399e-01
4.504549200918843699e-01,3.896777910735361727e-01,4.074539482515612265e-01,7.840138106808320906e-01,1.197430727014951561e-02,4.393016667352740434e-01,4.314291237302023685e-01,2.694298912498250820e-01,3.620117110763556023e-01,6.161104427127398475e-01,2.852584346809210469e-01,8.515995110774331467e-01,1.115644871300921909e-01,2.569927220751568875e-01,1.245785693750710438e-01,2.676205980108792293e-01,4.132976374740248704e-01,2.791990060705287213e-01,4.114931670780273554e-01,1.000000000000000000e+00,2.628060663932855201e-01,4.166198677940681216e-01,2.825250879554692118e-01,5.110564997866106074e-01,2.801902474985117908e-01,5.569181898592353575e-01,4.157632463901869690e-01,5.019069605012481672e-01,3.869263885052708907e-01,5.052481919263901444e-01,3.657125595895741044e-02,1.261898997041449311e-01,5.367889352112251711e-01,5.100197528819353510e-01,3.920572809329903041e-01,5.401795151019008756e-01,4.278846251495546094e-01,7.551984614389869455e-01,-1.501221704482909869e-01,3.752712095034670958e-01,4.186050249774079801e-01,3.429023990444913794e-01,2.757370302292480035e-01,5.182788976353079891e-01,1.572205360541856500e-01,8.289963793305440420e-01,3.079553196621831468e-01,3.830998235742823499e-01,2.183795376609519445e-01,2.191321613142602209e-01,4.218712525544631164e-01,1.861538824414405713e-01,3.753785609915233912e-01,9.580801959462998951e-01,2.295185993804864655e-01,4.629533161814915476e-01,1.739662346775409929e-01,5.730789273360935576e-01,2.389142389094495722e-01,4.998598964323063831e-01,4.347626676163226511e-01,4.189092598835484349e-01,3.711009070941649335e-01,4.833101098547130103e-01,-6.822098290340251892e-02,7.506194505325415600e-02,5.666282995250221388e-01,5.270626992987471615e-01
4.945014814467877939e-01,3.664821029496012628e-01,4.297663028426348397e-01,4.738543868459027530e-01,2.194930892490981056e-01,5.498483427651303934e-01,4.351604707333361910e-01,2.680013937464563178e-01,1.782389604240970926e-01,5.276123977393055720e-01,3.577965290535465304e-01,4.600026865471064652e-01,2.224255358076393241e-01,2.976572204609740924e-01,2.479020655767623371e-01,8.170239552179299203e-01,4.712628416168875289e-01,1.946864036502826689e-01,4.534019141463222491e-01,2.628060663932855201e-01,1.000000000000000000e+00,2.021484338284077475e-01,8.378922627457041639e-01,3.960047484032440668e-01,2.949853731106620858e-01,3.996004737312714994e-01,5.940845074644806045e-01,7.001410221188636429e-01,5.941751858407812170e-01,5.722196103744190410e-01,1.773984236067388809e-01,2.181173801142501922e-01,3.555539399973633996e-01,6.218160485101457136e-01,4.154404210759054528e-01,3.342598630601066878e-01,4.417795762739251675e-01,4.779397707695796083e-01,-1.148578265509879112e-02,5.566977129813444058e-01,3.450596383808262058e-01,4.123281233204939000e-01,2.217666237092633386e-01,4.938306536770868393e-01,2.321641526685928603e-01,4.925486385040437343e-01,3.587560177901547021e-01,3.300943579699400776e-01,3.829967784303559553e-01,8.249233770599293525e-01,3.133992816438385121e-01,1.992731785496225649e-01,3.028227756855565445e-01,2.126077157978877585e-01,9.509441733688243081e-01,2.959852827157870570e-01,8.362658461993354164e-01,4.721689325312417584e-01,1.719023869949757866e-01,2.576910325202681484e-01,4.848136047288271189e-01,7.470200567531689595e-01,4.949374585535991078e-01,4.400771420943118128e-01,1.475492153398908213e-01,1.656138566128264045e-01,2.404808504371107325e-01,5.614832818672912396e-01
3.672766235726940276e-01,2.546743457940874311e-01,4.975674577986422542e-01,3.472696111324733437e-01,-1.120495781955325836e-02,2.474102107440513676e-01,5.678342965307854318e-01,3.058530344004439239e-01,5.070154293417892255e-01,2.988775529239634521e-01,3.386716095260793868e-01,3.934750599903117374e-01,2.422042031044044641e-01,4.782605327833927000e-01,1.925466408155955822e-01,2.083282452277976093e-01,2.750307098661449179e-01,3.792645397440981281e-01,3.254461367945131745e-01,4.166198677940681216e-01,2.021484338284077475e-01,1.000000000000000000e+00,1.439405715839135458e-01,6.335773290081456732e-01,3.839914923653872658e-01,5.368432941400623770e-01,5.292823732127364122e-01,3.003596222578987507e-01,3.194136968399312604e-01,4.627991144741496754e-01,8.547705906650360230e-02,1.070522130703514818e-01,2.540186532135393360e-01,2.711149226178878879e-01,2.802588844834173476e-01,3.107538187690024323e-01,3.468235585356471695e-01,3.472702966119295964e-01,-1.313313232519735252e-01,1.564300944151791606e-01,4.930432107635870365e-01,2.914963043069133675e-01,4.010504102223521605e-01,2.360053703438129702e-01,1.676602905359093898e-01,3.737005167314544352e-01,3.242880510372113667e-01,4.706405694767648029e-01,2.137775475454275764e-01,1.793279893053626173e-01,1.618984359528714834e-01,2.791474325427221181e-01,2.254583793396972013e-01,4.003298507623130886e-01,1.731758202586956286e-01,4.958019302223199976e-01,5.869317858946559996e-02,5.714797092442044368e-01,3.185576192354377945e-01,3.436386972390202965e-01,4.399261634551158706e-01,2.178606975238625287e-01,2.967406079108555472e-01,2.127142639115784384e-01,3.830085386802925540e-02,3.275080855244868333e-02,2.835409494967873756e-01,2.666927504671878779e-01
4.969190791920281569e-01,4.651083816334394272e-01,3.975276297121558833e-01,5.324477975086125969e-01,2.311243757477981775e-01,5.634861463532391257e-01,3.568849321486777804e-01,2.683946505473679411e-01,3.834437447903144003e-02,5.814885537011980077e-01,3.321085222527483949e-01,5.002158161688595728e-01,9.216059081697544619e-02,1.675187757122343635e-01,1.164705085482589386e-01,7.644089700166115664e-01,6.110424131216753985e-01,1.303637105003382091e-01,5.095872068194261528e-01,2.825250879554692118e-01,8.378922627457041639e-01,1.439405715839135458e-01,1.000000000000000000e+00,2.926688360716178106e-01,1.869376862573600973e-01,4.497315641123774688e-01,5.613099497075048072e-01,7.806594045345121025e-01,5.761467644327549209e-01,6.775514358603134113e-01,9.915766557129747361e-02,1.445450061442153100e-01,3.408771708299442316e-01,6.774579384821682870e-01,4.201371430859703326e-01,4.195546171303870531e-01,4.323503330338665518e-01,5.331638595744652154e-01,-5.991647616316377739e-02,5.861448902924191184e-01,2.216822862315333820e-01,4.371402838414563674e-01,6.700572329558991680e-02,5.818126620510488678e-01,1.817529984462920856e-01,5.182702132152156027e-01,2.620001989539061937e-01,1.771373191202134378e-01,2.980677834759099532e-01,7.548823263764924407e-01,4.980221840612138462e-01,9.028921176163029472e-02,3.498614988133873505e-01,2.320369151732540325e-01,8.389289412877530827e-01,2.698469411865750955e-01,9.081576497026159212e-01,3.721382507976263576e-01,1.024621281802985950e-01,3.367460893742706962e-01,4.173921993924292750e-01,8.093491820038358764e-01,4.478095809377008463e-01,6.169036904763374185e-01,1.462155737679890488e-02,1.034723940058878827e-01,2.224043344380648435e-01,6.464744828908823848e-01
