1.000000000000000000e+00,1.412887240368579100e-01,3.887743804287485117e-01,1.804242979841143291e-01,-5.435571311095650088e-02,2.885328894601838501e-01,1.428140548335289917e-01,1.413808492058098165e-01,-3.417534310993618207e-02,2.201259509769452061e-01,-1.230955359421580519e-01,1.738398240347772961e-01,-8.781012835286015894e-02,1.900012993280045526e-01,-1.358448901866130265e-01,1.800910964476425680e-01,5.286944388160936814e-01,-1.613322864396324330e-02,5.294096545364621598e-01,1.827238023175879744e-01,3.315666322522636267e-01,2.002947176629654435e-01,3.290263074772621921e-01,1.318912018899508209e-01,-1.923698468177364174e-01,-1.311274600557223516e-02,2.843073625250495673e-01,2.087000960492453039e-01,5.925936125027833068e-01,2.086424798375240697e-01,8.331528477401055344e-02,8.580434818002527497e-02,-3.284338831472510128e-02,7.294562021298628407e-02,4.626027091633116428e-01,5.050853629990803562e-02,2.081625952840335941e-02,1.519074401565817800e-01,-6.076614212145176053e-02,1.774361748651031856e-01,-5.674026545822007800e-02,1.384502933879382669e-01,-9.086432189116101787e-02,3.147071843069962349e-01,-1.389101101460485654e-01,1.937685830206340720e-01,-1.548538074227001626e-01,1.020967953314454169e-01,-1.643635720188433569e-01,1.686435457869878696e-01,1.068657840731955522e-01,-1.311827088992748858e-01,1.175258098429725756e-01,1.993725494275448151e-01,2.167857311747905524e-01,-4.299876970187604258e-02,1.973210152401676520e-01,8.049515151940542235e-02,-1.545913728359984696e-01,-1.085056281604722672e-01,-1.370580213860073462e-02,2.261607599060417029e-01,1.716679029131803480e-01,1.175529976446497149e-01,6.289394370264393685e-02,4.713442458989252487e-02,-6.870969584139022257e-02,9.814647456319074148e-02
1.412887240368579100e-01,1.000000000000000000e+00,-4.371757653270838540e-02,3.601500326637139815e-01,4.274431212200283797e-02,2.343300329911534585e-01,-1.749066996029369214e-01,1.130655922504293226e-01,-2.134140836019944934e-02,9.495028690942830529e-02,8.217674957578742501e-02,3.258112381701965821e-01,4.998698844098511951e-02,-2.279355185274508366e-01,4.726049728083626944e-02,2.449567769904508474e-01,2.915344314050584140e-01,-1.365490593326701592e-02,2.251352958246891078e-01,2.917811343107235555e-01,2.865570348496436215e-01,3.204686301682233562e-01,5.184500857169016541e-01,1.206247395689342694e-01,1.102691002212861371e-01,1.587405135498745068e-01,2.103075395953032667e-01,2.851300968214760534e-01,2.086889943885656962e-01,3.039206796275830680e-01,-1.511913644269601842e-01,-1.515241720970102735e-01,1.755060024315752976e-01,5.511482824893142451e-01,2.825391968067271775e-01,5.171992357453231159e-01,3.969130492616153999e-03,3.563791131268139178e-01,5.924487230680693106e-02,3.209397198809492147e-01,-1.738332196040031918e-01,1.647764386853994012e-01,-8.877543349368126335e-03,1.134881192203364697e-01,2.071599387039800844e-01,3.040442571428385032e-01,2.274121308067173636e-02,-1.425068246409118833e-01,-6.285503142147762755e-03,3.596526953967943974e-01,4.674289468895581057e-01,-1.226024028509437452e-01,3.232720268338282743e-01,2.693042894374791385e-01,3.365961304201178228e-01,4.043741443116712908e-01,5.698594296121675118e-01,1.937600184367598843e-01,1.371967729126786495e-01,2.689140998534778060e-01,3.023717996031997091e-01,2.940542032247286386e-01,2.840254958285488018e-01,5.118904193825848381e-01,-5.315478373439855297e-02,7.054641367145779440e-02,1.340901217573715054e-01,5.253083211528931651e-01
3.887743804287485117e-01,-4.371757653270838540e-02,1.000000000000000000e+00,8.721844756664556830e-02,-5.779316404596911844e-02,2.741075591933592737e-01,7.427465318850651199e-01,4.625029613719088828e-01,2.223042825046992743e-01,2.995898350401139387e-01,2.783651325431527046e-01,1.352330308055715580e-01,1.781669589790236263e-01,6.829434140651132745e-01,4.600155584281923754e-02,8.191508352555132433e-02,6.438965737570448988e-01,4.368887308389342583e-01,5.336803295181941076e-01,2.209409314407408675e-01,3.129044326574591528e-01,2.023421631788500930e-01,2.391032942700268005e-01,3.424285616806685972e-01,9.002149330610081934e-02,6.415385376182075605e-01,6.305345574626415317e-01,2.030585722063295018e-01,2.360989951524633257e-01,4.281549951331099502e-01,3.027380907733139281e-01,6.533220561210155430e-02,6.303910733500586727e-02,-6.114717193833842795e-02,4.682077789236847865e-02,-1.736151377156069375e-01,4.626954680582178736e-01,5.404695605604980385e-02,8.314478185656791476e-02,2.200919865549491039e-01,4.199619710957969154e-01,3.396046773211998104e-01,1.894442658758028752e-01,3.509374018886943225e-01,2.139398666453065090e-01,1.654897589421874260e-01,8.766631379739413255e-02,3.544442131076491198e-01,-4.641642016055682468e-03,4.386589370333594806e-02,7.941059544632814160e-02,2.960591445341023142e-01,6.432384766414767086e-02,2.457633301909488421e-01,2.307477954242540541e-01,-1.254761822543700445e-01,6.914758051501897207e-02,1.789872794603450390e-01,5.729354038450113623e-02,2.516401064951388489e-01,2.332934377074161458e-01,9.683180963443903388e-02,5.830716990914611153e-02,-1.138367684301835187e-01,5.500618988948139526e-02,6.107845597543595795e-02,1.184336122487336107e-01,-2.705115704024294281e-03
1.804242979841143291e-01,3.601500326637139815e-01,8.721844756664556830e-02,1.000000000000000000e+00,-5.035984682620684230e-03,5.841835248751666709e-01,8.606544565066204244e-02,2.207355711765060513e-01,7.804451758037792702e-03,5.524740364888854893e-01,-5.270288341565506490e-02,9.228907013058246234e-01,-6.923794040008966755e-02,-8.400628507334596817e-02,-3.567567811292554625e-02,1.634155905278630305e-01,2.895629237306148740e-01,-1.527504211302811200e-02,2.272156274050537994e-01,8.616472069170534320e-01,2.930186455716972116e-01,3.130364955904857971e-01,4.391383247139551416e-01,2.366478068148008540e-01,-1.428451433675167470e-01,1.794946250573140334e-01,2.715125577499639953e-02,5.776428338687664699e-01,1.677062288129606837e-01,2.749099547913155805e-01,-2.372470607863001180e-01,-2.056461521403637749e-01,1.397140179561831286e-01,3.607477772568065122e-01,2.888847959944791932e-01,2.821787780773466481e-01,6.970128102814240889e-02,9.681018367985361195e-01,2.824232534019787202e-02,6.040015328414145568e-01,-7.525720656907443351e-02,1.602498879255263575e-01,7.811898678126695528e-02,5.991029444563157336e-01,9.004390044955958017e-02,8.767299442745555282e-01,-1.340440732844059291e-01,-1.646019819094529935e-01,-2.143495562850949304e-02,2.339644087261343874e-01,3.327475450782708122e-01,-1.640681357792883321e-01,1.014773672589141251e-01,8.537802261554965355e-01,2.805924026544329153e-01,2.979289300371476545e-01,4.533093646351651906e-01,3.254390956698534620e-01,-1.030091129854387721e-01,2.589795814870425317e-01,2.534186645948946492e-02,5.163666859054982794e-01,2.076746412587764656e-01,4.010750471143692542e-01,-8.135867709409014270e-02,-5.426467659872429017e-02,1.042609467173820081e-01,4.327894529463899298e-01
-5.435571311095650088e-02,4.274431212200283797e-02,-5.779316404596911844e-02,-5.035984682620684230e-03,1.000000000000000000e+00,1.361371370596077025e-02,-6.368791319731512135e-02,1.311527238454572308e-01,-5.322668340483145688e-02,-9.944250411884837659e-02,-1.171949013213114885e-02,-3.997525715102739907e-02,-5.082004337907300440e-02,-8.241586485260242456e-02,9.009216666636102322e-02,2.623897694154406907e-02,2.761476354155340679e-02,6.307751705301754830e-03,-3.661748369883298382e-02,-6.454578382143287552e-02,-2.254062854089481163e-02,-6.389199399034356519e-02,6.017372487418143345e-02,-6.168208614788944083e-02,-6.860292121965062828e-02,-1.852153172332183725e-02,-1.070918661431607688e-01,7.363362283791326235e-02,-6.129248382508772214e-02,7.834211263023529992e-02,-1.757031532739244950e-02,1.229188506488090166e-02,-4.520352960621016811e-03,8.891241388430426440e-02,-3.837402638635770830e-02,2.939741051872367048e-02,-9.317190661750943126e-02,-2.474666973592296992e-03,3.445301723942528760e-02,5.256964067343437505e-03,-9.523253720089322472e-02,9.794612788807241510e-02,-5.384094968866250802e-02,-9.363095927255056516e-02,1.300346856962053196e-02,-4.986338285914101998e-02,-8.792053182738177042e-02,-1.259376170818783669e-01,-2.705269508891760058e-03,2.952950872296922560e-02,4.315069142258949608e-02,-5.061340072863393380e-02,-6.293990846242560055e-02,-5.661125090547476646e-02,7.106083342787887502e-03,-2.760992833028121096e-02,4.218659393025216142e-02,-4.531620773230221610e-02,-1.338877837903969248e-01,-2.379585643827672806e-02,-8.552995160432877442e-02,7.100878955646819368e-02,-8.481607019916802270e-02,7.914747409140451828e-02,-8.946941753970117164e-03,-3.062877771254223294e-02,-3.460588103949421845e-02,4.489265427254581636e-02
2.885328894601838501e-01,2.343300329911534585e-01,2.741075591933592737e-01,5.841835248751666709e-01,1.361371370596077025e-02,1.000000000000000000e+00,2.908542293452269223e-01,4.119653274550114097e-01,1.123301070476860758e-01,7.041276924315862384e-01,4.869449404244516333e-02,6.423286168007601438e-01,1.265724617612494773e-01,9.641878267619696796e-02,1.267611382276150056e-01,2.120281776447159039e-01,3.120938346362248650e-01,1.936363082714386702e-02,3.088799541395532144e-01,6.229650899971228561e-01,3.014702519517796775e-01,2.781778787945553555e-01,4.472775030129331197e-01,2.893229344962883198e-01,7.220291484065842480e-02,2.130981704089922879e-01,2.084007601878635485e-01,6.967061335232692665e-01,2.247520528220030567e-01,2.727043870161196537e-01,-6.127038657174700004e-02,-1.019697321795155348e-01,1.209390751330209346e-01,2.833791631392250654e-01,3.301893604304178553e-01,1.209984406028317694e-01,1.392856282983298555e-01,5.592030228329849528e-01,8.919437263518288639e-02,7.790916426006408990e-01,4.703174744709944649e-02,3.571861991412675352e-01,1.224395757084180553e-01,7.552590034917409101e-01,1.824617976532460217e-01,6.619702281963035784e-01,7.037315236098147520e-02,-2.365587049132644292e-03,9.279373891004752406e-02,2.387637042068228577e-01,2.713451920286081842e-01,-8.364332630751426800e-02,1.611434649048111845e-01,6.572692519736731409e-01,2.762919756011951167e-01,1.913371067467313225e-01,4.089300004391579479e-01,2.990072460207964244e-01,3.751653703088744796e-02,2.040472991651339496e-01,1.394208590982391194e-01,6.444042282427625556e-01,1.628576343887943034e-01,3.141281688095455826e-01,-3.197256386292925828e-02,4.518590106262834749e-02,4.585729365321715434e-02,3.207828717586611589e-01
1.428140548335289917e-01,-1.749066996029369214e-01,7.427465318850651199e-01,8.606544565066204244e-02,-6.368791319731512135e-02,2.908542293452269223e-01,1.000000000000000000e+00,4.142389844540488864e-01,5.087657957322476721e-01,3.661270944218689705e-01,2.344293066630784850e-01,1.563391785634489772e-01,3.061120783348280638e-01,8.042965594507368587e-01,2.284929618622462133e-01,5.853199354031263235e-02,2.787347631829747985e-01,3.756669434741378710e-01,1.831162205075154981e-01,2.447681070928468816e-01,2.676069922927708511e-01,3.333373170120698115e-01,7.805213678618509732e-02,6.395835125645153996e-01,1.961512933183897633e-01,6.302477708190470373e-01,5.460243836572050702e-01,1.763670223540119431e-01,8.142182253310387141e-02,3.128361335301022561e-01,3.306835465884841452e-01,1.341376915989206664e-01,5.926574203055669926e-02,-1.674707700436861013e-01,-6.136110945468613992e-02,-2.703549940777153493e-01,4.859477924670134730e-01,3.198903765134598898e-02,8.402472689667291050e-02,2.491857393980028978e-01,6.769272956774670114e-01,2.392251618440073280e-01,4.928719548153684960e-01,3.793705362133241166e-01,1.697333670978449782e-01,1.898982306750475191e-01,2.407935156786430719e-01,5.273359628520383202e-01,1.993753933446116844e-01,-2.028508120090155749e-03,-1.186506783064624204e-01,2.716511861796251370e-01,-1.007390224666709772e-01,2.775551300720470738e-01,1.956616394141801607e-01,-1.823627537448000921e-02,-7.052110862670769344e-03,4.703649640633255080e-01,1.575042131232758658e-01,2.461009595033017139e-01,2.544869319506046224e-01,6.766443474329951469e-02,3.996024700487112169e-02,-2.170083331792152792e-01,1.439727853911234035e-01,6.441890704746397467e-02,8.958905471745459703e-02,-9.184386955158181653e-02
1.413808492058098165e-01,1.130655922504293226e-01,4.625029613719088828e-01,2.207355711765060513e-01,1.311527238454572308e-01,4.119653274550114097e-01,4.142389844540488864e-01,1.000000000000000000e+00,5.313126307025869965e-02,2.002587706602821371e-01,2.367199255465755603e-01,1.854966852996794147e-01,9.733244831179922729e-02,3.063830749053377822e-01,6.481534829544985388e-02,1.366241369133381067e-01,4.502067202142431279e-01,3.915458877876302202e-01,2.193905716408788842e-01,2.222816780009077009e-01,2.467868265146994367e-01,1.304749766556238533e-01,3.740402045972500700e-01,1.687784472570550143e-01,1.919115488702213476e-02,4.989353409713643273e-01,1.324846526382104372e-01,5.053126167641120992e-01,4.726689225247225623e-02,6.330525439151165612e-01,-6.809373978689031714e-02,-1.379236813850653054e-01,6.840598765382255309e-02,2.128231229402599289e-01,1.591607359545518449e-02,-4.979794381914932899e-02,2.091886387955288751e-01,1.897763824923192899e-01,1.262661448920375518e-01,3.496113532657999512e-01,2.031503343341928836e-01,6.457092900658836232e-01,9.071484616510622212e-02,2.492423557750372831e-01,2.939137533072803121e-01,1.540089419670351012e-01,-1.721251407246393930e-02,2.214826867232023641e-02,1.043466207533852858e-01,1.067796284491322606e-01,2.889063323959232266e-01,7.128674740533245957e-02,-1.765713842008544490e-02,2.180886780221894528e-01,2.396005071352491911e-01,-1.860274136100639047e-02,2.272121159816391234e-01,1.446798795570570506e-01,-1.141817819945760426e-01,3.400088937924359844e-01,1.029184860244577136e-02,3.610483340863094304e-01,9.562778804693825019e-02,3.361838119543152925e-01,2.213426430109962165e-02,7.807000466865725297e-02,2.830395721275466570e-02,2.207136862357824969e-01
-3.417534310993618207e-02,-2.134140836019944934e-02,2.223042825046992743e-01,7.804451758037792702e-03,-5.322668340483145688e-02,1.123301070476860758e-01,5.087657957322476721e-01,5.313126307025869965e-02,1.000000000000000000e+00,2.219264628987281107e-01,1.955437281996069421e-01,5.242393158516398671e-02,4.540030408490289271e-01,3.051428798177407420e-01,3.528617343627903913e-01,1.096156282851194624e-01,-1.166181693017103588e-01,1.029238973725704054e-01,-9.335575765772234635e-02,1.297267852716900149e-01,2.180668038336554815e-01,3.390846813658029979e-01,2.256122397357888942e-02,6.381057279038827579e-01,4.381928621175771310e-01,2.695283278309034691e-01,3.880773973428861545e-01,-3.063648343119164787e-04,-4.679445248937115498e-02,-1.436171823873142461e-01,2.708883860999349857e-01,8.946633336898940358e-02,2.960071533024648954e-02,-5.771728383469876961e-02,-1.171452833926732578e-01,-5.817882913919952131e-02,2.790962891474011928e-02,-3.609078076082427450e-02,4.804058776654947238e-02,8.779152598208449232e-02,2.803740232549192246e-01,-9.476026674246217085e-02,6.532638138566614350e-01,1.830290796271798470e-01,1.056730282682108862e-01,8.460570440584608276e-02,4.231768671805088977e-01,2.342223167359079039e-01,2.677505655787965622e-01,1.149471429899922292e-01,-2.314493406632790462e-01,2.341590486902021904e-03,-1.190398119042005015e-01,1.496109533315133633e-01,1.827090871270418415e-01,1.065056510441888121e-01,4.666647731752848055e-02,4.626196869709373605e-01,3.798938945218063856e-01,-2.819200428892758231e-06,1.954280045664629484e-01,-3.230151517839044417e-02,5.102227326569103855e-02,-2.566163760039093522e-01,1.314760628808703258e-01,2.386146382183807618e-02,9.927209602638084607e-02,-2.434080769247662368e-02
2.201259509769452061e-01,9.495028690942830529e-02,2.995898350401139387e-01,5.524740364888854893e-01,-9.944250411884837659e-02,7.041276924315862384e-01,3.661270944218689705e-01,2.002587706602821371e-01,2.219264628987281107e-01,1.000000000000000000e+00,1.119079365222819672e-01,6.306509179840406043e-01,2.085688518936179014e-01,2.391969220234591575e-01,1.063965475295086671e-02,1.115238335405261544e-01,2.228026968118326234e-01,7.359341778234917975e-02,2.956626020129568544e-01,7.777035470786218818e-01,2.726143144685816977e-01,2.747435215933728969e-01,2.193693599416453310e-01,2.940996596008189079e-01,1.285709264665100271e-01,2.371431390345564993e-01,2.759933444051823059e-01,3.626157891016753565e-01,1.296537848710737351e-01,8.811194625318838347e-02,5.658606907367995376e-02,-4.664856227297757563e-02,6.927438344813387217e-02,1.038766557541394298e-01,1.855930849837645891e-01,9.725201134623212909e-03,1.583942595476691140e-01,5.212489282767373000e-01,4.510933127519914376e-02,5.734678539295856581e-01,1.178188096031147630e-01,1.159453194293223605e-01,2.642987118051930429e-01,9.246594424841597659e-01,1.643480019042213303e-01,6.755824279506087437e-01,1.406837352570632083e-01,9.187446518263361894e-02,2.317183075835487979e-02,1.034364696262609074e-01,8.582079332536696192e-02,1.650306056882314826e-02,8.363199577635728466e-02,7.904146469361317262e-01,1.900383258807215037e-01,1.241742699633554825e-01,1.969840579559427318e-01,2.433451974544628138e-01,1.388999400133065776e-01,1.572544695635529621e-01,1.278260805928507493e-01,2.971947311657065494e-01,1.036720925602978849e-01,2.002418919330253497e-02,-6.961524711309173856e-04,-7.943538745691619551e-03,7.189127231645420224e-02,1.763819700571894744e-01
-1.230955359421580519e-01,8.217674957578742501e-02,2.783651325431527046e-01,-5.270288341565506490e-02,-1.171949013213114885e-02,4.869449404244516333e-02,2.344293066630784850e-01,2.367199255465755603e-01,1.955437281996069421e-01,1.119079365222819672e-01,1.000000000000000000e+00,-1.874936912446681717e-02,3.547883311296127773e-01,2.820621076633716418e-01,4.456902692034211272e-02,4.439848752262117761e-03,2.313012193097065961e-01,4.432571284132872935e-01,2.242700284304634251e-01,5.338561733634388656e-02,8.797285463039160314e-02,1.751788229905518468e-01,9.478251917512887925e-02,4.801844836172004805e-02,3.752402299612354608e-01,4.686129868471063387e-01,3.593788573446648482e-01,-5.028680719645661074e-02,-1.303350578776089896e-01,2.243063879680046446e-01,2.044689664152002928e-01,-1.322272773164192942e-02,4.765955816118642996e-02,1.902889925203696264e-01,-1.037355142905663219e-01,6.229730194242398544e-02,2.773401474180589577e-01,-4.955955987794680162e-02,1.899875553496800928e-01,8.087882018847777910e-02,2.328668114745962858e-01,2.409221992102371923e-01,2.142740781130528516e-01,8.911893603621649784e-02,5.461297423188870015e-01,-1.515881704093561058e-02,3.202187222779331877e-01,2.040387941950872197e-01,1.181329826786021130e-02,1.073538602497102652e-02,2.242255145499810753e-01,4.148859809049990632e-01,2.397932111668542587e-01,3.148360520567498877e-02,8.909611753476923135e-02,1.445761311634065072e-01,6.928552279774936873e-02,-9.846838108401926009e-04,3.900820226650507094e-01,3.864153882648969640e-01,3.195584145273678844e-01,-1.055400526665310479e-01,5.148253015824557494e-02,-1.909535653580212919e-02,1.250209500544171778e-02,9.536192943192660365e-02,1.269397891022012170e-01,1.751744596614505656e-01
1.738398240347772961e-01,3.258112381701965821e-01,1.352330308055715580e-01,9.228907013058246234e-01,-3.997525715102739907e-02,6.423286168007601438e-01,1.563391785634489772e-01,1.854966852996794147e-01,5.242393158516398671e-02,6.306509179840406043e-01,-1.874936912446681717e-02,1.000000000000000000e+00,-1.641116723896778734e-02,-5.737697489997730695e-03,-6.130007066691494158e-03,1.199071659160801107e-01,2.792335928882098139e-01,2.936577771596387762e-02,2.658855097933840450e-01,8.968982017282840502e-01,2.785373676944859489e-01,3.124300990212355855e-01,4.126824336729845721e-01,2.379472496500023293e-01,-8.231635212960286552e-02,1.882460599066554108e-01,9.804824636808724680e-02,5.658931635343737998e-01,1.892749139141768067e-01,2.271378962688631042e-01,-1.698716656755766552e-01,-1.727037783503448665e-01,1.743717755539361258e-01,3.274600736321031103e-01,2.706726205405191044e-01,2.428017903935392463e-01,1.165541639554167203e-01,9.073444930569588562e-01,4.039954745242770734e-02,6.479363615655442388e-01,-2.762117563568464856e-02,1.373845327773181857e-01,1.419318977544185012e-01,6.556321069964482495e-01,1.285769830693532789e-01,9.408466327993637579e-01,-5.786893763529105811e-02,-8.913082751734320575e-02,-1.416723172683951454e-02,1.993837453902916612e-01,2.905766217893214209e-01,-7.205653166446801539e-02,1.253445155392873267e-01,9.021681004850933272e-01,2.540246273911773711e-01,2.852222370749359359e-01,4.280872909134942894e-01,3.145616200191650447e-01,-3.083323201308973277e-02,2.574451345315188489e-01,8.617675883732885123e-02,5.168526902247790877e-01,2.080923426180740221e-01,3.131276702332483342e-01,-8.178412610559952778e-02,-6.786296601138584739e-02,1.349240824020566110e-01,3.777491483631664759e-01
-8.781012835286015894e-02,4.998698844098511951e-02,1.781669589790236263e-01,-6.923794040008966755e-02,-5.082004337907300440e-02,1.265724617612494773e-01,3.061120783348280638e-01,9.733244831179922729e-02,4.540030408490289271e-01,2.085688518936179014e-01,3.547883311296127773e-01,-1.641116723896778734e-02,1.000000000000000000e+00,2.282788393033458596e-01,2.680820838481639545e-01,1.043772421396316763e-01,-7.936122106318849179e-02,1.970052512282410295e-01,7.101864774707098002e-04,8.575649545878313851e-02,1.810162065930586428e-01,1.760388552193156986e-01,7.984664594167564799e-02,3.193813493823108862e-01,5.983411581827142722e-01,2.300190537611847830e-01,3.999423440077635727e-01,3.522931110661018522e-03,-1.032583961845931902e-01,-8.381206959974513149e-02,2.413571863629077052e-01,9.255467950444211042e-03,3.181847298712257854e-02,2.956011725673662188e-02,-9.676356278522120491e-02,-2.409768401220182751e-02,3.834244830516339575e-02,-9.305118981936648381e-02,9.862890986730148135e-02,1.458486094991159054e-01,1.768457204517130676e-01,4.030582643587027336e-02,4.038840529555309256e-01,1.722560881100755614e-01,2.601057717749409304e-01,2.497031232877276741e-02,5.423817153146847092e-01,1.932286238108184839e-01,2.453467789859690718e-01,1.300183292637335508e-01,-9.110894687631250488e-02,8.911841707935598544e-02,-9.226815748037124620e-03,9.236635337180758298e-02,1.711960568817149642e-01,6.707073033484084457e-02,1.285459422914231320e-01,2.144196443652758022e-01,4.684009893278216485e-01,6.484555775176713277e-02,2.688064467106230371e-01,8.644116517458272711e-04,1.005340546482726971e-01,-1.216392856486417512e-01,6.114401158914004736e-02,9.194707611800227720e-02,1.329539112388666566e-01,7.885348372102519987e-02
1.900012993280045526e-01,-2.279355185274508366e-01,6.829434140651132745e-01,-8.400628507334596817e-02,-8.241586485260242456e-02,9.641878267619696796e-02,8.042965594507368587e-01,3.063830749053377822e-01,3.051428798177407420e-01,2.391969220234591575e-01,2.820621076633716418e-01,-5.737697489997730695e-03,2.282788393033458596e-01,1.000000000000000000e+00,2.396766073453898346e-02,-1.215721966426883301e-02,3.132064139756003396e-01,4.583571908448583199e-01,3.495205252351715197e-01,9.373293368849518192e-02,2.190160564646046193e-01,2.718101547123306094e-01,-1.147403891102638171e-02,3.079771681149375273e-01,1.203360263324508017e-01,4.809057193967822275e-01,5.704562559005624811e-01,-6.739486973634355171e-02,1.211736604156280345e-01,3.435839562985766871e-01,4.549287666577636058e-01,2.553031850979294859e-01,8.874679276690384047e-03,-2.107513092040121383e-01,-5.457902816301566512e-02,-3.144037103305944436e-01,4.727620047061548703e-01,-1.382818209927875186e-01,7.412595754430993666e-02,3.776527964463327613e-02,5.812625492796739124e-01,2.227066679164257657e-01,3.045276815817118954e-01,2.712843857553431381e-01,1.691748276459671407e-01,1.955975070057312457e-02,1.698901009872622325e-01,6.650878701137756810e-01,-2.564769835875733636e-02,-6.745233574981231162e-02,-1.381500120615609950e-01,4.483209588676012047e-01,1.768188733347893921e-02,1.034038122033760082e-01,1.275320314723789872e-01,-7.153061899444412841e-02,-8.603958858772725593e-02,1.350019182754323699e-01,1.442592103065116205e-01,1.633495900164098902e-01,2.473521190742694054e-01,-1.080981709362623666e-01,-1.665914872204901729e-03,-2.185731880593115295e-01,1.873354765208037065e-01,8.054863747912612004e-02,5.782646011017472665e-02,-1.357738110896481720e-01
-1.358448901866130265e-01,4.726049728083626944e-02,4.600155584281923754e-02,-3.567567811292554625e-02,9.009216666636102322e-02,1.267611382276150056e-01,2.284929618622462133e-01,6.481534829544985388e-02,3.528617343627903913e-01,1.063965475295086671e-02,4.456902692034211272e-02,-6.130007066691494158e-03,2.680820838481639545e-01,2.396766073453898346e-02,1.000000000000000000e+00,1.672911840650504953e-02,-1.044722428525627217e-01,3.871349829797623987e-02,-1.073619303150008947e-01,5.568520240964165702e-03,2.485771187503376528e-02,6.163485459193855653e-02,5.998043216694209923e-02,4.080314869661390009e-01,3.154187935966540901e-01,1.260841282554686082e-01,1.651905811557382864e-01,6.645760800062525120e-02,-3.058562283292959663e-02,-5.520170319115489527e-02,1.187507729222549678e-02,4.487253109369124249e-02,7.560182563918581289e-02,6.596278917530457031e-02,-1.005286806430742419e-01,4.144179746466718911e-02,4.461038760608930509e-02,-5.582895888423484304e-02,4.306714871938276817e-02,1.729506912079640246e-01,1.835942682582081542e-01,2.037555208406246002e-02,3.130347189182338119e-01,-4.183277492726313745e-02,1.111394530062728425e-01,2.483281593512752863e-02,3.266797521145133332e-01,8.930111510982355338e-02,4.119303014174220956e-01,3.378651551941223158e-02,-3.575878422113547284e-02,9.529504022614891082e-05,4.217671325637754876e-02,3.382178893586847840e-02,3.805525191873090907e-02,7.237509388865172311e-02,5.893238832331910287e-02,3.668479234242950082e-01,2.232601531468293155e-01,4.342681554128086791e-02,2.226325747339067684e-01,2.350631995294827359e-02,6.063818471191181891e-02,-6.038401486203161250e-02,-2.598925392726216758e-03,2.661088388476445105e-02,3.905982625082572018e-02,1.789996216354067769e-03
1.800910964476425680e-01,2.449567769904508474e-01,8.191508352555132433e-02,1.634155905278630305e-01,2.623897694154406907e-02,2.120281776447159039e-01,5.853199354031263235e-02,1.366241369133381067e-01,1.096156282851194624e-01,1.115238335405261544e-01,4.439848752262117761e-03,1.199071659160801107e-01,1.043772421396316763e-01,-1.215721966426883301e-02,1.672911840650504953e-02,1.000000000000000000e+00,9.731209762715530009e-02,-1.185342725261153141e-01,4.880787654303550549e-02,1.288006537977144095e-01,5.913888766837973598e-01,2.963300405465394416e-01,6.212864197813097178e-01,2.218786565621957418e-01,7.467359065656288541e-02,9.276469640354678692e-02,2.816632809490666189e-01,3.442484948976509695e-01,6.147717794259976304e-02,2.153758350653889042e-01,-6.985069953436440215e-02,-8.249110231107559255e-02,6.978467440604459171e-02,2.164656251841071133e-01,1.485129418332074569e-01,1.688443804776446067e-01,2.800465922744875547e-02,1.337144731192528579e-01,1.537106725483389918e-02,1.725716396913903883e-01,2.192681515613114415e-03,1.768333632054493731e-01,1.237518003340067063e-01,1.781366065112075514e-01,9.869675513271766731e-02,1.172728416492566927e-01,1.341959463549111942e-01,2.262855575440029382e-02,-1.964652495215885378e-02,7.975883332116642244e-01,1.162509994111517453e-01,-1.113906201712282079e-01,-3.561929069880970244e-02,1.168135935035541362e-01,6.251428260768022716e-01,2.986937932914436322e-01,5.663142832544109107e-01,2.445800721197448346e-01,1.034734010962102407e-01,1.359594441897563621e-01,2.431103650546533879e-01,3.920858733703470600e-01,1.153772554097951819e-01,3.365432134347356441e-01,6.426481736178653315e-02,3.696282011454515848e-02,7.832521524860625028e-02,3.131901590154401727e-01
5.286944388160936814e-01,2.915344314050584140e-01,6.438965737570448988e-01,2.895629237306148740e-01,2.761476354155340679e-02,3.120938346362248650e-01,2.787347631829747985e-01,4.502067202142431279e-01,-1.166181693017103588e-01,2.228026968118326234e-01,2.313012193097065961e-01,2.792335928882098139e-01,-7.936122106318849179e-02,3.132064139756003396e-01,-1.044722428525627217e-01,9.731209762715530009e-02,1.000000000000000000e+00,4.097678289722023748e-01,7.817375630826712829e-01,2.926311309948972372e-01,2.798226337093543403e-01,2.263184024755013624e-01,4.452791442188569482e-01,4.767017055379144108e-02,-1.468614300634268899e-01,4.675235470267197213e-01,4.089514522473054470e-01,2.717319295290195336e-01,3.815483259247636205e-01,5.858500983969194831e-01,6.749363047276470129e-02,-4.911023052847499071e-02,8.427859380477251139e-02,2.811530250168571277e-01,2.653221805232051644e-01,1.287866022817338862e-01,2.901186254033281120e-01,2.774651074149270258e-01,9.818231541273590712e-02,2.863177663905378534e-01,3.539986411091777807e-02,3.686712642237934823e-01,-1.207137558847116432e-01,2.876728110000743022e-01,2.393455806367298100e-01,2.787566071468604023e-01,-1.578085734100933835e-01,4.803929421957201656e-02,-1.749793895320637949e-01,1.196087531529042153e-01,4.375906242543991520e-01,1.822855931768165294e-01,3.225916205241151635e-01,2.949944824432582657e-01,2.385102126881448459e-01,2.948448290235139088e-02,2.716167827366836041e-01,-8.759722773816360983e-03,-1.247786351401488220e-01,2.914045326746900755e-01,1.455119822968312937e-01,1.748407162512198021e-01,1.084484210851344860e-01,2.328832981889730480e-01,-1.014404918886008602e-02,2.893477422251962763e-02,4.890555462790139446e-02,2.518373786699094063e-01
-1.613322864396324330e-02,-1.365490593326701592e-02,4.368887308389342583e-01,-1.527504211302811200e-02,6.307751705301754830e-03,1.936363082714386702e-02,3.756669434741378710e-01,3.915458877876302202e-01,1.029238973725704054e-01,7.359341778234917975e-02,4.432571284132872935e-01,2.936577771596387762e-02,1.970052512282410295e-01,4.583571908448583199e-01,3.871349829797623987e-02,-1.185342725261153141e-01,4.097678289722023748e-01,1.000000000000000000e+00,4.109421919630705800e-01,9.776736722018636305e-02,9.658655902108409519e-02,6.133815133128175251e-02,3.186306842886690166e-02,-4.541709203608358669e-02,1.386934621075276985e-01,5.159483445019170667e-01,2.521064644188587001e-01,-5.945158715941892269e-02,-4.118126179033770873e-02,2.571393984152329781e-01,2.289638574461307641e-01,-1.343914512291165611e-02,1.445803972323923478e-02,2.575784922865180168e-02,-1.679519448621358269e-01,-1.251523807422140755e-01,1.340015045567036489e-01,-2.131093779193290322e-02,9.103153304533710688e-02,3.573849157343641364e-02,1.123880333265992598e-01,2.159413505953103607e-01,1.218584278736830756e-01,6.839470063687262680e-02,3.551804229846080019e-01,5.853112394274356117e-02,1.213965060478216645e-01,1.348896066200769850e-01,2.404828053059491003e-02,-1.210531311372916169e-01,6.386954162369978816e-02,4.788010752757200783e-01,6.794285683146089605e-02,9.622040727830787066e-02,6.682750147235839988e-02,-1.315443614421295537e-01,-3.559674051833580655e-02,-1.568471455857074759e-01,6.451799369109569027e-02,1.887107075881994389e-01,2.140033757631742625e-02,-1.531222973740002657e-01,5.346589656852209632e-02,-1.258368883891788359e-01,6.142356716948376393e-03,-1.993929512573531116e-03,9.708666422752511294e-02,3.411652384437290075e-02
5.294096545364621598e-01,2.251352958246891078e-01,5.336803295181941076e-01,2.272156274050537994e-01,-3.661748369883298382e-02,3.088799541395532144e-01,1.831162205075154981e-01,2.193905716408788842e-01,-9.335575765772234635e-02,2.956626020129568544e-01,2.242700284304634251e-01,2.658855097933840450e-01,7.101864774707098002e-04,3.495205252351715197e-01,-1.073619303150008947e-01,4.880787654303550549e-02,7.817375630826712829e-01,4.109421919630705800e-01,1.000000000000000000e+00,2.884242020855531941e-01,2.539635287660117480e-01,2.166039404460195494e-01,2.892661410126886046e-01,-5.180999999173440534e-02,-4.617460008038234975e-02,2.371289779998960456e-01,4.554707241669844753e-01,1.245859614541901250e-01,3.918106070433493016e-01,3.496337446212153810e-01,2.043160637880138131e-01,7.498577796741366652e-02,2.406006082239278004e-02,2.051314281047725285e-01,2.876809419974679649e-01,1.089417566961317224e-01,1.740918598808961215e-01,2.132499226920849533e-01,4.453021756911769435e-02,2.680424504349449011e-01,-7.635374886610744871e-02,2.176704782921083103e-01,-1.334275175891903031e-01,3.588295565793157005e-01,2.571917446653487760e-01,2.897435226265179242e-01,-5.262658564959661611e-02,1.335808617643754193e-01,-2.147064421759063702e-01,8.384089221935006608e-02,2.923042585227301204e-01,2.793369046128545419e-01,4.647141359570630126e-01,2.795033142467150955e-01,1.827521459075530097e-01,-1.035847394783777527e-02,1.966020317940379847e-01,-1.350616632328352218e-01,1.266969276480506279e-02,1.132323853200547792e-01,1.572665687433155712e-01,1.068899408493803327e-01,8.180264677748251556e-02,1.018792140902120835e-01,8.381570743996700698e-03,2.706950042582367821e-02,2.430721014648620434e-02,1.874435595771695440e-01
1.827238023175879744e-01,2.917811343107235555e-01,2.209409314407408675e-01,8.616472069170534320e-01,-6.454578382143287552e-02,6.229650899971228561e-01,2.447681070928468816e-01,2.222816780009077009e-01,1.297267852716900149e-01,7.777035470786218818e-01,5.338561733634388656e-02,8.968982017282840502e-01,8.575649545878313851e-02,9.373293368849518192e-02,5.568520240964165702e-03,1.288006537977144095e-01,2.926311309948972372e-01,9.776736722018636305e-02,2.884242020855531941e-01,1.000000000000000000e+00,3.242727680965848958e-01,3.260813011219880764e-01,3.777296310830864923e-01,2.964408942882302833e-01,-5.672932356504660316e-03,2.721593186069106718e-01,1.929139685778149538e-01,4.564069211845117602e-01,1.623669101442154761e-01,2.349665931187678580e-01,-1.101782675572299391e-01,-1.481198042674794491e-01,1.665517131394312622e-01,2.817489761954906080e-01,2.033554148927239069e-01,1.976545513113340535e-01,1.401969250990073301e-01,8.375926940995869208e-01,4.774257718873247541e-02,6.147976073357270810e-01,4.136835189510248978e-02,1.476566706141302643e-01,2.197130270579257250e-01,7.468646746821643312e-01,1.718421405202913421e-01,8.831102956118080938e-01,1.357868550545113760e-02,-2.892597970588205517e-02,9.577846359748461158e-03,1.821945665092151723e-01,2.374042822792695739e-01,-2.651143105334739791e-02,1.094156276540751566e-01,9.486975060522399028e-01,2.733887027843862616e-01,2.573066970987057944e-01,3.777043989409933911e-01,3.336401033507878089e-01,3.884149077421433782e-02,2.769429372609295559e-01,1.220871553541925669e-01,3.942878405175468393e-01,1.995270049986905825e-01,2.391912328137851262e-01,-7.142639751704657480e-02,-6.085065307572345289e-02,1.559641601134847677e-01,3.590125187975148902e-01
3.315666322522636267e-01,2.865570348496436215e-01,3.129044326574591528e-01,2.930186455716972116e-01,-2.254062854089481163e-02,3.014702519517796775e-01,2.676069922927708511e-01,2.467868265146994367e-01,2.180668038336554815e-01,2.726143144685816977e-01,8.797285463039160314e-02,2.785373676944859489e-01,1.810162065930586428e-01,2.190160564646046193e-01,2.485771187503376528e-02,5.913888766837973598e-01,2.798226337093543403e-01,9.658655902108409519e-02,2.539635287660117480e-01,3.242727680965848958e-01,1.000000000000000000e+00,3.695507896990535834e-01,7.124895965878473847e-01,3.030848696074568971e-01,1.404547024681032652e-01,2.671276296848653087e-01,4.098139668489472753e-01,3.655188382076123843e-01,2.356619874450238683e-01,3.281409587243773740e-01,7.042252124477800523e-02,-1.618780636119352898e-02,2.005925198663240927e-01,3.094452800397339831e-01,1.916548087503073261e-01,1.614559360791641418e-01,1.747967605903638366e-01,2.453543735920230284e-01,4.561433596668091478e-02,2.642256080556497078e-01,1.383546080952616497e-01,2.736856833634137010e-01,2.240642906990780170e-01,3.286489774986895984e-01,2.128854983622617825e-01,2.743125142268150185e-01,1.526637614304743873e-01,2.099760438468701307e-01,-1.307682132225059359e-03,5.905143282659380821e-01,1.563857238591500054e-01,5.466885626916438701e-02,7.480683577335810186e-02,3.080690956670017466e-01,8.769124727787827034e-01,2.263517656214403539e-01,6.613060994351838140e-01,2.888792936506165976e-01,1.574441522503097213e-01,2.367740910251796005e-01,3.012600940440336994e-01,3.577311555618975514e-01,3.052152660201876699e-01,2.871477422585015926e-01,7.543411107750330746e-02,1.127868829851572802e-01,1.839396672750789608e-01,3.965561866756769360e-01
2.002947176629654435e-01,3.204686301682233562e-01,2.023421631788500930e-01,3.130364955904857971e-01,-6.389199399034356519e-02,2.781778787945553555e-01,3.333373170120698115e-01,1.304749766556238533e-01,3.390846813658029979e-01,2.747435215933728969e-01,1.751788229905518468e-01,3.124300990212355855e-01,1.760388552193156986e-01,2.718101547123306094e-01,6.163485459193855653e-02,2.963300405465394416e-01,2.263184024755013624e-01,6.133815133128175251e-02,2.166039404460195494e-01,3.260813011219880764e-01,3.695507896990535834e-01,1.000000000000000000e+00,3.718267191695299734e-01,4.791831975447626291e-01,1.657227210073998203e-01,3.243499345762460573e-01,4.349729741736738653e-01,2.505676031318623265e-01,2.039434038718558606e-01,3.535521917086864030e-01,9.186539330855621188e-02,-2.340072167469231523e-02,7.955157165883290638e-02,2.983400879505427317e-01,2.563642779414205264e-01,2.593446704863607288e-01,2.476023302882558452e-01,2.709904623689420866e-01,6.935906443011399802e-02,3.010475484263801516e-01,2.524067393354447741e-01,1.547049302363346923e-01,3.670859022175183561e-01,3.112561116065096778e-01,1.911139138040086893e-01,2.903056751454482498e-01,1.541577768841736473e-01,2.784316974233839170e-01,2.713533700019122100e-02,3.359719087564373430e-01,2.375791903692885121e-01,3.327778723459143967e-02,2.289904229807348812e-01,3.139407569462193681e-01,3.680640939982365856e-01,5.010554716359912897e-01,4.015569777751585301e-01,4.756293905207863992e-01,2.451856469785915760e-01,2.927204564385157415e-01,3.857174578696757061e-01,2.458716955425503947e-01,1.834853453883239505e-01,2.833264077863670294e-01,1.159737231691948950e-01,8.460935927616985985e-02,6.177472862610695892e-02,3.066558382314511499e-01
3.290263074772621921e-01,5.184500857169016541e-01,2.391032942700268005e-01,4.391383247139551416e-01,6.017372487418143345e-02,4.472775030129331197e-01,7.805213678618509732e-02,3.740402045972500700e-01,2.256122397357888942e-02,2.193693599416453310e-01,9.478251917512887925e-02,4.126824336729845721e-01,7.984664594167564799e-02,-1.147403891102638171e-02,5.998043216694209923e-02,6.212864197813097178e-01,4.452791442188569482e-01,3.186306842886690166e-02,2.892661410126886046e-01,3.777296310830864923e-01,7.124895965878473847e-01,3.718267191695299734e-01,1.000000000000000000e+00,2.074965027064862300e-01,4.073310740182375933e-02,2.753489412881173215e-01,3.310424836695882722e-01,6.201915892602635205e-01,2.765474976020229070e-01,5.381638267914273799e-01,-1.277836886169843866e-01,-1.681881658114228184e-01,2.462235630407196840e-01,5.403929243689685746e-01,3.316870127400660118e-01,3.760569425562956813e-01,1.645192242409415917e-01,4.152247458118992207e-01,9.605494147461929311e-02,4.422754125406679337e-01,-5.300447230594854640e-03,4.174376938770127943e-01,7.262208117449593658e-02,3.014526964837916378e-01,2.662301234855511400e-01,3.876028320606617616e-01,4.765534370484855731e-02,-1.696995011091538205e-02,-1.294046460832111965e-02,6.706728591930403161e-01,4.807877802150816726e-01,-4.399086663352552717e-02,1.911834151634732304e-01,3.722177839436024427e-01,7.116628036138464841e-01,3.734738389980905571e-01,8.433242607142830138e-01,2.946148080427408167e-01,6.784540226534956087e-02,3.752161956690484579e-01,3.481062122767854539e-01,6.074885248986260367e-01,3.111826248264291106e-01,6.136152704397550561e-01,-5.481616898102941978e-04,7.187669332062789074e-02,1.803634820885797740e-01,5.801816404051309828e-01
