0.000000000000000000e+00 5.708681978285312653e-02 0.000000000000000000e+00 3.622126374393701553e-01 5.493485890328884125e-01 6.622860338538885117e-01 9.668776830658315502e-01 1.229227520525455336e-01 1.033330079168081506e+00 8.339398540556429429e-02 1.164043100550770760e+00 1.043416745960712433e-01 4.763343585655093193e-01 1.420836560428142825e-01 8.358504660427570343e-01 2.156306989490985870e-01 1.387785342521965282e+00 2.377785742282867432e-02 0.000000000000000000e+00 6.017645075917243958e-02 8.538480792194605984e-01 3.515878729522228241e-01 4.218032211065292358e-02 6.134269637987017632e-01 4.773748517036437988e-01 0.000000000000000000e+00 1.855349335819482526e-01 1.300493493676185608e+00 1.481377114541828410e+00 5.882110614329575382e-01 6.036230400204658508e-01 2.838390506803989410e-02 2.059050465002655983e+00 0.000000000000000000e+00 5.337788537144660256e-02 0.000000000000000000e+00 0.000000000000000000e+00 2.032903935760259628e-01 2.635411445051431656e+00 6.334569491446018219e-02 0.000000000000000000e+00 1.580203324556350361e-02 1.378212776035069864e-01 3.088245168328284870e-02 5.817948356270788990e-01 2.917401343584060669e-01 1.058675907552242140e-01 2.339566498994827617e-02 4.481084626168012619e-01 1.623507589101791382e-02 8.020720481872559704e-01 2.778815664350986481e-01 2.774461954832077026e-01 2.846832033246755600e-01 1.919900594279170258e+00 0.000000000000000000e+00 1.665348606184124947e-01 0.000000000000000000e+00 1.141455554403364436e+00 5.635258834809064865e-01 0.000000000000000000e+00 7.158894101157784462e-01 8.747214624658226967e+00 7.128556622192264713e-01 8.970787376165390015e-02 7.218975760042667389e-02 2.871111799031496048e-01 0.000000000000000000e+00 0.000000000000000000e+00 0.000000000000000000e+00
5.708681978285312653e-02 1.877647459506988303e+00 0.000000000000000000e+00 1.585325598716735840e-02 0.000000000000000000e+00 1.295520663261413574e-01 2.141307705081999302e+00 8.645003550685942173e+00 3.090896549634635448e+00 1.218141490593552589e+00 2.470505423843861181e-01 9.878128860145807266e-02 0.000000000000000000e+00 0.000000000000000000e+00 2.453058792185038328e+01 1.329531520605087558e-01 1.568770632147789001e-01 2.125327653251588345e+00 1.518427301198243921e-02 8.208368979394435883e-01 0.000000000000000000e+00 4.084380780346691608e+00 9.296678006649016224e-01 7.635882785543800511e-01 1.652426823042333126e+00 0.000000000000000000e+00 6.635164748877285523e-02 5.565424263477324746e-02 1.047915830928832293e+01 1.159534636419266107e+01 2.783473130408674479e+01 0.000000000000000000e+00 7.222208296880125999e-01 4.271410778164863586e-02 3.630153370089828968e+00 0.000000000000000000e+00 2.975273132324219097e-02 0.000000000000000000e+00 0.000000000000000000e+00 0.000000000000000000e+00 0.000000000000000000e+00 0.000000000000000000e+00 1.537165325134992426e-02 0.000000000000000000e+00 6.026883982121945121e-02 0.000000000000000000e+00 0.000000000000000000e+00 0.000000000000000000e+00 0.000000000000000000e+00 3.817094862461090088e-02 1.890457607805728912e-02 5.852078460156917572e-02 0.000000000000000000e+00 0.000000000000000000e+00 0.000000000000000000e+00 0.000000000000000000e+00 1.074537485837936401e-01 0.000000000000000000e+00 8.913957327604295211e-02 2.953370846807956696e-01 0.000000000000000000e+00 1.267630718648433685e-01 0.000000000000000000e+00 5.626760907471179962e-01 0.000000000000000000e+00 7.157186046242715316e-02 0.000000000000000000e+00 0.000000000000000000e+00 0.000000000000000000e+00 0.000000000000000000e+00
0.000000000000000000e+00 0.000000000000000000e+00 0.000000000000000000e+00 8.517095157876609646e-01 0.000000000000000000e+00 0.000000000000000000e+00 0.000000000000000000e+00 1.290890853852033442e-02 0.000000000000000000e+00 1.035177998244762421e+00 0.000000000000000000e+00 1.098290540277957916e+00 0.000000000000000000e+00 2.155996875837444815e+00 0.000000000000000000e+00 0.000000000000000000e+00 4.538320638239383698e-01 3.033595655113458633e+00 6.585639342665671192e-01 2.324696291238069534e+00 0.000000000000000000e+00 4.254041612148284912e-01 3.490805760025978088e+00 1.210322398692369239e+00 1.772445243783294933e+00 3.351389868184924681e-01 4.259483509697020054e+00 2.352601236011832952e+01 7.426164131611586727e-01 2.282368019223212849e-02 0.000000000000000000e+00 1.292338191531598568e+00 0.000000000000000000e+00 0.000000000000000000e+00 2.110678330063819885e-02 0.000000000000000000e+00 0.000000000000000000e+00 1.680884381756186485e+00 1.307595973834395187e+00 0.000000000000000000e+00 0.000000000000000000e+00 0.000000000000000000e+00 0.000000000000000000e+00 0.000000000000000000e+00 8.092554286122319307e-02 0.000000000000000000e+00 0.000000000000000000e+00 0.000000000000000000e+00 2.215063665062189102e-01 0.000000000000000000e+00 0.000000000000000000e+00 1.151689626276493073e-01 4.751855935901403427e-01 1.299437377601861954e-01 2.428184853866695914e+00 0.000000000000000000e+00 0.000000000000000000e+00 0.000000000000000000e+00 2.413208689540624341e-01 7.882453501224517822e-02 0.000000000000000000e+00 1.423593054525553958e+00 9.140227645635603082e+00 9.374985098838804765e-02 0.000000000000000000e+00 0.000000000000000000e+00 9.007508121430875259e-02 0.000000000000000000e+00 0.000000000000000000e+00 0.000000000000000000e+00
3.622126374393701553e-01 1.585325598716735840e-02 8.517095157876609646e-01 4.257197512872517109e+01 0.000000000000000000e+00 0.000000000000000000e+00 8.070551604032515092e-02 9.680906163528565145e+00 1.075022308155894057e+00 5.027913395315409817e-01 2.233693255111575127e-01 1.529830265790224075e-01 0.000000000000000000e+00 2.815274195745587349e-01 2.470955383032560626e-01 0.000000000000000000e+00 7.926280632615087640e+00 7.250310641340911388e+01 2.021095056086778641e+00 9.283768738619984973e+00 0.000000000000000000e+00 3.255941112991422415e+01 3.855844372883439064e-01 1.012583048930391811e+02 4.112438479438424110e+00 0.000000000000000000e+00 4.122671808954328299e+01 5.543789787963032722e+01 3.084981301706284285e+01 4.907409660518169403e-02 1.443645138293504493e+00 1.898033171892166138e-01 2.516329661011695862e-02 0.000000000000000000e+00 7.050617411732673645e-02 2.305528810247778893e+00 0.000000000000000000e+00 1.059833237901329772e+00 2.053603918012231588e+01 0.000000000000000000e+00 0.000000000000000000e+00 0.000000000000000000e+00 4.279503580182790756e-01 0.000000000000000000e+00 0.000000000000000000e+00 0.000000000000000000e+00 8.067937195301054520e-02 0.000000000000000000e+00 2.641960792243480335e-02 0.000000000000000000e+00 0.000000000000000000e+00 4.230744147673249245e+00 3.815924273803830147e+00 1.626147730275988856e-01 2.205937743186950684e+00 0.000000000000000000e+00 8.261217605322600521e-01 1.287625389173627122e+00 1.008009206689894199e+01 4.086314737796783447e-01 2.169685438275336872e-02 3.013057217001914978e+00 4.177637537475675344e+01 8.858768874779344715e-01 3.736347258090972900e-01 1.146799586713314195e-01 1.742410473525524139e-02 0.000000000000000000e+00 0.000000000000000000e+00 0.000000000000000000e+00
5.493485890328884125e-01 0.000000000000000000e+00 0.000000000000000000e+00 0.000000000000000000e+00 1.414157102815806866e+01 1.178904622793197493e-01 1.286809344496577978e+01 1.124585658311844094e+00 4.021754040382802486e+00 2.754856333415955305e+01 3.092851051129401085e+01 0.000000000000000000e+00 1.169873228622600720e+02 0.000000000000000000e+00 3.513075944036245346e+00 6.111903390847146511e+00 0.000000000000000000e+00 0.000000000000000000e+00 0.000000000000000000e+00 0.000000000000000000e+00 1.835612895712256432e+01 0.000000000000000000e+00 0.000000000000000000e+00 0.000000000000000000e+00 9.836255122907459736e+00 0.000000000000000000e+00 9.659365564584730668e-02 0.000000000000000000e+00 4.468604678381234407e+01 7.058031018823385239e-02 0.000000000000000000e+00 3.411138802766799927e-02 3.755977470427751541e-01 0.000000000000000000e+00 3.525168104097247124e-01 3.144039828330278397e-01 0.000000000000000000e+00 3.766128793358802795e-02 0.000000000000000000e+00 1.881236787885427253e+00 0.000000000000000000e+00 8.004476688802242279e-01 1.105771334841847198e+00 2.012214117683470249e+00 1.549465031363070011e+00 3.106437447480857372e+00 0.000000000000000000e+00 1.619162224233150482e-02 0.000000000000000000e+00 5.513116661459209755e-01 6.741947308182716370e-02 2.820182591676712036e-02 0.000000000000000000e+00 0.000000000000000000e+00 0.000000000000000000e+00 2.439998649060726166e-02 0.000000000000000000e+00 0.000000000000000000e+00 0.000000000000000000e+00 5.615983438678085804e+00 0.000000000000000000e+00 0.000000000000000000e+00 0.000000000000000000e+00 7.394030627794563770e+00 2.280545793473720551e-02 2.861117571592330933e-02 0.000000000000000000e+00 0.000000000000000000e+00 0.000000000000000000e+00 0.000000000000000000e+00
6.622860338538885117e-01 1.295520663261413574e-01 0.000000000000000000e+00 0.000000000000000000e+00 1.178904622793197493e-01 0.000000000000000000e+00 4.744552811607718468e+00 5.010631468147039413e+00 2.733328901231288910e+00 2.235613996163010597e-01 6.198723253794014454e+00 2.935925098136067390e-01 2.377343986183404922e+00 2.873509563505649567e-01 6.478094997815787792e+00 2.972992380149662495e+00 0.000000000000000000e+00 1.527680139988660812e-01 0.000000000000000000e+00 0.000000000000000000e+00 2.302632471546530446e-01 3.724480997771024704e-01 0.000000000000000000e+00 1.037306691519916280e+00 1.427562437020241992e+00 0.000000000000000000e+00 3.455157950520515442e-02 3.077346682548522949e-01 2.879509057849645615e+00 5.185775657184422016e+00 2.532384637743234634e-01 0.000000000000000000e+00 1.739863565191626327e+00 0.000000000000000000e+00 9.813134623691440739e-01 0.000000000000000000e+00 0.000000000000000000e+00 0.000000000000000000e+00 0.000000000000000000e+00 0.000000000000000000e+00 0.000000000000000000e+00 0.000000000000000000e+00 0.000000000000000000e+00 2.266381122171879162e-02 2.206984534859657635e-02 1.454730536788702011e-01 0.000000000000000000e+00 0.000000000000000000e+00 0.000000000000000000e+00 8.544090390205384689e-02 0.000000000000000000e+00 0.000000000000000000e+00 0.000000000000000000e+00 0.000000000000000000e+00 0.000000000000000000e+00 0.000000000000000000e+00 1.990911364555358887e-02 0.000000000000000000e+00 0.000000000000000000e+00 1.555584672838449700e+00 0.000000000000000000e+00 0.000000000000000000e+00 0.000000000000000000e+00 7.918478921055795150e-02 6.503032892942429977e-02 0.000000000000000000e+00 0.000000000000000000e+00 0.000000000000000000e+00 0.000000000000000000e+00 0.000000000000000000e+00
9.668776830658315502e-01 2.141307705081999302e+00 0.000000000000000000e+00 8.070551604032515092e-02 1.286809344496577978e+01 4.744552811607718468e+00 1.166268589626997851e+02 2.608776711765676737e+01 7.421485432609915733e+01 9.099387531168758869e+00 2.882918167514726520e+02 4.274411909282207489e-01 1.152556352494284653e+02 2.620822861790657043e-01 4.603338753618299961e+01 1.341960999835282564e+01 6.310236454010009766e-02 1.174445871263742447e+00 4.106263071298599243e-02 1.072158720344305038e+00 3.494230452273041010e+01 4.500335790216922760e-01 1.443126667290925980e-01 6.398409018293023109e-01 1.525244598463177326e+01 2.576683461666106831e-02 2.124997414648532867e-02 7.394841872155664964e-02 3.869395327940583229e+01 5.747256135568024504e+00 3.721298232674598694e+00 0.000000000000000000e+00 1.176465002819895567e+01 0.000000000000000000e+00 3.374729403294622898e+00 5.229031667113304832e-02 0.000000000000000000e+00 0.000000000000000000e+00 0.000000000000000000e+00 5.141629744321107864e-01 0.000000000000000000e+00 4.685725132003426552e-01 1.460014277137815508e+00 4.266911232843995094e-01 8.306964933872225121e-01 1.448859211057424323e+00 0.000000000000000000e+00 0.000000000000000000e+00 0.000000000000000000e+00 6.026082718744872890e-01 1.693977732211351117e-01 9.856874942779541016e-01 2.568848617374897003e-02 0.000000000000000000e+00 0.000000000000000000e+00 0.000000000000000000e+00 1.009953236207365990e-01 0.000000000000000000e+00 8.963252604007720947e-02 7.384466232731938362e+00 0.000000000000000000e+00 5.986808985471724770e-02 2.079197205603122364e-02 4.630070709623396397e+00 1.129785254597663741e-01 3.130523115396499634e-02 0.000000000000000000e+00 0.000000000000000000e+00 0.000000000000000000e+00 0.000000000000000000e+00
1.229227520525455336e-01 8.645003550685942173e+00 1.290890853852033442e-02 9.680906163528565145e+00 1.124585658311844094e+00 5.010631468147039413e+00 2.608776711765676737e+01 1.529248520378023386e+02 1.272043700981884911e+02 8.020800915546715260e+00 6.166312089096754789e+01 7.474424894899132088e-01 2.296271491795778275e-01 2.882196065038442612e-01 1.241222862778231502e+02 4.084358643740415573e-01 1.009511835873126984e-01 1.943120097834616899e+01 2.657506652176380157e+00 1.414212739653885187e+01 1.102084405720233917e-01 7.277040392160415649e+00 6.178662478923799828e-01 6.902527239173650742e+00 1.648092263378202915e+01 0.000000000000000000e+00 1.262373533658683655e+01 3.387362871319055557e+00 6.872707631159573793e+01 1.624136537592858076e+01 4.195242250151932240e+01 3.023387584835290909e-01 6.141735449433326721e+00 1.262282058596611023e-01 5.599826272577047348e+00 6.530083343386650085e-02 4.613617807626724243e-02 1.414811257272958755e-01 3.616088192909955978e+00 1.480180335231125355e+00 0.000000000000000000e+00 6.150038670748472214e-01 1.758992476388812065e+00 2.054836877621710745e+00 4.370531644672155380e-01 2.871890199370682240e+00 0.000000000000000000e+00 1.356199830770492554e-01 1.863530836999416351e-02 1.299989356659352779e+00 1.095370352268218855e-01 4.249110899865627289e+00 3.245993517339229584e+00 0.000000000000000000e+00 8.050842955708503723e-02 2.225754037499428142e-02 3.224999707192182541e+00 1.236538942903280397e-01 1.897712845355272071e+00 9.044936132617296565e+00 0.000000000000000000e+00 2.160984408110380173e-01 1.261216645129024982e+00 1.310603646654635490e+01 7.535954453051089130e-01 6.124321110546588898e-01 0.000000000000000000e+00 1.924641244113445629e-02 0.000000000000000000e+00 4.939650744199752808e-02
1.033330079168081506e+00 3.090896549634635448e+00 0.000000000000000000e+00 1.075022308155894057e+00 4.021754040382802486e+00 2.733328901231288910e+00 7.421485432609915733e+01 1.272043700981884911e+02 2.046445909086614563e+02 1.094128748215735136e+01 1.657582058506086469e+02 5.461912117898464203e-01 1.848623271007090807e+01 8.997961394488811493e-01 1.416791494060308025e+02 1.316113937646150367e+00 1.256039906293154040e-01 2.998759065754711628e+00 1.351471044123172538e+00 5.683749075978994370e-01 6.324005217291414738e+00 6.363619958981871605e+00 1.301266439259052277e-01 1.989697837270796299e+00 3.215771701186895370e+01 0.000000000000000000e+00 1.588248521089554055e+00 2.014786545187234879e-01 6.999396033864468336e+01 7.005112674087285995e+00 2.277751235943287256e+01 2.228680439293384552e-02 2.325971337035298347e+01 4.777665995061397552e-02 6.124641130678355694e+00 1.780314743518829346e-02 6.554865017533302307e-01 0.000000000000000000e+00 4.372038226574659348e-02 2.273816540837287903e-01 0.000000000000000000e+00 1.362958084791898450e-01 1.039646647870540619e+00 1.837307051755487919e+00 7.923515755683182560e-01 4.903584607876837254e+00 0.000000000000000000e+00 0.000000000000000000e+00 0.000000000000000000e+00 3.636441723443567753e+00 2.153553813695907593e-02 5.901778824627399445e-01 0.000000000000000000e+00 0.000000000000000000e+00 0.000000000000000000e+00 2.320892363786697388e-02 4.888527654111385345e-01 0.000000000000000000e+00 8.832550868391988441e-01 6.079576784744858742e+00 0.000000000000000000e+00 3.350496292114257812e-02 9.626207873225212097e-02 4.693686451762914658e+00 1.244429536163806777e-01 1.291466783732175827e-01 0.000000000000000000e+00 0.000000000000000000e+00 3.025099635124206543e-01 0.000000000000000000e+00
8.339398540556429429e-02 1.218141490593552589e+00 1.035177998244762421e+00 5.027913395315409817e-01 2.754856333415955305e+01 2.235613996163010597e-01 9.099387531168758869e+00 8.020800915546715260e+00 1.094128748215735136e+01 1.558080185763538061e+01 4.472153362445533276e+01 1.505782734602689570e-02 5.342456107027828693e+00 2.849222440272569656e-01 7.778326425701378888e+00 5.304227752611041069e+00 5.462368344888092198e-01 1.409057434648275375e-01 8.049922063946721162e-02 4.915654603391885757e-01 2.635184448212385178e+00 1.515614546835422516e+00 2.976132057607173920e+00 1.901359213516115920e+00 5.087882304657250643e+01 1.700646437704562919e+00 1.080861355178057925e+00 5.623330508358776569e+00 8.460203578229990740e+01 2.260796057060360909e+00 4.995529834181070328e+00 3.266083465889096260e+00 4.259275756776332855e-01 1.816098392009735107e-02 6.140964115038514137e-01 0.000000000000000000e+00 6.071434188634157181e-01 0.000000000000000000e+00 2.512466534972190857e-02 2.601424323394894600e+00 6.830382440239189668e-02 5.159882027655839920e-01 2.224976727738976479e+00 3.506734244525432587e+00 1.048932535573840141e+00 3.518498636782168454e+00 0.000000000000000000e+00 8.739510178565977616e-02 0.000000000000000000e+00 9.397550430148837730e-01 5.138236489146947861e-01 3.722480268217623234e+00 7.754354737699030442e-02 0.000000000000000000e+00 9.448713436722752657e-02 3.052626978605985641e-01 6.592450639232993126e+00 1.858094707131385526e-01 1.535035717301070468e+00 2.098404316231608391e+01 0.000000000000000000e+00 1.069816146045923094e-01 1.241398677229881425e-01 1.720487799309194088e+01 2.407116782851517200e+00 2.825623754411935806e+00 2.088266052305698395e-01 0.000000000000000000e+00 0.000000000000000000e+00 6.222335249185560052e-02
1.164043100550770760e+00 2.470505423843861181e-01 0.000000000000000000e+00 2.233693255111575127e-01 3.092851051129401085e+01 6.198723253794014454e+00 2.882918167514726520e+02 6.166312089096754789e+01 1.657582058506086469e+02 4.472153362445533276e+01 7.166459560617804527e+02 2.056379850953817368e+00 1.100903733894229077e+02 1.537998560816049853e-01 3.686776783503592014e+01 1.430565184634178877e+01 0.000000000000000000e+00 4.066526163369417191e-01 7.860380038619040055e-02 4.289095290005207062e-02 2.034887739084661007e+01 4.178281528875231743e-01 4.789691790938377380e-02 4.279475323855876923e-01 1.937992779444903491e+01 0.000000000000000000e+00 4.221563413739204407e-01 3.652742505073547363e-02 2.164318924751133011e+02 5.857614049687981606e+00 1.818948677740991116e+00 1.930069178342818867e-02 1.860835944674909115e+01 0.000000000000000000e+00 7.235881649889051026e+00 1.302971803583204746e+00 1.923731137067079544e-01 0.000000000000000000e+00 2.627344243228435516e-02 6.540638619102537632e+00 0.000000000000000000e+00 1.764768157154321448e+00 5.505577682517468929e+00 6.948586936108766210e+00 3.439261809922754765e+00 1.657276057638227940e+01 0.000000000000000000e+00 2.716943286359310150e-01 8.732192218303680420e-02 3.560452854260801825e+00 2.761007286608219147e-01 1.019842948764562607e+00 0.000000000000000000e+00 0.000000000000000000e+00 1.833684183657169342e-02 1.007510125637054443e+00 1.883325129747390470e-01 1.254391204565763474e-01 2.494463324546813965e-02 1.698133397102355957e+01 0.000000000000000000e+00 1.448854524642229080e-02 1.080097090452909192e-01 2.743227812182158232e+01 5.011811153963208199e-01 8.385958522558212280e-02 7.218656539916989967e-01 9.895841032266616821e-02 0.000000000000000000e+00 0.000000000000000000e+00
1.043416745960712433e-01 9.878128860145807266e-02 1.098290540277957916e+00 1.529830265790224075e-01 0.000000000000000000e+00 2.935925098136067390e-01 4.274411909282207489e-01 7.474424894899132088e-01 5.461912117898464203e-01 1.505782734602689570e-02 2.056379850953817368e+00 8.861633455008268356e+01 9.468777291476725144e-02 2.357745081745088100e+01 1.657253830693662611e+00 0.000000000000000000e+00 2.870136797428131104e-01 8.448314480483530842e-01 2.291528438776731491e+01 3.805162535980343819e+00 0.000000000000000000e+00 1.190587040036916594e-01 7.507178410887720421e-01 1.843041516840457916e-01 1.101220132783054861e+00 1.806139674037694709e+00 3.962207793910056353e+01 1.072730751149356365e+01 1.660506449639797433e+00 4.984969515353441238e-01 1.156984379515051842e+00 7.114301484078167093e+00 6.708931513130664825e-01 0.000000000000000000e+00 3.927976088598370552e+00 4.546558540314435959e-01 3.664672002196311951e-02 2.179326377809047699e+00 0.000000000000000000e+00 0.000000000000000000e+00 0.000000000000000000e+00 0.000000000000000000e+00 0.000000000000000000e+00 0.000000000000000000e+00 1.484189424663782120e-01 0.000000000000000000e+00 7.187066031619908202e+00 6.377205997705459595e-02 1.420895766280591310e+01 3.600114956498146057e-02 2.682955190539360046e-02 7.758791558444499969e-02 0.000000000000000000e+00 1.167388072237372398e+00 2.563121980056166649e-01 0.000000000000000000e+00 0.000000000000000000e+00 7.602293249219657101e-01 0.000000000000000000e+00 3.786216694861650467e-01 2.287831767462193966e+00 5.825187555514276028e+00 6.773581149056554729e+00 2.123586274683475494e-02 0.000000000000000000e+00 3.926043957471847534e-02 6.198079723864793777e+00 0.000000000000000000e+00 0.000000000000000000e+00 7.592204213142395020e-02
4.763343585655093193e-01 0.000000000000000000e+00 0.000000000000000000e+00 0.000000000000000000e+00 1.169873228622600720e+02 2.377343986183404922e+00 1.152556352494284653e+02 2.296271491795778275e-01 1.848623271007090807e+01 5.342456107027828693e+00 1.100903733894229077e+02 9.468777291476725144e-02 8.632819083146750927e+01 5.092325806617734735e-02 3.932321483269333839e+00 2.232051416952162981e+01 0.000000000000000000e+00 0.000000000000000000e+00 0.000000000000000000e+00 0.000000000000000000e+00 3.752767422050238366e+01 0.000000000000000000e+00 7.490425929427146912e-02 0.000000000000000000e+00 5.861675665713846684e+00 0.000000000000000000e+00 1.724396832287311554e-02 5.174486339092254639e-02 6.968267545290291309e+01 4.544851928949356079e-02 0.000000000000000000e+00 0.000000000000000000e+00 2.577861059457063675e+00 0.000000000000000000e+00 3.915229085832834244e-01 0.000000000000000000e+00 1.756124570965766907e-02 0.000000000000000000e+00 0.000000000000000000e+00 1.461192388087511063e-01 0.000000000000000000e+00 8.418047428131104903e-02 8.821212500333786011e-02 5.323833767324686050e-01 1.740439925342797955e-01 8.460640460252760731e-01 0.000000000000000000e+00 0.000000000000000000e+00 0.000000000000000000e+00 2.805116213858127594e-01 0.000000000000000000e+00 5.750587619841098785e-01 0.000000000000000000e+00 0.000000000000000000e+00 0.000000000000000000e+00 0.000000000000000000e+00 9.251486510038375854e-02 0.000000000000000000e+00 2.638085000216960907e-02 4.541901412419974804e+00 0.000000000000000000e+00 0.000000000000000000e+00 0.000000000000000000e+00 8.501592306420205913e-01 0.000000000000000000e+00 0.000000000000000000e+00 0.000000000000000000e+00 0.000000000000000000e+00 0.000000000000000000e+00 2.633338235318660389e-02
1.420836560428142825e-01 0.000000000000000000e+00 2.155996875837444815e+00 2.815274195745587349e-01 0.000000000000000000e+00 2.873509563505649567e-01 2.620822861790657043e-01 2.882196065038442612e-01 8.997961394488811493e-01 2.849222440272569656e-01 1.537998560816049853e-01 2.357745081745088100e+01 5.092325806617734735e-02 3.242369669675827026e+01 7.924834610894322395e-01 1.736425980925559998e-02 7.333414871245623745e-01 8.387381481006741524e-01 9.457541179843246937e+00 2.063070736825466156e+00 0.000000000000000000e+00 9.450124297291039033e-02 2.391100639477372614e+00 1.707065049558877390e-01 3.940452687442302704e+00 3.485061462968587875e+00 1.254670664761215448e+01 6.687494409084320068e+01 2.096970292739570141e+00 2.561834901571273804e-01 6.875777384266259507e-01 1.047505458816886126e+01 1.388000363484025224e+00 0.000000000000000000e+00 1.128316711634397729e+00 3.767340406775474548e-01 0.000000000000000000e+00 9.980450719594955444e-01 0.000000000000000000e+00 0.000000000000000000e+00 0.000000000000000000e+00 0.000000000000000000e+00 0.000000000000000000e+00 0.000000000000000000e+00 1.128957184031605721e+00 0.000000000000000000e+00 1.014756357390433372e+01 0.000000000000000000e+00 3.134421447478234768e+01 2.056380547583102833e-02 0.000000000000000000e+00 4.338820278644561768e-02 0.000000000000000000e+00 4.671750306151807308e+00 1.155659047886729240e+00 0.000000000000000000e+00 0.000000000000000000e+00 1.644410546869039536e-01 0.000000000000000000e+00 1.020009573549031934e-01 3.612732954323291779e+00 2.636432076711207628e+01 1.124294102098792791e+01 6.800418347120285034e-02 0.000000000000000000e+00 9.640016034245489640e-02 1.030329542141407906e+01 0.000000000000000000e+00 0.000000000000000000e+00 2.272246591746807098e-02
8.358504660427570343e-01 2.453058792185038328e+01 0.000000000000000000e+00 2.470955383032560626e-01 3.513075944036245346e+00 6.478094997815787792e+00 4.603338753618299961e+01 1.241222862778231502e+02 1.416791494060308025e+02 7.778326425701378888e+00 3.686776783503592014e+01 1.657253830693662611e+00 3.932321483269333839e+00 7.924834610894322395e-01 2.766769040636718273e+02 4.154720157384872437e-02 3.268577698618173599e-01 3.108169518411159515e+00 1.392763596028089523e+00 2.219120485708117485e+00 1.693985299207270145e+00 8.916109499521553516e+00 8.726423904299734913e-01 6.261887278407812119e+00 3.108855600189417601e+01 0.000000000000000000e+00 5.487824762240052223e-01 8.804381489753722034e-01 5.744279910344630480e+01 4.572073730174452066e+01 6.896945973113179207e+01 2.969430387020111084e-02 4.667987629026174545e+01 8.406326174736020174e-02 1.680373572185635567e+01 1.581805944442749023e-02 1.523703075945377350e-01 0.000000000000000000e+00 2.554707787930965424e-02 1.212461926043033739e-01 3.660013526678085327e-02 9.288955293595790863e-02 1.376484632492065208e+00 1.128253594040870889e+00 6.502896491438150406e-01 4.246988687664269846e-01 0.000000000000000000e+00 6.224704161286354759e-02 0.000000000000000000e+00 3.248255141079425812e-01 3.067657183855772018e-01 4.096976537257432938e-01 3.069559670984745026e-02 0.000000000000000000e+00 4.583698511123657227e-02 4.240795224905014038e-02 5.139698032289743423e-01 1.699892990291118622e-02 1.891456171870232184e-01 3.809160860255360603e+00 0.000000000000000000e+00 4.565107580274343491e-01 1.579850334674119949e-01 2.917231718078255653e+00 2.402134798467159618e-02 3.815640583634376526e-01 0.000000000000000000e+00 0.000000000000000000e+00 0.000000000000000000e+00 8.595899492502215300e-02
2.156306989490985870e-01 1.329531520605087558e-01 0.000000000000000000e+00 0.000000000000000000e+00 6.111903390847146511e+00 2.972992380149662495e+00 1.341960999835282564e+01 4.084358643740415573e-01 1.316113937646150367e+00 5.304227752611041069e+00 1.430565184634178877e+01 0.000000000000000000e+00 2.232051416952162981e+01 1.736425980925559998e-02 4.154720157384872437e-02 3.374901790171862093e+00 0.000000000000000000e+00 0.000000000000000000e+00 0.000000000000000000e+00 0.000000000000000000e+00 6.114834345877170563e+00 0.000000000000000000e+00 6.955919787287709322e-02 2.527883648872375488e-02 2.904990373179316521e+00 0.000000000000000000e+00 6.049818918108940125e-02 1.410566568374633789e-01 1.004676736239344237e+01 0.000000000000000000e+00 2.976466417312622070e-01 2.384241297841072083e-02 9.568269122391940273e-01 0.000000000000000000e+00 0.000000000000000000e+00 0.000000000000000000e+00 2.398229017853736877e-02 0.000000000000000000e+00 0.000000000000000000e+00 0.000000000000000000e+00 0.000000000000000000e+00 0.000000000000000000e+00 2.171325497329235077e-02 1.067462824285030365e-01 1.816420033574104587e-01 1.776383407413959503e-01 0.000000000000000000e+00 0.000000000000000000e+00 0.000000000000000000e+00 4.118759930133819580e-02 0.000000000000000000e+00 1.465264800935983380e-01 1.873653940856457104e-02 0.000000000000000000e+00 0.000000000000000000e+00 0.000000000000000000e+00 7.345750723034143448e-01 2.708618938922882080e-01 1.022343792021274345e+00 2.223348739556968212e+00 0.000000000000000000e+00 1.800192706286906849e-02 0.000000000000000000e+00 2.692378762178122997e+00 8.098343573510645432e-02 9.456870146095755492e-02 0.000000000000000000e+00 0.000000000000000000e+00 0.000000000000000000e+00 0.000000000000000000e+00
1.387785342521965282e+00 1.568770632147789001e-01 4.538320638239383698e-01 7.926280632615087640e+00 0.000000000000000000e+00 0.000000000000000000e+00 6.310236454010009766e-02 1.009511835873126984e-01 1.256039906293154040e-01 5.462368344888092198e-01 0.000000000000000000e+00 2.870136797428131104e-01 0.000000000000000000e+00 7.333414871245623745e-01 3.268577698618173599e-01 0.000000000000000000e+00 5.295316732302308083e+01 2.690494881942868233e+00 9.515159949660298433e-02 3.725240305066108704e-01 0.000000000000000000e+00 7.915346317924559116e+01 2.482768286112695932e+01 6.292083479650318623e+01 1.335974402073770939e+01 6.429546326398849487e-02 1.077127641066908614e+00 4.150948975700885057e+01 4.336006370652467012e+01 7.875989889726042747e-01 2.408662430942058563e+00 1.397302001714706421e-02 1.681159250438213348e-02 0.000000000000000000e+00 2.308517916128039360e+00 5.462454063817857586e-01 1.372835971415042877e-01 0.000000000000000000e+00 1.288207096979022026e+00 0.000000000000000000e+00 0.000000000000000000e+00 1.099399626255035539e-01 4.279433414340019226e-01 2.358248969539999962e-01 1.041981697082519309e+00 0.000000000000000000e+00 4.434343427419662476e-02 1.566656120121479034e-02 0.000000000000000000e+00 5.089678987860679626e-01 4.108733683824539185e-02 2.793529946636408567e+01 3.114058356732130051e-01 0.000000000000000000e+00 3.379089739173650742e-01 0.000000000000000000e+00 1.454455405380576849e+01 3.714542273432016373e+00 4.266347506921738386e+01 2.827476979233324528e+00 0.000000000000000000e+00 7.793957963585855797e-01 1.432847895380109549e+01 7.047937180846929550e+00 1.137693671509623528e+00 5.255365906283259392e+00 3.169443830847740173e-02 0.000000000000000000e+00 2.236831374466418873e-02 1.656941082328557968e-01
2.377785742282867432e-02 2.125327653251588345e+00 3.033595655113458633e+00 7.250310641340911388e+01 0.000000000000000000e+00 1.527680139988660812e-01 1.174445871263742447e+00 1.943120097834616899e+01 2.998759065754711628e+00 1.409057434648275375e-01 4.066526163369417191e-01 8.448314480483530842e-01 0.000000000000000000e+00 8.387381481006741524e-01 3.108169518411159515e+00 0.000000000000000000e+00 2.690494881942868233e+00 8.233518747426569462e+01 8.861544953659178603e+00 4.536678566131740808e+01 0.000000000000000000e+00 2.259894066024572012e+01 2.089233586564660072e+00 5.114339458942413330e+01 5.332553049549460411e+00 2.073579840362071991e-02 9.270092320907862415e+01 1.129103180132806017e+02 2.291762964148074389e+01 1.252171883359551430e+00 2.105496754311024787e+01 2.964164614677429199e-01 2.943683099001646042e-01 0.000000000000000000e+00 3.752725254744291306e-01 4.102953895926475525e-02 1.709874570369720459e-01 1.605583528056740983e+00 7.398875075392425060e+00 0.000000000000000000e+00 0.000000000000000000e+00 0.000000000000000000e+00 2.158208128064870834e+00 1.020994391292333742e-01 1.434713546186685562e-01 0.000000000000000000e+00 1.530492864549160004e-01 0.000000000000000000e+00 1.999419182538986484e-01 1.153555568307637891e-01 0.000000000000000000e+00 1.330580411478877068e+00 5.150348435156047344e+00 3.961042817682027817e-01 1.148778815008699894e+01 0.000000000000000000e+00 1.393461452797055022e+00 2.355333212763071060e-01 2.598002836108208147e+00 8.498817589133977890e-02 8.009750768542288346e-02 1.083103631809354006e+01 3.507818126399070024e+01 3.588828127831220627e-01 8.363974969834090389e-01 1.473569592460989730e+00 2.233873493969440460e-02 0.000000000000000000e+00 0.000000000000000000e+00 4.718464612960815430e-02
0.000000000000000000e+00 1.518427301198243921e-02 6.585639342665671192e-01 2.021095056086778641e+00 0.000000000000000000e+00 0.000000000000000000e+00 4.106263071298599243e-02 2.657506652176380157e+00 1.351471044123172538e+00 8.049922063946721162e-02 7.860380038619040055e-02 2.291528438776731491e+01 0.000000000000000000e+00 9.457541179843246937e+00 1.392763596028089523e+00 0.000000000000000000e+00 9.515159949660298433e-02 8.861544953659178603e+00 8.307623133063316345e+00 1.782667874544858932e+01 2.712174318730831146e-02 8.284809011965991177e-01 6.393823940306901932e-01 1.339439723640680535e+00 4.846311686560511589e-01 1.440988034009933472e-01 5.639055710099637508e+01 5.405674793478101492e+01 8.310011569410562515e-01 1.261698376387357490e+00 3.242721427232027054e-01 6.371283688582479954e+00 1.178135089576244493e-01 0.000000000000000000e+00 8.413641341030597687e-01 0.000000000000000000e+00 0.000000000000000000e+00 1.913044899702071866e-01 2.345783449709415436e-02 0.000000000000000000e+00 0.000000000000000000e+00 0.000000000000000000e+00 4.336095228791236877e-02 0.000000000000000000e+00 0.000000000000000000e+00 0.000000000000000000e+00 2.187742851674556732e-01 0.000000000000000000e+00 2.068646684288979021e+00 0.000000000000000000e+00 0.000000000000000000e+00 3.826766368001699448e-01 2.058091387152672161e-02 1.604868003167212009e+00 2.373680692166090012e+00 0.000000000000000000e+00 3.946487605571746826e-02 0.000000000000000000e+00 1.494801808148622513e-01 0.000000000000000000e+00 1.504076831042766571e-01 8.822155083529651165e+00 5.334059016779065132e+00 5.621076747775077820e-02 0.000000000000000000e+00 1.476592477411031550e-02 8.687157556414604187e-01 0.000000000000000000e+00 0.000000000000000000e+00 0.000000000000000000e+00
6.017645075917243958e-02 8.208368979394435883e-01 2.324696291238069534e+00 9.283768738619984973e+00 0.000000000000000000e+00 0.000000000000000000e+00 1.072158720344305038e+00 1.414212739653885187e+01 5.683749075978994370e-01 4.915654603391885757e-01 4.289095290005207062e-02 3.805162535980343819e+00 0.000000000000000000e+00 2.063070736825466156e+00 2.219120485708117485e+00 0.000000000000000000e+00 3.725240305066108704e-01 4.536678566131740808e+01 1.782667874544858932e+01 1.413388469442725182e+01 0.000000000000000000e+00 1.606364739686251042e+01 1.039232572540640831e+00 7.703109586611390114e+00 3.164121033623814583e+00 2.930646920576691628e-01 4.452641139272600412e+01 5.635072339326143265e+01 5.751550950109958649e+00 8.102383501827716827e-01 6.623351309448480606e+00 4.096757229417562485e-01 1.027346327900886674e-01 0.000000000000000000e+00 2.133066244423389435e-01 7.043050788342955504e-02 3.881426900625228882e-02 3.807217534631490707e-01 7.813788428902623817e-01 0.000000000000000000e+00 0.000000000000000000e+00 0.000000000000000000e+00 0.000000000000000000e+00 2.680795080959796906e-02 0.000000000000000000e+00 0.000000000000000000e+00 9.919988550245761871e-02 0.000000000000000000e+00 8.517666868865488849e-01 3.463402763009071350e-02 0.000000000000000000e+00 2.103375177830457965e-01 1.526808042079210281e+00 1.563708414323627949e+00 9.855453232303261757e+00 0.000000000000000000e+00 3.585143145173788071e-01 0.000000000000000000e+00 8.564781080931427315e-01 9.756977297365662660e-02 2.098607085645199169e-02 9.347084032371640205e+00 1.119244538713246584e+01 1.950844954699277323e-01 0.000000000000000000e+00 0.000000000000000000e+00 5.485635455697774887e-01 0.000000000000000000e+00 0.000000000000000000e+00 0.000000000000000000e+00
8.538480792194605984e-01 0.000000000000000000e+00 0.000000000000000000e+00 0.000000000000000000e+00 1.835612895712256432e+01 2.302632471546530446e-01 3.494230452273041010e+01 1.102084405720233917e-01 6.324005217291414738e+00 2.635184448212385178e+00 2.034887739084661007e+01 0.000000000000000000e+00 3.752767422050238366e+01 0.000000000000000000e+00 1.693985299207270145e+00 6.114834345877170563e+00 0.000000000000000000e+00 0.000000000000000000e+00 2.712174318730831146e-02 0.000000000000000000e+00 2.371909469366074052e+00 2.000344730913639069e-02 0.000000000000000000e+00 0.000000000000000000e+00 6.650155726820230484e-01 0.000000000000000000e+00 0.000000000000000000e+00 0.000000000000000000e+00 1.984968580212444067e+01 8.361739963293075562e-01 0.000000000000000000e+00 0.000000000000000000e+00 6.893783072009682655e-01 0.000000000000000000e+00 1.752724479883908948e-01 0.000000000000000000e+00 0.000000000000000000e+00 0.000000000000000000e+00 0.000000000000000000e+00 2.037908565253019610e-01 0.000000000000000000e+00 6.286442279815675216e-02 0.000000000000000000e+00 4.075128957629203796e-02 1.456332113593816757e-01 2.914128443226218224e-01 0.000000000000000000e+00 1.779275201261043549e-02 0.000000000000000000e+00 3.528186654672027078e+00 0.000000000000000000e+00 0.000000000000000000e+00 0.000000000000000000e+00 0.000000000000000000e+00 0.000000000000000000e+00 0.000000000000000000e+00 0.000000000000000000e+00 0.000000000000000000e+00 0.000000000000000000e+00 3.062930125743150711e-01 0.000000000000000000e+00 0.000000000000000000e+00 0.000000000000000000e+00 8.722106050699948154e-01 0.000000000000000000e+00 0.000000000000000000e+00 0.000000000000000000e+00 0.000000000000000000e+00 0.000000000000000000e+00 0.000000000000000000e+00
3.515878729522228241e-01 4.084380780346691608e+00 4.254041612148284912e-01 3.255941112991422415e+01 0.000000000000000000e+00 3.724480997771024704e-01 4.500335790216922760e-01 7.277040392160415649e+00 6.363619958981871605e+00 1.515614546835422516e+00 4.178281528875231743e-01 1.190587040036916594e-01 0.000000000000000000e+00 9.450124297291039033e-02 8.916109499521553516e+00 0.000000000000000000e+00 7.915346317924559116e+01 2.259894066024572012e+01 8.284809011965991177e-01 1.606364739686251042e+01 2.000344730913639069e-02 2.375481051430105879e+02 1.145973427593708038e+01 1.362129358006641553e+02 3.499640006572008133e+00 7.038949802517889542e-02 2.208927254378795624e+01 3.281224195007234812e+01 3.657466302998363972e+01 2.348925865534693003e+01 5.710896305087953806e+01 2.132825925946235657e-02 1.401880064047873020e+00 1.041094047017395718e+00 1.611752253398299572e+01 2.115958705544472018e-01 1.352528082206845284e+00 1.207660688087344031e-01 2.030875660479069200e+00 4.221057519316673279e-02 0.000000000000000000e+00 3.906286135315895081e-02 2.574744972400367260e+00 7.787345796823503807e-01 1.299146562814712524e+00 2.490294724702835083e-02 1.806914154440164844e-01 8.198993653059004350e-02 0.000000000000000000e+00 3.954791738651692867e+00 1.508058998733758926e-01 3.600934738945215940e+01 1.635349052958190219e+00 1.678665652871131897e-01 3.242433993145823479e-01 0.000000000000000000e+00 2.383621513936668279e+01 4.007163168862462044e-01 3.531552632991224527e+01 1.261518122348934412e+01 3.441625088453292847e-02 6.994813214987516403e-01 9.300973535515367985e+00 8.870682762004435062e+00 2.042525501921772513e+00 7.118524978868663311e+00 1.704251952469348907e-02 0.000000000000000000e+00 1.731273885816336233e-01 2.143416851758956909e-01
