0.000000000000000000e+00 3.370578214526176453e-02 0.000000000000000000e+00 1.301422119140625000e-01 6.879696566611526176e-01 1.665187794715166092e-01 4.667800944298505783e-01 1.130687084048986657e+00 7.610900904983283199e-01 6.223556617274879521e+00 8.222642876207828522e-01 3.514988601207733154e+00 6.235642731189727783e-01 7.891931394115091480e-01 6.183968484401702881e-01 3.554306328296661377e-01 4.361958149820566177e-01 5.053021796047687531e-01 2.281032238155603409e+00 3.409372158348560333e-01 1.295224018394947052e-01 3.357852995395660400e-02 1.169555746018886566e-01 2.642035074532032013e+00 3.287166216410696507e+00 3.972183736041188240e-01 8.474226538091899075e-01 4.880219543352723122e+00 3.978211784735321999e+00 1.090433288365602715e+00 3.002335131168365479e-02 1.214744895696640015e-01 4.397580530494451523e-01 3.206661045551300049e-01 5.026878230273723602e-02 1.722453534603118896e-02 0.000000000000000000e+00 7.712331600487232208e-02 2.263932071626186371e+00 0.000000000000000000e+00 0.000000000000000000e+00 0.000000000000000000e+00 1.329166740179061890e-01 3.267756849527359009e-02 3.856044383719563484e-01 8.033588528633119896e-01 1.338918898254632950e-01 0.000000000000000000e+00 1.784953652881085651e+00 0.000000000000000000e+00 0.000000000000000000e+00 9.111390365287661552e-01 1.059726553037762864e+00 7.050057686865329742e-02 5.043442789465188980e-01 0.000000000000000000e+00 1.056687552481889725e-01 1.040280275046825548e-01 1.272033803164958954e+00 1.863711040467023849e+00 7.750017195940019088e-02 3.369076111353933811e+00 3.543904452584683895e+00 1.641490655951201916e+00 2.938103675842285156e-02 2.672239188104867935e-01 1.617132481187582016e-01 3.152196854352951050e-02 0.000000000000000000e+00 0.000000000000000000e+00
3.370578214526176453e-02 1.440903235413134098e+01 0.000000000000000000e+00 9.692418202757835388e-02 0.000000000000000000e+00 2.044872343540191650e-01 3.298014927655458450e+00 4.079447921272367239e+01 3.616677786689252372e+01 5.791673325002192341e-01 1.422218117862939835e+00 4.709197301417589188e-01 3.129930421710014343e-02 4.666607435792684555e-01 9.412013920024037361e+01 0.000000000000000000e+00 0.000000000000000000e+00 6.707438528537750244e-01 1.900923289358615875e-01 7.086329720914365249e-02 4.095845017582178116e-02 3.526655102148652077e+00 4.169715940952301025e-02 8.239929582923652962e-01 7.878217324614524841e-01 5.328234471380709908e-02 1.806474141776561460e-01 3.185137026011943817e-01 5.571359300985932350e+00 5.794313340168446302e+01 4.876655335817486048e+01 0.000000000000000000e+00 3.059069510549306425e+00 7.414636891335247837e-01 4.218298816122114658e+00 0.000000000000000000e+00 0.000000000000000000e+00 0.000000000000000000e+00 0.000000000000000000e+00 0.000000000000000000e+00 0.000000000000000000e+00 0.000000000000000000e+00 3.726469073444604874e-02 0.000000000000000000e+00 1.569440383464097977e-01 0.000000000000000000e+00 2.233012579381465912e-02 0.000000000000000000e+00 2.768842875957489014e-02 0.000000000000000000e+00 0.000000000000000000e+00 3.294178191572427750e-02 3.604997694492340088e-01 0.000000000000000000e+00 0.000000000000000000e+00 0.000000000000000000e+00 1.305472925305366516e-01 0.000000000000000000e+00 0.000000000000000000e+00 1.444519238546490447e+00 2.233519405126571655e-02 0.000000000000000000e+00 0.000000000000000000e+00 1.530433332547545211e+00 0.000000000000000000e+00 4.317332804203033447e-02 0.000000000000000000e+00 0.000000000000000000e+00 0.000000000000000000e+00 0.000000000000000000e+00
0.000000000000000000e+00 0.000000000000000000e+00 0.000000000000000000e+00 1.405218653380870819e-01 0.000000000000000000e+00 0.000000000000000000e+00 0.000000000000000000e+00 2.482405789196491241e-01 0.000000000000000000e+00 6.813719142228364944e-01 0.000000000000000000e+00 3.483708022162318230e+00 0.000000000000000000e+00 4.291914934292435646e+00 0.000000000000000000e+00 0.000000000000000000e+00 1.431010778062045352e+00 1.336240198463201523e+00 1.535206974484026210e+00 8.436154387891294792e-01 0.000000000000000000e+00 4.094382198527455330e-01 7.898365957662463188e+00 5.945623032748699188e-01 2.538988754153251648e+00 3.302844046615064144e+00 2.928940986283123493e+00 3.638132580369710922e+01 6.459681699052453041e-01 1.961502060294151653e-02 3.157584127038717270e-01 1.098852993920445220e+00 0.000000000000000000e+00 0.000000000000000000e+00 1.323367059230804443e-01 0.000000000000000000e+00 0.000000000000000000e+00 4.649396985769271851e-02 2.423741985112428665e-01 0.000000000000000000e+00 0.000000000000000000e+00 0.000000000000000000e+00 0.000000000000000000e+00 0.000000000000000000e+00 0.000000000000000000e+00 0.000000000000000000e+00 1.910869032144546509e-02 0.000000000000000000e+00 2.803312614560127605e-02 0.000000000000000000e+00 0.000000000000000000e+00 0.000000000000000000e+00 7.522465847432614761e-02 6.997082754969596863e-02 0.000000000000000000e+00 0.000000000000000000e+00 4.441412538290023804e-02 0.000000000000000000e+00 1.100596506148576598e-01 2.334943599998950958e-02 0.000000000000000000e+00 8.380124606192110859e-01 7.061147708445786320e-01 0.000000000000000000e+00 0.000000000000000000e+00 0.000000000000000000e+00 1.183353327214717587e-01 0.000000000000000000e+00 0.000000000000000000e+00 0.000000000000000000e+00
1.301422119140625000e-01 9.692418202757835388e-02 1.405218653380870819e-01 1.008520324174314737e+02 0.000000000000000000e+00 0.000000000000000000e+00 3.627452999353408813e-02 4.528604255057871342e+00 7.154664825648070492e-01 2.318565212190150937e-01 3.543337062001228333e-02 2.340334409847855568e+00 0.000000000000000000e+00 1.341498812660575135e+00 7.345037776976824917e-01 0.000000000000000000e+00 5.424361769109964371e-01 7.723983891308307648e+01 2.497777567245066166e+00 1.029355686157941818e+01 0.000000000000000000e+00 3.835397299937903881e+01 3.412940092384815216e-01 1.629137264536694261e+02 2.250956501811742783e+00 6.738559901714324951e-02 1.130883260294795036e+02 1.745627638017759011e+02 1.163347249757498325e+01 4.281112272292375565e-01 9.078498211689291608e+00 1.947446424514055030e+00 1.776174921542406082e-01 0.000000000000000000e+00 1.051593209989368916e+01 8.004621230065825377e-02 0.000000000000000000e+00 3.927902132272720337e-01 1.957581340335309505e+01 0.000000000000000000e+00 0.000000000000000000e+00 0.000000000000000000e+00 1.771222064271569530e-01 0.000000000000000000e+00 1.724042892456054410e-01 0.000000000000000000e+00 3.903480244800448418e+00 0.000000000000000000e+00 1.411864757537842074e-01 3.799628838896751404e-02 2.256600931286811829e-02 8.224673774093389511e-01 1.061305659823119463e+01 3.383546695113182068e-02 2.089855728670954704e+00 0.000000000000000000e+00 4.340220894664525986e-01 3.251410340890288353e-01 9.675995604135092520e+00 6.081361006945370518e-01 6.625131890177726746e-02 1.907193060778081062e+01 4.591307034902274609e+01 1.026391200721263747e-01 6.598943471908570446e-01 4.587177913635969162e-01 3.852938860654830933e-02 0.000000000000000000e+00 0.000000000000000000e+00 5.238283798098564842e-02
6.879696566611526176e-01 0.000000000000000000e+00 0.000000000000000000e+00 0.000000000000000000e+00 3.010943481139837985e+01 0.000000000000000000e+00 2.347560580819845200e+00 1.844670150429010391e+00 1.144979616627096908e+00 2.163682273589074612e+00 6.236161992978304625e+01 3.315755352377891541e-02 6.543574086483567953e+01 1.498895697295665567e-02 1.072969269007444382e-01 1.748031685128808022e+00 0.000000000000000000e+00 0.000000000000000000e+00 0.000000000000000000e+00 0.000000000000000000e+00 8.860032676719127309e+00 0.000000000000000000e+00 3.531492874026298523e-02 0.000000000000000000e+00 2.342143921926617622e+01 0.000000000000000000e+00 0.000000000000000000e+00 0.000000000000000000e+00 1.645564174214377999e+02 0.000000000000000000e+00 3.367077559232711792e-02 0.000000000000000000e+00 1.573301348835229874e-01 0.000000000000000000e+00 1.759193073958158493e-01 0.000000000000000000e+00 0.000000000000000000e+00 0.000000000000000000e+00 0.000000000000000000e+00 0.000000000000000000e+00 0.000000000000000000e+00 0.000000000000000000e+00 9.787239879369734330e-02 0.000000000000000000e+00 0.000000000000000000e+00 0.000000000000000000e+00 0.000000000000000000e+00 0.000000000000000000e+00 0.000000000000000000e+00 0.000000000000000000e+00 0.000000000000000000e+00 0.000000000000000000e+00 0.000000000000000000e+00 0.000000000000000000e+00 0.000000000000000000e+00 0.000000000000000000e+00 0.000000000000000000e+00 0.000000000000000000e+00 0.000000000000000000e+00 1.583704799413681030e-01 0.000000000000000000e+00 0.000000000000000000e+00 0.000000000000000000e+00 1.275159381330013553e-01 0.000000000000000000e+00 0.000000000000000000e+00 0.000000000000000000e+00 0.000000000000000000e+00 0.000000000000000000e+00 0.000000000000000000e+00
1.665187794715166092e-01 2.044872343540191650e-01 0.000000000000000000e+00 0.000000000000000000e+00 0.000000000000000000e+00 1.587701754644512908e+00 2.239297790452837500e+00 4.942908138036727905e-01 5.522231254726648331e-01 1.827261969447135925e-02 3.729336398653686047e+00 1.766612213104963580e-01 1.201975848525762558e-01 1.795395109802484512e-01 2.943151449784636497e+00 5.587633132934568536e+00 0.000000000000000000e+00 0.000000000000000000e+00 0.000000000000000000e+00 0.000000000000000000e+00 9.637929499149325285e-02 2.507968991994858135e-02 0.000000000000000000e+00 1.372847259044647217e-01 8.555915020406247573e-02 0.000000000000000000e+00 5.070410519838333130e-01 8.497958630323411422e-02 3.703425172716379166e-01 1.393248677253723145e+00 4.875097572803497314e-01 0.000000000000000000e+00 3.096839459612965584e-01 0.000000000000000000e+00 8.244841173291205250e-01 0.000000000000000000e+00 0.000000000000000000e+00 0.000000000000000000e+00 0.000000000000000000e+00 0.000000000000000000e+00 0.000000000000000000e+00 0.000000000000000000e+00 0.000000000000000000e+00 0.000000000000000000e+00 0.000000000000000000e+00 0.000000000000000000e+00 0.000000000000000000e+00 0.000000000000000000e+00 0.000000000000000000e+00 0.000000000000000000e+00 0.000000000000000000e+00 0.000000000000000000e+00 0.000000000000000000e+00 0.000000000000000000e+00 0.000000000000000000e+00 0.000000000000000000e+00 0.000000000000000000e+00 0.000000000000000000e+00 0.000000000000000000e+00 0.000000000000000000e+00 0.000000000000000000e+00 0.000000000000000000e+00 0.000000000000000000e+00 0.000000000000000000e+00 0.000000000000000000e+00 0.000000000000000000e+00 0.000000000000000000e+00 0.000000000000000000e+00 0.000000000000000000e+00 0.000000000000000000e+00
4.667800944298505783e-01 3.298014927655458450e+00 0.000000000000000000e+00 3.627452999353408813e-02 2.347560580819845200e+00 2.239297790452837500e+00 1.918410038426518440e+02 5.309042553044855595e+01 1.113776848642155528e+02 3.230163065716624260e+00 4.671781724672764540e+02 1.560243256390094979e+00 1.094759820103645325e+02 2.769061913713812273e-01 3.826645990181714296e+01 1.792479918524622917e+01 4.066225141286849976e-02 1.098889503628015518e-01 2.256053872406482350e-02 0.000000000000000000e+00 1.521350228413939476e+01 2.396127646788954457e-01 2.287724241614341389e-02 2.287283260375261307e-01 1.969330486841500027e+00 2.091877162456512451e-02 1.846989318728446960e-01 1.387627925723791122e-01 2.418735125102102401e+01 9.420429481193423271e+00 3.608156007714570457e+00 1.566662266850471497e-02 4.487368408590555191e+00 1.295531392097473422e-01 3.331785565242171288e+00 0.000000000000000000e+00 0.000000000000000000e+00 0.000000000000000000e+00 0.000000000000000000e+00 0.000000000000000000e+00 0.000000000000000000e+00 0.000000000000000000e+00 1.823495719581842700e-01 0.000000000000000000e+00 2.850787155330181122e-02 0.000000000000000000e+00 0.000000000000000000e+00 0.000000000000000000e+00 0.000000000000000000e+00 3.138756006956100464e-02 0.000000000000000000e+00 0.000000000000000000e+00 0.000000000000000000e+00 0.000000000000000000e+00 0.000000000000000000e+00 0.000000000000000000e+00 2.697571739554404865e-02 0.000000000000000000e+00 0.000000000000000000e+00 8.362721353769300148e-01 3.609961271286010742e-02 0.000000000000000000e+00 0.000000000000000000e+00 4.887028913944959641e-01 0.000000000000000000e+00 2.166114188730716358e-02 0.000000000000000000e+00 0.000000000000000000e+00 0.000000000000000000e+00 0.000000000000000000e+00
1.130687084048986657e+00 4.079447921272367239e+01 2.482405789196491241e-01 4.528604255057871342e+00 1.844670150429010391e+00 4.942908138036727905e-01 5.309042553044855595e+01 5.856807189900428057e+02 1.211274460237472965e+02 7.569074429385364056e+01 2.313641803795472072e+02 5.704177776351571083e+00 9.300405667163433421e+00 2.554354522377252579e+00 1.961648493306711316e+02 6.183895840309560299e+00 1.065894979983568414e+00 6.525842165574429643e+00 5.596807934343814850e-01 1.924880383536219597e+00 1.877968304790556431e+00 2.822332280781120062e+01 7.896418571472169079e-01 2.371755800861864927e+01 8.546821379661560059e+01 2.993605863302946091e-01 2.689025342464447021e+00 6.985256896354256284e+00 2.461487279450520305e+02 8.161427302099764347e+01 2.375684292446821928e+02 4.848340693861246109e-01 1.061748952418565395e+01 5.253219261765480042e+00 3.034017879888414626e+01 1.184994634240865569e-01 3.636229317635297775e-01 0.000000000000000000e+00 2.430086471140384397e-01 4.960492551326751709e-01 0.000000000000000000e+00 1.901118624955415448e-01 6.900977441109716892e+00 4.157911501824855804e-01 7.417379235848784447e+00 3.825768025591969490e+00 0.000000000000000000e+00 3.917166907340288162e-01 8.813201636075974899e-02 8.396980464458465576e-01 1.527761872857809067e-01 4.466990090906620026e+00 7.637004181742668152e-02 3.428154438734054565e-02 1.106154248118400435e-01 0.000000000000000000e+00 3.182795923203229460e+00 6.578741110861301422e-01 4.184245752170681953e+00 2.989813688304275630e+01 2.770089358091354370e-02 3.577959276735782623e-01 2.057438702322542667e+00 3.377473033033310656e+01 4.537235144525766373e-01 6.102085783146321774e+00 0.000000000000000000e+00 0.000000000000000000e+00 2.216657623648643494e-02 7.262065261602400346e-02
7.610900904983283199e-01 3.616677786689252372e+01 0.000000000000000000e+00 7.154664825648070492e-01 1.144979616627096908e+00 5.522231254726648331e-01 1.113776848642155528e+02 1.211274460237472965e+02 2.635577349420636892e+02 6.274318166077136993e+00 2.180796991027892204e+02 4.630158083513379097e+00 1.723193849343806505e+01 1.813626355491578801e+00 1.806236557550728605e+02 2.598399972543119940e+00 2.596016470342874527e-01 4.461024606600403786e+00 1.882656551897525787e-01 1.535196546465158740e-01 7.918874369002876890e+00 3.729871711693704128e+00 0.000000000000000000e+00 2.164644188247621059e+00 8.148261014372110367e+00 1.292586121708154401e-01 7.014888785779473945e-01 8.263780334964393459e-01 2.145724894199520350e+01 5.023412748519331217e+01 4.315295170992612839e+01 6.326457941904666260e-01 1.066099065914750099e+01 2.355760986916720867e+00 1.223514670319855568e+01 0.000000000000000000e+00 3.263327572494745255e-02 0.000000000000000000e+00 4.470775648951530457e-02 0.000000000000000000e+00 0.000000000000000000e+00 0.000000000000000000e+00 3.221216723322868347e-01 0.000000000000000000e+00 2.094662552699447233e-01 0.000000000000000000e+00 2.101079747080802917e-02 0.000000000000000000e+00 3.213013336062431335e-02 0.000000000000000000e+00 0.000000000000000000e+00 0.000000000000000000e+00 0.000000000000000000e+00 0.000000000000000000e+00 0.000000000000000000e+00 0.000000000000000000e+00 2.143942527472972870e-01 2.906035445630550385e-02 9.274365194141864777e-02 3.827641794458031654e+00 0.000000000000000000e+00 0.000000000000000000e+00 2.442722581326961517e-02 4.173998249694705009e+00 5.472075790166853748e-01 3.783779218792915344e-02 0.000000000000000000e+00 0.000000000000000000e+00 1.744728162884711872e-02 0.000000000000000000e+00
6.223556617274879521e+00 5.791673325002192341e-01 6.813719142228364944e-01 2.318565212190150937e-01 2.163682273589074612e+00 1.827261969447135925e-02 3.230163065716624260e+00 7.569074429385364056e+01 6.274318166077136993e+00 2.716426417417823913e+01 3.222275242768228054e+01 2.902717940509319305e+00 4.878472468815743923e+00 1.770658824592828529e+00 5.202910766005516052e+00 1.255350796971470118e+01 5.276866029947996140e+00 4.205533117055892944e-01 2.002723151817917824e-01 5.379889979958534241e-01 9.990756735205649219e-01 3.922178534790873528e+00 3.239444346353411674e+01 6.498108282685279846e-01 2.205320012886077166e+02 4.347600050270557404e+00 3.659953559748828411e+00 1.682506279554218054e+01 2.035110782217234373e+02 2.990021207369863987e+00 1.464956529904156746e+01 1.886841626837849617e-01 2.801689151674509048e-01 2.254728227853775024e-02 3.742171302437782288e-01 1.227228477597236633e+00 1.606594603508710861e-01 4.221095331013202667e-02 2.793478630483150482e-01 1.446910575032234018e-02 0.000000000000000000e+00 1.183281801640987535e-01 9.948097114451229572e+00 1.758312106132507324e+00 3.482814637944102731e+00 1.791430253535509332e+00 7.289125770330429077e-02 6.583935320377348743e-01 2.369380109012126923e-01 1.006230657920241356e+00 1.491007348522543907e-01 1.048780702706426560e+01 2.173657156527042389e-01 0.000000000000000000e+00 0.000000000000000000e+00 0.000000000000000000e+00 1.272315268218517303e+01 1.513673335313796997e+00 7.381594046950340271e+00 2.624342624377459288e+01 1.762254908680915833e-02 2.583531159907578867e-01 9.817577321082352482e-01 2.549012417346239090e+01 2.717927342280745506e+00 1.019364359509200213e+01 1.034030783921480040e-01 5.205589160323143005e-02 5.498582683503627777e-02 2.942722626030445654e-01
8.222642876207828522e-01 1.422218117862939835e+00 0.000000000000000000e+00 3.543337062001228333e-02 6.236161992978304625e+01 3.729336398653686047e+00 4.671781724672764540e+02 2.313641803795472072e+02 2.180796991027892204e+02 3.222275242768228054e+01 1.593330386165529490e+03 1.311793108470737934e+00 3.745655016303062439e+02 1.349005880765616672e+00 4.492121125012636185e+01 2.191923154704272747e+01 1.463726144284009933e-01 3.214309513568878174e-01 1.000496260821819583e-01 1.653703954070806503e-01 4.829602207709103823e+01 1.132697274908422980e+00 7.429963722825053130e-02 1.507529191672801749e+00 5.339810103364288807e+01 6.466818042099474473e-02 2.089744033291936365e+00 1.093244159594177978e+00 2.717648794520646334e+02 1.153336774464696646e+01 7.344564300030469894e+00 2.565914113074541092e-01 1.173210340365767301e+01 5.885959435254333183e-01 6.948617205955088139e+00 0.000000000000000000e+00 2.583840303122997631e-02 0.000000000000000000e+00 0.000000000000000000e+00 1.895945146679877888e-02 0.000000000000000000e+00 5.358908139169216156e-02 2.966953226365149021e+00 2.174926269799470901e-01 3.478024024516344626e-01 2.977374065667390268e-01 1.053008399903774123e-01 1.556587098166346550e-01 1.581531763076781880e-02 5.070386454463005066e-02 0.000000000000000000e+00 1.524033714085817337e-01 0.000000000000000000e+00 2.234401553869247437e-02 0.000000000000000000e+00 0.000000000000000000e+00 6.601018644869327545e-02 0.000000000000000000e+00 0.000000000000000000e+00 2.247951757162809372e+00 0.000000000000000000e+00 0.000000000000000000e+00 4.325424507260322571e-02 5.913778650574386120e+00 2.051807567477226604e-02 4.098854586482048035e-01 3.381801843643188477e-01 0.000000000000000000e+00 0.000000000000000000e+00 0.000000000000000000e+00
3.514988601207733154e+00 4.709197301417589188e-01 3.483708022162318230e+00 2.340334409847855568e+00 3.315755352377891541e-02 1.766612213104963580e-01 1.560243256390094979e+00 5.704177776351571083e+00 4.630158083513379097e+00 2.902717940509319305e+00 1.311793108470737934e+00 4.430141071993857622e+02 5.096403881907465155e-02 7.308031521644443274e+01 1.206077803391963243e+01 2.500993013381958008e-02 2.632297519594430923e-01 1.336508668120950460e+01 1.228475321549922512e+02 5.710136542282998562e+01 1.995831169188022614e-02 1.777859836816788164e+00 2.825355367735028267e+00 5.286343516781926155e+00 2.672619998455047607e+00 1.510872381553054034e+01 1.558604952944442630e+02 7.495164795313029060e+01 2.155493725091218948e+00 1.064178473223000587e+01 2.939732016995549202e+00 5.363979564327746630e+01 6.176675160415470600e+00 3.146329444833099842e+00 3.657788486033678765e+01 1.654033120721578876e-01 1.827464625239372600e-02 5.290402671322226524e+00 3.442883118987083435e-02 0.000000000000000000e+00 0.000000000000000000e+00 6.343602389097215133e-02 2.199003901332616806e-01 0.000000000000000000e+00 6.073446095921099186e+00 2.535425312817096363e-02 4.065458607766777277e+01 0.000000000000000000e+00 4.296906724013388157e+01 0.000000000000000000e+00 7.067925855517387390e-02 8.835767395794394408e-02 8.446521311998364534e-02 2.910376787185668945e+00 4.639487387612462044e-01 0.000000000000000000e+00 0.000000000000000000e+00 5.229344428516924381e+00 1.544790994375943964e-02 3.728964802809059620e+00 3.550470948219299316e+00 3.041253946628421545e+01 1.987799672875553370e+01 6.803645268082616493e-01 0.000000000000000000e+00 0.000000000000000000e+00 1.869946160074323416e+01 3.887442871928215027e-02 0.000000000000000000e+00 1.612467691302299777e-01
6.235642731189727783e-01 3.129930421710014343e-02 0.000000000000000000e+00 0.000000000000000000e+00 6.543574086483567953e+01 1.201975848525762558e-01 1.094759820103645325e+02 9.300405667163433421e+00 1.723193849343806505e+01 4.878472468815743923e+00 3.745655016303062439e+02 5.096403881907465155e-02 3.010396700017154217e+02 2.036975510418415070e-02 2.258095344528555870e+00 1.270681202784180819e+01 2.358634024858474385e-02 0.000000000000000000e+00 0.000000000000000000e+00 0.000000000000000000e+00 6.133076281193643808e+01 0.000000000000000000e+00 1.426731254905461987e-01 0.000000000000000000e+00 7.080598852224647999e+01 0.000000000000000000e+00 1.837297901511192669e-02 2.891959622502326965e-02 1.114759259466081858e+02 1.818299330770969113e-01 0.000000000000000000e+00 0.000000000000000000e+00 4.972502738237380981e-01 0.000000000000000000e+00 1.312684100121259689e-01 0.000000000000000000e+00 0.000000000000000000e+00 0.000000000000000000e+00 0.000000000000000000e+00 0.000000000000000000e+00 0.000000000000000000e+00 0.000000000000000000e+00 4.232922941446304321e-02 1.031926572322845459e-01 2.011197283864021024e-01 4.259822890162467957e-02 0.000000000000000000e+00 0.000000000000000000e+00 0.000000000000000000e+00 3.266397863626480103e-02 0.000000000000000000e+00 3.023891337215900421e-02 0.000000000000000000e+00 0.000000000000000000e+00 0.000000000000000000e+00 0.000000000000000000e+00 5.164717696607114966e-02 6.740156561136244340e-02 1.524212334305047767e+00 8.158335108309984207e-01 0.000000000000000000e+00 0.000000000000000000e+00 0.000000000000000000e+00 2.024116896092891693e+00 0.000000000000000000e+00 1.338260676711797437e-01 0.000000000000000000e+00 0.000000000000000000e+00 0.000000000000000000e+00 2.322047762572765350e-02
7.891931394115091480e-01 4.666607435792684555e-01 4.291914934292435646e+00 1.341498812660575135e+00 1.498895697295665567e-02 1.795395109802484512e-01 2.769061913713812273e-01 2.554354522377252579e+00 1.813626355491578801e+00 1.770658824592828529e+00 1.349005880765616672e+00 7.308031521644443274e+01 2.036975510418415070e-02 3.479312766529619694e+01 4.445051650516688824e+00 0.000000000000000000e+00 2.659930922091007233e-01 2.459059588611125946e+00 1.174479426722973585e+01 1.946690727025270462e+00 0.000000000000000000e+00 1.266165092587471230e+00 1.106322467327117698e+00 1.067768553271889687e+00 8.153517497703433037e-01 1.196983520779758514e+01 1.206565156113356352e+01 6.619493015576153994e+01 4.030219558626413345e-01 8.161885283887386322e+00 1.330600110813975556e+00 2.475902702938765287e+01 3.846582776866853237e+00 2.395225483924150467e-01 7.764446335844695568e+00 4.393741488456726074e-02 0.000000000000000000e+00 1.959680745378137079e+00 2.873052284121513367e-02 0.000000000000000000e+00 0.000000000000000000e+00 0.000000000000000000e+00 0.000000000000000000e+00 3.581594303250312805e-02 1.510170151479542033e+00 0.000000000000000000e+00 1.833512423653155565e+01 0.000000000000000000e+00 2.370294462703168037e+01 0.000000000000000000e+00 2.667916193604469646e-02 0.000000000000000000e+00 2.057981304824352611e-02 2.065720384009182453e+00 0.000000000000000000e+00 0.000000000000000000e+00 0.000000000000000000e+00 2.552346106618642807e+00 0.000000000000000000e+00 1.448177736252546310e+00 1.598175124265253544e+00 2.165612077806144953e+01 9.276217529550192964e+00 4.359180480241775513e-02 0.000000000000000000e+00 0.000000000000000000e+00 6.475166854448616505e+00 0.000000000000000000e+00 0.000000000000000000e+00 6.162486970424650018e-02
6.183968484401702881e-01 9.412013920024037361e+01 0.000000000000000000e+00 7.345037776976824917e-01 1.072969269007444382e-01 2.943151449784636497e+00 3.826645990181714296e+01 1.961648493306711316e+02 1.806236557550728605e+02 5.202910766005516052e+00 4.492121125012636185e+01 1.206077803391963243e+01 2.258095344528555870e+00 4.445051650516688824e+00 5.061085402425377993e+02 9.268753882497549057e-02 5.134009923785924911e-01 2.114762286655604839e+00 6.405359413474798203e-01 5.595021909102797508e-01 4.788177348673343658e-01 1.827277425769716501e+01 1.788745559751987457e-01 8.356661464087665081e+00 8.118137272074818611e+00 2.436955627053976059e-01 3.712487990036606789e+00 3.886643051169812679e+00 3.313079036120324616e+01 2.865808653738349676e+02 1.431424200292676403e+02 2.604958740994334221e-01 3.531329810526221991e+01 2.220846156589686871e+00 4.036875300761312246e+01 0.000000000000000000e+00 0.000000000000000000e+00 2.189030312001705170e-02 6.182174943387509780e-02 0.000000000000000000e+00 0.000000000000000000e+00 3.219220787286758423e-02 2.441221177577971857e-01 1.938424445688724518e-02 4.864095542579889297e-01 2.489964850246906627e-02 2.982110064476728439e-01 0.000000000000000000e+00 5.571338161826135116e-02 0.000000000000000000e+00 0.000000000000000000e+00 3.550385236740112305e-01 2.932573109865188599e-02 0.000000000000000000e+00 0.000000000000000000e+00 0.000000000000000000e+00 5.345739163458347321e-01 3.285271674394607544e-02 1.085112616419792314e-01 2.228960560634731802e+00 0.000000000000000000e+00 2.300543151795864105e-02 8.194810152053831898e-01 4.172471763566136360e+00 2.241635322570801128e-02 3.487298116087913513e-01 7.945027388632300291e-02 0.000000000000000000e+00 0.000000000000000000e+00 0.000000000000000000e+00
3.554306328296661377e-01 0.000000000000000000e+00 0.000000000000000000e+00 0.000000000000000000e+00 1.748031685128808022e+00 5.587633132934568536e+00 1.792479918524622917e+01 6.183895840309560299e+00 2.598399972543119940e+00 1.255350796971470118e+01 2.191923154704272747e+01 2.500993013381958008e-02 1.270681202784180819e+01 0.000000000000000000e+00 9.268753882497549057e-02 6.354302510619163513e+00 0.000000000000000000e+00 0.000000000000000000e+00 0.000000000000000000e+00 0.000000000000000000e+00 2.007850633934140205e+00 0.000000000000000000e+00 1.162739812396466732e+00 0.000000000000000000e+00 8.501500115729868412e+00 1.853113062679767609e-02 3.044921346008777618e-02 2.327862139791249951e-01 1.384681704640388489e+01 0.000000000000000000e+00 0.000000000000000000e+00 3.110355734825134277e-01 1.978216799907386303e+00 0.000000000000000000e+00 2.465645782649517059e-02 0.000000000000000000e+00 0.000000000000000000e+00 0.000000000000000000e+00 1.196319609880447561e-02 3.110628202557564129e-02 0.000000000000000000e+00 0.000000000000000000e+00 9.270910918712614579e-02 0.000000000000000000e+00 1.150084044784307480e-01 1.524507906287908554e-01 0.000000000000000000e+00 0.000000000000000000e+00 0.000000000000000000e+00 0.000000000000000000e+00 0.000000000000000000e+00 5.726249516010284424e-02 0.000000000000000000e+00 0.000000000000000000e+00 0.000000000000000000e+00 0.000000000000000000e+00 2.350100241601467133e-01 2.001403672620654106e-01 7.361578661948442459e-01 4.119533952325582504e-01 0.000000000000000000e+00 5.864001065492630005e-02 0.000000000000000000e+00 7.774925706908106804e-01 0.000000000000000000e+00 1.719349827617407123e-01 0.000000000000000000e+00 0.000000000000000000e+00 0.000000000000000000e+00 1.027294974774122377e-01
4.361958149820566177e-01 0.000000000000000000e+00 1.431010778062045352e+00 5.424361769109964371e-01 0.000000000000000000e+00 0.000000000000000000e+00 4.066225141286849976e-02 1.065894979983568414e+00 2.596016470342874527e-01 5.276866029947996140e+00 1.463726144284009933e-01 2.632297519594430923e-01 2.358634024858474385e-02 2.659930922091007233e-01 5.134009923785924911e-01 0.000000000000000000e+00 1.140366856139153242e+02 1.438938051462173684e+00 0.000000000000000000e+00 1.044121906161308566e-01 0.000000000000000000e+00 1.304854300078004599e+02 5.154762766975909472e+01 4.075243838224560022e+01 1.413992566242814064e+01 6.317040044814349609e-02 6.714392323046924904e-01 4.759519956819713116e+01 5.081564268842340226e+01 2.431560894474387613e+00 1.895243031904100928e+00 5.231583174318075180e-01 2.341308631002902985e-02 5.376398153603076935e-01 1.693337216973304971e+00 3.652877110056579113e+00 1.761289015412330905e-01 1.042486559599637846e-01 2.621944914571940455e+00 0.000000000000000000e+00 0.000000000000000000e+00 0.000000000000000000e+00 1.139065345749258773e+00 4.339556396007537842e-02 5.280157029628753662e-01 1.547757862135767382e-01 0.000000000000000000e+00 0.000000000000000000e+00 0.000000000000000000e+00 2.243718709796666821e-01 3.390493616461753845e-02 4.450192066095769405e+01 3.372713938355445862e+00 2.895171009004116058e-02 4.760397598147392273e-02 0.000000000000000000e+00 1.708160770218819380e+01 9.206848492845891130e+00 4.369059762172400241e+01 2.865943372249603271e+00 0.000000000000000000e+00 6.566191511228680611e-01 1.772880601137876511e+01 5.969714915379881859e+00 2.801369801163673401e-01 7.304800700396299362e+00 2.079063281416893005e-02 0.000000000000000000e+00 0.000000000000000000e+00 2.471786784008145332e-01
5.053021796047687531e-01 6.707438528537750244e-01 1.336240198463201523e+00 7.723983891308307648e+01 0.000000000000000000e+00 0.000000000000000000e+00 1.098889503628015518e-01 6.525842165574429643e+00 4.461024606600403786e+00 4.205533117055892944e-01 3.214309513568878174e-01 1.336508668120950460e+01 0.000000000000000000e+00 2.459059588611125946e+00 2.114762286655604839e+00 0.000000000000000000e+00 1.438938051462173684e+00 7.959072163142263889e+01 1.071532303094863892e+01 9.494679558742791414e+01 0.000000000000000000e+00 2.546693655755370855e+01 1.302837511524558067e+00 6.751401014719158411e+01 3.866049312055110931e+00 8.110256344079972424e-01 8.018458335753530264e+01 1.596588887246325612e+02 4.125965984538197517e+00 1.743008824996650441e+00 2.240033852495253086e+01 7.849892228841779396e-01 8.581688962876796722e-01 8.657567203044889970e-02 2.854480240307748318e+01 2.830072678625583649e-02 2.561645954847336162e-02 1.402227077633142693e+00 5.845320479944348335e+00 0.000000000000000000e+00 0.000000000000000000e+00 0.000000000000000000e+00 2.623971365392208099e-02 0.000000000000000000e+00 1.595513746142387390e-01 0.000000000000000000e+00 1.697424985468387326e-01 0.000000000000000000e+00 5.659665334969758987e-01 3.867945447564125061e-02 0.000000000000000000e+00 2.279083244502544403e-02 1.002001876197755159e+01 3.939760476350784302e-01 5.283290222287178040e+00 0.000000000000000000e+00 6.279679387807844682e-02 1.543426942080259601e-01 1.556651465594768524e+00 8.657802641391751375e-02 5.161682944744825363e-01 4.121606617141515017e+01 4.360243193339556456e+01 2.507440932095051159e-02 0.000000000000000000e+00 1.419768109917640408e-01 1.008443124592303952e-01 0.000000000000000000e+00 0.000000000000000000e+00 2.897420525550842285e-01
2.281032238155603409e+00 1.900923289358615875e-01 1.535206974484026210e+00 2.497777567245066166e+00 0.000000000000000000e+00 0.000000000000000000e+00 2.256053872406482350e-02 5.596807934343814850e-01 1.882656551897525787e-01 2.002723151817917824e-01 1.000496260821819583e-01 1.228475321549922512e+02 0.000000000000000000e+00 1.174479426722973585e+01 6.405359413474798203e-01 0.000000000000000000e+00 0.000000000000000000e+00 1.071532303094863892e+01 4.062995587475597148e+01 4.946532430406659842e+01 0.000000000000000000e+00 1.661365889012813568e-01 4.951046835631132126e-01 9.595113759860398606e-01 1.340424288064241409e-01 1.449095647782087548e+00 8.878114367462696066e+01 4.316793955117464066e+01 3.424766007810831764e-02 3.055447966791689396e+00 6.807392463088035583e-02 2.401186468917876482e+01 8.407940380275250591e-01 5.325042270123958588e-02 1.627633968461304903e+01 0.000000000000000000e+00 0.000000000000000000e+00 4.894022252410650253e-01 5.108480900526044671e-02 0.000000000000000000e+00 0.000000000000000000e+00 0.000000000000000000e+00 0.000000000000000000e+00 0.000000000000000000e+00 1.037221327424049516e-01 0.000000000000000000e+00 4.227732501924037933e+00 0.000000000000000000e+00 3.834170972928404808e+00 2.074471116065979004e-02 0.000000000000000000e+00 3.623966872692108154e-02 0.000000000000000000e+00 1.333139272406697495e+00 2.919557485729455948e-01 0.000000000000000000e+00 0.000000000000000000e+00 1.323009086772799492e+00 0.000000000000000000e+00 2.615783140063286272e+00 3.269590642303228378e-01 1.518019239883869709e+01 1.339083762932569144e+01 0.000000000000000000e+00 0.000000000000000000e+00 0.000000000000000000e+00 3.706032838672399521e+00 0.000000000000000000e+00 0.000000000000000000e+00 0.000000000000000000e+00
3.409372158348560333e-01 7.086329720914365249e-02 8.436154387891294792e-01 1.029355686157941818e+01 0.000000000000000000e+00 0.000000000000000000e+00 0.000000000000000000e+00 1.924880383536219597e+00 1.535196546465158740e-01 5.379889979958534241e-01 1.653703954070806503e-01 5.710136542282998562e+01 0.000000000000000000e+00 1.946690727025270462e+00 5.595021909102797508e-01 0.000000000000000000e+00 1.044121906161308566e-01 9.494679558742791414e+01 4.946532430406659842e+01 6.723582388274371624e+01 1.668111681938171609e+00 4.857409276068210602e+00 1.924766236916184647e+00 1.930573806818575022e+01 9.274805467575786277e-01 1.193378241732716560e+00 8.566201221384106645e+01 9.824225445277988911e+01 2.096731923520565033e+00 8.152386676520108066e-01 5.720725186169147491e+00 4.419778321869671345e+00 1.510342532768845780e+00 3.961448371410369873e-02 2.774775395356119034e+01 1.859523728489876140e-02 0.000000000000000000e+00 6.030367389321327209e-01 1.337110377848148568e+00 0.000000000000000000e+00 0.000000000000000000e+00 0.000000000000000000e+00 0.000000000000000000e+00 0.000000000000000000e+00 9.934582374989986420e-02 0.000000000000000000e+00 1.194634641520678775e+00 0.000000000000000000e+00 3.697631615214049816e+00 0.000000000000000000e+00 0.000000000000000000e+00 1.554929371923208063e-02 2.027296813204884529e+00 7.747347336262464523e-01 4.054902754724025726e+00 0.000000000000000000e+00 2.551126852631568909e-02 5.360586121678353466e-01 3.807663731276988983e-02 0.000000000000000000e+00 2.337542529217898402e+00 3.849016762338578701e+01 3.599186284560710192e+01 0.000000000000000000e+00 0.000000000000000000e+00 1.283464115113019943e-02 5.542091047391295433e+00 0.000000000000000000e+00 0.000000000000000000e+00 1.031101904809474945e-01
1.295224018394947052e-01 4.095845017582178116e-02 0.000000000000000000e+00 0.000000000000000000e+00 8.860032676719127309e+00 9.637929499149325285e-02 1.521350228413939476e+01 1.877968304790556431e+00 7.918874369002876890e+00 9.990756735205649219e-01 4.829602207709103823e+01 1.995831169188022614e-02 6.133076281193643808e+01 0.000000000000000000e+00 4.788177348673343658e-01 2.007850633934140205e+00 0.000000000000000000e+00 0.000000000000000000e+00 0.000000000000000000e+00 1.668111681938171609e+00 5.115301096811890602e+00 0.000000000000000000e+00 0.000000000000000000e+00 0.000000000000000000e+00 2.233505878783762455e+01 0.000000000000000000e+00 0.000000000000000000e+00 2.207704037427901944e-01 6.113535023480653763e+01 1.535964328795671463e-01 5.717027187347410028e-02 0.000000000000000000e+00 9.491439163684844971e-02 0.000000000000000000e+00 3.498538732528686523e-01 0.000000000000000000e+00 0.000000000000000000e+00 0.000000000000000000e+00 0.000000000000000000e+00 0.000000000000000000e+00 0.000000000000000000e+00 0.000000000000000000e+00 1.698368042707442890e-02 0.000000000000000000e+00 1.103224612772464752e+00 3.686819598078727722e-02 0.000000000000000000e+00 0.000000000000000000e+00 0.000000000000000000e+00 6.224194169044495323e-02 0.000000000000000000e+00 0.000000000000000000e+00 0.000000000000000000e+00 0.000000000000000000e+00 0.000000000000000000e+00 0.000000000000000000e+00 0.000000000000000000e+00 0.000000000000000000e+00 0.000000000000000000e+00 5.404221732169390835e-01 0.000000000000000000e+00 0.000000000000000000e+00 0.000000000000000000e+00 1.370681775733828545e-01 0.000000000000000000e+00 0.000000000000000000e+00 0.000000000000000000e+00 0.000000000000000000e+00 0.000000000000000000e+00 0.000000000000000000e+00
3.357852995395660400e-02 3.526655102148652077e+00 4.094382198527455330e-01 3.835397299937903881e+01 0.000000000000000000e+00 2.507968991994858135e-02 2.396127646788954457e-01 2.822332280781120062e+01 3.729871711693704128e+00 3.922178534790873528e+00 1.132697274908422980e+00 1.777859836816788164e+00 0.000000000000000000e+00 1.266165092587471230e+00 1.827277425769716501e+01 0.000000000000000000e+00 1.304854300078004599e+02 2.546693655755370855e+01 1.661365889012813568e-01 4.857409276068210602e+00 0.000000000000000000e+00 8.247930433917790651e+02 1.460481201205402790e+01 5.076641266690567136e+02 4.738992253318428993e+00 2.364489249885081898e-02 5.920280469581484795e+00 4.595904689747840166e+01 8.726721335668116808e+01 2.364384788274765015e+01 2.024114402607083605e+02 4.691045302897691727e-01 1.147210842929780261e+00 8.156739856116471898e+00 1.119760021362453699e+02 8.480176050215956773e-02 9.045838918536899254e-01 2.118601091206074108e-02 4.589690078049898148e+00 0.000000000000000000e+00 0.000000000000000000e+00 8.103752136230470138e-02 1.622123738750815169e+00 4.547517169266939163e-01 2.308014876209199429e+00 3.138709664344787598e-01 2.514937892556190491e-02 1.626985520124435425e-02 4.182761907577514648e-02 2.098105464130640474e+00 9.464289806783200698e-02 3.400074450206011534e+01 8.145059105008840561e-01 2.315877228975296021e-01 1.187946908175945004e-01 3.200034052133560181e-02 3.048530111275613663e+01 5.391772752627730370e+00 3.740054493211209774e+01 7.534363988786937583e+00 0.000000000000000000e+00 1.576836792752146277e+00 2.523724738508462906e+01 1.619012027047574520e+01 7.609776379540563740e-01 1.113071868568658829e+01 3.285825997591018677e-02 0.000000000000000000e+00 8.017355948686599731e-02 3.981796028092503548e-01
