0.000000000000000000e+00 1.002418957650661746e-01 6.945778150111436844e-01 4.929833859205245972e-02 2.017146322876214981e+00 6.461034808307886124e-02 3.896054914221167564e+00 8.992768526077271618e-01 7.428890446200965059e+00 1.444930284284055011e+00 2.867119298316538334e+00 2.031945250928401947e-01 2.575906165875494036e+00 7.945810444653034210e-02 3.219970948994159698e-01 3.279345100745558739e-01 7.986503653228284316e-02 8.264434337615966797e-02 7.615730352699756622e-02 2.675010813400149345e-01 6.663002725690603256e-01 1.874955203384160995e+00 4.697511158883571625e-02 1.281744260340929031e-01 1.847351014614105669e+00 0.000000000000000000e+00 6.024833004921675839e-01 2.452325306832790375e+00 1.947756159119307995e+00 2.748877862468361855e-01 2.002081554383039474e-01 0.000000000000000000e+00 3.236383690498769283e+00 0.000000000000000000e+00 0.000000000000000000e+00 0.000000000000000000e+00 0.000000000000000000e+00 0.000000000000000000e+00 3.259947150945663452e-02 1.641193218529224396e-02 0.000000000000000000e+00 0.000000000000000000e+00 4.428914561867713928e-02 0.000000000000000000e+00 1.215978227555751939e-01 2.082190290093421936e-02 1.560105513781309128e-01 0.000000000000000000e+00 9.300841633230448879e-01 0.000000000000000000e+00 4.777643233537673950e-01 2.432111352682114203e-01 2.204709444195032675e-01 8.181285299360749885e-01 6.337176412343978882e-01 0.000000000000000000e+00 5.959974378347396851e-01 6.326081603765490446e-02 1.679939944297074994e-01 3.531943466514348984e-01 0.000000000000000000e+00 1.702055202797055689e+00 9.325705574825406075e+00 1.122457813471555432e-01 0.000000000000000000e+00 8.381635323166844453e-02 3.009970169514417648e-01 0.000000000000000000e+00 0.000000000000000000e+00 0.000000000000000000e+00
1.002418957650661746e-01 1.424480542540550232e+00 3.506350778043270111e-01 0.000000000000000000e+00 0.000000000000000000e+00 1.659321784973144531e-01 3.268439766950905323e+00 1.216537237633020041e+01 1.588716239668428543e+01 2.290750816464424133e-01 3.915428008884191513e+00 1.585389103740453720e+00 4.645131155848503113e-02 9.712169412523505296e-02 2.605990470945835114e+01 2.516924776136875153e-02 6.361089628189802170e-01 7.432168116793036461e-01 5.364593565464019775e-01 6.675967788323760033e-01 5.506441369652750190e-02 1.774217104539275169e+00 1.223159823566675325e-01 1.907287360168993473e+00 3.412871602922677994e+00 0.000000000000000000e+00 1.628250870853662491e-01 9.684520028531553582e-01 4.560311572626233101e+00 1.792150134686380625e+01 3.875769095774739981e+01 0.000000000000000000e+00 1.849413792602717432e+00 3.414780665189027786e-01 5.795424765907227993e+00 0.000000000000000000e+00 3.143188357353210449e-02 0.000000000000000000e+00 4.901165142655372620e-02 0.000000000000000000e+00 0.000000000000000000e+00 3.091222979128360401e-02 3.879591822624206543e-02 2.466232888400554379e-01 1.880971845239400864e-01 1.216025101020932198e-01 0.000000000000000000e+00 0.000000000000000000e+00 0.000000000000000000e+00 1.914797909557819366e-02 0.000000000000000000e+00 5.621367692947387695e-02 0.000000000000000000e+00 0.000000000000000000e+00 0.000000000000000000e+00 0.000000000000000000e+00 2.362192720174789429e-01 0.000000000000000000e+00 1.083213239908218245e-01 3.952411785721778870e-01 0.000000000000000000e+00 0.000000000000000000e+00 6.192478351294995048e-02 3.924311613664031029e-01 1.878946833312511444e-02 1.130993179976940016e-01 0.000000000000000000e+00 0.000000000000000000e+00 0.000000000000000000e+00 0.000000000000000000e+00
6.945778150111436844e-01 3.506350778043270111e-01 0.000000000000000000e+00 1.661829123273491637e+00 0.000000000000000000e+00 2.144233882427215576e-02 4.259559884667396545e-02 6.694613024592399597e-02 0.000000000000000000e+00 7.264818329364061356e+00 7.312009492889046669e-01 1.908521125093102455e+00 8.198546990752217378e-02 2.337623455561697483e+00 1.136652082204818587e-01 5.012936685234308243e-01 1.318764271214604378e+00 6.163396547548472881e+00 6.222434174269437790e-01 5.951314673759043217e+00 0.000000000000000000e+00 4.393942607566714287e-01 5.502824110910296440e+00 1.064981063827872276e+00 5.490263941697776318e+00 2.067240402102470398e-01 1.124832089897245169e+01 6.723481896333396435e+01 3.191314293071627617e-01 3.239911738783121109e-01 3.311803936958312988e-02 2.971765071153641191e+00 0.000000000000000000e+00 0.000000000000000000e+00 3.292218782007694244e-01 0.000000000000000000e+00 0.000000000000000000e+00 1.308270525187253952e-01 1.137995980679989139e-01 0.000000000000000000e+00 0.000000000000000000e+00 0.000000000000000000e+00 0.000000000000000000e+00 0.000000000000000000e+00 1.546905376017093485e-02 0.000000000000000000e+00 8.943813852965830369e-02 0.000000000000000000e+00 1.200504358857869963e-01 0.000000000000000000e+00 0.000000000000000000e+00 0.000000000000000000e+00 4.499598285183310509e-01 0.000000000000000000e+00 4.055426008999347687e-01 0.000000000000000000e+00 2.280039340257644653e-02 3.027875535190105438e-02 8.273610658943650331e-02 0.000000000000000000e+00 0.000000000000000000e+00 2.169892583973705769e+00 8.323764723725616932e+00 1.295085251331329623e-01 0.000000000000000000e+00 3.176368772983551025e-02 2.353230975568294525e-01 0.000000000000000000e+00 0.000000000000000000e+00 0.000000000000000000e+00
4.929833859205245972e-02 0.000000000000000000e+00 1.661829123273491637e+00 8.198301637545228004e+00 0.000000000000000000e+00 0.000000000000000000e+00 2.277248725295066833e-02 4.119445133954286575e+00 4.822938516736030579e-02 1.189615204930305481e-01 5.848468951880931854e-01 2.596566768363118616e+00 6.690962053835391998e-02 3.448102669790387154e-01 6.583203934133055601e-02 0.000000000000000000e+00 1.493568327277898511e-01 4.860409463383257389e+01 1.074363550171256065e+00 1.929527325276285410e+01 0.000000000000000000e+00 1.582049849443137646e+01 1.410018356516957505e+00 3.307184237521141768e+01 9.822849677875639118e-01 8.112863823771476746e-02 2.977933496795595403e+01 4.820017453748732805e+01 1.299594797194004059e+00 7.897066818550230183e-01 1.238635526970028877e+00 5.061630103737115860e-01 0.000000000000000000e+00 1.738054119050503124e-02 2.958940155804157257e-01 0.000000000000000000e+00 0.000000000000000000e+00 1.814360413700341901e-01 2.490303520113229752e+00 0.000000000000000000e+00 0.000000000000000000e+00 0.000000000000000000e+00 3.224931657314300537e-01 0.000000000000000000e+00 3.329286575317382812e-01 0.000000000000000000e+00 1.493793167173862457e-02 0.000000000000000000e+00 2.088634818792342862e-01 7.466050982475279374e-02 0.000000000000000000e+00 1.330816155299544334e+00 2.459877277724444866e+00 6.860171072185039520e-02 3.855663491412997246e-01 0.000000000000000000e+00 9.983666008338333286e-01 9.362771268934012570e-01 5.303033462725579739e+00 1.120584430173039436e-01 0.000000000000000000e+00 2.718733713962137699e+00 1.821564083080738428e+01 6.090206652879714966e-02 0.000000000000000000e+00 7.817164044827225045e-01 4.551465809345245361e-02 0.000000000000000000e+00 0.000000000000000000e+00 4.899825528264045715e-02
2.017146322876214981e+00 0.000000000000000000e+00 0.000000000000000000e+00 0.000000000000000000e+00 5.310370048694312572e+01 5.794254038482904434e-02 2.676420025154948235e+01 5.592541645281016827e+00 1.345616925321519552e+01 3.266998051851987839e+01 1.511144743124023080e+02 5.284147523343565162e-02 1.144429482147097588e+02 7.302367314696311951e-02 3.509801276959478411e+00 4.975127402693033218e+00 7.601922005414965544e-02 2.307244017720222473e-02 0.000000000000000000e+00 0.000000000000000000e+00 2.903938298020512221e+01 7.958901487290860610e-02 3.179678320884704590e-02 1.971904933452605854e-02 2.422183317597955465e+01 2.683987282216548920e-02 2.830309048295021057e-02 0.000000000000000000e+00 9.193139626178890467e+01 3.386320294812321663e-01 0.000000000000000000e+00 0.000000000000000000e+00 2.379164136946201602e-01 0.000000000000000000e+00 3.071494633331894875e-01 2.735254526138305664e+00 2.101205289363861084e-02 0.000000000000000000e+00 0.000000000000000000e+00 5.139895300380885601e+00 1.462871767580509012e-02 1.037388085387647152e+00 4.714002376422286034e-01 1.620340223424136639e+00 2.268251990899443626e+00 6.667965968139469624e+00 0.000000000000000000e+00 8.269529370591044426e-01 0.000000000000000000e+00 2.251640427857637128e-01 5.604635169729590416e-01 0.000000000000000000e+00 0.000000000000000000e+00 0.000000000000000000e+00 0.000000000000000000e+00 5.912616960704326630e-01 4.590629227459430695e-02 4.556259512901306152e-01 7.197185605764390426e-02 2.837904627434909344e+00 0.000000000000000000e+00 0.000000000000000000e+00 0.000000000000000000e+00 6.999703125096857548e+00 5.731031484901905060e-02 1.032326119020581245e-01 0.000000000000000000e+00 5.395570583641529083e-02 0.000000000000000000e+00 0.000000000000000000e+00
6.461034808307886124e-02 1.659321784973144531e-01 2.144233882427215576e-02 0.000000000000000000e+00 5.794254038482904434e-02 3.020069003105163921e-02 8.379305099137127399e+00 1.168439601548016071e+00 5.263630332425236702e+00 0.000000000000000000e+00 2.943352172151207924e+00 9.297979986295101806e-01 1.261982738971710205e+00 3.337201848626136780e-02 9.239929839968679115e-01 6.436782861128449440e-01 0.000000000000000000e+00 1.027718475088476857e-01 0.000000000000000000e+00 2.493022028356790543e-01 9.900780357420445599e-01 8.499176222831013039e-01 0.000000000000000000e+00 2.124789804220199585e-01 9.888744764029979706e-01 0.000000000000000000e+00 2.337647043168545116e-02 2.303246781229972839e-02 8.942364584654568516e-01 1.840980388224124908e-01 3.538585184141993523e-01 0.000000000000000000e+00 1.214282548055052535e+00 0.000000000000000000e+00 6.618254706263541065e-01 0.000000000000000000e+00 0.000000000000000000e+00 0.000000000000000000e+00 0.000000000000000000e+00 0.000000000000000000e+00 1.189948618412017996e-02 0.000000000000000000e+00 0.000000000000000000e+00 4.383372515439987183e-02 1.465011667460202997e-02 0.000000000000000000e+00 0.000000000000000000e+00 0.000000000000000000e+00 2.347824349999428142e-02 0.000000000000000000e+00 0.000000000000000000e+00 2.870685048401355396e-02 0.000000000000000000e+00 0.000000000000000000e+00 0.000000000000000000e+00 0.000000000000000000e+00 0.000000000000000000e+00 0.000000000000000000e+00 0.000000000000000000e+00 3.824065625667572021e-02 0.000000000000000000e+00 0.000000000000000000e+00 0.000000000000000000e+00 3.045990131795406342e-02 0.000000000000000000e+00 0.000000000000000000e+00 0.000000000000000000e+00 0.000000000000000000e+00 0.000000000000000000e+00 0.000000000000000000e+00
3.896054914221167564e+00 3.268439766950905323e+00 4.259559884667396545e-02 2.277248725295066833e-02 2.676420025154948235e+01 8.379305099137127399e+00 1.681597472820430994e+02 5.623659127205610275e+01 6.572337408922612667e+01 6.379619111306965351e+00 4.467435396108776331e+02 6.565465082414447373e+00 1.551274975659326003e+02 2.327104308642446995e+00 2.205180721636861563e+01 4.706477079819887877e+01 4.551025815308094025e-01 3.366218851879239082e-01 3.092308510094881613e-01 2.744654724374413490e-01 2.940890099387615919e+01 3.172291949391365939e+00 3.463842142373323441e-01 1.521082920022308826e+00 1.601568642631173489e+01 0.000000000000000000e+00 8.300431296229364708e-01 4.917668122798204422e-01 5.262619999144226313e+01 5.421480121091008186e+00 5.267415590584278107e+00 5.980172753334045410e-01 7.751344016753138888e+00 1.865187063813209534e-01 2.922271643765270710e+01 0.000000000000000000e+00 5.633845180273055336e-02 0.000000000000000000e+00 5.491104125976560280e-01 1.256463157013058884e+00 0.000000000000000000e+00 2.089529652148485184e-01 4.083195179700851440e-01 4.995508939027786255e-01 9.692538622766733170e-01 3.041333110071718693e+00 0.000000000000000000e+00 2.682442134246230681e-01 1.660014875233173370e-02 2.467507794499397278e-01 1.043901406228542467e-01 6.708035916090010486e-01 0.000000000000000000e+00 0.000000000000000000e+00 0.000000000000000000e+00 2.422536276280879974e-01 7.569207008928060532e-01 9.882435388863089476e-02 7.210247516632082299e-01 5.860837397165596485e+00 0.000000000000000000e+00 7.412786036729815398e-02 4.498145058751106262e-01 8.136593562550842762e+00 8.135121576488016926e-01 4.804246723651885986e-01 0.000000000000000000e+00 0.000000000000000000e+00 2.183821611106395374e-02 0.000000000000000000e+00
8.992768526077271618e-01 1.216537237633020041e+01 6.694613024592399597e-02 4.119445133954286575e+00 5.592541645281016827e+00 1.168439601548016071e+00 5.623659127205610275e+01 8.103381361439825525e+01 1.307843844210729003e+02 2.106484452169388533e+01 1.354695310052484558e+02 5.673180523328483105e+00 3.893878730013966560e+00 5.921161146834492683e-01 1.071606270009651496e+02 2.410786745138466358e+00 2.975977846421301365e+00 1.038750199321657597e+01 1.460136249661445895e-01 4.095088642090559006e+00 1.301326720044017060e+00 4.955724704638123512e+01 2.081448590382933617e+00 1.967638210672885180e+01 8.982651442289352417e+01 0.000000000000000000e+00 7.758570678532121789e+00 4.816439570859074593e+00 2.270665066773072169e+02 2.981871404964476824e+01 6.542170335538685322e+01 1.709511987864970883e-01 3.667755881324410439e+00 2.009908061474561691e+00 8.177041023969650269e+00 3.338793665170669556e-02 2.096234615892172137e-01 4.001161083579063416e-02 3.456325484439730644e-01 3.233476634137332439e+00 0.000000000000000000e+00 2.960418226197361946e+00 5.617281823419034481e+00 5.803259786218404770e+00 2.338573001325130463e+00 8.922186933457853186e+00 1.482252180576324463e-01 1.248365303501486778e+00 0.000000000000000000e+00 3.438526707701385021e+00 1.146127380430698395e+00 2.813501248136162758e+00 7.217703014612197876e-02 0.000000000000000000e+00 1.871026307344436646e-02 1.003825264051556365e+00 3.958231631666421890e+00 6.695641027763483688e-01 3.998033253476023674e+00 2.099242353532463312e+01 0.000000000000000000e+00 6.574608758091926575e-02 1.901105533353984578e+00 2.840754751861095428e+01 7.976139737293123089e-01 1.921410507522523403e+00 0.000000000000000000e+00 0.000000000000000000e+00 0.000000000000000000e+00 8.576275035738945007e-02
7.428890446200965059e+00 1.588716239668428543e+01 0.000000000000000000e+00 4.822938516736030579e-02 1.345616925321519552e+01 5.263630332425236702e+00 6.572337408922612667e+01 1.307843844210729003e+02 1.451625029016286135e+02 1.245856058225035667e+01 2.074768516886978773e+02 1.412374102510511875e+01 4.565392461419105530e+01 1.387488425709306972e+00 8.961362963821737537e+01 1.425213353522122084e+01 2.967170326970518079e+00 3.690927057527005672e+00 6.302533801645040512e-01 2.292895816266536713e+00 1.680777020566165447e+01 1.022327186260372578e+01 1.227434251457452774e+00 3.492079088464379311e+00 4.061740271933376789e+01 3.825796488672494888e-02 1.106086601503192934e+00 8.295269142836330101e-01 5.331537979003041983e+01 3.826261002756655216e+01 4.959610219020395760e+01 1.815306395292282104e-02 7.478699474595487118e+00 8.482084646821024254e-01 3.060888079460710642e+01 5.562653392553330162e-02 1.841333517804742137e-01 2.657749131321907043e-02 0.000000000000000000e+00 1.556177963502705097e+00 0.000000000000000000e+00 1.461131280288100021e+00 1.895503929816186428e+00 4.208128856495022774e+00 1.564944713376462682e+00 3.077686277218163013e+00 0.000000000000000000e+00 3.058374105021357536e-01 0.000000000000000000e+00 1.545736605301499367e+00 1.312349066138267517e-01 6.718811579048633575e-01 0.000000000000000000e+00 0.000000000000000000e+00 2.389055863022804607e-02 6.573308072984219985e-02 3.460459326393902302e+00 1.345492843538522998e-01 8.609830960631370544e-01 9.182120352052150380e+00 0.000000000000000000e+00 3.025385923683643341e-02 5.346943931654095650e-01 1.733155338373035192e+01 3.780372776091098785e-01 3.067134597338736945e+00 2.632398717105388641e-02 3.400377659127116203e-01 0.000000000000000000e+00 2.358320727944374084e-02
1.444930284284055011e+00 2.290750816464424133e-01 7.264818329364061356e+00 1.189615204930305481e-01 3.266998051851987839e+01 0.000000000000000000e+00 6.379619111306965351e+00 2.106484452169388533e+01 1.245856058225035667e+01 4.947693146765232086e+00 3.094595009554177523e+01 2.572189004160463810e+00 1.981620186939835548e+00 1.705292107537388357e+00 1.494411817286163568e+01 3.470652619376778603e+00 2.494560246355831623e+00 1.940779626369476318e+00 2.477903161197900772e+00 4.880011173896491528e+00 8.096579662524163723e+00 6.150361785665154457e+00 1.076085618231445551e+01 1.060183645226061566e+00 1.390671736579388096e+02 2.235883912071586210e-01 9.011247902177276003e+00 2.635488465428352001e+01 8.932358774077147245e+01 8.874450287781655788e+00 1.934999992791563628e+01 1.292588079348206520e+00 1.516921278089284897e-01 1.003001891076564789e-01 1.045631203800439835e+00 5.725201070308685303e-01 2.841141633689403534e-02 0.000000000000000000e+00 0.000000000000000000e+00 2.492718516848981380e+00 0.000000000000000000e+00 7.310190610587599114e-01 2.943880900740623030e+00 2.129186209291219711e+00 2.080131049267947674e+00 5.113683766685426235e+00 1.732008947990834935e+00 5.822937684133648872e-01 2.106184056028723717e-01 1.192769948393106461e+00 5.330058017745614940e+00 1.560731349512935129e+00 1.956783048808574330e-02 0.000000000000000000e+00 0.000000000000000000e+00 1.818178512156009674e+00 3.254949458874762058e+00 1.321236656047404034e+00 1.100911287590861320e+00 1.123567911516875206e+01 0.000000000000000000e+00 5.925067700445649926e-02 6.443123742938041687e+00 1.188251089397817495e+01 4.270007442682981491e-01 1.192144721746444702e+00 0.000000000000000000e+00 0.000000000000000000e+00 0.000000000000000000e+00 0.000000000000000000e+00
2.867119298316538334e+00 3.915428008884191513e+00 7.312009492889046669e-01 5.848468951880931854e-01 1.511144743124023080e+02 2.943352172151207924e+00 4.467435396108776331e+02 1.354695310052484558e+02 2.074768516886978773e+02 3.094595009554177523e+01 1.225454794084653258e+03 3.559366588480770588e+00 3.207584720114246011e+02 1.465994613245129585e+00 5.876301399059593678e+01 1.764433787949383259e+01 3.227869402617216110e-01 8.518242221325635910e-01 1.200864464044570784e-01 3.374869935214519501e-01 8.981282836198806763e+01 2.599441456608474255e+00 1.018997209146618843e+00 2.724478665739297867e+00 4.285433657560497522e+01 0.000000000000000000e+00 1.051180560141801834e+00 6.012045368552207947e-01 2.707326658209785819e+02 7.009090476669369352e+00 3.381857416592538357e+00 6.853492707014084973e-01 1.098514209687709808e+01 2.168249897658824921e-02 1.143763725552707911e+01 0.000000000000000000e+00 1.648892275989055634e-01 0.000000000000000000e+00 0.000000000000000000e+00 4.493820731528103352e+00 0.000000000000000000e+00 1.895205069333314896e+00 1.280534392222762108e+00 1.489118786528706551e+00 1.905776105821132438e+00 9.179835082031786442e+00 2.574227564036846161e-02 6.099447635933756828e-01 2.504013292491436005e-02 1.513831741176546064e+00 4.255308294668794233e-01 3.338629938662052155e-01 0.000000000000000000e+00 0.000000000000000000e+00 0.000000000000000000e+00 1.334185135550796986e+00 2.215878665447235107e-02 0.000000000000000000e+00 2.250393889844417572e-01 1.310865605808794498e+01 0.000000000000000000e+00 2.028192393481731415e-02 3.082048613578081131e-02 1.759419960528612137e+01 4.668507669121026993e-01 1.653330782428383272e-01 0.000000000000000000e+00 3.167971223592758179e-02 0.000000000000000000e+00 2.038896828889847149e-02
2.031945250928401947e-01 1.585389103740453720e+00 1.908521125093102455e+00 2.596566768363118616e+00 5.284147523343565162e-02 9.297979986295101806e-01 6.565465082414447373e+00 5.673180523328483105e+00 1.412374102510511875e+01 2.572189004160463810e+00 3.559366588480770588e+00 3.965108430888502653e+02 3.295132713392376345e-01 6.215034438669681549e+01 1.480462846998125670e+01 1.694891415536403656e-02 4.059626460075378418e-01 1.093972214963287293e+01 4.634968728572130203e+01 4.631137434113770723e+01 1.311582326889038086e-01 2.127060089260340181e+00 3.848047573119401932e-01 1.160658966749906540e+00 1.125192812643944995e+00 7.249134811572728765e+00 6.612592582870274782e+01 3.921242207754403353e+01 6.310549189336597919e+00 1.143475381471216323e+01 2.105421052314341068e+00 1.463381895422935486e+01 7.618939434178174430e+00 3.077575070783495903e-01 1.420551314949989496e+01 0.000000000000000000e+00 0.000000000000000000e+00 4.991639368236064911e-01 0.000000000000000000e+00 3.115672618150711060e-02 0.000000000000000000e+00 0.000000000000000000e+00 2.161449566483497620e-02 1.343040987849235535e-01 1.191872321069240431e-01 1.669486984610557556e-02 2.402411835268139839e+01 0.000000000000000000e+00 3.248016191832721233e+01 2.888006903231143951e-02 3.113717138767242432e-01 1.386052425950765610e-01 2.671887472271919695e+00 1.057679828815162182e+01 1.578219103626906872e+00 0.000000000000000000e+00 6.348858028650285201e-02 1.585706509649753571e-02 5.270083621144294739e-02 1.880921246483922005e-01 9.608399663120510414e-01 1.254749892558902502e+01 2.077104001678526402e+01 1.454974263906478882e-01 0.000000000000000000e+00 3.226308897137641907e-02 1.067413614876567962e+01 3.595814481377601624e-02 0.000000000000000000e+00 3.909542784094810486e-02
2.575906165875494036e+00 4.645131155848503113e-02 8.198546990752217378e-02 6.690962053835391998e-02 1.144429482147097588e+02 1.261982738971710205e+00 1.551274975659326003e+02 3.893878730013966560e+00 4.565392461419105530e+01 1.981620186939835548e+00 3.207584720114246011e+02 3.295132713392376345e-01 2.883125540614128113e+02 1.875291913747787476e-01 5.045314761810004711e+00 1.412643101997673689e+01 0.000000000000000000e+00 0.000000000000000000e+00 4.181015491485595703e-02 7.838576175272464752e-01 4.580662337690591812e+01 1.472078710794448853e-01 0.000000000000000000e+00 3.379995003342628479e-02 7.372917771339415616e+00 0.000000000000000000e+00 4.015760868787765503e-02 4.061036892235279083e-01 2.459764635283499956e+01 3.360232394188642502e-01 1.727763228118419647e-01 2.267664857208729137e-02 2.535183879546821117e+00 0.000000000000000000e+00 7.461967542767525829e-01 0.000000000000000000e+00 0.000000000000000000e+00 0.000000000000000000e+00 0.000000000000000000e+00 1.272538024932146072e-01 0.000000000000000000e+00 1.432417817413807193e-01 0.000000000000000000e+00 3.147618472576141357e-02 1.664035953581333160e-01 2.674163179472088814e-01 0.000000000000000000e+00 5.933861248195169968e-02 0.000000000000000000e+00 3.836575523018836975e-02 2.168096229434013367e-02 2.109454814344644547e-01 0.000000000000000000e+00 0.000000000000000000e+00 0.000000000000000000e+00 1.516312062740325928e-01 2.926908433437347412e-02 0.000000000000000000e+00 8.647063374519349532e-02 5.607085796073079109e-01 0.000000000000000000e+00 0.000000000000000000e+00 0.000000000000000000e+00 9.639590028673409305e-01 8.466852903366089977e-01 3.278082609176635742e-02 0.000000000000000000e+00 0.000000000000000000e+00 0.000000000000000000e+00 0.000000000000000000e+00
7.945810444653034210e-02 9.712169412523505296e-02 2.337623455561697483e+00 3.448102669790387154e-01 7.302367314696311951e-02 3.337201848626136780e-02 2.327104308642446995e+00 5.921161146834492683e-01 1.387488425709306972e+00 1.705292107537388357e+00 1.465994613245129585e+00 6.215034438669681549e+01 1.875291913747787476e-01 3.334147801622747664e+01 2.928367847576737404e+00 3.739020433276891708e-01 1.142495311796665053e-01 3.536959225311875343e-01 1.927710794564336538e+01 8.242647787556052208e+00 7.154230773448944092e-02 2.020282316952944079e-01 7.289749598130581543e-01 1.308358591049909592e-01 7.196479514241216346e-01 1.002627463545650244e+01 3.156312477216124535e+01 3.347745865117758512e+01 8.549772761762141071e-01 1.497684637084603310e+00 2.103673564270139018e-01 1.129000303987413822e+01 8.824720038101078190e-01 1.601426489651203156e-02 3.411587471142411232e+00 3.783620148897171021e-02 0.000000000000000000e+00 7.889988627284765244e-01 0.000000000000000000e+00 0.000000000000000000e+00 0.000000000000000000e+00 0.000000000000000000e+00 0.000000000000000000e+00 2.046390622854233135e-02 1.216770969331264357e-01 4.027310013771057129e-02 2.469570920150727034e+01 0.000000000000000000e+00 2.074219822604209185e+01 0.000000000000000000e+00 0.000000000000000000e+00 0.000000000000000000e+00 4.408399201929569244e-02 9.036986387334764004e+00 2.269305258058011532e+00 0.000000000000000000e+00 9.811253845691679520e-02 3.014094568789005626e-02 6.395605206489562988e-02 1.408536396920681000e-01 9.701626216992736973e-01 2.228315425943583250e+01 1.566732786409557043e+01 1.833853125572204590e-02 2.607038430869579662e-02 3.813327848911285400e-02 1.300335852801799597e+01 0.000000000000000000e+00 0.000000000000000000e+00 0.000000000000000000e+00
3.219970948994159698e-01 2.605990470945835114e+01 1.136652082204818587e-01 6.583203934133055601e-02 3.509801276959478411e+00 9.239929839968679115e-01 2.205180721636861563e+01 1.071606270009651496e+02 8.961362963821737537e+01 1.494411817286163568e+01 5.876301399059593678e+01 1.480462846998125670e+01 5.045314761810004711e+00 2.928367847576737404e+00 1.207771090380847454e+02 1.319063203409313934e+00 2.134357064962387529e+00 5.684341777116060257e+00 1.480778024531900883e+00 3.622746177017688751e+00 2.619469251483678818e+00 1.589008423965424477e+01 2.584864386357367039e+00 7.001736111007630825e+00 3.427664348855614662e+01 1.041111014783382555e-01 1.408999681472778320e+00 1.597934068180621114e+00 5.587681967113167758e+01 1.772450996963307546e+02 6.727258444577455521e+01 1.171554327011108398e-01 9.746702411212027073e+00 6.128389381803572178e+00 4.821682976838201284e+01 1.527673378586769104e-01 1.616725549101829529e-01 0.000000000000000000e+00 0.000000000000000000e+00 3.858110755681991577e-01 2.659817226231097828e-02 1.442512456327676551e+00 9.901974219828846291e-01 2.135243153199553490e+00 6.559076914563775063e-01 1.532219579443335977e+00 0.000000000000000000e+00 4.438836881890892982e-01 0.000000000000000000e+00 7.721952153369784355e-01 1.596422679722309113e-02 1.060347723774612172e+00 2.643099240958690643e-02 0.000000000000000000e+00 0.000000000000000000e+00 4.463844373822212219e-02 1.593269793316721916e+00 8.075384199619290992e-01 4.967443589121103287e-01 5.052766825072467327e+00 0.000000000000000000e+00 6.372119858860969543e-02 1.487237205728888512e-01 7.242120859213173389e+00 6.215344201773405075e-01 2.414800134487450123e+00 0.000000000000000000e+00 4.246709123253822327e-02 0.000000000000000000e+00 1.320249680429697037e-02
3.279345100745558739e-01 2.516924776136875153e-02 5.012936685234308243e-01 0.000000000000000000e+00 4.975127402693033218e+00 6.436782861128449440e-01 4.706477079819887877e+01 2.410786745138466358e+00 1.425213353522122084e+01 3.470652619376778603e+00 1.764433787949383259e+01 1.694891415536403656e-02 1.412643101997673689e+01 3.739020433276891708e-01 1.319063203409313934e+00 1.167993322014808655e+00 0.000000000000000000e+00 2.011512778699398041e-02 3.218649737536907196e-01 2.886448465287685394e-01 5.335398454219102859e+00 4.834128729999065399e-02 4.107322972267866135e-01 0.000000000000000000e+00 4.817007149569690228e+00 1.024056626483798249e+00 1.563281287439167722e+00 3.028570503927767277e+00 6.329310763627290726e+00 1.867789775133132935e-02 9.631288796663285690e-02 3.445457136258482933e-01 3.966879155486822128e-01 0.000000000000000000e+00 9.285377804189920425e-02 0.000000000000000000e+00 0.000000000000000000e+00 0.000000000000000000e+00 0.000000000000000000e+00 7.116679474711418152e-02 0.000000000000000000e+00 1.892733946442604065e-02 2.132140602916479111e-01 2.784163691103458405e-01 8.577743545174598694e-02 1.060279490426182525e+00 3.236990794539451599e-02 2.335161129012703896e-01 1.934484764933586121e-02 8.341002464294432206e-02 2.344190329313277851e-02 1.514733601361513138e-01 0.000000000000000000e+00 0.000000000000000000e+00 0.000000000000000000e+00 3.832529485225677490e-02 2.110385149717330933e-01 0.000000000000000000e+00 2.982679940760135651e-02 5.900060161948204041e-01 0.000000000000000000e+00 0.000000000000000000e+00 4.981331527233123779e-02 3.558188229799270630e-01 4.191223978996276855e-01 2.933147177100181580e-02 0.000000000000000000e+00 0.000000000000000000e+00 0.000000000000000000e+00 0.000000000000000000e+00
7.986503653228284316e-02 6.361089628189802170e-01 1.318764271214604378e+00 1.493568327277898511e-01 7.601922005414965544e-02 0.000000000000000000e+00 4.551025815308094025e-01 2.975977846421301365e+00 2.967170326970518079e+00 2.494560246355831623e+00 3.227869402617216110e-01 4.059626460075378418e-01 0.000000000000000000e+00 1.142495311796665053e-01 2.134357064962387529e+00 0.000000000000000000e+00 5.009034207649528980e+01 7.108124601654710162e+00 5.082047358155250549e-02 1.252185309305787086e+00 0.000000000000000000e+00 8.572031887806949157e+01 4.608149723708629608e+01 1.962524956278502941e+01 1.647356973495334387e+01 2.631505206227302551e-02 3.014166016131638592e+00 1.931467575952411053e+01 5.054626589361578226e+01 4.293521661311388016e+00 7.671729865483939648e+00 4.198086261749267578e-02 1.049916595220565935e-01 1.583860907703638077e-01 9.948693998157975837e-01 1.996468007564544331e-02 2.402092879638076106e-01 0.000000000000000000e+00 2.816137522459030706e-01 0.000000000000000000e+00 2.080265432596206665e-02 5.410179821774363518e-01 2.119007788598537445e+00 3.775764695368707180e+00 7.460517778992652893e+00 6.846511503681540489e-01 1.257360465824604034e-01 1.071677953004836897e-01 0.000000000000000000e+00 1.100826561450958030e+00 4.044465720653533936e-01 4.884568685665726662e+01 2.682663677260279655e-01 5.319163799285889782e-01 7.267281785607339339e-02 5.087942630052565141e-02 2.791463112086057663e+01 8.777669935487210751e+00 5.166625814419239759e+01 9.253373437561096537e+00 0.000000000000000000e+00 7.963556516915562544e-02 5.711365396156907082e+00 5.479060749523341656e+00 2.012127282097935677e+00 1.110531529132277129e+01 0.000000000000000000e+00 0.000000000000000000e+00 5.648590065538883209e-02 3.669316079467535019e-01
8.264434337615966797e-02 7.432168116793036461e-01 6.163396547548472881e+00 4.860409463383257389e+01 2.307244017720222473e-02 1.027718475088476857e-01 3.366218851879239082e-01 1.038750199321657597e+01 3.690927057527005672e+00 1.940779626369476318e+00 8.518242221325635910e-01 1.093972214963287293e+01 0.000000000000000000e+00 3.536959225311875343e-01 5.684341777116060257e+00 2.011512778699398041e-02 7.108124601654710162e+00 1.413747847639024258e+01 7.054410828277468681e+00 4.469782848004251719e+01 0.000000000000000000e+00 4.483444793522357230e+01 4.378484999760985374e+00 8.072082394454628229e+01 4.332065589725971222e+00 5.621566250920295021e-02 3.509753161761909723e+01 1.493534002788364887e+02 3.341815117746591568e+00 3.887878844514489174e+00 1.790900318231433630e+01 3.106623981148005087e-01 3.266268745064735413e-01 6.564809568226338543e-01 1.750498397275805473e+00 7.527469471096992493e-02 0.000000000000000000e+00 2.672709655016661245e-01 1.852502203546464221e+00 0.000000000000000000e+00 0.000000000000000000e+00 2.330253645777702332e-02 6.653317250311374664e-01 6.000051833689212799e-02 1.290491539984941760e-01 0.000000000000000000e+00 1.487703192979097366e-01 0.000000000000000000e+00 1.571527253836393634e-01 3.869275320321321487e-01 0.000000000000000000e+00 8.130337866023182869e-01 5.813534919172525406e+00 6.825548009946942329e-01 6.376342205330729485e+00 0.000000000000000000e+00 1.351569268852472305e+00 1.652809074148535451e-01 3.912946279160678387e+00 2.219410654157400131e+00 2.064699482172727585e+00 1.844568933825939894e+01 3.299320087023079395e+01 4.406613986939191818e-01 1.290938891470432004e-01 2.565910341218113899e-01 1.392929079011082649e-01 0.000000000000000000e+00 0.000000000000000000e+00 1.642798222601413449e-01
7.615730352699756622e-02 5.364593565464019775e-01 6.222434174269437790e-01 1.074363550171256065e+00 0.000000000000000000e+00 0.000000000000000000e+00 3.092308510094881613e-01 1.460136249661445895e-01 6.302533801645040512e-01 2.477903161197900772e+00 1.200864464044570784e-01 4.634968728572130203e+01 4.181015491485595703e-02 1.927710794564336538e+01 1.480778024531900883e+00 3.218649737536907196e-01 5.082047358155250549e-02 7.054410828277468681e+00 3.804541593417524847e+00 1.400615404173731449e+01 0.000000000000000000e+00 9.754133764654399075e-01 6.243933960795402527e-01 5.928987069055439818e+00 2.440386163070798198e-01 1.977055395022035089e+00 7.637052496522665024e+01 6.483260996919125319e+01 3.372542448341846466e-01 1.051378890872001648e+00 2.053616344928741733e-01 1.718738614860922098e+01 1.976449787616729389e-02 0.000000000000000000e+00 4.389239368960261345e+00 2.565138805657625198e-01 0.000000000000000000e+00 1.470365207642316541e-01 0.000000000000000000e+00 0.000000000000000000e+00 0.000000000000000000e+00 0.000000000000000000e+00 0.000000000000000000e+00 0.000000000000000000e+00 0.000000000000000000e+00 0.000000000000000000e+00 3.009973516687750816e+00 0.000000000000000000e+00 9.439354602247474801e+00 0.000000000000000000e+00 0.000000000000000000e+00 4.075809940695762634e-02 1.273709554225206653e-01 4.052783790044486523e+00 1.183804709464311600e+00 0.000000000000000000e+00 3.688480332493782043e-02 0.000000000000000000e+00 9.123280644416810470e-02 0.000000000000000000e+00 9.649804420769213520e-01 1.236198594141751528e+01 1.333025021757930340e+01 0.000000000000000000e+00 0.000000000000000000e+00 7.689021155238152938e-02 4.951255442574620247e+00 0.000000000000000000e+00 0.000000000000000000e+00 0.000000000000000000e+00
2.675010813400149345e-01 6.675967788323760033e-01 5.951314673759043217e+00 1.929527325276285410e+01 0.000000000000000000e+00 2.493022028356790543e-01 2.744654724374413490e-01 4.095088642090559006e+00 2.292895816266536713e+00 4.880011173896491528e+00 3.374869935214519501e-01 4.631137434113770723e+01 7.838576175272464752e-01 8.242647787556052208e+00 3.622746177017688751e+00 2.886448465287685394e-01 1.252185309305787086e+00 4.469782848004251719e+01 1.400615404173731449e+01 2.905966032668948174e+01 0.000000000000000000e+00 1.112171795032918631e+01 3.648771642707288265e+00 2.221047715749591589e+01 1.301408292725682259e+00 4.086018902249634266e+00 1.202010820247232914e+02 1.426135038556531072e+02 8.253594599664211273e-01 1.541556855663656966e+00 6.756093474105000496e+00 5.222009089775383472e+00 7.041878579184410736e-01 1.015472672879696031e-01 3.949463678523899013e+00 2.782721016556024551e-01 0.000000000000000000e+00 2.985587373375892639e+00 8.445400092750788845e-01 4.582171142101287842e-02 0.000000000000000000e+00 0.000000000000000000e+00 0.000000000000000000e+00 0.000000000000000000e+00 0.000000000000000000e+00 0.000000000000000000e+00 4.277332946658134460e+00 0.000000000000000000e+00 3.443432797677814960e+00 0.000000000000000000e+00 0.000000000000000000e+00 2.040722910314798633e-01 2.520502756349742413e+00 8.347889889962971210e+00 1.074297404382377863e+01 0.000000000000000000e+00 1.284399706870317459e+00 3.333738446235656738e-01 5.964069068431854942e-02 2.075785249471664429e-01 3.473699260503054220e-01 4.361586340144276619e+01 6.658208250533789396e+01 2.954020909965038647e-02 4.156598448753356934e-02 0.000000000000000000e+00 4.857307838276028633e+00 0.000000000000000000e+00 0.000000000000000000e+00 0.000000000000000000e+00
6.663002725690603256e-01 5.506441369652750190e-02 0.000000000000000000e+00 0.000000000000000000e+00 2.903938298020512221e+01 9.900780357420445599e-01 2.940890099387615919e+01 1.301326720044017060e+00 1.680777020566165447e+01 8.096579662524163723e+00 8.981282836198806763e+01 1.311582326889038086e-01 4.580662337690591812e+01 7.154230773448944092e-02 2.619469251483678818e+00 5.335398454219102859e+00 0.000000000000000000e+00 0.000000000000000000e+00 0.000000000000000000e+00 0.000000000000000000e+00 2.103829223662614822e+00 1.921777613461017609e-02 0.000000000000000000e+00 0.000000000000000000e+00 2.810200306586921215e+00 0.000000000000000000e+00 2.742150425910949360e-02 2.778634987771511078e-02 7.975732896104454994e+01 9.423536192625759922e-01 2.003390714526176453e-02 0.000000000000000000e+00 5.103424256667494774e-01 0.000000000000000000e+00 9.408161398023368038e-01 1.816052570939064026e-02 2.853734977543354034e-02 0.000000000000000000e+00 0.000000000000000000e+00 3.164301812648773193e-02 0.000000000000000000e+00 5.993083398789167404e-02 2.858723141252994537e-02 4.001130256801843643e-01 8.630810771137475967e-02 8.973006783053278923e-01 0.000000000000000000e+00 3.104115091264247894e-02 0.000000000000000000e+00 4.871865175664424896e-02 3.876765072345733643e-02 2.104539424180984497e-02 0.000000000000000000e+00 0.000000000000000000e+00 0.000000000000000000e+00 5.298491381108760140e-02 0.000000000000000000e+00 0.000000000000000000e+00 0.000000000000000000e+00 5.278234099969267845e-01 0.000000000000000000e+00 0.000000000000000000e+00 0.000000000000000000e+00 2.571840363554656506e+00 8.383627235889434814e-02 7.656744867563250456e-02 0.000000000000000000e+00 0.000000000000000000e+00 0.000000000000000000e+00 0.000000000000000000e+00
1.874955203384160995e+00 1.774217104539275169e+00 4.393942607566714287e-01 1.582049849443137646e+01 7.958901487290860610e-02 8.499176222831013039e-01 3.172291949391365939e+00 4.955724704638123512e+01 1.022327186260372578e+01 6.150361785665154457e+00 2.599441456608474255e+00 2.127060089260340181e+00 1.472078710794448853e-01 2.020282316952944079e-01 1.589008423965424477e+01 4.834128729999065399e-02 8.572031887806949157e+01 4.483444793522357230e+01 9.754133764654399075e-01 1.112171795032918631e+01 1.921777613461017609e-02 4.345473136100918055e+02 2.445859926473349333e+01 3.839710291074588895e+02 1.145465702470391989e+01 1.227201074361801009e-01 1.050925846304744482e+01 6.049902000837028027e+01 5.444273084681481123e+01 4.492397848144173622e+01 1.289601663006469607e+02 1.660170219838618885e-02 8.418239578604700402e-01 3.135401009581983089e+00 9.280738636851310730e+00 2.681257743388414383e-01 2.188030006363987923e-01 0.000000000000000000e+00 1.905482380650937557e+00 8.884594775736330552e-02 6.384096667170524597e-02 1.054794000461697578e+00 3.399963616393506527e+00 4.775286644697189331e+00 1.280729309748857858e+01 3.269754164852201939e+00 3.130732476711273193e-02 8.279342735186218105e-01 1.726455427706241608e-02 3.936247811652719975e+00 1.717739548534154892e+00 5.105313401389867067e+01 4.097559563815593719e-01 0.000000000000000000e+00 5.238110478967428207e-02 3.483824059367179871e-02 3.612169016525149345e+01 6.740712979808449745e+00 3.778324174601584673e+01 2.045060085039585829e+01 0.000000000000000000e+00 8.446553647518157959e-01 1.062460888549685478e+01 1.516931882780045626e+01 7.160030351020396644e+00 1.582924263738096116e+01 0.000000000000000000e+00 9.977765195071695847e-02 2.105441316962242126e-02 3.158111348748207647e-01
