0.000000000000000000e+00 0.000000000000000000e+00 0.000000000000000000e+00 0.000000000000000000e+00 5.089009152725338936e-01 4.235765226185321808e-01 3.307557154446840286e+00 8.316121995449064774e-02 6.929421117529273033e-01 2.009943872690200806e-01 2.096712108701467514e+00 2.603981448337435722e-01 4.261821634136140347e+00 2.559139207005500793e-01 1.694894470274448395e-01 2.176315337419509888e-01 0.000000000000000000e+00 1.143078934401273727e-01 2.373728901147842407e-02 3.827396966516971588e-02 1.619055345654488165e-01 0.000000000000000000e+00 1.977530308067798615e-02 6.852607522159814835e-02 6.006618775427341461e-01 0.000000000000000000e+00 8.635414298623800278e-02 8.750073285773398712e-01 6.419284436851739883e-01 8.706717938184736771e-02 2.103069722652435580e-01 1.748153865337371826e-01 2.048126328736543655e-01 0.000000000000000000e+00 3.363619372248649597e-02 2.885749191045761108e-02 0.000000000000000000e+00 0.000000000000000000e+00 2.666075285524129868e-01 0.000000000000000000e+00 0.000000000000000000e+00 0.000000000000000000e+00 1.896887086331844330e-02 5.560495890676975250e-02 0.000000000000000000e+00 0.000000000000000000e+00 2.487292774021625241e-01 0.000000000000000000e+00 3.322270996868610382e-01 0.000000000000000000e+00 0.000000000000000000e+00 1.224900392815470918e+00 0.000000000000000000e+00 2.176766842603683472e-02 1.966553665697574615e-01 0.000000000000000000e+00 4.498272127471864223e+00 5.174672417342664893e-02 1.808659391477704048e+00 1.072174226865171970e-01 3.303170390427113273e-02 8.359911264851689339e-01 7.643581170588733542e+00 3.168237507343292236e-01 0.000000000000000000e+00 1.921211536973714828e-01 1.015700027346611023e-01 0.000000000000000000e+00 0.000000000000000000e+00 0.000000000000000000e+00
0.000000000000000000e+00 4.972425758838653564e+00 0.000000000000000000e+00 2.221836115233600584e+00 3.368176259100437164e-01 8.512134104967114534e-02 2.367668123915791512e-01 1.505697200726718066e+01 1.024168775323778569e+01 9.430535444989800453e-01 4.350784517824649811e+00 6.460750130936504521e-01 9.804288726300003365e-01 5.284242704510688782e-02 2.984525037277489545e+01 2.786005847156048168e-02 2.236923128366470614e-01 3.584465898573398590e+00 5.622273124754430251e-02 1.004082032479345798e+00 3.030385263264178883e-02 5.314963079988956451e+00 4.416420776396989822e-02 7.961312549188733101e+00 7.863208059221506119e+00 5.477153658866880104e-01 2.213664583861827850e+00 5.443039052188396454e-01 9.327109676785767078e+00 2.458277312107384205e+01 1.461693238187580945e+01 0.000000000000000000e+00 8.257773499935867623e-01 1.068801413290202618e+00 1.768189786933362484e+00 0.000000000000000000e+00 1.137316189706325531e-01 0.000000000000000000e+00 0.000000000000000000e+00 2.539744786918163647e-02 0.000000000000000000e+00 2.351206727325916637e-02 2.171758562326431552e-01 1.369895106181502620e-01 2.225430607795715610e-01 3.624215722084045410e-02 0.000000000000000000e+00 2.050630748271942139e-02 0.000000000000000000e+00 1.117262616753578047e-01 0.000000000000000000e+00 1.456238776445389072e-01 0.000000000000000000e+00 7.880051434040069580e-02 0.000000000000000000e+00 2.091958187520503998e-02 1.734745334833860397e-01 4.472610168159008026e-02 1.515871379524469376e-01 1.647835026495158894e+00 0.000000000000000000e+00 0.000000000000000000e+00 1.169223506003618240e-01 5.766134342178702354e+00 5.284412950277329879e-02 3.728255359455943108e-01 0.000000000000000000e+00 0.000000000000000000e+00 0.000000000000000000e+00 1.384062413126230066e-02
0.000000000000000000e+00 0.000000000000000000e+00 1.100246235728263994e-01 1.039720643311738690e-01 1.286074966192245483e-01 4.192937165498733521e-02 0.000000000000000000e+00 0.000000000000000000e+00 0.000000000000000000e+00 6.522475524805488867e+00 3.772623464465141296e-02 3.497003894299268723e-01 8.383052796125414763e-02 2.289446946233510971e+00 0.000000000000000000e+00 1.175661385059356412e-01 6.574096437543630600e-02 1.114272244274616241e+00 1.133463047444820543e-01 3.970667384564876556e-01 0.000000000000000000e+00 5.500673167407514885e-01 2.939120255410671678e+00 1.073616249486803870e-01 3.142500164918601513e+00 1.282728012651205063e+00 8.944683615118265152e-01 2.458002777583897114e+01 1.110476050525903702e-01 0.000000000000000000e+00 2.604814618825912476e-02 1.073989160358906070e-01 0.000000000000000000e+00 0.000000000000000000e+00 4.306137934327125549e-02 0.000000000000000000e+00 0.000000000000000000e+00 0.000000000000000000e+00 2.304000999778509140e+00 0.000000000000000000e+00 0.000000000000000000e+00 0.000000000000000000e+00 0.000000000000000000e+00 0.000000000000000000e+00 0.000000000000000000e+00 0.000000000000000000e+00 5.314762331545355017e-02 0.000000000000000000e+00 0.000000000000000000e+00 0.000000000000000000e+00 0.000000000000000000e+00 2.593829669058322906e-02 0.000000000000000000e+00 3.769969660788774490e-02 5.877962149679660103e-02 0.000000000000000000e+00 4.040737822651863098e-02 0.000000000000000000e+00 1.149296574294566969e-01 0.000000000000000000e+00 0.000000000000000000e+00 3.852006820961833000e-01 1.296231568139046075e+01 6.279461085796354813e-02 2.731659822165966034e-02 0.000000000000000000e+00 0.000000000000000000e+00 0.000000000000000000e+00 0.000000000000000000e+00 0.000000000000000000e+00
0.000000000000000000e+00 2.221836115233600584e+00 1.039720643311738690e-01 2.068940905109048245e+01 1.231944840401411057e-02 0.000000000000000000e+00 0.000000000000000000e+00 1.388184580858796480e+01 5.382861442863941193e+00 1.075848024338483949e-01 1.562980343587696552e+00 1.038747803308069706e+00 0.000000000000000000e+00 4.453576169908046722e-02 3.729421749711036682e+00 0.000000000000000000e+00 8.795337118208408356e-01 3.849197205062955618e+01 3.105373047292232513e-01 4.682640966027975082e+00 0.000000000000000000e+00 3.794573378097265959e+01 7.539378851652145386e-02 7.103416754025965929e+01 2.227624943479895592e-01 0.000000000000000000e+00 1.658727426175028086e+01 4.833444851823151112e+01 4.245876537635922432e+00 2.676225732080638409e+00 5.405657726339995861e+00 2.494857273995876659e-02 5.380905605852605300e-02 1.311707403510808945e-02 7.172778770327568054e-01 1.069114655256271501e-01 0.000000000000000000e+00 0.000000000000000000e+00 5.718894876539707184e+00 0.000000000000000000e+00 0.000000000000000000e+00 0.000000000000000000e+00 4.767439756542444229e-01 0.000000000000000000e+00 0.000000000000000000e+00 0.000000000000000000e+00 0.000000000000000000e+00 0.000000000000000000e+00 7.739584892988204956e-02 2.075938135385513653e-02 0.000000000000000000e+00 3.819258688017725945e-01 2.550146726891398430e+00 1.832446269690990448e-02 3.006047513335943222e-01 0.000000000000000000e+00 6.825789650902152061e-01 1.286337412893772125e-01 4.081157225184142590e+00 3.646033629775047302e-02 0.000000000000000000e+00 2.024687245488166365e+00 3.009224659856408834e+01 4.295426607131958008e-02 0.000000000000000000e+00 7.585502341389657177e-01 3.492341563105583191e-02 0.000000000000000000e+00 0.000000000000000000e+00 0.000000000000000000e+00
5.089009152725338936e-01 3.368176259100437164e-01 1.286074966192245483e-01 1.231944840401411057e-02 2.208575560525060055e+01 2.503682859241962433e-02 1.234987236559391022e+00 2.620573602616786957e-01 3.497521296143531355e+00 4.694898727722465992e+01 6.882970762718468904e+01 0.000000000000000000e+00 8.292777056619524956e+01 0.000000000000000000e+00 9.366230098530649029e-01 4.130418667569756508e+00 0.000000000000000000e+00 0.000000000000000000e+00 0.000000000000000000e+00 0.000000000000000000e+00 1.814956419263035059e+01 4.453007876873016357e-01 1.538720540702342987e-01 3.432650864124298096e-02 2.137911942042410018e+01 3.276615962386131287e-02 0.000000000000000000e+00 6.516139674931764603e-02 8.776739581767466802e+01 9.414773862808942795e-01 0.000000000000000000e+00 0.000000000000000000e+00 8.559411950409413772e-02 0.000000000000000000e+00 7.956898212432859940e-02 1.088561080396175662e-01 0.000000000000000000e+00 0.000000000000000000e+00 1.323259528726339514e-02 3.242597675882279873e+00 0.000000000000000000e+00 2.189229354262351990e-01 5.511773750185966492e-01 1.975828225724398868e+00 1.596833338029682858e+00 5.626202858984470367e+00 0.000000000000000000e+00 1.427315656095743179e+00 0.000000000000000000e+00 8.999101575464008018e-01 0.000000000000000000e+00 0.000000000000000000e+00 0.000000000000000000e+00 0.000000000000000000e+00 0.000000000000000000e+00 2.022179681807756424e-01 0.000000000000000000e+00 0.000000000000000000e+00 0.000000000000000000e+00 5.389568627811968327e+00 0.000000000000000000e+00 0.000000000000000000e+00 0.000000000000000000e+00 9.130863933824002743e+00 1.015173011459409969e+00 1.321180630475282496e-02 0.000000000000000000e+00 2.000846527516841888e-02 0.000000000000000000e+00 2.502402663230895996e-02
4.235765226185321808e-01 8.512134104967114534e-02 4.192937165498733521e-02 0.000000000000000000e+00 2.503682859241962433e-02 2.154361754655838013e-01 1.952100590802728908e+00 5.616962481290102005e-01 2.368460545316338539e+00 9.510162817314267159e-01 1.987507384270429611e+00 2.545940903946757317e-01 2.037829457782208920e+00 0.000000000000000000e+00 1.742077399976551533e+00 9.073159930296244013e+00 6.391820684075355530e-02 1.968611776828765869e-02 0.000000000000000000e+00 0.000000000000000000e+00 3.915906697511672974e-02 1.777280308306216847e-02 1.986664161086082458e-02 8.279431648552419976e-01 5.135985249653458595e-01 0.000000000000000000e+00 0.000000000000000000e+00 1.331625580787658414e-01 4.929300453513860703e-01 1.591401248238980548e+00 9.864379093050956726e-02 0.000000000000000000e+00 1.143057066015898959e+00 0.000000000000000000e+00 5.592528264969587326e-01 0.000000000000000000e+00 0.000000000000000000e+00 0.000000000000000000e+00 0.000000000000000000e+00 0.000000000000000000e+00 0.000000000000000000e+00 1.243851426988839930e-02 0.000000000000000000e+00 0.000000000000000000e+00 0.000000000000000000e+00 0.000000000000000000e+00 0.000000000000000000e+00 0.000000000000000000e+00 0.000000000000000000e+00 0.000000000000000000e+00 0.000000000000000000e+00 2.855596877634525646e-02 0.000000000000000000e+00 0.000000000000000000e+00 0.000000000000000000e+00 0.000000000000000000e+00 0.000000000000000000e+00 0.000000000000000000e+00 0.000000000000000000e+00 0.000000000000000000e+00 0.000000000000000000e+00 0.000000000000000000e+00 0.000000000000000000e+00 2.723267115652560841e-02 0.000000000000000000e+00 1.252846419811249057e-01 0.000000000000000000e+00 0.000000000000000000e+00 0.000000000000000000e+00 0.000000000000000000e+00
3.307557154446840286e+00 2.367668123915791512e-01 0.000000000000000000e+00 0.000000000000000000e+00 1.234987236559391022e+00 1.952100590802728908e+00 4.481409633718430996e+01 2.843137664813548326e+01 5.807281579356641288e+01 2.445404957979917526e+00 1.340655546179041551e+02 1.836375921964645164e+00 5.395173657406121492e+01 0.000000000000000000e+00 1.115468364767730236e+01 8.409130807965993881e+00 3.906341586261987686e-01 1.054947432130575180e-01 0.000000000000000000e+00 6.539494544267654419e-02 4.094387546181678772e+00 5.822249362245202065e-01 0.000000000000000000e+00 5.232247542589902878e-01 3.376389873214066029e+00 0.000000000000000000e+00 1.080559063702821593e-01 6.112481188029050827e-02 4.880628858692944050e+00 7.703300821594893932e+00 1.411113996058702469e+00 0.000000000000000000e+00 3.825565969571470770e+00 5.160092189908029731e-02 2.086301267147064209e+00 0.000000000000000000e+00 0.000000000000000000e+00 0.000000000000000000e+00 0.000000000000000000e+00 2.165003884583711624e-01 0.000000000000000000e+00 0.000000000000000000e+00 2.165076732635498047e-01 1.095402203500270982e-01 2.782080713659524918e-01 5.499652093276381493e-01 0.000000000000000000e+00 5.856314301490785079e-02 0.000000000000000000e+00 6.039674952626229720e-02 0.000000000000000000e+00 0.000000000000000000e+00 0.000000000000000000e+00 0.000000000000000000e+00 0.000000000000000000e+00 5.768060684204100175e-02 4.155411571264266968e-02 0.000000000000000000e+00 3.345593065023422241e-02 4.993480052798986435e-01 0.000000000000000000e+00 2.435370534658432007e-02 1.385764870792627508e-02 3.288543932139873505e+00 1.711737811565398892e-01 4.019696637988090515e-02 0.000000000000000000e+00 0.000000000000000000e+00 0.000000000000000000e+00 0.000000000000000000e+00
8.316121995449064774e-02 1.505697200726718066e+01 0.000000000000000000e+00 1.388184580858796480e+01 2.620573602616786957e-01 5.616962481290102005e-01 2.843137664813548326e+01 6.485107723437249660e+01 1.064567619925364710e+02 6.984462007880210876e+00 5.003053902741521597e+01 6.312555940821766853e-01 5.437921434640884399e-01 3.252639621496200562e-02 1.259361996594816446e+02 1.466599134728312215e-01 2.353501099161803722e+00 7.473657769151031971e+00 3.465712815523147583e-02 2.568937929347157034e+00 0.000000000000000000e+00 1.383086922392248930e+01 8.589130174368619919e-01 3.819573687575757504e+01 1.677919082995504496e+01 0.000000000000000000e+00 2.046679037623107433e+00 5.744309715926647186e+00 7.536148686986416578e+01 8.189195742551237345e+01 1.934967049211263657e+01 0.000000000000000000e+00 6.487897876650094986e+00 4.666854874230921268e+00 5.319523298181593418e+00 1.719069872051477432e-01 5.999611280858514473e-01 0.000000000000000000e+00 3.896571528166532516e-01 2.613716534338891506e+00 0.000000000000000000e+00 4.745084978640079498e-02 3.146996382623910904e+00 1.006715686991810577e+00 2.212175534106791019e+00 3.596968430094420910e+00 4.012833163142204285e-02 7.741156592965126038e-02 0.000000000000000000e+00 4.769457336515188217e-01 2.647976465523242950e-01 1.449278696440160275e+00 2.450077421963214874e-02 0.000000000000000000e+00 0.000000000000000000e+00 5.196682829409837723e-02 1.672295517288148403e+00 5.573908984661100213e-02 2.316596648655831370e+00 9.794237152673304081e+00 0.000000000000000000e+00 7.239869572222235039e-01 1.547448848374187724e+00 2.138767818361520767e+01 3.841379396617412567e-01 3.528475878760219064e+00 0.000000000000000000e+00 4.750256240367889404e-02 1.421524956822395498e-02 6.168976426124574836e-02
6.929421117529273033e-01 1.024168775323778569e+01 0.000000000000000000e+00 5.382861442863941193e+00 3.497521296143531355e+00 2.368460545316338539e+00 5.807281579356641288e+01 1.064567619925364710e+02 1.872424404509366127e+02 1.290120018087327480e+01 1.697262684265152188e+02 3.180614606477320194e+00 4.536496357992291451e+01 2.050638552755117416e-01 1.572752820858731866e+02 5.747563514858484268e+00 4.520184937864542007e-01 3.347482738085091114e+00 1.179215162992477556e-01 8.424249095842241131e-01 6.416852554306387901e+00 4.499922752380371094e+00 1.733880987390875594e+00 1.306325132679194567e+01 3.121047499962151051e+01 0.000000000000000000e+00 2.739837158471345901e+00 1.874817872419953346e+00 3.089200198743491654e+01 5.591599743254482746e+01 1.190858139656484127e+01 1.189892739057541032e-01 6.127231799066069406e+00 2.248288764618337154e+00 5.784862207248806953e+00 7.009577378630638123e-02 1.489351857453584671e-01 0.000000000000000000e+00 3.060409069061279297e+00 9.277731096372008324e-01 0.000000000000000000e+00 5.048268288373945062e-02 1.506036640144884586e+00 9.071917803958057247e-01 1.418041720986366494e+00 1.895410301163792610e+00 0.000000000000000000e+00 2.549984864890575409e-02 0.000000000000000000e+00 1.301672358065843582e+00 0.000000000000000000e+00 1.190894041210412979e-01 6.906015612185001373e-02 0.000000000000000000e+00 3.176032006740570068e-02 1.031476147472858568e-01 3.229384031146764755e-01 1.189623028039932424e-02 5.705854371190071106e-01 1.049340595677494825e+01 0.000000000000000000e+00 1.698325574398041049e-01 1.764519382268190384e-01 1.181346340198069456e+01 6.926654679700734452e-01 7.148808185011148453e-01 0.000000000000000000e+00 3.200455382466316223e-02 5.222313478589060004e-02 8.145496249198913574e-02
2.009943872690200806e-01 9.430535444989800453e-01 6.522475524805488867e+00 1.075848024338483949e-01 4.694898727722465992e+01 9.510162817314267159e-01 2.445404957979917526e+00 6.984462007880210876e+00 1.290120018087327480e+01 1.539801707491278471e+01 9.441143128275871277e+01 2.503111297264695168e-01 9.081175189465282571e+00 3.214493962004780769e-01 9.425012266263363969e+00 6.691047609783709049e+00 3.720437847077846527e+00 6.709408070892095566e-01 4.179499298334121704e-02 1.659061506390571594e+00 7.415561429224908352e+00 2.498855067417025566e+00 2.360995740257203934e+01 3.034626144915819168e+00 9.263079402316361666e+01 9.067564373835921288e-01 1.795609453693032542e-01 3.176534413546323776e+01 6.166687560360878706e+01 1.081917347479611635e+01 3.898498240858316422e+00 1.373195890337228775e-01 1.385931503027677536e-01 1.536769712343811767e+00 8.683805586770176888e-01 6.732485033571717903e-01 1.976346503943205102e+00 0.000000000000000000e+00 2.747966963797807693e-01 5.211585153825581074e+00 0.000000000000000000e+00 4.414851032197475433e-02 4.769485941156744957e+00 1.549489346332848516e+00 1.989008079282939434e+00 3.249535260722041130e+00 1.357730776071548462e-01 4.386486504226922989e-01 0.000000000000000000e+00 1.274520227685570717e+00 3.162898868322372437e-02 2.534895278513431549e+00 2.783904690295457840e-01 0.000000000000000000e+00 1.319418754428624933e-02 1.037436626851558685e+00 4.494701060466468334e+00 5.525916069746014680e-02 5.521626276895403862e+00 1.598464907798916101e+01 2.863341756165027618e-02 1.241455396637320518e+00 1.073913420550525188e+00 2.283606093190610409e+01 8.754234630614519119e-01 5.696272267028689384e+00 0.000000000000000000e+00 4.554939270019531250e-02 8.397595398128032684e-02 8.631904609501360459e-02
2.096712108701467514e+00 4.350784517824649811e+00 3.772623464465141296e-02 1.562980343587696552e+00 6.882970762718468904e+01 1.987507384270429611e+00 1.340655546179041551e+02 5.003053902741521597e+01 1.697262684265152188e+02 9.441143128275871277e+01 1.476073381340131164e+03 1.531958937644958496e+00 1.015997456386685371e+02 1.778804063796997070e-01 7.061563767865300179e+01 5.994644828140735626e+00 0.000000000000000000e+00 9.236005004495383419e-01 4.361838996410369873e-01 4.685589438304305077e-01 4.468401898164302111e+01 1.180523312650621159e+00 3.713588705286383629e-01 2.336194958537817001e+00 6.200757948588579893e+01 5.548520479351280038e-02 1.051317539997398631e+00 2.082865316420793533e+00 1.299788520177826570e+02 6.111547790095210075e+01 1.586751701310276985e+00 9.658390283584594727e-02 6.781086288392543793e+00 3.902813727036118507e-01 8.479928242042660713e+00 1.607110005803405794e+00 0.000000000000000000e+00 2.703118324279785156e-02 1.611564457416534424e-01 4.404459738638252020e+01 9.349909424781799316e-02 3.349427392706274986e+00 5.745647313073277473e+00 4.985707576386630535e+00 8.593147854320704937e+00 4.519871950522065163e+01 0.000000000000000000e+00 2.371768081560730934e+00 0.000000000000000000e+00 1.324839752167463081e+00 9.314724057912829314e-02 9.790204837918278780e-02 0.000000000000000000e+00 0.000000000000000000e+00 0.000000000000000000e+00 5.527816609479486942e+00 8.669303059577939674e-01 2.044292278587817868e-01 7.977204769849774446e-02 3.141804399900138378e+01 0.000000000000000000e+00 0.000000000000000000e+00 3.033508546650409352e-02 5.388595461379736662e+01 4.431042922660708427e+00 1.418013367801904401e-01 0.000000000000000000e+00 2.023576758801937103e-02 0.000000000000000000e+00 6.320196576416492462e-02
2.603981448337435722e-01 6.460750130936504521e-01 3.497003894299268723e-01 1.038747803308069706e+00 0.000000000000000000e+00 2.545940903946757317e-01 1.836375921964645164e+00 6.312555940821766853e-01 3.180614606477320194e+00 2.503111297264695168e-01 1.531958937644958496e+00 1.419653960186988115e+02 6.358819771558046341e-01 2.571743931341916323e+01 1.516563046723603980e+00 0.000000000000000000e+00 0.000000000000000000e+00 3.873390504159033298e+00 1.252274522464722573e+01 9.693801497109234333e+00 0.000000000000000000e+00 1.115497965365648270e-01 4.500726601108908653e-01 1.081697924062609895e+00 1.444202829152345657e-01 1.526725417934358120e+00 3.200022431649268384e+01 5.619795617833733559e+01 2.054223548620938977e-01 3.703311365097761154e+00 2.863438259810208719e-01 8.845439436845483172e+00 4.543132623657584190e-01 5.986613780260084672e-02 6.269802635535597801e+00 1.499949282035231368e+00 0.000000000000000000e+00 9.316908568143844604e-02 4.924784041941165924e-02 0.000000000000000000e+00 0.000000000000000000e+00 0.000000000000000000e+00 1.446629650890827179e-01 2.400001697242259979e-02 3.089136257767677654e-02 2.227646857500076641e-02 1.123587304260581377e+01 0.000000000000000000e+00 2.692503306828439236e+01 3.239763528108596802e-02 0.000000000000000000e+00 0.000000000000000000e+00 1.537358388304710111e-01 1.887663288973272069e+00 2.002579057589173595e-01 0.000000000000000000e+00 1.277181971818208521e-02 1.592229446396231929e-01 8.778102323412895203e-02 0.000000000000000000e+00 2.312902092002332211e+00 1.620925707370042446e+01 2.717571704462170601e+01 8.022467233240607176e-02 0.000000000000000000e+00 0.000000000000000000e+00 1.422323706001043320e+01 0.000000000000000000e+00 0.000000000000000000e+00 6.558772008866071701e-01
4.261821634136140347e+00 9.804288726300003365e-01 8.383052796125414763e-02 0.000000000000000000e+00 8.292777056619524956e+01 2.037829457782208920e+00 5.395173657406121492e+01 5.437921434640884399e-01 4.536496357992291451e+01 9.081175189465282571e+00 1.015997456386685371e+02 6.358819771558046341e-01 8.079499396309256554e+01 0.000000000000000000e+00 1.564597075153142569e+01 1.547154480777680874e+01 0.000000000000000000e+00 1.829067431390285492e-02 0.000000000000000000e+00 0.000000000000000000e+00 1.739593625441193581e+01 3.942453302443027496e-02 4.643422309309244156e-01 8.482001814991234345e-02 4.988366172648966312e+00 0.000000000000000000e+00 2.010020799934864044e-02 2.245416764169931412e+00 5.261561059206724167e+01 9.214392949827017176e+00 0.000000000000000000e+00 2.364319749176501881e-02 3.653965257108211517e-01 3.597440198063850403e-02 4.589555704966187477e+00 0.000000000000000000e+00 0.000000000000000000e+00 0.000000000000000000e+00 0.000000000000000000e+00 1.092804536223411560e+00 0.000000000000000000e+00 1.221779268234968012e-02 7.624886929988859696e-02 1.244715843349695483e-01 1.972740383818745613e+00 1.130401075817644596e+00 0.000000000000000000e+00 1.990529177710413933e-01 0.000000000000000000e+00 0.000000000000000000e+00 0.000000000000000000e+00 0.000000000000000000e+00 0.000000000000000000e+00 0.000000000000000000e+00 0.000000000000000000e+00 8.794766105711460114e-02 0.000000000000000000e+00 0.000000000000000000e+00 0.000000000000000000e+00 1.523360832594335079e+00 0.000000000000000000e+00 0.000000000000000000e+00 0.000000000000000000e+00 1.107103841379284637e+00 0.000000000000000000e+00 3.091986477375030518e-02 0.000000000000000000e+00 0.000000000000000000e+00 0.000000000000000000e+00 0.000000000000000000e+00
2.559139207005500793e-01 5.284242704510688782e-02 2.289446946233510971e+00 4.453576169908046722e-02 0.000000000000000000e+00 0.000000000000000000e+00 0.000000000000000000e+00 3.252639621496200562e-02 2.050638552755117416e-01 3.214493962004780769e-01 1.778804063796997070e-01 2.571743931341916323e+01 0.000000000000000000e+00 1.294555987231433392e+01 3.743632379919290543e-01 0.000000000000000000e+00 8.242052793502810393e-02 5.543697252869605324e-02 1.952302780002355798e+00 2.090643513947725296e-01 0.000000000000000000e+00 0.000000000000000000e+00 2.909016814082860947e-01 0.000000000000000000e+00 1.087057348340749463e-01 4.341170332394540310e+00 1.401775661855936050e+00 2.845003628265112638e+01 4.038209468126296997e-02 2.890338245779275339e-01 2.772552333772182465e-02 1.962926855310797469e+00 1.145612038671970367e-01 0.000000000000000000e+00 4.559503570199012756e-01 1.866949610412120819e-01 0.000000000000000000e+00 1.431117486208677465e-02 0.000000000000000000e+00 0.000000000000000000e+00 0.000000000000000000e+00 0.000000000000000000e+00 0.000000000000000000e+00 3.975594043731689453e-02 0.000000000000000000e+00 0.000000000000000000e+00 1.334608451090752901e+01 0.000000000000000000e+00 1.742740896809846163e+01 0.000000000000000000e+00 0.000000000000000000e+00 0.000000000000000000e+00 5.499067902564999666e-02 9.903245139867068447e-01 2.490098439157009680e-01 0.000000000000000000e+00 0.000000000000000000e+00 2.385257333517074585e-01 0.000000000000000000e+00 4.450651258230209351e-02 1.027855385094881058e+00 6.670912420377135277e+00 2.080600927583873272e+01 0.000000000000000000e+00 0.000000000000000000e+00 0.000000000000000000e+00 8.054947275668379092e+00 0.000000000000000000e+00 0.000000000000000000e+00 1.407713529653847440e+00
1.694894470274448395e-01 2.984525037277489545e+01 0.000000000000000000e+00 3.729421749711036682e+00 9.366230098530649029e-01 1.742077399976551533e+00 1.115468364767730236e+01 1.259361996594816446e+02 1.572752820858731866e+02 9.425012266263363969e+00 7.061563767865300179e+01 1.516563046723603980e+00 1.564597075153142569e+01 3.743632379919290543e-01 1.971162327397614149e+02 1.529586378484964149e+00 2.467802399769425392e-01 9.548141229897741056e+00 2.043137019500136653e-01 2.303811826743185520e+00 1.557464381679892540e+00 7.803672165609896183e+00 3.628557892516255379e-01 2.219743159599602222e+01 3.201363494712859392e+01 0.000000000000000000e+00 1.404331508092582004e+00 3.594170330092310905e+00 2.212798695545643568e+01 1.024499034238979220e+02 3.561660503037273884e+01 1.030961498618125916e-01 1.099308850336819532e+01 1.497817063704133034e+00 1.131157579924911261e+01 0.000000000000000000e+00 2.740575373172760010e-02 0.000000000000000000e+00 4.447741992771625519e-02 1.962362905964255555e+00 0.000000000000000000e+00 1.802471093833446503e-02 2.135476333089172840e+00 1.375323233194648997e+00 1.937328748404979928e+00 4.277969924733042717e-01 0.000000000000000000e+00 9.053307026624679565e-02 0.000000000000000000e+00 1.718409657478332520e-01 4.811722412705421448e-02 3.344229757785797119e-01 8.255595713853834672e-02 0.000000000000000000e+00 0.000000000000000000e+00 1.607154309749603618e-02 2.046090895310044289e-01 0.000000000000000000e+00 2.309251800179481506e+00 6.026862260885536671e+00 0.000000000000000000e+00 7.378418929874897003e-02 1.284499565139412658e+00 5.154447540640830994e+00 6.375643499195575714e-01 7.131529226899147034e-01 0.000000000000000000e+00 6.110995449125764672e-02 0.000000000000000000e+00 2.520268969237804413e-02
2.176315337419509888e-01 2.786005847156048168e-02 1.175661385059356412e-01 0.000000000000000000e+00 4.130418667569756508e+00 9.073159930296244013e+00 8.409130807965993881e+00 1.466599134728312215e-01 5.747563514858484268e+00 6.691047609783709049e+00 5.994644828140735626e+00 0.000000000000000000e+00 1.547154480777680874e+01 0.000000000000000000e+00 1.529586378484964149e+00 3.582327561452984810e+00 0.000000000000000000e+00 0.000000000000000000e+00 0.000000000000000000e+00 0.000000000000000000e+00 2.511581983417273012e+00 0.000000000000000000e+00 3.106427472084760666e-01 0.000000000000000000e+00 7.605809513479468542e+00 5.111675895750524695e-02 0.000000000000000000e+00 3.482107808813452721e-01 3.062317290343344212e+00 3.469658093526959419e-01 0.000000000000000000e+00 0.000000000000000000e+00 1.635048905387521012e+00 0.000000000000000000e+00 4.475845363922417164e+00 0.000000000000000000e+00 0.000000000000000000e+00 0.000000000000000000e+00 1.045250371098518510e-01 0.000000000000000000e+00 0.000000000000000000e+00 0.000000000000000000e+00 0.000000000000000000e+00 4.307313635945320129e-02 4.315796867012977600e-02 4.506888240575790405e-02 0.000000000000000000e+00 0.000000000000000000e+00 0.000000000000000000e+00 2.012203820049762379e-02 0.000000000000000000e+00 0.000000000000000000e+00 0.000000000000000000e+00 0.000000000000000000e+00 0.000000000000000000e+00 0.000000000000000000e+00 0.000000000000000000e+00 0.000000000000000000e+00 0.000000000000000000e+00 2.931621782481670380e-01 0.000000000000000000e+00 0.000000000000000000e+00 0.000000000000000000e+00 3.657719371840357780e-01 3.275170549750328064e-02 2.364255115389823914e-02 0.000000000000000000e+00 0.000000000000000000e+00 0.000000000000000000e+00 0.000000000000000000e+00
0.000000000000000000e+00 2.236923128366470614e-01 6.574096437543630600e-02 8.795337118208408356e-01 0.000000000000000000e+00 6.391820684075355530e-02 3.906341586261987686e-01 2.353501099161803722e+00 4.520184937864542007e-01 3.720437847077846527e+00 0.000000000000000000e+00 0.000000000000000000e+00 0.000000000000000000e+00 8.242052793502810393e-02 2.467802399769425392e-01 0.000000000000000000e+00 6.136429703235626221e+01 1.137528706341982110e+00 0.000000000000000000e+00 4.857544004917144775e-01 0.000000000000000000e+00 2.627608619444072247e+01 3.712618114333599806e+01 5.495217042881995440e+01 1.661955854296684265e+01 1.294715292751789093e-01 1.200990509241819520e-01 2.083764233626425266e+01 2.660909823328256607e+01 7.353650014847517014e-01 3.039499117992818356e+00 0.000000000000000000e+00 1.315794521942734441e-01 1.475839689373969754e-01 4.494004696607589722e-01 2.137273708358407021e-01 2.038861066102981567e-02 1.996802538633346558e-02 2.229288389906287193e+00 0.000000000000000000e+00 0.000000000000000000e+00 0.000000000000000000e+00 3.727833405137062073e-01 7.163740694522860442e-02 4.051591772586107254e-01 3.611991181969642639e-02 0.000000000000000000e+00 0.000000000000000000e+00 0.000000000000000000e+00 4.644030053168535233e-01 0.000000000000000000e+00 3.413154507987201214e+01 4.246926577761769295e-01 8.462475985288619995e-02 1.247573047876357893e-01 0.000000000000000000e+00 3.496950591634958982e+01 3.800080487504601479e+00 7.126199950650334358e+01 2.726724346168339252e+00 0.000000000000000000e+00 5.944409873336553574e-01 1.461642896849662066e+01 2.920421290211379528e+00 2.712157052010297775e-01 6.685798737220466137e+00 0.000000000000000000e+00 0.000000000000000000e+00 3.085944801568984985e-02 1.989194378256798137e-02
1.143078934401273727e-01 3.584465898573398590e+00 1.114272244274616241e+00 3.849197205062955618e+01 0.000000000000000000e+00 1.968611776828765869e-02 1.054947432130575180e-01 7.473657769151031971e+00 3.347482738085091114e+00 6.709408070892095566e-01 9.236005004495383419e-01 3.873390504159033298e+00 1.829067431390285492e-02 5.543697252869605324e-02 9.548141229897741056e+00 0.000000000000000000e+00 1.137528706341982110e+00 6.976261695846915245e+00 7.919617785140872002e+00 1.613687154557555914e+01 2.968597970902920116e-02 2.336554943118244410e+01 5.543024037033319473e-01 3.705488808639347553e+01 2.855705586262047291e+00 0.000000000000000000e+00 2.343818488717079163e+01 1.244853638224304007e+02 1.676654765382409540e+00 1.539417822007089676e+01 2.608719391096383333e+01 7.110211625695228577e-02 8.926502615213392777e-02 7.221192438155414894e-01 2.543567733839154243e+00 3.161404468119144440e-02 0.000000000000000000e+00 0.000000000000000000e+00 2.405415871180593967e+00 0.000000000000000000e+00 0.000000000000000000e+00 0.000000000000000000e+00 0.000000000000000000e+00 6.909434497356414795e-02 0.000000000000000000e+00 2.689740806818008423e-02 1.440552473068237582e-01 0.000000000000000000e+00 6.348451040685174629e-01 0.000000000000000000e+00 0.000000000000000000e+00 5.654220879077911377e-01 6.962567744776606560e-01 9.418201446533201737e-02 1.410724526271224022e+00 0.000000000000000000e+00 9.417682541534303509e-01 2.123543750494718274e-01 2.856167355552315712e+00 1.477321088314056396e-01 0.000000000000000000e+00 2.811112610623240471e+00 1.448697805870324373e+01 2.398773645982146541e-01 0.000000000000000000e+00 1.539217457175254822e-01 0.000000000000000000e+00 4.206822067499160767e-02 0.000000000000000000e+00 2.745400182902812958e-02
2.373728901147842407e-02 5.622273124754430251e-02 1.133463047444820543e-01 3.105373047292232513e-01 0.000000000000000000e+00 0.000000000000000000e+00 0.000000000000000000e+00 3.465712815523147583e-02 1.179215162992477556e-01 4.179499298334121704e-02 4.361838996410369873e-01 1.252274522464722573e+01 0.000000000000000000e+00 1.952302780002355798e+00 2.043137019500136653e-01 0.000000000000000000e+00 0.000000000000000000e+00 7.919617785140872002e+00 3.016281064599751982e+00 1.175238334015012143e+01 0.000000000000000000e+00 5.320314755663275719e-01 3.691582567989826202e-02 1.122338489629328473e+00 0.000000000000000000e+00 2.203403012827039043e-01 3.411098372936248779e+01 3.016736757010221481e+01 0.000000000000000000e+00 2.731123818084598143e-01 1.212948756292462071e-01 2.355133302509785143e+00 3.084464184939861298e-01 2.759993262588978161e-02 8.086753124371172108e-01 2.614513225853443146e-02 0.000000000000000000e+00 0.000000000000000000e+00 3.489787131547927856e-02 0.000000000000000000e+00 0.000000000000000000e+00 0.000000000000000000e+00 0.000000000000000000e+00 0.000000000000000000e+00 4.045638442039489746e-01 0.000000000000000000e+00 6.087925313040614128e-01 0.000000000000000000e+00 4.671158219687640667e+00 0.000000000000000000e+00 0.000000000000000000e+00 7.266977056860923767e-02 2.004826953634619990e-01 3.720284402370452881e-01 1.910669897682964802e+00 0.000000000000000000e+00 1.524968557059764585e-01 2.383451163768768657e-02 2.483975514769554138e-02 3.877800703048706055e-02 7.149234730750322342e-01 5.320481718517839909e+00 2.278972378093749640e+01 0.000000000000000000e+00 0.000000000000000000e+00 0.000000000000000000e+00 1.309766270220279472e+00 0.000000000000000000e+00 0.000000000000000000e+00 0.000000000000000000e+00
3.827396966516971588e-02 1.004082032479345798e+00 3.970667384564876556e-01 4.682640966027975082e+00 0.000000000000000000e+00 0.000000000000000000e+00 6.539494544267654419e-02 2.568937929347157034e+00 8.424249095842241131e-01 1.659061506390571594e+00 4.685589438304305077e-01 9.693801497109234333e+00 0.000000000000000000e+00 2.090643513947725296e-01 2.303811826743185520e+00 0.000000000000000000e+00 4.857544004917144775e-01 1.613687154557555914e+01 1.175238334015012143e+01 3.941281055286525969e+01 0.000000000000000000e+00 2.616463066078722477e+00 1.158235296607017517e-01 5.888337448239326477e+00 2.035272493958473206e-01 2.740770559757947922e-01 3.852817313838750124e+01 8.405953816324472427e+01 1.359294727444648465e-01 4.393546558916568756e+00 3.490605123341083527e+00 5.291926451027393341e-01 6.516516134142874561e-01 4.591223662719130516e-01 1.498277305625379086e+00 4.569563604891300201e-01 6.365817785263060136e-02 1.874078251421451569e-02 2.367786712013185024e+00 0.000000000000000000e+00 0.000000000000000000e+00 0.000000000000000000e+00 0.000000000000000000e+00 0.000000000000000000e+00 1.528026070445775986e-02 0.000000000000000000e+00 1.162265371531248093e+00 0.000000000000000000e+00 6.096573378890750572e-01 0.000000000000000000e+00 0.000000000000000000e+00 7.376742642372847991e-02 5.049735791981220245e-01 4.877813104540109634e-01 2.071345623582601547e+00 0.000000000000000000e+00 1.863080114126205444e-01 0.000000000000000000e+00 4.177257046103477478e-01 7.541779335588216782e-02 1.259598731994628906e-01 1.815420346427708864e+01 3.907420766539871693e+01 2.171331457793712616e-02 0.000000000000000000e+00 0.000000000000000000e+00 2.629941347986459732e-01 0.000000000000000000e+00 0.000000000000000000e+00 0.000000000000000000e+00
1.619055345654488165e-01 3.030385263264178883e-02 0.000000000000000000e+00 0.000000000000000000e+00 1.814956419263035059e+01 3.915906697511672974e-02 4.094387546181678772e+00 0.000000000000000000e+00 6.416852554306387901e+00 7.415561429224908352e+00 4.468401898164302111e+01 0.000000000000000000e+00 1.739593625441193581e+01 0.000000000000000000e+00 1.557464381679892540e+00 2.511581983417273012e+00 0.000000000000000000e+00 2.968597970902920116e-02 0.000000000000000000e+00 0.000000000000000000e+00 5.118791595101356506e+00 0.000000000000000000e+00 0.000000000000000000e+00 0.000000000000000000e+00 2.414410976693034616e+00 0.000000000000000000e+00 0.000000000000000000e+00 3.718292340636253357e-02 6.555781189259141684e+01 1.773550848476588948e+00 0.000000000000000000e+00 0.000000000000000000e+00 1.555590825155377388e-01 0.000000000000000000e+00 9.627417474985122681e-02 0.000000000000000000e+00 0.000000000000000000e+00 0.000000000000000000e+00 0.000000000000000000e+00 1.752170078456402047e+00 0.000000000000000000e+00 0.000000000000000000e+00 5.773257315158843994e-01 3.317308127880096436e-01 8.580578975379464790e-01 1.323863530531525390e+00 0.000000000000000000e+00 7.923419401049613953e-02 0.000000000000000000e+00 4.069472104310989380e-02 0.000000000000000000e+00 0.000000000000000000e+00 0.000000000000000000e+00 0.000000000000000000e+00 0.000000000000000000e+00 1.470785178244113922e-01 0.000000000000000000e+00 0.000000000000000000e+00 0.000000000000000000e+00 4.396540969610214233e-01 0.000000000000000000e+00 0.000000000000000000e+00 0.000000000000000000e+00 1.039030251093208568e+00 1.754605211317538868e-02 0.000000000000000000e+00 0.000000000000000000e+00 0.000000000000000000e+00 0.000000000000000000e+00 0.000000000000000000e+00
0.000000000000000000e+00 5.314963079988956451e+00 5.500673167407514885e-01 3.794573378097265959e+01 4.453007876873016357e-01 1.777280308306216847e-02 5.822249362245202065e-01 1.383086922392248930e+01 4.499922752380371094e+00 2.498855067417025566e+00 1.180523312650621159e+00 1.115497965365648270e-01 3.942453302443027496e-02 0.000000000000000000e+00 7.803672165609896183e+00 0.000000000000000000e+00 2.627608619444072247e+01 2.336554943118244410e+01 5.320314755663275719e-01 2.616463066078722477e+00 0.000000000000000000e+00 1.460371949374675751e+02 1.104578921757638454e+01 3.615782113987952471e+02 1.792497960850596428e+00 0.000000000000000000e+00 3.928127947263419628e+00 2.849884111993014457e+01 1.312063162121921955e+01 9.317023155279457569e+00 7.529768333304673433e+01 0.000000000000000000e+00 2.386841019615530968e-01 1.827238347381353156e+00 9.085008101537823677e+00 1.287363003939389905e-01 9.613801911473272843e-02 0.000000000000000000e+00 2.823822105303406715e+00 0.000000000000000000e+00 0.000000000000000000e+00 3.748317062854766846e-02 9.428444691002370315e-02 2.191303241997956952e-01 5.990084074437618256e-02 6.353671662509441376e-02 0.000000000000000000e+00 0.000000000000000000e+00 4.478433728218078613e-02 2.003817819058895666e-01 0.000000000000000000e+00 3.029697722755372524e+01 1.226463673636317475e+00 4.203718155622482300e-02 5.664125904440879822e-01 0.000000000000000000e+00 3.926107336115092039e+01 3.162991437129676786e+00 4.626721227541565895e+01 2.442474123090505600e+00 0.000000000000000000e+00 1.535085421055555066e-01 9.781795755960045469e+00 4.057494845241308212e+00 9.780550617724658169e-01 1.859671454597264528e+01 0.000000000000000000e+00 3.282221779227256775e-02 0.000000000000000000e+00 4.322813823819160461e-02
