0.000000000000000000e+00 0.000000000000000000e+00 0.000000000000000000e+00 1.518775057047605515e-02 1.362161412835120877e-01 3.833888303488492966e-01 2.157202735543251038e-01 1.033130642026663104e-01 3.898022957146167755e-01 5.072493311017751694e-01 1.389480594545603021e+00 3.507534116506576538e-01 2.133002690970897952e-01 1.304305914789438248e+00 4.813142567873001099e-01 6.558947917073965073e-02 5.307771181687712669e-01 3.218505531549453735e-02 0.000000000000000000e+00 0.000000000000000000e+00 2.388968784362077991e-01 9.076532237231730305e-01 1.681125350296497345e-02 2.057436531409621239e+00 8.307507038116455078e-01 2.181546948850154877e-02 1.067127343267202655e-01 5.825951695442199707e-01 3.781945733353495598e-01 6.964206323027610779e-02 5.374333634972570245e-02 1.295435279607773105e-01 2.935307454317808151e-01 0.000000000000000000e+00 7.969485223293305831e-02 0.000000000000000000e+00 0.000000000000000000e+00 2.022158540785312653e-02 0.000000000000000000e+00 0.000000000000000000e+00 0.000000000000000000e+00 0.000000000000000000e+00 7.090200297534464402e-02 0.000000000000000000e+00 0.000000000000000000e+00 0.000000000000000000e+00 0.000000000000000000e+00 0.000000000000000000e+00 6.568301059305667877e-01 1.572108864784240445e-01 0.000000000000000000e+00 6.349097564816474915e-02 0.000000000000000000e+00 2.675680071115494121e-02 5.412695370614528656e-02 0.000000000000000000e+00 1.360587906092405319e-01 0.000000000000000000e+00 1.055686233565211518e+00 7.991064153611660004e-02 0.000000000000000000e+00 4.799028020352125168e-01 5.322203412652015686e-01 3.886019438505172729e-02 0.000000000000000000e+00 3.936964049935340881e-01 2.138818837702274323e-01 0.000000000000000000e+00 0.000000000000000000e+00 0.000000000000000000e+00
0.000000000000000000e+00 4.121807057410478592e+00 0.000000000000000000e+00 1.330022718757390976e-01 4.848737828433513641e-02 5.001801624894140069e-02 1.942961452528833899e+00 1.221555023640394388e+01 1.029110165219753981e+01 8.604247933253645897e-01 7.405906487256290749e-01 2.778270486742258072e-01 4.976565018296241760e-02 4.469003900885581970e-02 3.003079211711884255e+01 2.443157136440277100e-02 2.068816311657428395e-02 3.235192783176898956e-01 0.000000000000000000e+00 1.969963454641401768e+00 9.486151859164239364e-02 2.816222169436514378e+00 1.009749397635460039e-01 2.825136378407478333e+00 4.003386822529137135e+00 0.000000000000000000e+00 4.687061682343482971e-01 1.172074858099222405e+00 8.661973598413171160e+00 1.989628787711263058e+01 3.197094657365232706e+01 0.000000000000000000e+00 2.002964253537356853e+00 3.440337665379047394e-01 2.674129107967019081e+00 2.257122658193111420e-02 0.000000000000000000e+00 0.000000000000000000e+00 0.000000000000000000e+00 0.000000000000000000e+00 0.000000000000000000e+00 3.302006796002388000e-02 0.000000000000000000e+00 6.341657228767870469e-02 0.000000000000000000e+00 0.000000000000000000e+00 0.000000000000000000e+00 0.000000000000000000e+00 0.000000000000000000e+00 1.430404726415872574e-01 0.000000000000000000e+00 3.554896377027034760e-01 0.000000000000000000e+00 0.000000000000000000e+00 0.000000000000000000e+00 0.000000000000000000e+00 1.423041533678770065e+00 0.000000000000000000e+00 5.723155885934827491e-01 3.621213687583804686e-01 0.000000000000000000e+00 0.000000000000000000e+00 0.000000000000000000e+00 6.817370895296335220e-01 0.000000000000000000e+00 6.386577598750591278e-01 0.000000000000000000e+00 0.000000000000000000e+00 0.000000000000000000e+00 0.000000000000000000e+00
0.000000000000000000e+00 0.000000000000000000e+00 1.483623266220092995e+00 6.334782969206571579e-01 0.000000000000000000e+00 0.000000000000000000e+00 0.000000000000000000e+00 4.041059911251068115e-01 0.000000000000000000e+00 6.429686645977199078e+00 0.000000000000000000e+00 6.736433990299701691e-01 0.000000000000000000e+00 2.267567470669746399e+00 0.000000000000000000e+00 0.000000000000000000e+00 3.535446599125862122e-01 2.843208499252796617e+00 1.509584710001945496e-01 1.917180712334812132e+00 0.000000000000000000e+00 2.471448052674531659e-01 3.768096317537128925e+00 1.454086780548096147e+00 5.372039055451750755e+00 4.942217916250228882e-01 7.600928530097007751e+00 3.826194843929260969e+01 4.680916653946042061e+00 4.003919661045074463e-02 3.724907524883747101e-02 1.853143665939569473e-01 0.000000000000000000e+00 0.000000000000000000e+00 2.099177613854408611e-02 0.000000000000000000e+00 0.000000000000000000e+00 1.487987190485000610e-01 0.000000000000000000e+00 0.000000000000000000e+00 0.000000000000000000e+00 0.000000000000000000e+00 0.000000000000000000e+00 0.000000000000000000e+00 1.957462728023529053e-02 0.000000000000000000e+00 9.175944142043590546e-02 0.000000000000000000e+00 1.197623603045940399e+00 0.000000000000000000e+00 0.000000000000000000e+00 1.890463382005691528e-02 5.078362673521039788e-02 3.306873440742492676e-01 4.305518306791782379e-01 0.000000000000000000e+00 2.549190074205398560e-02 0.000000000000000000e+00 1.324893552809953690e-01 0.000000000000000000e+00 3.647674992680549622e-02 5.255356615409255028e+00 8.691701107658445835e+00 0.000000000000000000e+00 2.990264818072319031e-02 0.000000000000000000e+00 4.941882006824016571e-02 0.000000000000000000e+00 0.000000000000000000e+00 0.000000000000000000e+00
1.518775057047605515e-02 1.330022718757390976e-01 6.334782969206571579e-01 4.819076361134648323e+00 0.000000000000000000e+00 0.000000000000000000e+00 1.270302850753068924e-02 4.824258252047002316e+00 4.116906020790338516e-01 1.446888465434313042e+00 3.943705931305885315e-02 2.343475986272097189e-01 0.000000000000000000e+00 1.968186348676681519e-02 1.288438457064330578e+00 0.000000000000000000e+00 0.000000000000000000e+00 1.207519741728901863e+01 1.048519980162382348e+00 7.053508770652117121e+00 0.000000000000000000e+00 1.773673232179135084e+01 1.459898557513951978e-01 3.265398087073117495e+01 9.654976055026053272e-01 0.000000000000000000e+00 2.003803224209696054e+01 2.336281897779554484e+01 4.385123262181878978e+00 7.662765476852657631e-01 6.353998263366520405e+00 0.000000000000000000e+00 0.000000000000000000e+00 0.000000000000000000e+00 2.003219909965991974e-02 2.345204930752515515e-01 0.000000000000000000e+00 1.562676800414920075e+00 1.305776312947273532e-01 0.000000000000000000e+00 0.000000000000000000e+00 0.000000000000000000e+00 3.032750077545642853e-02 0.000000000000000000e+00 0.000000000000000000e+00 0.000000000000000000e+00 0.000000000000000000e+00 0.000000000000000000e+00 2.339664474129677166e-02 3.199133276939392090e-02 0.000000000000000000e+00 1.612067818641662598e-01 8.279576841741800308e-01 0.000000000000000000e+00 3.233531620353460312e-01 0.000000000000000000e+00 7.362958230078220367e-02 3.493237793445587158e-01 2.603448964655399323e-01 1.179009526968002458e-01 3.666613996028900146e-02 7.022045779973268509e+00 1.013821658026426853e+01 3.802430815994739532e-02 0.000000000000000000e+00 1.352668553590774536e-01 0.000000000000000000e+00 0.000000000000000000e+00 0.000000000000000000e+00 0.000000000000000000e+00
1.362161412835120877e-01 4.848737828433513641e-02 0.000000000000000000e+00 0.000000000000000000e+00 5.203394796326756477e+01 9.647896885871884431e-02 8.438098154962062836e+00 3.183938530180603266e+01 8.489909885451197624e+00 7.978398306295272135e+00 8.117818585224451056e+01 1.777972280979156494e-02 7.398722734954208136e+01 0.000000000000000000e+00 6.002705125138163567e+00 9.660082673653959118e-01 0.000000000000000000e+00 6.392851471900939941e-02 0.000000000000000000e+00 5.925736203789710999e-02 1.938904516212642193e+01 7.862708345055580139e-02 0.000000000000000000e+00 8.178766258060930772e-02 3.031305395439266803e+01 0.000000000000000000e+00 1.939085684716701508e-02 0.000000000000000000e+00 1.294564051292836666e+02 1.566557025536894798e+00 2.723552659153938293e-01 0.000000000000000000e+00 1.736635603010654449e+00 7.446930184960368071e-02 3.846544716507196426e-01 0.000000000000000000e+00 8.213940076529979706e-02 0.000000000000000000e+00 0.000000000000000000e+00 2.117061950266361237e-01 0.000000000000000000e+00 4.605791959911584854e-01 4.816252849996089935e-01 5.346690472215414047e-01 6.987730786204339462e-02 7.291528042405842625e-01 0.000000000000000000e+00 1.245182061567902565e+00 0.000000000000000000e+00 8.161894865334032856e-01 1.988431438803672513e-01 3.439624235033988953e-02 0.000000000000000000e+00 0.000000000000000000e+00 0.000000000000000000e+00 9.102113693952559315e-01 1.484382785856723508e-01 0.000000000000000000e+00 5.284934043884275123e-01 3.364449389278888702e+00 0.000000000000000000e+00 3.528619930148124695e-02 0.000000000000000000e+00 6.341922303661704063e+00 2.739904634654521942e-01 6.727804932743312039e-01 0.000000000000000000e+00 0.000000000000000000e+00 0.000000000000000000e+00 0.000000000000000000e+00
3.833888303488492966e-01 5.001801624894140069e-02 0.000000000000000000e+00 0.000000000000000000e+00 9.647896885871884431e-02 3.117419701069592985e+00 5.387559029273688793e+00 1.450736519880592823e+00 3.021136475726962090e+00 1.650815464556217416e+00 5.840820256620645523e+00 4.884419515728950500e-01 1.861947605386376381e+00 2.213025093078613559e-01 2.984164316207170486e+00 4.738092686049640179e+00 1.587438024580478668e-02 0.000000000000000000e+00 0.000000000000000000e+00 0.000000000000000000e+00 4.505553450435400009e-01 1.734092868864536285e-01 1.498878002166748047e+00 1.288377363234758377e-01 5.729588344693183899e-01 0.000000000000000000e+00 1.523357164114713495e-02 0.000000000000000000e+00 2.925640950910747051e+00 2.214907565154135227e+00 8.220545491203663513e-01 0.000000000000000000e+00 8.963614460080859825e-01 2.264267019927501332e-02 3.912555947899818420e-01 0.000000000000000000e+00 0.000000000000000000e+00 0.000000000000000000e+00 0.000000000000000000e+00 2.486802823841572155e-02 0.000000000000000000e+00 0.000000000000000000e+00 0.000000000000000000e+00 0.000000000000000000e+00 3.879303112626075745e-02 0.000000000000000000e+00 0.000000000000000000e+00 0.000000000000000000e+00 0.000000000000000000e+00 0.000000000000000000e+00 0.000000000000000000e+00 2.848645672202110637e-02 0.000000000000000000e+00 0.000000000000000000e+00 0.000000000000000000e+00 1.728956028819084167e-02 6.853185221552850204e-02 0.000000000000000000e+00 3.784331679344177246e-02 1.246981695294380466e-01 0.000000000000000000e+00 0.000000000000000000e+00 0.000000000000000000e+00 4.621809162199497223e-02 0.000000000000000000e+00 0.000000000000000000e+00 0.000000000000000000e+00 0.000000000000000000e+00 0.000000000000000000e+00 0.000000000000000000e+00
2.157202735543251038e-01 1.942961452528833899e+00 0.000000000000000000e+00 1.270302850753068924e-02 8.438098154962062836e+00 5.387559029273688793e+00 8.252999472431838512e+01 8.862951784022152424e+01 6.573718129750341177e+01 5.564205740578472614e+00 2.901216287761926651e+02 2.384125124663114548e-01 1.704100159471854568e+02 6.322207413613798455e-01 1.722679834626615047e+01 1.466646687313913944e+01 6.515917181968688965e-02 5.008411407470703125e-02 0.000000000000000000e+00 4.434880875051021576e-01 3.127621348388493061e+01 7.799186492338774368e-01 2.233437635004520416e-02 8.604517150670292214e-01 9.480205686762928963e+00 0.000000000000000000e+00 4.005792178213596344e-02 1.356213353574275970e-01 4.242440569493919611e+01 2.677182234823703766e+00 2.239839861169457436e+00 0.000000000000000000e+00 7.608287405222654343e+00 4.998245090246200562e-02 2.682487237267196623e+00 0.000000000000000000e+00 0.000000000000000000e+00 0.000000000000000000e+00 0.000000000000000000e+00 2.695794859901070595e-01 0.000000000000000000e+00 1.070776712149381499e-01 5.302073713392019272e-01 3.011915907263755798e-01 1.202552571892738342e+00 1.276714334264397399e+00 0.000000000000000000e+00 3.712962381541728973e-02 0.000000000000000000e+00 1.211546201258897781e+00 1.418584100902080536e-01 5.939887091517448425e-02 0.000000000000000000e+00 0.000000000000000000e+00 0.000000000000000000e+00 6.610893979668616138e-01 6.163009768351912498e-01 2.808547578752040863e-02 5.367566198110582665e-01 5.279058131389319897e+00 4.025877639651298523e-02 0.000000000000000000e+00 7.865092158317564530e-02 3.167444063350557837e+00 4.430766478180885315e-01 4.062697672285139561e+00 0.000000000000000000e+00 0.000000000000000000e+00 0.000000000000000000e+00 2.623809874057770122e-02
1.033130642026663104e-01 1.221555023640394388e+01 4.041059911251068115e-01 4.824258252047002316e+00 3.183938530180603266e+01 1.450736519880592823e+00 8.862951784022152424e+01 1.272000928726047277e+02 1.126718955887481570e+02 2.086620836239308119e+01 2.280995529508218169e+02 6.087438035756349564e-01 9.457572384737428450e+00 8.987377025187012758e-02 1.152766027012839913e+02 5.681513799354434013e-01 4.450008850544691086e-01 4.975351261906325817e+00 1.121088229119777957e-01 3.642552036792039871e+00 8.216597122140228748e+00 2.219410527218133211e+01 2.109855022281408310e-01 4.530436343792825937e+01 3.326766414102166891e+01 0.000000000000000000e+00 6.753468432463705540e+00 1.569090371951461060e+00 2.521592876166105555e+02 3.592249788716435432e+01 3.461563462484627962e+01 0.000000000000000000e+00 9.723353117704391479e+00 7.906182138249276958e-01 8.667345673777163029e+00 2.838578969240188599e-01 3.643989078700542450e-01 9.581742063164712386e-02 1.201858017593622208e-01 1.147117687389254570e+00 0.000000000000000000e+00 2.898433879017829895e-01 3.178719230927526951e+00 1.926352146081626415e+00 1.632034696638584581e+00 1.601912734098732471e+00 0.000000000000000000e+00 1.034798499196767807e+00 0.000000000000000000e+00 1.170891982503235340e+00 4.720691367983818054e-01 2.586527354083955288e+00 2.953776195645331781e-01 0.000000000000000000e+00 2.311100102961063385e-01 2.480756200850009918e+00 2.523253986611962763e+00 3.327748738229274750e-02 1.326708218082785606e+00 1.631415730249136331e+01 0.000000000000000000e+00 5.312139689922334984e-01 1.120590195059776084e+00 1.797832259722054005e+01 2.932439538650214672e+00 5.624622187577188015e+00 0.000000000000000000e+00 0.000000000000000000e+00 0.000000000000000000e+00 5.166606642305849872e-01
3.898022957146167755e-01 1.029110165219753981e+01 0.000000000000000000e+00 4.116906020790338516e-01 8.489909885451197624e+00 3.021136475726962090e+00 6.573718129750341177e+01 1.126718955887481570e+02 1.550289889909327030e+02 6.789798613637685776e+00 1.724119533272460103e+02 1.825922647491097450e+00 2.764918373059481382e+01 6.761813815683127560e-01 1.095739415157586478e+02 3.818684844300150871e-01 2.055795537307858467e+00 6.672940161079168320e-01 6.341900676488876343e-02 8.874413361772894859e-01 8.884284898638725281e+00 2.820896231569349322e+00 4.873962271958589554e-01 4.939021271653473377e+00 1.520734897814690889e+01 0.000000000000000000e+00 8.549671992659570174e-02 4.613165408372879028e-01 7.071492808405309916e+01 2.551834297273308039e+01 2.805776377953588963e+01 1.882354170083999634e-02 1.251840754784643472e+01 2.288613731972873211e+00 9.707722449675202370e+00 0.000000000000000000e+00 3.704705778509378433e-01 0.000000000000000000e+00 0.000000000000000000e+00 2.222670800983906139e-02 0.000000000000000000e+00 0.000000000000000000e+00 3.120667775161564794e+00 1.503054400905966981e+00 5.813596986234188080e+00 1.551365293562412540e-01 0.000000000000000000e+00 1.910013705492019653e-02 0.000000000000000000e+00 8.971231561154127121e-01 1.172698494046926637e-01 3.710566293448209763e-01 6.286816485226154327e-02 0.000000000000000000e+00 1.641197502613067627e-02 0.000000000000000000e+00 9.172021020203828812e-01 0.000000000000000000e+00 3.600230645388364792e-01 5.572786261327564716e+00 0.000000000000000000e+00 5.645996518433094719e-02 2.718029730021953583e-02 4.924117697402834892e+00 1.225291702896356583e+00 3.704357704147696495e+00 0.000000000000000000e+00 0.000000000000000000e+00 7.525262981653213501e-02 0.000000000000000000e+00
5.072493311017751694e-01 8.604247933253645897e-01 6.429686645977199078e+00 1.446888465434313042e+00 7.978398306295272135e+00 1.650815464556217416e+00 5.564205740578472614e+00 2.086620836239308119e+01 6.789798613637685776e+00 3.395583863742649555e+01 2.471131486445665359e+01 9.811841277405620731e-01 7.653200924396514893e+00 1.383107647299766541e+00 9.453095983713865280e+00 5.422865705564618111e+00 5.044027662836015224e+00 5.835274979472160339e-02 2.788687311112880360e-02 1.194619648158550401e-01 3.936309892684221268e+00 8.423379690386354923e+00 1.656521360389888287e+01 3.768736879341304302e+00 2.405014545395970345e+02 3.596309274435043335e-01 8.880120133981107555e-01 8.477271895855666983e+00 1.883645540494471504e+02 8.313654563389718533e+00 2.119031883962452056e+01 1.925105787813663483e-02 6.605818103998899460e-01 6.718438733369112015e-01 1.624822404235601425e+00 1.008041445165872574e-01 4.547088891267776489e-01 3.229072317481040955e-02 8.570594154298305511e-02 8.809698093682527542e-01 0.000000000000000000e+00 5.088696610182523727e-01 3.201900484040379524e+00 3.434419864788651466e+00 4.668523059226572514e+00 1.714693792164325936e+00 0.000000000000000000e+00 3.538456764072179239e-01 1.547206100076436996e-02 2.791502495296299458e+00 4.675635509192943573e-01 6.546141644939780235e+00 9.402977116405963898e-02 0.000000000000000000e+00 2.004495598375797272e-01 1.266341842710971555e-01 1.287022640369832693e+01 3.944062776863574982e-01 9.266266453079877508e+00 1.952783522196114063e+01 0.000000000000000000e+00 8.423340599983930588e-01 5.004058703780174255e-01 1.930686788819730282e+01 2.397287940606474876e+00 1.337489048950374126e+01 2.267554402351379395e-02 0.000000000000000000e+00 2.301609516143799106e-01 3.406412620097398758e-01
1.389480594545603021e+00 7.405906487256290749e-01 0.000000000000000000e+00 3.943705931305885315e-02 8.117818585224451056e+01 5.840820256620645523e+00 2.901216287761926651e+02 2.280995529508218169e+02 1.724119533272460103e+02 2.471131486445665359e+01 1.412353827288374305e+03 4.777920395135879517e-01 2.412273206766695068e+02 3.834106214344501495e-01 5.467241696733981371e+01 7.121967114508152008e+00 6.077660322189329944e-01 7.770565468817948185e-01 9.616051428020000458e-02 7.798577873036267594e-01 5.351649006456136703e+01 2.559362300671637058e+00 3.834621759131550789e+00 2.751603843644260916e+00 5.227869409415870905e+01 0.000000000000000000e+00 1.107742115855216980e-01 8.316074684262275696e-02 2.309674101239070581e+02 1.365430483222008107e+01 1.453329373151063919e+00 0.000000000000000000e+00 1.657749196980148554e+01 7.766822464764120415e-01 1.374127881508320570e+01 4.928825981914997101e-02 2.086489461362361908e-02 0.000000000000000000e+00 0.000000000000000000e+00 2.032513950020074844e+00 0.000000000000000000e+00 1.556276744231581965e-01 3.434898759238421917e+00 1.115924389101565106e+00 2.753080720081925392e+00 1.541574971750379053e+00 0.000000000000000000e+00 1.484181601554155350e-01 0.000000000000000000e+00 1.152834501117467880e+00 6.066095419228074714e-01 1.591264475136995038e-01 5.953067541122436523e-02 0.000000000000000000e+00 2.108658477663993835e-02 1.099766798317432626e+00 6.710152328014373779e-01 0.000000000000000000e+00 1.238048579543828964e-01 1.429784189444035469e+01 0.000000000000000000e+00 0.000000000000000000e+00 1.125467643141746521e-01 1.759359913412481546e+01 7.745956955477596440e-01 1.802040752023458481e+00 0.000000000000000000e+00 2.551401033997535359e-02 0.000000000000000000e+00 0.000000000000000000e+00
3.507534116506576538e-01 2.778270486742258072e-01 6.736433990299701691e-01 2.343475986272097189e-01 1.777972280979156494e-02 4.884419515728950500e-01 2.384125124663114548e-01 6.087438035756349564e-01 1.825922647491097450e+00 9.811841277405620731e-01 4.777920395135879517e-01 3.595285361148416996e+02 2.038482669740915298e-01 2.994881073199212551e+01 2.240788670256733450e+00 0.000000000000000000e+00 8.868487924337387085e-02 4.145974765531718731e+00 6.596110398694872856e+01 2.727244502957910299e+01 6.515322811901569366e-02 4.009375339373946190e-01 4.471082091331481934e-01 2.686604618094861507e+00 1.116408702917397244e+00 4.397751715034246445e+00 3.422850067820400000e+01 3.101281124353408458e+01 2.484318559058010578e+00 1.370029601268469843e+00 2.754810964688659158e+00 6.310721853747964794e+00 2.984240692108869553e+00 3.585492074489593506e-02 4.262821665965020657e+00 6.870971228927374996e-01 6.083150766789913177e-02 2.798673130571842194e+00 0.000000000000000000e+00 0.000000000000000000e+00 0.000000000000000000e+00 0.000000000000000000e+00 0.000000000000000000e+00 0.000000000000000000e+00 2.355038560926913868e-02 0.000000000000000000e+00 1.492791999597102048e+01 0.000000000000000000e+00 3.908229712303727865e+01 0.000000000000000000e+00 0.000000000000000000e+00 0.000000000000000000e+00 2.529505528509616852e-01 3.835430541075766087e+00 5.069566685706377029e-01 0.000000000000000000e+00 0.000000000000000000e+00 7.719861585646869973e-01 1.623583585023880005e-02 3.754967655986547470e-01 4.228607028722763062e+00 1.126606707461178658e+01 1.958390082977712154e+01 5.375354737043380043e-02 0.000000000000000000e+00 0.000000000000000000e+00 1.203847030457109568e+01 0.000000000000000000e+00 0.000000000000000000e+00 0.000000000000000000e+00
2.133002690970897952e-01 4.976565018296241760e-02 0.000000000000000000e+00 0.000000000000000000e+00 7.398722734954208136e+01 1.861947605386376381e+00 1.704100159471854568e+02 9.457572384737428450e+00 2.764918373059481382e+01 7.653200924396514893e+00 2.412273206766695068e+02 2.038482669740915298e-01 2.894578902106732130e+02 2.157383225858211517e-02 7.522187163122000086e+00 9.858475572429597378e+00 0.000000000000000000e+00 0.000000000000000000e+00 1.296283770352602005e-02 0.000000000000000000e+00 5.304323848988860846e+01 2.676260098814964641e-02 8.885876648128031297e-02 7.377675548195840316e-02 3.614418106060475111e+01 0.000000000000000000e+00 0.000000000000000000e+00 0.000000000000000000e+00 1.145599226942285895e+02 2.362485204823315144e+00 1.032339707016944885e-01 0.000000000000000000e+00 4.814044177532196045e+00 0.000000000000000000e+00 2.651694283820688725e+00 0.000000000000000000e+00 2.688821777701377869e-02 0.000000000000000000e+00 0.000000000000000000e+00 2.778622843325138092e-01 0.000000000000000000e+00 1.023970395326614519e-01 1.957978866994380951e-02 1.347281932830810547e-01 3.791302815079689026e-02 7.199005782604217529e-02 0.000000000000000000e+00 2.049882449209690094e-01 0.000000000000000000e+00 4.272793978452682495e-02 5.374794453382492065e-02 3.990057110786437988e-01 0.000000000000000000e+00 0.000000000000000000e+00 0.000000000000000000e+00 0.000000000000000000e+00 4.122370108962059021e-02 0.000000000000000000e+00 2.086189761757850647e-02 1.673921691253781319e+00 0.000000000000000000e+00 0.000000000000000000e+00 0.000000000000000000e+00 5.203996731899678707e+00 7.983624935150145097e-02 2.461041826754808426e-01 0.000000000000000000e+00 0.000000000000000000e+00 0.000000000000000000e+00 0.000000000000000000e+00
1.304305914789438248e+00 4.469003900885581970e-02 2.267567470669746399e+00 1.968186348676681519e-02 0.000000000000000000e+00 2.213025093078613559e-01 6.322207413613798455e-01 8.987377025187012758e-02 6.761813815683127560e-01 1.383107647299766541e+00 3.834106214344501495e-01 2.994881073199212551e+01 2.157383225858211517e-02 1.842944347672163730e+01 1.269618831574916840e-01 0.000000000000000000e+00 4.885259456932544708e-02 1.921455617994070053e-01 4.891560894437134266e+00 5.964936461299657822e+00 0.000000000000000000e+00 2.721811216324567795e-01 8.416043035686016083e-01 6.867118664085863911e-01 1.840093856677412987e+00 1.104863312374800621e+01 1.392883954755961717e+01 3.869719073548913002e+01 8.454587142914533615e-01 5.843664519488811493e-02 2.533755345270037651e+00 2.423824478872119936e+00 4.208258716389536858e-01 0.000000000000000000e+00 2.207228178158402443e+00 8.190876198932529606e-01 0.000000000000000000e+00 3.171501701697707176e+00 0.000000000000000000e+00 0.000000000000000000e+00 0.000000000000000000e+00 0.000000000000000000e+00 0.000000000000000000e+00 0.000000000000000000e+00 3.969328291714191437e-02 0.000000000000000000e+00 2.946888735610991716e+01 0.000000000000000000e+00 4.108667120337486267e+01 0.000000000000000000e+00 0.000000000000000000e+00 0.000000000000000000e+00 0.000000000000000000e+00 8.535770829766990531e+00 1.191451217979192734e+00 0.000000000000000000e+00 0.000000000000000000e+00 1.209698617458343506e-01 0.000000000000000000e+00 1.080236904323101044e+00 5.581118950620293617e+00 1.766682399995625019e+01 1.445296102948486983e+01 1.540261507034301931e-02 0.000000000000000000e+00 0.000000000000000000e+00 1.031903023645281792e+01 3.081927262246608387e-02 0.000000000000000000e+00 0.000000000000000000e+00
4.813142567873001099e-01 3.003079211711884255e+01 0.000000000000000000e+00 1.288438457064330578e+00 6.002705125138163567e+00 2.984164316207170486e+00 1.722679834626615047e+01 1.152766027012839913e+02 1.095739415157586478e+02 9.453095983713865280e+00 5.467241696733981371e+01 2.240788670256733450e+00 7.522187163122000086e+00 1.269618831574916840e-01 2.092711878083646297e+02 6.724176034331323937e-01 5.840725135058166817e-01 6.762616596184670925e+00 4.039099281653761864e-01 5.755152351222932339e+00 3.889069529250264168e+00 1.133769665379077196e+01 1.334125095047056453e+00 1.798052005656063557e+01 2.465027167275547981e+01 0.000000000000000000e+00 2.217665700241923332e+00 1.315575147047638449e+00 4.404553273040801287e+01 8.135421761218458414e+01 8.900322294328361750e+01 0.000000000000000000e+00 2.603125959727913141e+01 3.572293845936655998e+00 3.208317912090569735e+01 1.513179913163185120e-01 1.344644296914339066e-01 2.714083157479763031e-02 3.748414944857358932e-01 1.068105176091194014e-01 0.000000000000000000e+00 5.797641556710004807e-01 3.031896078959107399e+00 1.722848547622561455e+00 1.419638877734541893e+00 5.952368751168249927e-01 0.000000000000000000e+00 1.225792355835438052e-01 0.000000000000000000e+00 5.599524872377514839e-01 2.389305643737316132e-02 2.405100950039923191e+00 2.012238092720508575e-02 1.134171336889266968e-01 2.217073738574981343e-02 0.000000000000000000e+00 3.442949532531201839e+00 5.384189076721670325e-02 1.179374882951379044e+00 8.441139280796051025e+00 0.000000000000000000e+00 4.379323516041040421e-01 2.026294209063053131e-01 5.374656962230801582e+00 7.316198525950314835e-01 1.069787903968244613e+01 0.000000000000000000e+00 0.000000000000000000e+00 5.857641808688639901e-02 0.000000000000000000e+00
6.558947917073965073e-02 2.443157136440277100e-02 0.000000000000000000e+00 0.000000000000000000e+00 9.660082673653959118e-01 4.738092686049640179e+00 1.466646687313913944e+01 5.681513799354434013e-01 3.818684844300150871e-01 5.422865705564618111e+00 7.121967114508152008e+00 0.000000000000000000e+00 9.858475572429597378e+00 0.000000000000000000e+00 6.724176034331323937e-01 1.780791213735938072e+00 3.641272336244583130e-02 0.000000000000000000e+00 0.000000000000000000e+00 0.000000000000000000e+00 3.384968161582946777e+00 0.000000000000000000e+00 5.328188631683588028e-01 0.000000000000000000e+00 1.201380707789212465e+01 0.000000000000000000e+00 0.000000000000000000e+00 1.064004432410001755e-01 1.137720207683742046e+01 0.000000000000000000e+00 3.655976429581642151e-02 1.769030466675758362e-02 4.534070175141096115e-01 0.000000000000000000e+00 2.579115889966487885e-02 0.000000000000000000e+00 0.000000000000000000e+00 0.000000000000000000e+00 0.000000000000000000e+00 2.225979417562484394e-02 0.000000000000000000e+00 0.000000000000000000e+00 1.195083484053611894e-01 1.370585449039936066e-01 1.658193152397871017e-01 1.592331640422343930e-01 0.000000000000000000e+00 1.536626461893320084e-02 5.317422002553939819e-02 4.453395325690507889e-01 2.181460577994585037e+00 0.000000000000000000e+00 0.000000000000000000e+00 0.000000000000000000e+00 0.000000000000000000e+00 0.000000000000000000e+00 4.269346874207258224e-01 0.000000000000000000e+00 8.396632596850395203e-01 6.109473630785942078e-01 0.000000000000000000e+00 0.000000000000000000e+00 0.000000000000000000e+00 6.563734887167811394e-01 5.647601932287214799e-02 1.028380002826452533e-01 0.000000000000000000e+00 0.000000000000000000e+00 0.000000000000000000e+00 0.000000000000000000e+00
5.307771181687712669e-01 2.068816311657428395e-02 3.535446599125862122e-01 0.000000000000000000e+00 0.000000000000000000e+00 1.587438024580478668e-02 6.515917181968688965e-02 4.450008850544691086e-01 2.055795537307858467e+00 5.044027662836015224e+00 6.077660322189329944e-01 8.868487924337387085e-02 0.000000000000000000e+00 4.885259456932544708e-02 5.840725135058166817e-01 3.641272336244583130e-02 3.286588839627802372e+01 1.974770780652761459e-01 0.000000000000000000e+00 6.196758337318895166e-02 0.000000000000000000e+00 5.214326378703117371e+01 2.716524570807815309e+01 7.510269476659595966e+01 5.560652651824057102e+00 0.000000000000000000e+00 1.823706626892089566e-01 8.735111153684556484e+00 3.255177485290914774e+01 6.587068531662224613e-01 1.971119062043726222e+00 0.000000000000000000e+00 6.421392597258090973e-02 1.671330425888299942e-01 1.593300532549619675e-01 2.704965565353631973e-01 8.674000948667524857e-02 2.852912805974483490e-02 4.488689582794904709e-01 0.000000000000000000e+00 0.000000000000000000e+00 0.000000000000000000e+00 2.587419021874666214e-01 5.127828568220139938e-02 4.045192804187536240e-01 0.000000000000000000e+00 0.000000000000000000e+00 4.141466319561004639e-02 2.128780446946620941e-02 5.595875699073076248e-01 1.837728545069694519e-02 8.333403596654534340e+00 1.248548844829201698e+00 0.000000000000000000e+00 1.661529578268527985e-02 0.000000000000000000e+00 1.046257433202117682e+01 2.663031971082091331e+00 2.474353159032762051e+01 1.304298518225550652e+00 0.000000000000000000e+00 1.262281909584999084e-01 3.711120350286364555e+00 2.703756781294941902e+00 4.070037603378295898e-02 6.644513474777342665e+00 0.000000000000000000e+00 0.000000000000000000e+00 0.000000000000000000e+00 1.391557753086090088e-01
3.218505531549453735e-02 3.235192783176898956e-01 2.843208499252796617e+00 1.207519741728901863e+01 6.392851471900939941e-02 0.000000000000000000e+00 5.008411407470703125e-02 4.975351261906325817e+00 6.672940161079168320e-01 5.835274979472160339e-02 7.770565468817948185e-01 4.145974765531718731e+00 0.000000000000000000e+00 1.921455617994070053e-01 6.762616596184670925e+00 0.000000000000000000e+00 1.974770780652761459e-01 6.560468174517154694e+00 4.228052569553256035e+00 2.731172266043722630e+01 0.000000000000000000e+00 1.780443509481847641e+01 1.022979026660323143e+00 4.099988717772066593e+01 8.804098609834911660e-01 0.000000000000000000e+00 2.949127889424562454e+01 5.168454272393137217e+01 2.693669784814118895e+00 1.296386432833969593e+00 9.786262832581996918e+00 2.302627637982368469e-02 7.688245363533496857e-02 1.769998334348201474e-01 3.525938292965293375e+00 1.586565719917416573e-01 0.000000000000000000e+00 1.005999691784381644e+00 6.185004767030477524e-02 0.000000000000000000e+00 0.000000000000000000e+00 0.000000000000000000e+00 1.281583309173583984e-02 0.000000000000000000e+00 3.388590514659881592e-01 0.000000000000000000e+00 0.000000000000000000e+00 0.000000000000000000e+00 4.687812943011522293e-01 0.000000000000000000e+00 0.000000000000000000e+00 1.657966729253530502e-01 4.715156648308038712e-01 8.267849683761595292e-02 1.339215880259871483e+00 0.000000000000000000e+00 3.084168218076229095e+00 5.442118085920810006e-02 2.893136162310838699e-01 1.458043884485960007e-01 6.266866251826284928e-02 6.321958318352699280e+00 1.781255881395190954e+01 8.892364427447320419e-02 0.000000000000000000e+00 2.805538205429911613e-01 2.902704663574695587e-02 0.000000000000000000e+00 0.000000000000000000e+00 0.000000000000000000e+00
0.000000000000000000e+00 0.000000000000000000e+00 1.509584710001945496e-01 1.048519980162382348e+00 0.000000000000000000e+00 0.000000000000000000e+00 0.000000000000000000e+00 1.121088229119777957e-01 6.341900676488876343e-02 2.788687311112880360e-02 9.616051428020000458e-02 6.596110398694872856e+01 1.296283770352602005e-02 4.891560894437134266e+00 4.039099281653761864e-01 0.000000000000000000e+00 0.000000000000000000e+00 4.228052569553256035e+00 5.294830491766333580e+00 2.275658321939408779e+01 5.732655525207520225e-02 2.760043624788522720e+00 0.000000000000000000e+00 2.903223648667335510e+00 0.000000000000000000e+00 4.181504435837268829e-02 3.725804229825735092e+01 1.324345453828573049e+01 1.919698975980281552e-01 1.705520041286945343e-02 6.955378148704767227e-01 2.729069152846932411e+00 0.000000000000000000e+00 0.000000000000000000e+00 2.522779898717999458e-01 2.191207706928252896e-01 0.000000000000000000e+00 2.732423618435860235e-01 0.000000000000000000e+00 0.000000000000000000e+00 0.000000000000000000e+00 0.000000000000000000e+00 3.809361532330513000e-02 0.000000000000000000e+00 0.000000000000000000e+00 0.000000000000000000e+00 1.673384109511971474e+00 0.000000000000000000e+00 3.757668102160096169e+00 0.000000000000000000e+00 0.000000000000000000e+00 8.043871074914929475e-02 2.062492072582244873e-02 6.876938305795191608e-01 7.770694438368083157e-01 0.000000000000000000e+00 2.935618162155151367e-02 0.000000000000000000e+00 0.000000000000000000e+00 2.134240232408046375e-02 3.147463910281658173e-01 2.990471236407756805e+00 2.721633407287300077e+00 0.000000000000000000e+00 0.000000000000000000e+00 0.000000000000000000e+00 9.376252153888345875e-01 0.000000000000000000e+00 0.000000000000000000e+00 0.000000000000000000e+00
0.000000000000000000e+00 1.969963454641401768e+00 1.917180712334812132e+00 7.053508770652117121e+00 5.925736203789710999e-02 0.000000000000000000e+00 4.434880875051021576e-01 3.642552036792039871e+00 8.874413361772894859e-01 1.194619648158550401e-01 7.798577873036267594e-01 2.727244502957910299e+01 0.000000000000000000e+00 5.964936461299657822e+00 5.755152351222932339e+00 0.000000000000000000e+00 6.196758337318895166e-02 2.731172266043722630e+01 2.275658321939408779e+01 2.102436747401952744e+01 0.000000000000000000e+00 6.427041720598936081e+00 4.055088292807340622e-01 4.701438017282634974e+01 3.953876495361328125e-01 6.166708394885060951e-01 8.944040551781654358e+01 4.085066572763025761e+01 9.353196565061809853e-01 3.586485937237739563e+00 2.335378750134259462e+01 1.909233510494232622e+00 2.663327977061271667e-01 5.933797918260100279e-02 1.305462969467043877e-01 5.856700483709575966e-01 0.000000000000000000e+00 7.318317219614982605e-01 2.378077823668718060e-01 0.000000000000000000e+00 0.000000000000000000e+00 0.000000000000000000e+00 1.592377722263335904e-01 8.227999135851860046e-02 2.139151096343993863e-01 0.000000000000000000e+00 7.600169181823730469e-01 4.322427511215209961e-02 3.801177347078919411e+00 1.148258093744516234e-01 0.000000000000000000e+00 4.258619248867034218e-02 9.567021951079369979e-02 7.486936850473282501e-01 3.800194135867059231e+00 0.000000000000000000e+00 5.385065805166959763e-01 3.108435124158859600e-02 8.500474095344543457e-01 2.806538436561822336e-01 1.548900643363595231e+00 1.360617823898792444e+01 2.356070487946271896e+01 2.423648349940777172e-02 0.000000000000000000e+00 1.672037914395332614e-01 9.972090627998112522e-01 0.000000000000000000e+00 0.000000000000000000e+00 0.000000000000000000e+00
2.388968784362077991e-01 9.486151859164239364e-02 0.000000000000000000e+00 0.000000000000000000e+00 1.938904516212642193e+01 4.505553450435400009e-01 3.127621348388493061e+01 8.216597122140228748e+00 8.884284898638725281e+00 3.936309892684221268e+00 5.351649006456136703e+01 6.515322811901569366e-02 5.304323848988860846e+01 0.000000000000000000e+00 3.889069529250264168e+00 3.384968161582946777e+00 0.000000000000000000e+00 0.000000000000000000e+00 5.732655525207520225e-02 0.000000000000000000e+00 1.095587127096951008e+01 0.000000000000000000e+00 0.000000000000000000e+00 1.916125603020190846e-02 1.409384771063924013e+01 0.000000000000000000e+00 0.000000000000000000e+00 0.000000000000000000e+00 1.049291965141892149e+02 9.624773971736431122e-01 2.297212444245815832e-01 0.000000000000000000e+00 6.704576788470149040e-01 7.243261858820915222e-02 1.285805991850793584e+00 0.000000000000000000e+00 0.000000000000000000e+00 0.000000000000000000e+00 0.000000000000000000e+00 6.002033315598964691e-02 0.000000000000000000e+00 5.064846947789190118e-02 1.863259393721818924e-01 1.261732624843716621e-01 4.254945367574691772e-02 3.829100579023361206e-01 0.000000000000000000e+00 1.082872692495584488e-01 0.000000000000000000e+00 9.700903296470640702e-02 0.000000000000000000e+00 0.000000000000000000e+00 0.000000000000000000e+00 0.000000000000000000e+00 0.000000000000000000e+00 1.987274736166000366e-02 3.548321500420570374e-02 0.000000000000000000e+00 1.969061233103275646e-02 6.493880152702331543e-01 0.000000000000000000e+00 0.000000000000000000e+00 0.000000000000000000e+00 1.007435470819473267e+00 3.313263561576604843e-01 7.084560990333554908e-01 0.000000000000000000e+00 0.000000000000000000e+00 0.000000000000000000e+00 0.000000000000000000e+00
9.076532237231730305e-01 2.816222169436514378e+00 2.471448052674531659e-01 1.773673232179135084e+01 7.862708345055580139e-02 1.734092868864536285e-01 7.799186492338774368e-01 2.219410527218133211e+01 2.820896231569349322e+00 8.423379690386354923e+00 2.559362300671637058e+00 4.009375339373946190e-01 2.676260098814964641e-02 2.721811216324567795e-01 1.133769665379077196e+01 0.000000000000000000e+00 5.214326378703117371e+01 1.780443509481847641e+01 2.760043624788522720e+00 6.427041720598936081e+00 0.000000000000000000e+00 3.505240834858267931e+02 2.294032352976500277e+01 5.980801859553903341e+02 4.559531942941248417e+00 1.815214753150939941e-01 1.410994688142091036e+01 1.856422105431557057e+01 4.337722544651478529e+01 1.185810081195086241e+01 8.836786878947165746e+01 4.660261049866676331e-02 1.045571371912956238e+00 2.546037699095904827e+00 5.172136666439473629e+01 2.436796166002750397e-01 1.233270447701215466e-01 1.773138372227549553e-01 9.382954277098179974e-01 2.745468541979789387e-02 0.000000000000000000e+00 3.526724874973297119e-02 1.092830583453178406e+00 1.669952692463994026e-01 4.030879693105816841e+00 4.741789400577545166e-02 0.000000000000000000e+00 3.088290616869926453e-02 5.616013891994953156e-02 6.531662214547394596e-01 3.521414874121546745e-01 3.351967154163867235e+01 1.030633670277893543e+00 1.160554476082324982e-01 4.542672261595726013e-01 0.000000000000000000e+00 4.033238735795021057e+01 4.572648060508072376e+00 3.797618265636265278e+01 8.525884061120450497e+00 5.691166594624520042e-02 4.737017434090375900e-01 5.643732436932623386e+00 9.725331005640331483e+00 2.746270265430212021e+00 2.101160369068384171e+01 0.000000000000000000e+00 0.000000000000000000e+00 4.457877390086650848e-02 1.065998563542962074e+00
