1.000000000000000000e+00,1.339389358410727759e-01,6.005659755851785464e-01,2.845358550589526803e-01,5.251885886061526815e-02,2.083543065858106669e-01,3.684144194395676530e-01,2.565220464012219481e-01,2.541167254596148339e-01,2.628002855894180922e-01,3.456331089557967973e-01,2.245074147023993216e-01,1.620530688698209876e-01,3.934136922762035971e-01,6.760664296782502303e-02,1.197765127068803892e-01,4.664806539005220687e-01,3.455601331218415839e-01,4.917133191289390637e-01,1.835269370551114720e-01,2.663962925728295406e-01,3.495646949923364999e-01,2.323397903226025185e-01,3.218547702968365121e-01,1.220029310033404063e-01,4.418064509566977938e-01,3.964068219818621674e-01,1.179759494029753754e-02,6.101345328263847456e-01,3.997009436482987232e-01,2.206731766905948577e-01,3.265327874119565432e-02,2.059266425734612160e-01,1.890609592463596000e-01,5.606087930433841793e-01,2.188190985506028863e-01,4.894523136564993826e-01,2.482808282557009139e-01,7.749172678869842290e-02,1.365491020858799753e-01,3.628325162213524302e-01,2.161097974631827900e-01,2.502869853299655722e-01,1.951135483635542678e-01,3.255522770555763779e-01,1.959452173103854722e-01,4.396261082679372989e-02,3.464475980516713016e-01,6.257060364588779011e-02,1.496697565207323055e-01,3.978963164475510794e-01,3.680375519155658637e-01,4.825540627242819181e-01,1.733942625245207814e-01,2.405531589150962379e-01,2.980223850253852502e-01,2.200329916551952703e-01,3.038227564065736352e-01,1.014613576509230536e-01,2.981187697806811920e-01,4.033667774773558312e-01,2.293328455468587879e-02,5.168421304245203185e-01,1.958929916554223716e-01,9.053906170880546278e-02,2.193583881905666888e-02,2.854253811318367973e-01,1.882535049538847094e-01
1.339389358410727759e-01,1.000000000000000000e+00,9.259938999162939388e-02,3.145124844086280014e-01,4.373120009592431495e-02,1.179252407335410757e-01,-9.422033395446532955e-03,5.512277884119345245e-02,1.027767091774449242e-02,1.644771877634680080e-01,1.537203738353767613e-01,2.849620127494062460e-01,-1.145714844535779958e-01,-1.250947745081313345e-01,5.770345171380264482e-02,3.243976079097302678e-01,3.242534016622152793e-01,-1.565163175910201376e-01,6.583819577046186311e-02,3.228883697050235480e-01,3.605011206014033243e-01,3.182601598570315438e-01,4.607300091007804355e-01,1.004493633100117939e-01,4.956707471869579301e-02,2.872522812363697553e-01,2.513757663270258513e-01,3.089976138680926576e-01,2.162729423239355409e-01,3.449148587846345149e-01,-1.133776099860841075e-01,-9.086163353619020056e-02,1.710457081689035763e-01,3.630042202131535944e-01,2.482169506529489644e-01,4.085722507250584834e-01,1.736853225958826796e-01,2.656173061964081650e-01,4.180100436115912615e-02,8.869189214109325647e-02,5.172607102264990819e-02,1.040988663079712301e-01,1.073297255746769319e-01,3.675008057668200517e-02,8.146882293183305146e-02,2.805400519917006230e-01,-1.474862471055581048e-01,-7.283879340135464286e-02,4.036230353419682088e-02,3.410640204841705603e-01,3.371932067337198302e-01,-1.133432348801980266e-01,1.368872084903456077e-01,2.714187530122606495e-01,3.572873026593297863e-01,3.326192518927597042e-01,4.381851707258199724e-01,1.269675350823246673e-01,4.766256073057047876e-02,2.603649265901598064e-01,3.367163023402626187e-01,2.453024723816542296e-01,1.675280365910020441e-01,4.154912076454459480e-01,-1.591740280618185455e-01,-1.052694678032685266e-01,1.887680368535796516e-01,3.403662209786329496e-01
6.005659755851785464e-01,9.259938999162939388e-02,1.000000000000000000e+00,2.964377246071787653e-01,8.136073892750683711e-02,3.558419181418794874e-01,7.002353133157142029e-01,5.582483567660273538e-01,3.929400060018375385e-01,2.325379068844942998e-01,5.746841171182479613e-01,3.193953177661500442e-01,2.387094157511045200e-01,5.899260494251241660e-01,2.896777655398440898e-01,5.034366579338202252e-02,6.888669859201619339e-01,6.077658593148577149e-01,5.569585128975342858e-01,2.391201154767938764e-01,1.758779688256131291e-01,5.020937790406153622e-01,1.715364610678708490e-01,5.000361846593825987e-01,2.579260674424495026e-01,7.365277481928673708e-01,6.690225441551517216e-01,1.307037381116087360e-01,2.743648620928200166e-01,5.531286981689742532e-01,2.151462019396764014e-01,8.193276677026521682e-02,1.570739747711264178e-01,2.113176188203614025e-01,3.018746686141524638e-01,1.679280290304751844e-01,5.769609770505355062e-01,2.536547403116243271e-01,1.526168348523017637e-01,2.203628155858051163e-01,5.493725701391858340e-01,3.204304509297528081e-01,2.687044833944717825e-01,1.670815661381769568e-01,3.428734822950519900e-01,2.618561023522166797e-01,6.151379655167606153e-02,5.544365060394931266e-01,2.331504577709032633e-01,7.432839076659768229e-02,4.086750580384960196e-01,5.752480522171095068e-01,5.050107236908228936e-01,2.329523929281179517e-01,1.486707300843755075e-01,2.858067156750431215e-01,1.343554790582324743e-01,3.699392622547604259e-01,1.274010175745824425e-01,3.605301323162642402e-01,5.097495677957888383e-01,3.010494901105152318e-02,2.794555572103558649e-01,1.615847242729504529e-01,8.554279346312662624e-02,3.857244259907102041e-02,2.448141619460459384e-01,1.386591531017543066e-01
2.845358550589526803e-01,3.145124844086280014e-01,2.964377246071787653e-01,1.000000000000000000e+00,7.380905352552018239e-02,4.682209677832956940e-01,2.057403066951101755e-01,2.090607118795304864e-01,1.149018638469586212e-01,6.776820112449973843e-01,1.861725752632654995e-01,8.515553059515623691e-01,-1.399753611538070430e-01,-6.360162203958079352e-02,9.035341065781785086e-02,4.636462427125720431e-01,3.647240345219430191e-01,-8.335087225552627321e-02,2.655698040165149765e-02,8.407864777297167080e-01,5.534252433707937957e-01,5.003818872875324120e-01,5.771468423068195630e-01,3.322469212798023763e-01,-1.598509928202483665e-02,4.802299609805004144e-01,2.000056832876947466e-01,5.878957888995453018e-01,3.900595560272808737e-01,5.340259910169790070e-01,-9.808042519623838551e-02,-1.702370490423830707e-01,3.184645328250695906e-01,4.430427724783976839e-01,4.086889454111795605e-01,4.318907553778237873e-01,3.905582929028075245e-01,8.859672515343862687e-01,8.652944520705822817e-02,4.788624896265120667e-01,3.503970468163586371e-01,2.373998097579373967e-01,2.532847033632251721e-01,4.887492735753883877e-01,1.462091987809800153e-01,8.277904928597556999e-01,-2.232941721489627440e-01,8.064338295566259029e-02,1.536200026392588736e-01,4.728817065779343243e-01,5.159973746776235215e-01,1.075995061553903023e-02,1.156058996966500829e-01,8.153251231842398861e-01,5.792861863474690898e-01,4.835225864792243033e-01,6.275718613208141061e-01,4.192808073945601954e-01,7.855353104005988532e-03,5.042653123361761081e-01,4.167236263269347707e-01,5.527813869767165267e-01,3.600776286269137261e-01,5.731689167711945254e-01,-1.907072825565830354e-01,-1.251703331644908879e-01,4.358778800840214518e-01,4.308726787816571924e-01
5.251885886061526815e-02,4.373120009592431495e-02,8.136073892750683711e-02,7.380905352552018239e-02,1.000000000000000000e+00,2.030511726146450036e-01,1.202222053743347840e-01,2.111825536203156828e-01,8.482524156902666868e-02,4.887060721721326467e-02,1.367919320988326692e-01,1.283590116821929639e-01,3.977565730112494341e-02,3.455254616513167565e-02,1.414936424093311551e-01,6.718366387692671637e-02,7.768684225899775975e-02,8.567486947203620251e-02,6.974632191173132933e-02,9.390143499737940713e-02,1.058387518267688149e-01,1.604955120762929510e-01,1.204959349918351408e-01,1.028166841813250160e-01,8.333886126801433314e-02,9.063529872487703642e-02,6.462452465402376833e-02,1.242997399277524090e-01,6.154094016039086262e-02,1.363293890648849815e-01,-5.472581949371727733e-02,1.030805484399409527e-01,5.755276336074714727e-02,1.514593044691076584e-01,7.177753932896309419e-02,1.046416366063573772e-01,2.405438220136799782e-02,9.191252036886664312e-02,7.148459718758716497e-02,1.382598345690262132e-01,4.839542491122422047e-02,8.041255728553091398e-02,3.066073561110554263e-02,1.269293433786360635e-02,8.470598133975752730e-02,1.216953530341004092e-01,-1.146147147375725650e-02,7.639872542418088552e-02,9.067746225765749291e-02,1.063231893512965598e-01,6.354512874579520965e-02,5.704162850449420036e-02,7.414413439094286185e-02,9.756790502723343417e-02,1.024276955116784210e-01,1.017525685144259479e-01,1.074048841032479717e-01,1.165328835070417318e-01,5.389676580606643508e-02,3.285419921898444923e-02,7.070285764772805959e-02,7.752059485264706229e-02,6.166549346570120854e-02,1.049689948000610829e-01,-4.694240099744288741e-02,3.573984466702592039e-02,5.921952093832570652e-02,1.175564796283668223e-01
2.083543065858106669e-01,1.179252407335410757e-01,3.558419181418794874e-01,4.682209677832956940e-01,2.030511726146450036e-01,1.000000000000000000e+00,4.437398606130213974e-01,5.072200192383200523e-01,2.799639563851945012e-01,5.603217277942154073e-01,3.006608947079144056e-01,5.960837833418867193e-01,1.662037004457094791e-01,1.078737854426467663e-01,3.888511568346471048e-01,2.402181730749718136e-01,2.234959233379675836e-01,2.138844407505879897e-01,1.670277097605461780e-01,5.106630988537399496e-01,2.214239790559567878e-01,3.975462757272842929e-01,2.909637153504995855e-01,4.105367162760351629e-01,1.605256469318745993e-01,2.173683131339439467e-01,2.388868770679286047e-01,4.793041637101736474e-01,1.632035269770887587e-01,2.460941668326578624e-01,3.145042994481434678e-02,8.890632108283562374e-02,1.570775114386998850e-01,2.510303864439508703e-01,2.218198970849892260e-01,2.266028828116880001e-01,2.173603532595249910e-01,5.188194664429794933e-01,1.084811114286275274e-01,7.710998323809709065e-01,3.204308507191073185e-01,2.158057689282721070e-01,2.161743626295256071e-01,4.216787903326525977e-01,2.466117138497566086e-01,6.188920585572462718e-01,2.779877969189651146e-02,2.000846631512756546e-01,3.780140346516741023e-01,2.777200661296800877e-01,2.547415689367090730e-01,1.438671986651351986e-01,2.464205586638576473e-01,5.454719678168724606e-01,2.586076235127428014e-01,2.715230870918984851e-01,3.032709887081099787e-01,4.830312305091147285e-01,1.245891936039724701e-01,1.439792378117002170e-01,2.961717265045498704e-01,4.101227940093336022e-01,2.469062325571740324e-01,2.483659814783796549e-01,-6.942324968387675321e-02,7.573199158267344966e-02,2.920815164873060144e-01,2.628235840053389505e-01
3.684144194395676530e-01,-9.422033395446532955e-03,7.002353133157142029e-01,2.057403066951101755e-01,1.202222053743347840e-01,4.437398606130213974e-01,1.000000000000000000e+00,6.034244146695393329e-01,6.894172779048205468e-01,8.192690588491567671e-02,4.880332226005977825e-01,2.903371641270268144e-01,5.365056446035073590e-01,7.455564342733695948e-01,5.006814757914348490e-01,2.595056043098918630e-02,3.580144754716576005e-01,6.136198672571384627e-01,4.480018323821681747e-01,1.835343419612885663e-01,8.269942366821055046e-02,5.503153967068985519e-01,-3.811464629378961966e-02,7.944930264381723228e-01,5.173328958819399803e-01,5.463307542767747993e-01,6.747897049632298749e-01,5.797599663049969598e-02,1.294207250915558050e-01,3.391075681594166724e-01,3.196382096060451650e-01,2.739268843270769582e-01,1.297532878190618966e-01,1.131848232543367777e-01,1.175015440633653957e-01,9.811754918567307249e-02,3.710827361281252013e-01,1.978926148331537627e-01,1.716550601671996412e-01,3.130350681954496284e-01,6.112428731206838162e-01,2.337864845557316440e-01,4.566221655328919771e-01,5.944984300937468380e-02,3.084233099635621533e-01,2.498940666134860655e-01,3.756862083902504090e-01,7.283892444308155412e-01,4.424108128533156825e-01,6.947712861775060152e-03,1.015243944043634078e-01,4.999087353647514442e-01,4.393481705396464210e-01,2.055465041932413583e-01,3.358270574615192239e-02,2.248499931639596494e-01,-4.738873842325434793e-02,6.392713879162974511e-01,3.620701775284699830e-01,1.017677938683704542e-01,5.079112331185164919e-01,-6.871180465964710216e-02,1.926635500379714760e-01,-3.418702767403231091e-02,2.539443593529800980e-01,2.141119886149603080e-01,2.189284098050268967e-01,9.351734748063450509e-02
2.565220464012219481e-01,5.512277884119345245e-02,5.582483567660273538e-01,2.090607118795304864e-01,2.111825536203156828e-01,5.072200192383200523e-01,6.034244146695393329e-01,1.000000000000000000e+00,3.466656525029899738e-01,1.296449353175727903e-01,5.417735742667647569e-01,2.955176650705277908e-01,3.561058867051282717e-01,4.066847315302616339e-01,3.951102171572354882e-01,1.719152936389108377e-01,3.910476522490208273e-01,6.198544865628982103e-01,3.338095264261694006e-01,2.106133702218758175e-01,2.507376318955770733e-01,4.545657099457409145e-01,2.913469309140853114e-01,3.538556983032569714e-01,2.691759477869724582e-01,4.283280623882456672e-01,4.265688724440879764e-01,3.089791477896371430e-01,2.020337451293600650e-01,5.203915652126812619e-01,4.450501701812826366e-02,2.015094731691877139e-01,2.094380384278695384e-01,3.672395090977848553e-01,2.379764502183824848e-01,1.185935964157038558e-01,2.578283393999148965e-01,1.973969427619286510e-01,1.710858692825096006e-01,3.134647708820548218e-01,4.066127750867207236e-01,4.426001129803993628e-01,2.178672021168548412e-01,7.076798274449408455e-02,3.512264830067876042e-01,2.668123437023007805e-01,1.435121481759939754e-01,4.728254819956108079e-01,3.000120154938721861e-01,2.173268747766873843e-01,2.503479356021793834e-01,4.619112253722947870e-01,3.681221554794950057e-01,1.994901597530565895e-01,2.159359663870656643e-01,2.185999625318726658e-01,2.196096734446325305e-01,2.926059001940558568e-01,1.746539254908335559e-01,1.705349057800389090e-01,3.347424740070193971e-01,1.491621287956379771e-01,2.908589141592275995e-01,2.640312938461134018e-01,-6.971880697424860662e-03,1.197093656807561995e-01,2.847247128355321899e-01,3.047301048259748457e-01
2.541167254596148339e-01,1.027767091774449242e-02,3.929400060018375385e-01,1.149018638469586212e-01,8.482524156902666868e-02,2.799639563851945012e-01,6.894172779048205468e-01,3.466656525029899738e-01,1.000000000000000000e+00,-1.601423687081443212e-02,3.344860977272571811e-01,1.714373775982300785e-01,5.439174078868016515e-01,5.801431319367119643e-01,3.661817689357024785e-01,3.256528205596168069e-02,1.335373709252894447e-01,3.925059599110236053e-01,3.387692707024784755e-01,1.032592676121331654e-01,6.386450790971782976e-02,4.346233075662863654e-01,-9.981619976025613017e-02,7.037114584692317765e-01,5.234075857085246364e-01,2.715772721527320299e-01,5.104401021444378017e-01,-1.019632922697597532e-01,1.543747049106587443e-01,1.012216980268547534e-01,3.245758720054464641e-01,2.915140282451354481e-01,1.262647169124120061e-01,6.179635579489906050e-02,2.896631670440568893e-02,7.356313082943528869e-02,1.088692308646948825e-01,1.225550974757046857e-01,1.104972400716509734e-01,2.397332606480595818e-01,3.073682438401668104e-01,2.929384937208380155e-02,4.213951826760363728e-01,3.687746444924924066e-02,2.155036451729757108e-01,1.488174706837734340e-01,4.095332802769301450e-01,5.042917621813280959e-01,3.708743131763803103e-01,1.169632467675344595e-02,-7.816921973996178441e-02,2.533477506776967147e-01,2.997282406524363063e-01,1.299729274029501891e-01,1.160287983188800984e-02,1.253805165133020372e-01,-9.795656735551000471e-02,5.173334561688571753e-01,3.774760889471224234e-01,-1.064192434478481303e-01,3.227545336079999938e-01,-1.698022236480515867e-01,1.913086249471390443e-01,-1.548538085238573558e-01,2.663436752359281678e-01,2.358880184990350126e-01,1.782056267083808321e-01,6.423372456800957586e-02
2.628002855894180922e-01,1.644771877634680080e-01,2.325379068844942998e-01,6.776820112449973843e-01,4.887060721721326467e-02,5.603217277942154073e-01,8.192690588491567671e-02,1.296449353175727903e-01,-1.601423687081443212e-02,1.000000000000000000e+00,1.169242776284843272e-01,6.614014056019135168e-01,-2.073806882846068456e-01,-1.351622431492491283e-01,-2.328637996281496605e-02,2.897035298202513820e-01,2.038051706066696112e-01,-7.858251613993004481e-02,-6.487456776112306145e-02,6.487184855417537088e-01,3.224480614135131207e-01,2.968858544527494536e-01,3.411345691547957859e-01,5.701675835193585617e-02,-1.334464685472881718e-01,3.039916102667397646e-01,-4.168839594792906472e-03,4.152369071931573674e-01,3.712120378657328135e-01,2.841903860816103466e-01,-2.011919108558344327e-01,-1.608929148114439378e-01,3.001351792706299371e-01,2.146849497269571194e-01,3.482123423999444189e-01,3.261246825845536268e-01,3.838759026526834539e-01,6.866010365604919841e-01,8.663651366656514863e-02,6.371068212433673716e-01,3.186831625004457602e-01,2.262272742338184706e-01,1.586323969069243778e-01,8.405985463628402599e-01,7.462805803483515965e-02,6.981880710722416783e-01,-2.135801223597559306e-01,9.998165612204661795e-03,6.833546874206629373e-02,3.085346731572198298e-01,4.590529897689236138e-01,3.351190363155983482e-02,5.235146233324211931e-03,6.949149891152863745e-01,3.837574693902964240e-01,4.042817901337726894e-01,4.647282878511849180e-01,2.285563691990463164e-01,-1.491914332037575473e-02,4.928926608388236597e-01,2.480909382502571869e-01,5.467896507628715597e-01,3.760109123235808037e-01,4.138346354840223285e-01,-2.550449559833824487e-01,-1.313419130374058330e-01,4.116577653850042040e-01,2.711588145502787928e-01
3.456331089557967973e-01,1.537203738353767613e-01,5.746841171182479613e-01,1.861725752632654995e-01,1.367919320988326692e-01,3.006608947079144056e-01,4.880332226005977825e-01,5.417735742667647569e-01,3.344860977272571811e-01,1.169242776284843272e-01,1.000000000000000000e+00,2.284528917501788825e-01,3.434872245005273772e-01,4.094936259328465500e-01,2.792296404247761044e-01,4.067333084872853249e-02,5.222008254062637800e-01,5.683857877941349557e-01,4.841997084390651795e-01,1.547419747736239193e-01,1.373594646837187905e-01,4.052836154293518178e-01,1.420481395885516696e-01,3.127846850622023056e-01,3.653140151887717679e-01,5.197133737904798823e-01,5.498994273361280660e-01,5.300244365257088253e-02,2.451299636807746651e-01,3.911069588051241386e-01,1.289618946345906236e-01,1.669478793028553454e-01,1.819111795630181938e-01,3.178640235823128046e-01,1.919584085299506915e-01,1.930036913213229455e-01,2.691685401356926355e-01,1.316136150342124556e-01,1.483797862148383273e-01,2.064608340671472975e-01,2.397092410470230972e-01,1.903739796442751597e-01,1.693571497539768655e-01,7.296088812363339671e-02,3.895077654877583950e-01,1.981615361283345367e-01,1.359361287652177674e-01,3.671729398405765288e-01,2.214051010369524897e-01,1.015600377963119111e-01,2.835823432328480331e-01,4.462338847523656948e-01,4.609964380841536369e-01,1.361636356396301595e-01,1.114294658864096871e-01,2.189616945476619558e-01,8.932995333770586688e-02,2.006228271118526696e-01,2.441490767661245731e-01,1.444480931982924654e-01,3.655941545929047298e-01,-6.956269547970395095e-02,2.563772779837714122e-01,1.073723634273015676e-01,2.564649442484853020e-02,1.203233638401732114e-01,2.290845042528440734e-01,1.991141375605564867e-01
2.245074147023993216e-01,2.849620127494062460e-01,3.193953177661500442e-01,8.515553059515623691e-01,1.283590116821929639e-01,5.960837833418867193e-01,2.903371641270268144e-01,2.955176650705277908e-01,1.714373775982300785e-01,6.614014056019135168e-01,2.284528917501788825e-01,1.000000000000000000e+00,-1.006200618646753697e-01,-2.960906994267748643e-02,2.106416582566415785e-01,4.885693648883675522e-01,3.790855202145130276e-01,-2.642866588933921040e-02,6.328642195581817009e-02,8.754884274395814403e-01,4.981689960577440068e-01,5.525327179945591638e-01,5.641456376966246244e-01,4.215281735948546715e-01,5.071367138999759161e-02,4.818736659414776247e-01,2.469245794997052545e-01,6.565968433283029260e-01,3.034673656270527320e-01,5.488318951894942677e-01,-8.225642149499758082e-02,-1.502061048034754043e-01,2.893755534934374096e-01,4.668259349888213561e-01,3.673593851959746637e-01,4.324142662722749719e-01,3.652310386653264684e-01,8.657492950336921345e-01,1.084524454265865245e-01,5.915572725276352362e-01,3.631307702344408472e-01,2.163012889110118575e-01,2.897629241497550190e-01,4.388974228392590327e-01,1.676833849042558833e-01,8.970816484995794982e-01,-2.146553337048325849e-01,1.163240120937785033e-01,2.388526875403915728e-01,4.913742841194332356e-01,4.957837779638895603e-01,5.601874713173587289e-02,1.706471604448547841e-01,8.569741788475147004e-01,5.380867139308452840e-01,4.863296231575296447e-01,5.947443542319793552e-01,5.160288427299550840e-01,5.524266437260028778e-02,4.553303366045257650e-01,4.428291657548581450e-01,5.791387947671062797e-01,3.143688495233808444e-01,5.879736066322230892e-01,-1.808880930921341890e-01,-1.005402564993659736e-01,4.307296517479533571e-01,4.621805988398918208e-01
1.620530688698209876e-01,-1.145714844535779958e-01,2.387094157511045200e-01,-1.399753611538070430e-01,3.977565730112494341e-02,1.662037004457094791e-01,5.365056446035073590e-01,3.561058867051282717e-01,5.439174078868016515e-01,-2.073806882846068456e-01,3.434872245005273772e-01,-1.006200618646753697e-01,1.000000000000000000e+00,6.296162785577541499e-01,2.998347946086722948e-01,-1.214563193598907215e-01,-1.974756975796636282e-02,5.204190866160798290e-01,4.070543130485095307e-01,-1.369228516040430499e-01,-9.383104679930810710e-02,1.512290152962856571e-01,-2.256941564932167243e-01,4.210089797625968244e-01,5.713125062589711201e-01,8.867940232790818894e-04,4.576670393809387227e-01,-3.067446697926252130e-01,6.796700881619351098e-02,-1.151594417832610129e-01,4.500376679972908911e-01,4.307435502321113607e-01,3.911242475729683615e-02,-4.540630886452245302e-02,-1.430032821933780451e-01,-1.130072639779860916e-01,-1.502776712620587651e-01,-1.436080531491558954e-01,4.763068949996574625e-02,1.280122873458822697e-01,1.786908931131325762e-02,-1.160440333137985197e-01,1.649758882124936765e-01,-8.108639124227116912e-02,1.461377636053615980e-01,-9.988282368239966014e-02,5.342510285902312139e-01,4.496668151427876681e-01,2.620576070583819916e-01,-8.802143941749833445e-02,-3.086261783210206833e-01,2.160392034174921927e-01,3.133903795342880549e-01,-1.144562320922200699e-01,-1.477001065543092351e-01,-1.558784446205571661e-01,-2.609318041100142094e-01,2.137215390224055100e-01,3.965925710564253137e-01,-4.361443077614879926e-01,1.898505436611534758e-01,-3.892418031217251828e-01,1.087146308659051319e-01,-3.787280119469838002e-01,3.856291675350373427e-01,3.761211898326616287e-01,1.905377174012725869e-02,-9.733558822446589098e-02
3.934136922762035971e-01,-1.250947745081313345e-01,5.899260494251241660e-01,-6.360162203958079352e-02,3.455254616513167565e-02,1.078737854426467663e-01,7.455564342733695948e-01,4.066847315302616339e-01,5.801431319367119643e-01,-1.351622431492491283e-01,4.094936259328465500e-01,-2.960906994267748643e-02,6.296162785577541499e-01,1.000000000000000000e+00,2.801967518521419342e-01,-8.243465410797216897e-02,2.753840746078041191e-01,7.082213718956027471e-01,6.500833564709230794e-01,-8.763659215208532971e-02,-1.488081274754074305e-02,3.028403974451521763e-01,-1.965528037700761121e-01,5.338718562618909313e-01,5.420116919401308797e-01,3.459406050226678797e-01,7.033639789319241498e-01,-2.969999923560247557e-01,1.745515026538027592e-01,1.779700782521232427e-01,5.595860337929999817e-01,3.815408603240276197e-01,8.985588675417657822e-02,-2.618600746883615119e-02,-6.246758925428519404e-02,-8.798312422535556343e-02,1.653788309644218246e-01,-1.001735052434579165e-01,1.067010872234987195e-01,5.013057798954610039e-02,2.875063841470713033e-01,7.248053432445391089e-03,2.586616389092609158e-01,-5.872541130202471593e-02,1.887528519617719391e-01,-7.284260347378375411e-02,4.736795209148037533e-01,7.448560935653387727e-01,2.079825897334065254e-01,-9.014340091862185766e-02,-1.646660206517897851e-01,5.061899620149330481e-01,4.837012475445039983e-01,-8.303355999958639266e-02,-8.493021742553921727e-02,-2.752373067837900547e-02,-2.079184729515365926e-01,2.728513010668689454e-01,3.401332856613026867e-01,-1.949228767448482613e-01,4.074619784436155356e-01,-3.522972881954986590e-01,1.536518137671178397e-01,-2.563566807661623037e-01,5.105636887284225045e-01,2.976757874381560365e-01,1.118754016313364963e-01,-1.033638939890770270e-01
6.760664296782502303e-02,5.770345171380264482e-02,2.896777655398440898e-01,9.035341065781785086e-02,1.414936424093311551e-01,3.888511568346471048e-01,5.006814757914348490e-01,3.951102171572354882e-01,3.661817689357024785e-01,-2.328637996281496605e-02,2.792296404247761044e-01,2.106416582566415785e-01,2.998347946086722948e-01,2.801967518521419342e-01,1.000000000000000000e+00,1.075218979663219165e-01,1.740783989941547261e-01,2.771977131795493321e-01,2.085496817677974513e-01,1.148275041466687157e-01,3.696208770022437612e-02,3.535602605157101008e-01,2.602927151531486336e-02,4.699139139258405318e-01,3.229050934953417440e-01,1.951632900041178342e-01,3.507052016528373617e-01,1.244318095709887051e-01,-1.423602183366742824e-02,1.378116918626158260e-01,7.274247791238598604e-02,1.651759800917619592e-01,5.751924688597202101e-02,1.223444231404686167e-01,7.989967385695856406e-02,9.443236688228290321e-02,1.507257429620793010e-01,1.108147214690560073e-01,1.062982329662876951e-01,2.768887532216602332e-01,3.077175654222322754e-01,1.696844558368872102e-01,2.586357583719415265e-01,-5.233368287279945713e-02,2.223844870971468379e-01,1.769230416488543622e-01,2.206179210568686710e-01,3.518203569722356816e-01,3.866425379415618369e-01,9.030350517334245763e-02,5.306148648970359510e-02,2.364046726390530984e-01,2.793421595275942804e-01,1.311030178080677400e-01,3.144433904145929604e-02,1.662266198260655137e-01,-4.390150929839555828e-03,4.557313023929460138e-01,2.692517286341835070e-01,2.926971747103355309e-03,2.848446699164224882e-01,7.058740865413877692e-03,7.450049695510584102e-02,-8.485100089974993796e-04,3.388011545564864613e-02,1.087216716279719581e-01,1.137360080702696091e-01,1.387126387149357210e-01
1.197765127068803892e-01,3.243976079097302678e-01,5.034366579338202252e-02,4.636462427125720431e-01,6.718366387692671637e-02,2.402181730749718136e-01,2.595056043098918630e-02,1.719152936389108377e-01,3.256528205596168069e-02,2.897035298202513820e-01,4.067333084872853249e-02,4.885693648883675522e-01,-1.214563193598907215e-01,-8.243465410797216897e-02,1.075218979663219165e-01,1.000000000000000000e+00,2.077722545362008233e-01,-9.138199309467241738e-02,1.790338418563821449e-02,5.057956737711895023e-01,6.444473153160116263e-01,3.871758651768074100e-01,6.244009044875530323e-01,1.835210978773634261e-01,-1.766148460282318533e-02,1.992030570799594169e-01,1.648210023532540314e-01,5.088541940723987356e-01,3.327648686437560399e-01,4.445339055823854801e-01,-1.021561193904249876e-01,-1.102171185243267237e-01,2.718846204386902166e-01,4.997855068944117574e-01,3.563196287425822728e-01,3.671819006128789753e-01,1.863618641321702907e-01,4.748621719125264429e-01,7.773471897358116833e-02,2.214342562906939926e-01,1.502207854350147143e-01,1.946637136905096654e-01,1.954288489572006959e-01,1.606132687389751068e-01,1.140129426018025166e-01,4.612558194986201565e-01,-1.823557402334960997e-01,2.360631998936445208e-02,5.905123491270292818e-02,6.451565020595784183e-01,3.210808135304305533e-01,-2.512749683944050585e-02,1.109599560057186463e-01,4.549543166624324120e-01,6.321378941285034081e-01,3.749200923405746066e-01,6.506312947855690254e-01,2.652107815482996900e-01,-2.416360191437968291e-02,2.686638098401405994e-01,3.562230253794310686e-01,4.704776130776960885e-01,3.032851304866304720e-01,5.721650789591569142e-01,-1.083537845540422234e-01,-7.655348732327053873e-02,3.680349516609546234e-01,4.921485706451864672e-01
4.664806539005220687e-01,3.242534016622152793e-01,6.888669859201619339e-01,3.647240345219430191e-01,7.768684225899775975e-02,2.234959233379675836e-01,3.580144754716576005e-01,3.910476522490208273e-01,1.335373709252894447e-01,2.038051706066696112e-01,5.222008254062637800e-01,3.790855202145130276e-01,-1.974756975796636282e-02,2.753840746078041191e-01,1.740783989941547261e-01,2.077722545362008233e-01,1.000000000000000000e+00,3.431611592672990652e-01,5.601915603086368156e-01,3.451623995316189797e-01,3.139580985976877514e-01,4.905434513298182475e-01,4.544915923114713485e-01,2.886366030599128996e-01,1.150887723972870563e-01,7.587936607706189385e-01,6.303190081584083559e-01,3.270465525927175321e-01,2.323556025164952299e-01,6.818227870407226332e-01,7.989813788862913657e-02,-6.178675958912412114e-02,9.216734446421535887e-02,4.115034327179832863e-01,3.331100567214745900e-01,3.257209801448743280e-01,4.940669877589697889e-01,3.038175888179148187e-01,8.999858459730400440e-02,1.142456785772927863e-01,3.140633795577248977e-01,2.446216423607744661e-01,1.287102325946017645e-01,5.042012460566706183e-02,2.837850799174576055e-01,3.198191250109743700e-01,-1.810961589904293012e-01,2.556505217036104116e-01,6.200645122058431880e-02,2.830302583204015732e-01,5.435398908067166079e-01,3.554392609922397139e-01,4.890097349290978279e-01,2.848992888856498040e-01,3.178135189299147179e-01,3.561335928163731346e-01,3.800846405551585039e-01,1.957709571342829968e-01,-2.729642531593463699e-03,4.179006593412012416e-01,5.169742826480373532e-01,2.065330294140381440e-01,1.990185875956113071e-01,4.180069725920387280e-01,-3.066332735750156371e-02,-6.750913537339255088e-02,1.871422100353440365e-01,3.035617452194152577e-01
3.455601331218415839e-01,-1.565163175910201376e-01,6.077658593148577149e-01,-8.335087225552627321e-02,8.567486947203620251e-02,2.138844407505879897e-01,6.136198672571384627e-01,6.198544865628982103e-01,3.925059599110236053e-01,-7.858251613993004481e-02,5.683857877941349557e-01,-2.642866588933921040e-02,5.204190866160798290e-01,7.082213718956027471e-01,2.771977131795493321e-01,-9.138199309467241738e-02,3.431611592672990652e-01,1.000000000000000000e+00,5.943878498827415147e-01,-1.174305139693028882e-01,-2.398821902084311529e-03,2.065149190126389922e-01,-1.044200404220536338e-01,2.678288107231833193e-01,3.693199723804500567e-01,3.060687162373453840e-01,5.321441596463795110e-01,-1.882861895763418281e-01,1.240049954826010076e-01,2.028682219388152352e-01,3.253757544658100187e-01,3.017551622354892604e-01,5.201550485451418571e-02,5.378529181828298200e-02,2.179438537575866322e-02,-1.382689037617731154e-01,1.425667956174556938e-01,-1.143267646202686255e-01,1.028739710708457405e-01,9.770459044905108192e-02,2.226399436123937814e-01,1.672313833218997403e-01,8.944169013862296458e-02,-2.442530940715782750e-02,2.942919287702849829e-01,-6.732460019451860789e-02,2.940239076576817712e-01,5.608296169434713319e-01,1.907259702031929849e-01,-4.909665236752742273e-02,-3.788508740514678202e-02,6.363224376836212892e-01,4.441375751180424158e-01,-1.183125902151508646e-01,-5.397740674921007453e-02,-8.599644773413452070e-02,-1.523262335772879450e-01,7.074929113502816114e-02,1.959577354678840311e-01,-1.256249971136589039e-01,2.168898765081521685e-01,-2.749299460215650082e-01,1.708747347205078759e-01,-1.856298881930343592e-01,2.327620375188639013e-01,2.164807507239099871e-01,9.755620957886816658e-02,-4.089239754125562065e-02
4.917133191289390637e-01,6.583819577046186311e-02,5.569585128975342858e-01,2.655698040165149765e-02,6.974632191173132933e-02,1.670277097605461780e-01,4.480018323821681747e-01,3.338095264261694006e-01,3.387692707024784755e-01,-6.487456776112306145e-02,4.841997084390651795e-01,6.328642195581817009e-02,4.070543130485095307e-01,6.500833564709230794e-01,2.085496817677974513e-01,1.790338418563821449e-02,5.601915603086368156e-01,5.943878498827415147e-01,1.000000000000000000e+00,1.545198152940385761e-02,5.335512405073943726e-02,2.854418299330473974e-01,7.780419903424247441e-02,3.536241160063774425e-01,3.686292932368991915e-01,3.696194277191732769e-01,7.066223459498379711e-01,-5.719283482589016671e-02,1.724493000292514899e-01,2.657674263137745907e-01,5.005300248286124187e-01,2.575446670444831998e-01,-4.268166778765045133e-02,1.161181199903121575e-01,7.768417532043850326e-02,6.532345984578452613e-02,1.236757230903569871e-01,2.174129812422579203e-02,4.177861032538946612e-02,1.149382381569036965e-01,5.215439358252039331e-02,-3.363892972244515028e-02,7.268278326102527165e-02,-2.817310278212346517e-02,2.021522380746380021e-01,2.934584855298063080e-02,1.961226606699121300e-01,4.031712045213909912e-01,1.103058536367480386e-01,9.939655451902230932e-02,1.239434631585217307e-02,3.164602734115773974e-01,6.366624730800551912e-01,-1.130983680268926594e-03,5.325584069447916735e-02,7.496184294592406379e-03,1.265022869619126557e-02,1.585948667026383929e-01,1.643131572312203081e-01,-1.915995389087988832e-01,3.553274149758762768e-01,-1.064135159345902526e-01,1.335822011812970445e-01,-4.809921165305688223e-02,3.302042273489004809e-01,2.481085990484587223e-01,3.385707182194970435e-03,2.798925376243204845e-03
1.835269370551114720e-01,3.228883697050235480e-01,2.391201154767938764e-01,8.407864777297167080e-01,9.390143499737940713e-02,5.106630988537399496e-01,1.835343419612885663e-01,2.106133702218758175e-01,1.032592676121331654e-01,6.487184855417537088e-01,1.547419747736239193e-01,8.754884274395814403e-01,-1.369228516040430499e-01,-8.763659215208532971e-02,1.148275041466687157e-01,5.057956737711895023e-01,3.451623995316189797e-01,-1.174305139693028882e-01,1.545198152940385761e-02,1.000000000000000000e+00,5.325974211266076841e-01,4.627437312005151515e-01,5.822227821661799529e-01,3.311481894743857346e-01,-3.752762535129812406e-04,4.337163518370872883e-01,2.165798833846091787e-01,6.324730094860552265e-01,2.914198513585405381e-01,5.252788342641291353e-01,-6.801368019920746300e-02,-1.562367048928345603e-01,3.058877402999090611e-01,4.584000161660078954e-01,3.076382567997847373e-01,4.118436715366898260e-01,3.023729044610105055e-01,8.415579098160977933e-01,9.561050054623258798e-02,5.125825637670305968e-01,2.713375601698311823e-01,1.404297655430573888e-01,2.167433461907764813e-01,3.887500046506788265e-01,1.142940526336384682e-01,8.623912054610983757e-01,-2.445341990046407121e-01,2.012738545235764898e-02,1.605783358294815000e-01,4.917532494496377193e-01,4.809938563252309507e-01,-4.058645757738316845e-02,9.164016791390340588e-02,9.197486002120747184e-01,5.607947481168212844e-01,4.339457681831581093e-01,6.265974111643063393e-01,4.090955911989900273e-01,-1.904851777400624543e-02,4.336978516791699101e-01,4.121246286302141515e-01,5.619447171188441947e-01,2.750896859786676751e-01,5.996193774759182027e-01,-1.666303160809548267e-01,-1.059790546529596755e-01,4.189531311395393587e-01,4.369286594789262845e-01
2.663962925728295406e-01,3.605011206014033243e-01,1.758779688256131291e-01,5.534252433707937957e-01,1.058387518267688149e-01,2.214239790559567878e-01,8.269942366821055046e-02,2.507376318955770733e-01,6.386450790971782976e-02,3.224480614135131207e-01,1.373594646837187905e-01,4.981689960577440068e-01,-9.383104679930810710e-02,-1.488081274754074305e-02,3.696208770022437612e-02,6.444473153160116263e-01,3.139580985976877514e-01,-2.398821902084311529e-03,5.335512405073943726e-02,5.325974211266076841e-01,1.000000000000000000e+00,4.473981097369948423e-01,7.869220200252647901e-01,1.697965465934902218e-01,8.073900415272202216e-03,3.219427995497967654e-01,2.508558138422486983e-01,4.847728356054170629e-01,5.006826483846773534e-01,6.098840577260628004e-01,-9.536881745942701882e-02,-1.369378214735466615e-01,4.071438823376096749e-01,6.089810547803077290e-01,4.459773591737272724e-01,4.193753862053970494e-01,2.679706213828926820e-01,4.940258968295508368e-01,1.143930667621010783e-01,1.858596153710665166e-01,1.795271219569682386e-01,2.639600533123653836e-01,2.124788784629353111e-01,1.598569122814547661e-01,1.598799353365938924e-01,4.672685258998045543e-01,-1.970826308983212038e-01,6.478686946605687058e-02,3.855066007166862985e-02,6.299239057962038313e-01,4.148130680677521442e-01,6.268653874522557568e-02,1.586355188697674001e-01,4.557798322315828043e-01,8.910034783910848466e-01,4.187988123770467475e-01,8.132884166512961421e-01,1.847462436772840666e-01,-1.378780449202100453e-03,3.710936040487302079e-01,4.321800700562294928e-01,4.234749864692353150e-01,4.388720273193506549e-01,6.375045900554564549e-01,-9.185319313205136948e-02,-1.087009294562141931e-01,4.991709050974425521e-01,5.671447239152607178e-01
3.495646949923364999e-01,3.182601598570315438e-01,5.020937790406153622e-01,5.003818872875324120e-01,1.604955120762929510e-01,3.975462757272842929e-01,5.503153967068985519e-01,4.545657099457409145e-01,4.346233075662863654e-01,2.968858544527494536e-01,4.052836154293518178e-01,5.525327179945591638e-01,1.512290152962856571e-01,3.028403974451521763e-01,3.535602605157101008e-01,3.871758651768074100e-01,4.905434513298182475e-01,2.065149190126389922e-01,2.854418299330473974e-01,4.627437312005151515e-01,4.473981097369948423e-01,1.000000000000000000e+00,4.032473381463425044e-01,5.926486370281248695e-01,3.092470979592539804e-01,6.174683753668086528e-01,5.201840147342947640e-01,3.970202034994230189e-01,3.172805620041327379e-01,5.870666804276308826e-01,-8.456210061571265910e-03,3.299669247975310638e-02,2.718799849183917705e-01,4.368745517469091455e-01,3.994865188021322067e-01,4.432928583910510922e-01,4.610788005872852868e-01,4.784348353625862416e-01,1.956734307809966100e-01,3.355150657368633493e-01,5.182343407999763230e-01,3.375672304694298798e-01,4.925314042381034318e-01,1.770101117133525415e-01,2.959249035927239424e-01,4.954718786268661468e-01,5.255876212590734897e-02,4.361766427067446106e-01,2.878871219179873764e-01,3.780578755122244172e-01,4.185942243348087510e-01,2.534260993560558672e-01,3.744513898025983445e-01,4.384314099890785354e-01,4.218177689785533313e-01,6.030064275927424777e-01,4.167021666181207062e-01,5.924401677514652409e-01,2.747501363897634219e-01,4.199854585120189054e-01,5.693434085167395908e-01,3.055530718558929215e-01,3.639471084589209204e-01,4.412873564493065559e-01,-5.823236258062385040e-02,2.808895622182627436e-02,4.008770994593940373e-01,4.202725808784454342e-01
2.323397903226025185e-01,4.607300091007804355e-01,1.715364610678708490e-01,5.771468423068195630e-01,1.204959349918351408e-01,2.909637153504995855e-01,-3.811464629378961966e-02,2.913469309140853114e-01,-9.981619976025613017e-02,3.411345691547957859e-01,1.420481395885516696e-01,5.641456376966246244e-01,-2.256941564932167243e-01,-1.965528037700761121e-01,2.602927151531486336e-02,6.244009044875530323e-01,4.544915923114713485e-01,-1.044200404220536338e-01,7.780419903424247441e-02,5.822227821661799529e-01,7.869220200252647901e-01,4.032473381463425044e-01,1.000000000000000000e+00,6.970870794289982242e-02,-1.469206482653471757e-01,3.465817959375598889e-01,2.197695027206452156e-01,6.820109559421783096e-01,3.998934681084758691e-01,6.981315938593374293e-01,-1.283024923330431666e-01,-2.027314071834863951e-01,2.852508248629591625e-01,6.775313861995141407e-01,4.632766447115585495e-01,4.432607250759943440e-01,2.428683425745659097e-01,5.451200317884390412e-01,6.395778267166539466e-02,2.342934728252291376e-01,1.062196093609191760e-01,2.823000214186717205e-01,9.923800995241907619e-02,1.360960355111400510e-01,1.496817707912041495e-01,5.308008476975462075e-01,-3.452457916232089530e-01,-9.837159713560006402e-02,-6.241846490338342525e-03,6.841686724387696650e-01,5.288506934187484632e-01,-4.021818133061016987e-02,1.580090074119369636e-01,4.902699437867316101e-01,7.879983043758223005e-01,4.097681164538941601e-01,8.915682478748385709e-01,1.386413605169040664e-01,-1.443538021140265970e-01,3.999133939274714944e-01,4.014868253623652961e-01,5.853016029036702816e-01,3.306749464972059127e-01,7.866193488984972726e-01,-2.057966610803756424e-01,-1.529462320358479510e-01,3.761340864793168426e-01,6.338787477441163443e-01
