1.000000000000000000e+00,1.294563154450563691e-01,3.614664430932897909e-01,2.678880512484229856e-02,3.497229101063729917e-02,3.300217958269969776e-01,3.489477657518742504e-01,2.920336724636243830e-01,1.684497816205872689e-01,2.119969305706289886e-01,1.924566517074756955e-01,1.190191207513280197e-01,1.431462763375002945e-01,4.888218648529771282e-01,2.232003666085465021e-01,2.187005534114593863e-01,5.339725043179607278e-01,1.888376575531455215e-01,5.647925940491694830e-01,7.079047633691239183e-02,1.663848020250713322e-01,1.763366191759760948e-01,2.742468243674627826e-01,2.403772570417288534e-01,8.601056270777552443e-03,2.431527079677204828e-01,3.564783593014147489e-01,1.001243483251927635e-01,4.406868614292027697e-01,2.596113004620802522e-01,1.479275865162968662e-01,1.169966573039613600e-01,1.753402199890891355e-01,1.089949032118224109e-01,5.443199572698933508e-01,5.120695848896269359e-02,2.038387026381192346e-01,6.794051523165214879e-03,-3.050761783457274154e-02,2.826783269360423345e-01,1.620682526408244173e-01,2.449634720213960948e-01,1.032867768960715887e-01,2.002335844430288281e-01,9.007376544087679349e-02,1.615581341014137584e-01,9.774062361809436605e-02,3.173238397594899673e-01,1.470112206521371201e-01,1.949859997909562104e-01,1.154386634107848336e-01,4.974112257543267940e-02,3.151250856114769516e-01,5.776472694112051026e-02,2.049185293830695920e-01,9.158348339219646306e-02,2.702707747363869983e-01,1.798803624324968597e-01,-5.135743161261924900e-02,4.949569101037403634e-02,2.210027099173524634e-01,1.278752489900658595e-01,3.402240888575249200e-01,1.563111439783264334e-01,5.984636622417555119e-02,2.559408190892661916e-02,2.001999393113893244e-01,1.075042489644340987e-01
1.294563154450563691e-01,1.000000000000000000e+00,2.685793348196002794e-01,3.524184798327806289e-01,6.830500458127178320e-02,2.224686885644298062e-01,1.172489362796942935e-01,1.738192046817424452e-01,1.130702588847578988e-01,3.545346686720197704e-01,1.422999787521366521e-01,3.693058224940474754e-01,-1.230639487094030149e-01,-6.593159261978751018e-02,1.103311478228972548e-01,4.099571061771578595e-01,1.972659409854820300e-01,-1.960189390361504747e-01,1.160338797719262099e-01,4.204520792014669883e-01,4.508239537783256812e-01,4.666756383148369380e-01,5.804557336805853396e-01,3.013770128807060633e-01,2.365350957869200715e-02,4.785580525344180214e-01,4.480432657608851565e-01,4.786103200028241078e-01,3.148087834324001522e-01,5.224093959392497322e-01,-1.893636196398479909e-01,3.945180773305147909e-02,3.529858706345314068e-01,5.695523204479562285e-01,1.791768604765198447e-01,3.322706131752194980e-01,2.895623077677655921e-01,3.269310504949227147e-01,7.207883777588637575e-02,1.866774432619427715e-01,1.411607935799906177e-01,2.319087413653199981e-01,1.610215214453846466e-01,2.892794140215717014e-01,1.649893148605550142e-01,3.602049489161825990e-01,-1.019309515004912237e-01,5.196867397373045039e-02,8.338397634871354269e-02,4.514335763805749635e-01,4.104228610154089796e-01,-1.820403427185339484e-01,2.162117201840347003e-01,4.049493099449035238e-01,4.464196282661095916e-01,4.856581263348791477e-01,5.489087285084878198e-01,3.268071547052053272e-01,5.303133981057140539e-02,4.026807778129011806e-01,5.056570207471868805e-01,4.736652750633464914e-01,2.979062594324150548e-01,5.618218744999612380e-01,-1.149297918000272700e-01,-9.299605148878334338e-02,3.404892308555477753e-01,5.480139199118403415e-01
3.614664430932897909e-01,2.685793348196002794e-01,1.000000000000000000e+00,1.021809854088703839e-01,2.943274857440004652e-02,4.932140701006358374e-01,8.611326107449371881e-01,5.775025957490709239e-01,5.182230918465573488e-01,3.233912462666876930e-01,3.940961532669184364e-01,3.039486814788515123e-01,1.734733804225462028e-01,5.728427746388727870e-01,5.177576838630980616e-01,2.080190887547374856e-01,6.454551847992150426e-01,4.047796100430028909e-01,3.342798261567401230e-01,1.560843952684054237e-01,1.777621446547129058e-01,5.473668449116493306e-01,3.902247169282130335e-01,5.774793471891104257e-01,5.726532508094202278e-02,7.781266363091564608e-01,7.324613832763662291e-01,3.036001046973899609e-01,2.815670086098178149e-01,5.863662872782559043e-01,1.824485453950788205e-01,-2.052539954389235102e-02,3.880141534196455133e-01,2.582709514711208354e-01,4.069908923891317198e-01,1.249846783183669596e-01,6.501895479433805747e-01,9.691579513125374301e-03,1.129814272120565760e-01,4.816132234703714987e-01,6.936930191487804542e-01,4.443959382111565271e-01,3.841948793775913362e-01,2.732989744221558936e-01,4.381625106420638516e-01,3.818216138302236717e-01,2.449963618593269110e-01,5.341008538519751436e-01,4.873864260671330606e-01,1.559911661995330989e-01,3.505549018894213442e-01,2.362202341902834846e-01,3.254344033052932184e-01,1.322734589426491636e-01,1.932584005376647984e-01,4.282735798013245221e-01,3.226961716498741306e-01,4.871440339095859384e-01,6.157743281348050657e-02,5.328665850526035364e-01,6.052566118322001421e-01,2.936516010271296717e-01,2.894687762767259587e-01,3.558368216513810856e-01,1.968857408053041325e-01,-1.394687259588644757e-01,4.122541251417369823e-01,1.825930498610096320e-01
2.678880512484229856e-02,3.524184798327806289e-01,1.021809854088703839e-01,1.000000000000000000e+00,4.509453462266429374e-02,3.264112116222666060e-01,5.868421277090452026e-02,5.062019083177537321e-02,1.290519088315557061e-01,6.367026147726813079e-01,5.880982345070108475e-02,8.379149702322046256e-01,-1.825517151363561241e-01,-2.400517598684266396e-01,8.164015760061496541e-02,3.953423869924505563e-01,-3.904313494218456665e-02,-2.051559278747394632e-01,4.118778612986003992e-03,9.021120730699616619e-01,5.292230262524900697e-01,4.084580375695281984e-01,5.410047358756649993e-01,3.851994563132292160e-01,-5.305032030989346829e-03,2.961011569935926291e-01,2.548578345331390382e-01,6.732249982767508634e-01,4.129112782783265212e-01,3.488860387068254409e-01,-2.507282426367956063e-01,-4.152431709053015785e-02,4.850164363319825478e-01,4.424671718086853889e-01,1.518754202405682950e-02,2.196150680330054006e-01,2.311401604173153601e-01,9.295662865106328887e-01,1.135424724820982140e-01,2.925130010889232524e-01,6.455969328380543881e-02,1.606260320475423886e-01,2.972007811303385427e-01,6.651945931411874513e-01,4.864065755549813047e-02,7.740609162806020294e-01,-1.869810857417401606e-01,-4.333643857693166707e-02,1.069908172179457884e-01,3.863008771540031860e-01,2.762084343941883513e-01,-2.551450468617555978e-01,3.924077193693399634e-02,8.902346574224395681e-01,5.276811996097821034e-01,4.726548218716767891e-01,5.717015089525135929e-01,4.709245958563205159e-01,-1.402631935131014610e-03,3.783206318010000069e-01,3.662131703830736051e-01,6.487238023328261161e-01,4.394917077468351585e-01,4.868973199277270014e-01,-1.102636379695598606e-01,-6.779451468388714153e-02,3.870598030096526476e-01,4.926587909100690332e-01
3.497229101063729917e-02,6.830500458127178320e-02,2.943274857440004652e-02,4.509453462266429374e-02,1.000000000000000000e+00,1.084131561124604543e-01,1.829111208276116424e-02,6.316419050601122798e-02,5.019780078141853480e-02,5.256310353424010345e-02,8.919162019093994365e-02,7.897810938635485556e-02,5.036595979750288499e-02,3.970435681021908941e-02,9.347641908485872231e-02,6.312970841195134075e-02,1.984811718986043486e-02,1.036822875838187656e-02,1.712366906819383014e-02,9.566175303664123386e-02,8.048206920947124920e-02,6.329966596221262010e-02,1.080987539030111855e-01,2.712803517141978982e-02,4.573295825932716108e-02,3.544602976805844019e-02,6.216213068585112189e-02,8.587449705576949421e-02,5.394484579937421781e-02,5.920289052042856243e-02,-2.941293937796844032e-02,1.214824234788046547e-01,4.584975850006899056e-02,1.066052274442010755e-01,1.296793829826104090e-02,3.744959078954809839e-02,1.327088652977707894e-02,4.211346440640002797e-02,4.325553287661028368e-02,5.585459098812230183e-02,-1.233234586238137614e-02,6.774408582311076954e-02,3.411581315535323206e-02,3.298747548496326620e-02,5.731389463279068508e-02,8.858495371619042047e-02,3.762779823681674379e-02,-3.071380051688815324e-02,5.258774081788845922e-02,7.547740864980585773e-02,1.100439381436614170e-02,4.196790671285154789e-03,3.488820191158952672e-02,9.200330807093216878e-02,1.003901650644181270e-01,5.978986727015445785e-02,1.121828493408027067e-01,1.501184398619784949e-02,2.676944625679909817e-02,5.554886378696497970e-03,5.748062246527166352e-02,1.047491279268855102e-01,1.094955044307034317e-02,7.415230167426932473e-02,-5.908939848243714710e-02,4.828446113038956794e-03,5.698153407966894540e-02,9.571191287855898566e-02
3.300217958269969776e-01,2.224686885644298062e-01,4.932140701006358374e-01,3.264112116222666060e-01,1.084131561124604543e-01,1.000000000000000000e+00,5.207697998560567587e-01,4.271837180776845155e-01,3.439931648494777283e-01,6.944299136307792164e-01,2.590955888811981578e-01,5.533149419002727498e-01,1.718864694618446043e-01,4.033612406084935986e-01,4.614371181827186530e-01,3.166984087028283379e-01,3.377234271027640400e-01,1.923654802830785937e-01,2.780111520470066599e-01,3.705490552600055332e-01,2.509079321345634717e-01,3.620051853170619949e-01,3.979937701299849362e-01,4.181054616053870299e-01,6.851006764874605082e-02,4.313794949595243233e-01,4.956776070046221561e-01,4.279443578420382699e-01,3.210805870406664986e-01,3.412701470489946654e-01,2.490290306845090521e-02,3.142150430660258995e-03,3.364399126247097360e-01,2.367246111490902971e-01,3.093935164217671563e-01,1.457132513514112493e-01,4.265661171246800665e-01,3.020326531047674568e-01,1.047936241700734433e-01,7.235615383124855970e-01,3.796413219903272962e-01,4.513678715340688208e-01,2.985268857895817529e-01,6.491659304195224189e-01,2.393713989213350768e-01,6.194805932776418222e-01,1.595509605463133751e-01,3.741152266420859629e-01,4.589223573144078916e-01,2.968563585672602256e-01,2.626795548116366841e-01,9.763256329755973240e-02,2.749032644899572220e-01,3.895426832174285203e-01,2.787662420890807957e-01,3.274492259340299749e-01,4.189571148459856897e-01,4.215723006291991481e-01,8.122250280104385822e-02,3.402331215941989950e-01,4.628868548509841307e-01,4.554882707706883194e-01,3.288766753541056409e-01,3.076184206386488595e-01,1.992198049751251615e-02,-9.522096451047727672e-02,3.532058755323260191e-01,2.161816413982853569e-01
3.489477657518742504e-01,1.172489362796942935e-01,8.611326107449371881e-01,5.868421277090452026e-02,1.829111208276116424e-02,5.207697998560567587e-01,1.000000000000000000e+00,5.402715523481059767e-01,6.509276170746831625e-01,3.521496068840090365e-01,3.668868904519014817e-01,2.509023117191984120e-01,3.219934973419880109e-01,6.555885457421225526e-01,5.809130769353720858e-01,1.941892660438907237e-01,4.949620548757234784e-01,4.890417088243144139e-01,2.494823368438983391e-01,9.135620723543416699e-02,1.255835226488302980e-01,5.047711559505256851e-01,2.360035442348729640e-01,6.464903935991465067e-01,1.267822363161423826e-01,6.032927143765597355e-01,6.234595466347825354e-01,1.960798893451509983e-01,2.446667537849728236e-01,3.934359928778606297e-01,2.425937750306075835e-01,-4.395451044653718095e-03,3.547326139616103213e-01,6.701083817173238144e-02,3.969230502653807169e-01,2.364821436477891614e-02,5.657983674522618633e-01,-1.385127683728230689e-02,1.148523171651878866e-01,4.828349025326830191e-01,7.635451379846853737e-01,4.106129940371502918e-01,5.243963087826284397e-01,3.021756710033486337e-01,3.692067696720142678e-01,3.505164374288677331e-01,3.908755923560263690e-01,6.100164461965903451e-01,5.508459885796899158e-01,1.104990159527567545e-01,1.781490701611164185e-01,3.428612969560568269e-01,2.428296265963481304e-01,6.401852487900179522e-02,1.539354454970801034e-01,3.792670972416367636e-01,2.182063158301646433e-01,5.373065479812552114e-01,1.205289957223149855e-01,4.067422316611846167e-01,4.601298212939256560e-01,1.838327216407137088e-01,2.878597975808858123e-01,1.623679351132288340e-01,2.966565265194614498e-01,-1.253808037385285845e-01,3.842790044899378477e-01,4.450551086849375421e-02
2.920336724636243830e-01,1.738192046817424452e-01,5.775025957490709239e-01,5.062019083177537321e-02,6.316419050601122798e-02,4.271837180776845155e-01,5.402715523481059767e-01,1.000000000000000000e+00,2.726386713935252670e-01,2.120714123320463496e-01,3.639817979496025591e-01,1.984139142070582285e-01,1.612823333984482466e-01,4.466242506798948075e-01,3.259154713275407289e-01,1.289718089356653719e-01,4.032196465476763358e-01,4.599488752271480019e-01,3.211898893241085795e-01,9.202304010491134389e-02,5.204632416780549664e-02,3.418948065656600699e-01,2.879508511180570718e-01,2.210643117885372766e-01,-5.515044056219491064e-02,4.765825760877607786e-01,3.883861962656672828e-01,3.960104544143951411e-01,8.312590244859448252e-02,5.174121907085421634e-01,3.364958708565165407e-02,-2.898511988734562856e-03,2.299757180089142261e-01,1.865556569411550569e-01,1.372626764849520509e-01,1.332505050100673827e-01,3.823278415553367227e-01,2.490335858874502192e-02,1.105727894683085771e-01,4.784899248133736571e-01,3.311578562235167333e-01,6.123276281615457339e-01,1.386637890838855469e-01,2.768145780796708588e-01,3.721393292225959049e-01,3.154908653456853784e-01,1.375145812374586329e-01,2.900574059402136751e-01,3.302901770999586706e-01,1.185302072754296221e-01,2.345250502880835419e-01,1.729127671054260518e-01,2.590671483832933109e-01,1.236843922265706414e-01,7.395681314006087581e-02,2.321588848775692770e-01,2.379193119571677284e-01,2.057752575767644310e-01,-6.262921997920539718e-02,2.584329262939937255e-01,2.540306001272163439e-01,3.665838682117451008e-01,1.261617709931389664e-01,3.343100356277257657e-01,4.705454836510696015e-02,-6.770316444455809490e-02,2.094249955103613114e-01,1.802989882961481549e-01
1.684497816205872689e-01,1.130702588847578988e-01,5.182230918465573488e-01,1.290519088315557061e-01,5.019780078141853480e-02,3.439931648494777283e-01,6.509276170746831625e-01,2.726386713935252670e-01,1.000000000000000000e+00,3.153958177194964851e-01,2.967521376301468505e-01,2.853099341324289440e-01,3.831354721717673550e-01,3.406034649712197937e-01,4.750497648409377494e-01,2.043000043400427512e-01,2.042966711755581088e-01,2.087129721967746210e-01,8.877432084348214902e-02,1.566969722637951701e-01,1.752874645788831121e-01,5.054747098180490950e-01,2.033605608730537917e-01,7.140334807895676317e-01,2.872177977634630675e-01,3.797326398102096601e-01,4.949840485602108320e-01,2.177984108792151985e-01,1.568596446913180786e-01,1.963153549045785762e-01,1.710083728414615312e-01,1.477012064745085798e-02,2.688298552255818930e-01,6.937005201780742369e-02,2.298040324482135688e-01,6.634753941582281767e-02,2.488596383477193474e-01,8.057857167705709256e-02,7.768003654865564267e-02,2.998364798342609827e-01,4.577959839292489175e-01,1.891681531054378307e-01,6.479479715280321850e-01,2.666674209703430720e-01,2.108010130409850302e-01,3.366445255376740997e-01,4.342672942262739144e-01,3.362646595107194325e-01,4.561260892539605871e-01,1.524505860431127902e-01,1.580402857217547835e-02,7.303521452272729308e-02,8.212658617765231095e-02,1.405990850501690481e-01,1.485459436340100248e-01,4.018173990926064976e-01,1.710652587238042921e-01,5.696594993492539727e-01,2.919885828579471543e-01,2.025063454069183921e-01,3.432256857604087386e-01,1.672770596047402081e-01,2.351767357609615139e-01,6.392037614731657658e-02,2.036848637209101309e-01,-7.153421102778055596e-02,2.818878718939674677e-01,8.197608447727185166e-02
2.119969305706289886e-01,3.545346686720197704e-01,3.233912462666876930e-01,6.367026147726813079e-01,5.256310353424010345e-02,6.944299136307792164e-01,3.521496068840090365e-01,2.120714123320463496e-01,3.153958177194964851e-01,1.000000000000000000e+00,1.376451924886386291e-01,7.253781015910727437e-01,3.290029236094584725e-02,9.657804795088964500e-02,2.647772287739865171e-01,4.832153638307282173e-01,1.687877483177678550e-01,-3.319460313870888080e-02,1.480852841567284750e-01,6.637629286700799103e-01,4.890077956330980968e-01,4.681577402330033277e-01,5.595026246573543416e-01,4.460045670889926095e-01,9.196962073907803681e-02,4.173040546541540441e-01,4.651535855388732599e-01,5.846653434284535544e-01,4.394485599686686061e-01,3.681314368298957418e-01,-1.525431711112231192e-01,-4.646503689464414992e-03,4.930175489225542829e-01,3.785378275418380123e-01,2.353499589054554586e-01,2.002856496389456287e-01,3.755925090968407765e-01,6.489284665078272063e-01,1.094784446341005024e-01,5.421942537787932670e-01,2.890363692932751416e-01,2.940298707246409293e-01,3.444777112526883345e-01,8.918406737034375587e-01,1.273336897704268333e-01,7.474771582077829324e-01,5.436443310555095360e-02,2.436376342713331700e-01,2.792111019707326225e-01,4.509661152376626680e-01,3.344726136280717910e-01,1.026971787157072297e-02,1.425876722871813329e-01,6.623923249722568629e-01,5.364762006264394145e-01,4.987467093445076549e-01,6.113088455477740935e-01,4.805355441146218487e-01,7.437235985819361239e-02,4.291555384804720541e-01,5.130098649720621351e-01,6.059836972008159073e-01,4.777864173891642197e-01,4.655112837429959960e-01,-1.476714286640978813e-02,-1.206891251982986635e-01,4.520360878006112193e-01,4.331138285851740544e-01
1.924566517074756955e-01,1.422999787521366521e-01,3.940961532669184364e-01,5.880982345070108475e-02,8.919162019093994365e-02,2.590955888811981578e-01,3.668868904519014817e-01,3.639817979496025591e-01,2.967521376301468505e-01,1.376451924886386291e-01,1.000000000000000000e+00,1.508571599844706901e-01,2.444649610475473911e-01,3.452635544209052276e-01,3.019881951111387242e-01,1.034204557577633188e-01,3.935257314207790125e-01,2.972751717008589867e-01,3.279904820833069445e-01,8.548666506032386037e-02,1.147315764891099904e-01,3.012109745914807735e-01,2.267827999354722346e-01,2.029001796280661130e-01,1.127625179094820379e-01,3.511274227388042624e-01,3.801921280442266404e-01,1.503876558469483260e-01,2.037261747700685188e-01,3.154267169641243873e-01,1.179650209178923215e-01,7.608301041424991862e-02,2.277819399930690325e-01,2.627517886879446873e-01,1.972328606586425115e-01,1.403661592178281348e-01,2.672209919444017423e-01,2.464512905406857426e-03,7.429778882186791056e-02,2.538409360781416768e-01,2.549635435219445578e-01,2.808508651847101412e-01,2.010489509137426412e-01,8.874193844167714562e-02,4.539111420470726688e-01,1.732652641906326230e-01,2.155401337079824731e-01,2.581795366790963775e-01,2.784572224304848187e-01,9.553619890536434178e-02,1.495431329050108671e-01,1.671395983755509240e-01,3.190305412990608325e-01,6.622945531307188050e-02,1.038491755495754426e-01,1.957561734838444700e-01,1.672303796334494719e-01,1.573841830469270286e-01,1.369062696411132707e-01,1.761999127761387229e-01,2.722561863619959444e-01,1.317714669378295955e-01,1.864726137295047159e-01,1.956805471511410266e-01,1.119748038835264720e-01,-4.270138234767846541e-02,2.455930903876310800e-01,2.034297653183315679e-01
1.190191207513280197e-01,3.693058224940474754e-01,3.039486814788515123e-01,8.379149702322046256e-01,7.897810938635485556e-02,5.533149419002727498e-01,2.509023117191984120e-01,1.984139142070582285e-01,2.853099341324289440e-01,7.253781015910727437e-01,1.508571599844706901e-01,1.000000000000000000e+00,-6.420449302833508565e-02,-3.410394847122262540e-02,2.678821504358660510e-01,4.091122494926144881e-01,1.286936410744321246e-01,-7.185870293804516584e-02,1.367446942742278626e-01,8.594261236766721490e-01,4.882380056577541039e-01,4.850185401456288403e-01,5.686261461794560601e-01,4.826823705572588219e-01,6.640472713934178484e-02,4.221774609624748265e-01,4.465881843039320453e-01,7.103194327231698857e-01,3.783056089672910405e-01,4.152204518819526680e-01,-1.526449727515879762e-01,-2.038680856461679014e-02,4.656644494704843540e-01,4.371434490008170304e-01,7.533126598791348161e-02,2.624928818023449240e-01,3.088829591967509614e-01,8.062218491726880210e-01,1.224355585550229442e-01,4.746804917705970128e-01,1.601414454285385036e-01,2.584365542461898868e-01,3.508190197911735253e-01,7.090652236934225083e-01,1.532766091705254907e-01,8.672464622489132191e-01,-8.474630248991053827e-02,5.651219480967220599e-02,2.812216133996056078e-01,4.066137931401697103e-01,3.201637941337671656e-01,-1.821182608814651549e-01,1.079710086915005307e-01,8.459163193597706298e-01,4.655144908295851813e-01,5.111752637261184340e-01,5.643744255063990467e-01,5.205174095771619713e-01,6.178302019359400987e-02,3.919641066513376293e-01,4.812105749325374937e-01,6.687198346165503793e-01,3.911775691254053555e-01,4.773406570510137503e-01,-1.062084134454072820e-01,-1.094883191771902492e-01,4.035538998131560917e-01,4.556149999861834887e-01
1.431462763375002945e-01,-1.230639487094030149e-01,1.734733804225462028e-01,-1.825517151363561241e-01,5.036595979750288499e-02,1.718864694618446043e-01,3.219934973419880109e-01,1.612823333984482466e-01,3.831354721717673550e-01,3.290029236094584725e-02,2.444649610475473911e-01,-6.420449302833508565e-02,1.000000000000000000e+00,4.150364690861685912e-01,2.697325895615731994e-01,-1.573699642426410958e-02,1.164777797696776585e-01,3.995404450043459343e-01,1.528813511901243871e-01,-1.420625107979732460e-01,-6.719728535020404181e-02,4.440765565972819295e-02,-1.115797950540480810e-01,1.437022680845056466e-01,3.099549484062977811e-01,-6.501674959976669332e-02,1.966148507903784093e-01,-1.734937396341516003e-01,-1.796687932636998816e-02,-1.496068958758249023e-01,2.374723147434273651e-01,9.716448442769726190e-02,-3.936373214097397405e-02,-1.526590655387760342e-01,1.654403161087639740e-01,-1.220515141058922948e-01,-7.930795584037732271e-02,-1.867603607121884612e-01,1.051212554648305389e-02,1.542011544455673122e-01,1.086489225881528548e-01,1.013386982896737759e-01,1.836585687012314283e-01,2.754276598874868393e-02,8.562382281022665187e-02,-2.630297653924166396e-02,4.881912410182618900e-01,2.458236370725214726e-01,2.398579507926140719e-01,-4.047345089888320507e-02,-2.576141586968914710e-01,2.732728284687325759e-01,1.113206568469266933e-03,-1.617033090900395487e-01,-3.887117139752336442e-02,-9.475818146938189135e-02,-9.430932375903378073e-02,-3.169899512306039498e-03,2.595909943947481424e-01,-2.769863971796032165e-01,-5.987812661381109597e-02,-1.848374514828135806e-01,2.804836400192368268e-02,-2.661352771281926266e-01,1.537293794507504918e-01,1.417461500019882303e-01,1.318083399153529081e-02,-1.345252486586533958e-01
4.888218648529771282e-01,-6.593159261978751018e-02,5.728427746388727870e-01,-2.400517598684266396e-01,3.970435681021908941e-02,4.033612406084935986e-01,6.555885457421225526e-01,4.466242506798948075e-01,3.406034649712197937e-01,9.657804795088964500e-02,3.452635544209052276e-01,-3.410394847122262540e-02,4.150364690861685912e-01,1.000000000000000000e+00,4.165330158828597917e-01,3.708900156882766197e-02,5.505020003553078300e-01,6.083633460697854822e-01,4.745327720726590370e-01,-1.874215471546028522e-01,-6.529814399207789499e-02,1.167802033385565708e-01,2.246057228432196684e-02,1.926521992908199754e-01,8.017695138018640644e-02,2.294291338985181006e-01,4.469703319811636488e-01,-1.601555707588085686e-01,1.602176573576646335e-01,1.578582754971525892e-01,4.195574278714435668e-01,1.373060862703405771e-01,7.291708737840243981e-02,-1.131498806653661870e-01,4.680847505720685531e-01,-1.400665760982588437e-01,2.518641495669455277e-01,-2.974211442794185700e-01,2.725135405040036637e-02,3.910039637519155953e-01,4.009475149394126636e-01,3.264679419292189633e-01,1.125979682438106588e-01,5.946432656355732371e-02,2.027327889078140433e-01,5.238842078484678283e-02,3.811376470524900362e-01,6.542623489387694447e-01,3.489362400063434344e-01,-1.528345693323241404e-02,-3.555885477620993745e-02,4.607751460810898814e-01,2.828756792116313146e-01,-2.110384669633127430e-01,-2.220861663277104436e-02,-4.022576991271622354e-02,2.371184498024814929e-02,5.912673292886713033e-02,3.823703846536263135e-02,-2.386593412154955698e-02,1.787312847825811291e-01,-1.276472384099994750e-01,1.086262358789701898e-01,-9.702258814519698626e-02,2.807832435505842050e-01,3.202541254678759747e-02,1.104018632313176623e-01,-1.704960675730374797e-01
2.232003666085465021e-01,1.103311478228972548e-01,5.177576838630980616e-01,8.164015760061496541e-02,9.347641908485872231e-02,4.614371181827186530e-01,5.809130769353720858e-01,3.259154713275407289e-01,4.750497648409377494e-01,2.647772287739865171e-01,3.019881951111387242e-01,2.678821504358660510e-01,2.697325895615731994e-01,4.165330158828597917e-01,1.000000000000000000e+00,1.627816932908457970e-01,2.593362450071911574e-01,2.563610607241115780e-01,1.140208818512920552e-01,1.189701308599373231e-01,1.148874496555754160e-01,3.004937827200918621e-01,1.869262761533682649e-01,4.681847815653857880e-01,1.500815138764791390e-01,3.217774291443003531e-01,3.999300367454274863e-01,1.655428922424463378e-01,1.395835169172438550e-01,2.007721942224955924e-01,1.285014082452606288e-01,-9.751995356081082436e-03,2.302146336731755172e-01,8.007012706790962719e-02,2.105355364590865419e-01,4.018348835550242248e-02,3.447167141355283460e-01,2.382688341508344687e-02,6.106321846769059702e-02,4.124580420942568493e-01,4.553114688012579458e-01,2.750130529166958659e-01,3.957811273907361760e-01,2.209588429407677856e-01,3.028007658883368203e-01,3.007833077605451821e-01,3.533870661212654141e-01,3.628480326467542483e-01,5.403074981082292005e-01,1.258992531253847746e-01,4.676289118720518972e-02,1.340358410647615461e-01,1.997002822304868863e-01,9.813718448536498662e-02,9.804561466282758764e-02,2.210122184121061650e-01,1.713687725453582056e-01,4.094312652997618152e-01,2.080632425647440387e-01,2.175280560313489764e-01,3.231552987628376616e-01,1.326933926333775104e-01,1.695098826358385491e-01,6.743761930051832276e-02,1.602438009061843693e-01,-4.797611539550549614e-02,2.632429564986760173e-01,4.109032815732929778e-02
2.187005534114593863e-01,4.099571061771578595e-01,2.080190887547374856e-01,3.953423869924505563e-01,6.312970841195134075e-02,3.166984087028283379e-01,1.941892660438907237e-01,1.289718089356653719e-01,2.043000043400427512e-01,4.832153638307282173e-01,1.034204557577633188e-01,4.091122494926144881e-01,-1.573699642426410958e-02,3.708900156882766197e-02,1.627816932908457970e-01,1.000000000000000000e+00,9.138371026681268994e-02,-1.732916931625966966e-02,7.835867657480677373e-02,4.582664561410051962e-01,6.486644835585798630e-01,4.712150329906312218e-01,7.064357002525926132e-01,3.188131984459898205e-01,-1.880496968069875555e-02,3.121787393801638832e-01,4.179098270105143231e-01,4.657844373999484588e-01,4.398927758411764755e-01,4.261538839489652508e-01,-2.278418922044768424e-01,7.565701966311249096e-03,4.993190301197283354e-01,5.415474964907582844e-01,1.953231506571388998e-01,1.614800188586790475e-01,2.142173559002621963e-01,4.088424651217696382e-01,1.346106338023071447e-01,2.764588974596565163e-01,1.442222222034490187e-01,2.221570324660301354e-01,2.430483004564372718e-01,4.230599825858787355e-01,6.981375952077985281e-02,3.862644321132501779e-01,-2.030462430109517685e-04,1.262346353878711358e-01,1.334963766187242384e-01,8.462703654359962080e-01,1.774953875751420218e-01,-6.723843796383859039e-02,5.015667173192817074e-02,4.298414917639544197e-01,6.955034234493435719e-01,4.756484544113599999e-01,7.404424046353189626e-01,3.526559807303874527e-01,-2.660959271924336414e-02,2.641044788859378545e-01,3.934455990330045227e-01,5.082181348993392023e-01,4.778507715961490265e-01,4.560541258910056350e-01,1.072417000783439447e-02,-4.651023729534824874e-02,4.518579071792734325e-01,5.752682472592091090e-01
5.339725043179607278e-01,1.972659409854820300e-01,6.454551847992150426e-01,-3.904313494218456665e-02,1.984811718986043486e-02,3.377234271027640400e-01,4.949620548757234784e-01,4.032196465476763358e-01,2.042966711755581088e-01,1.687877483177678550e-01,3.935257314207790125e-01,1.286936410744321246e-01,1.164777797696776585e-01,5.505020003553078300e-01,2.593362450071911574e-01,9.138371026681268994e-02,1.000000000000000000e+00,3.404139823427630995e-01,7.036605887901868917e-01,2.302835373007556391e-02,4.054783579101278734e-02,2.730013453124300882e-01,2.596596478934291019e-01,2.076235678561524078e-01,1.304744044457591297e-02,5.237500940218742240e-01,5.986554031183269897e-01,6.523304675672299269e-02,3.111809037815448375e-01,4.192284484833369573e-01,2.179332620694208744e-01,7.593998656370196110e-02,1.627522569694351273e-01,2.204705873281149753e-01,4.836248537577820250e-01,1.699704940577442536e-01,4.508248450008272568e-01,-1.007285358891451127e-01,2.244935672264809431e-02,3.195888559258671102e-01,3.453729586855002753e-01,3.269702139548385511e-01,6.775779755051393460e-02,1.227900835414690306e-01,3.581656614159360874e-01,1.764855497122401751e-01,8.781438391698981327e-02,4.298870469359458713e-01,2.193316678068478742e-01,7.052387765556036858e-02,3.964463224781880624e-01,1.936825594780647308e-01,5.398954736200819449e-01,-4.617799371145364130e-03,6.238979340801997092e-02,1.767616107349009591e-01,1.865834314990499343e-01,1.303471681925107983e-01,-1.126153379907210254e-02,3.021351993056429763e-01,4.575244418793102952e-01,9.925719433771632016e-02,2.036488270497332775e-01,2.559893103831986649e-01,1.190516058914602437e-01,-4.809468496034974977e-02,2.052576822222013098e-01,1.377434416390010963e-01
1.888376575531455215e-01,-1.960189390361504747e-01,4.047796100430028909e-01,-2.051559278747394632e-01,1.036822875838187656e-02,1.923654802830785937e-01,4.890417088243144139e-01,4.599488752271480019e-01,2.087129721967746210e-01,-3.319460313870888080e-02,2.972751717008589867e-01,-7.185870293804516584e-02,3.995404450043459343e-01,6.083633460697854822e-01,2.563610607241115780e-01,-1.732916931625966966e-02,3.404139823427630995e-01,1.000000000000000000e+00,3.282138204008753224e-01,-1.910881719936674550e-01,-8.411589167894108210e-02,1.682165641466892196e-03,-5.877106635493101194e-02,-7.889267004222730306e-02,-3.419385035587521604e-02,2.897639721702683149e-02,2.248818137144895646e-01,-1.725546299954314466e-01,-6.983623490354305685e-02,3.710119590644199786e-03,2.764123260156634565e-01,4.636650756247105015e-02,3.164924887061026232e-02,-1.745992267584267621e-01,1.246065662489074660e-01,-1.826033056227734097e-01,6.755781495326926289e-02,-2.235506883164813940e-01,5.770517449760051432e-02,2.360603145592551910e-01,2.045115190733472754e-01,2.759098247579532814e-01,-1.186328737913443926e-02,8.926310684487180278e-03,1.915283987769214324e-01,-3.618325051261590125e-02,3.294312902706228452e-01,3.478154650476494858e-01,2.129971745713209463e-01,-5.041584307691726607e-02,-1.728145908886710713e-01,5.130582454887576693e-01,3.736519306846455835e-02,-1.944317573223389162e-01,-3.557558417221218239e-02,-1.641371630969211404e-01,-4.159550818809532036e-02,-1.846823080109100679e-01,-6.907904315339340184e-02,-1.887154059930014338e-01,-8.651902853133457139e-02,-1.540055260811410975e-01,4.561457851136117847e-03,-2.062201345246512385e-01,1.809607455380485286e-01,8.824505273993046850e-02,4.323668368405559487e-02,-1.855968277030855540e-01
5.647925940491694830e-01,1.160338797719262099e-01,3.342798261567401230e-01,4.118778612986003992e-03,1.712366906819383014e-02,2.780111520470066599e-01,2.494823368438983391e-01,3.211898893241085795e-01,8.877432084348214902e-02,1.480852841567284750e-01,3.279904820833069445e-01,1.367446942742278626e-01,1.528813511901243871e-01,4.745327720726590370e-01,1.140208818512920552e-01,7.835867657480677373e-02,7.036605887901868917e-01,3.282138204008753224e-01,1.000000000000000000e+00,3.085578025657818163e-02,3.152990273680882083e-02,1.404430151728219001e-01,1.538291686449329287e-01,3.403963836187986342e-02,6.825397473958977335e-02,2.485720833524567852e-01,4.657756267788216165e-01,7.262026348554931343e-02,2.809925249190163843e-01,2.293980121421423379e-01,1.228684580018770955e-01,7.986838395492101839e-02,7.489508399843290698e-02,1.159274809284257524e-01,4.047507416155345927e-01,1.620719956005111928e-01,1.607492035980416789e-01,-6.325075302224198240e-03,4.728353015681646004e-04,2.577319528788647451e-01,5.732546737044810076e-02,2.649176590503452555e-01,-6.482466354827697008e-02,1.442132146044484975e-01,1.870284788940972942e-01,1.601311696520392458e-01,5.311707002899781344e-02,2.867980766816393690e-01,9.425320060975966863e-02,7.044843499402822506e-02,2.720130615713381439e-01,1.206858761500230609e-01,4.893214552941202444e-01,1.715302784258136357e-02,2.725282647947644549e-02,6.164502335870772343e-02,1.035148098752402407e-01,-1.608164338606004468e-02,1.914009212021483899e-02,4.074700884794668632e-02,2.552500081984210856e-01,9.032151320645455395e-02,1.847752368703164394e-01,1.252896111672249790e-01,-3.812844812046435605e-02,-1.512325923705225110e-02,9.346695976293897812e-02,8.569555563527088415e-02
7.079047633691239183e-02,4.204520792014669883e-01,1.560843952684054237e-01,9.021120730699616619e-01,9.566175303664123386e-02,3.705490552600055332e-01,9.135620723543416699e-02,9.202304010491134389e-02,1.566969722637951701e-01,6.637629286700799103e-01,8.548666506032386037e-02,8.594261236766721490e-01,-1.420625107979732460e-01,-1.874215471546028522e-01,1.189701308599373231e-01,4.582664561410051962e-01,2.302835373007556391e-02,-1.910881719936674550e-01,3.085578025657818163e-02,1.000000000000000000e+00,5.723099843253640628e-01,4.475064730244486810e-01,6.108068669414733476e-01,4.011921036618168457e-01,1.055057155199486639e-02,3.479389706257335346e-01,3.286655505293181179e-01,6.804910651669663357e-01,4.219945945637518792e-01,4.109494890001899048e-01,-2.499446294058245699e-01,8.048859171779405158e-03,4.891730200661000283e-01,5.053068582075218584e-01,3.365039748820371907e-02,2.613868699337951185e-01,2.512632337006565630e-01,8.792806544727128637e-01,1.252517413595251317e-01,3.030001613358491164e-01,6.737122977236717492e-02,1.792222207083176422e-01,2.940435514828501073e-01,6.317582333435326492e-01,7.032129930398167694e-02,7.737320155031898183e-01,-1.791506294402614441e-01,-4.994477674480524154e-02,1.301520043666808124e-01,4.528728000461679781e-01,3.023746046976937274e-01,-2.538572914681270221e-01,6.402007375426595204e-02,9.261757834510321308e-01,5.877624971616920435e-01,5.059212648089963515e-01,6.334236115279234802e-01,4.626240734621879236e-01,3.335045439500259560e-03,3.795712360923743089e-01,4.247335820549210661e-01,6.695923975326575350e-01,4.093172811028710778e-01,5.329109392808323298e-01,-1.625553427615513136e-01,-5.385419184424934669e-02,4.054825502747847477e-01,5.516989930994683489e-01
1.663848020250713322e-01,4.508239537783256812e-01,1.777621446547129058e-01,5.292230262524900697e-01,8.048206920947124920e-02,2.509079321345634717e-01,1.255835226488302980e-01,5.204632416780549664e-02,1.752874645788831121e-01,4.890077956330980968e-01,1.147315764891099904e-01,4.882380056577541039e-01,-6.719728535020404181e-02,-6.529814399207789499e-02,1.148874496555754160e-01,6.486644835585798630e-01,4.054783579101278734e-02,-8.411589167894108210e-02,3.152990273680882083e-02,5.723099843253640628e-01,1.000000000000000000e+00,4.244123762079685669e-01,8.318381382812007896e-01,3.099309712546509665e-01,-3.170331293343366108e-02,3.427077953272085198e-01,3.619596014907382475e-01,5.300739992733423112e-01,5.300306262090479503e-01,5.218896845490699210e-01,-1.733818033892383925e-01,4.574728900117191327e-02,6.058210063863241901e-01,6.256965666355177591e-01,1.823334629277941765e-01,1.966550883206787392e-01,2.774712787917164025e-01,5.210229452061849731e-01,1.544142600883510741e-01,1.977919443835982061e-01,1.419887743461056562e-01,1.479228180423881878e-01,2.608815064457860600e-01,3.893783800015521157e-01,1.160907916986032989e-01,4.306150924892611642e-01,-5.732077384279340992e-02,1.143933777232709476e-01,9.236105807540971602e-02,6.054351603797638592e-01,2.105117566219898428e-01,-9.474464314178154822e-02,6.780071702777107356e-02,5.354308157559062309e-01,8.614368670648442361e-01,4.528254874735407887e-01,7.833492114369341452e-01,3.529026688733513106e-01,-3.137370806525888178e-02,3.578105313383714847e-01,4.081281640297595437e-01,5.262404952398076485e-01,5.324176836235156030e-01,5.582970294197167060e-01,-9.359861683035937407e-03,-4.136649848777090160e-02,5.308922525304967666e-01,6.392551441278711000e-01
1.763366191759760948e-01,4.666756383148369380e-01,5.473668449116493306e-01,4.084580375695281984e-01,6.329966596221262010e-02,3.620051853170619949e-01,5.047711559505256851e-01,3.418948065656600699e-01,5.054747098180490950e-01,4.681577402330033277e-01,3.012109745914807735e-01,4.850185401456288403e-01,4.440765565972819295e-02,1.167802033385565708e-01,3.004937827200918621e-01,4.712150329906312218e-01,2.730013453124300882e-01,1.682165641466892196e-03,1.404430151728219001e-01,4.475064730244486810e-01,4.244123762079685669e-01,1.000000000000000000e+00,5.703724897999119525e-01,6.354580719079172546e-01,2.011444036767704446e-01,6.967924230275550634e-01,6.573495524469523676e-01,5.596210282428231153e-01,3.820047535986517140e-01,6.279105525157840928e-01,-1.060332825589187927e-01,-3.879536097326501815e-02,5.199233461088498265e-01,4.932145607046445890e-01,2.591831217951368616e-01,2.972646151855089514e-01,4.749103045639296306e-01,3.515315101651257934e-01,1.439309163197287911e-01,3.357386922663754270e-01,4.677891099542479947e-01,3.376788262824871323e-01,5.233569520710714684e-01,4.075993935494684473e-01,3.260016565843528724e-01,5.154372099597309687e-01,1.030391547405199865e-01,2.692330315395575768e-01,3.189778762728082695e-01,4.452401442192662206e-01,4.291797721835662882e-01,-3.619367983882543216e-02,2.240270933674837206e-01,4.249034798133510260e-01,4.288138405467393777e-01,7.431136739306534178e-01,5.272387200943108310e-01,6.145740914229305130e-01,1.758070807146821235e-01,5.546395680294921027e-01,6.351261041860196688e-01,5.362308846916499228e-01,4.256157689305408720e-01,5.679379131429582728e-01,4.005514967150362871e-02,-1.929978663176276088e-01,4.819247086504698241e-01,4.991608245825451817e-01
2.742468243674627826e-01,5.804557336805853396e-01,3.902247169282130335e-01,5.410047358756649993e-01,1.080987539030111855e-01,3.979937701299849362e-01,2.360035442348729640e-01,2.879508511180570718e-01,2.033605608730537917e-01,5.595026246573543416e-01,2.267827999354722346e-01,5.686261461794560601e-01,-1.115797950540480810e-01,2.246057228432196684e-02,1.869262761533682649e-01,7.064357002525926132e-01,2.596596478934291019e-01,-5.877106635493101194e-02,1.538291686449329287e-01,6.108068669414733476e-01,8.318381382812007896e-01,5.703724897999119525e-01,1.000000000000000000e+00,3.692989704239212911e-01,-5.184622319944462432e-02,5.506859225410863923e-01,5.609963474369970005e-01,6.856244669093803923e-01,5.607064301071444934e-01,7.324006214665402803e-01,-2.038861561743098572e-01,4.822550582274232750e-02,6.395143335144299890e-01,7.384530262802445622e-01,2.514774873848644177e-01,2.978908629334697244e-01,4.341446715102275089e-01,5.171037420791116945e-01,1.774440791088460756e-01,3.508228268739088662e-01,2.356438776671876956e-01,3.538941662949994793e-01,2.399032297222158938e-01,4.848748615077088653e-01,2.493626699377007039e-01,5.599834753878136784e-01,-8.505340875851405413e-02,1.699055646685150578e-01,1.780200663411398987e-01,6.930013632451366146e-01,4.214251817423898538e-01,-1.017156870910357752e-01,2.248512303533732326e-01,5.963378974738496874e-01,7.864060263894865344e-01,5.883394471880966092e-01,9.120122332784571517e-01,4.237853238281797386e-01,-3.982789439300864209e-02,4.897717527969155937e-01,6.258776811532699158e-01,6.987894968443875143e-01,5.574866203230123274e-01,7.554533578956320605e-01,4.758078826095481738e-03,-6.864535626398834967e-02,5.935395832420055084e-01,7.311034247173239242e-01
