1.000000000000000000e+00,5.121075068910823092e-01,7.553817673890197426e-01,4.101463909686043907e-01,1.577989148501112993e-01,5.549854385623675945e-01,5.593075761166743654e-01,5.080532737188133696e-01,3.459898031018057707e-01,2.376901484071526072e-01,5.340280974169754336e-01,3.942803697693023079e-01,6.866351520628251326e-02,7.002765284164039761e-01,3.001669277086632115e-01,3.324963261052916175e-01,7.988078225014803024e-01,4.005485968160095722e-01,8.122395164429870862e-01,3.753392301867956027e-01,3.802823709588714629e-01,6.005013753995610548e-01,4.628655150332683377e-01,5.571458428037352473e-01,2.413596564835088221e-01,6.395877343654399194e-01,7.171230220454264392e-01,3.942949271624678897e-01,8.431623707585579330e-01,6.271136547781658299e-01,-1.242430217541057591e-01,2.441978960173400437e-01,4.200453550303761552e-01,5.309903030209922603e-01,7.205458170619306602e-01,4.872532403526920186e-01,5.204289909972306116e-01,4.224848426022841941e-01,-3.610723516630333363e-02,4.624459911744911444e-01,4.255606047702727990e-01,3.233327775932072212e-01,2.657183007673662445e-01,2.507804270737960528e-01,3.822481819471013620e-01,3.732794865007185159e-01,2.025457246149612867e-01,5.036018187911373012e-01,2.720130021129449349e-01,3.316236469499563300e-01,5.425082372416568655e-01,1.138666691170813206e-01,5.996697058926875323e-01,3.776827919309475590e-01,3.379879884210070240e-01,5.198024112367403138e-01,3.711143877940688007e-01,4.399524879230297669e-01,2.979023922090280885e-01,3.387204440877586986e-01,5.264300204284302342e-01,3.282010772867702819e-01,7.007655330729006815e-01,3.610417337477252464e-01,-1.781750748774967377e-02,2.228981936101658012e-01,4.280241860613500648e-01,5.235965695660426134e-01
5.121075068910823092e-01,1.000000000000000000e+00,4.269480710681439750e-01,5.133378156392993663e-01,1.456927413593898102e-01,5.202070234559150741e-01,2.914412836575005494e-01,3.937765426619199705e-01,1.626919894176561965e-01,3.590177990538377384e-01,3.440506203355979675e-01,4.916859015567743851e-01,-2.031657256340915416e-02,2.817718735153291743e-01,1.573656107373176405e-01,4.092248832194342878e-01,6.164728276086853809e-01,1.178432876309118277e-01,4.703852309103047635e-01,5.273141409598303131e-01,4.922232348931485646e-01,5.331489873552266445e-01,5.842247863387747264e-01,4.330993420426719198e-01,1.460682445494224380e-01,5.544826823088140344e-01,6.376477988662966334e-01,5.712604155815297347e-01,5.389202907895364048e-01,6.028548313487499533e-01,-1.265829031188782372e-01,2.037337784362882598e-01,3.073093902283364209e-01,5.749980890419448265e-01,3.507384575313431951e-01,6.328220604364143131e-01,3.068796063892748616e-01,5.318476201042481311e-01,-1.765186594392616562e-02,4.997687367125074331e-01,2.314238162965964740e-01,2.519855454583597165e-01,1.262871809511468268e-01,3.864216326029951687e-01,2.511879836652158304e-01,5.056759229664057331e-01,4.749022573248506962e-02,1.896067327284404747e-01,1.566658597379672335e-01,4.340843776810481836e-01,5.358067393316295890e-01,-1.385631156227636884e-01,4.810481490732633758e-01,5.433168677599420349e-01,4.821500700409762086e-01,5.218610277882775872e-01,6.044394021192390776e-01,3.796046219833328905e-01,2.984588086751948088e-01,4.240465007709117717e-01,5.808006782912185084e-01,5.736781956830733220e-01,4.891413156171621757e-01,5.944197117081372328e-01,-1.385232717710374872e-01,2.041614983675447137e-01,3.644796839832599167e-01,6.051718157379146756e-01
7.553817673890197426e-01,4.269480710681439750e-01,1.000000000000000000e+00,3.077620750121201620e-01,1.647734019744640233e-01,6.575286436867442408e-01,8.541180266135144361e-01,6.647959305830325460e-01,5.678173672284886342e-01,2.657817220076481024e-01,6.641552962312105013e-01,3.925378443336482448e-01,1.063166410790368638e-01,8.422293260300353079e-01,5.162970209493882301e-01,3.420268168091306071e-01,7.973305856292194349e-01,7.067558690003776789e-01,7.520621133122380453e-01,2.904958673738267105e-01,3.790556952582626593e-01,6.561165196205340777e-01,4.784860111095539104e-01,6.956064059119684284e-01,3.169168181525847117e-01,8.197117187886198142e-01,8.004175403267721478e-01,4.895946641478668981e-01,7.061978339677670302e-01,7.087786452472601972e-01,-2.730872910102532525e-01,3.144273545418934113e-01,3.776914717330734916e-01,5.336519723298496221e-01,5.617045296265609222e-01,4.334919172067925874e-01,6.955966285392661819e-01,3.641578024217870246e-01,-5.547468903590294792e-02,5.494690823554105874e-01,6.776065942426747757e-01,5.023679101455326146e-01,4.772546839433372545e-01,2.847775184259748182e-01,4.767043001973267913e-01,3.537693700088054283e-01,3.426960805653226916e-01,6.223110789520903685e-01,5.064503811049108073e-01,3.254187142791141185e-01,5.092270936072527121e-01,2.956508433234060762e-01,4.749203206553428425e-01,3.307515916123935917e-01,3.323906769225359881e-01,5.790906903427790464e-01,3.568250076315142016e-01,5.813133274847207543e-01,3.156318425599701216e-01,4.828489357005003590e-01,6.491224811122724425e-01,3.952915446143918099e-01,5.707675284191716658e-01,3.942253647278322615e-01,8.733789631060356884e-02,2.398842221794699470e-01,3.936645555195358859e-01,4.838540402981716948e-01
4.101463909686043907e-01,5.133378156392993663e-01,3.077620750121201620e-01,1.000000000000000000e+00,7.369414870090434944e-02,4.934089841131641396e-01,3.203178754653683291e-01,2.166801529953036598e-01,2.388085081791166964e-01,4.471431774762398836e-01,2.940338597964418099e-01,8.448152269668980363e-01,2.581150277982731823e-03,2.179133348455014330e-01,1.796752125038439951e-01,4.702196101619787738e-01,4.256207374041207636e-01,9.127420530706759072e-02,2.319497810073759547e-01,8.637518501827869954e-01,6.043015262076312233e-01,5.927190867774572158e-01,6.088317515301462368e-01,5.527692110010296034e-01,1.282229756771932072e-01,4.848999737249837794e-01,4.368848646984932471e-01,6.396581296552314999e-01,5.188714319518792362e-01,5.407896396797137184e-01,-1.139260024558952644e-01,2.131260671663481043e-01,3.641943774437631509e-01,5.288493797153231979e-01,2.990025159975766011e-01,5.326215557551237101e-01,2.682599917085171093e-01,9.301174455729988022e-01,-6.117708676688180663e-02,4.738981068390072937e-01,3.253154373084969908e-01,2.300216385398110019e-02,2.642680207725598973e-01,4.544699418157890358e-01,2.680177133443117921e-01,8.244393102085645353e-01,6.987504636188922313e-02,1.759291138975741520e-01,2.205412768837111959e-01,5.124495922764825684e-01,4.206444700082461186e-01,-1.340330622859622622e-01,3.221778212312813583e-01,8.461507194067883209e-01,5.895516252880335095e-01,5.638638117245013959e-01,6.260211932017247793e-01,5.417797523591406650e-01,2.605796875644670885e-01,4.826085431821368621e-01,5.013119110619419505e-01,6.197591765211871717e-01,4.741028972829005594e-01,5.574579628448838031e-01,-9.103466509882826574e-02,1.858286144330929257e-01,4.435806513478072755e-01,5.640761169220712690e-01
1.577989148501112993e-01,1.456927413593898102e-01,1.647734019744640233e-01,7.369414870090434944e-02,1.000000000000000000e+00,2.938681113868814587e-01,1.738783526154411840e-01,2.064579243486834026e-01,1.797177476423122700e-01,1.000757331022951030e-01,1.494986545464113137e-01,9.014474758737814342e-02,1.044551725818496923e-01,1.466210868032845893e-01,2.516315008837817224e-01,4.764409428692657766e-02,1.800179627454409348e-01,1.612925778966594614e-01,1.734581253236667786e-01,5.067358934758826872e-02,1.907049625521646877e-02,1.427441058654684569e-01,9.500362079019306072e-02,1.395110758913284954e-01,1.217090717982861614e-01,1.485858383413980466e-01,1.639471481067258929e-01,1.170248744577581795e-01,1.822182063961303167e-01,1.433879743901092796e-01,-2.374102754525197340e-02,1.887452313870368881e-01,1.180107142666191461e-01,2.031985748239703848e-01,1.142142833648654709e-01,1.274674733963971351e-01,1.799487514988809544e-01,8.624612875096038245e-02,1.192164326256133222e-01,3.012781779258591475e-01,1.490357094792940373e-01,2.757698026143259318e-01,1.282584411716155282e-01,9.097201122736850443e-02,1.793599296237465557e-01,8.062945648351796391e-02,1.324891484121386021e-01,1.530236459187826192e-01,2.452548208357400450e-01,4.310146140718195545e-02,2.133186589507114761e-01,1.469970987804198048e-01,2.251203533375278065e-01,5.912254476504937017e-02,-3.770506177147923358e-03,1.060722204595810209e-01,5.930610275810715287e-02,1.287825795082905567e-01,9.727989508151915765e-02,1.313912328624569914e-01,1.624991379291465809e-01,6.984419683772502552e-02,1.951019867845167066e-01,1.082762487864491890e-01,-9.352884618886096735e-02,1.240177878879384077e-01,1.054843099514562593e-01,1.633681406162584837e-01
5.549854385623675945e-01,5.202070234559150741e-01,6.575286436867442408e-01,4.934089841131641396e-01,2.938681113868814587e-01,1.000000000000000000e+00,6.426454918264264959e-01,6.405881044812322678e-01,4.831310832358428065e-01,6.008178529733267936e-01,5.425508516418917626e-01,6.345047958890341899e-01,1.358325598028623238e-01,5.427239991277043041e-01,5.583071449545008447e-01,4.441402091807865604e-01,6.638063751432617954e-01,4.925534288801175498e-01,5.053658487526982990e-01,5.369443967641255311e-01,5.108512049772874208e-01,6.145900829742001470e-01,6.576354975519754786e-01,6.199614548848768614e-01,3.018721358850036118e-01,6.673594946585529319e-01,6.775910149641773961e-01,7.362277007374322668e-01,6.584432805835850333e-01,7.008714028051670208e-01,-3.370734705803077325e-01,3.899286454248266365e-01,4.177323919687720988e-01,6.649374529948715029e-01,4.323602402045954585e-01,5.357523449753793798e-01,5.794252464428518712e-01,5.406318822937841162e-01,1.412458694367518114e-02,8.436870066408262980e-01,5.963841930424613746e-01,5.693384526710901783e-01,4.536510055706455824e-01,5.942689704868473477e-01,5.299451479685844957e-01,6.221208732597939273e-01,3.566282018555785305e-01,4.991055300694818286e-01,5.418558729972952070e-01,4.692818629333878055e-01,5.452256051782050639e-01,2.411686874389402935e-01,4.687438460721997102e-01,5.772284223980633788e-01,4.858064070404842227e-01,5.887032793362304561e-01,5.951548025336975689e-01,5.972718977106039606e-01,3.124577502343225954e-01,5.733573673428876694e-01,6.956220441177908276e-01,6.563746989143212085e-01,6.315107181344518095e-01,6.195347980763471485e-01,-7.299264152638702818e-02,3.504939492968325854e-01,4.774909035662360801e-01,6.263571406480004100e-01
5.593075761166743654e-01,2.914412836575005494e-01,8.541180266135144361e-01,3.203178754653683291e-01,1.738783526154411840e-01,6.426454918264264959e-01,1.000000000000000000e+00,6.798096755580474992e-01,7.443690537107596761e-01,2.503028702035700603e-01,6.848156775855890332e-01,4.279893569697912903e-01,1.520849964707680357e-01,8.526247889979635675e-01,6.216651547174737447e-01,3.582889977177269869e-01,5.721732005397709431e-01,7.755271276754001075e-01,4.922714834434353537e-01,2.727138457293188378e-01,3.729823399596932654e-01,7.112745324351636977e-01,4.076533430545987158e-01,8.303631788003658087e-01,4.167981710446106991e-01,7.818844713406448710e-01,6.689181630041042270e-01,5.008775808824587061e-01,5.943616370977283792e-01,6.663232612098440866e-01,-3.692173571861697146e-01,3.751292252893521084e-01,3.722705413409758135e-01,4.928127862372218004e-01,4.671779534368177833e-01,3.381617802834972486e-01,7.146960806663079646e-01,3.712785444825952852e-01,-6.045604331666088599e-02,5.478444737311852775e-01,8.689360280323824570e-01,5.404250469421749692e-01,6.851172831921396034e-01,2.441519397080663123e-01,5.446535407333661372e-01,3.672862159709399665e-01,4.861782371160857097e-01,7.222382553283246409e-01,6.529286878660506277e-01,3.333635104817773143e-01,3.884540189223532058e-01,3.878463240459302797e-01,2.973321798206384758e-01,3.183709198298498855e-01,3.334097195912686940e-01,6.123229481172408617e-01,2.881233117300700530e-01,7.622667884481694189e-01,3.524791329626851821e-01,5.864945971079237319e-01,6.634371647257621962e-01,3.898573759267503491e-01,4.889409720678637994e-01,3.788478292127399061e-01,1.993869382122130662e-01,2.340346262959814294e-01,4.087213249002986104e-01,4.370335682729300508e-01
5.080532737188133696e-01,3.937765426619199705e-01,6.647959305830325460e-01,2.166801529953036598e-01,2.064579243486834026e-01,6.405881044812322678e-01,6.798096755580474992e-01,1.000000000000000000e+00,4.349643920929219809e-01,2.864471019957198217e-01,4.654254803952565522e-01,2.971091047653702799e-01,-1.279675303389618199e-02,6.471066148535613571e-01,4.067429893276370834e-01,2.388517839337452042e-01,5.359704189754825876e-01,5.003555687735811164e-01,4.752305385949276428e-01,2.001784400892024918e-01,3.270770488546513866e-01,5.319916859249098628e-01,4.116433917653745667e-01,4.972914134159530097e-01,2.115305877448841188e-01,6.216625585641327723e-01,5.357361737900203646e-01,5.133711907423135212e-01,5.489785325646338032e-01,6.722149987805233762e-01,-1.947884181901047285e-01,3.403278775011862045e-01,3.346534778758539774e-01,4.916358552527672066e-01,3.368854895064174459e-01,3.588089366424965787e-01,5.094537970388444137e-01,2.551169346154663065e-01,-1.392567966088190286e-02,5.592160656413707187e-01,6.119400935122206731e-01,6.741132081816837429e-01,4.012543410237131569e-01,2.821143135908347754e-01,4.591942372863674904e-01,2.637862277778275644e-01,2.651430223051876589e-01,5.543911204423039862e-01,3.971191341202248704e-01,2.445577800063865048e-01,4.283238722693957778e-01,2.500147480422804658e-01,2.909516899494965503e-01,2.395809488198534509e-01,3.285218500574340617e-01,4.348076248172787484e-01,3.631134806845294216e-01,4.455392544776152208e-01,2.515630099194853808e-01,4.747794199178611563e-01,5.197788326515832003e-01,4.869964157905726232e-01,5.019398032902634421e-01,5.292137079198703242e-01,1.132920737815141274e-04,2.513123073001665153e-01,4.149645363699195344e-01,5.096128930995467154e-01
3.459898031018057707e-01,1.626919894176561965e-01,5.678173672284886342e-01,2.388085081791166964e-01,1.797177476423122700e-01,4.831310832358428065e-01,7.443690537107596761e-01,4.349643920929219809e-01,1.000000000000000000e+00,1.296633306480297343e-01,5.655450924923093314e-01,3.383279221077429288e-01,3.167071251720977587e-01,6.525383575145333737e-01,6.163307861862105108e-01,2.096470960937467098e-01,3.066742948393805235e-01,5.921700005079207907e-01,2.354777275868678577e-01,1.687614312875744260e-01,2.805215643874251485e-01,5.935341748366828041e-01,2.508772249247928077e-01,7.597672073671435378e-01,5.630597935138382804e-01,5.193628620446695265e-01,4.728450672693617074e-01,2.787613774556724766e-01,4.405389178717675214e-01,3.804568633873329220e-01,-3.559636940810429473e-01,2.973709105208672820e-01,3.209049920342605389e-01,3.801747056764896437e-01,4.280412589879691865e-01,2.286781086478894831e-01,5.709602252794113708e-01,2.969125320043776717e-01,1.976778013564609721e-03,4.599680227763376927e-01,7.060033872967615975e-01,4.323889119985280249e-01,7.486849493791262189e-01,1.207068674122322854e-01,4.693619607378062275e-01,2.936609685667910252e-01,6.206604175442576032e-01,6.222769479120398017e-01,6.669568113930174347e-01,1.768301170471629769e-01,2.496373494440243812e-01,3.529944847797455432e-01,1.835843532193874861e-01,2.213707093514299395e-01,2.464143508893913703e-01,4.917246205685585903e-01,1.591113203303734791e-01,7.496368732386066158e-01,3.622381190133968643e-01,4.562414693897092755e-01,5.390355020051942336e-01,1.941440339240774193e-01,4.008618593366724547e-01,1.750553172273651426e-01,2.898161663128920318e-01,1.803822223825264359e-01,3.082283178906529142e-01,3.015093322619930016e-01
2.376901484071526072e-01,3.590177990538377384e-01,2.657817220076481024e-01,4.471431774762398836e-01,1.000757331022951030e-01,6.008178529733267936e-01,2.503028702035700603e-01,2.864471019957198217e-01,1.296633306480297343e-01,1.000000000000000000e+00,2.035314615027299101e-01,5.800371752099041656e-01,-3.330605447137388597e-02,1.247285682492625114e-01,1.890030626309458228e-01,3.401290948974429185e-01,3.720949713683637250e-01,1.038298114993663757e-01,1.873447366089512067e-01,6.391800938214391437e-01,4.561832065500671107e-01,3.562530288092518038e-01,5.620637077843829710e-01,3.047546886235317221e-01,9.366991194800063092e-02,3.605360876924755820e-01,3.391834609866748451e-01,5.734006069443939868e-01,3.705767793318042180e-01,4.484184451882493039e-01,-2.535167219527399984e-01,2.010537599523269381e-01,2.904787325889292560e-01,4.642971305667704107e-01,1.671165359834089204e-01,4.114517870840533331e-01,2.586664495100824968e-01,5.029758354500337703e-01,-2.840935048247369803e-03,5.185168862707750792e-01,3.074301993642293840e-01,2.472180500409844051e-01,2.283265791429527347e-01,9.605595509480920891e-01,2.810400516573068330e-01,6.498235116460637784e-01,6.138879667307273191e-02,1.437084321710387358e-01,1.802176399486524749e-01,3.740954475774999066e-01,3.210466466451933343e-01,3.284084794786063660e-02,2.552601290633148001e-01,6.758319800324198434e-01,4.576008943756380565e-01,4.034798051589283396e-01,5.512380023626203274e-01,3.388195576509309692e-01,1.502550714981588376e-01,4.292498913865748777e-01,4.091334272618002976e-01,6.011831447322419919e-01,3.766973313113979871e-01,5.219020595284140640e-01,-1.721124438782070387e-01,2.716395151066878788e-01,3.418742053768366596e-01,4.711722228126289380e-01
5.340280974169754336e-01,3.440506203355979675e-01,6.641552962312105013e-01,2.940338597964418099e-01,1.494986545464113137e-01,5.425508516418917626e-01,6.848156775855890332e-01,4.654254803952565522e-01,5.655450924923093314e-01,2.035314615027299101e-01,1.000000000000000000e+00,3.704970100151382395e-01,2.869496713138009469e-01,7.055168988756447268e-01,4.764675453866837884e-01,3.089689000601500979e-01,5.621543824992539795e-01,6.522159085544242396e-01,5.288252072786693292e-01,2.499836252755249233e-01,3.192071287819343017e-01,5.928280654551315587e-01,3.691603295922611383e-01,6.275253160158155152e-01,4.221108454025198631e-01,6.381092137161122890e-01,6.341556586508020343e-01,3.899891455275609209e-01,5.737185629400330944e-01,5.776277803261165023e-01,-2.927812936534547883e-01,2.656241039974979179e-01,3.565650491352910789e-01,4.549081173517945942e-01,5.537735329316880728e-01,3.738108451459875026e-01,6.339118491422659485e-01,3.436852329312899967e-01,-2.593052701513290370e-02,4.862451840008308879e-01,6.402088589303368549e-01,4.371347516221951168e-01,5.059305526715999202e-01,2.093888086481696387e-01,5.932210783068351256e-01,3.440705740282209435e-01,5.037317893811199543e-01,6.469675464476583038e-01,4.935694432488626493e-01,2.732097989239409275e-01,4.840017218867178617e-01,3.697193103336154363e-01,4.953636632702096976e-01,2.901929228095307400e-01,2.895249592613477474e-01,5.448951632434324566e-01,2.771486577755222225e-01,5.806028631569162268e-01,4.112243463079994776e-01,4.616847378789581402e-01,6.377137405931043723e-01,3.004730889237082203e-01,4.736169234077923229e-01,3.515776910575086900e-01,2.069746006087257451e-01,1.759341329894059669e-01,3.100331739001584985e-01,4.306101372326167076e-01
3.942803697693023079e-01,4.916859015567743851e-01,3.925378443336482448e-01,8.448152269668980363e-01,9.014474758737814342e-02,6.345047958890341899e-01,4.279893569697912903e-01,2.971091047653702799e-01,3.383279221077429288e-01,5.800371752099041656e-01,3.704970100151382395e-01,1.000000000000000000e+00,4.536581847851570148e-02,2.744207553778847952e-01,2.856191186495648515e-01,4.793502681083275374e-01,4.741977136188564868e-01,2.093969738409436065e-01,2.480994364925996343e-01,9.054750585480056957e-01,6.219603426856461503e-01,6.109350101532463606e-01,6.531540751627603614e-01,6.174402170912758336e-01,2.218548031772027140e-01,5.722332616678217354e-01,5.118894189223480717e-01,6.949250687751818978e-01,5.431030565075878336e-01,5.963444010358160963e-01,-2.339690068625374375e-01,2.654843361730416240e-01,4.083300743946198241e-01,5.913083522694848604e-01,3.059483316225796168e-01,5.422103571602812089e-01,3.486799082849385001e-01,8.551831898580878333e-01,-6.647646050893107894e-02,5.916824346512487010e-01,4.186652787398836839e-01,1.588612958363894712e-01,3.444059617149797803e-01,5.944753044770285655e-01,3.414508489544494929e-01,9.329034572706970119e-01,1.610972874179971426e-01,2.301086680950026886e-01,3.088152805318746252e-01,5.219282108995111358e-01,4.276466032905963943e-01,-6.042537851810842603e-02,3.019052135678194637e-01,9.088852822463217018e-01,6.074364107946972346e-01,5.959062784158798420e-01,6.482746971821427007e-01,6.052654436277731254e-01,2.937024467043782838e-01,5.788133628370156769e-01,5.838799542639259155e-01,6.650662369379259919e-01,5.157799968419537473e-01,5.980676132284303836e-01,-4.591667996714478978e-02,2.203630738495436781e-01,4.882267229725978930e-01,5.878834380262824011e-01
6.866351520628251326e-02,-2.031657256340915416e-02,1.063166410790368638e-01,2.581150277982731823e-03,1.044551725818496923e-01,1.358325598028623238e-01,1.520849964707680357e-01,-1.279675303389618199e-02,3.167071251720977587e-01,-3.330605447137388597e-02,2.869496713138009469e-01,4.536581847851570148e-02,1.000000000000000000e+00,1.847290301416197045e-01,3.184526917015850778e-01,1.485772909436919482e-02,3.952161684934463876e-02,2.701475106191752462e-01,7.430166952599312480e-02,-2.268859388772209718e-02,6.536368217767286708e-03,1.229302167138955904e-01,9.995434807704416461e-03,1.519684183168860392e-01,4.147356072055530252e-01,6.259719880287045735e-02,1.646901322356772723e-01,-7.420190868415153795e-02,1.156733898834193808e-01,-3.184027858334095851e-02,-6.296184110911839937e-02,5.919316101503811767e-02,1.064042977512401345e-01,6.341636824828250640e-02,1.622435972327186116e-01,-2.292298282935616247e-03,7.404857348431036212e-02,1.296423925547163757e-02,1.291847538574014131e-01,1.584671611411919701e-01,5.740941773941150156e-02,6.810736133358036293e-02,1.815848838504039164e-01,-5.646366129690599811e-02,1.140306807468872419e-01,2.090675286595080479e-02,4.935151820375038856e-01,1.363686381442713313e-01,3.430731168462176073e-01,-1.254800833889309006e-02,-1.639251694641174345e-02,1.254399138975719197e-01,4.815794255086359998e-02,-2.452484904407244148e-02,-1.236287071170807765e-02,4.968009017410543460e-02,-5.209661066515994948e-02,1.340397972122031600e-01,2.342531459119784887e-01,-9.840330234415956001e-02,9.696561936182847286e-02,-1.566433535475025840e-01,1.001486071067815287e-01,-1.356393218335361917e-01,1.225078252230126924e-01,3.456630603716444317e-02,2.970205431341032404e-02,-9.044261641666960505e-03
7.002765284164039761e-01,2.817718735153291743e-01,8.422293260300353079e-01,2.179133348455014330e-01,1.466210868032845893e-01,5.427239991277043041e-01,8.526247889979635675e-01,6.471066148535613571e-01,6.525383575145333737e-01,1.247285682492625114e-01,7.055168988756447268e-01,2.744207553778847952e-01,1.847290301416197045e-01,1.000000000000000000e+00,5.330559987450899095e-01,2.432206161028490354e-01,5.950826707145714378e-01,7.525150067314193558e-01,6.573355650987463550e-01,1.473896425453230519e-01,2.592918857625653994e-01,6.323066691566735509e-01,2.902598455361107832e-01,6.954637632567096661e-01,4.120783776946974064e-01,6.704445909327620967e-01,6.949360938246520458e-01,2.993234501430186989e-01,6.597330677604222871e-01,5.799889192313266717e-01,-2.880735630078473108e-01,3.317375435936781858e-01,3.610511731732756746e-01,4.098363733774747497e-01,6.405931102025544943e-01,2.923820009661162178e-01,6.957904242331681699e-01,2.646640472977636049e-01,-2.977197946287369473e-02,4.415839777673273847e-01,7.450664468595127321e-01,4.961384709021502415e-01,5.737815024061161395e-01,1.331629080881986671e-01,5.129186901789736241e-01,2.361642539923716755e-01,4.853186396158181148e-01,8.139163375127516087e-01,5.187989368365494292e-01,2.195757058024496167e-01,3.729531064509226113e-01,4.260398886399269780e-01,4.115378348998801061e-01,1.896074032772099571e-01,2.212472792486754047e-01,5.359089401316073920e-01,1.645443277853531061e-01,6.076811805586846971e-01,3.605935143517496333e-01,4.087216855082483891e-01,6.055765153740976237e-01,2.151095938951882169e-01,5.141953249703866691e-01,2.399847518485405395e-01,2.786030301975198631e-01,1.927258321797953866e-01,3.454169980784767557e-01,3.753394563046935084e-01
3.001669277086632115e-01,1.573656107373176405e-01,5.162970209493882301e-01,1.796752125038439951e-01,2.516315008837817224e-01,5.583071449545008447e-01,6.216651547174737447e-01,4.067429893276370834e-01,6.163307861862105108e-01,1.890030626309458228e-01,4.764675453866837884e-01,2.856191186495648515e-01,3.184526917015850778e-01,5.330559987450899095e-01,1.000000000000000000e+00,1.921698003823430201e-01,3.371033070313544378e-01,5.895998949777306875e-01,2.975791575691865143e-01,1.396328285086134713e-01,1.987727795172517520e-01,4.334725521445977892e-01,2.490630748069219413e-01,5.248824885438708732e-01,4.611969689723226518e-01,4.487259023559049820e-01,4.490826978033143346e-01,2.932415525745514784e-01,4.015404367985566103e-01,3.631837276281241755e-01,-2.994730739845448686e-01,2.869112947515790601e-01,3.210353559016911329e-01,3.725559932908876215e-01,3.343123036085541844e-01,1.951505536139766239e-01,5.133479876097630790e-01,2.102086125693422569e-01,2.466399951901603396e-02,5.156696216555487489e-01,5.647421964084747836e-01,4.302103033735371063e-01,5.518100774171312839e-01,1.616751355454443262e-01,4.358921134660793673e-01,2.406854204654885754e-01,5.463086449217728902e-01,4.964009639075198654e-01,6.858998265132517647e-01,1.641483363077283764e-01,2.705210467934890950e-01,4.217271005667583283e-01,2.284545270413858853e-01,1.622252455376149149e-01,1.523932264236335654e-01,3.743344422512846492e-01,1.654074076916915714e-01,5.290206633419206605e-01,3.213398633998182929e-01,3.465073402314861606e-01,4.944871760044887710e-01,1.781006767795586809e-01,3.711001511095555205e-01,1.824648641469439614e-01,1.386863934066904225e-01,1.887332408150291241e-01,2.473253441669902852e-01,2.628198904442025641e-01
3.324963261052916175e-01,4.092248832194342878e-01,3.420268168091306071e-01,4.702196101619787738e-01,4.764409428692657766e-02,4.441402091807865604e-01,3.582889977177269869e-01,2.388517839337452042e-01,2.096470960937467098e-01,3.401290948974429185e-01,3.089689000601500979e-01,4.793502681083275374e-01,1.485772909436919482e-02,2.432206161028490354e-01,1.921698003823430201e-01,1.000000000000000000e+00,4.144877476631697033e-01,2.091937838288532303e-01,2.366576282543501608e-01,5.130013266547052142e-01,6.951746323892298296e-01,5.193000692798460660e-01,7.336568254798709887e-01,4.850181824535641506e-01,6.579553062756286763e-02,4.624603641835843271e-01,4.767404435828079823e-01,6.872194903476794847e-01,4.223317909474916254e-01,5.631833394670947568e-01,-2.132402881796666705e-01,2.744129039452865571e-01,3.232205754049623514e-01,5.248772845694384959e-01,1.960927047233485265e-01,3.616835116766305980e-01,2.778234825034691102e-01,4.522383058541112333e-01,-8.593442246477811519e-02,3.704298353331543225e-01,3.647364190071767376e-01,9.373167933068377033e-02,2.430124334647286166e-01,3.277399142275607136e-01,2.553472802213239690e-01,4.737452994744381085e-01,8.379432405887518587e-02,2.292076997955537487e-01,1.990800783856697675e-01,8.626020546702988234e-01,3.321392041911155335e-01,-4.993750567100210813e-02,2.047637694674352415e-01,5.210021768873807080e-01,6.851458612526952763e-01,5.467090492772863630e-01,6.894263941220891700e-01,4.912368622018712938e-01,1.121425532127076630e-01,4.259967029507005787e-01,5.101381855245112895e-01,6.297670524411749238e-01,4.020981584931547781e-01,5.840471573509685710e-01,-4.896763000297524315e-02,2.207275300585255506e-01,3.955036942122795995e-01,5.669428362754542761e-01
7.988078225014803024e-01,6.164728276086853809e-01,7.973305856292194349e-01,4.256207374041207636e-01,1.800179627454409348e-01,6.638063751432617954e-01,5.721732005397709431e-01,5.359704189754825876e-01,3.066742948393805235e-01,3.720949713683637250e-01,5.621543824992539795e-01,4.741977136188564868e-01,3.952161684934463876e-02,5.950826707145714378e-01,3.371033070313544378e-01,4.144877476631697033e-01,1.000000000000000000e+00,4.814854603100570674e-01,8.268454187843319314e-01,4.552357973792742762e-01,4.712579940216074514e-01,5.980598831114293246e-01,6.381658377142502836e-01,5.294291967867336135e-01,2.000267693023807247e-01,7.539952575696310388e-01,8.175264593195415985e-01,5.860919408686613430e-01,7.752078382655637201e-01,7.602942672722047268e-01,-2.348654421348442545e-01,2.598017483403092243e-01,3.998687447982239851e-01,6.503517419300829383e-01,5.539796889317860629e-01,5.957931307066119953e-01,5.551502508718294537e-01,4.562042024367667370e-01,-1.874359994064467164e-03,5.810845106809783278e-01,4.316992752214212636e-01,4.052093896139934426e-01,2.434376958601438268e-01,3.940099206799695386e-01,4.416957207074840297e-01,4.538117456731765587e-01,1.555105180504744444e-01,3.989280661983610754e-01,3.115784822527235542e-01,4.122704459091113272e-01,6.963863771620334431e-01,1.157986289227658921e-01,6.477303304984743937e-01,4.777839113861170883e-01,4.242577500576362737e-01,5.775935985031827036e-01,5.462204301841011578e-01,4.233115277836664303e-01,2.866105168710300632e-01,4.702332811735642770e-01,6.489681092983891064e-01,5.074786897522124418e-01,6.820152865480096915e-01,5.430513189053828293e-01,-1.110350609640948366e-01,2.670821023738257916e-01,4.237560361762752748e-01,6.148559563327109512e-01
4.005485968160095722e-01,1.178432876309118277e-01,7.067558690003776789e-01,9.127420530706759072e-02,1.612925778966594614e-01,4.925534288801175498e-01,7.755271276754001075e-01,5.003555687735811164e-01,5.921700005079207907e-01,1.038298114993663757e-01,6.522159085544242396e-01,2.093969738409436065e-01,2.701475106191752462e-01,7.525150067314193558e-01,5.895998949777306875e-01,2.091937838288532303e-01,4.814854603100570674e-01,1.000000000000000000e+00,4.960556872581309285e-01,5.650991596366626568e-02,2.127211743778508746e-01,4.662250323219626624e-01,2.657736237780664035e-01,5.134463773225332872e-01,4.003072895430241362e-01,6.107270399957227536e-01,5.691744692157713059e-01,2.666648888766553482e-01,4.459286054794191489e-01,4.628755203801097617e-01,-3.782400021220788666e-01,2.732780128765478489e-01,2.928428877309356970e-01,3.330359046866900319e-01,3.997369510094620493e-01,1.333216939198642315e-01,5.651337878269319104e-01,1.253519510649582502e-01,-5.673590814852278808e-04,4.199855085317065195e-01,6.448712826364081385e-01,4.734526005704895457e-01,5.314062680554072493e-01,1.007732269836524447e-01,5.026073825599488565e-01,1.575133564547812892e-01,5.247889362878571662e-01,6.354866683677249384e-01,5.822751152059914004e-01,1.823743573682955477e-01,2.760280973448832054e-01,5.442599458578960547e-01,2.410436512938000375e-01,1.006300484615643975e-01,1.736000892045671540e-01,3.984394341082813096e-01,1.138019390240825324e-01,4.591372569781068669e-01,2.879372936878267231e-01,3.366390724405414203e-01,4.908967449020350537e-01,1.394283572479051159e-01,3.700949876439391661e-01,1.624158403550497454e-01,2.151268408595753412e-01,1.584624909305442919e-01,2.778284849246450139e-01,2.453893249782314601e-01
8.122395164429870862e-01,4.703852309103047635e-01,7.520621133122380453e-01,2.319497810073759547e-01,1.734581253236667786e-01,5.053658487526982990e-01,4.922714834434353537e-01,4.752305385949276428e-01,2.354777275868678577e-01,1.873447366089512067e-01,5.288252072786693292e-01,2.480994364925996343e-01,7.430166952599312480e-02,6.573355650987463550e-01,2.975791575691865143e-01,2.366576282543501608e-01,8.268454187843319314e-01,4.960556872581309285e-01,1.000000000000000000e+00,2.304878115800964855e-01,2.398632936392708359e-01,4.587910403373374191e-01,3.683668070621147761e-01,3.858522976244094793e-01,1.636639806379032447e-01,5.719739996629101819e-01,7.376478533335247834e-01,3.151408931669344993e-01,6.865024639135681728e-01,5.446043878932665949e-01,-1.248621519243234279e-01,1.943403407830884555e-01,2.856656682611647957e-01,4.375374972840219701e-01,5.906729942471479200e-01,4.159993750714226501e-01,4.536241714304308226e-01,2.536900483664958905e-01,-1.621670418463307811e-02,4.363494408893497378e-01,3.035276712701851509e-01,3.674605888290267131e-01,1.528088797879463834e-01,2.294616933631881683e-01,3.427328439816751948e-01,2.365265137175520394e-01,1.738190280835086587e-01,4.246217433252628681e-01,2.483782710081177125e-01,2.255257049052662444e-01,5.184389910849043215e-01,1.968013043918910576e-01,6.501295355883542904e-01,2.397441107027391827e-01,1.950716209714482008e-01,4.026075668235912230e-01,2.703376020295979454e-01,2.619767984293877028e-01,2.188208388968799212e-01,1.849442148277171127e-01,4.608892754997302998e-01,2.598877983941228487e-01,5.428214402595458177e-01,2.816199910143412088e-01,-3.831675430555066264e-02,1.971312644962982530e-01,2.723232084798070107e-01,4.140554238276591414e-01
3.753392301867956027e-01,5.273141409598303131e-01,2.904958673738267105e-01,8.637518501827869954e-01,5.067358934758826872e-02,5.369443967641255311e-01,2.727138457293188378e-01,2.001784400892024918e-01,1.687614312875744260e-01,6.391800938214391437e-01,2.499836252755249233e-01,9.054750585480056957e-01,-2.268859388772209718e-02,1.473896425453230519e-01,1.396328285086134713e-01,5.130013266547052142e-01,4.552357973792742762e-01,5.650991596366626568e-02,2.304878115800964855e-01,1.000000000000000000e+00,6.543186295490548421e-01,5.481233228152783132e-01,6.858631191266634231e-01,5.050214221394117020e-01,1.095324837482281044e-01,4.931700093086841541e-01,4.689473262982162272e-01,6.805989137005677980e-01,5.023580853593558881e-01,5.665736576642191880e-01,-1.745917047618407436e-01,2.005789568255259836e-01,3.771420098814216582e-01,5.708705613808120471e-01,2.567974180936200557e-01,5.501698035585481650e-01,2.385201716301579566e-01,8.570348921585644320e-01,-6.001644053237310122e-02,4.938236633526710273e-01,2.748951905997845113e-01,4.156920742854603584e-02,2.034755760144215664e-01,6.429640523258400853e-01,2.321712332569188519e-01,9.046704713625460803e-01,8.890760714985448607e-03,1.063388085609255490e-01,1.445662346776607488e-01,5.577350785245147602e-01,4.108133470604345971e-01,-1.822039553474356921e-01,3.076568084564181293e-01,9.479163472324521056e-01,6.325049376166688164e-01,5.512150500533519182e-01,6.920858734068611184e-01,4.915359376828069005e-01,2.231368010321562179e-01,4.932294003386447079e-01,5.101513857259221130e-01,6.642537529418895970e-01,4.754887843111897938e-01,6.090290606939179341e-01,-1.387425684200287168e-01,2.141792858852514247e-01,4.582133170939750033e-01,5.771904157850221706e-01
3.802823709588714629e-01,4.922232348931485646e-01,3.790556952582626593e-01,6.043015262076312233e-01,1.907049625521646877e-02,5.108512049772874208e-01,3.729823399596932654e-01,3.270770488546513866e-01,2.805215643874251485e-01,4.561832065500671107e-01,3.192071287819343017e-01,6.219603426856461503e-01,6.536368217767286708e-03,2.592918857625653994e-01,1.987727795172517520e-01,6.951746323892298296e-01,4.712579940216074514e-01,2.127211743778508746e-01,2.398632936392708359e-01,6.543186295490548421e-01,1.000000000000000000e+00,5.960208326213473073e-01,8.957902632426331113e-01,5.263595340786170196e-01,1.490263516209054118e-01,5.443862472636004091e-01,5.315538216853794573e-01,7.719489758922412070e-01,5.482335571308394329e-01,6.924746749271393220e-01,-3.089843513818832377e-01,2.634859335525615021e-01,4.644071877628572209e-01,6.625098164461195038e-01,2.644197495509547635e-01,4.686294740426237837e-01,2.989062835952266406e-01,5.840084431261166609e-01,-6.366896172369550244e-02,4.098132783687419844e-01,4.034490323582110571e-01,1.148566209405525174e-01,3.031501168305912874e-01,4.348145613878632854e-01,3.076657858085764530e-01,5.987696645764957193e-01,1.322789959914570379e-01,2.527465879472440280e-01,2.099528554504392353e-01,7.242063025960661093e-01,3.869186980887762695e-01,-2.381948515758864487e-02,1.967682629944382811e-01,6.770587479788238161e-01,9.541808423941608996e-01,6.254113902823686955e-01,8.812531683309089425e-01,5.420678539965195775e-01,1.527175483580125448e-01,5.377719629663388901e-01,6.029821932571401977e-01,7.397955070475541461e-01,5.508709418125143920e-01,7.103868807357330839e-01,-4.724085654955006985e-02,2.282154540763112471e-01,5.488877981740913903e-01,6.895477980454673972e-01
6.005013753995610548e-01,5.331489873552266445e-01,6.561165196205340777e-01,5.927190867774572158e-01,1.427441058654684569e-01,6.145900829742001470e-01,7.112745324351636977e-01,5.319916859249098628e-01,5.935341748366828041e-01,3.562530288092518038e-01,5.928280654551315587e-01,6.109350101532463606e-01,1.229302167138955904e-01,6.323066691566735509e-01,4.334725521445977892e-01,5.193000692798460660e-01,5.980598831114293246e-01,4.662250323219626624e-01,4.587910403373374191e-01,5.481233228152783132e-01,5.960208326213473073e-01,1.000000000000000000e+00,5.976736551042095558e-01,8.172066905853626606e-01,3.764477835587529131e-01,7.383772417429438351e-01,7.172878133142250867e-01,6.086242330779005894e-01,6.776816039385098467e-01,7.006639329229159552e-01,-2.877039691513901265e-01,3.193900002275707473e-01,4.530561598898986686e-01,6.225063317953961617e-01,5.295767970254722234e-01,5.603192644689212187e-01,5.647258812251715332e-01,6.224901401608363694e-01,-6.827549436297818131e-02,5.509060821161234633e-01,6.615245481797368265e-01,3.219213323686547779e-01,5.519120031164084228e-01,3.597958383471351884e-01,4.611614768019081101e-01,5.843792346186200692e-01,3.450546812028791877e-01,5.465887189788284362e-01,4.511654455359609406e-01,5.157411469162329620e-01,4.992980707968528442e-01,1.159721359542159047e-01,4.131140799511818229e-01,5.754394328279910376e-01,5.704359840986427121e-01,7.540090930905432032e-01,5.557982143386251961e-01,7.628100561322096462e-01,3.983564895267823758e-01,6.203090643484127087e-01,7.314576861618850012e-01,5.629825778718495766e-01,5.930791833694911697e-01,5.441956209568159508e-01,1.116766837221637998e-01,2.525685488681634894e-01,4.907054785379549866e-01,6.209105635385967492e-01
4.628655150332683377e-01,5.842247863387747264e-01,4.784860111095539104e-01,6.088317515301462368e-01,9.500362079019306072e-02,6.576354975519754786e-01,4.076533430545987158e-01,4.116433917653745667e-01,2.508772249247928077e-01,5.620637077843829710e-01,3.691603295922611383e-01,6.531540751627603614e-01,9.995434807704416461e-03,2.902598455361107832e-01,2.490630748069219413e-01,7.336568254798709887e-01,6.381658377142502836e-01,2.657736237780664035e-01,3.683668070621147761e-01,6.858631191266634231e-01,8.957902632426331113e-01,5.976736551042095558e-01,1.000000000000000000e+00,5.097423072671047883e-01,1.257348701790838297e-01,6.090866269876729078e-01,6.396368742556848286e-01,8.588633835539730699e-01,6.147858243184320948e-01,7.903906459908441873e-01,-3.082703507596643577e-01,2.950192952495998000e-01,4.657480600038907403e-01,7.423337182783038557e-01,2.823823402739961130e-01,5.491130694414612101e-01,3.764992564970370270e-01,6.015975571605933769e-01,-2.695094603018644702e-02,5.610959151409694590e-01,4.069466421487177854e-01,2.313008451338635640e-01,2.801680788806792943e-01,5.477184736275679811e-01,3.824958752699469389e-01,6.394384560951994478e-01,1.217049974434358806e-01,2.611049570757993932e-01,2.464554709752697081e-01,7.695463354681821855e-01,5.292774622989453448e-01,-7.652754448375169785e-03,3.177422007032008056e-01,7.097877653933247766e-01,8.728468794965191790e-01,6.521426333212160253e-01,9.339883059199917126e-01,5.060230834126563382e-01,1.646025193310512724e-01,5.780569806702627877e-01,6.741583056977352717e-01,7.958902476694649231e-01,6.258799624719729726e-01,7.873935609634772348e-01,-1.374245570032290309e-01,3.055496192928396915e-01,5.615461821259131181e-01,7.494033144927343404e-01
