1.000000000000000000e+00,1.480024006408096615e-01,4.506462398811003633e-01,1.156950326873966289e-01,-5.329264858029000851e-02,2.625434452079322689e-01,3.732703115471525113e-01,2.769473200171039262e-01,1.420070024721796220e-01,2.850979384175827969e-01,1.507523880449235798e-01,1.991509882490620220e-01,1.045592064249779435e-01,7.277880109892819194e-01,4.490525125197371986e-02,2.203686273782177740e-01,6.637033783151633504e-01,3.437085845386917415e-01,7.043446524105174689e-01,-3.745480279338909979e-02,3.705943709458661695e-01,2.027030743386414591e-01,2.997454943118008641e-01,1.240886985979769291e-01,3.364158364899735854e-02,3.369861095511523241e-01,6.296372939586531992e-01,1.758196962952222886e-02,6.208082160937946625e-01,4.365845903866770183e-01,5.217969483874166370e-01,1.246494889207050288e-01,1.383262881872269479e-01,2.137993348308958597e-01,7.438829400322812813e-01,1.354234087971257772e-01,3.717726998100254754e-01,1.497580236455607061e-01,-2.915743461699568662e-02,1.027638627160070289e-01,2.951575736483169066e-01,2.870611125597314905e-01,7.494315695474557115e-02,3.097613650774749261e-01,1.015214162549357840e-01,1.744515785657250184e-01,1.655190324802172930e-01,7.539190341972631382e-01,5.638002283214841454e-02,2.202824363882227576e-01,1.353940608449148431e-01,5.208075556595637146e-01,6.196071051536301555e-01,-5.385715412993331147e-02,3.556702573056332861e-01,1.556565828980473187e-01,2.459364399877838336e-01,8.139493499891886641e-02,4.932953422605976246e-02,1.761021949531413056e-01,5.784883163175731369e-01,6.372563909061638998e-02,6.008607834288992589e-01,1.589578917392752699e-01,4.163678642899826809e-01,1.739554249174569689e-01,1.879498850391343456e-01,2.395821991365902903e-01
1.480024006408096615e-01,1.000000000000000000e+00,1.348739849284310288e-01,3.924629963405285582e-01,6.473722929464388598e-02,2.308085048634457015e-01,4.968509347907235779e-02,8.989203528693065492e-02,-4.557762869708396891e-02,3.071057915420706830e-01,1.455044658724458928e-01,4.140174852601031796e-01,-2.298751960731293675e-01,-3.457873214963116948e-02,4.971938656789850336e-02,3.062518148410537933e-01,3.199144199634047503e-01,-1.183105449205474474e-01,9.233357238241028664e-02,2.607032431184134746e-01,3.249544050006312190e-01,3.936874081370707601e-01,3.923215355229118240e-01,2.170039507365943698e-01,1.300721320435595796e-01,4.500544235174632202e-01,2.232809801542915418e-01,2.844333015773503059e-01,2.183034594372974257e-01,4.157755539070331907e-01,-1.222195129230994465e-01,-1.104741261916887263e-01,1.537517875687890168e-01,4.852609187378796873e-01,2.157573315635909761e-01,4.865439067946063512e-01,2.495737981875720546e-01,4.273084829544481766e-01,3.830337459573372738e-02,1.399314498098526982e-01,1.618843351129150565e-01,1.975326816453615575e-01,2.135759475123113623e-05,3.227162512742229872e-01,3.170187788379631999e-01,3.999426800335391108e-01,-7.816356785746750302e-02,7.636797756996384356e-02,1.660496085575876787e-02,3.577858571984022795e-01,4.791280764968805506e-01,8.275579353000191152e-02,2.605511524055270089e-01,2.742052582623480395e-01,3.450199897022899753e-01,4.750732725883715646e-01,3.653043555318304936e-01,1.653824277469011228e-01,1.124046802617221924e-01,4.424895691061431768e-01,3.169178984153017131e-01,2.965695893524256666e-01,2.036497455015526536e-01,4.713020119521778573e-01,-1.347480719257515835e-01,2.297050866126223653e-02,2.197054100226721318e-01,4.874165686623859739e-01
4.506462398811003633e-01,1.348739849284310288e-01,1.000000000000000000e+00,1.136882197438299630e-01,5.738999709235095836e-02,3.410563029139699887e-01,8.742181278604023165e-01,5.651636217659332662e-01,3.939963748341316352e-01,2.155840383554403217e-01,3.673280162832345264e-01,2.555432509631822557e-01,2.251543602495300611e-01,6.683246654572961853e-01,2.814561057942488453e-01,3.728060742076455547e-01,4.619902065638297750e-01,6.028213741766200728e-01,3.668928501892527172e-01,1.826804166498187387e-01,4.300417397690718957e-01,2.681168251603117114e-01,3.569388698089208112e-01,4.783313763400999230e-01,9.224088907755610689e-02,5.972244655986085338e-01,7.036739030977794407e-01,2.548555891538852314e-01,3.465792885311951288e-01,4.404740565766218086e-01,2.701746374270968531e-01,1.727366252882333864e-01,2.345977256370228581e-01,2.379497598814875325e-01,3.346493273184575346e-01,1.033779700674438834e-01,6.445566655912421394e-01,1.001871469431898504e-01,2.758029913610004699e-02,1.763586155471829342e-01,6.683378555316882297e-01,3.212709367241876612e-01,3.626619764793670986e-01,2.047855480394892014e-01,2.721926248651904134e-01,2.237280918224544835e-01,3.659480445338702537e-01,5.918755477072172866e-01,2.130532284121798847e-01,3.218966432081331597e-01,1.035038534064955948e-03,5.287427426827177035e-01,1.076137503316082905e-01,1.483179793976460714e-01,3.917384158862943222e-01,2.021644734833244750e-01,3.220027339398999766e-01,4.342526053237172334e-01,-2.561121991501191450e-02,3.831313724748613425e-01,6.259730865633714725e-01,2.395344562795503063e-01,3.238626172530701952e-01,9.219584997886147437e-02,2.093127720940919367e-01,1.662958706467367320e-01,2.627698480798690839e-01,1.628069403294085116e-01
1.156950326873966289e-01,3.924629963405285582e-01,1.136882197438299630e-01,1.000000000000000000e+00,-1.790110451532168131e-03,2.058789757931502040e-01,1.254008891699669448e-01,8.063246008693505940e-02,1.503834195623837341e-02,5.893804397064897893e-01,2.288455877880139488e-01,8.081941645291039755e-01,-2.416575274379842986e-01,-7.898264869217638817e-02,5.882378689632957597e-02,1.728147760524061105e-01,2.891651366351147279e-01,-1.179602956612137155e-01,4.767811961050593544e-02,7.060037594061091548e-01,2.119421190621541828e-01,3.464978020476930931e-01,3.183848854692628016e-01,2.813525806822768094e-01,2.055212906223125024e-01,4.549715418488551322e-01,8.016175215179342783e-02,2.978702828594791963e-01,2.430425519008327095e-01,3.296305752985611570e-01,-1.342138597273592471e-01,-1.106522813862263616e-01,2.414052419400825322e-01,4.110306596685374125e-01,2.074846947108582029e-01,4.069429483695258254e-01,2.722767722515999633e-01,8.894415057166100702e-01,3.254262047072025918e-03,1.292975030927975555e-01,2.415111462118163244e-01,1.654517773704997086e-01,3.717822470334426754e-02,5.957885888989028489e-01,3.268632612537703541e-01,8.096914634937224520e-01,-1.048344248812563828e-01,3.941216894177670266e-02,3.098295936261969905e-03,2.392950127285223549e-01,4.067714177005485876e-01,4.029700365222102509e-02,1.931744816002783638e-01,7.300219134636432017e-01,2.404568790244907828e-01,3.869410503480834040e-01,2.942094804467279556e-01,2.180635713459281311e-01,1.238325076282566911e-01,4.246647263574427345e-01,1.533600748513814227e-01,3.233885679897858800e-01,1.958985407284039304e-01,3.805881602797918095e-01,-1.843020281024865814e-01,1.949299384371689856e-02,2.151911075107646731e-01,4.699222091863125006e-01
-5.329264858029000851e-02,6.473722929464388598e-02,5.738999709235095836e-02,-1.790110451532168131e-03,1.000000000000000000e+00,9.795537381811099398e-02,5.675359120757807879e-02,9.651824248573895315e-02,6.219387934066226975e-02,-1.932225012369447048e-02,5.470425627208963526e-02,7.186775633503741934e-03,3.128130106977719538e-02,-9.736492231420590393e-03,7.666016865356653498e-02,4.064416808043407742e-02,2.892567941428950389e-03,9.276279042146699794e-02,1.078239313526533662e-02,-2.661326877935506555e-02,1.071546954679432340e-01,4.990327601334990093e-02,8.894487656949516541e-02,6.747279032643574426e-02,2.435710950060513552e-02,6.972064530024491003e-02,7.494908250710326236e-02,4.391623498923227786e-02,4.908786145269965380e-03,2.350481599835858859e-02,-3.162524050135993164e-02,8.299242658930740257e-02,6.624411633647507569e-02,8.688104000808534455e-02,-4.610461126743654880e-02,3.573850541047027003e-04,-7.491678164334210355e-02,-1.272005559626907326e-02,2.270640060775360250e-02,-2.759476833317754067e-03,-2.318899014180946308e-02,1.810283236815644903e-02,3.394112058524236669e-02,8.841605663859584269e-03,5.977217221987646267e-02,-4.802687832301341490e-03,2.730083162749785686e-02,-6.614661956481500404e-02,-4.328272655998990567e-03,9.624777198275530701e-03,-2.050710469904895930e-02,-2.046352641422575364e-02,-6.474526020818070771e-02,-1.351457291213653024e-02,1.062938424153612171e-01,4.826065132439188998e-02,8.754847638524017317e-02,8.925387823818948727e-03,-2.469252416207749767e-02,-6.725957578840506632e-04,-2.844451305472247009e-04,5.304005077954680736e-02,-9.358319543780047392e-03,3.382824214854232570e-02,-9.224259246480125130e-02,-6.875677331391839495e-03,8.427535244480505172e-02,4.105169715998505109e-02
2.625434452079322689e-01,2.308085048634457015e-01,3.410563029139699887e-01,2.058789757931502040e-01,9.795537381811099398e-02,1.000000000000000000e+00,4.166693745620175804e-01,6.227121138065286887e-01,1.328468972509753432e-01,2.778463572936707981e-01,1.779890708152106205e-01,2.562248565415173318e-01,3.717837612862971708e-02,2.261174901838414186e-01,2.898492840263138803e-01,3.142004019620029398e-01,2.663877316266449191e-01,2.200258903130591637e-01,1.078011127257648000e-01,2.731584836459024449e-03,3.812058236288564106e-01,2.651948296637939850e-01,4.613863100616453772e-01,1.994341884709097956e-01,2.572523630138935646e-02,3.427891432231429669e-01,2.973756184384518386e-01,5.640481683858586948e-01,2.717546488691275908e-01,4.187541317964386667e-01,-2.156294881286738990e-02,3.466268800205912770e-02,1.844606042151805403e-01,3.969526124778338660e-01,3.082052850018192625e-01,1.601358768079408357e-01,3.614848385465683767e-01,2.613381126100940421e-01,1.062157638190883435e-01,5.557729442887631155e-01,3.822774025852935242e-01,5.595931843693561225e-01,1.150610881690767584e-01,3.127868853854596232e-01,2.527282505491441067e-01,2.662623812828751046e-01,1.970616665921265387e-01,2.975371816916729806e-01,2.536668405302199836e-01,2.933751786813454387e-01,1.638373572508746157e-01,2.021996284091197305e-01,1.605759677662591811e-01,3.964600100456838576e-03,4.047499901967290259e-01,2.242832815761938992e-01,4.761325063989256812e-01,1.619240714970235639e-01,-4.245723377935690240e-02,2.697682000349372888e-01,2.895191025137100471e-01,5.372217575831793601e-01,2.925775044763287980e-01,3.773630336800670171e-01,-8.789147570362342010e-02,1.339141825318574397e-01,2.264744919142406276e-01,3.428429742886220932e-01
3.732703115471525113e-01,4.968509347907235779e-02,8.742181278604023165e-01,1.254008891699669448e-01,5.675359120757807879e-02,4.166693745620175804e-01,1.000000000000000000e+00,5.770988050024591365e-01,5.314652507183839081e-01,2.179931333429859786e-01,3.985676271216329059e-01,2.234538649125886733e-01,3.593044430239069054e-01,6.572645866601677378e-01,3.725138130353580768e-01,3.277248937392597816e-01,2.830051936649941591e-01,6.117721153848350024e-01,2.220387098349013988e-01,1.643789052678406859e-01,3.804281286394866624e-01,2.957166170776314162e-01,2.631331402607710590e-01,5.832677372613825906e-01,2.039010570023629121e-01,4.987276799067667521e-01,6.049138972757324151e-01,2.499113226909546182e-01,3.399398176086646517e-01,2.970348494646572468e-01,2.438182885622967033e-01,1.925470498448055290e-01,2.590163365929819550e-01,1.795274906207769139e-01,2.876826666918546049e-01,8.980846532591180154e-03,6.193135840844783413e-01,9.945493231280787272e-02,6.106238778941061596e-02,2.338861339415437834e-01,7.610864918134575552e-01,3.233164034018187194e-01,5.084761765554520752e-01,2.161045376411588614e-01,3.126370183898545263e-01,2.103846772175921587e-01,5.114107599050297104e-01,5.868464882754407252e-01,2.903268836858576285e-01,2.865784126561791156e-01,-1.411315472495095757e-01,5.157778940305115523e-01,-1.427521094386071873e-02,1.337257555083692373e-01,3.606270825993256879e-01,2.020690801598409025e-01,2.700124892584275238e-01,5.514469080831704284e-01,4.776313233588226626e-02,3.366239949404681853e-01,5.428874243844201697e-01,2.383396670609411183e-01,3.248144399903955537e-01,-7.972819343323235206e-03,2.011456063897438251e-01,1.890515663338299956e-01,2.723628156658768895e-01,1.436814170837168725e-01
2.769473200171039262e-01,8.989203528693065492e-02,5.651636217659332662e-01,8.063246008693505940e-02,9.651824248573895315e-02,6.227121138065286887e-01,5.770988050024591365e-01,1.000000000000000000e+00,1.092634119195292214e-01,9.730895047819929089e-02,2.734214118871391985e-01,1.778195302066066241e-01,8.838887741678046195e-02,3.812024159072169294e-01,2.015250882620325534e-01,2.802343713232538502e-01,3.481506444833188940e-01,4.311088038234003328e-01,2.207747032314509861e-01,1.031069939174564243e-01,3.879708201365206777e-01,1.452513115460080939e-01,4.505928702305294631e-01,1.182569962179049888e-01,-1.347599182951007002e-01,4.139555312906463835e-01,4.242684223381160691e-01,5.233458489584766893e-01,2.019741694962321477e-01,4.724403118190175777e-01,6.363231628206628132e-02,9.891790035470325593e-02,1.664390450193117266e-01,2.664518877608427760e-01,2.464425494464688726e-01,5.087930498093254372e-02,4.026707971783298201e-01,7.181822792148370715e-02,1.095210195710231010e-01,3.630797208865805814e-01,4.370532770899566155e-01,6.473756961101205798e-01,7.745524026234379411e-02,8.935479966097159554e-02,2.492330359319452904e-01,1.808060159735578876e-01,1.511473246312115271e-01,3.394740316651240208e-01,1.689737672019016035e-01,2.168154043633691019e-01,1.350044399257319117e-01,2.802242789266259360e-01,1.328018561902645500e-01,8.310643799252659392e-02,3.818828529086928381e-01,6.701963780501071777e-02,4.418730662344964033e-01,6.317249422042761631e-02,-2.078249568283561943e-01,2.457907722658690119e-01,3.445607102267235211e-01,4.696557728685771815e-01,2.145150021370814397e-01,3.216643381033550964e-01,-9.646247175431296728e-02,1.482518157630735578e-01,1.442136198149781834e-01,2.115484362305079802e-01
1.420070024721796220e-01,-4.557762869708396891e-02,3.939963748341316352e-01,1.503834195623837341e-02,6.219387934066226975e-02,1.328468972509753432e-01,5.314652507183839081e-01,1.092634119195292214e-01,1.000000000000000000e+00,6.135019039815255149e-02,2.551975565253516987e-01,5.612385818870949811e-02,5.205036592623351055e-01,3.963305561210059280e-01,4.033746783704617034e-01,8.019852602366084326e-02,-1.102998972190844390e-01,2.882331291615251034e-01,-2.922921282536603254e-03,2.494340915033528908e-02,1.625224061130834952e-01,2.893804483795482940e-01,-1.769797815998996535e-02,6.289835984264487978e-01,4.307314081215547485e-01,1.038675886895294859e-01,3.962012182219582512e-01,-1.341060538748296838e-02,1.782014241202018734e-01,-1.563841522242086224e-01,2.644430835936785740e-01,1.967365423927048274e-01,1.786221778872683075e-01,-5.813525447140841657e-02,6.189632164111731616e-02,-5.494806257085143447e-02,1.536969603405639595e-01,-2.669958686099889456e-02,-7.205615131058448232e-03,4.045164878464060226e-02,3.079300310478572666e-01,-6.465721088697271024e-02,6.686112226836969930e-01,1.067861188603854844e-01,1.109512911859885514e-01,3.425543137065545363e-02,5.593020095312338791e-01,2.656570815573360278e-01,2.592046323993133505e-01,1.066820420171771117e-01,-4.116703767775001244e-01,2.577968503100357411e-01,-2.200758333383803778e-01,2.502007511022699693e-02,1.835587244920609817e-01,1.899739270601349950e-01,3.762091060465586750e-02,5.779580131373530660e-01,3.401780344136258738e-01,-1.811091559275531879e-02,2.911144124582479842e-01,4.027808568261289496e-02,2.149336423392427253e-01,-3.012402122668392801e-01,2.339268101781904474e-01,1.137821629458364986e-01,1.927089594756557500e-01,-8.206251453579904709e-02
2.850979384175827969e-01,3.071057915420706830e-01,2.155840383554403217e-01,5.893804397064897893e-01,-1.932225012369447048e-02,2.778463572936707981e-01,2.179931333429859786e-01,9.730895047819929089e-02,6.135019039815255149e-02,1.000000000000000000e+00,2.046000879324827437e-01,6.482429079833330610e-01,-1.509643982453844346e-01,1.129394411306657436e-01,5.591010816589343096e-02,2.073615678873914348e-01,3.250544312315840623e-01,7.410653810464548630e-02,1.795105522037821755e-01,5.356197659812584888e-01,2.293831384106820859e-01,2.961051191592432574e-01,2.903035714401359102e-01,1.841117118979563871e-01,1.999995447213429589e-01,4.233167038559285111e-01,1.914392267101939493e-01,1.755818529509717840e-01,3.056416324120344030e-01,2.655220779200582193e-01,-1.270731154954017617e-01,-6.298796318106789083e-02,2.338924553298309117e-01,3.451772160536349943e-01,2.844639516725460116e-01,3.149357117202118972e-01,3.353342914721481050e-01,6.255319220758407406e-01,7.930121797296680111e-03,6.542203558686959797e-02,3.215372152158371133e-01,9.632750202539160089e-02,1.211097300374531643e-01,8.937416427166274824e-01,3.488847125787312708e-01,6.324077929498095330e-01,8.112864495848455537e-02,2.466915444545875746e-01,6.418697355693890605e-02,2.187281859505859349e-01,2.670004786715748923e-01,2.698708819296681827e-01,1.859462664624247918e-01,5.417420231729092039e-01,2.161973434813005135e-01,3.525208757008564397e-01,2.117102562475098038e-01,1.791993138323451640e-01,1.311888904017511626e-01,4.758679328036296008e-01,3.030475367748068360e-01,1.625317371256848886e-01,2.781485108197258582e-01,2.555926123179781406e-01,-7.396401092111448694e-02,2.934864320752266983e-02,2.040501222302018580e-01,3.781026656633817984e-01
1.507523880449235798e-01,1.455044658724458928e-01,3.673280162832345264e-01,2.288455877880139488e-01,5.470425627208963526e-02,1.779890708152106205e-01,3.985676271216329059e-01,2.734214118871391985e-01,2.551975565253516987e-01,2.046000879324827437e-01,1.000000000000000000e+00,2.452790693022522672e-01,1.593199426366298244e-01,2.029007019358616826e-01,1.166967917426298823e-01,5.906392744568119552e-02,2.706172955142960856e-01,3.622728357284314971e-01,2.622970494190993707e-01,1.994822410188771544e-01,1.310778213076690402e-01,2.938222272263290580e-01,6.816622910297472082e-02,2.865019407181912947e-01,2.233055975379431568e-01,4.944336655821873761e-01,2.963324944127229688e-01,7.601934490206406145e-03,2.650071929909590396e-01,1.981427674671657480e-01,1.030315771469286074e-01,6.074160074611922866e-02,2.277548461957753512e-01,2.325256793593673266e-01,1.898403995351551909e-01,1.704950051496095520e-01,2.052197327595253196e-01,1.843897459405032524e-01,1.341338034731056339e-01,8.737784848794825920e-02,2.333967188333732623e-01,1.391698226410378880e-01,1.826054032127987503e-01,2.270169625994746809e-01,4.676381570256670783e-01,2.222953417819445165e-01,2.023751568578394111e-01,1.452216474511988098e-01,3.113050704907961708e-02,8.955253373585343735e-02,5.337412578823373666e-02,2.420225388392312771e-01,1.462984659491896877e-01,1.949555076644903517e-01,1.328582183714611675e-01,2.042135346475219548e-01,6.071108256381993473e-02,1.628319488467940557e-01,1.160843818929480770e-01,2.433850398588787156e-01,1.384866878920854305e-01,1.592186350297792458e-02,2.409808143182513573e-01,6.673065294034474793e-02,1.762259027854270327e-02,5.817705919278604726e-02,2.589591513406405698e-01,2.342924222091295472e-01
1.991509882490620220e-01,4.140174852601031796e-01,2.555432509631822557e-01,8.081941645291039755e-01,7.186775633503741934e-03,2.562248565415173318e-01,2.234538649125886733e-01,1.778195302066066241e-01,5.612385818870949811e-02,6.482429079833330610e-01,2.452790693022522672e-01,1.000000000000000000e+00,-2.474084799081853192e-01,3.196877837202793254e-02,8.658991271912806764e-02,2.497466325715201330e-01,3.795748774543178938e-01,-6.640279603359043603e-02,1.456300149089728990e-01,7.869409400262988852e-01,2.502859685146483493e-01,3.669689539328003236e-01,3.551242849264290014e-01,3.235232220564815964e-01,1.892677232256469999e-01,5.306690008150627413e-01,2.171321616556211864e-01,3.237456074388719851e-01,2.347847025853179448e-01,4.078952886190129745e-01,-6.434102873981058235e-02,-9.438048527031860091e-02,2.271186967801087642e-01,3.987909591194297998e-01,2.259830491093545168e-01,4.364503190007048006e-01,4.071927959561758570e-01,7.966933112042021703e-01,1.966496936953947283e-02,1.466759039960787159e-01,3.348298531592109883e-01,1.998324169544754003e-01,8.181671974353825483e-02,6.175681445774559020e-01,3.547590738801872368e-01,8.769415544687448882e-01,-5.214418283461147441e-02,1.678893344391456377e-01,6.977270846448173358e-02,3.092066454292594080e-01,4.073344156751806389e-01,1.470602906859102277e-01,2.449834249098563899e-01,7.939537811228890574e-01,2.650328901795521164e-01,4.226036745637918313e-01,3.214877774692025958e-01,2.862245808146556270e-01,9.982981678017001370e-02,5.144111866865731519e-01,3.196862253377147911e-01,3.373238776349885559e-01,1.793467526492056319e-01,3.842060725505443419e-01,-1.064093606902775102e-01,4.216833426119056399e-02,1.896706777538184063e-01,4.399157742343527966e-01
1.045592064249779435e-01,-2.298751960731293675e-01,2.251543602495300611e-01,-2.416575274379842986e-01,3.128130106977719538e-02,3.717837612862971708e-02,3.593044430239069054e-01,8.838887741678046195e-02,5.205036592623351055e-01,-1.509643982453844346e-01,1.593199426366298244e-01,-2.474084799081853192e-01,1.000000000000000000e+00,3.871875394853340202e-01,3.024063193768151692e-01,-4.792334225121640950e-02,-1.824801976184450558e-01,3.463517651264060304e-01,2.139062903748401023e-02,-2.257819278236193328e-01,3.139683605740360012e-02,-5.663766313205923636e-03,-1.382552486486389176e-01,2.280722779930044741e-01,2.815260766537608372e-01,-1.892123998461495149e-01,3.138482541205610543e-01,-1.350315205419670983e-01,4.671592845651649506e-02,-3.429261816818560682e-01,2.974660389781083603e-01,2.382854901602406150e-01,-2.048900516383148074e-02,-2.657398994510305479e-01,-1.904403144868710082e-02,-2.874871987949162988e-01,-4.540371810489088333e-02,-2.822985870878395587e-01,2.090552035184211829e-02,-1.506294798249829120e-02,1.157126154776172283e-01,-7.068159953688017694e-02,4.506827793462878651e-01,-9.336935122911682594e-02,-9.947504160659968730e-02,-2.134141439962798925e-01,5.638154370347959743e-01,2.311036971138609175e-01,1.776728208607279424e-01,-1.008825437650514856e-01,-5.183258994273532982e-01,1.690953192208272671e-01,-2.149353774516125082e-01,-2.430638683470832118e-01,2.108114833980608005e-02,-1.677603323962506277e-01,-8.881996972789139855e-02,2.027251087308553634e-01,2.319460417550831544e-01,-3.318393728635857798e-01,1.600410003078408805e-01,-1.108743980423929076e-01,8.099290281423307536e-02,-4.542051100588356261e-01,2.703997610431100873e-01,1.073637425604758167e-01,4.293643085078301114e-02,-3.208286294769500113e-01
7.277880109892819194e-01,-3.457873214963116948e-02,6.683246654572961853e-01,-7.898264869217638817e-02,-9.736492231420590393e-03,2.261174901838414186e-01,6.572645866601677378e-01,3.812024159072169294e-01,3.963305561210059280e-01,1.129394411306657436e-01,2.029007019358616826e-01,3.196877837202793254e-02,3.871875394853340202e-01,1.000000000000000000e+00,1.826517942165202801e-01,1.703678667252190859e-01,4.357447210907501312e-01,6.566586646875162137e-01,5.765049085846885024e-01,-1.001638393423902318e-01,3.234880337161328279e-01,1.223419896625847630e-01,1.619978601452868039e-01,2.362308252679745368e-01,8.719268438195611204e-02,2.080836862635701834e-01,7.574913375876588528e-01,-5.186446130456463105e-02,3.948065996631823782e-01,2.705934489452580527e-01,6.621722418005940858e-01,2.838375803068338143e-01,9.021102952862630753e-02,4.149557221700878040e-02,4.323872333607587937e-01,-9.149429490412017141e-02,3.504727558297029977e-01,-7.024397126923771772e-02,-3.811267869486707760e-02,8.569949135555648967e-02,4.060544320353736136e-01,1.983036729089125427e-01,2.830419296392742701e-01,1.281417095283723107e-01,3.655233581092229983e-02,2.050841686425837126e-02,4.070811406489884265e-01,8.405881752379674721e-01,1.241738463722571739e-01,1.489840669343033552e-01,-1.902040441947853988e-01,6.872298172667241634e-01,2.226268223762428722e-01,-1.310305795433549803e-01,2.800896167937547143e-01,4.188116853429724867e-02,1.357953953828587301e-01,1.926129910836360815e-01,6.344170157481646144e-02,1.541718993191705522e-02,6.436233440273902984e-01,-1.449743182832123785e-02,3.643960265842618451e-01,-1.035678605250972550e-01,5.418246797663515135e-01,2.076907463561012135e-01,1.764578015402766542e-01,-1.430561037182225513e-02
4.490525125197371986e-02,4.971938656789850336e-02,2.814561057942488453e-01,5.882378689632957597e-02,7.666016865356653498e-02,2.898492840263138803e-01,3.725138130353580768e-01,2.015250882620325534e-01,4.033746783704617034e-01,5.591010816589343096e-02,1.166967917426298823e-01,8.658991271912806764e-02,3.024063193768151692e-01,1.826517942165202801e-01,1.000000000000000000e+00,1.819472827021727523e-01,-4.146527561285690694e-02,1.477979777433770237e-01,-7.769846179870255887e-02,5.162260934359284847e-02,1.973333741106289008e-01,1.360603729336991585e-01,1.559892482787056112e-01,3.721436267430332512e-01,2.395304172340196880e-01,7.852774041629013990e-02,2.234247930532648474e-01,2.329796944422184712e-01,1.220343235112498759e-01,-1.615627358020434862e-02,2.872045217463901207e-02,1.136722328075841920e-01,1.554235217746819386e-01,4.503470424181652693e-02,6.471171174646925262e-02,-1.340909485897825298e-02,2.567385773153592621e-01,5.000723798756896710e-02,7.377970760001035600e-04,2.129882416061892048e-01,3.300956668102708602e-01,1.202590599999604076e-01,3.767282490695382791e-01,7.578761746351163342e-02,1.284442090255327462e-01,7.163779899002790941e-02,4.175128356877989000e-01,1.722048363691565387e-01,3.321165253157555841e-01,1.507070946073014173e-01,-1.455041502298534684e-01,1.327336253162762492e-01,-7.501739998755253824e-02,4.728702043405983574e-02,2.116102365290744025e-01,7.545784911485833857e-02,2.017901502734325281e-01,4.214174090598272193e-01,1.279360815833397724e-01,7.736988658089455351e-02,2.448441696048433702e-01,2.574307578242243100e-01,1.534275555511696865e-01,-4.637606177183738188e-02,2.272785213538714225e-02,7.214491042518066111e-02,1.263480146069064780e-01,2.916660661528029316e-02
2.203686273782177740e-01,3.062518148410537933e-01,3.728060742076455547e-01,1.728147760524061105e-01,4.064416808043407742e-02,3.142004019620029398e-01,3.277248937392597816e-01,2.802343713232538502e-01,8.019852602366084326e-02,2.073615678873914348e-01,5.906392744568119552e-02,2.497466325715201330e-01,-4.792334225121640950e-02,1.703678667252190859e-01,1.819472827021727523e-01,1.000000000000000000e+00,2.149036521322621462e-01,2.492962826175903687e-02,-6.884278998658302506e-03,1.257241735805273708e-01,7.298730572806401140e-01,2.616029574690775794e-01,6.918525782948548031e-01,2.477947186240270216e-01,9.153745384343601674e-03,3.490698489823767514e-01,3.592375400996510315e-01,3.378207476161725897e-01,3.614335606071948925e-01,3.876817180952014663e-01,-8.318251956004138470e-02,-3.033319918045065955e-02,3.149508700229076141e-01,4.587290639783740409e-01,3.260063551382077485e-01,2.234017906692292998e-01,3.991273345072548495e-01,1.972793471918126984e-01,9.290757043396468892e-03,2.279990069984904333e-01,3.973309668008322970e-01,2.360842552830119123e-01,1.417672004290041199e-01,2.230704453687204214e-01,1.403100021676169651e-01,2.005219182250498888e-01,7.404441419110198430e-02,2.338880989387819576e-01,1.359130174515807143e-01,7.808003435533387160e-01,2.574088881134493079e-01,1.853557099522154250e-01,1.407999776284340754e-01,9.930012630793545736e-02,7.049732942939860303e-01,3.640001682809135830e-01,6.846580623664557663e-01,2.794114781385914625e-01,-7.405390908710297870e-02,3.908920349945134154e-01,4.490576108935805388e-01,3.651709535559419240e-01,3.640723162320714801e-01,3.760233654496801803e-01,-7.681034013657249415e-02,5.827636408114772459e-02,3.322477634207101072e-01,3.722894112010467493e-01
6.637033783151633504e-01,3.199144199634047503e-01,4.619902065638297750e-01,2.891651366351147279e-01,2.892567941428950389e-03,2.663877316266449191e-01,2.830051936649941591e-01,3.481506444833188940e-01,-1.102998972190844390e-01,3.250544312315840623e-01,2.706172955142960856e-01,3.795748774543178938e-01,-1.824801976184450558e-01,4.357447210907501312e-01,-4.146527561285690694e-02,2.149036521322621462e-01,1.000000000000000000e+00,2.927960067629607477e-01,7.269392734391273425e-01,1.897935664246491738e-01,3.003645386472967305e-01,2.336674543885678135e-01,3.887506717477468010e-01,3.805606507865992583e-02,-1.160028630982114645e-01,5.653246562576886847e-01,4.885977112704432690e-01,1.425691465147869430e-01,4.177163576694256086e-01,6.197632913187192116e-01,2.403290743042627298e-01,-2.480160468055642164e-02,1.463591980123933878e-01,4.145311883747476167e-01,5.475289286614591910e-01,3.450449852613780566e-01,4.499329101034862943e-01,3.245701480105704917e-01,-1.723333024492392299e-02,1.392085616384440283e-01,2.680945737770437098e-01,3.724830673202475517e-01,-1.132145502875213511e-01,3.146281884473000612e-01,3.200420722495109227e-01,3.446406361132116625e-01,-9.141519710399446941e-02,4.983610093817222864e-01,1.274219418316831914e-02,2.484912955478503216e-01,4.945250855960269809e-01,3.950497677439598898e-01,6.492862881431979982e-01,1.817188685211266475e-01,2.990106149396642987e-01,2.125837086282822141e-01,3.003629935640637072e-01,-2.401091684462105039e-02,-1.283915074177400251e-01,3.730861472226428832e-01,4.633050002857432847e-01,1.785722727899452522e-01,3.813441663307275964e-01,4.131270993809904590e-01,1.202947209939062845e-01,7.755733768498053460e-02,1.591155453155314037e-01,4.126369618108547965e-01
3.437085845386917415e-01,-1.183105449205474474e-01,6.028213741766200728e-01,-1.179602956612137155e-01,9.276279042146699794e-02,2.200258903130591637e-01,6.117721153848350024e-01,4.311088038234003328e-01,2.882331291615251034e-01,7.410653810464548630e-02,3.622728357284314971e-01,-6.640279603359043603e-02,3.463517651264060304e-01,6.566586646875162137e-01,1.477979777433770237e-01,2.492962826175903687e-02,2.927960067629607477e-01,1.000000000000000000e+00,4.471184275737858926e-01,-1.019768186883932282e-01,1.554806357982911058e-01,3.171876543678699145e-02,6.191490604748103171e-03,8.281616660772543603e-02,1.810547755603568454e-02,2.364294921977424802e-01,5.520217826290407803e-01,-1.117969064166607213e-01,2.391799508426722953e-01,7.544696009039963958e-02,3.139389407432345291e-01,1.955429833972553433e-01,1.229946701602410430e-01,3.891608560454855228e-03,1.955143335359408041e-01,-1.639551437745357665e-01,1.809031818263351354e-01,-1.538575965446511706e-01,3.073119591908179959e-02,5.499771719428764999e-02,3.011991292379634366e-01,1.705650895986600135e-01,1.933528070389436415e-01,8.066930173917144509e-02,1.964079195430700753e-01,-4.985741354670339409e-02,3.808025810659608767e-01,4.755342572672949242e-01,5.797052347948816048e-02,-1.285463698407963290e-02,-2.261716783360980809e-01,5.877450012075706720e-01,4.093309178806012888e-02,-1.143391560123257766e-01,1.284657993569050527e-01,-9.555885975212206895e-02,-4.908110753651999565e-03,-9.923404340561348472e-03,-7.323379481500323640e-02,1.131081343607991813e-02,3.310946853822206992e-01,-1.065166720400709949e-01,2.207035038918607472e-01,-2.058033529689674290e-01,2.542289792376369317e-01,1.329000382322488016e-01,1.785469340506183611e-01,-6.692973028607254737e-02
7.043446524105174689e-01,9.233357238241028664e-02,3.668928501892527172e-01,4.767811961050593544e-02,1.078239313526533662e-02,1.078011127257648000e-01,2.220387098349013988e-01,2.207747032314509861e-01,-2.922921282536603254e-03,1.795105522037821755e-01,2.622970494190993707e-01,1.456300149089728990e-01,2.139062903748401023e-02,5.765049085846885024e-01,-7.769846179870255887e-02,-6.884278998658302506e-03,7.269392734391273425e-01,4.471184275737858926e-01,1.000000000000000000e+00,-3.723758391167980575e-03,1.104003992444341081e-01,1.250165436802051222e-01,6.661835927162747251e-02,-1.695261767452341944e-02,-4.871474285001430732e-02,3.159062896302480272e-01,5.407108380901721745e-01,-1.189509241951374613e-01,3.793478733619531917e-01,3.653427662312009327e-01,4.840071534637354067e-01,8.712486442579761570e-02,5.799083929663118031e-02,1.244317635441099523e-01,4.697479637872475355e-01,1.460876178751380206e-01,1.596142041740484796e-01,6.534577152773775321e-02,-3.522170877899995223e-02,-1.047670779519075356e-02,3.663002602935760965e-02,1.687081220532020420e-01,-9.969606796066578236e-02,1.982084781585931044e-01,1.332904053450402193e-01,1.349965833000885129e-01,9.411903741399947620e-03,5.085198083163144922e-01,-5.322457210305309161e-02,4.088812439966417467e-02,1.434359042370624004e-01,4.184936965558854194e-01,5.965088420275116432e-01,-6.946939358247372805e-03,1.181208427077645867e-01,4.148646012480797923e-02,7.467475768019256159e-03,-1.201282388691672504e-01,-3.875140342477936817e-02,3.958150235582857945e-02,3.631571405590178214e-01,-7.647893416385982690e-02,3.510776988759274908e-01,5.102033681631748530e-02,3.203967338845498114e-01,1.172737243417824732e-01,9.564021812148228163e-02,1.465926745878393112e-01
-3.745480279338909979e-02,2.607032431184134746e-01,1.826804166498187387e-01,7.060037594061091548e-01,-2.661326877935506555e-02,2.731584836459024449e-03,1.643789052678406859e-01,1.031069939174564243e-01,2.494340915033528908e-02,5.356197659812584888e-01,1.994822410188771544e-01,7.869409400262988852e-01,-2.257819278236193328e-01,-1.001638393423902318e-01,5.162260934359284847e-02,1.257241735805273708e-01,1.897935664246491738e-01,-1.019768186883932282e-01,-3.723758391167980575e-03,1.000000000000000000e+00,8.268787519971311506e-02,2.060650976168912629e-01,1.961947883217549371e-01,2.635184622839463753e-01,1.616239264643884732e-01,4.001886544640952392e-01,6.068411329106261631e-02,1.580457152862070891e-01,4.855777500418716197e-02,2.331480318826821552e-01,-1.408322323590244507e-01,-1.102918306664478348e-01,1.793715180451808666e-01,1.919540253227176030e-01,6.308629758026749502e-03,2.884969882677881348e-01,3.275069782895530524e-01,6.301056488019635138e-01,-8.246296679826233683e-03,-4.053158024061317977e-02,2.719728515019802506e-01,5.233337306064887035e-02,7.583102302471876610e-02,4.248634630426669223e-01,3.028445666451669571e-01,7.359207013106384698e-01,-6.086704867595347374e-02,-1.792570625608662718e-02,4.507131121129960560e-02,1.854812591702865998e-01,2.804882911623096664e-01,6.073861822607100336e-02,5.394239932321986952e-02,9.502315235414153793e-01,9.493218335588407553e-02,2.632173146946635289e-01,1.568675342581949961e-01,2.530571438962720410e-01,8.406622471123796625e-02,4.491352075291964452e-01,1.952396560969294481e-01,1.327685524248281845e-01,-3.582531026146952569e-03,2.173432971469138053e-01,-1.375505029097977561e-01,5.941109346666836703e-03,1.299810713448925903e-01,2.563573124411829274e-01
3.705943709458661695e-01,3.249544050006312190e-01,4.300417397690718957e-01,2.119421190621541828e-01,1.071546954679432340e-01,3.812058236288564106e-01,3.804281286394866624e-01,3.879708201365206777e-01,1.625224061130834952e-01,2.293831384106820859e-01,1.310778213076690402e-01,2.502859685146483493e-01,3.139683605740360012e-02,3.234880337161328279e-01,1.973333741106289008e-01,7.298730572806401140e-01,3.003645386472967305e-01,1.554806357982911058e-01,1.104003992444341081e-01,8.268787519971311506e-02,1.000000000000000000e+00,3.134755583256899625e-01,8.033325798872648082e-01,2.267002060707184463e-01,-4.566456100598231121e-03,3.950264565048799970e-01,4.826313720222618620e-01,3.566585233600442773e-01,4.735619093811370695e-01,4.521675365934334501e-01,2.378528600000669874e-02,6.547499766237399599e-02,3.506937654342909827e-01,5.319283365702078825e-01,4.543947531304867171e-01,2.371931919256356491e-01,3.335292151864563959e-01,2.496856029582735781e-01,4.668086394556019564e-02,2.652160598202948916e-01,3.641958138884176521e-01,3.072496470432418691e-01,1.775212721843258679e-01,2.757494138065350042e-01,1.539384001694380222e-01,2.153805705162454287e-01,8.392420587402711629e-02,3.280104757210866584e-01,1.090297324990868594e-01,6.757842097797122083e-01,2.090327214666676536e-01,2.640498550359904328e-01,1.939449489981807662e-01,6.636075921014336632e-02,8.964880256179879048e-01,3.679690445161730161e-01,7.817006324040292053e-01,2.103390853326654875e-01,-6.840542591214901491e-02,3.358881530619538536e-01,4.759045039956906198e-01,3.882286033332933983e-01,4.880942439624821327e-01,3.884379350345720239e-01,-6.045557489349980690e-03,1.101355875989390304e-01,4.018062161951915234e-01,4.301635974636724979e-01
2.027030743386414591e-01,3.936874081370707601e-01,2.681168251603117114e-01,3.464978020476930931e-01,4.990327601334990093e-02,2.651948296637939850e-01,2.957166170776314162e-01,1.452513115460080939e-01,2.893804483795482940e-01,2.961051191592432574e-01,2.938222272263290580e-01,3.669689539328003236e-01,-5.663766313205923636e-03,1.223419896625847630e-01,1.360603729336991585e-01,2.616029574690775794e-01,2.336674543885678135e-01,3.171876543678699145e-02,1.250165436802051222e-01,2.060650976168912629e-01,3.134755583256899625e-01,1.000000000000000000e+00,2.705161315505166253e-01,5.263478925421054555e-01,3.110192266073124046e-01,4.871484581857132845e-01,2.887063285459757767e-01,2.123570373446947712e-01,3.214038972327678545e-01,3.640869551200238141e-01,3.249842125627478567e-02,-1.077854532696299709e-02,2.848192623433510873e-01,3.994517915132261288e-01,2.859070374708206907e-01,3.833920419941728719e-01,2.401428097715508636e-01,3.696789468218938945e-01,3.618759835788058765e-02,1.265551450099330066e-01,2.567570303876005045e-01,1.264637709921992703e-01,2.528380544621086634e-01,3.641841933320065783e-01,3.387568403703598574e-01,3.614815634960294455e-01,1.071978253158230449e-01,1.689169272789163012e-01,9.502081968143588631e-02,3.102295942448439758e-01,1.568160994445206846e-01,1.652593709353926410e-01,1.322460214654683497e-01,2.306274555131790915e-01,3.464093608839564076e-01,5.556934796563136603e-01,2.686210665838278944e-01,4.222445401763547101e-01,2.174054200421410843e-01,3.824086449837988955e-01,2.790990538940179011e-01,2.517044494046176695e-01,3.425164774375470400e-01,2.784737859802496884e-01,1.424835757414115271e-02,4.673597237879401761e-02,3.090003603741149352e-01,4.152739833808283820e-01
2.997454943118008641e-01,3.923215355229118240e-01,3.569388698089208112e-01,3.183848854692628016e-01,8.894487656949516541e-02,4.613863100616453772e-01,2.631331402607710590e-01,4.505928702305294631e-01,-1.769797815998996535e-02,2.903035714401359102e-01,6.816622910297472082e-02,3.551242849264290014e-01,-1.382552486486389176e-01,1.619978601452868039e-01,1.559892482787056112e-01,6.918525782948548031e-01,3.887506717477468010e-01,6.191490604748103171e-03,6.661835927162747251e-02,1.961947883217549371e-01,8.033325798872648082e-01,2.705161315505166253e-01,1.000000000000000000e+00,1.297541318973256530e-01,-1.186344636978683004e-01,4.351749568061822893e-01,3.976962088748479118e-01,5.494358049098163610e-01,3.519136350317103035e-01,5.894972862329708185e-01,-1.309218126940488447e-01,-3.026824832443103866e-02,2.947534283380730535e-01,5.912962752062613792e-01,3.920053230114241005e-01,3.266631472655691093e-01,3.894135735646663266e-01,3.491611128356018612e-01,5.498684917414714546e-02,3.177825516305175513e-01,3.493332925425999824e-01,4.143851804345291545e-01,3.471752377181071963e-02,2.991271488681278012e-01,1.818465588050270365e-01,3.270956155140709587e-01,-5.332749312168019035e-02,2.310022990122281850e-01,1.137147119305916276e-01,6.515464114903233295e-01,4.417823037990035728e-01,1.620532294687049568e-01,2.383657001391457919e-01,1.799927568705919356e-01,7.527145573243878562e-01,3.573879584658469777e-01,8.725238901528458157e-01,1.339053773448197204e-01,-1.484332694536792396e-01,4.114171495977749782e-01,4.569190392979211035e-01,5.369266329965468598e-01,3.604392501589187003e-01,6.032107556068450060e-01,-1.854870487582012950e-01,8.187289246773631068e-02,2.847662572354425214e-01,4.768245037977184575e-01
