1.000000000000000000e+00,2.611193950284497745e-01,5.631725372650099315e-01,2.929774592591408156e-01,1.347834963884511628e-02,4.635427511136459566e-01,5.565506369422050792e-01,5.687327712383356548e-01,7.186183494852861620e-02,4.974947619112935482e-01,3.271031364427948174e-01,3.378623002253728358e-01,-1.698128225538455757e-02,7.083537943101000378e-01,8.447451478701978322e-02,2.413457918385022161e-01,5.644597982419348181e-01,2.888737834502164148e-01,7.022920835577596277e-01,2.956246411076515201e-01,3.533030813198756448e-01,2.375595202131696171e-01,4.106334690012486410e-01,3.235571206920618281e-01,1.449508998239168178e-01,4.484492069676657700e-01,4.735755183690158465e-01,4.433385815212710912e-01,5.872855568702187723e-01,5.952044506586193773e-01,1.547123660583388516e-01,1.101643915790727762e-01,3.319088221556866225e-01,3.462856337112639182e-01,5.665836143130372760e-01,2.874162340095351986e-01,4.596914532374458129e-01,3.318528303926256418e-01,1.989946470846662083e-02,4.128700362158049808e-01,5.409073412806983949e-01,5.598287610567659334e-01,1.268575892405397754e-01,4.556435382294785064e-01,2.210337052337157382e-01,3.200319510000319556e-01,-1.658220187267743376e-03,6.930110335677827083e-01,1.113947207727707112e-01,1.430665223386927698e-01,4.156454837603537622e-01,3.427688750263923056e-01,4.964992173187194879e-01,2.913290014345041867e-01,3.405414981821394682e-01,2.072317489468970819e-01,3.463607633630699234e-01,4.071456682719629128e-01,1.192993314100469632e-01,3.869049276451709818e-01,4.629793697273165698e-01,4.568783931547070187e-01,4.536060458110426907e-01,4.414071435215990991e-01,3.505291657160493624e-01,-3.347336412413792761e-02,2.680739763905841122e-01,2.050814960657369457e-01
2.611193950284497745e-01,1.000000000000000000e+00,2.889034099360007768e-01,4.736676337674212145e-01,4.118579249638509160e-02,2.795077546271731439e-01,2.597216572508759258e-01,2.413034615955266526e-01,6.399963333069180749e-02,2.456706606386333813e-01,2.636592256855868621e-01,3.799082675959944422e-01,-7.685932387941210586e-02,1.307892066130667830e-01,7.795855164472209609e-02,2.308228064741215113e-01,2.998885816276649074e-01,-6.106421962743005527e-02,2.374095259025315041e-01,4.815698813122847310e-01,3.787237144021372015e-01,4.027536264284600764e-01,4.218441971091614340e-01,2.950335209001683778e-01,1.390161744463764837e-01,4.869318285079720088e-01,3.897108284680090851e-01,4.461408416195351556e-01,2.312678114397402340e-01,4.672299973205968904e-01,-1.076375905905034153e-01,-1.948587797098881580e-01,3.148160109583005850e-01,5.004668039548494374e-01,5.635631439651200142e-02,5.108566322149956651e-01,3.366041044692268946e-01,4.490080565053107264e-01,5.800069122228206087e-02,2.362953732590120648e-01,3.347790501173750211e-01,2.964073847063398714e-01,1.794954927235053177e-01,2.235931960919633199e-01,1.954805206400583584e-01,3.901946855333742747e-01,-2.275249409483042287e-02,1.768635315072149550e-01,7.053709044293067498e-02,7.190692312127283659e-02,3.509614284401028628e-01,-1.403736400291704933e-01,3.289418890601112366e-01,4.810811926516244674e-01,3.600184046387158721e-01,4.432451155940851373e-01,4.295976332692393318e-01,3.514408539130888243e-01,2.344273465169550708e-01,4.679078222221104144e-01,4.058289541509592646e-01,3.832176869245100814e-01,1.399393886310193180e-01,4.580355730381758250e-01,3.572512803266784248e-02,-1.542423925076978064e-01,3.555183150894744015e-01,4.621409394788627001e-01
5.631725372650099315e-01,2.889034099360007768e-01,1.000000000000000000e+00,2.696396922816113872e-01,6.356165272978885061e-02,4.501194439745233034e-01,8.176159119032313516e-01,5.938551792319558542e-01,1.672831592265707767e-01,3.848100721758315190e-01,3.431916849736926789e-01,2.743685604930770072e-01,5.233945601441218620e-02,6.404865308735163687e-01,3.036239134139848139e-01,2.093021694170567326e-01,6.103189786450783361e-01,3.756208180993113044e-01,5.406034442041462995e-01,2.556958131624643138e-01,3.259747189697143610e-01,2.936224930560076829e-01,4.435068127444010688e-01,4.781147072129980358e-01,1.585846436108706292e-01,7.021325896588452853e-01,5.992190276433593255e-01,4.634924093575112924e-01,3.306911152418842703e-01,6.300812421746726510e-01,1.196206165962264978e-01,-4.494773450970464962e-02,3.061976782410796294e-01,3.151229502115117098e-01,3.193176377464645443e-01,3.581011897116805343e-01,6.635203138462467676e-01,3.078287218249688428e-01,2.083746622715378083e-02,3.704867384946713971e-01,6.801967388559184702e-01,5.457246510475515233e-01,2.128377701081382578e-01,3.554133897566193467e-01,1.769837610492897007e-01,2.661194986322984457e-01,8.134424787792872077e-03,5.630403224189930445e-01,2.881543733012865705e-01,1.213345110587902287e-01,4.366473616258356172e-01,3.066772575660283162e-01,4.508086630349051327e-01,2.847079290098141757e-01,3.193566372448540247e-01,1.878749572356672448e-01,3.730308856880157897e-01,4.770417184750161410e-01,1.072466117669739205e-01,5.097923154832164627e-01,5.764351000685518089e-01,4.248739235589800156e-01,2.685718789579650267e-01,4.139761056335081180e-01,3.455630140968095065e-01,-9.691625464232513087e-02,3.121555680295737822e-01,1.847152556886141328e-01
2.929774592591408156e-01,4.736676337674212145e-01,2.696396922816113872e-01,1.000000000000000000e+00,8.585330961657336619e-04,3.765356889032651089e-01,2.998479579164626263e-01,2.207399114395274531e-01,1.487274942748835482e-01,4.153777967598584753e-01,2.353762024529472696e-01,7.889562194002390783e-01,-1.300432724297111153e-01,1.969522229541494640e-01,2.914924383862069202e-02,2.535515069682093281e-01,2.487345543765753231e-01,-4.305674988780616719e-02,2.357795350668003831e-01,8.566797605662558324e-01,5.490803323831040528e-01,3.655666531461922442e-01,5.824245438410008413e-01,3.747628407532965777e-01,1.305999789169669523e-01,4.248419565611628590e-01,2.985829115319986737e-01,7.281361364196954344e-01,3.140970142376099394e-01,4.578470837805956872e-01,-7.455121842627221440e-02,-2.352795167205585791e-01,3.939557729540910658e-01,5.114293884546591284e-01,7.083272350037271570e-02,4.658415654172151088e-01,3.058778424842188981e-01,9.388509973475911430e-01,-1.017275456622599925e-02,3.442754670700490793e-01,3.403016304731396047e-01,3.164398027276390524e-01,2.379945684378107773e-01,3.652688466675553247e-01,1.447084089367219883e-01,7.790186824377752783e-01,-6.830892266570325055e-02,1.756262844906071874e-01,4.805749994657385754e-02,1.847710462917780128e-01,3.007936203257869923e-01,-1.518576097612781006e-01,2.661219830507004502e-01,8.689730261238843845e-01,5.151027700822743416e-01,4.002845537112766916e-01,5.647086590474482692e-01,4.582185096724478157e-01,1.821700252604911141e-01,4.301526040179080579e-01,3.176904233699143765e-01,6.916008939995512694e-01,1.826742709551895105e-01,4.796521427219737066e-01,5.077966035051007659e-02,-1.634606456276700426e-01,3.422293801219138398e-01,4.508253586256924517e-01
1.347834963884511628e-02,4.118579249638509160e-02,6.356165272978885061e-02,8.585330961657336619e-04,1.000000000000000000e+00,1.132951428236659980e-01,1.176735222378880730e-01,1.619340775094342821e-01,5.225187541764095278e-02,2.054494255142402803e-02,1.267780830161941708e-01,5.497978312800980150e-02,5.970247983958283655e-02,6.764495430946730614e-02,1.122560891551041967e-01,7.307125102051627297e-02,1.123479342595338909e-01,1.051729543253634019e-01,-1.604118888434512280e-02,3.919378522279370197e-02,8.258169105564867885e-02,8.727296690823656278e-02,1.061750282086799807e-01,3.748515380349951714e-02,1.189505662732289783e-02,5.281167321705971390e-02,5.119939166063886687e-02,9.722464465258991162e-02,5.980222897293387477e-03,1.026689298308789827e-01,-4.373767551379972168e-02,5.027548305841286064e-02,4.040356095416254567e-02,1.188428959903184701e-01,-1.799145275561901680e-02,7.670713078874742685e-02,5.838714694002947181e-02,1.924518027963676575e-02,9.423830465422754210e-02,7.141656889575853651e-02,9.324216287780356938e-02,1.154611679660465517e-01,9.105176901920075672e-02,2.172181405654184314e-03,4.449597550527491230e-02,1.118767443889342843e-02,5.449427967062459022e-02,1.112777559319100690e-01,7.139423245975858034e-02,5.205632514899649621e-02,7.445975529551199235e-02,1.855961950667299812e-02,6.414016279003149912e-02,3.486079032162116287e-02,8.363333672905787219e-02,4.867066133589386528e-02,8.606940238575309932e-02,5.853357073068062022e-02,-1.394878608729677887e-04,3.644521248139440117e-02,9.097284085467682857e-02,6.373738875298831652e-02,2.954621910101344964e-02,1.017832492037864800e-01,3.179395634371509627e-02,3.138999783476009026e-02,2.336231381922271658e-02,8.252803242885806134e-02
4.635427511136459566e-01,2.795077546271731439e-01,4.501194439745233034e-01,3.765356889032651089e-01,1.132951428236659980e-01,1.000000000000000000e+00,5.005717383244969731e-01,5.560112228969908976e-01,-5.779491395613452903e-03,7.414987546192330914e-01,2.365211531694135783e-01,5.207020118639220652e-01,-4.956286682806209515e-02,3.463365265574117613e-01,1.470397823355265310e-01,2.523394440607575340e-01,4.934507691837755061e-01,1.744828256357104368e-01,3.852875858613892812e-01,4.801176402290467382e-01,3.978275961712225417e-01,8.693074102997905284e-02,4.750097887587557133e-01,1.752616400842348654e-01,4.004123149097071205e-02,3.338888938520254146e-01,2.034058780058463911e-01,6.333297637942040259e-01,3.109000179670803332e-01,4.480064359378047589e-01,-1.457683181072548170e-02,-1.767737768942535641e-03,2.515866453847649398e-01,4.028758458422905253e-01,2.218269547662964081e-01,3.064126964365327943e-01,4.845261456848108939e-01,4.178010154904114870e-01,5.424110654635206502e-02,7.920579161649812239e-01,5.493791629443938174e-01,6.500776983470686332e-01,7.760300871540515288e-02,7.081852616225032815e-01,1.644509552791611762e-01,4.904166475333358033e-01,-4.160760413534425606e-02,4.521247891442719546e-01,2.329383495906110213e-01,1.748833911618087322e-01,4.687245304549427227e-01,1.600798582153192262e-01,3.782526564726176321e-01,4.857412120036928016e-01,3.803458211149693957e-01,1.126420564568801491e-01,4.214780795843402483e-01,3.265184154609371836e-01,-7.646335149277247228e-04,3.950858909836692523e-01,3.262253105377451168e-01,6.199792037910474285e-01,2.322186083374467858e-01,5.118128936630167436e-01,2.041172621289848166e-01,-2.997051861814025928e-02,2.362170915291383344e-01,2.993983345156326914e-01
5.565506369422050792e-01,2.597216572508759258e-01,8.176159119032313516e-01,2.998479579164626263e-01,1.176735222378880730e-01,5.005717383244969731e-01,1.000000000000000000e+00,6.433935864318034437e-01,3.897174868835824313e-01,4.165464221914277343e-01,3.655832643866523401e-01,3.323026143579787539e-01,1.591214450856962004e-01,7.609522676270595865e-01,4.240542798976279504e-01,2.917397842138029773e-01,4.731561321244625029e-01,4.686884362971528439e-01,4.288684247168028096e-01,2.622169973529530074e-01,4.476073853456907781e-01,3.664837064575846015e-01,5.066563439306607242e-01,6.343910761552258304e-01,2.202265519697017837e-01,6.390549031116896650e-01,5.542092030232778077e-01,5.086688002087661475e-01,4.187565129296290101e-01,5.764601677703675708e-01,1.206286601123280899e-01,-2.958169071221795551e-02,3.896697040666002865e-01,3.066670324759134814e-01,3.453920836322539323e-01,3.266010485787432249e-01,5.983600057767817226e-01,3.442489593670792769e-01,7.031918979797818769e-02,4.274341153074921462e-01,7.873519341912988967e-01,6.023387897979801675e-01,4.059596157186253773e-01,4.017438226507329957e-01,1.802983197684143724e-01,3.098456297771712831e-01,1.510691428362653521e-01,6.612886079610352796e-01,3.997105678967500242e-01,2.489380586855224065e-01,3.126512299972661890e-01,3.331554758425590568e-01,3.552471879234868624e-01,2.982738328885196077e-01,4.270539685759927040e-01,2.387687691404006551e-01,4.101251716548955373e-01,6.201601195933258426e-01,1.353949055009726898e-01,4.886047395150713291e-01,5.716460908808205232e-01,4.603888823818015341e-01,3.273420587783831270e-01,3.561873089435206308e-01,3.365916009148233745e-01,-8.737746847150111573e-02,3.520721495928093026e-01,1.559269556377337329e-01
5.687327712383356548e-01,2.413034615955266526e-01,5.938551792319558542e-01,2.207399114395274531e-01,1.619340775094342821e-01,5.560112228969908976e-01,6.433935864318034437e-01,1.000000000000000000e+00,1.028685854769008784e-01,4.208478051254344043e-01,3.914498580845753861e-01,2.626795441668857700e-01,1.073507573699079426e-01,6.232561168620859293e-01,2.050229252210568898e-01,3.031418690858708187e-01,5.659832585531142657e-01,4.079070191784432975e-01,4.611429350255661919e-01,1.975438660018692116e-01,3.714269379902924717e-01,2.197813365045102885e-01,5.110535506344395795e-01,2.364200363470983224e-01,1.254019204460823933e-01,4.730382658746210556e-01,4.472428416996818146e-01,5.459931837809353095e-01,4.022723523295574921e-01,6.556227687189015718e-01,3.565305569001330638e-02,1.518586019985730673e-02,2.301568366365834284e-01,3.943158520925258426e-01,3.202322217278484318e-01,2.897541834152139728e-01,4.579212263235576952e-01,2.953967661055770244e-01,9.312772758575250942e-02,4.274300171467740328e-01,5.200962179533145102e-01,6.891126376531612197e-01,1.042510847102935956e-01,3.987637866818457555e-01,2.310685027429656424e-01,2.691508487005448980e-01,2.828942006339459775e-02,5.755673916732114703e-01,1.566858594203887900e-01,2.173408802812857865e-01,4.465394882340963933e-01,2.520889418299708251e-01,4.067248926461634051e-01,2.241493136530956776e-01,3.723495396232573973e-01,1.043686040086512362e-01,4.105252383379490722e-01,2.831528258687964761e-01,2.959188845788441463e-02,3.946787794407170535e-01,4.405690677646418862e-01,4.888402280448186921e-01,3.467841443416903036e-01,5.473689424102832213e-01,3.114013574575144050e-01,-4.600029565435798107e-02,2.349851513836957728e-01,2.276600229220846205e-01
7.186183494852861620e-02,6.399963333069180749e-02,1.672831592265707767e-01,1.487274942748835482e-01,5.225187541764095278e-02,-5.779491395613452903e-03,3.897174868835824313e-01,1.028685854769008784e-01,1.000000000000000000e+00,-2.400418839695050294e-02,1.647034579100600249e-01,9.691680499525112680e-02,3.359142130512051683e-01,2.980205492295036618e-01,4.256431146675768717e-01,1.236958688305144632e-01,-9.823698219002274801e-02,1.327960752392136901e-01,-5.063886860337269563e-02,6.293671890504913546e-02,2.383868777336792255e-01,4.060686023460906569e-01,1.678003248108165535e-01,5.977903133019487614e-01,3.027484409722061010e-01,1.432687515899579433e-01,2.566049887104488447e-01,2.545326145914502541e-02,2.446630198409407708e-01,3.190126292012387520e-03,3.132721123658890883e-02,1.637564992709684899e-04,2.715861976595831950e-01,3.128135092673482807e-03,9.223724585304142465e-02,1.089366078167541552e-01,-2.165458381530327089e-02,1.258639863624435584e-01,3.540846607908513383e-02,1.315343408027092910e-02,1.925796889075445661e-01,7.474653728898980609e-02,6.269443527983676878e-01,-3.096840004388381681e-02,4.818529965129736414e-02,7.949132672186548509e-02,3.735291803109169750e-01,1.583260526565288817e-01,3.506740295847864952e-01,1.739271273035739862e-01,-2.052657367982528569e-01,6.633952756829969433e-02,-1.328731541271316319e-01,7.829054841163729517e-02,2.042123971318506037e-01,2.752582113867561020e-01,1.261382066475800201e-01,4.530109353539561456e-01,2.794259084138442928e-01,5.857059688138546022e-02,1.698325057002805782e-01,-8.336291924857471003e-03,1.850674123352855360e-01,-1.666221865668748303e-01,5.174613355462895359e-02,1.291002324584514076e-03,1.848845843729644001e-01,-3.033203296676903471e-02
4.974947619112935482e-01,2.456706606386333813e-01,3.848100721758315190e-01,4.153777967598584753e-01,2.054494255142402803e-02,7.414987546192330914e-01,4.165464221914277343e-01,4.208478051254344043e-01,-2.400418839695050294e-02,1.000000000000000000e+00,2.221653344936611318e-01,5.196122330788990329e-01,-1.109054086999054639e-01,3.310197257230738099e-01,2.212019245540056828e-02,2.432405535101025140e-01,4.092925799245984986e-01,1.712149633812121430e-01,4.449756714026397164e-01,5.318711762717924785e-01,4.418836665428053645e-01,4.723874046231589519e-02,4.585232966609839034e-01,8.743875811981344226e-02,4.563796002704586380e-02,2.760590918154128270e-01,1.589611037440414598e-01,6.058766813575455767e-01,3.272273495155200718e-01,3.870441593471429242e-01,9.928310409284595017e-03,-1.688675395471655322e-02,2.567460922030919135e-01,3.471924948098622510e-01,2.443848627739073354e-01,2.659730095677464434e-01,4.120573772034492044e-01,4.374534389883911190e-01,6.486745093076865150e-03,6.928265650000668963e-01,4.803482874833241989e-01,5.752840316145239052e-01,8.036630453320106615e-02,9.309452081093746445e-01,1.935991888129503236e-01,5.278981036439235330e-01,-4.717352156143852365e-02,4.311683672793704680e-01,1.156113858865976812e-01,1.731432524550694796e-01,4.206964561629599753e-01,2.033846026995210221e-01,3.707199947075928703e-01,5.015073019602632742e-01,4.063910277591332720e-01,7.375966645470168059e-02,4.158974192597889030e-01,2.529970968562378353e-01,2.618063522662379683e-02,3.773820819877974353e-01,2.564213442428324718e-01,6.325834080254167935e-01,2.285725368715044725e-01,4.552989675274732861e-01,1.903349928745037556e-01,8.831843828647803832e-03,1.856349350915366125e-01,2.867433729234455386e-01
3.271031364427948174e-01,2.636592256855868621e-01,3.431916849736926789e-01,2.353762024529472696e-01,1.267780830161941708e-01,2.365211531694135783e-01,3.655832643866523401e-01,3.914498580845753861e-01,1.647034579100600249e-01,2.221653344936611318e-01,1.000000000000000000e+00,1.582461653999711060e-01,1.161081910163343223e-01,3.424714108052340777e-01,1.500897166860039877e-01,1.354001660287535436e-01,3.777402570854844210e-01,3.290270577717857581e-01,4.540609974483637568e-01,1.918195199263468265e-01,2.226337928149547396e-01,2.779238626257692912e-01,3.013665353790889734e-01,2.110213567719980976e-01,2.113967862658260033e-01,3.978511594616988556e-01,3.931609163674600893e-01,2.844714288348538234e-01,2.955591029768517841e-01,4.067067977841692938e-01,1.016108068956952937e-02,-2.852531858991502658e-03,3.116240275263021942e-01,3.731703454576869583e-01,2.337648555672665052e-01,3.379739061872349959e-01,3.225684346039096595e-01,2.517119857799778315e-01,1.346318770826288869e-01,2.075053735745670258e-01,3.163361125452834877e-01,3.432603606332498281e-01,1.579846337326268890e-01,2.018222812730459670e-01,4.154178196546244872e-01,1.869397439718173959e-01,1.444236918014946969e-01,3.670043934059894486e-01,7.368917367625264780e-02,7.949612881029161082e-02,3.741599364704700226e-01,2.386470418429956497e-01,4.503691290553353266e-01,1.996304641570374183e-01,2.043648800912647445e-01,1.903906107507100931e-01,2.834045839754134044e-01,2.167614254036074883e-01,2.654719250806820141e-01,3.489783313083431038e-01,4.289496693604263888e-01,2.707407772912957533e-01,2.888256390700463805e-01,3.407243310509694978e-01,2.361185735903174598e-01,-2.133944201249435551e-03,2.607492464299536739e-01,3.016865143401952776e-01
3.378623002253728358e-01,3.799082675959944422e-01,2.743685604930770072e-01,7.889562194002390783e-01,5.497978312800980150e-02,5.207020118639220652e-01,3.323026143579787539e-01,2.626795441668857700e-01,9.691680499525112680e-02,5.196122330788990329e-01,1.582461653999711060e-01,1.000000000000000000e+00,-9.689740135560798162e-02,2.317776480397015781e-01,1.061420653024744837e-01,3.045255896078235547e-01,3.012652940530953782e-01,-1.408323602656511020e-02,2.333402253762718870e-01,8.172875516270902141e-01,5.502665372454869086e-01,2.448614992494264064e-01,5.801640895223174610e-01,3.441662278040879541e-01,9.010584354063017054e-02,3.188696667333915102e-01,2.833001069190512755e-01,6.868839314655259543e-01,3.645228658365287089e-01,4.480352398813963744e-01,-3.616438151938808354e-02,-1.400087727946695282e-01,3.516448375172765983e-01,5.023107183571594581e-01,1.864890784454076023e-01,3.763619151432938126e-01,3.155689723102159672e-01,7.849268534937833275e-01,6.531854117816875312e-03,4.919463140982870963e-01,3.666853359940439594e-01,3.498063096543310713e-01,1.837437374080559960e-01,4.657396327967726624e-01,9.077935859216267056e-02,8.493254223333926989e-01,-3.779456832092140811e-02,2.426564571363920286e-01,1.550011494969483206e-01,2.445747974038100514e-01,3.106403849046972532e-01,-3.405852263745889202e-02,2.248009572883635510e-01,8.235730342427465267e-01,5.247930225604356957e-01,2.946355775677297895e-01,5.158440269536397338e-01,4.531796614641047660e-01,1.035908093331122520e-01,3.317333386178229482e-01,3.301785543982718174e-01,6.586128635694608047e-01,2.529227270974322428e-01,4.723563440899161692e-01,8.895520097212358812e-02,-1.060961631721909770e-01,2.807893518800576027e-01,3.988932848116271690e-01
-1.698128225538455757e-02,-7.685932387941210586e-02,5.233945601441218620e-02,-1.300432724297111153e-01,5.970247983958283655e-02,-4.956286682806209515e-02,1.591214450856962004e-01,1.073507573699079426e-01,3.359142130512051683e-01,-1.109054086999054639e-01,1.161081910163343223e-01,-9.689740135560798162e-02,1.000000000000000000e+00,2.099526095777388690e-01,3.032804979358253994e-01,9.705545212388959342e-02,-6.758150646151606100e-02,2.359438362686318569e-01,-5.264748147933431648e-03,-2.015528830465288801e-01,6.513191656974665067e-02,1.118184566077038838e-01,3.083069088341977917e-02,1.870309195200407226e-01,2.989293353288902111e-01,-5.364558902543086621e-02,2.024089810966249736e-01,-1.711780683663101932e-01,2.007754247371944245e-01,-1.225318208093736372e-01,1.569822466390112803e-01,1.926644988477136111e-01,5.542931743378163439e-02,-7.768123809385930889e-02,1.521698904638419114e-01,-7.567404597329095706e-02,-1.571662101513096321e-01,-1.170470611207886230e-01,6.081116332697072274e-02,-5.466132545012126337e-02,-5.746043203847626957e-02,-3.105094266464415026e-02,2.454056146360661939e-01,-9.197937014912814513e-02,3.895206346217802013e-02,-9.952766106547696057e-02,3.527719036617857906e-01,6.690384561692573617e-02,2.130282567217788858e-01,1.528324354294847975e-01,-1.994937622906218233e-01,1.369242315944842192e-01,-1.327501669336818846e-01,-1.658243935564187033e-01,5.412208048033644719e-02,-4.523193832937415226e-02,-2.221245241659996691e-02,6.163402523458066246e-02,1.939060216603094577e-01,-1.879848969873844367e-01,6.225511840412575881e-02,-1.917852817136079802e-01,2.196780820586376193e-01,-2.279967058450854678e-01,1.228327764850602327e-01,1.360900975547363057e-01,2.225100040499119677e-02,-1.123629894256491651e-01
7.083537943101000378e-01,1.307892066130667830e-01,6.404865308735163687e-01,1.969522229541494640e-01,6.764495430946730614e-02,3.463365265574117613e-01,7.609522676270595865e-01,6.232561168620859293e-01,2.980205492295036618e-01,3.310197257230738099e-01,3.424714108052340777e-01,2.317776480397015781e-01,2.099526095777388690e-01,1.000000000000000000e+00,2.449430980182055739e-01,3.048418962230493023e-01,4.131779790972369693e-01,5.751318221798884522e-01,5.498906373002470094e-01,1.042156468155446269e-01,3.936822624753807398e-01,2.422333519785994371e-01,4.271638403154714991e-01,4.145891012658046160e-01,2.215334692908929592e-01,4.217587126664044672e-01,5.376531158281104839e-01,3.229519690918584152e-01,5.805269163592465809e-01,4.879487825019707126e-01,2.419280529643199340e-01,1.950634620260296992e-01,3.345456546406597176e-01,2.135903959762481819e-01,5.367240296488943185e-01,1.728019907818098555e-01,3.908318226000330742e-01,2.593768106041852151e-01,6.585144478184588868e-02,2.894878478084058071e-01,5.478031836813047617e-01,5.148354848764452596e-01,2.344701366696656242e-01,3.177687336669388629e-01,1.810122748982854746e-01,2.183743652943684610e-01,1.723483008885136336e-01,7.571705880773527131e-01,1.858482986936926262e-01,3.032413511739829870e-01,2.120297339704905470e-01,5.024480693975881263e-01,3.031409703419321588e-01,1.398006817323158568e-01,4.001950781277297531e-01,9.725033346451596172e-02,3.509829120458280438e-01,3.891009378389098106e-01,9.588776802695554713e-02,2.644801478666180539e-01,4.745308650367034420e-01,3.270345445748235047e-01,5.069391302225318974e-01,2.558621022796473410e-01,4.291560637449647886e-01,-6.265345759158057019e-03,2.815947047339491527e-01,5.674895590887798352e-02
8.447451478701978322e-02,7.795855164472209609e-02,3.036239134139848139e-01,2.914924383862069202e-02,1.122560891551041967e-01,1.470397823355265310e-01,4.240542798976279504e-01,2.050229252210568898e-01,4.256431146675768717e-01,2.212019245540056828e-02,1.500897166860039877e-01,1.061420653024744837e-01,3.032804979358253994e-01,2.449430980182055739e-01,1.000000000000000000e+00,1.441819458073798910e-01,1.267225529631994529e-01,1.557531235330576469e-01,6.852895628212946066e-02,1.598151861776046095e-02,1.666347250699491689e-01,2.294586457004909874e-01,1.897157206009595365e-01,4.846639748862816011e-01,2.484132620439671035e-01,2.088625378801216015e-01,3.157652262145608235e-01,7.633333183570192859e-02,1.598736375769505003e-01,1.437687745318576016e-01,1.935085983338899127e-02,3.365231330863012460e-02,1.711118695057588512e-01,9.190151872387011811e-02,9.960711422246278091e-02,1.397985080347069475e-01,1.465415351392416465e-01,4.166625208003883057e-02,5.726669924511071375e-02,1.268117244927115528e-01,2.600858094676659626e-01,1.453612625492971266e-01,3.948646630703876448e-01,9.962457034003941239e-03,7.482429181205506319e-02,6.610985418523662727e-02,2.644260919866109338e-01,1.800511974285366745e-01,4.658567204748258472e-01,1.093333211462041571e-01,1.949169400959768761e-02,1.149640199904212179e-01,7.887282920782137663e-02,4.829169565501412187e-02,1.210383469468461204e-01,1.358657091188133215e-01,8.302001205556687469e-02,4.214301290851545367e-01,1.812043446923904955e-01,9.666998977602908605e-02,2.723788751563804289e-01,3.709893192792581510e-03,1.266697637467097959e-01,-2.098617924669083853e-02,1.121608115152840784e-01,-4.890924369259331932e-03,1.221111802654004236e-01,1.010844185321782551e-03
2.413457918385022161e-01,2.308228064741215113e-01,2.093021694170567326e-01,2.535515069682093281e-01,7.307125102051627297e-02,2.523394440607575340e-01,2.917397842138029773e-01,3.031418690858708187e-01,1.236958688305144632e-01,2.432405535101025140e-01,1.354001660287535436e-01,3.045255896078235547e-01,9.705545212388959342e-02,3.048418962230493023e-01,1.441819458073798910e-01,1.000000000000000000e+00,2.100815244731918940e-01,1.149727968655283317e-01,1.664637779230902503e-01,2.107982753426954903e-01,4.781245668291805861e-01,2.764487738475350787e-01,5.144791895678991756e-01,2.480452707090394227e-01,1.202831998468660984e-01,2.054586953861100851e-01,3.748676238278970674e-01,3.091461965288601621e-01,3.943437818171624532e-01,2.798661881133900908e-01,1.115870064321455683e-02,5.541680761097257484e-03,2.470097052356971246e-01,3.270469630306904185e-01,2.026601164611620542e-01,1.921538215343537581e-01,1.605538241492331930e-01,2.709735090668826119e-01,7.393116359787813008e-02,2.209855488705942117e-01,2.148120258965362239e-01,2.332083328436295733e-01,1.107855113086712306e-01,2.650544171309145436e-01,5.921260976099392524e-03,2.838813555279718903e-01,4.281829691454247522e-02,2.409855093121201774e-01,1.053872098453340761e-01,5.761882433906565515e-01,1.122114399020379821e-01,3.086460934288061050e-02,7.150556477551012202e-02,2.412854592705538648e-01,4.522259243662861139e-01,1.612339983772904106e-01,4.114214261611579548e-01,2.461798557862043824e-01,7.499574979387906015e-02,1.389481389520031973e-01,3.032908204612759784e-01,2.775133463038252368e-01,3.276725352620379339e-01,2.601733350168768943e-01,7.584222366429474449e-02,-5.167879669953197308e-03,2.811746332341240606e-01,2.402048483186557670e-01
5.644597982419348181e-01,2.998885816276649074e-01,6.103189786450783361e-01,2.487345543765753231e-01,1.123479342595338909e-01,4.934507691837755061e-01,4.731561321244625029e-01,5.659832585531142657e-01,-9.823698219002274801e-02,4.092925799245984986e-01,3.777402570854844210e-01,3.012652940530953782e-01,-6.758150646151606100e-02,4.131779790972369693e-01,1.267225529631994529e-01,2.100815244731918940e-01,1.000000000000000000e+00,1.967352690214626276e-01,6.590049347942231739e-01,2.929599624129424762e-01,2.289804285997505962e-01,1.895836324129201722e-01,4.177362761326968155e-01,1.932973545711108854e-01,6.057584491686310302e-02,4.939275265862352882e-01,4.570785899750092751e-01,4.603256042294756045e-01,3.125451749504978838e-01,6.700362289244249370e-01,3.189994159862907103e-02,-2.127967518698956409e-02,2.331946597336656268e-01,4.586070692224473166e-01,3.310959663283772336e-01,3.714889188289783872e-01,5.748411476092545325e-01,2.769185715810305037e-01,9.355678102723424816e-02,4.050437590686117861e-01,4.870161128688225705e-01,5.045754692101207528e-01,-2.489463963146652456e-02,3.552028631349427590e-01,2.644123842747799769e-01,2.559381177476432456e-01,-7.298145635902832107e-02,4.927259505035593290e-01,1.168738115161166297e-01,5.380016357172626856e-02,6.639208607118063377e-01,2.542858262567648797e-01,5.874894144817471853e-01,2.932412535885061122e-01,2.336109051500067368e-01,1.487661000795824640e-01,3.213550091194907754e-01,2.750909259534659590e-01,6.057471330738104648e-02,4.246686708576823954e-01,5.164633490514868308e-01,4.080119723895772599e-01,2.912523955418146460e-01,5.669467147785253180e-01,3.445958606084808529e-01,-7.712670716841336926e-02,2.792007635096141471e-01,3.116917419458849481e-01
2.888737834502164148e-01,-6.106421962743005527e-02,3.756208180993113044e-01,-4.305674988780616719e-02,1.051729543253634019e-01,1.744828256357104368e-01,4.686884362971528439e-01,4.079070191784432975e-01,1.327960752392136901e-01,1.712149633812121430e-01,3.290270577717857581e-01,-1.408323602656511020e-02,2.359438362686318569e-01,5.751318221798884522e-01,1.557531235330576469e-01,1.149727968655283317e-01,1.967352690214626276e-01,1.000000000000000000e+00,3.813203276702429312e-01,-1.111528307950677280e-01,1.670193930467184784e-01,4.045797831529246782e-03,1.561451864516267551e-01,9.232186194872961382e-03,1.289360582453085990e-01,1.488331772714987511e-01,2.959732981631680859e-01,-2.604128400183917946e-03,3.202481156522241079e-01,1.461387922283150231e-01,1.933646386194214362e-01,2.190122968689324212e-01,1.682258075245633699e-01,4.556819028079741457e-02,3.408370622910038561e-01,-2.047135026914011571e-02,1.054258818721535707e-01,2.284987365718565630e-02,8.458252073813314620e-02,1.216136976622349125e-01,1.569779898626348369e-01,2.358066338033017739e-01,-2.121369748103876449e-02,2.013551807142896777e-01,1.621951356192422589e-01,1.708666081738330692e-02,1.271642618939962111e-01,4.005779059305715206e-01,7.029519417303034534e-02,1.796274407801045636e-01,9.604450191882270282e-02,5.097706799345316231e-01,1.984660817087204321e-01,-6.363590014472643441e-02,1.822078168428812595e-01,-2.039724998466539430e-01,1.328629287689043204e-01,-7.048210107812730163e-02,-1.765508811888231826e-03,-4.582325142129871354e-02,1.889332532885936444e-01,4.341351060077797835e-02,3.733795667861772860e-01,2.136263248026514308e-02,2.613474795950038732e-01,7.064682933079823035e-02,1.535570855492969788e-01,-2.743356934505115571e-02
7.022920835577596277e-01,2.374095259025315041e-01,5.406034442041462995e-01,2.357795350668003831e-01,-1.604118888434512280e-02,3.852875858613892812e-01,4.288684247168028096e-01,4.611429350255661919e-01,-5.063886860337269563e-02,4.449756714026397164e-01,4.540609974483637568e-01,2.333402253762718870e-01,-5.264748147933431648e-03,5.498906373002470094e-01,6.852895628212946066e-02,1.664637779230902503e-01,6.590049347942231739e-01,3.813203276702429312e-01,1.000000000000000000e+00,2.401873474206016879e-01,2.123441021175552224e-01,1.368121278650940020e-01,3.010592389611926878e-01,1.625628614946638961e-01,1.558837894958927939e-01,4.308573801747489496e-01,4.630315113491554335e-01,3.256355925433588316e-01,4.567004104170491741e-01,5.118542409111128677e-01,1.437467311335536291e-01,1.082949341776274221e-01,3.026394625048657305e-01,3.482022449374733153e-01,5.014336378986848919e-01,3.038008658406310403e-01,4.629389877930853436e-01,2.595165110394286323e-01,5.050938683215465408e-02,3.322019959966187042e-01,4.131431368258787762e-01,4.452984617227759845e-01,-9.848337183344962886e-03,4.033708442005264350e-01,3.443970548558891176e-01,2.441608659761011768e-01,-3.649925857464133422e-02,6.069528401540955631e-01,5.470573161317617006e-02,6.905549009956483963e-02,5.401610438420807458e-01,4.814790927250724439e-01,6.775412561693789915e-01,2.274639896603022071e-01,1.993042409407451421e-01,1.072902825626617790e-01,2.683389063937814401e-01,2.336168691123869379e-01,1.594077167956411689e-01,3.634487207688217314e-01,4.807096403160106002e-01,3.716450455042832335e-01,4.240683130805924517e-01,3.832349853617443847e-01,3.883562777915321451e-01,1.419331980245122464e-02,2.722378827682744862e-01,2.576495632804918778e-01
2.956246411076515201e-01,4.815698813122847310e-01,2.556958131624643138e-01,8.566797605662558324e-01,3.919378522279370197e-02,4.801176402290467382e-01,2.622169973529530074e-01,1.975438660018692116e-01,6.293671890504913546e-02,5.318711762717924785e-01,1.918195199263468265e-01,8.172875516270902141e-01,-2.015528830465288801e-01,1.042156468155446269e-01,1.598151861776046095e-02,2.107982753426954903e-01,2.929599624129424762e-01,-1.111528307950677280e-01,2.401873474206016879e-01,1.000000000000000000e+00,4.968172261632275988e-01,3.196010698106262482e-01,5.243797582246387812e-01,3.270488792651070620e-01,3.326421114800610229e-02,3.832371973452871061e-01,2.147528409879011779e-01,7.158650917529028046e-01,2.120964506514523285e-01,4.482321626615601295e-01,-1.027017858970686454e-01,-2.640633548418403476e-01,3.587423065187849147e-01,5.392422160746772608e-01,8.492284052111049100e-03,4.758595656956031150e-01,3.387436284251477137e-01,8.037889891295979528e-01,-1.183578543821985594e-02,4.585808480853598712e-01,3.832957769654494751e-01,3.568598794589749601e-01,2.264335051965846446e-01,4.650603791425243494e-01,1.480242748612485837e-01,8.044286220574620172e-01,-1.162975957200102634e-01,1.704880313133936842e-01,1.103406935404408484e-01,1.041287059423297162e-01,3.751255558066932672e-01,-1.510399258286587998e-01,3.248949680649408367e-01,9.389974862789920440e-01,4.719452157158962602e-01,4.128637749836590043e-01,5.097377068663027089e-01,4.615841500087463078e-01,1.319127042502195868e-01,4.354302223933190219e-01,2.942750770841241481e-01,6.852790837419412417e-01,8.299665595071566149e-02,5.043842808767216024e-01,1.842064367828568847e-02,-1.417695421653634436e-01,3.277588198060207847e-01,4.931255723702787641e-01
3.533030813198756448e-01,3.787237144021372015e-01,3.259747189697143610e-01,5.490803323831040528e-01,8.258169105564867885e-02,3.978275961712225417e-01,4.476073853456907781e-01,3.714269379902924717e-01,2.383868777336792255e-01,4.418836665428053645e-01,2.226337928149547396e-01,5.502665372454869086e-01,6.513191656974665067e-02,3.936822624753807398e-01,1.666347250699491689e-01,4.781245668291805861e-01,2.289804285997505962e-01,1.670193930467184784e-01,2.123441021175552224e-01,4.968172261632275988e-01,1.000000000000000000e+00,3.305849383750119053e-01,8.335778811884324568e-01,3.573274066953387451e-01,1.850982324393138090e-01,3.357639490924833048e-01,4.657719724156734742e-01,5.466376010983211575e-01,5.641272433045957380e-01,4.201525436901419330e-01,-2.040035204694382737e-02,-7.743709230968423562e-02,4.891882742198531697e-01,5.511894504594200273e-01,2.595551467438430016e-01,3.531984107679968510e-01,1.972479830670726408e-01,5.750492829197361155e-01,3.150888882933209484e-02,3.607548727718521975e-01,3.104641989373789768e-01,3.725293005878947405e-01,2.361695811465681361e-01,4.353281865052948119e-01,6.589632471735247521e-02,5.545901536268464938e-01,7.490643981933728379e-02,2.891571279395820371e-01,1.317734391709960706e-01,4.504469852206908764e-01,1.387489974159596129e-01,-3.615433502931476167e-02,1.056483988845818150e-01,5.345583421236792532e-01,8.756747901071670892e-01,2.639434648227998448e-01,7.450697251742081084e-01,3.551979642267990567e-01,1.591497622928348399e-01,2.561000431900813390e-01,3.647807370947607764e-01,5.254881934086856887e-01,4.354481531990767595e-01,4.085622030507906066e-01,4.075067446614964034e-02,-5.499745161025283713e-02,4.136288703205150963e-01,4.071488282733766728e-01
2.375595202131696171e-01,4.027536264284600764e-01,2.936224930560076829e-01,3.655666531461922442e-01,8.727296690823656278e-02,8.693074102997905284e-02,3.664837064575846015e-01,2.197813365045102885e-01,4.060686023460906569e-01,4.723874046231589519e-02,2.779238626257692912e-01,2.448614992494264064e-01,1.118184566077038838e-01,2.422333519785994371e-01,2.294586457004909874e-01,2.764487738475350787e-01,1.895836324129201722e-01,4.045797831529246782e-03,1.368121278650940020e-01,3.196010698106262482e-01,3.305849383750119053e-01,1.000000000000000000e+00,3.466289436344027197e-01,5.908095287648291727e-01,2.396322841785800128e-01,4.934633318201493979e-01,4.964721447381426622e-01,3.341954459410342304e-01,2.559157092279141787e-01,4.297750722867109130e-01,-4.989618931070370633e-02,-1.698255860818635721e-01,3.570115929155044943e-01,3.884537895145673825e-01,9.435521193790800953e-02,4.674073239730450746e-01,2.562446481473384385e-01,3.351365510796611713e-01,1.739066806941922880e-02,7.678326459234680046e-02,3.481640896123252005e-01,1.930776722100345510e-01,4.873125987740243303e-01,3.153271235454362803e-02,1.573815896354884281e-01,2.563151052159244880e-01,1.469646458917446274e-01,2.082942708392496178e-01,1.991664641473731845e-01,1.482639776068314097e-01,1.699612631547242625e-01,-1.705859156831325274e-01,2.061850716248877224e-01,3.339836834930811071e-01,2.974261476250363856e-01,6.054593975972770714e-01,3.208589480952181439e-01,5.360354792527276535e-01,3.467005213776627182e-01,4.027048302014286651e-01,4.590381041961446029e-01,2.556516599309487381e-01,1.495796472669704835e-01,2.778218933101380128e-01,-1.969072231202790083e-02,-1.399209466599365681e-01,3.602746008169814274e-01,3.026772752589261817e-01
4.106334690012486410e-01,4.218441971091614340e-01,4.435068127444010688e-01,5.824245438410008413e-01,1.061750282086799807e-01,4.750097887587557133e-01,5.066563439306607242e-01,5.110535506344395795e-01,1.678003248108165535e-01,4.585232966609839034e-01,3.013665353790889734e-01,5.801640895223174610e-01,3.083069088341977917e-02,4.271638403154714991e-01,1.897157206009595365e-01,5.144791895678991756e-01,4.177362761326968155e-01,1.561451864516267551e-01,3.010592389611926878e-01,5.243797582246387812e-01,8.335778811884324568e-01,3.466289436344027197e-01,1.000000000000000000e+00,3.564050858347175277e-01,1.798074395381414614e-01,4.462903919363662708e-01,5.371637927995069894e-01,6.646951049119242949e-01,5.126627572338704475e-01,6.159920046350860767e-01,-6.097890795113058288e-02,-1.381715688032237044e-01,4.574578187808101548e-01,6.207050759517136473e-01,2.520800042441725397e-01,4.185072364496091324e-01,3.897250072420826439e-01,6.297846514026578246e-01,5.488809299199302882e-02,4.068013880622744494e-01,4.233471087693379542e-01,4.771670127936861183e-01,2.023634937925700150e-01,4.250598204868525354e-01,1.578626727678436314e-01,5.641599766376156344e-01,8.324423795229868306e-02,3.846167191600856072e-01,1.648046240389340888e-01,4.332687966540302305e-01,3.631461750694549018e-01,3.489322088735247185e-02,2.778289828520713600e-01,5.560983761124759228e-01,7.709127324232974976e-01,2.790758976798607960e-01,7.917341396249558683e-01,4.061318854044846383e-01,1.766882122722851223e-01,3.946956152896117787e-01,5.119568658720556886e-01,5.979316002202135216e-01,4.193898667204258857e-01,5.796893241666848384e-01,1.822209010299829512e-01,-9.508763451029804414e-02,4.174820650949914169e-01,4.556756731675696837e-01
