1.000000000000000000e+00,2.304705024574490724e-01,3.428316178910001955e-01,3.103526089949617539e-01,4.725715978207022799e-02,2.288005092095480586e-01,4.244711510797681830e-01,4.069984040728752417e-01,2.138863838544707574e-01,3.015370375903395073e-01,3.154150569020877648e-01,3.346618026785826427e-01,7.313023137465572698e-02,4.501865901794380176e-01,1.897727559136922273e-02,1.763676949393758187e-01,5.658478889815945490e-01,2.543183288103663120e-01,5.836391106099506620e-01,3.497230115663974570e-01,2.231535527468092028e-01,3.260085114211732638e-01,2.353427421013477017e-01,3.964099711216008126e-01,1.884171776023351175e-01,3.836948916985438163e-01,4.692779800786741062e-01,2.959828388114862374e-01,5.225708593710868266e-01,4.721441758039643388e-01,2.167855819117184279e-01,2.151905493716005646e-01,2.517831821821968075e-01,3.093512035017218498e-01,6.055019583439306130e-01,1.842367754298079030e-01,1.371324368464295895e-01,2.524737474529351600e-01,2.162820559856965322e-02,1.696238221477487651e-01,2.480582819811097683e-01,1.313153765042271715e-01,8.981745715334202296e-02,3.171680157290149293e-01,2.894367666067128309e-02,2.777469336721621329e-01,-9.878042908593930027e-02,2.286120266065705675e-01,-7.633133676289316494e-02,1.754238496019176197e-01,3.227073123758827378e-01,5.881854077142285170e-02,3.615357844647542063e-01,3.263940333246457826e-01,1.566085250495391212e-01,3.121062438014869378e-01,1.154169181436971864e-01,3.090161498304590526e-01,1.302714843425094027e-01,1.884987184449151976e-01,2.374628291981124295e-01,2.009363305090197116e-01,3.547737463142731640e-01,3.466869172816983147e-01,-2.047814101596779832e-02,9.578804313426535211e-02,2.600887363391707896e-01,3.047296347885898871e-01
2.304705024574490724e-01,1.000000000000000000e+00,2.019520052495453744e-01,5.098642906432006988e-02,-3.257573904678695391e-03,6.304467125110922721e-02,1.187628111809575782e-01,1.715895203437230454e-01,1.620292667024044453e-01,5.514064629907557136e-02,1.796134457515127791e-01,1.417206914155838826e-01,-7.831256829675513342e-02,-1.350183504906523517e-03,-1.846138083810075839e-02,5.918765477537201586e-02,3.268753155098094165e-01,-5.463288920708778834e-02,1.829183732660264183e-01,2.538533426445161445e-01,1.831139324257960443e-01,3.208454501775857004e-01,2.272178061771081559e-01,2.299861827078471810e-01,2.024695899090680207e-01,3.647447265904969482e-01,3.642069841604325675e-01,2.216317772863344582e-01,6.283463836628755406e-02,3.564401029321766501e-01,3.216020254511463283e-02,-2.365222517952029341e-02,2.432271967744152330e-01,4.542567613874337051e-01,4.940679002647494628e-02,3.916416662818292815e-01,-3.460471688602779344e-02,6.551180395350360286e-02,-2.603788823347318385e-02,5.040428674160709471e-02,-6.290549419743637904e-02,-6.388834668700421604e-02,5.512743928422032813e-02,1.039456653951061210e-01,-7.078350995378558663e-02,1.527621627137386862e-01,-1.005487246165071430e-01,-1.545747864185224862e-01,-2.694098732378460287e-02,6.719151265320660871e-02,2.134626172345978623e-01,-2.236101298164123730e-01,8.398583408853509125e-02,2.157968079106972192e-01,7.034105118812178370e-02,3.239952509408858261e-01,1.500241254841598593e-01,1.446487788657348506e-01,1.454637645923871070e-01,2.502083743145538386e-01,9.304091589984488098e-02,1.834460261456560548e-01,-1.389614685538054749e-02,2.885752322697424099e-01,-1.204541338852803123e-01,2.676054709976320375e-02,2.515149894552109466e-01,4.116700591154766609e-01
3.428316178910001955e-01,2.019520052495453744e-01,1.000000000000000000e+00,1.302309980788257104e-01,-1.219609017897013920e-03,8.680228353849750444e-02,6.730221579346230554e-01,5.239166071000816993e-01,3.276965903143017056e-01,2.874757444061928208e-02,3.783350174924261511e-01,2.202802932911358536e-01,1.082762446838159837e-01,4.714421996002549076e-01,1.041948939697654730e-01,-2.627722738254726145e-02,3.127438564769601803e-01,4.048922564327191997e-01,3.404785066964221008e-01,2.265172046204341760e-01,1.108049731770300306e-01,3.604596277602228893e-01,1.278645051654895282e-01,5.092346080581624523e-01,1.976328179333185497e-01,6.463335691830089935e-01,6.226482346117639954e-01,3.026992872721607220e-01,1.848415198258388514e-01,5.065566158655839812e-01,1.457058139486394344e-01,2.955782249402797920e-02,1.639844357252416007e-01,2.155576894890178785e-01,1.714186860137284774e-01,2.089384767181013125e-01,2.835584602460777259e-01,1.100818171420223229e-01,1.206377016574083048e-03,4.998812889808179616e-02,3.115976790134512009e-01,1.236082895080840710e-01,1.475794817517895874e-01,1.047023638169961302e-01,6.591537583025210145e-02,1.921506585683032398e-01,-9.891024057514853640e-02,7.505876244054109081e-02,-2.680087993959390236e-02,-2.072933307421512619e-02,1.696819806255882301e-01,-3.315061914992692427e-02,5.242025700207115363e-02,1.976369007277771761e-01,5.589669848431826765e-02,2.613783890748372363e-01,4.986133532908805510e-02,2.834264695689327485e-01,1.304370724048565799e-01,4.226658519613006315e-01,1.968114750290215764e-01,1.952068243970105366e-01,9.329457685708941739e-02,2.439169369284068245e-01,-1.749881707155430677e-01,1.522914354054059026e-02,2.009740796960939047e-01,1.668277641657459065e-01
3.103526089949617539e-01,5.098642906432006988e-02,1.302309980788257104e-01,1.000000000000000000e+00,5.658970978497603055e-02,3.159153235623993750e-01,1.985547675262874789e-01,1.708860023577397913e-01,1.022803222830850345e-01,5.273867548398371019e-01,2.304355377255618356e-02,7.687085614669968425e-01,6.781532535399256711e-02,9.388818658126957262e-02,1.118771456179561002e-01,2.784408964651652885e-01,1.578353665210461276e-01,3.297056884196564175e-02,4.753457966809636337e-02,6.505918868932056842e-01,3.552795122307436104e-01,7.955464374682828799e-02,3.543221545763093894e-01,2.199103262886095977e-01,-3.334727289386488908e-02,6.747285738824067292e-02,1.194602228156027846e-01,3.652034348601789215e-01,3.455174853238121568e-01,1.453876527073885982e-01,8.215406908177114165e-02,1.232515251767822007e-01,1.488418433414010200e-01,1.667276939344172204e-01,2.544431231898373613e-01,1.069478220793257522e-01,1.439990525492836626e-01,8.670221974399511256e-01,4.481816013335330681e-03,3.270419276563240052e-01,1.533907572212815651e-01,9.793066520867209357e-02,9.709896972376322322e-02,4.977602369634743229e-01,-5.763210969219558638e-02,7.277472035613895551e-01,2.263416284527239308e-02,1.343356874225587749e-01,3.450308730485714820e-02,2.903660429066639570e-01,1.737670522659622019e-01,-2.533427649333529208e-02,6.983397298103158346e-02,6.315776646859497800e-01,4.154511798472980133e-01,1.321218647987991157e-01,3.221781831111604766e-01,2.747650687642434475e-01,-8.432912933681422848e-03,9.629123626626899524e-02,1.768724736160134370e-01,3.016791984315233544e-01,3.207656053668481722e-01,1.600940365047217040e-01,-1.543388353494249549e-02,9.321545001055325796e-02,9.045649842392788909e-02,1.335957471976735034e-01
4.725715978207022799e-02,-3.257573904678695391e-03,-1.219609017897013920e-03,5.658970978497603055e-02,1.000000000000000000e+00,9.189678610166962525e-02,1.037822281561847915e-01,7.847573745823943625e-02,7.392365579946320875e-02,3.961788268297041643e-02,5.720283200570099730e-02,3.766536698100483860e-02,1.230862409426393550e-01,1.029417454535078019e-01,8.236230790327095375e-02,2.633629419508523931e-02,-4.103641207625959714e-02,4.486372317804562110e-02,-1.483556185719694248e-02,6.797871891607730477e-02,7.376204417164335114e-02,2.188060983497755810e-02,3.811211609505175263e-02,9.890854863630797744e-02,6.399962712572973556e-02,-4.218657462142052367e-02,3.827297139787809921e-04,3.675857931252610178e-02,2.364497637989133871e-02,3.502031452321069382e-02,2.265083573007156681e-02,2.054348826796459637e-01,4.815536547807820755e-02,6.002664525224842701e-02,4.238723172773030921e-03,-1.969076274156960488e-02,8.387287748223946557e-03,3.028126504895263527e-02,4.533493810751126202e-02,6.433008094924852482e-02,8.898401277259364306e-02,9.083074261055469611e-02,1.412263660385553177e-01,4.769011885187967453e-02,7.500895758781646327e-02,4.689524499116092676e-02,1.091294313160548202e-01,1.049190999682673292e-01,3.553078630193932247e-02,1.885115404185326582e-02,-3.965755011208321051e-02,-1.517583978004423406e-02,2.278460134234876634e-03,6.587766365205148522e-02,3.474251663978843857e-02,5.646246924997230798e-02,1.688982868756311317e-02,1.221021345897025240e-01,4.272336409313240435e-02,-2.454800581984608113e-02,2.717046454388094209e-02,2.867485007989038076e-02,3.154300203812371566e-03,2.643371030903170216e-02,4.804481690854176673e-02,9.036470844019596493e-02,3.563465753858776480e-02,3.867945995940135634e-02
2.288005092095480586e-01,6.304467125110922721e-02,8.680228353849750444e-02,3.159153235623993750e-01,9.189678610166962525e-02,1.000000000000000000e+00,2.755042189261380781e-01,2.914680990970961449e-01,8.281067328665500660e-02,5.884548603153455515e-01,3.141122023090316216e-03,4.054859447984351384e-01,2.162772857165653484e-01,1.771206015952888346e-01,2.661938255464492697e-01,2.202905037292879065e-01,1.114693654351354701e-01,6.406957127513979167e-02,3.988348414851377449e-02,3.843894228069226204e-01,2.093781224405021901e-01,1.234709131290301354e-02,3.148740330574902324e-01,1.960903877558695663e-01,3.170695025315659575e-04,-9.137190783862679522e-02,3.551860640697043076e-02,4.550703130985144229e-01,2.454850871045383964e-01,1.211278159625144291e-01,1.036828557325654016e-01,2.177520102158519155e-01,1.441602632873958123e-01,1.532818212714092965e-01,1.976219357912946950e-01,8.665634325302098984e-02,3.032604753503497785e-01,2.774486669468037014e-01,1.262283785924722401e-01,6.400670270421501273e-01,3.155457816407561400e-01,4.513964381722156971e-01,1.703207339234716344e-01,5.677922303485611888e-01,8.026123494797510194e-02,3.823857919632041580e-01,1.718175826565917219e-01,3.191060981716876133e-01,2.222176767755048576e-01,1.764261057220109785e-01,1.316002365537778385e-01,1.171533127570819066e-01,1.961017412499939105e-01,3.809233230241878543e-01,1.885755679454042266e-01,1.524534960775795478e-01,2.185021080429909168e-01,3.138243257916510376e-01,1.153466044492539172e-01,1.617252070007014764e-01,3.354276728743428859e-01,4.461081428752914357e-01,2.551146975606918277e-01,2.128895581687251792e-01,8.533888146777278416e-02,1.715536910513037749e-01,8.400528399745094132e-02,1.271707378550742951e-01
4.244711510797681830e-01,1.187628111809575782e-01,6.730221579346230554e-01,1.985547675262874789e-01,1.037822281561847915e-01,2.755042189261380781e-01,1.000000000000000000e+00,4.918324193240241060e-01,5.588238093062783962e-01,1.552373472956450062e-01,2.982873366259892745e-01,2.435308216737072651e-01,4.355382944026863767e-01,7.820267765775362756e-01,2.921178991672440106e-01,3.108024542991243144e-02,1.005751770105801496e-01,4.229994883042443310e-01,2.784610586532888510e-01,1.967038717984236906e-01,6.245478705465581232e-02,4.006287590220650729e-01,-7.818003425218967260e-04,7.890200073611746134e-01,3.524693891156205905e-01,3.732994525373600214e-01,5.070206665785808031e-01,1.980615877652677215e-01,2.346642321073383330e-01,2.472729810568229658e-01,2.385578271245991089e-01,2.445286794406421049e-01,6.161066430707776154e-02,1.057779740673941149e-01,2.677210799312462197e-01,9.205581129830361919e-02,3.908016655494454539e-01,1.435149693102772406e-01,4.484242959406493229e-02,2.590638077113039395e-01,6.791835581085414741e-01,3.040277325342087278e-01,4.708798007434389365e-01,1.458855302961966915e-01,1.504150349488142246e-01,2.153891083538114481e-01,2.531583453757055291e-01,4.717934922568091105e-01,1.526681196157777809e-01,1.653325812782250812e-02,2.138981541360911176e-02,9.375996455158037979e-02,6.878203554054126978e-02,1.834335137740134569e-01,-1.698957074506250720e-02,3.672776101356216016e-01,-9.005382763026749393e-02,6.699191213910661302e-01,3.490815399492427917e-01,3.948259809741819781e-01,4.265960772817741775e-01,1.074464638989757193e-01,1.616485295115888121e-01,6.488451652827199878e-02,4.397862656771275858e-02,1.354456865965248946e-01,5.869070594639137078e-02,4.047266334386413755e-02
4.069984040728752417e-01,1.715895203437230454e-01,5.239166071000816993e-01,1.708860023577397913e-01,7.847573745823943625e-02,2.914680990970961449e-01,4.918324193240241060e-01,1.000000000000000000e+00,1.448501142011501541e-01,2.633775233495818657e-01,2.448227630296259116e-01,2.515036224587534619e-01,4.571870997699500894e-02,3.559504337252888395e-01,8.687082236998183715e-02,8.779897111462661718e-02,3.005054743186862942e-01,3.696812916546862171e-01,1.678841610093965153e-01,2.869561019100683730e-01,1.793361284888005114e-01,2.498814640548925881e-01,2.765478374503739789e-01,2.766310289987408133e-01,6.902588583562009605e-02,4.589399501211489096e-01,3.762118115604887736e-01,5.474727054837346119e-01,1.761843532388345512e-01,5.977722199914049517e-01,4.193651964969272866e-02,1.450219159017036574e-01,1.108331685841238978e-01,2.483518495411673466e-01,2.094196949699570209e-01,1.541563015737319742e-01,2.377175386563418757e-01,1.468079760003829504e-01,3.903454463410816616e-02,2.116951205175564565e-01,2.610062303953958329e-01,3.686467942963038702e-01,8.092809058724557969e-02,2.951577744830647942e-01,2.699475339697682275e-02,2.269391735097046614e-01,-1.449521155418966589e-01,1.365422594894403485e-01,-3.795787893060108276e-02,6.354271970944733172e-02,2.469196294300891326e-01,-6.181374123807713283e-02,6.611671959203593851e-02,2.501289700699522722e-01,1.176783722058952625e-01,2.490827491015927542e-01,2.045098011698355256e-01,2.265495029834016238e-01,2.740015497747749426e-02,3.467070738039142452e-01,1.274708734568847368e-01,4.593046548813577989e-01,9.154150318603929137e-02,4.191299445535114909e-01,-1.597309331902352636e-01,9.695309009799719935e-02,1.368242177384015046e-01,1.847448830844671264e-01
2.138863838544707574e-01,1.620292667024044453e-01,3.276965903143017056e-01,1.022803222830850345e-01,7.392365579946320875e-02,8.281067328665500660e-02,5.588238093062783962e-01,1.448501142011501541e-01,1.000000000000000000e+00,-2.472684631333567189e-03,2.375941043382200357e-01,1.443706089839979223e-01,3.331901323142110183e-01,4.539983687509186461e-01,2.614308026816948294e-01,-1.233573198777690276e-02,4.605742905898973366e-02,1.975327819333402568e-01,2.013758534789215071e-01,1.145408867289332694e-01,4.599917712683712634e-02,4.036625732572898251e-01,-3.834550429016866241e-02,6.389714449986370060e-01,3.563513749557737365e-01,2.019704997754113995e-01,3.330705532095805665e-01,-1.689491824526343899e-03,1.251063423291708110e-01,6.005064469507445657e-02,1.356857077193679983e-01,1.085190208043091686e-01,1.070819010358665113e-01,1.266477127845301587e-01,1.102124605990956047e-01,1.331243981836642554e-01,1.320458796033132931e-01,6.513568867772934201e-02,1.047592245208356539e-02,9.634269466567169093e-02,3.509469824092805723e-01,9.149056526978799342e-02,4.571979586653772687e-01,-5.239767792967024718e-03,1.412049465108403123e-01,1.043254921213371683e-01,2.428085316817350792e-01,2.202209768716500149e-01,1.559550169969098621e-01,9.050614452377214042e-03,-7.858626133658525026e-02,-4.501246635701503657e-02,2.381162765940317283e-02,1.165811740527543106e-01,-1.289715153963609355e-02,3.465438871143518562e-01,-9.584401574797352108e-02,5.378516871850621550e-01,3.628338819228673073e-01,1.823280453088598208e-01,2.502033296403206597e-01,-3.296507535653184218e-02,5.501018144376434993e-02,-5.202895278890631858e-03,7.523953823305797040e-02,9.836445157027431940e-02,1.144963117124568608e-01,1.069835468464699763e-01
3.015370375903395073e-01,5.514064629907557136e-02,2.874757444061928208e-02,5.273867548398371019e-01,3.961788268297041643e-02,5.884548603153455515e-01,1.552373472956450062e-01,2.633775233495818657e-01,-2.472684631333567189e-03,1.000000000000000000e+00,-6.905263584358579954e-02,5.644250639929534463e-01,1.853150503026112020e-02,2.297162479646112573e-02,6.397359419133748226e-02,2.847170678877681826e-01,1.381883928624368096e-01,6.520449899979482988e-02,6.140533889326650618e-02,5.499759148315358503e-01,2.945921602732303746e-01,-1.303040605720747099e-02,3.749793575058995021e-01,3.894808995090597720e-02,-1.223176495204134073e-01,-1.125192300092446238e-02,-1.803533898564252044e-02,5.300228918720467641e-01,2.360376551784405807e-01,1.571587630988645068e-01,7.301299490586049545e-02,1.417093926467502818e-01,1.845208016183790822e-01,1.266075664665470280e-01,3.244462344900283512e-01,8.738785514537886212e-02,2.131244875386475168e-01,5.193042169530192043e-01,6.175362113106112188e-02,5.289371675496362668e-01,2.218049257368416571e-01,3.780020630986251629e-01,3.034442682601241545e-02,8.668363474486483478e-01,-1.771154983556840617e-02,5.621081283832947140e-01,-2.650718637958015406e-02,1.796312918609113962e-01,-4.390005264619395615e-03,2.449040275018627977e-01,1.958484581985876494e-01,1.087686638379832954e-01,1.487659398536652633e-01,5.427538751117517712e-01,3.043944034235417373e-01,1.041832747419177696e-01,3.163321246295639488e-01,1.622909009296880090e-01,-2.897591185198799407e-02,1.521971258813749894e-01,1.897916331251448263e-01,4.548710233805082215e-01,2.798192441546192843e-01,1.764108990181607051e-01,3.507861388293272847e-02,1.149017682775122229e-01,9.524937981799078135e-02,1.015726433017535013e-01
3.154150569020877648e-01,1.796134457515127791e-01,3.783350174924261511e-01,2.304355377255618356e-02,5.720283200570099730e-02,3.141122023090316216e-03,2.982873366259892745e-01,2.448227630296259116e-01,2.375941043382200357e-01,-6.905263584358579954e-02,1.000000000000000000e+00,9.114807496106817897e-02,1.125275935202869337e-01,2.925918291034906304e-01,2.540333322397874197e-02,-8.037376850079555601e-02,4.018576879019854498e-01,3.596522501112910386e-01,4.916399241800223363e-01,1.514640937500066065e-01,3.403274764467934671e-02,3.292463247256793291e-01,3.350461712752993149e-02,3.051553275415073707e-01,3.123111910524982160e-01,4.472750146560321438e-01,4.454756651509990117e-01,1.042419098939506295e-01,1.310165229492847860e-01,3.620858492026408082e-01,1.476943496615413243e-01,5.553585500711251399e-02,1.455080611725102779e-01,3.163233120596840586e-01,1.543947858614553026e-01,1.902138751182642362e-01,9.080134935078483516e-02,-2.420404101904164579e-02,3.989566665840741863e-03,-2.001473853893505957e-03,9.733398940385606934e-02,2.829917062052588264e-02,8.210518453328255473e-02,-8.821289384341101866e-03,2.320492083901398717e-01,4.689168992716907791e-02,-2.286987309743044802e-02,-8.825640570336511573e-03,-3.655202521128454729e-02,-4.603362876161463946e-02,1.635688881336965217e-01,5.966838677124222494e-03,2.486146278139958476e-01,1.183015948733096845e-01,-5.335672297612395476e-02,2.173183773803584740e-01,-3.431079403769512343e-02,1.540878046665581091e-01,2.251312487677847307e-01,2.208369628213412983e-01,1.584109672642383948e-01,4.822942267175572145e-02,-5.189397886495428387e-03,2.092567001969073970e-01,-5.231129190202740004e-02,2.854237645490460829e-02,1.969430969880022475e-01,3.172482292009997651e-01
3.346618026785826427e-01,1.417206914155838826e-01,2.202802932911358536e-01,7.687085614669968425e-01,3.766536698100483860e-02,4.054859447984351384e-01,2.435308216737072651e-01,2.515036224587534619e-01,1.443706089839979223e-01,5.644250639929534463e-01,9.114807496106817897e-02,1.000000000000000000e+00,3.870271816247704971e-02,8.321618855006081283e-02,1.456558989567816043e-01,2.589175066696010608e-01,2.562158534980210622e-01,6.178199818786661579e-02,1.202762077115985540e-01,7.838072558545170487e-01,3.898669692513439533e-01,1.481448174208406521e-01,4.322491807497617078e-01,2.448912275973489372e-01,1.734562730626220198e-02,1.769163759909088973e-01,2.222978882663283196e-01,4.733856980771496414e-01,3.450440772550236734e-01,2.878367953430698845e-01,9.938771166927200251e-02,7.477738524386493002e-02,2.822340183631693589e-01,3.040037202968559060e-01,2.651067873429724386e-01,2.315580912765661248e-01,2.041739349505493628e-01,7.514099367661628559e-01,4.622183722747852386e-02,3.878888479280900303e-01,1.772789105648447661e-01,1.636411813040125895e-01,1.068652172066584805e-01,5.495181307418315342e-01,-4.031433715076721686e-02,7.983721051703667193e-01,-3.799808170133522206e-02,1.090336786516945128e-01,5.481377363762644089e-02,2.835423474209988748e-01,2.605087408468617638e-01,-4.287136851906413193e-02,1.359681773858391340e-01,7.700385389622973475e-01,4.010466608599187466e-01,2.021667932180346849e-01,3.721187041122537842e-01,2.889492933930435381e-01,1.556135446465980662e-02,2.047717379627356227e-01,2.146939383610980134e-01,4.005655884227700692e-01,3.068696387335637099e-01,2.806853061735047339e-01,-5.294746237211107875e-02,1.033140541685704100e-01,2.333578335956927319e-01,2.641739094544636179e-01
7.313023137465572698e-02,-7.831256829675513342e-02,1.082762446838159837e-01,6.781532535399256711e-02,1.230862409426393550e-01,2.162772857165653484e-01,4.355382944026863767e-01,4.571870997699500894e-02,3.331901323142110183e-01,1.853150503026112020e-02,1.125275935202869337e-01,3.870271816247704971e-02,1.000000000000000000e+00,4.832888113904406091e-01,3.027698692119938362e-01,2.674468654052670688e-02,-2.069487129532132930e-01,2.535156655171034168e-01,3.762907141863543192e-02,-1.364716662837546675e-02,-4.020779694373342178e-02,5.775980698742273073e-02,-1.500772226831917078e-01,3.735670024746993167e-01,3.501907207546781087e-01,-2.405064518841805721e-01,3.184521166183333640e-02,-1.842796903439397616e-01,1.902314246933703989e-01,-2.664426640048872530e-01,1.359454095190169021e-01,2.560861552467401103e-01,-2.688655365489982761e-03,-1.116634175649906663e-01,1.556525108096734611e-01,-1.111769043217833708e-01,3.093927950848892050e-01,2.345066697515463608e-02,4.097198043253749006e-02,2.632480314674353616e-01,4.992511881468775781e-01,2.325155389574875553e-01,4.035603049544003729e-01,-1.721659719628329532e-02,2.791460724367187396e-01,2.186818213309155157e-02,5.973440324961271086e-01,5.241172581447335332e-01,2.672422545099975011e-01,2.319516098866720652e-02,-1.456408906680858872e-01,2.543853140462586926e-01,1.070835835510368511e-01,-4.933671649674996676e-03,-6.327023464277233000e-02,8.501168185176105618e-02,-1.702969294057540550e-01,4.592476057533840805e-01,3.915339571087612658e-01,5.933341958237819264e-02,4.292741915321013901e-01,-1.680394892116085781e-01,1.924030308120918409e-01,-2.198761843496602753e-01,1.890015013182680670e-01,1.388544374150385841e-01,-3.049188110914131944e-02,-1.216177538026515514e-01
4.501865901794380176e-01,-1.350183504906523517e-03,4.714421996002549076e-01,9.388818658126957262e-02,1.029417454535078019e-01,1.771206015952888346e-01,7.820267765775362756e-01,3.559504337252888395e-01,4.539983687509186461e-01,2.297162479646112573e-02,2.925918291034906304e-01,8.321618855006081283e-02,4.832888113904406091e-01,1.000000000000000000e+00,2.318645834334712441e-01,-3.168091228328379083e-02,3.754972629830534425e-02,4.810036528773278808e-01,3.660324428607749092e-01,3.984362367332636851e-02,8.592320463145052337e-03,2.578892010476019347e-01,-1.100837056383852652e-01,5.688913711473757573e-01,3.557239286597034811e-01,1.716087370886161811e-01,4.337416425568333400e-01,-4.108572401821070086e-02,2.294940040701013428e-01,9.225266295838877029e-02,2.786857983389822713e-01,3.593854206053141986e-01,-2.208938464349965644e-02,-3.064338727924463893e-02,3.457912653301092321e-01,-4.699518856666574929e-02,3.112056957042129146e-01,2.131436110221040375e-02,5.088773124740788439e-02,1.658812559401432185e-01,6.118527933601343172e-01,2.128021927528565838e-01,3.787454894148415963e-01,9.291563969868729678e-03,2.352252211234783785e-01,5.291562502505953169e-02,3.300771876884548983e-01,5.811213830098289623e-01,1.444771077688381256e-01,-1.609187666401745015e-02,-3.038175009830198017e-02,2.916905441245137842e-01,1.451556704885877958e-01,4.377611929859062667e-02,-5.646552861516069416e-02,2.565487213993844495e-01,-1.752170737907374765e-01,4.888636982639341100e-01,3.457686114740359806e-01,1.978118353782336858e-01,4.549009476746713188e-01,-9.236971342062977319e-02,1.506883170286469897e-01,-5.043788799111675880e-02,1.424752208261722275e-01,9.832704855771028096e-02,-1.739444274735004251e-02,-5.352092124796755529e-02
1.897727559136922273e-02,-1.846138083810075839e-02,1.041948939697654730e-01,1.118771456179561002e-01,8.236230790327095375e-02,2.661938255464492697e-01,2.921178991672440106e-01,8.687082236998183715e-02,2.614308026816948294e-01,6.397359419133748226e-02,2.540333322397874197e-02,1.456558989567816043e-01,3.027698692119938362e-01,2.318645834334712441e-01,1.000000000000000000e+00,6.834352492119306899e-02,-9.185397326559494036e-02,8.749446858862597320e-02,-4.682974875221865285e-02,8.444311642579370447e-02,4.333477927492518367e-02,5.872264846193236271e-02,7.780672002054598441e-03,3.115775254626863000e-01,1.496470849409909654e-01,-7.558290832020471417e-02,6.769854442215256229e-02,3.908696544243381310e-02,1.826748147327278970e-01,-9.753452364300908839e-02,5.951681153842252464e-02,1.455912515652619810e-01,6.221501282608884326e-02,3.987792057847595190e-02,-2.503498794641062508e-02,2.687938462000600062e-02,1.631516319761714962e-01,7.076037679479170450e-02,4.224537790337962867e-02,2.688151998118166186e-01,2.612044506747456252e-01,1.767398296213824049e-01,3.231405801101868147e-01,6.856655944017371607e-02,1.153936168028419779e-01,1.064583213182572069e-01,3.020428925858198443e-01,2.497533488009543723e-01,2.795566634983168708e-01,5.201155203132305088e-02,-1.267818975399898351e-01,1.954668889858011613e-02,-2.152614692252604461e-02,8.917548893915261399e-02,3.872221547310203404e-02,9.470607076381745704e-02,-2.638434168649035974e-02,3.745287640839845000e-01,2.525872720458720577e-01,1.164266528301254322e-01,2.510903680512140412e-01,5.196357811802240073e-02,1.445887545932515728e-01,-7.210718031046556287e-02,4.078912258535574709e-02,1.340480411322030052e-01,4.460097386333401748e-02,-3.238084090984962092e-04
1.763676949393758187e-01,5.918765477537201586e-02,-2.627722738254726145e-02,2.784408964651652885e-01,2.633629419508523931e-02,2.202905037292879065e-01,3.108024542991243144e-02,8.779897111462661718e-02,-1.233573198777690276e-02,2.847170678877681826e-01,-8.037376850079555601e-02,2.589175066696010608e-01,2.674468654052670688e-02,-3.168091228328379083e-02,6.834352492119306899e-02,1.000000000000000000e+00,1.098144512062652761e-01,-8.956315047428593801e-02,2.871036629157961394e-03,2.573625238193887332e-01,3.715870767414434783e-01,7.257076935272181728e-02,4.122049445140260060e-01,8.068845242346812940e-02,-7.302703256949800992e-02,-4.212997991280741095e-02,7.016723912425996967e-02,2.863745046540562833e-01,2.432863388236229385e-01,1.391562343199151397e-01,2.307946109078144736e-02,6.640617793217282183e-02,1.660671368541757897e-01,1.454952053663427225e-01,1.860126756904533774e-01,2.797380194769902989e-02,3.908817075854583573e-02,2.891547159657075761e-01,-9.356752719399383245e-03,2.313130075435619604e-01,1.821889566443425992e-02,9.360442468226506940e-02,4.289898258331648062e-03,3.069460931313583441e-01,-9.292032271220526662e-02,2.608555271447837720e-01,-7.304906632431449123e-03,2.021949763418949206e-02,6.398299331289219669e-03,5.881567978336851299e-01,1.236320120323189942e-01,-8.391774416343003584e-02,5.615258804220570055e-02,2.461245432786333120e-01,4.248781485060632024e-01,1.077262981196713820e-01,4.419402887596225460e-01,1.424614504228064460e-01,-6.662955418126119411e-02,2.608593944500589221e-02,7.240625543493690863e-02,2.869409654585418079e-01,2.806212222338573259e-01,2.214571258621192973e-01,-1.032124565186990500e-02,9.510242678395725013e-02,1.232510346667421153e-01,1.554530255104079328e-01
5.658478889815945490e-01,3.268753155098094165e-01,3.127438564769601803e-01,1.578353665210461276e-01,-4.103641207625959714e-02,1.114693654351354701e-01,1.005751770105801496e-01,3.005054743186862942e-01,4.605742905898973366e-02,1.381883928624368096e-01,4.018576879019854498e-01,2.562158534980210622e-01,-2.069487129532132930e-01,3.754972629830534425e-02,-9.185397326559494036e-02,1.098144512062652761e-01,1.000000000000000000e+00,1.354352837325801806e-01,6.171711339460337342e-01,3.181075890699031627e-01,1.665731446219900214e-01,2.963874671847837039e-01,3.462103967330009691e-01,1.600877628611037384e-01,9.427359072763444314e-02,5.366060194448614151e-01,5.098255377600993121e-01,3.815729630954122764e-01,3.100059789019136147e-01,5.794701175579043406e-01,1.044668348709999611e-01,-3.016315176709317633e-02,2.534877334473034094e-01,3.923888105824078210e-01,3.065306724629687229e-01,3.384392079914457230e-01,1.619534025488398449e-02,1.225646533954627415e-01,-2.916370546490838420e-02,4.968794921358989786e-02,-1.162291406424025980e-01,-3.588714301854138700e-02,-1.274191018843287282e-01,2.083921353417992894e-01,-4.746710018447319532e-03,2.176258068685410774e-01,-3.362850937988651201e-01,-1.878050591325520491e-01,-1.562099167652580278e-01,1.129803753585251203e-01,4.761765968724303577e-01,-1.094700858076731315e-01,3.917714834913022526e-01,2.883632734549588239e-01,1.491014925875285280e-01,2.471960984449349252e-01,2.469543616376947415e-01,9.579494907466110099e-03,-2.329838410132217819e-02,2.157947355303608539e-01,7.911780773374182951e-02,3.019050153168675865e-01,1.451551956621340012e-01,4.678391553918226919e-01,-1.806843729639082130e-01,-3.040977309302074841e-02,2.850011455854604137e-01,4.303405516444340217e-01
2.543183288103663120e-01,-5.463288920708778834e-02,4.048922564327191997e-01,3.297056884196564175e-02,4.486372317804562110e-02,6.406957127513979167e-02,4.229994883042443310e-01,3.696812916546862171e-01,1.975327819333402568e-01,6.520449899979482988e-02,3.596522501112910386e-01,6.178199818786661579e-02,2.535156655171034168e-01,4.810036528773278808e-01,8.749446858862597320e-02,-8.956315047428593801e-02,1.354352837325801806e-01,1.000000000000000000e+00,4.295561900299302294e-01,6.574137048713873943e-02,-5.256825511159692044e-02,9.664197271556890234e-02,-1.042075374855514769e-01,1.727725117069742466e-01,1.989682838881606519e-01,1.830644320506870093e-01,1.978631205256824455e-01,3.395489528731940321e-02,1.591711094920965353e-01,9.911460167353797202e-02,1.127961822695507654e-01,1.188099158504379860e-01,8.222831836565126090e-03,8.261786799758517787e-04,2.520776162140755394e-01,-2.469833387011967016e-02,3.068976220525083676e-01,-1.123298776573944261e-03,3.206605192931691328e-02,1.061327163627466957e-01,3.817335764049445967e-01,2.793692996572389453e-01,1.739172676108624860e-01,8.054519342533315862e-02,3.700444589927040506e-01,2.567184168060193325e-02,1.524699765008150076e-01,3.025484980530979140e-01,6.448754990653350616e-02,-9.996237849393811714e-02,6.877812122431570252e-02,3.562125782307518085e-01,1.977618118083557808e-01,4.842547111447915303e-02,-5.690764180702446301e-02,5.888062614058161420e-02,-1.055450503484032659e-01,1.566791415997512149e-01,2.079401553846812467e-01,2.113437307468847559e-01,2.127347197851692240e-01,-6.639306286985331533e-03,8.819801713142845501e-02,-9.564430017635043232e-03,-1.438733807656776033e-02,5.536333585339282826e-02,2.588750314106002745e-02,-2.563426039325956713e-03
5.836391106099506620e-01,1.829183732660264183e-01,3.404785066964221008e-01,4.753457966809636337e-02,-1.483556185719694248e-02,3.988348414851377449e-02,2.784610586532888510e-01,1.678841610093965153e-01,2.013758534789215071e-01,6.140533889326650618e-02,4.916399241800223363e-01,1.202762077115985540e-01,3.762907141863543192e-02,3.660324428607749092e-01,-4.682974875221865285e-02,2.871036629157961394e-03,6.171711339460337342e-01,4.295561900299302294e-01,1.000000000000000000e+00,1.956758468802593798e-01,2.336538362577045280e-02,2.685095766364399839e-01,4.857195979021336485e-02,2.566587858795315036e-01,2.707535906565388117e-01,3.658612294744865712e-01,5.005913281101592727e-01,8.230330121827883483e-02,2.466273212612880850e-01,3.216948248365067986e-01,2.287383713448804812e-01,9.798186163128366766e-02,1.763432654605412153e-01,2.264761512369469210e-01,3.883236995269785385e-01,1.964362399904212575e-01,1.425360826826091720e-01,-2.141635355932089424e-02,-1.485618817096557610e-02,-6.609218513015065796e-04,1.488881931520372459e-01,2.078538802900072729e-02,1.025808233922610377e-02,1.056534074388363054e-01,2.118353440594084869e-01,7.521455317650642403e-02,-9.512242875121609820e-02,7.851600726235374861e-02,-8.706357256686360346e-02,1.768867831142823541e-03,3.147423377107716469e-01,2.402795242837031942e-01,5.110068169175243646e-01,1.645558423576584384e-01,-2.411217164293065138e-02,2.134444907339964337e-01,-3.149067050355024849e-02,1.266164757684850040e-01,1.888375316391407432e-01,1.498510327875758885e-01,2.569294075334529470e-01,1.452707505867339120e-02,8.199176824464016189e-02,1.979645076723925701e-01,-2.141100720461614274e-02,-1.832961488837770228e-02,1.888627041490226477e-01,2.848601528632876412e-01
3.497230115663974570e-01,2.538533426445161445e-01,2.265172046204341760e-01,6.505918868932056842e-01,6.797871891607730477e-02,3.843894228069226204e-01,1.967038717984236906e-01,2.869561019100683730e-01,1.145408867289332694e-01,5.499759148315358503e-01,1.514640937500066065e-01,7.838072558545170487e-01,-1.364716662837546675e-02,3.984362367332636851e-02,8.444311642579370447e-02,2.573625238193887332e-01,3.181075890699031627e-01,6.574137048713873943e-02,1.956758468802593798e-01,1.000000000000000000e+00,4.201990807336155043e-01,1.884559919838809383e-01,4.862302760437473559e-01,2.339920210869527173e-01,3.574421642948778094e-02,1.935466681805101952e-01,2.397801475628402179e-01,5.626012435839577996e-01,2.320407737786737423e-01,3.868390509880625383e-01,1.173471159674009667e-01,6.058483292662460162e-02,3.988756009575955552e-01,4.072836423769737313e-01,2.417949522735777235e-01,2.904413842766038201e-01,2.245124266840043681e-01,6.364833846337163425e-01,6.112284286852509574e-02,3.191693020652498491e-01,1.690047664121150373e-01,2.137613316222997106e-01,9.834336777112755168e-02,5.205146465631999009e-01,1.233799316033339522e-03,7.374507074744548474e-01,-8.969529191381520050e-02,8.070570985527893149e-02,3.787915786906598248e-02,2.416022268794688899e-01,3.132046140993300365e-01,-3.560634165377565136e-02,2.098980971158145026e-01,8.859986968853985623e-01,3.991862483997284938e-01,2.641221384664586558e-01,4.223942909548787927e-01,2.922062447659486417e-01,2.038067168288838077e-02,2.186588747713386627e-01,2.285431251168756894e-01,5.041055987548024309e-01,1.805112209608420448e-01,4.136451703843932459e-01,-1.897734705963003907e-02,8.551986732550986847e-02,3.632964422948543604e-01,3.758102461423223906e-01
2.231535527468092028e-01,1.831139324257960443e-01,1.108049731770300306e-01,3.552795122307436104e-01,7.376204417164335114e-02,2.093781224405021901e-01,6.245478705465581232e-02,1.793361284888005114e-01,4.599917712683712634e-02,2.945921602732303746e-01,3.403274764467934671e-02,3.898669692513439533e-01,-4.020779694373342178e-02,8.592320463145052337e-03,4.333477927492518367e-02,3.715870767414434783e-01,1.665731446219900214e-01,-5.256825511159692044e-02,2.336538362577045280e-02,4.201990807336155043e-01,1.000000000000000000e+00,1.286470621437333928e-01,7.240203432438883091e-01,9.508823306665349639e-02,-9.701208082852275094e-02,1.129006192075162479e-01,1.945693566237395311e-01,4.096914987408903919e-01,2.474739977695706583e-01,3.330839672050480704e-01,-2.037644142824694693e-03,6.960761052813992100e-02,3.268784244291254582e-01,4.650984712783175490e-01,1.893772055768377094e-01,2.013019895265835968e-01,1.066122689394044670e-01,3.667984589539644569e-01,-1.777797451101994098e-03,1.921935477886207444e-01,7.231521926675230083e-02,9.966041820399233753e-02,-1.921297053188892462e-02,2.586161307860278535e-01,-6.273365806026025282e-02,3.746968362906685779e-01,-6.544002396305011182e-02,2.559121884763694219e-02,-1.903105742465334080e-02,3.788237487925121272e-01,2.278952661285870429e-01,-1.140488932646535197e-01,9.919797629228811753e-02,4.224218400902412518e-01,8.283878843018680493e-01,2.116509686685497937e-01,7.277370715874552642e-01,1.489418789801148502e-01,-4.106493620454083199e-02,1.712985356196907172e-01,1.770568677129516766e-01,3.780574913653332314e-01,2.699019430260997110e-01,4.168383265521208858e-01,-2.675694124290706882e-02,7.294127166182472199e-02,2.812360469397560681e-01,4.124879098159960900e-01
3.260085114211732638e-01,3.208454501775857004e-01,3.604596277602228893e-01,7.955464374682828799e-02,2.188060983497755810e-02,1.234709131290301354e-02,4.006287590220650729e-01,2.498814640548925881e-01,4.036625732572898251e-01,-1.303040605720747099e-02,3.292463247256793291e-01,1.481448174208406521e-01,5.775980698742273073e-02,2.578892010476019347e-01,5.872264846193236271e-02,7.257076935272181728e-02,2.963874671847837039e-01,9.664197271556890234e-02,2.685095766364399839e-01,1.884559919838809383e-01,1.286470621437333928e-01,1.000000000000000000e+00,1.267820282391516340e-01,5.190488698761779318e-01,2.872166992307689792e-01,4.645998035733722165e-01,4.656747716021538697e-01,1.981798569336404858e-01,1.043187484837146128e-01,3.739243418842572164e-01,1.043628983959583034e-01,6.066814915253368121e-03,1.999356316413990753e-01,3.169774141232752362e-01,7.105332817454428074e-02,2.548416197539898342e-01,-6.526113073661903019e-02,6.959395093739713378e-02,3.104531279073661967e-03,1.641310613238286184e-02,4.763525888336293118e-02,-2.574996296616440666e-02,2.276735998229252045e-01,3.784775006141007786e-02,-2.583761899194427988e-02,1.084141334456299871e-01,-4.203515400615101538e-02,-1.005122598157752317e-01,-3.355241833084547654e-02,3.957952867053029372e-02,3.381515842776110919e-02,-2.824204294882209365e-01,-6.456823478832854867e-03,1.750348246077307879e-01,2.637778582907831723e-02,4.366378070427813785e-01,5.894783044437137964e-02,3.226761956261245956e-01,2.128860275184937811e-01,1.544936744688724939e-01,5.474202393626225599e-02,1.371224224271739289e-01,2.272577973470320256e-02,2.328598148190217654e-01,-5.463888775955168253e-02,4.850051342724429754e-02,2.340099653826007153e-01,2.995996923109909282e-01
2.353427421013477017e-01,2.272178061771081559e-01,1.278645051654895282e-01,3.543221545763093894e-01,3.811211609505175263e-02,3.148740330574902324e-01,-7.818003425218967260e-04,2.765478374503739789e-01,-3.834550429016866241e-02,3.749793575058995021e-01,3.350461712752993149e-02,4.322491807497617078e-01,-1.500772226831917078e-01,-1.100837056383852652e-01,7.780672002054598441e-03,4.122049445140260060e-01,3.462103967330009691e-01,-1.042075374855514769e-01,4.857195979021336485e-02,4.862302760437473559e-01,7.240203432438883091e-01,1.267820282391516340e-01,1.000000000000000000e+00,6.710050845293796806e-02,-1.601009813930948933e-01,1.841159435932411548e-01,2.582066754301577394e-01,6.427478943176910819e-01,2.361293661561844059e-01,4.974189110169544015e-01,4.131696864625714581e-03,3.699232008839055137e-03,3.072991246061780313e-01,4.401974466927848773e-01,1.341907294406678164e-01,2.689842014777129031e-01,7.846927332763715957e-02,3.719770354465371520e-01,-4.279696769647592554e-03,2.733163336234774587e-01,-4.217449193728659007e-02,1.376289922292976142e-01,-9.013035282764986222e-02,3.871916860533808902e-01,-1.482875170474751703e-01,4.116540750029510365e-01,-1.884705360377896544e-01,-8.989699368700486415e-02,-4.260765301747111711e-02,4.262033957846622090e-01,3.311233680777768140e-01,-2.254475798433106526e-01,1.286627525074899303e-01,4.537759710727881091e-01,6.960191490082204835e-01,2.502670531076807148e-01,8.225973645096170683e-01,1.215857738505136953e-01,-1.316198561014449431e-01,1.588479845285835634e-01,1.502787879531108928e-01,6.137198808181539844e-01,2.333238167325945578e-01,5.784652639664193963e-01,-7.682004668708315720e-02,8.133296900551478803e-02,2.826128341346928474e-01,4.125718388465665631e-01
