1.000000000000000000e+00,1.488074264749899012e-01,5.309084071882401723e-01,1.366680117977728259e-01,9.570079351277228918e-02,2.617836450189880981e-01,4.092567792158043893e-01,2.017327948495262757e-01,-1.949364290666763967e-03,2.518513029506698198e-01,2.007397829548197288e-01,8.879682201684627185e-02,3.238848270429504073e-01,6.992165567863384279e-01,-2.072709180340803412e-02,1.314247551343714904e-01,3.420404717243782367e-01,3.793154229777072062e-01,5.963339802457042760e-01,3.659766693290756462e-02,3.077459122335351460e-01,5.685272190396201825e-02,2.624359471382388675e-01,1.680574729998225714e-01,5.746517083176728991e-02,1.706446081131134385e-01,4.244402920804635215e-01,2.255341919227069336e-01,7.675869478657915135e-01,3.794193409739223255e-01,3.915682515117775986e-01,2.018544557291587771e-01,3.863892495063582788e-01,1.644309137855894665e-01,8.327284257830164238e-01,2.505171771647725365e-02,2.329249636672520718e-01,1.748006283815497219e-01,5.522515492923556896e-02,2.948260478700917009e-01,3.029671131324259137e-01,3.355097007978093959e-01,2.623562591320836856e-02,2.677401734431895663e-01,1.537198180996197372e-01,1.181803772331008751e-01,2.529663727594470002e-01,5.697683299072348051e-01,-5.397269965868210610e-03,1.180681562589264572e-01,9.131463029364050854e-02,2.944241365945470257e-01,2.889241100971268184e-01,-7.063921762371586782e-03,2.829263923659559032e-01,1.924055654257799883e-02,1.734603435787274162e-01,1.354785601544117590e-01,-7.551825754584710892e-02,5.830165993381217909e-02,3.080876436063127444e-01,2.315240982182329710e-01,7.160035311531457447e-01,1.580808951243377058e-01,1.769371593291012013e-01,1.596436687675291399e-01,3.399075613216815950e-01,1.496976636962999430e-01
1.488074264749899012e-01,1.000000000000000000e+00,3.671705993658849199e-01,4.458899680574339719e-01,3.378246665246273372e-02,1.714694287402500350e-01,1.902657419148372497e-01,1.280396366303088694e-02,2.204661639034492249e-01,2.655712291085829957e-01,3.942266006122494004e-01,3.895157534228693152e-01,1.137641060242004926e-01,1.411965507423128541e-01,1.943653924065514571e-01,5.710700042813378063e-01,3.745406855906966426e-01,6.836482886127080716e-02,4.330529267783576053e-01,3.437478412634335512e-01,5.623549287576343758e-01,6.145614465785026459e-01,6.732452121825858171e-01,4.372773146569001179e-01,3.876087341957097365e-01,5.667280952820475948e-01,5.875146782151782210e-01,4.955054763599775480e-01,3.089018167010931792e-01,5.254580476614000295e-01,5.295528164421482720e-02,-7.519109699229109545e-02,4.972104566790994107e-01,6.287985440629336731e-01,1.234544318722601841e-01,6.353242282271122088e-01,3.692583563282255676e-01,4.181445684261603235e-01,6.810985257963671213e-02,2.746857202678007481e-01,1.727503920318124719e-01,1.344288262888832519e-01,2.419189332208723231e-01,2.585132117397271334e-01,4.279422367853647491e-01,4.170106398583845464e-01,1.180594374775008198e-01,1.262037910179659439e-01,2.583082846413954914e-01,5.933110996289997496e-01,4.896218325490642176e-01,-2.451976085846916883e-02,3.909923881509366206e-01,3.431427057065077335e-01,5.230210037875013818e-01,6.007487040589255534e-01,6.393763510334989908e-01,4.764181514111929805e-01,3.937493335955218887e-01,4.312079094066924023e-01,6.341250108903820903e-01,4.653101735590616794e-01,3.080976745103581327e-01,5.542241020044436084e-01,-9.762545235134198474e-02,-5.870832946032217281e-02,5.179068760806038174e-01,5.991788994969153848e-01
5.309084071882401723e-01,3.671705993658849199e-01,1.000000000000000000e+00,4.192489803343616428e-01,1.128829203896401512e-01,4.687864280722739418e-01,6.515062224188110651e-01,2.419772123333660818e-01,2.711672235664466246e-01,5.425451280576235602e-01,5.289877688590954863e-01,4.396911933505734948e-01,3.940198221351733365e-01,6.123076248753982487e-01,2.956547357138041288e-01,4.141899602005361114e-01,6.353352537531918864e-01,4.315871802314419359e-01,6.694521785974437700e-01,4.191310912058636151e-01,5.132728155568820894e-01,4.310863163715012991e-01,5.276387634747260469e-01,5.598686641465684399e-01,3.581984519511111631e-01,6.458508232732995680e-01,7.060266556185961218e-01,4.524077021874208238e-01,5.263286452236503044e-01,6.533786025422082533e-01,3.835623663096152658e-01,1.942944351859693039e-02,5.335235929050158310e-01,4.842678256575845275e-01,4.857350716907882782e-01,3.231119290463377869e-01,6.638675870611335794e-01,4.092607929963480440e-01,6.634420476698624225e-02,4.990814945794412316e-01,5.709528371087100318e-01,3.314615396926149371e-01,3.421330203968099282e-01,5.290277926087503246e-01,5.077125487086391331e-01,4.653857796578451111e-01,3.779142207917956520e-01,5.675077465071779459e-01,3.082163094604126741e-01,4.129882492050505061e-01,3.182991779066364213e-01,4.213815958212239199e-01,4.804962740682893751e-01,3.848124950253998811e-01,4.619984237931804572e-01,3.624880773740389306e-01,4.437359171072300379e-01,5.260324994119580655e-01,2.138219341229484205e-01,4.856774085458854806e-01,6.393448715029024232e-01,4.215307898862487024e-01,4.969885288143858770e-01,4.083946412574683826e-01,1.090871865219512071e-01,1.129242268475742945e-02,5.114050607539956106e-01,4.311556865079942402e-01
1.366680117977728259e-01,4.458899680574339719e-01,4.192489803343616428e-01,1.000000000000000000e+00,1.069016122953409115e-01,3.885089996026014902e-01,3.991543042934295182e-01,6.271176425718069658e-02,4.684031685865057693e-01,5.346706358953638993e-01,4.150301674125224660e-01,8.792990871087201787e-01,1.045959489307135004e-01,1.883184090342074346e-01,4.416195320784174760e-01,5.520611584039946118e-01,3.083072315762389048e-01,6.613928348027842130e-02,3.349965146456272413e-01,8.079631337563110138e-01,5.212043030047237568e-01,5.834063173873519359e-01,5.382817874138299263e-01,6.628447310603727827e-01,3.131157373716763059e-01,5.749300333542286534e-01,4.614390503235412111e-01,6.294027424342646393e-01,3.130224317179887139e-01,4.436720085025510629e-01,1.717539939178524058e-02,-1.199603279033643888e-01,5.133486492940134704e-01,5.485229401392051063e-01,9.388388226200188036e-02,4.198429050622409231e-01,4.411715959982227542e-01,9.240350713935528981e-01,9.342012162542927267e-02,5.089150800308025469e-01,4.138561379707513255e-01,1.609855555224810886e-01,5.065658918042751369e-01,5.058338679700635776e-01,4.872669782317523568e-01,8.619439998794994340e-01,1.835615090189292031e-01,2.638540956437704921e-01,4.611905996266767449e-01,5.733838469139242999e-01,2.716307395309756623e-01,1.601400776352986666e-01,3.169999045730036435e-01,7.605681069500755953e-01,4.291247381111364945e-01,5.439010011505814868e-01,5.134575366977646160e-01,6.950697132984181570e-01,3.707032741003903342e-01,4.986724061658591167e-01,4.964952969641249214e-01,5.632599441692766051e-01,3.358460240385976459e-01,4.428727263352837951e-01,-6.083463340418814036e-02,-6.606183918171633362e-02,5.549627392393188252e-01,4.678102035667104919e-01
9.570079351277228918e-02,3.378246665246273372e-02,1.128829203896401512e-01,1.069016122953409115e-01,1.000000000000000000e+00,1.269913889221993553e-01,7.117712606344774040e-02,1.196896363089669929e-01,7.267664888814595603e-02,7.125505375916768580e-02,1.564804593496698093e-01,1.159601692593510841e-01,6.589974318039773515e-02,1.245745667538930984e-01,7.656455099475062420e-02,3.095470690523269633e-02,1.127611186218121508e-01,1.056643219832641700e-01,1.151575439579506227e-01,9.510325521710406849e-02,7.933827726670356073e-02,3.797854084573334954e-02,7.917815862139879202e-02,5.855117835184490971e-02,5.516645459699186932e-02,6.499612676756805207e-02,8.504022135390634785e-02,6.311958453945644421e-02,1.252946842247727732e-01,1.084612057514251077e-01,4.982727760339752954e-02,1.072796193953387128e-01,1.240430018577232119e-01,1.186517643911637332e-01,7.866043868438823972e-02,2.581124562170652656e-02,1.415355888616972035e-01,1.026468089407244627e-01,2.014820682864587251e-02,9.952945724612095868e-02,8.338576955009172065e-02,9.693997356464618964e-02,4.620420157958848167e-02,7.408047969240269537e-02,1.316562295551492179e-01,1.100248179661294512e-01,1.142657767191985058e-01,9.293249090091448839e-02,5.483484580205848918e-02,5.721544109092724373e-02,9.863025746932485571e-02,1.602370558886920537e-01,1.357399724381962713e-01,8.913694213038778069e-02,6.329654138906139205e-02,5.892666857251714629e-02,7.599575675196583446e-02,6.116316168943788240e-02,9.046857652902013866e-03,6.201884675027846683e-02,1.123010802673803793e-01,5.397331605629163837e-02,1.272196238790410661e-01,9.220279211734359881e-02,5.881051424319402865e-02,1.204025920109745573e-01,1.496420232033675024e-01,1.176377759255402000e-01
2.617836450189880981e-01,1.714694287402500350e-01,4.687864280722739418e-01,3.885089996026014902e-01,1.269913889221993553e-01,1.000000000000000000e+00,5.384012321012524582e-01,4.486597274936120483e-01,2.943961245493830758e-01,7.067596520528806048e-01,4.101292392675229825e-01,5.307447028559053592e-01,2.971452364108388422e-01,2.959338872100522044e-01,4.809870971235819526e-01,1.383656458670445011e-01,3.338736767495908420e-01,2.372852570288419560e-01,3.766771486127496460e-01,4.611282877921710210e-01,1.750416098700971756e-01,1.833788733457381026e-01,2.121451719639446676e-01,3.182784734964182460e-01,2.046252853801724947e-01,2.948731750997137802e-01,3.092412148921342974e-01,3.922249100464629268e-01,2.918808582621352232e-01,2.901679403986796024e-01,1.543818982223731096e-01,8.425761973954262740e-02,2.612730119453555155e-01,2.522103447993782610e-01,2.326437661633143084e-01,1.376786401855431552e-01,4.161697899317092220e-01,3.606233562467129339e-01,7.057438694802242729e-02,8.423236927015872455e-01,4.774112636773795160e-01,4.651401658686665219e-01,3.173429584442459261e-01,7.031878642726534512e-01,4.028055537042154466e-01,5.360330916045388250e-01,2.773816026644525534e-01,3.396405044233593573e-01,4.444221484095912111e-01,1.294009143429766251e-01,2.218090155089585125e-01,2.881793377625450625e-01,3.640637410177530731e-01,4.354741029866829316e-01,1.668536508061931878e-01,1.483274179973448070e-01,1.573077097330176088e-01,3.519846970267231923e-01,1.618150082474477114e-01,2.463035420932536412e-01,3.123865226464717648e-01,3.722689342092949105e-01,2.723963333471861592e-01,1.853729811111705927e-01,5.835213682727732887e-02,5.696085488883442793e-02,2.531326637939838586e-01,1.670086801398699694e-01
4.092567792158043893e-01,1.902657419148372497e-01,6.515062224188110651e-01,3.991543042934295182e-01,7.117712606344774040e-02,5.384012321012524582e-01,1.000000000000000000e+00,3.361003651281956328e-01,3.994484092842088274e-01,6.077444580006463593e-01,4.500113535221343941e-01,4.574508120891496166e-01,5.009817539710058609e-01,6.257833274699255988e-01,4.363380584497502102e-01,3.357944004018792450e-01,3.324571261485030904e-01,3.847048893506022638e-01,3.319444935136263708e-01,4.236716254616489374e-01,3.696871054600451845e-01,3.661799828264331591e-01,3.307671519746635536e-01,6.084081658965150297e-01,3.570821362067398419e-01,5.625430960975376093e-01,5.645339312632826623e-01,5.067722436350198256e-01,3.738123792259363531e-01,4.994066050094027598e-01,3.490479982272283177e-01,5.827716854795629564e-02,3.121394032059551793e-01,3.021257751158163973e-01,3.722455456489825454e-01,1.382932009733036094e-01,5.408465306448492216e-01,3.265795023002079356e-01,7.010640968385344063e-02,5.992632659583748689e-01,8.357359856931116937e-01,4.733813957537151840e-01,4.443628370823706764e-01,5.891772054657862245e-01,4.447967135529727889e-01,4.404018872756585434e-01,5.074143163749816887e-01,6.793157501617549388e-01,4.257700761421371327e-01,3.064120862466310213e-01,3.607810016257356062e-02,4.857274680767839081e-01,1.884033814045851796e-01,3.649770569361149297e-01,3.592407268226707195e-01,2.549399147974231172e-01,2.715104265435254738e-01,5.372639664780594071e-01,1.825069399811246884e-01,4.554839024953930560e-01,4.907662625302495196e-01,4.664381156691230212e-01,3.353947139827543888e-01,2.564770282723067285e-01,1.317218972279678990e-01,-1.397676780073920863e-02,2.841467771842351997e-01,2.267346550453158138e-01
2.017327948495262757e-01,1.280396366303088694e-02,2.419772123333660818e-01,6.271176425718069658e-02,1.196896363089669929e-01,4.486597274936120483e-01,3.361003651281956328e-01,1.000000000000000000e+00,-8.226949970376172538e-02,2.338331787586210575e-01,3.087154286167969608e-01,1.224204598437694386e-01,3.861187534486430761e-02,3.408210170342656498e-01,1.058440490694149277e-01,-1.293341504564466948e-01,2.645749991828383330e-01,2.270217023405547430e-01,2.640944807150272244e-01,7.939824590878097332e-02,-8.974098322068159439e-02,2.873580746270658695e-03,-6.528646521337323066e-03,-6.709010883544680448e-02,-9.449672967923800071e-02,1.547113513440655508e-01,5.568428591362305918e-02,2.952850066292040387e-01,8.322251356018256496e-02,3.329837029019676042e-01,9.711744706081984133e-03,1.950071629315974497e-01,-7.416778153753651737e-02,4.313963368141145172e-02,1.299996260047869834e-01,8.963345861375633314e-03,2.572363773174672352e-01,2.831525012365355282e-02,6.794105247004182668e-02,3.313422126822938019e-01,2.863327838930208036e-01,5.437434946821462223e-01,-6.563187985279396452e-02,2.208327484493608495e-01,3.080278940403435306e-01,1.154239547228671781e-01,3.316796249298371857e-02,3.113854429591953465e-01,1.185108473933090129e-01,-1.333972666018726216e-01,2.611462209622560926e-01,3.212036434530178841e-01,4.088036884181630581e-01,9.209615942563338653e-02,-1.117307593004253363e-01,4.392419955008573101e-02,-8.414619617682829456e-02,-4.072718170044311442e-02,-1.035582028191801007e-01,1.326584577471087711e-01,8.258774827429297971e-02,2.659468813349203375e-01,5.435478022837886281e-02,2.528787175539924936e-01,5.672721032477168190e-02,9.949385782430944514e-02,-4.032579429020734935e-02,4.346480195879038472e-02
-1.949364290666763967e-03,2.204661639034492249e-01,2.711672235664466246e-01,4.684031685865057693e-01,7.267664888814595603e-02,2.943961245493830758e-01,3.994484092842088274e-01,-8.226949970376172538e-02,1.000000000000000000e+00,4.206630992956446047e-01,2.801290581702228777e-01,5.163147035087328751e-01,3.533492814281523620e-01,1.076862292445762009e-01,4.748213542244745788e-01,3.715211836841792459e-01,8.669246538315625306e-02,-7.683100934775259801e-03,5.250041974007357837e-02,5.285728949804533450e-01,3.202391134821673813e-01,4.242482631524916448e-01,2.842528966946655244e-01,6.997656768922437820e-01,4.422048216293643641e-01,3.103842188748797137e-01,3.064178389197529939e-01,2.314239043330925116e-01,1.543362647116397202e-01,1.370080228693358049e-01,1.701986320260333030e-01,-8.483445568023159633e-02,3.690827330786139449e-01,3.257126044803165255e-01,-2.492428378762373900e-02,2.015720246016727835e-01,3.151202184160735720e-01,4.275285801661954377e-01,1.004595861116137356e-01,3.458612231915276780e-01,4.399882427059106926e-01,2.271895170795327004e-02,7.154403833045559491e-01,3.767180378237183769e-01,2.855557528066953732e-01,4.925303973806079982e-01,4.246390803821834536e-01,2.066675909800232414e-01,4.559296540540319631e-01,3.649273432168819720e-01,-4.111276534559480528e-02,1.213628521815534322e-01,-4.655579436070696013e-03,5.017580453689608477e-01,3.166673120339844605e-01,3.705040078133285397e-01,3.169354903701727122e-01,6.530943994765190386e-01,3.681678134439888006e-01,3.313669500707857596e-01,3.456279584283614703e-01,2.201674713012799212e-01,2.006422796878908343e-01,8.281676653763984930e-02,8.260281770025129644e-02,-2.904310732774224163e-02,3.657511513907648060e-01,2.710001552919995560e-01
2.518513029506698198e-01,2.655712291085829957e-01,5.425451280576235602e-01,5.346706358953638993e-01,7.125505375916768580e-02,7.067596520528806048e-01,6.077444580006463593e-01,2.338331787586210575e-01,4.206630992956446047e-01,1.000000000000000000e+00,4.559812112974401810e-01,6.841074931681955240e-01,3.690057596274480822e-01,3.133893981676059703e-01,3.932264493863523724e-01,3.587998917369797924e-01,3.521876640741642972e-01,2.968149673649257414e-01,3.910891298774016311e-01,6.621792693153560894e-01,4.345331317820793626e-01,3.574894585868109709e-01,4.081008388130211717e-01,5.117673314839483734e-01,3.665872951874029062e-01,4.814763737109906128e-01,5.073579448451248641e-01,4.682310655915554176e-01,3.746562808723185589e-01,4.232523295579960765e-01,2.465101165792245586e-01,-1.550657569592215484e-02,4.558494253747116809e-01,4.229588453163852790e-01,2.771905865936458713e-01,2.421210306945496826e-01,4.662130473797654329e-01,4.627238012468585793e-01,7.552853943915473212e-02,7.390319182590781022e-01,5.459664778977596500e-01,3.752859152621603744e-01,4.670198641845837995e-01,9.559715374101686036e-01,4.892915630317004605e-01,6.692386438079277466e-01,3.869009230528823173e-01,4.004822856049909952e-01,3.996170917266413936e-01,3.467738721718702788e-01,1.983158655250193692e-01,3.643242358054073482e-01,3.180205481094723896e-01,6.190883302698333424e-01,4.281432502939951368e-01,2.784404425733290611e-01,3.782315687142762117e-01,5.027711777919023906e-01,3.067874823966392772e-01,4.198025475121238692e-01,5.084093408117911217e-01,4.481168208615910475e-01,3.553401008454252219e-01,2.924080636077961426e-01,3.573991906474689728e-02,-7.034263298051632307e-02,4.454117584823554243e-01,3.483276188961569320e-01
2.007397829548197288e-01,3.942266006122494004e-01,5.289877688590954863e-01,4.150301674125224660e-01,1.564804593496698093e-01,4.101292392675229825e-01,4.500113535221343941e-01,3.087154286167969608e-01,2.801290581702228777e-01,4.559812112974401810e-01,1.000000000000000000e+00,4.488364929151771876e-01,3.650491951005963576e-01,2.990519214755608668e-01,3.167876645394818724e-01,2.788287771723394481e-01,5.809107216016857755e-01,3.824996693586891761e-01,5.496466723759293460e-01,4.447887433914738398e-01,3.782167288752553702e-01,4.438228778237565675e-01,4.471161749313501410e-01,4.076765819776588251e-01,3.596879635317770108e-01,5.847563283980318216e-01,5.510052708785343478e-01,3.653569187971284493e-01,3.255240669264737874e-01,5.646561374086852547e-01,1.992652003006774863e-01,1.453941661612988788e-02,4.467414800272550557e-01,5.320620404542719672e-01,2.386841729795834144e-01,3.866223991822279049e-01,4.778819972080494138e-01,3.892454557143674720e-01,7.136255578746401873e-02,4.138898546960496638e-01,4.193471913558532993e-01,2.810795482466348361e-01,3.186851039926436591e-01,4.405645042757577179e-01,6.681583158427991664e-01,4.572769144420081866e-01,3.373175808519103813e-01,3.249044596224275328e-01,3.169801051223652411e-01,3.045913343405926565e-01,4.742828117656267550e-01,4.220095790859813012e-01,5.561589188263027506e-01,4.410029137401756394e-01,3.407382405266705105e-01,3.825632659047372153e-01,3.662559762202427516e-01,3.961492325460067021e-01,2.670511544000754856e-01,4.221530008326472294e-01,5.623485096804694550e-01,3.094082684810701700e-01,3.433719955903514198e-01,4.526226717957975709e-01,2.841125772357136828e-02,2.345184108349599849e-03,4.596049397840129558e-01,4.944926630310538807e-01
8.879682201684627185e-02,3.895157534228693152e-01,4.396911933505734948e-01,8.792990871087201787e-01,1.159601692593510841e-01,5.307447028559053592e-01,4.574508120891496166e-01,1.224204598437694386e-01,5.163147035087328751e-01,6.841074931681955240e-01,4.488364929151771876e-01,1.000000000000000000e+00,1.726227248672166648e-01,1.510720798572507129e-01,5.295298843171335479e-01,4.708593257257022158e-01,3.441313277252357472e-01,1.440757374169272520e-01,3.283943393324619819e-01,9.089417877770767928e-01,4.396207542464322104e-01,5.138794163233640910e-01,4.632134753252227788e-01,6.436836330524626781e-01,3.508457515508636715e-01,5.616774851812667002e-01,4.617075507364452047e-01,5.679574898387641513e-01,2.690525437130766306e-01,3.956383271426478498e-01,6.455808770744225766e-02,-8.899365376864902533e-02,5.070496528597202568e-01,5.083888122352873129e-01,7.778646047417203668e-02,3.471170261776713173e-01,4.657512540207889296e-01,8.000744882758226151e-01,1.141334326142894456e-01,6.027192492399022772e-01,4.643764622087535598e-01,1.702193174667972486e-01,5.486906225647998347e-01,6.394024750682729685e-01,5.109984742029656246e-01,9.329755718542578347e-01,2.398853044413370439e-01,2.643294151970723149e-01,5.289706820489448180e-01,4.901972662574005102e-01,2.214715877395437293e-01,2.469358444342400760e-01,3.015513475147186817e-01,8.741246992601628962e-01,3.710693769932686958e-01,4.587245708677539224e-01,4.454358805094488227e-01,6.607217140248962117e-01,3.781561218974906491e-01,4.987200602900089819e-01,4.893167586420488768e-01,5.141812096558954215e-01,2.950162950246325022e-01,3.566419738554485463e-01,-4.194834102333682563e-02,-5.429596428768143634e-02,5.337982468599139496e-01,4.133547234611605892e-01
3.238848270429504073e-01,1.137641060242004926e-01,3.940198221351733365e-01,1.045959489307135004e-01,6.589974318039773515e-02,2.971452364108388422e-01,5.009817539710058609e-01,3.861187534486430761e-02,3.533492814281523620e-01,3.690057596274480822e-01,3.650491951005963576e-01,1.726227248672166648e-01,1.000000000000000000e+00,4.141322553367615122e-01,2.406464526337573906e-01,1.989452602850549090e-01,2.348755590355681155e-01,3.549611589212776086e-01,2.487840050039722140e-01,2.306042884302397511e-01,3.233898282706804128e-01,1.608982734310132057e-01,3.005733944540556757e-01,3.638048666134435782e-01,4.853843176449927355e-01,1.791813537308835358e-01,5.414615312431200200e-01,5.660939318789127983e-02,3.941746430314082561e-01,1.939094721334567728e-01,6.384729462458894611e-01,1.541828840096614306e-01,3.762122623047596259e-01,2.612981708246127077e-01,3.534551861675832019e-01,1.007456120015618461e-01,2.426502794160717014e-01,1.119137292488990437e-01,8.292857460332407615e-02,2.932055580316029753e-01,3.641502463697228187e-01,1.603527420903538003e-01,3.748357102666844964e-01,3.564255763201610305e-01,2.493746027222811801e-01,1.881055147080173962e-01,6.835789450212994556e-01,3.907517952557850727e-01,2.106415873311799081e-01,1.901338500828922695e-01,-1.509809130112337201e-02,3.146040886346635479e-01,2.911231776881419500e-02,1.957063222511241374e-01,3.547095530169513955e-01,2.336543102137851602e-02,2.836171132223201941e-01,2.558630642924753507e-01,1.897715589074285836e-01,7.102214767304926291e-02,4.605405880718730915e-01,8.977652977122581313e-02,3.730640035223959927e-01,3.747085135632110837e-03,1.839703867567065443e-01,8.534427583743500745e-02,3.125981135784244858e-01,2.373249694829184242e-01
6.992165567863384279e-01,1.411965507423128541e-01,6.123076248753982487e-01,1.883184090342074346e-01,1.245745667538930984e-01,2.959338872100522044e-01,6.257833274699255988e-01,3.408210170342656498e-01,1.076862292445762009e-01,3.133893981676059703e-01,2.990519214755608668e-01,1.510720798572507129e-01,4.141322553367615122e-01,1.000000000000000000e+00,9.906693914032185799e-02,2.032990943558083963e-01,3.013043592446517094e-01,4.735958292777259215e-01,4.480747297428733233e-01,1.132531875496240459e-01,3.382874706282266164e-01,1.770135236482251462e-01,2.755292574846779363e-01,3.024268054798258665e-01,1.412798820460702542e-01,2.882094682159063725e-01,4.631824580985324236e-01,3.631568576211286481e-01,5.738430408139189032e-01,5.412895151500890512e-01,4.829134124969306496e-01,2.853977566292309476e-01,2.745260639779101286e-01,2.433622941754982894e-01,6.672914685835283910e-01,6.849420607044488796e-02,3.411035271930505375e-01,1.987111912959707849e-01,4.637200535880141306e-02,3.172702587441892930e-01,5.118198609159956280e-01,4.456555576043241818e-01,1.442161316216968858e-01,2.995935598340029871e-01,2.536902346213940618e-01,1.762283055636842954e-01,3.870018680392726118e-01,7.921671647861926457e-01,1.092719064599024237e-01,1.817841676270149920e-01,8.898746145600754109e-02,4.042217690172517641e-01,2.536924468775202390e-01,7.539012814420395503e-02,3.091105757675365884e-01,1.374577324416735580e-01,1.997178553121276567e-01,2.603709067278821010e-01,-5.396562363496267001e-02,1.984978641124562904e-01,3.894824133012807499e-01,3.784472656355757914e-01,5.002808548063214511e-01,3.019162773088956975e-01,2.012255167019198487e-01,1.808000935316729230e-01,2.735725040709252598e-01,2.195060463050682031e-01
-2.072709180340803412e-02,1.943653924065514571e-01,2.956547357138041288e-01,4.416195320784174760e-01,7.656455099475062420e-02,4.809870971235819526e-01,4.363380584497502102e-01,1.058440490694149277e-01,4.748213542244745788e-01,3.932264493863523724e-01,3.167876645394818724e-01,5.295298843171335479e-01,2.406464526337573906e-01,9.906693914032185799e-02,1.000000000000000000e+00,3.463635387913964192e-01,1.449062335276175562e-01,1.069705778498418296e-02,1.203061110768033626e-01,4.631302207605642041e-01,2.426774884089308026e-01,3.235547719032904612e-01,2.468980293159974693e-01,5.738665431721637900e-01,3.281841882867206905e-01,3.274191517080572433e-01,2.418678262499274478e-01,3.514660939622737956e-01,1.002181512970398425e-01,1.664667916239144785e-01,4.002265275166611014e-02,-7.959736920879578737e-02,2.676983947153677157e-01,3.003355140788234734e-01,-2.854905450158216895e-02,2.106080977508676677e-01,4.072433746767250562e-01,4.111545812015935386e-01,1.011665876631893113e-01,5.003966001432210708e-01,4.557684725087539634e-01,1.339053542160004440e-01,5.217263421186196792e-01,3.719773438697808743e-01,3.460260328513333761e-01,5.285974669123938430e-01,2.644117096484024376e-01,1.906883336603615586e-01,6.546103589463317940e-01,3.503403090400085129e-01,8.414246300926231381e-02,1.092738681190642963e-01,1.269287004692356280e-01,4.570246278154803110e-01,2.252535303617250462e-01,3.054049336591541652e-01,2.453070670536041664e-01,6.041035830999258449e-01,2.841917091699801001e-01,3.244320441678180122e-01,2.922394445560381193e-01,3.335806162667072639e-01,1.303851376020042085e-01,1.754969819170718037e-01,-3.342442660987137576e-02,-2.359318776587859476e-02,2.623809252608190756e-01,2.460281995405542710e-01
1.314247551343714904e-01,5.710700042813378063e-01,4.141899602005361114e-01,5.520611584039946118e-01,3.095470690523269633e-02,1.383656458670445011e-01,3.357944004018792450e-01,-1.293341504564466948e-01,3.715211836841792459e-01,3.587998917369797924e-01,2.788287771723394481e-01,4.708593257257022158e-01,1.989452602850549090e-01,2.032990943558083963e-01,3.463635387913964192e-01,1.000000000000000000e+00,2.297947334929964225e-01,1.212146148861903243e-02,2.652570377584360650e-01,4.113250235582038283e-01,7.979257998431237286e-01,7.333412787441627723e-01,8.102737448664616426e-01,6.584906363436753285e-01,4.165392733764241573e-01,5.778092747038526822e-01,6.074471384786385153e-01,5.691107702888906772e-01,3.115548421233848009e-01,5.208046095293810129e-01,1.169026079294879228e-01,-1.617885438648181962e-01,5.697346484162647551e-01,7.078633902692050839e-01,9.096057869226767401e-02,5.336417457837872025e-01,4.274730278311766885e-01,5.135825301300533940e-01,8.903793467784341942e-02,2.960907781410481165e-01,3.207563335896437273e-01,8.049127768734438970e-02,4.314088307553979873e-01,3.387510733943042696e-01,3.509265119879546035e-01,4.722916059696361524e-01,2.221020842758895109e-01,2.226468854319114676e-01,3.772652354348037806e-01,9.215038576701620743e-01,2.685129083043905629e-01,-1.533120073439480507e-02,1.568947301259023819e-01,3.658672887580216582e-01,7.489801503867004051e-01,6.714203403029985751e-01,8.151386528241915119e-01,7.094790029571617085e-01,3.854390784474570619e-01,4.482693148382624337e-01,6.259031419032430321e-01,5.704403811166497418e-01,3.132408467885403058e-01,5.090973148159751993e-01,-5.447589150117043699e-02,-1.157052042204375075e-01,5.642439124822494767e-01,6.589450811649354423e-01
3.420404717243782367e-01,3.745406855906966426e-01,6.353352537531918864e-01,3.083072315762389048e-01,1.127611186218121508e-01,3.338736767495908420e-01,3.324571261485030904e-01,2.645749991828383330e-01,8.669246538315625306e-02,3.521876640741642972e-01,5.809107216016857755e-01,3.441313277252357472e-01,2.348755590355681155e-01,3.013043592446517094e-01,1.449062335276175562e-01,2.297947334929964225e-01,1.000000000000000000e+00,4.409575161691077216e-01,7.686504460049972121e-01,3.321541179422127232e-01,3.387068889973706143e-01,3.287568158789642148e-01,4.563906298371736003e-01,2.378717155214991053e-01,2.231106969660976158e-01,5.540751314125286209e-01,5.844951258146973139e-01,2.623224610675059520e-01,2.942633007130738831e-01,5.856899763948693050e-01,1.774302435956380541e-01,-1.368763012706875233e-02,4.493997554557124796e-01,4.637846965283257128e-01,3.034453744618523796e-01,3.596779746830286451e-01,4.659383617568571001e-01,3.214947206671706637e-01,5.122559413718180688e-02,3.449106026342463327e-01,2.760628091921935034e-01,2.349771195432803494e-01,1.368037521425006786e-01,3.711307687479662998e-01,5.616961180120995101e-01,3.980204074912538914e-01,1.497921957515522540e-01,2.391433180164859451e-01,1.911682637930352258e-01,2.636981532104949455e-01,5.577124381983057377e-01,4.129185007239337124e-01,6.735890717916351855e-01,3.560108910367306145e-01,2.958944120210931228e-01,2.935811258898877174e-01,3.649728118292605017e-01,2.584302741150521499e-01,1.462246128603570394e-01,3.279271810043670188e-01,5.232173856654260824e-01,2.308411572770540099e-01,3.129256681680658847e-01,4.371928870456893157e-01,2.326359244798629697e-02,-1.643824037002237712e-02,4.621392385298134231e-01,4.364665032299224756e-01
3.793154229777072062e-01,6.836482886127080716e-02,4.315871802314419359e-01,6.613928348027842130e-02,1.056643219832641700e-01,2.372852570288419560e-01,3.847048893506022638e-01,2.270217023405547430e-01,-7.683100934775259801e-03,2.968149673649257414e-01,3.824996693586891761e-01,1.440757374169272520e-01,3.549611589212776086e-01,4.735958292777259215e-01,1.069705778498418296e-02,1.212146148861903243e-02,4.409575161691077216e-01,1.000000000000000000e+00,4.708665436288569928e-01,1.690641203180822671e-01,1.745462069591396936e-01,4.098814263680840980e-02,1.507606198557098764e-01,4.804030062848018562e-02,1.367570764397618710e-01,2.736534027812147496e-01,4.357064581640100465e-01,3.665730661816704594e-02,2.764321589699764714e-01,3.482213749585943985e-01,3.879033467512242872e-01,1.602875165484332898e-01,2.349842300899257219e-01,1.628846014014021515e-01,4.413638845727474447e-01,4.222732860782932307e-02,2.010534041357049662e-01,6.405466641105163339e-02,4.898753929215554637e-02,1.972777372744691227e-01,2.762896612553465414e-01,2.112497231692568589e-01,2.928194743576972847e-02,2.906155008143908591e-01,2.717132297268051722e-01,1.468121225287001563e-01,2.771117509127470346e-01,4.362657464436022203e-01,8.290308036361370217e-03,3.092486311584333181e-02,1.065139324517877795e-01,5.780308206199359367e-01,2.679687678677565299e-01,1.558527272750271642e-01,1.469848234790060992e-01,-4.521455704891801097e-02,8.163797615298293286e-02,-1.974713295240268160e-02,-3.463749264070385692e-02,1.518128466458344983e-01,3.241365100063695603e-01,4.295715525775068572e-02,2.677216555090621286e-01,1.031440045299984593e-01,1.282880431246055386e-01,1.122562900593307156e-01,2.365556685838974271e-01,1.505939661356741899e-01
5.963339802457042760e-01,4.330529267783576053e-01,6.694521785974437700e-01,3.349965146456272413e-01,1.151575439579506227e-01,3.766771486127496460e-01,3.319444935136263708e-01,2.640944807150272244e-01,5.250041974007357837e-02,3.910891298774016311e-01,5.496466723759293460e-01,3.283943393324619819e-01,2.487840050039722140e-01,4.480747297428733233e-01,1.203061110768033626e-01,2.652570377584360650e-01,7.686504460049972121e-01,4.708665436288569928e-01,1.000000000000000000e+00,2.738305554990949076e-01,3.964861435239657728e-01,3.158395837898400060e-01,4.938171179421771417e-01,2.592260338042053358e-01,1.789776712180143337e-01,4.848240579174328824e-01,6.099788327908349794e-01,3.599864553638704723e-01,5.403962829173197813e-01,6.139655737010455416e-01,2.567824243917091187e-01,7.623976250926942089e-02,5.192833367488007834e-01,4.707430764233025977e-01,5.571116459771747742e-01,3.764706575432706925e-01,4.333860031794535828e-01,3.672411130458249073e-01,4.396656505001409615e-02,3.986556823289759133e-01,2.516167593213373133e-01,2.911171238350183099e-01,1.049120110118672289e-01,4.037737791668374876e-01,5.061285754474704746e-01,3.911052833041069321e-01,1.666492094868819718e-01,3.586146076501516289e-01,1.585887078633912428e-01,2.912991397052540066e-01,5.491914467233069974e-01,3.357167742177539771e-01,7.076536762312902740e-01,2.811445027282129527e-01,3.485242262277294389e-01,2.878254253796909135e-01,3.840284523110635284e-01,2.870564940943756693e-01,1.128452876885545353e-01,2.530091708049530541e-01,5.423162922117239493e-01,3.367474061652753203e-01,5.363547756093864916e-01,4.502670016788646312e-01,3.617053896527612500e-02,6.060479730158330192e-02,5.240405657097397807e-01,4.468492790541320758e-01
3.659766693290756462e-02,3.437478412634335512e-01,4.191310912058636151e-01,8.079631337563110138e-01,9.510325521710406849e-02,4.611282877921710210e-01,4.236716254616489374e-01,7.939824590878097332e-02,5.285728949804533450e-01,6.621792693153560894e-01,4.447887433914738398e-01,9.089417877770767928e-01,2.306042884302397511e-01,1.132531875496240459e-01,4.631302207605642041e-01,4.113250235582038283e-01,3.321541179422127232e-01,1.690641203180822671e-01,2.738305554990949076e-01,1.000000000000000000e+00,3.953911110866572542e-01,4.821635223915043400e-01,4.306836538045499818e-01,5.985254019957173544e-01,4.236310496994178942e-01,5.209852233116729625e-01,4.688197606181069843e-01,4.084491011857509513e-01,2.499245275574075442e-01,3.140371819003186515e-01,8.578497890856402741e-02,-9.384894248515716908e-02,5.350242874975144058e-01,4.639258192923627067e-01,4.504412018506069593e-02,3.308665596124549246e-01,4.630472853844331826e-01,7.094686106981743512e-01,1.226617791888679060e-01,4.927386074617805534e-01,4.499975833714918716e-01,1.032824680398184147e-01,5.681802201394607899e-01,6.052049303341175968e-01,4.679054263121306123e-01,8.486356605266757169e-01,2.938402087735050294e-01,2.331995273580914352e-01,4.573323311268399638e-01,4.333441564550735703e-01,1.367643234838345767e-01,2.989188811343219676e-01,2.393506323600180508e-01,9.496180667044942236e-01,3.355396448963327560e-01,4.118455464103991104e-01,4.290669746643867577e-01,5.863969940741853293e-01,4.284263610702465641e-01,4.830956252796860251e-01,5.015519044034479901e-01,3.520522996642608260e-01,2.792697041033408989e-01,2.309535739043244718e-01,-7.787505426818115695e-03,-6.107515008593174255e-02,5.550704920312343749e-01,3.738286726124994686e-01
3.077459122335351460e-01,5.623549287576343758e-01,5.132728155568820894e-01,5.212043030047237568e-01,7.933827726670356073e-02,1.750416098700971756e-01,3.696871054600451845e-01,-8.974098322068159439e-02,3.202391134821673813e-01,4.345331317820793626e-01,3.782167288752553702e-01,4.396207542464322104e-01,3.233898282706804128e-01,3.382874706282266164e-01,2.426774884089308026e-01,7.979257998431237286e-01,3.387068889973706143e-01,1.745462069591396936e-01,3.964861435239657728e-01,3.953911110866572542e-01,1.000000000000000000e+00,6.529182626906872011e-01,9.021002114209614176e-01,5.725599357612127793e-01,4.326845601311264944e-01,5.734684943701626736e-01,7.318114842368937945e-01,5.351191247468473078e-01,4.814629667977073924e-01,6.337003941473411395e-01,2.803854044021614755e-01,-8.076931821613850260e-02,6.825629104717678697e-01,7.719176662927145216e-01,3.030402965828825623e-01,4.852505100964022433e-01,4.070078967147910953e-01,5.086528798634801785e-01,8.939492104721606658e-02,3.234805351051061595e-01,3.160123668937692143e-01,1.463913500587583350e-01,3.766637127340819458e-01,4.188238865522974641e-01,4.155474329217028195e-01,4.602286505604438194e-01,3.177018351896814252e-01,3.358083045556503610e-01,2.796233048947087685e-01,8.096476277145906453e-01,3.065808123268837226e-01,1.416546349892726930e-01,2.349185964830657891e-01,3.524439644387341031e-01,9.241097302411671599e-01,5.526681843462674104e-01,8.635867217801848073e-01,5.937690435129447941e-01,3.398505885279070049e-01,4.151787183838474005e-01,7.029813466875574068e-01,5.471606656793945866e-01,4.865263391634793710e-01,5.656634286604265149e-01,1.275226342203005306e-02,-8.427704653675757718e-02,6.800750724318704865e-01,7.408320614228232071e-01
5.685272190396201825e-02,6.145614465785026459e-01,4.310863163715012991e-01,5.834063173873519359e-01,3.797854084573334954e-02,1.833788733457381026e-01,3.661799828264331591e-01,2.873580746270658695e-03,4.242482631524916448e-01,3.574894585868109709e-01,4.438228778237565675e-01,5.138794163233640910e-01,1.608982734310132057e-01,1.770135236482251462e-01,3.235547719032904612e-01,7.333412787441627723e-01,3.287568158789642148e-01,4.098814263680840980e-02,3.158395837898400060e-01,4.821635223915043400e-01,6.529182626906872011e-01,1.000000000000000000e+00,7.127899091692221356e-01,6.620566651306341033e-01,4.701917761559734066e-01,6.696238010553641207e-01,5.810811975908719562e-01,5.713981855518400765e-01,2.499862004532277249e-01,6.182500984328878069e-01,2.439873591579657525e-02,-1.493442476777131489e-01,5.296987723769366330e-01,6.961325596996034148e-01,3.121288715749093862e-02,5.732617752516538934e-01,4.646261115930815366e-01,5.245039987967972106e-01,8.257127152572751871e-02,3.105476200068391646e-01,3.790883094072838300e-01,1.342505594723062967e-01,4.540330174950398257e-01,3.298076271155004902e-01,4.973732592962943899e-01,5.126600024170376857e-01,2.062491891349183259e-01,2.358773940867614494e-01,3.536797875183981810e-01,7.303447844661274946e-01,3.812198992186531799e-01,5.313456363338410482e-02,3.068245420918646604e-01,4.611303072319125618e-01,5.759967224688486986e-01,7.693190724172326300e-01,6.693426118215761722e-01,6.804703082635680245e-01,4.617087468677569806e-01,5.662407142216833167e-01,6.143641083589258534e-01,5.221368760141558152e-01,2.666023042141722477e-01,5.973203461431965122e-01,-8.710010108945098750e-02,-8.824155700856914364e-02,5.533232198405503288e-01,6.393053059320399356e-01
2.624359471382388675e-01,6.732452121825858171e-01,5.276387634747260469e-01,5.382817874138299263e-01,7.917815862139879202e-02,2.121451719639446676e-01,3.307671519746635536e-01,-6.528646521337323066e-03,2.842528966946655244e-01,4.081008388130211717e-01,4.471161749313501410e-01,4.632134753252227788e-01,3.005733944540556757e-01,2.755292574846779363e-01,2.468980293159974693e-01,8.102737448664616426e-01,4.563906298371736003e-01,1.507606198557098764e-01,4.938171179421771417e-01,4.306836538045499818e-01,9.021002114209614176e-01,7.127899091692221356e-01,1.000000000000000000e+00,5.484906832150210354e-01,4.471346191212664523e-01,6.210435706969247294e-01,7.887209828246066756e-01,5.968856994506627212e-01,4.596962270128341355e-01,6.799336892362685125e-01,2.173828744323921258e-01,-8.471086980226004426e-02,6.983470767225707920e-01,8.175668157558427795e-01,2.499518561557367569e-01,6.062158429843559349e-01,4.832830636480788811e-01,5.267829648305344392e-01,1.193594494615163037e-01,3.369235523823815859e-01,2.961975944328598120e-01,1.736839733963477239e-01,3.455898227879109497e-01,4.002385634271505843e-01,4.945453066781747009e-01,5.014957763700443882e-01,2.698073976653245221e-01,2.620788148709811693e-01,2.922180250728307338e-01,8.275379142015730771e-01,4.892945308498711232e-01,1.213210227031087107e-01,3.737477503063412199e-01,4.092767391796114373e-01,8.351535181536591246e-01,6.401047809464109895e-01,9.186960835214794674e-01,5.961621144748115997e-01,3.887896986791467002e-01,4.437849383505824696e-01,7.805890999685931586e-01,5.907345926046071449e-01,4.556243526618756756e-01,6.307453614775633266e-01,-1.608545184007386178e-02,-7.236108315684136594e-02,7.024326765897375147e-01,7.692940479420110611e-01
