1.000000000000000000e+00,6.122004156545253484e-02,3.730845381484039769e-01,3.670824341489811737e-01,6.367710203238310940e-02,3.126390799438139578e-01,4.026131417687278669e-01,1.678344932723601912e-01,8.274400522664063229e-02,3.226016379106090293e-01,2.761039853473311600e-01,3.685869021770578624e-01,2.772692371731008687e-02,4.473491022255692284e-01,1.412541372405938800e-01,2.442208124328918151e-01,4.109162617066284273e-01,2.734582194236598873e-01,2.875712049446303431e-01,2.931082697947090532e-01,3.650397734615058454e-01,3.380960074118392611e-01,4.678641777505978538e-01,3.023410701413005719e-01,-1.595948333331253730e-02,3.463634868060131988e-01,3.623783105070804145e-01,3.613150232428539166e-01,6.227542687993613546e-01,5.755944283390295180e-01,9.789036326323323489e-02,-6.266940000915266484e-02,4.438373812283389341e-01,2.497018022404279003e-01,4.394761239325268298e-01,1.450800700832178547e-01,4.528254401941955165e-01,3.855134665564484697e-01,-5.034933785296617971e-05,3.464137024316583102e-01,3.854496519297438972e-01,2.593476955530343853e-01,1.819864862433990260e-01,4.522626489109594639e-01,3.083614869828624760e-01,3.910086816272216326e-01,1.120036361470391345e-01,4.387262353725858155e-01,1.171547420999803080e-01,1.638396354244429920e-01,4.343946614901559311e-01,3.727296218849214804e-01,3.490059316217188345e-01,3.353575531685616951e-01,3.186971184931023937e-01,3.227478998393578657e-01,3.903128529377153932e-01,3.362244501469187075e-01,1.070281942755838267e-01,4.591178864465167431e-01,4.706083557652009364e-01,3.094997148636933759e-01,5.718222916677472289e-01,4.671999252325454988e-01,1.370009456551534166e-01,-8.044693157659882354e-02,3.828033860735252092e-01,2.467872483010203066e-01
6.122004156545253484e-02,1.000000000000000000e+00,3.207600746146482135e-02,3.321627363976451530e-01,2.772145550543366616e-02,2.540521281524044106e-01,-2.556097265255666967e-02,9.219154102609826429e-02,-1.509502929333544630e-01,2.966645740404195153e-01,4.175400852943750296e-02,2.280528083408164819e-01,-2.508378101548132677e-01,-8.964655215083359996e-02,-1.310926071775979918e-01,3.101925141365868277e-01,2.341537756676716486e-01,5.508771087560654020e-03,7.512205659561556337e-02,3.004325495205819596e-01,2.590883523069970606e-01,2.719045480210575128e-01,2.967067281813609569e-01,4.030456850661053025e-02,-2.659535225530050562e-02,2.595780452494207968e-01,2.962867860537718445e-01,4.204467033380374086e-01,1.194865976272413283e-01,2.393714909671192381e-01,-2.073976639174703041e-01,1.853709914403004616e-02,1.988858797356179153e-01,3.828565399979848016e-01,-1.371826933689446470e-01,5.283038447546128946e-01,2.106707215730302396e-02,2.999399893310527032e-01,2.621221382291089030e-02,1.545616432253731076e-01,-4.358954388115184736e-02,6.534242752608998561e-02,-8.752847169033524388e-02,9.819743892497770354e-02,1.573065855227852861e-01,2.576930033359582928e-01,-2.634209228560872029e-01,-1.908457261904051294e-01,7.269498191153728195e-02,4.030458930008972707e-01,3.929701935054001893e-01,-1.230911021858253768e-01,2.535930199701495469e-01,2.864147104692181811e-01,3.199219613683975671e-01,3.140095570580787032e-01,3.915771840737463649e-01,9.317033374062536066e-02,-3.969282477488569882e-02,2.311360273500387974e-01,3.297464569728944528e-01,4.473452272008622832e-01,9.543324484088974713e-02,4.605218782461076299e-01,-1.965693379714134603e-01,-9.444665891406807401e-02,1.877261754423596163e-01,4.102628041330554365e-01
3.730845381484039769e-01,3.207600746146482135e-02,1.000000000000000000e+00,4.882467670251126601e-01,1.419554175786899314e-03,4.646400331910457981e-01,8.578301635613561071e-01,4.930360243901485973e-01,5.769506970464616247e-01,2.018940606095016854e-01,4.840223874471325516e-01,5.635908072812396696e-01,3.689860040471881764e-01,6.454601495520756460e-01,4.129649771833897587e-01,2.377847160100542978e-01,5.137736803757928516e-01,6.214815481278661569e-01,5.721967369080245280e-01,5.724812442541216129e-01,3.455479927369676796e-01,5.674649032766608814e-01,4.111084892327648843e-01,7.246800282783297797e-01,1.929337845859725453e-01,7.534022729522661388e-01,6.988997449508091986e-01,5.166976177583291197e-01,4.389218364350466195e-01,6.695636256610959514e-01,2.757264588585418563e-01,2.220559199232326371e-03,3.912295631954157971e-01,1.129890258979832224e-01,5.212999621339658995e-01,1.435206135343833900e-01,7.209996763007670006e-01,4.620744528398529893e-01,-1.002015913665809943e-01,5.028948704984831375e-01,7.052721905992772600e-01,4.497513488595507036e-01,5.893059721827889064e-01,3.506958036088873021e-01,3.299873354470716502e-01,4.873368487524410431e-01,4.059971166702577849e-01,5.901639144550984151e-01,4.148945446047080376e-01,1.817862710612572208e-01,3.909179885937588694e-01,6.468108492119842845e-01,4.702021566458253199e-01,6.013035302988316566e-01,3.254051752983824208e-01,4.102652064939407706e-01,3.429404629703545204e-01,6.409318692886777358e-01,1.269544146013113772e-01,4.095494086047840598e-01,5.855340776649899937e-01,3.559132893362332295e-01,3.801935005936017409e-01,3.297025729217009093e-01,1.149489821456121386e-01,-1.528293959476098307e-01,4.222569154161756599e-01,1.136606257519151980e-01
3.670824341489811737e-01,3.321627363976451530e-01,4.882467670251126601e-01,1.000000000000000000e+00,-2.922617383761559953e-02,5.004687184590084215e-01,4.992226604884363317e-01,1.278340391003608689e-01,2.530316266499201272e-01,4.802257616295891318e-01,2.334740555610241020e-01,8.060250130569002192e-01,1.935764914785782775e-02,3.241612568722194720e-01,1.569668862246462460e-01,3.950046546975298778e-01,3.529864922712390163e-01,2.102439395798259558e-01,1.973340135871091972e-01,8.654593449804725003e-01,5.040022661542012949e-01,5.397085561620562633e-01,5.799529580493222314e-01,5.151543344807865132e-01,1.795457622064263251e-02,5.614148718495493018e-01,5.442809240739351351e-01,7.342308805613757539e-01,4.127137772799305826e-01,5.259274731429682825e-01,-3.537326375721729088e-02,-2.497224576794952744e-02,4.847127745351275663e-01,3.727862784489582304e-01,2.117717293171317294e-01,4.077122313563582567e-01,5.060256983235907891e-01,8.958230121017839442e-01,-5.399224281677830056e-02,4.622059079944457749e-01,4.359205732277835477e-01,2.561965272931643889e-01,3.910117003296483262e-01,4.233246509748736508e-01,2.928894223778291117e-01,7.656438758546204593e-01,1.246742036420104699e-01,2.696299263410834035e-01,2.778314603569557173e-01,3.817015927044355994e-01,5.379490833933228133e-01,3.035728566661662353e-01,3.793374001419917985e-01,8.635515376526261555e-01,5.140166958441335643e-01,5.903477671769592483e-01,6.139206335440104967e-01,5.787717062704762494e-01,5.297802434512225572e-02,5.227941943356927412e-01,6.747526389544139525e-01,6.720874544701197495e-01,4.127783702080914940e-01,5.750601026773601854e-01,9.518650834334431432e-02,-1.700928931338934746e-01,4.853817942849084077e-01,4.138338400032609554e-01
6.367710203238310940e-02,2.772145550543366616e-02,1.419554175786899314e-03,-2.922617383761559953e-02,1.000000000000000000e+00,3.744371550829002360e-02,3.023119616476712193e-02,1.018158641620306865e-01,4.557736801746902627e-02,-3.820757514746599831e-02,1.094685168327656777e-01,-2.319916390084793452e-03,-1.208395640622879309e-03,4.364334188790986585e-02,2.859516208218689307e-02,-9.178459243701790615e-02,8.321752220931229183e-02,9.535869033227725722e-02,1.091817463837839869e-01,-2.660700406819294095e-02,-7.688062670342923899e-02,3.575329015301197816e-02,-6.111663158303102389e-02,1.231076943617452450e-02,6.350799768545287161e-02,-3.744290479418072460e-03,1.924560979346081301e-03,-4.935815335157030248e-02,7.625536081674562545e-03,7.298279505448408699e-02,1.011517469632671482e-03,1.807826715724314692e-01,-1.477141225849619779e-02,3.068858633548175383e-02,9.974114072580569923e-02,7.266432096658310968e-02,2.772375378738460919e-02,-4.352934936769867549e-03,1.136775480640634384e-01,6.305363104119565687e-02,6.158310710250544662e-02,6.175146112533128062e-02,3.764655488222570096e-02,-7.663085670023791693e-03,1.123864326159205451e-01,1.550688556333145070e-02,-3.372947534763190598e-03,7.705313845348327195e-02,4.191913200586754734e-02,-8.288269726194671949e-02,3.502430044730773379e-02,9.060286410483581188e-02,9.837997266244270789e-02,-2.070001854820173806e-02,-8.258453792076304867e-02,2.737127844586468694e-03,-9.491405503485567108e-02,1.925015381170046974e-02,8.596804986150348438e-02,4.595599259255350039e-02,3.334736372945231592e-02,-5.575155335637248938e-02,-2.468647883753039354e-02,3.144403860050196120e-02,4.742914027426163581e-02,4.677614171483521904e-02,-2.201414438058321363e-02,-1.292171127260514224e-02
3.126390799438139578e-01,2.540521281524044106e-01,4.646400331910457981e-01,5.004687184590084215e-01,3.744371550829002360e-02,1.000000000000000000e+00,4.992054656741355401e-01,4.355453885301392436e-01,2.323850191459360948e-01,4.971345753570781123e-01,3.518852749496452215e-01,6.095457889771872528e-01,1.155113513801531155e-01,3.289711326908613120e-01,2.693825505074516347e-01,2.488456766322754421e-01,4.595326728701900065e-01,3.827526627210440791e-01,3.620837921579256879e-01,5.152033968117269991e-01,2.948248303440340057e-01,3.566453808018237859e-01,4.857283334046524903e-01,4.121870529601572297e-01,1.501577864088390057e-01,4.759943206903468615e-01,5.348480149259590144e-01,5.215806386081588419e-01,4.581217909949045208e-01,5.142519076265438249e-01,9.637916510129927727e-02,2.600013993262757783e-02,3.663969178155546680e-01,3.227639821342225268e-01,2.803194021378355161e-01,3.291056335753463902e-01,3.695945079699847757e-01,4.763031222760644723e-01,-5.645402555025624304e-03,6.502786528422269674e-01,3.193617015719183994e-01,2.719469869924151517e-01,3.039665619764515547e-01,3.385774079048509688e-01,2.392815715218861439e-01,5.909774954836903849e-01,1.341430119025815437e-01,2.092808847629641644e-01,3.517888534080023111e-01,2.437744722996046109e-01,4.515226047972922818e-01,2.395500067765746477e-01,4.678146779493660423e-01,5.234526445624139157e-01,2.825633671099214705e-01,3.434240080747630874e-01,4.119756506836254606e-01,4.079182813757645798e-01,1.441089674438336132e-01,3.172945180805017973e-01,5.134365845281118057e-01,4.066139810432131130e-01,3.406138166160730396e-01,4.601109266406200882e-01,9.759729385096232654e-03,-9.772272225005224078e-02,3.562184657296812440e-01,3.060093712316867554e-01
4.026131417687278669e-01,-2.556097265255666967e-02,8.578301635613561071e-01,4.992226604884363317e-01,3.023119616476712193e-02,4.992054656741355401e-01,1.000000000000000000e+00,4.477871648202180754e-01,7.242588559037166362e-01,2.095881555504179317e-01,4.818582038762975750e-01,6.061683634470398374e-01,5.031445647115123654e-01,7.525889262015598158e-01,5.352371299358853474e-01,2.206835199008889414e-01,4.644215889726172053e-01,6.191880778389736717e-01,5.736157505995587158e-01,5.739938423306155668e-01,3.359371367338608305e-01,5.731544634968914753e-01,4.179241351722161602e-01,8.696846737134092953e-01,3.201564488626220673e-01,6.111629163110007257e-01,6.915175215483067017e-01,4.697292434784313686e-01,4.744770554995716427e-01,6.383599769417346304e-01,3.794106952545721057e-01,-7.109010110040186840e-03,4.171476270244610651e-01,8.447864783491808305e-02,6.545037632077991274e-01,8.073239346291256890e-02,7.322952356213404679e-01,4.821117682504831858e-01,-7.989920803309638608e-02,5.596524321371471045e-01,8.168552939149500425e-01,4.268030717509321281e-01,7.595664247760265386e-01,3.930881195756549262e-01,2.859066942458912131e-01,5.266509828529915005e-01,5.551409042289667806e-01,7.538635962527857615e-01,5.054237410370137074e-01,1.368545396830205541e-01,3.004289200498660439e-01,6.949665363988539735e-01,4.773636544839334195e-01,6.093759769278268568e-01,2.863039465877161294e-01,4.111995665007495138e-01,3.143458409019965205e-01,7.875009153431015152e-01,2.598571667985328237e-01,3.479261648235404403e-01,6.153881194015418110e-01,3.172098459450772845e-01,4.187051219856078310e-01,2.770831218948387464e-01,1.299173845243843661e-01,-1.307871681167441236e-01,4.406806684347124303e-01,9.362448017432910274e-02
1.678344932723601912e-01,9.219154102609826429e-02,4.930360243901485973e-01,1.278340391003608689e-01,1.018158641620306865e-01,4.355453885301392436e-01,4.477871648202180754e-01,1.000000000000000000e+00,2.635208635819906164e-01,1.663194506137786743e-01,4.061833190020411877e-01,2.761945590239566761e-01,1.808581657673765941e-01,2.953857300289627341e-01,2.489048566013898345e-01,4.187112517059007888e-02,4.082391717396602338e-01,5.452599275090990183e-01,4.149903364843486320e-01,2.296012405442194593e-01,7.265395518954856358e-02,2.982088513465304125e-01,1.570923991425261512e-01,2.879135612241205400e-01,2.158873207254461690e-01,4.352113909667754688e-01,4.284112031388352393e-01,2.478712354271933871e-01,2.203212813593294905e-01,5.019824423721716000e-01,8.742009595178706904e-02,1.015522421438996153e-01,1.631854050625782260e-01,1.278433224013479086e-01,2.478492434386947996e-01,1.385575558577572530e-01,3.115472751072511648e-01,1.200827925605863489e-01,5.216513949770366920e-02,4.049869982751223563e-01,3.332173632442225752e-01,4.156013554492298256e-01,2.586233719490263483e-01,1.491508958724804268e-01,2.854973088846387563e-01,2.356780809559392842e-01,1.724576008672178140e-01,2.424443278834501891e-01,2.526171519548975342e-01,1.386144282353213688e-03,2.919499311210166370e-01,3.263915679375211099e-01,4.179504253305520445e-01,2.499699261858045196e-01,6.355909083923506897e-02,1.787749110913625372e-01,1.085243176552083272e-01,2.287354887185606700e-01,1.172622719289097837e-01,1.928626401117384537e-01,2.932459641043031473e-01,9.485459756163573675e-02,1.045161708070510148e-01,2.617640141348908656e-01,-1.298740579205279189e-01,-2.401817903708739627e-02,1.670790918719781137e-01,1.289361320811712730e-01
8.274400522664063229e-02,-1.509502929333544630e-01,5.769506970464616247e-01,2.530316266499201272e-01,4.557736801746902627e-02,2.323850191459360948e-01,7.242588559037166362e-01,2.635208635819906164e-01,1.000000000000000000e+00,-6.068123905081105468e-02,3.107938078292021844e-01,3.603211037769857294e-01,6.027192178296818525e-01,5.649441639256274073e-01,5.111528382901395773e-01,3.295458101618416180e-02,1.699678553920357937e-01,4.049928541469189902e-01,3.356957899881931606e-01,3.611941980776781635e-01,1.513442601170081614e-01,3.846804856269021577e-01,1.356717489082921446e-01,7.440745422375448781e-01,4.194971594130405546e-01,2.920088813458279753e-01,4.227801517768318695e-01,1.227133656971203801e-01,2.005367049723797146e-01,2.730984218802408603e-01,3.767295524517872418e-01,2.763297141472850077e-02,1.881234038903599470e-01,-8.208661752601748018e-02,4.412428835232068414e-01,-7.824200914360636416e-02,4.375879312417690348e-01,2.326620085666696869e-01,-5.599841041684700677e-02,2.873316411566314565e-01,6.115873502639523895e-01,2.204542536117562457e-01,7.416443590480981118e-01,1.080512724675127129e-01,8.078600179841353979e-02,2.630002467800458543e-01,6.051869854958525918e-01,6.085657262251548127e-01,4.379629020926429361e-01,-2.572351020811544306e-02,-5.394678600323879469e-02,5.015130966996329542e-01,1.779654173612076062e-01,3.758492844494319973e-01,8.993009802089066418e-02,2.370641970365297280e-01,4.092349102301608144e-02,6.247965061698056433e-01,2.603283316670121361e-01,5.050546903030909279e-02,3.083698339557174317e-01,1.578416404461256695e-02,1.836153622676987840e-01,-7.119422626564042567e-02,1.250948288826947141e-01,-2.427965446349668668e-02,2.669844208727838453e-01,-7.412855316169239539e-02
3.226016379106090293e-01,2.966645740404195153e-01,2.018940606095016854e-01,4.802257616295891318e-01,-3.820757514746599831e-02,4.971345753570781123e-01,2.095881555504179317e-01,1.663194506137786743e-01,-6.068123905081105468e-02,1.000000000000000000e+00,1.905060138099456957e-01,4.963162455072198664e-01,-1.079167250973761955e-01,1.112043396020900160e-01,-3.206331313774225117e-02,3.106947944597510114e-01,2.395693373486382782e-01,5.608927161478634293e-02,5.974643603271235365e-02,4.438449474558086028e-01,3.548611489010614073e-01,2.787180239935847514e-01,4.764682169430253245e-01,1.494288491588057766e-01,7.091905923581719694e-03,3.617368587392968404e-01,3.524120580809981806e-01,5.670840234559332282e-01,3.967970500190826089e-01,3.364127270025260574e-01,-1.354445707697102819e-01,-2.647370898971800057e-02,3.722714798369173850e-01,3.430767540358027334e-01,3.257024451497361750e-02,3.568640294739446883e-01,2.235532580212541420e-01,5.082998344719736883e-01,5.493284154562645205e-04,3.851626593721449998e-01,9.421103006771094912e-02,1.861633434266675158e-01,4.397403653013171043e-02,5.050386012483144560e-01,2.568296854484179992e-01,5.081574830464303805e-01,-4.316619715644073874e-02,-2.598047673521808321e-02,1.375315197614828677e-01,2.860178844735538073e-01,4.472678041988860098e-01,6.179556554659192819e-02,2.845253084331612059e-01,4.567060191734637620e-01,3.473562035294042172e-01,3.598088827473572282e-01,5.003286140247166225e-01,2.035035230133974138e-01,7.625857909115142663e-02,3.819567429152253557e-01,4.607106652930485491e-01,5.437829697705831578e-01,3.485740677418721623e-01,5.028868737676450706e-01,-1.790362749576889650e-02,-1.113483474361536135e-01,3.172533185918054444e-01,3.263229171689027153e-01
2.761039853473311600e-01,4.175400852943750296e-02,4.840223874471325516e-01,2.334740555610241020e-01,1.094685168327656777e-01,3.518852749496452215e-01,4.818582038762975750e-01,4.061833190020411877e-01,3.107938078292021844e-01,1.905060138099456957e-01,1.000000000000000000e+00,3.383155577556826721e-01,2.846399958885444392e-01,3.665613150829082900e-01,2.752362759310128526e-01,3.339708412834462015e-02,4.415427329665679301e-01,4.710846923571017086e-01,4.788090271248524044e-01,2.657116985918370200e-01,9.309191208554573604e-02,3.349608108835902542e-01,1.922156869715725414e-01,3.819276079309312233e-01,2.574926977566722730e-01,4.372618492910262389e-01,4.294249084627318469e-01,2.449577475597058684e-01,3.028302997230213345e-01,4.006579912739119398e-01,1.603714431751972203e-01,5.339049750107970754e-02,2.500875769396546100e-01,1.245910353757135741e-01,3.662596277904182074e-01,1.324092848558673652e-01,3.528790000086727829e-01,2.380988679583042056e-01,2.133275736153006016e-02,3.494898763376165784e-01,3.760230315868024475e-01,2.483700319113749666e-01,3.092660530394210627e-01,2.145538539588934257e-01,3.419247549802505448e-01,3.258366820438645672e-01,2.712518141233583591e-01,3.320628890062579663e-01,2.441690674793820237e-01,1.911105668197397162e-02,2.962355446323245989e-01,3.975955195788471452e-01,4.668180585548387107e-01,2.955760719894625077e-01,4.615345573317668898e-02,2.288856852095905725e-01,1.085361407304199083e-01,3.501011438005505183e-01,2.313038308593610426e-01,2.345562233002140562e-01,3.401779082501811269e-01,1.150748340719787988e-01,1.864039845248918748e-01,1.997757868965131245e-01,3.931211736652418659e-02,-7.382928920114667504e-02,2.025745121244425795e-01,7.468285218312055440e-02
3.685869021770578624e-01,2.280528083408164819e-01,5.635908072812396696e-01,8.060250130569002192e-01,-2.319916390084793452e-03,6.095457889771872528e-01,6.061683634470398374e-01,2.761945590239566761e-01,3.603211037769857294e-01,4.963162455072198664e-01,3.383155577556826721e-01,1.000000000000000000e+00,1.579170846512813475e-01,4.042161779590984216e-01,2.701103343126842193e-01,2.661871820677951250e-01,4.027701866147890275e-01,3.525096716036297262e-01,3.199288566715457471e-01,8.205108516355942294e-01,4.072509450026102207e-01,4.881705014616196658e-01,5.173565654825685867e-01,5.601315977008418656e-01,1.427234550625370024e-01,5.705800800769659231e-01,5.764942055349899785e-01,6.493891851683460947e-01,4.226502065869248703e-01,5.654535314143377400e-01,4.710353890456840664e-02,-1.252422892673967121e-02,4.597550954083754471e-01,3.083697155441300075e-01,2.922765289756382723e-01,3.291409789837143052e-01,5.191229188711474762e-01,7.900308775820064078e-01,-6.042100645761840083e-02,5.939676772918680570e-01,4.797171416398459676e-01,2.877247304274772599e-01,4.630212604307707425e-01,4.373409526208086873e-01,3.154255416310081661e-01,8.239441746513301856e-01,2.535349947899915302e-01,3.426544987006599485e-01,3.764664709916854535e-01,2.333171175759939098e-01,5.059706598581249493e-01,3.981844161945910510e-01,4.694485279328853289e-01,8.366033652501059237e-01,3.849903759820527127e-01,5.055382990773709118e-01,4.902956911836576781e-01,5.773949367318222947e-01,1.451505098282182271e-01,4.762253011157509541e-01,6.424137309964960130e-01,5.389531347996509014e-01,3.734911421729703584e-01,5.171142447961187827e-01,7.964508717341209354e-02,-1.400425284159211858e-01,4.499831272491009448e-01,3.075580587700252333e-01
2.772692371731008687e-02,-2.508378101548132677e-01,3.689860040471881764e-01,1.935764914785782775e-02,-1.208395640622879309e-03,1.155113513801531155e-01,5.031445647115123654e-01,1.808581657673765941e-01,6.027192178296818525e-01,-1.079167250973761955e-01,2.846399958885444392e-01,1.579170846512813475e-01,1.000000000000000000e+00,4.555447210302646655e-01,4.302542028573987931e-01,-7.810009189815379782e-02,1.290861463866550540e-01,3.733918899583076323e-01,2.846296749026834827e-01,9.755282281203873918e-02,1.506827017962792704e-02,1.014649314293412791e-01,3.832194497719555726e-02,4.475415014328121832e-01,4.534915987060103570e-01,4.590086622427691498e-02,2.683272695728174395e-01,-1.280832469327831680e-01,1.348642611529584368e-01,8.164037665084557249e-02,4.109510174163616414e-01,4.341840942414901261e-02,5.931669279201063488e-02,-1.807951769804081454e-01,3.432510850607099484e-01,-2.462424775767380614e-01,2.028845578621212287e-01,3.965712999944952938e-02,2.501103081053691717e-03,2.005441772947859358e-01,3.370640080058815991e-01,1.398394880943381879e-01,4.970162676212677155e-01,7.444112268105924912e-02,-4.186276456423635058e-03,8.923423109123357344e-02,6.045639830570730400e-01,4.595603391823297468e-01,2.964988842569152849e-01,-1.618045178871612977e-01,-2.117940035252897923e-01,3.381979133025774242e-01,7.267922254917087710e-02,1.202209762222068851e-01,-6.749653525002277665e-02,-4.286666729790084701e-02,-1.008202307123513553e-01,3.125895482050927154e-01,2.439074890784783123e-01,-1.960457791446094944e-01,5.696934488214207976e-02,-2.090280545966829440e-01,1.364142509091038069e-01,-2.593877292563090964e-01,1.601828983297292897e-01,6.989875080930355034e-02,1.150093285427589568e-01,-1.855064273137296271e-01
4.473491022255692284e-01,-8.964655215083359996e-02,6.454601495520756460e-01,3.241612568722194720e-01,4.364334188790986585e-02,3.289711326908613120e-01,7.525889262015598158e-01,2.953857300289627341e-01,5.649441639256274073e-01,1.112043396020900160e-01,3.665613150829082900e-01,4.042161779590984216e-01,4.555447210302646655e-01,1.000000000000000000e+00,4.154303970710451210e-01,1.667880231205827180e-01,4.224381722861782484e-01,6.070361901480532119e-01,6.141400236587580830e-01,4.093300594987480667e-01,2.589615524052732987e-01,3.458654298120467097e-01,3.115833288327139461e-01,6.247316321653445526e-01,2.506961485119245658e-01,3.315978387173329489e-01,5.991427677137152186e-01,1.937897620358889905e-01,4.534515448926420000e-01,4.330507705627251180e-01,5.490246904251336879e-01,3.064907502381590543e-02,2.642922060613112634e-01,2.358865505947991409e-02,5.724073272225772557e-01,-9.525559401640340193e-03,4.547487327802776647e-01,2.894053929474496578e-01,-6.664547874322035437e-02,4.108915822532001605e-01,5.088078353013077981e-01,2.465054713757676985e-01,5.294960121000322761e-01,3.120366902773726303e-01,1.266616963811649232e-01,3.568905423873194871e-01,4.336231973853326704e-01,6.839322833917332867e-01,3.533682024781082953e-01,1.014833239289569394e-01,1.476382619096204274e-01,5.590395821049232161e-01,3.815534029749595990e-01,4.326536560936786735e-01,2.271095577078724170e-01,1.674887482398638994e-01,2.236001111341189007e-01,5.003679087351019517e-01,1.403027285220708464e-01,6.034623270768480624e-02,3.663312165958459987e-01,1.189662621115338270e-01,3.911457711846014762e-01,1.025917783063947930e-01,1.206362615264964938e-01,-5.887346095446896466e-02,3.227359689891468597e-01,3.991077288708627657e-02
1.412541372405938800e-01,-1.310926071775979918e-01,4.129649771833897587e-01,1.569668862246462460e-01,2.859516208218689307e-02,2.693825505074516347e-01,5.352371299358853474e-01,2.489048566013898345e-01,5.111528382901395773e-01,-3.206331313774225117e-02,2.752362759310128526e-01,2.701103343126842193e-01,4.302542028573987931e-01,4.154303970710451210e-01,1.000000000000000000e+00,2.172432877822642536e-02,1.690677159187594092e-01,3.130756229183173089e-01,2.825142168067731885e-01,2.302946670373038351e-01,1.201481737933713517e-01,2.097285788562069375e-01,1.481018389038959715e-01,5.066106506926709718e-01,2.782912543576356312e-01,2.120013743809468776e-01,3.076987694607532520e-01,6.486500047788000545e-02,2.320693860549471188e-01,2.211148730682662433e-01,2.754295904068027601e-01,-1.051939341191081290e-02,1.368609914458678023e-01,-4.300761891836255013e-02,4.070084005253644666e-01,-8.916291785328171737e-02,3.451131019125283084e-01,1.258735906652423409e-01,-2.166201337735069662e-02,2.989879014100788601e-01,4.433349241104220795e-01,1.510568496256592119e-01,5.205786614862940587e-01,6.639463719491328630e-02,1.107128534670871745e-01,2.067519849064579918e-01,4.322551854927629278e-01,4.659221898671924156e-01,3.870232126501080283e-01,-4.919820652272430955e-02,3.226108598577588638e-03,3.761414412893580028e-01,2.204988929464976322e-01,2.432413555373922065e-01,6.657954870575706618e-02,1.159903784552437367e-01,3.191349569347270987e-02,4.466707821301582615e-01,2.337232219181402670e-01,5.289579870355109320e-02,2.457359535334721068e-01,-2.788230461877152719e-02,2.096277961692914471e-01,-3.187665850013911284e-02,1.330064050214428417e-01,2.288923425178217286e-02,2.030223174497973460e-01,-2.353458786714261383e-02
2.442208124328918151e-01,3.101925141365868277e-01,2.377847160100542978e-01,3.950046546975298778e-01,-9.178459243701790615e-02,2.488456766322754421e-01,2.206835199008889414e-01,4.187112517059007888e-02,3.295458101618416180e-02,3.106947944597510114e-01,3.339708412834462015e-02,2.661871820677951250e-01,-7.810009189815379782e-02,1.667880231205827180e-01,2.172432877822642536e-02,1.000000000000000000e+00,2.276927910251501097e-01,-4.932877488780814529e-02,2.934751116744149790e-02,3.753968560932057219e-01,6.998200521709103672e-01,4.030073273301997272e-01,7.029698057145012946e-01,3.014392025865120228e-01,-2.284897325769916221e-02,3.644433936825656195e-01,5.148306897744042709e-01,6.088258197281107842e-01,3.529764286748512947e-01,3.613935988949044109e-01,-1.032041106714291952e-02,-3.867645914925317563e-02,4.137883450240195105e-01,3.602875905065596185e-01,9.696170184385652369e-02,3.795531222549850536e-01,2.696652953201136294e-01,3.985797971966458242e-01,-1.278147765402404823e-01,1.755857679112511893e-01,2.094129652662969077e-01,1.465030769404201128e-01,9.474637926287160505e-02,2.798476167532585324e-01,7.033127088927298987e-02,2.769836130916431549e-01,-6.735218410449585191e-02,9.439777449687614119e-02,1.557054878014594024e-01,7.833938042750357988e-01,3.811892193724677469e-01,2.391755565542059633e-02,1.590421800703483990e-01,3.798787051787060887e-01,7.462121856484617011e-01,3.985583393556592635e-01,7.472941079927171160e-01,3.545302586366136377e-01,-2.317826116657752816e-02,3.342515193207987734e-01,5.449179430461859042e-01,6.506614324765058743e-01,3.921443284956976361e-01,4.993947440415836825e-01,5.366467487584464929e-02,-1.137996414221321972e-01,4.014697218987250960e-01,4.562806417077298615e-01
4.109162617066284273e-01,2.341537756676716486e-01,5.137736803757928516e-01,3.529864922712390163e-01,8.321752220931229183e-02,4.595326728701900065e-01,4.644215889726172053e-01,4.082391717396602338e-01,1.699678553920357937e-01,2.395693373486382782e-01,4.415427329665679301e-01,4.027701866147890275e-01,1.290861463866550540e-01,4.224381722861782484e-01,1.690677159187594092e-01,2.276927910251501097e-01,1.000000000000000000e+00,5.335579227311557649e-01,6.407753791546851874e-01,3.576730209552312356e-01,3.230832738413614846e-01,3.712288249187858935e-01,4.775685261590312813e-01,3.452283686006727970e-01,9.392928647804868469e-02,4.733777385073368871e-01,6.175874016516417209e-01,4.334922795680384300e-01,4.138028449588719293e-01,6.287735386481615452e-01,1.847914004476438887e-01,5.817790782536742811e-02,3.200006130642056301e-01,3.401737579002070966e-01,3.690307633732889947e-01,3.220016593180839992e-01,3.517045858501067213e-01,3.539923432275175474e-01,7.755962023386051701e-03,4.649169832820041481e-01,2.888015494101339731e-01,3.012407313737962555e-01,1.846077016758130296e-01,2.670441800761218509e-01,3.004820162726562494e-01,4.240508943634984096e-01,6.087910558610201001e-02,2.706462784312840819e-01,2.378257659832707649e-01,2.459100156078498078e-01,5.402614414423689837e-01,2.960678466513670948e-01,5.964963218845762416e-01,3.892462358550234924e-01,3.050492111249148985e-01,2.676552073720870339e-01,3.903714938016173419e-01,3.218729722922133996e-01,6.671575638097661243e-02,2.702812691297979963e-01,4.564323240575566820e-01,3.320449047762296657e-01,3.419037327928206582e-01,4.682422755237671264e-01,9.822534558673353192e-03,-1.258958373463239522e-01,3.010128894773498875e-01,2.978942627552602640e-01
2.734582194236598873e-01,5.508771087560654020e-03,6.214815481278661569e-01,2.102439395798259558e-01,9.535869033227725722e-02,3.827526627210440791e-01,6.191880778389736717e-01,5.452599275090990183e-01,4.049928541469189902e-01,5.608927161478634293e-02,4.710846923571017086e-01,3.525096716036297262e-01,3.733918899583076323e-01,6.070361901480532119e-01,3.130756229183173089e-01,-4.932877488780814529e-02,5.335579227311557649e-01,1.000000000000000000e+00,7.939335129736990737e-01,3.502652695274462991e-01,2.961285455149220008e-02,2.750982622971990810e-01,1.170165284303626430e-01,3.851459037401900876e-01,2.402541231396279342e-01,3.622948047543629868e-01,5.740367711582606836e-01,1.122853501140959470e-01,2.130702221521393602e-01,4.563148298531888303e-01,3.867777745186088967e-01,6.211595130218715982e-02,1.360671965411254236e-01,3.123027098917878497e-02,4.017647716702436589e-01,5.670378393348958664e-03,2.915054580298989673e-01,1.966605562333574586e-01,2.212395963744290955e-02,4.575159573901345644e-01,3.226481515238791564e-01,2.681933931827034101e-01,3.386723019110214339e-01,1.927126134698409210e-01,1.766758719016621182e-01,3.658553828399041530e-01,2.856282474526125048e-01,4.148091268041628199e-01,3.038257523860624087e-01,-6.071625000655352794e-02,1.874653492382108155e-01,4.834599746464516845e-01,5.426285781785084028e-01,3.708616740157204550e-01,1.983356407756429671e-02,2.984276454858876548e-02,2.954517571851153143e-02,2.440561988531218529e-01,7.096909619300714733e-02,-7.038397302537971467e-02,2.147753075576760984e-01,-3.128982844744488540e-02,1.212886140680827646e-01,7.836867951859215198e-02,-4.570792815476969195e-02,-6.694075327767169681e-02,1.732167815487690721e-01,-8.441500073023388770e-03
2.875712049446303431e-01,7.512205659561556337e-02,5.721967369080245280e-01,1.973340135871091972e-01,1.091817463837839869e-01,3.620837921579256879e-01,5.736157505995587158e-01,4.149903364843486320e-01,3.356957899881931606e-01,5.974643603271235365e-02,4.788090271248524044e-01,3.199288566715457471e-01,2.846296749026834827e-01,6.141400236587580830e-01,2.825142168067731885e-01,2.934751116744149790e-02,6.407753791546851874e-01,7.939335129736990737e-01,1.000000000000000000e+00,3.220691872960098068e-01,1.082806804793614991e-01,2.659594426957740398e-01,1.886121328128858854e-01,3.825473788354674665e-01,2.043697579115961172e-01,3.465267894607673704e-01,6.038024257070649936e-01,1.572507545773532966e-01,2.298807926765727982e-01,4.259446258994254442e-01,4.332483343280505994e-01,9.180656634579593967e-02,1.516818581302786795e-01,8.889762708913408196e-02,4.263832723211460340e-01,1.068502227976752539e-01,2.716087417361729428e-01,1.849362877685575279e-01,-1.133213264820127734e-02,4.108431272463355932e-01,2.767371625274469560e-01,1.992101288614944732e-01,2.682960316268445666e-01,1.611327166085724794e-01,1.974606797669015701e-01,3.523364451547500442e-01,1.892947666231569459e-01,3.810457918794682985e-01,2.960479497943014349e-01,5.328995884607478500e-02,2.805100274200101884e-01,4.369667643233841048e-01,6.488409271833420755e-01,3.466260784428256136e-01,1.014869057811726288e-01,5.119619830436970831e-02,1.052992379575983378e-01,2.589073692274588834e-01,9.245499786409284992e-02,-4.676145062488910875e-02,2.597586969234839116e-01,5.377079553205737356e-02,1.243056000151649132e-01,1.320485823563110617e-01,-2.727655258434221949e-02,-8.663740087346574748e-02,1.796893904447809387e-01,2.445951338638442663e-02
2.931082697947090532e-01,3.004325495205819596e-01,5.724812442541216129e-01,8.654593449804725003e-01,-2.660700406819294095e-02,5.152033968117269991e-01,5.739938423306155668e-01,2.296012405442194593e-01,3.611941980776781635e-01,4.438449474558086028e-01,2.657116985918370200e-01,8.205108516355942294e-01,9.755282281203873918e-02,4.093300594987480667e-01,2.302946670373038351e-01,3.753968560932057219e-01,3.576730209552312356e-01,3.502652695274462991e-01,3.220691872960098068e-01,1.000000000000000000e+00,4.765407093687387130e-01,5.434010340070203338e-01,5.150087363951227903e-01,5.719923114920962837e-01,1.220648573760088340e-01,5.711267042370006264e-01,6.440787478505443087e-01,6.578543221040960010e-01,3.527971646558812902e-01,5.042711599472327055e-01,6.202281434168916557e-02,-2.603693812196235247e-02,4.405342001255646567e-01,3.143690360088949864e-01,2.076279295582649231e-01,3.663155452733752315e-01,4.867154008195878068e-01,8.054091803704316321e-01,-1.156842131166202770e-01,4.693331263939645170e-01,4.422648782028941183e-01,2.258896087357403770e-01,4.565729155203579470e-01,3.345532155429928323e-01,2.619216308820179195e-01,7.645174217915861048e-01,1.888808828334997414e-01,2.922214242433959774e-01,3.540779582381702317e-01,3.530632904978303621e-01,4.759746607189769274e-01,3.743644697433246571e-01,4.356276501128813483e-01,9.619162480444505281e-01,4.841039402674295888e-01,5.251024975828343377e-01,5.369199301647850087e-01,5.681881952878127251e-01,8.668538729696521894e-02,4.085922431147707146e-01,6.474035332924849007e-01,5.673411702892713349e-01,2.871514202115371672e-01,4.837018880005791721e-01,2.806270710266540666e-02,-2.000141518228346904e-01,4.597741234974448421e-01,3.086561085038043162e-01
3.650397734615058454e-01,2.590883523069970606e-01,3.455479927369676796e-01,5.040022661542012949e-01,-7.688062670342923899e-02,2.948248303440340057e-01,3.359371367338608305e-01,7.265395518954856358e-02,1.513442601170081614e-01,3.548611489010614073e-01,9.309191208554573604e-02,4.072509450026102207e-01,1.506827017962792704e-02,2.589615524052732987e-01,1.201481737933713517e-01,6.998200521709103672e-01,3.230832738413614846e-01,2.961285455149220008e-02,1.082806804793614991e-01,4.765407093687387130e-01,1.000000000000000000e+00,4.201419217850681509e-01,8.382537070353875963e-01,3.970556852770737444e-01,-4.731044962738518989e-02,4.218871660245893662e-01,5.262937813670089948e-01,6.358093238194714170e-01,5.179315073553798499e-01,4.946208128204040433e-01,2.565954137038779781e-02,-2.241973247352430434e-02,5.653638056021845770e-01,4.469888585767471390e-01,1.653418426117059248e-01,3.529968783592675186e-01,3.866150509534321267e-01,4.998548990112927637e-01,-1.068645526836316390e-01,2.641924967473998076e-01,3.128315843644960959e-01,2.139978074504369498e-01,2.134154297484120999e-01,3.380441651546432502e-01,1.201213653098301415e-01,4.138575183796000534e-01,5.341031041517819988e-02,2.204738681968395064e-01,2.507704233460558707e-01,6.712940280315563557e-01,4.378355719451798023e-01,1.595461406599686105e-01,2.676406394611590134e-01,4.890799708432475579e-01,9.033329665439789879e-01,4.374157982282028123e-01,8.276074005828761848e-01,4.552817114983295221e-01,-1.419299466556608619e-03,4.064965429585336576e-01,6.186571123721432697e-01,6.508199759169861487e-01,5.861014537683980619e-01,5.619744720842175800e-01,1.412101044681136341e-01,-1.292622191171958201e-01,5.588371506712866976e-01,4.913928755867643106e-01
3.380960074118392611e-01,2.719045480210575128e-01,5.674649032766608814e-01,5.397085561620562633e-01,3.575329015301197816e-02,3.566453808018237859e-01,5.731544634968914753e-01,2.982088513465304125e-01,3.846804856269021577e-01,2.787180239935847514e-01,3.349608108835902542e-01,4.881705014616196658e-01,1.014649314293412791e-01,3.458654298120467097e-01,2.097285788562069375e-01,4.030073273301997272e-01,3.712288249187858935e-01,2.750982622971990810e-01,2.659594426957740398e-01,5.434010340070203338e-01,4.201419217850681509e-01,1.000000000000000000e+00,4.413245493616632653e-01,6.354404648542284484e-01,1.745607230296590817e-01,6.262942667554409759e-01,5.832187707628669893e-01,5.933981742402760773e-01,3.825945962914490961e-01,6.018034849322343449e-01,3.200687367832465136e-04,1.351636416505533865e-02,4.303819006702342964e-01,2.808320238044261230e-01,3.507278749205472446e-01,3.573380354483764454e-01,5.540398083333125667e-01,5.145018275516919370e-01,-2.325120974500181556e-02,3.632087220975764308e-01,5.969568975493410035e-01,3.127526523352985310e-01,4.918995289734564569e-01,3.050103939740137493e-01,3.147528111914504323e-01,4.358549536619045206e-01,2.078289673035980667e-01,3.954208726533551821e-01,2.976890311911546960e-01,3.769622595942365151e-01,4.359423288027768906e-01,3.947971830423327999e-01,3.195152286238240880e-01,5.541860869622514674e-01,4.461618347480939550e-01,6.757930919199883757e-01,4.620787675399911087e-01,6.573354274075164927e-01,1.700795887755147950e-01,5.163470088538633096e-01,6.536609330869472823e-01,5.142516018435517866e-01,3.455574920816748552e-01,4.937076094350177358e-01,-1.898429101712545593e-03,-1.418548793005684483e-01,4.133036498384053958e-01,3.323890116558106955e-01
4.678641777505978538e-01,2.967067281813609569e-01,4.111084892327648843e-01,5.799529580493222314e-01,-6.111663158303102389e-02,4.857283334046524903e-01,4.179241351722161602e-01,1.570923991425261512e-01,1.356717489082921446e-01,4.764682169430253245e-01,1.922156869715725414e-01,5.173565654825685867e-01,3.832194497719555726e-02,3.115833288327139461e-01,1.481018389038959715e-01,7.029698057145012946e-01,4.775685261590312813e-01,1.170165284303626430e-01,1.886121328128858854e-01,5.150087363951227903e-01,8.382537070353875963e-01,4.413245493616632653e-01,1.000000000000000000e+00,4.345527136642015065e-01,1.489580983756112059e-02,4.867890352339450111e-01,6.309550688762394222e-01,7.326152017887651580e-01,6.243290335251542311e-01,6.064536312646006122e-01,5.122708645047261561e-02,-2.310148874461567109e-02,6.040267228541036371e-01,4.917775601117839179e-01,2.727938781675064428e-01,4.050570425577549871e-01,4.243821549819261629e-01,5.994336045016556147e-01,-6.056303068201292217e-02,4.237938856117811071e-01,3.272147867002961341e-01,2.753076662702503841e-01,2.310090665195356219e-01,4.443072501582069345e-01,1.860304022925662604e-01,5.468934809349392800e-01,7.508490992103551698e-02,2.272537432429597715e-01,2.685580963679475297e-01,6.796113469002568186e-01,5.484266176716500185e-01,1.497486554787669233e-01,3.705319090554719530e-01,5.420859755308296002e-01,8.102978484787471958e-01,4.725654030884441359e-01,8.745270141292116328e-01,4.942570833378687745e-01,4.317816278968537869e-02,4.494341801507575895e-01,7.040790893765772607e-01,7.133373428776592640e-01,6.461219787168042128e-01,6.717955747808103117e-01,1.321604684237886462e-01,-1.382527971186290616e-01,5.931865054509343205e-01,5.488374236242981041e-01
