1.000000000000000000e+00,2.724978992730289762e-01,6.127017332541028205e-01,2.995080751203392788e-01,1.755366234722028074e-01,4.898566464919817953e-01,6.895166040562584753e-01,4.639621650033354250e-01,2.914662949965587946e-01,2.137647286291426973e-01,3.638832973931256376e-01,3.515082910165696073e-01,5.048348870082800532e-01,8.318350422952152101e-01,3.744133871590290541e-01,5.381841196294331331e-01,6.197494945185976212e-01,5.467888550901098821e-01,7.148897152207234207e-01,5.620012500347223300e-02,5.088381634611544024e-01,8.693460939508450280e-02,4.387138121535916757e-01,3.482707173847334747e-01,2.298465552301367509e-01,3.234808933230751138e-01,5.650311697796256416e-01,2.606240153741643528e-01,6.916152790132900074e-01,4.410836784780402531e-01,2.683293412886438301e-01,4.212769025851068050e-01,2.181916600354881219e-01,3.582507386794731019e-01,7.741526955069379934e-01,1.407191729617171538e-01,4.285240949123561571e-01,2.926644902519963121e-01,6.705097621722268253e-02,4.596461022867061597e-01,4.129689909359506306e-01,4.463500927973352850e-01,2.057387790679988671e-01,1.953782597540840715e-01,5.133165971879758427e-01,3.553303732206885002e-01,4.559611765799050920e-01,7.533704337645482640e-01,3.094367313598467839e-01,5.200103837439193910e-01,2.970898458410975440e-01,5.115362686835714934e-01,4.602708291398384666e-01,3.935939087961053129e-02,5.518305723687204623e-01,7.695831110869412461e-02,4.684012930218104387e-01,2.519831332734634999e-01,2.145058069394114308e-01,3.100893408172356591e-01,4.882462646983514176e-01,3.015785708598419657e-01,5.989923874540898918e-01,3.465258334889481651e-01,2.610921036161108905e-02,3.771390432996331032e-01,1.280493093592154907e-01,4.004969183080627770e-01
2.724978992730289762e-01,1.000000000000000000e+00,3.728094566305529267e-01,5.191152031753394347e-01,4.705914012185878625e-02,3.634764365163871691e-01,3.922001572931048674e-01,3.292717770135586974e-01,4.836225945040220076e-01,4.302136190520146619e-01,4.657387079716245881e-01,5.346814191231700208e-01,3.812285563751582340e-01,2.384308782824967332e-01,3.891547548645603594e-01,5.947197044114005404e-01,4.580856703599989199e-01,6.239152213589126833e-02,3.260415679143563450e-01,4.409504640732098690e-01,6.085678073887983430e-01,5.902809887357423069e-01,6.353820950133617362e-01,5.896591743594722379e-01,4.680673902958556454e-01,5.910664061588584151e-01,6.595260773062867621e-01,5.445761037759718759e-01,5.422904427850180342e-01,5.809850404716618844e-01,-1.298882324657114617e-01,1.295191725919759562e-01,4.854839382431206940e-01,6.597788038334995164e-01,4.159318694556721763e-01,6.386389182918876806e-01,4.133008573619117443e-01,5.264456657114001681e-01,-7.744402237979488603e-03,4.016626546931890140e-01,4.442483827615519854e-01,4.231282435763151217e-01,4.599927000274514621e-01,4.390905254501691335e-01,4.807253882494930686e-01,5.482273617141131261e-01,3.276348090278728420e-01,3.052290260149098655e-01,4.169288270617906300e-01,6.088259776997156925e-01,4.876502226603195989e-01,1.226631302397367812e-01,5.051859692184930140e-01,4.914164551963598471e-01,6.140648520946430100e-01,6.140170122872802283e-01,6.434504090995482040e-01,5.806976751128583025e-01,5.400161998751176196e-01,5.454371549115981654e-01,6.607628811839385552e-01,5.482702286852830786e-01,5.440928543532784767e-01,6.267233300609730273e-01,7.803133366120875228e-03,1.380232609327151916e-01,4.375470244852304735e-01,6.700362911566030144e-01
6.127017332541028205e-01,3.728094566305529267e-01,1.000000000000000000e+00,4.071661743655389798e-01,4.709171555703990653e-02,4.431556670753905025e-01,8.661808081536059856e-01,5.870801853297528128e-01,5.800246374801477645e-01,4.372661288096481025e-01,5.287914123920571807e-01,4.796808967444485816e-01,6.261692714567761442e-01,6.839249493416851289e-01,5.027928328644918343e-01,5.381531941593370449e-01,7.011048678738540652e-01,5.836878499316575653e-01,6.815489936740253274e-01,3.173292192108717047e-01,5.430217557367058578e-01,3.285516241476990063e-01,5.197862424591912500e-01,6.361317518232147972e-01,3.611434402626633178e-01,7.039357315408731885e-01,7.636252600576660665e-01,4.547820407196384029e-01,5.796874218604528561e-01,5.817849972570253714e-01,1.683938055341636375e-01,1.836861915059090355e-01,4.090687400929631790e-01,4.223318983162077100e-01,4.965313709357142558e-01,2.494580168993893177e-01,6.726043531748786553e-01,4.251995421544851883e-01,-1.209732110114923945e-02,3.858700815485029412e-01,6.638502437264409695e-01,4.667710705450449638e-01,5.355511440683877744e-01,4.067027792296121769e-01,5.572970519944351331e-01,4.971178163693563135e-01,5.202569628653767042e-01,6.025047698102903304e-01,3.970191382367247446e-01,5.559755957748176991e-01,4.187186668389800692e-01,4.751070482413305429e-01,4.291629506114590376e-01,3.344806355160939160e-01,5.862277087942540099e-01,2.581070598482165246e-01,5.415651994918980749e-01,5.283689955568234842e-01,3.590055003528055955e-01,5.779673751443059615e-01,6.664579991348066335e-01,4.238847610542398892e-01,5.472892054065551237e-01,4.462777612576197539e-01,1.187405314730029943e-02,1.292473501722149476e-01,3.670366514074443476e-01,4.705556584088310679e-01
2.995080751203392788e-01,5.191152031753394347e-01,4.071661743655389798e-01,1.000000000000000000e+00,6.146642980064894596e-02,5.637814964083339708e-01,4.775202742978383319e-01,3.608858338939320842e-01,4.939713786855206012e-01,6.991690582561008727e-01,3.335729565866537016e-01,8.943344879872443531e-01,3.055925209413615229e-01,2.854041251250464817e-01,3.744182455674784915e-01,6.624321841784583942e-01,3.243788361218745142e-01,6.696827715999620345e-02,2.658934392976561312e-01,8.316544457200585327e-01,6.137554799462843214e-01,5.213996670146061607e-01,6.410371029299833934e-01,6.614805562851192589e-01,2.766684962851280183e-01,5.270624549701751205e-01,5.676525992863499237e-01,7.215735561198862724e-01,5.838063785678360151e-01,5.155067819286900388e-01,-1.526158994898119681e-01,1.325315352443883765e-01,4.675888007065668872e-01,5.637546904484245225e-01,4.426893014734248344e-01,5.332456834850801686e-01,4.809086756391987016e-01,9.665015066336688498e-01,1.668599673075722711e-02,5.765851542985740430e-01,5.420581527346871598e-01,4.687313890923347492e-01,4.513694040778706840e-01,6.622976743533287580e-01,4.722374517981046682e-01,8.786031736018580229e-01,2.850989809084946702e-01,3.641313612415352785e-01,4.422162732686585884e-01,7.019886876386438601e-01,4.116320532743275584e-01,1.284825591278792867e-01,3.830078290042979727e-01,8.294553087729824581e-01,6.366923797988467415e-01,6.101776947306708498e-01,6.598870015080654516e-01,6.916427684539973031e-01,3.550338163185574603e-01,5.819984666133012352e-01,6.053359345666418090e-01,7.196940046751698628e-01,5.470354898509783848e-01,5.930599129417638560e-01,1.091454768805589226e-01,1.779520174056478388e-01,4.274687735590687043e-01,6.325593933850036654e-01
1.755366234722028074e-01,4.705914012185878625e-02,4.709171555703990653e-02,6.146642980064894596e-02,1.000000000000000000e+00,2.253483337408945242e-01,1.105145030666893208e-01,1.949510063843768459e-01,2.909603970196933832e-03,7.411149660506197168e-02,6.879019093614253955e-02,9.239782639813373666e-02,5.628643806423534041e-02,1.422104980692100729e-01,1.161259975468879185e-01,1.719987725420851488e-01,1.021905562923829669e-01,1.236259164926357679e-01,9.196316995646543202e-02,-2.215072713986063202e-02,1.738568426584390092e-01,1.436422058700269865e-02,1.790885403699915002e-01,1.941617452980374733e-02,-1.514864245103834028e-03,1.190706197172571729e-02,7.907032329997945586e-02,1.490798307870623007e-01,1.758862970140325221e-01,1.632843518618272705e-01,3.271508031078191464e-02,1.646957657310862966e-01,1.149886934752854077e-02,1.532636970735059001e-01,1.416245079569453391e-01,2.612445909664990948e-02,6.889029030174610713e-02,5.873195706049408327e-02,1.135348368405933311e-01,1.889838898961392899e-01,5.500712645020437719e-02,1.797181195235773854e-01,-1.633801273509418589e-02,6.913485864473604969e-02,1.171790090388807881e-01,1.019515193450246104e-01,8.610144167856897957e-02,1.077411754813389078e-01,6.977017804524897338e-02,1.775490415305369662e-01,9.528533663982063917e-02,7.980894176940475648e-02,4.476702342606023871e-02,-1.014826524789759488e-02,1.616314965314816499e-01,9.182069651181843858e-03,1.603822810782127850e-01,1.541989878739938487e-02,-8.160311223674799122e-03,3.462499025699508626e-02,5.544162882881800702e-02,1.538974653066593479e-01,1.272737371825968244e-01,1.573189530695385252e-01,4.648355632959629696e-02,1.168339106177206932e-01,-6.752971581048540506e-02,1.443418253772748294e-01
4.898566464919817953e-01,3.634764365163871691e-01,4.431556670753905025e-01,5.637814964083339708e-01,2.253483337408945242e-01,1.000000000000000000e+00,5.594894797717403501e-01,6.701514634635976631e-01,2.861919696329158214e-01,7.260461757018371598e-01,2.809514563021879296e-01,6.807011811013826685e-01,3.416989537785425912e-01,4.566403875908356391e-01,3.972442772547155609e-01,6.235058763813315919e-01,3.554082884204556314e-01,2.572295787896414221e-01,3.771601500533756091e-01,4.371417805566548132e-01,6.176316389459215461e-01,3.179229773619802746e-01,6.289798386111119521e-01,4.388800668050828468e-01,1.352743278637050517e-01,3.426391956973148800e-01,4.547731411117867384e-01,6.957008578375827312e-01,5.760467006857499239e-01,5.454246424598701015e-01,-4.862704828445171129e-02,3.040865617711779323e-01,2.479319574118181158e-01,5.370081635359493788e-01,4.505589357691642816e-01,3.615220763051716912e-01,5.386289390647661657e-01,5.481524763621118401e-01,8.388110908615323269e-02,8.915180258716279837e-01,5.959716888226925802e-01,7.447075657558920314e-01,3.201026180199217919e-01,7.088169572712887945e-01,5.494103995815126096e-01,6.950493723791575373e-01,3.931550304818152708e-01,4.948214677011598672e-01,4.593421906133615118e-01,6.337649640145665009e-01,4.078974926958330860e-01,2.913122432407533324e-01,3.443646067073700689e-01,4.427262741805178536e-01,6.073457275468053806e-01,3.883627010395330759e-01,6.322122090351598445e-01,5.150875912873823514e-01,1.703954405028872410e-01,4.970578286250623701e-01,4.814434652042963170e-01,7.174481828908695347e-01,4.895240169796788998e-01,5.977160416177884628e-01,1.791502565909189049e-01,3.091862370879281396e-01,1.735147658286787797e-01,5.984336844281281653e-01
6.895166040562584753e-01,3.922001572931048674e-01,8.661808081536059856e-01,4.775202742978383319e-01,1.105145030666893208e-01,5.594894797717403501e-01,1.000000000000000000e+00,7.062975135804074878e-01,6.554397829598853642e-01,5.244244796528397812e-01,5.216108111952051374e-01,5.186409402838672023e-01,6.617394286597084729e-01,7.916860173654653998e-01,5.200194880745108161e-01,6.239936469875325686e-01,6.151940327526661534e-01,5.780441419872793807e-01,6.302170838389394847e-01,3.139215225107291896e-01,5.925837560934179571e-01,4.085736409475081432e-01,5.613114702260435518e-01,7.426493066192384473e-01,4.190083014308856879e-01,6.570163820359219420e-01,7.706371196723602601e-01,5.573944372593968577e-01,6.262923634613476453e-01,6.340265019447762773e-01,1.580218458690132721e-01,2.682389644349418290e-01,3.821434664714951079e-01,4.660501310759045390e-01,5.802187129455913528e-01,2.860738742017025493e-01,6.504781621713094930e-01,4.984308469174016376e-01,4.817025650579528570e-03,4.830134273448346560e-01,7.666139020932455361e-01,5.793792781896885957e-01,5.831121432927353077e-01,5.020342612050747721e-01,5.876527329778860054e-01,5.329297690846886981e-01,5.942025633137723029e-01,7.317944470391268830e-01,4.072710713483710943e-01,6.391538197144481792e-01,3.520541052228252643e-01,4.779050027627150254e-01,4.045265725546631774e-01,3.553413198070400347e-01,6.511178101029982956e-01,3.485512425218736388e-01,5.973900007912831267e-01,6.443978004336887722e-01,4.130713006449305280e-01,5.596050328065970136e-01,6.960551363841266381e-01,5.210792686049369182e-01,5.902934433848495699e-01,5.102677503845611806e-01,3.849058780397759949e-02,2.058578705289753619e-01,3.530832781397279518e-01,5.413148122806877849e-01
4.639621650033354250e-01,3.292717770135586974e-01,5.870801853297528128e-01,3.608858338939320842e-01,1.949510063843768459e-01,6.701514634635976631e-01,7.062975135804074878e-01,1.000000000000000000e+00,3.462356361381681569e-01,4.664707203039290540e-01,3.855957721512913161e-01,4.424771988155324909e-01,4.322977162463052525e-01,5.917535493482715125e-01,3.959089528415837833e-01,5.310334228266722079e-01,5.051999165296402472e-01,5.211017631921048832e-01,4.753152328953280104e-01,2.515499598252038393e-01,5.730889473505579312e-01,3.025476605263488494e-01,5.820205085252700972e-01,4.331833628988924212e-01,2.184587823295826015e-01,4.876196903309403807e-01,5.522461346163658469e-01,6.121069677184720614e-01,5.201791646839585281e-01,6.863242062238854579e-01,1.354766553589780917e-02,2.569128276336868355e-01,2.496486601230384905e-01,4.920309487507846802e-01,3.954501057900306482e-01,2.579425219189365182e-01,5.364511918837966409e-01,3.749441872771469009e-01,5.794390929514106614e-02,5.342695235876234738e-01,5.978219868277847571e-01,7.205730145063325986e-01,3.308634934242075110e-01,4.385094148370071165e-01,4.881593106952912819e-01,4.470892112528822571e-01,4.393186473807377812e-01,5.538427429389303214e-01,3.318695361995291915e-01,5.433649957564125055e-01,4.108783146462074432e-01,4.012737574808259433e-01,2.990052334128802114e-01,2.941060511416723200e-01,5.725720412793950942e-01,2.872799434928486884e-01,5.719096352814294626e-01,4.304764190837739868e-01,2.479208074636507220e-01,5.072335524838434972e-01,5.128527411311564199e-01,5.675154941529135799e-01,4.562279758456049827e-01,5.868605935914275040e-01,9.777275494418757873e-02,2.065634963788062772e-01,2.000397153314074639e-01,5.263194411593429267e-01
2.914662949965587946e-01,4.836225945040220076e-01,5.800246374801477645e-01,4.939713786855206012e-01,2.909603970196933832e-03,2.861919696329158214e-01,6.554397829598853642e-01,3.462356361381681569e-01,1.000000000000000000e+00,4.677634315826981748e-01,5.465028194499483849e-01,5.091598345608211451e-01,5.976510527130906025e-01,3.806879089038864294e-01,5.410578333589568523e-01,5.007159153635564186e-01,3.755198960009453746e-01,2.307341627221879410e-01,3.492695161305563456e-01,4.660787993753189307e-01,4.747861330611871655e-01,6.370089371431983949e-01,4.631260466189084379e-01,8.337725458533157274e-01,6.365753517234838954e-01,6.347451123912556392e-01,7.085655125389243025e-01,4.440321161264194627e-01,4.531140379657771500e-01,4.350951032823293652e-01,4.459861994672625202e-02,7.227056882610313759e-02,4.772460417168629121e-01,4.778416437627049929e-01,3.274412826517218433e-01,4.529706888429843037e-01,4.181822825971860946e-01,5.216352353519259077e-01,-1.578492050362810886e-02,2.694220951080220638e-01,5.732409049475990503e-01,3.258898718133740324e-01,7.452332504755443399e-01,4.780061352696071131e-01,4.477589666588780992e-01,5.213474202875302277e-01,4.870680484621606188e-01,3.737965029271824724e-01,3.812668458626338741e-01,5.169444087480594696e-01,2.644326623550642963e-01,1.943043694291804735e-01,3.651273417410203503e-01,5.181191636190199956e-01,5.349814139699886617e-01,5.603366102384848002e-01,5.034089889305689569e-01,7.134713172559901118e-01,6.200759236882018577e-01,5.113156687731795769e-01,6.443121329962856469e-01,4.332559231287470003e-01,4.687289873615110847e-01,4.327711687725459555e-01,-4.109542733826244965e-02,3.208932667383622428e-02,5.098501411210497603e-01,5.375987545946810942e-01
2.137647286291426973e-01,4.302136190520146619e-01,4.372661288096481025e-01,6.991690582561008727e-01,7.411149660506197168e-02,7.260461757018371598e-01,5.244244796528397812e-01,4.664707203039290540e-01,4.677634315826981748e-01,1.000000000000000000e+00,2.681460197747401741e-01,7.262823077614097844e-01,2.941389620724552678e-01,2.248652191385715204e-01,3.548285236572947254e-01,5.919599195464708696e-01,2.183757579864642473e-01,5.818109659456612709e-02,1.867855892926427452e-01,6.403926362421530349e-01,5.625524823355487758e-01,4.791869200094144854e-01,5.910274980276706280e-01,6.355330012438915599e-01,2.395540486247952627e-01,5.136297134062731695e-01,5.030977541420674770e-01,8.020858449650510869e-01,4.470909888082409966e-01,4.863752283232588014e-01,-2.286128710270700637e-01,1.284361549446028650e-01,3.514955595934056709e-01,5.029940666551637740e-01,3.016908072028991472e-01,4.458334904061841408e-01,5.438552129356984954e-01,7.014660822993494804e-01,5.000570557929220807e-04,6.941641246383968289e-01,6.656920838016081587e-01,6.123169609646177403e-01,4.969485228408194177e-01,9.678403441794468653e-01,4.662794467736953719e-01,7.505629963947983985e-01,2.992728222387448511e-01,3.284327071610252946e-01,4.315499117451702116e-01,6.157338340646432151e-01,3.639759564713155870e-01,8.419079648457661325e-02,2.585736984510729752e-01,6.906960548355749463e-01,5.702155801653924216e-01,5.663785924300728247e-01,6.048344219694635759e-01,7.261460134664160515e-01,2.938209327771021395e-01,5.698818956465714347e-01,5.492296217695877836e-01,7.801858666274346099e-01,4.027546788406212719e-01,5.701436589145315592e-01,9.796034525685919092e-02,1.162725864855616298e-01,3.373561276561908850e-01,5.892938367044199266e-01
3.638832973931256376e-01,4.657387079716245881e-01,5.287914123920571807e-01,3.335729565866537016e-01,6.879019093614253955e-02,2.809514563021879296e-01,5.216108111952051374e-01,3.855957721512913161e-01,5.465028194499483849e-01,2.681460197747401741e-01,1.000000000000000000e+00,3.783717297396238521e-01,6.131244548548897555e-01,4.512713815578252574e-01,4.248443694617660138e-01,4.768183607665055779e-01,5.851748029471320889e-01,4.075946606512518833e-01,5.532751152906778547e-01,2.713411902940311426e-01,4.662480448443138692e-01,4.668459422631860978e-01,4.709466672040424906e-01,5.401288363380886137e-01,5.591045772281055815e-01,5.636905245259078434e-01,6.610965950301668226e-01,3.181633764185072266e-01,5.153128559490162131e-01,4.985778487171830253e-01,7.820716857222055618e-02,1.662344026836959643e-01,4.425595178416218967e-01,5.522365824974154735e-01,3.956616324756320746e-01,4.318288785433209709e-01,3.981290377538497238e-01,3.513615988461062933e-01,-7.959136809903323562e-03,2.673496428909408751e-01,4.106632283851456844e-01,3.404256942994315915e-01,4.825131490601443640e-01,2.715968457082773568e-01,6.173840218945441105e-01,3.898428976582313799e-01,5.209135599902779967e-01,4.453452272747580043e-01,2.919213553348838364e-01,4.844890490116749437e-01,4.336007820735967022e-01,4.203294922788051169e-01,5.631903445035381095e-01,3.081703794290094889e-01,5.056337279726059730e-01,4.109219440929039457e-01,4.960827064101721584e-01,4.253760504285821753e-01,5.618005839828089654e-01,4.709835186733405399e-01,6.268860754311811334e-01,3.178169968659844691e-01,5.047550558555466971e-01,4.631773944345800587e-01,3.843762619529229266e-03,1.372201699419534904e-01,3.941465705361340555e-01,5.546092240059385947e-01
3.515082910165696073e-01,5.346814191231700208e-01,4.796808967444485816e-01,8.943344879872443531e-01,9.239782639813373666e-02,6.807011811013826685e-01,5.186409402838672023e-01,4.424771988155324909e-01,5.091598345608211451e-01,7.262823077614097844e-01,3.783717297396238521e-01,1.000000000000000000e+00,3.709156930459971968e-01,3.387586113169860358e-01,4.821397178012970519e-01,7.271690376871690065e-01,4.354748383594682637e-01,1.643249420246433723e-01,3.934892273212328706e-01,8.628632347360005728e-01,6.948871589101285329e-01,5.029636623431430476e-01,7.172522843063664499e-01,6.460251044165690182e-01,2.667071303906841107e-01,5.207978903353536193e-01,6.182407658201299894e-01,7.425430843569558181e-01,6.367719327034401244e-01,5.893872021071934197e-01,-8.318574493340895326e-02,1.629015715848931567e-01,5.029101093310506254e-01,6.497803319309600756e-01,4.522494698364085686e-01,5.478275611135864365e-01,5.417526685475786419e-01,8.786725342526245930e-01,3.645275153031226484e-02,7.085611988211316659e-01,5.670953449814163383e-01,5.483211590903509514e-01,4.813585532469737971e-01,6.879596656189409520e-01,5.586160845611772841e-01,9.686529915638005805e-01,3.591620320194092719e-01,4.007392474747092925e-01,5.682122595404135446e-01,7.459585516901587887e-01,5.021341148011696509e-01,2.472419155659608681e-01,4.590458763900893135e-01,8.379544095094555445e-01,6.998606466332686349e-01,5.858011408143762866e-01,7.201970992552728656e-01,6.919932489174793755e-01,3.357329987172882335e-01,5.983262839162882818e-01,6.364785984408286579e-01,7.608572748220073789e-01,5.815473452574642099e-01,6.608153022161672441e-01,1.316167563230629944e-01,2.188374263362859451e-01,4.297530419309431582e-01,6.971245016034802733e-01
5.048348870082800532e-01,3.812285563751582340e-01,6.261692714567761442e-01,3.055925209413615229e-01,5.628643806423534041e-02,3.416989537785425912e-01,6.617394286597084729e-01,4.322977162463052525e-01,5.976510527130906025e-01,2.941389620724552678e-01,6.131244548548897555e-01,3.709156930459971968e-01,1.000000000000000000e+00,6.497656878274471470e-01,4.908724989887124912e-01,4.821059218889873210e-01,4.929273302598475293e-01,5.579980463454414785e-01,5.850597630374234637e-01,2.052868977537384843e-01,4.685843407833421015e-01,3.418992885632990975e-01,3.999193193281849190e-01,5.704202781856987370e-01,5.979358593877651673e-01,5.106466089687526910e-01,7.142403359938377383e-01,2.652580826120475299e-01,5.282182352546880288e-01,3.693289705412182711e-01,2.044147654592712027e-01,2.464954536467546253e-01,4.228222115152308058e-01,4.125126682541913059e-01,4.013281843836676854e-01,3.033754362749298550e-01,3.596511482964530049e-01,3.227712762950369907e-01,-2.290028153020353535e-02,3.104067712554837710e-01,4.387446084469925900e-01,3.361192851954070138e-01,5.886953345274769100e-01,3.087494487117133923e-01,5.857436352985621042e-01,3.909503349339377709e-01,7.546274915059141275e-01,5.843797080351776918e-01,2.982387284449352083e-01,4.840934514624836704e-01,2.547855726806376175e-01,5.120116469006967819e-01,4.738626567109375243e-01,2.391052126540412770e-01,5.231684709053178173e-01,2.814803564503025601e-01,4.429412645092064005e-01,4.293599862942379386e-01,5.732796625749296826e-01,4.235738421854464697e-01,6.317446710377603303e-01,2.701612663060308783e-01,5.350570011787978419e-01,3.347531777695074706e-01,3.250257122980878405e-03,2.035629801658847271e-01,3.496209580721527654e-01,4.456766004833218608e-01
8.318350422952152101e-01,2.384308782824967332e-01,6.839249493416851289e-01,2.854041251250464817e-01,1.422104980692100729e-01,4.566403875908356391e-01,7.916860173654653998e-01,5.917535493482715125e-01,3.806879089038864294e-01,2.248652191385715204e-01,4.512713815578252574e-01,3.387586113169860358e-01,6.497656878274471470e-01,1.000000000000000000e+00,3.724891410873502062e-01,4.591501688086187527e-01,6.313871793395825494e-01,7.106070203030685484e-01,7.620052682590329196e-01,1.265287008112419564e-01,4.513353243662276970e-01,1.388975440304945907e-01,3.859691441629812259e-01,4.076788700769389817e-01,2.978034285788343505e-01,3.815408751789948760e-01,6.124898750041862794e-01,2.379608108111422315e-01,6.090388299545083095e-01,4.668130695413606479e-01,3.295260231759395975e-01,4.165116262377284717e-01,2.469495108995353183e-01,3.346431128555751311e-01,6.497944638276209606e-01,1.370364656213503562e-01,4.285612992463720961e-01,2.992386031693281545e-01,1.634668285553524808e-02,3.914667632081417770e-01,4.926357868825458342e-01,4.385566812667948677e-01,3.389728976055013110e-01,2.149858711622231189e-01,5.193193394059332224e-01,3.440518506846669822e-01,5.762998457435785093e-01,8.428966549282123077e-01,2.702055976205373633e-01,4.602550612382345085e-01,2.573067123974516202e-01,6.499002965786480068e-01,4.499913295108154965e-01,1.246776075143295887e-01,5.006166401193995474e-01,1.079143351742793272e-01,4.222855593633590421e-01,2.987478667560731771e-01,2.891563212752636947e-01,3.397100399187348851e-01,5.458444468702210450e-01,2.636057990392784989e-01,5.470988825890303886e-01,3.357684729725016193e-01,4.374377437341151614e-02,3.276521386534960167e-01,1.783404851910797284e-01,3.788511699601842531e-01
3.744133871590290541e-01,3.891547548645603594e-01,5.027928328644918343e-01,3.744182455674784915e-01,1.161259975468879185e-01,3.972442772547155609e-01,5.200194880745108161e-01,3.959089528415837833e-01,5.410578333589568523e-01,3.548285236572947254e-01,4.248443694617660138e-01,4.821397178012970519e-01,4.908724989887124912e-01,3.724891410873502062e-01,1.000000000000000000e+00,5.117140708531009441e-01,4.614660013163330854e-01,2.916110080503185875e-01,4.185607821079374014e-01,3.234466106315075917e-01,5.531500317848411230e-01,3.286719824209967666e-01,5.168549104665891569e-01,5.383380320877289016e-01,4.055750964567275685e-01,3.923976708043319106e-01,6.027398208770872179e-01,4.197354011015445030e-01,5.254199957797726084e-01,4.489703404582522928e-01,9.694064366367187435e-02,1.898488172194681134e-01,4.161128659632832294e-01,4.883320876450932824e-01,3.375372597634558880e-01,3.137346911880705691e-01,3.783145133468578947e-01,3.876108238840761389e-01,6.307092370721963104e-02,4.046269178769348884e-01,4.008498225645624746e-01,3.599616041693753932e-01,4.949151936542871555e-01,3.532276916768756214e-01,4.493406440214054998e-01,4.910644158524365421e-01,4.598024643627638408e-01,3.207113735971317547e-01,5.437566214182607549e-01,5.217160508755107617e-01,3.307430401222030691e-01,2.559013894017324042e-01,3.614339241724341956e-01,3.498589620785536036e-01,5.495616722613442251e-01,2.798746664824902641e-01,5.105026600842726969e-01,4.723238295032471390e-01,3.960987028205526506e-01,3.493456389557318964e-01,5.169090811866393631e-01,4.203776130666324606e-01,4.821885112448064947e-01,4.152501409968246682e-01,2.278847522760732089e-02,1.643539049521277606e-01,2.967377240875927469e-01,4.902718699684487924e-01
5.381841196294331331e-01,5.947197044114005404e-01,5.381531941593370449e-01,6.624321841784583942e-01,1.719987725420851488e-01,6.235058763813315919e-01,6.239936469875325686e-01,5.310334228266722079e-01,5.007159153635564186e-01,5.919599195464708696e-01,4.768183607665055779e-01,7.271690376871690065e-01,4.821059218889873210e-01,4.591501688086187527e-01,5.117140708531009441e-01,1.000000000000000000e+00,5.651093458861865537e-01,2.551154712857056639e-01,4.844839168043423849e-01,4.828777882648891961e-01,8.659421066009923562e-01,4.994072979191216399e-01,8.605557147426204923e-01,6.477623650977715197e-01,3.693301245575408287e-01,5.776464381400087111e-01,7.647813165358627874e-01,7.383136372816512250e-01,7.475949706591918931e-01,7.345372371072262929e-01,-6.064210834370820091e-02,2.203185140616833182e-01,4.710314814434731767e-01,7.419162069348496091e-01,6.168502760151364228e-01,5.261683435784981766e-01,5.770741712454822148e-01,6.449223115859442634e-01,9.656931963410934905e-02,6.627076524202374364e-01,5.733052371218479992e-01,6.418560883591974964e-01,4.615336532298357497e-01,5.737622472296557419e-01,6.433916559425154613e-01,7.411558247233143160e-01,4.505000765172581523e-01,5.197473231273920247e-01,5.409213238751543473e-01,9.311231004611965067e-01,5.118273176817741410e-01,2.644445408077301662e-01,5.251801702324417898e-01,5.011747781059036067e-01,8.828008015216569637e-01,5.592617403265779386e-01,8.628039852691071765e-01,6.691814418027485223e-01,4.166568399354824148e-01,5.667232139862824480e-01,7.399723226216495808e-01,7.602055527188734674e-01,6.962681228066325279e-01,7.627789670161500002e-01,3.721939690838390463e-02,2.824062815865069909e-01,3.868067702149312059e-01,7.741411259941910483e-01
6.197494945185976212e-01,4.580856703599989199e-01,7.011048678738540652e-01,3.243788361218745142e-01,1.021905562923829669e-01,3.554082884204556314e-01,6.151940327526661534e-01,5.051999165296402472e-01,3.755198960009453746e-01,2.183757579864642473e-01,5.851748029471320889e-01,4.354748383594682637e-01,4.929273302598475293e-01,6.313871793395825494e-01,4.614660013163330854e-01,5.651093458861865537e-01,1.000000000000000000e+00,5.076652874954551420e-01,8.177320288053918640e-01,2.703824237877893166e-01,5.941468822792089766e-01,3.075149706878417266e-01,6.177091105549892269e-01,4.412015705741982874e-01,3.378730917768390518e-01,5.982973745974808910e-01,7.450963357933856335e-01,3.578119748343721040e-01,6.894317249662235136e-01,7.501796725827898360e-01,1.646867131850541788e-01,2.385612395721913581e-01,4.672096570401453319e-01,6.331324030720885121e-01,6.071172203134758139e-01,4.029373620762214947e-01,5.888367660472569876e-01,3.248754347102159046e-01,7.100925191949536419e-02,3.867374724117436657e-01,4.712370497301237582e-01,4.665745038928302280e-01,3.240181782742354022e-01,2.197201229695110725e-01,6.287966336931499756e-01,4.414951384985461580e-01,4.385265194574465841e-01,5.774830983393512973e-01,4.209536566102815569e-01,5.787633250293977571e-01,6.793470894049981057e-01,5.300860501700163097e-01,6.936690937205053364e-01,2.630486160287429098e-01,6.189837392919934622e-01,2.935922831624206975e-01,6.169128809841336603e-01,3.716819651428618365e-01,3.803845454142458227e-01,5.406326811135895305e-01,6.868505123989617767e-01,3.766533891350056229e-01,6.379133630140085831e-01,6.212348123213338180e-01,1.871464350427097870e-02,2.570738922964673212e-01,3.585472176898403251e-01,6.180741128134528140e-01
5.467888550901098821e-01,6.239152213589126833e-02,5.836878499316575653e-01,6.696827715999620345e-02,1.236259164926357679e-01,2.572295787896414221e-01,5.780441419872793807e-01,5.211017631921048832e-01,2.307341627221879410e-01,5.818109659456612709e-02,4.075946606512518833e-01,1.643249420246433723e-01,5.579980463454414785e-01,7.106070203030685484e-01,2.916110080503185875e-01,2.551154712857056639e-01,5.076652874954551420e-01,1.000000000000000000e+00,6.683386545691972769e-01,8.875776083884311107e-03,2.612510443015732542e-01,-2.699166962170081174e-02,1.877462651883761713e-01,1.613718333149080086e-01,1.377110374721403907e-01,2.469554227073270658e-01,4.025480684192034864e-01,5.153981284488194647e-02,3.131966043283542778e-01,2.678347603806809918e-01,2.864773063986044144e-01,2.838383788217861969e-01,1.225491018252572867e-01,1.544424273749747945e-01,3.139808988970442249e-01,-4.968986283471926030e-02,2.678912992357537215e-01,9.108885104424710444e-02,-2.606312492789040862e-03,1.414764933758977383e-01,2.699442671787933845e-01,2.187202669687673129e-01,1.908551120713059823e-01,3.594744881003373443e-02,3.560613824110186454e-01,1.762125761196190188e-01,4.883851621346653737e-01,5.773905405358524812e-01,1.381255216575640321e-01,2.361587151109774962e-01,1.504826048626546620e-01,6.634667142440505705e-01,2.470434584122312982e-01,1.320215017134815545e-02,3.128657464729213689e-01,-9.980624301820929800e-02,2.190083382009313795e-01,4.434602396114906142e-02,1.073945005641573636e-01,1.844082566474963825e-01,3.114870971100477948e-01,5.795602573772641597e-02,2.931086029733025455e-01,1.277132262848718058e-01,-2.059610030595960747e-02,1.721019071743081497e-01,8.104298862167731710e-02,1.721126017837726063e-01
7.148897152207234207e-01,3.260415679143563450e-01,6.815489936740253274e-01,2.658934392976561312e-01,9.196316995646543202e-02,3.771601500533756091e-01,6.302170838389394847e-01,4.753152328953280104e-01,3.492695161305563456e-01,1.867855892926427452e-01,5.532751152906778547e-01,3.934892273212328706e-01,5.850597630374234637e-01,7.620052682590329196e-01,4.185607821079374014e-01,4.844839168043423849e-01,8.177320288053918640e-01,6.683386545691972769e-01,1.000000000000000000e+00,2.031170713127455063e-01,4.849510718634508222e-01,1.814658185981471439e-01,4.555040730553541750e-01,3.639102654994197938e-01,3.120505659196172732e-01,4.429149431371035561e-01,6.491684721642194678e-01,2.411791473822332832e-01,6.275705268866061948e-01,5.414576278420748512e-01,2.869544978765377063e-01,3.405283132175555560e-01,3.679059061451282475e-01,4.634015731199422339e-01,5.869148885515083069e-01,2.658845981466799180e-01,4.489618571386614909e-01,2.706673268960115286e-01,3.038356788000040262e-02,3.603642599453046880e-01,3.816786075952671164e-01,4.014376146116054866e-01,2.791028102337794747e-01,1.832055481579383527e-01,5.888411039383366630e-01,3.980452929687373631e-01,5.106097452449113172e-01,6.577591059509398930e-01,3.445148832046662779e-01,4.854750984423361615e-01,4.545972974594265081e-01,6.533993161796665117e-01,6.531219928344381698e-01,1.883341496980799612e-01,5.251135422749225734e-01,1.462385479556642665e-01,4.736439548285175105e-01,2.635883445362429689e-01,3.197373418427631453e-01,3.871015230376098071e-01,5.680382030546067273e-01,2.841425408947610975e-01,5.736454982865896168e-01,4.289402081288344881e-01,1.365247160057092742e-02,3.065276271082091331e-01,2.893427794847198142e-01,4.687796843958068060e-01
5.620012500347223300e-02,4.409504640732098690e-01,3.173292192108717047e-01,8.316544457200585327e-01,-2.215072713986063202e-02,4.371417805566548132e-01,3.139215225107291896e-01,2.515499598252038393e-01,4.660787993753189307e-01,6.403926362421530349e-01,2.713411902940311426e-01,8.628632347360005728e-01,2.052868977537384843e-01,1.265287008112419564e-01,3.234466106315075917e-01,4.828777882648891961e-01,2.703824237877893166e-01,8.875776083884311107e-03,2.031170713127455063e-01,1.000000000000000000e+00,4.504716445687911297e-01,4.916726723257739962e-01,5.027621606932735077e-01,5.716054150190592598e-01,2.203337708459051913e-01,4.410435154511246902e-01,4.420340602273858388e-01,5.887788678902041717e-01,4.085887874051012947e-01,4.264771641608713360e-01,-1.668538047309568173e-01,1.861422951583231733e-02,4.809815523087104805e-01,5.060937205053904764e-01,2.299398814132468105e-01,5.103841869160826716e-01,4.178812009831048280e-01,8.169569181690328197e-01,-3.502851549301766454e-02,4.795054414135751508e-01,4.576257439198738175e-01,3.570512981046358725e-01,4.419524868120123240e-01,6.175775046358169540e-01,3.646524500522944079e-01,8.407586634194508246e-01,1.867044962852016099e-01,2.238243521628475174e-01,4.340634226583949262e-01,5.168026293696219575e-01,4.001764131048633488e-01,1.289138981485727642e-01,3.514356898277910535e-01,9.426453957508514891e-01,4.593763702025718265e-01,5.866326860557395939e-01,5.066298798528985348e-01,6.298545135264594919e-01,3.044606589395145169e-01,5.109469403552360234e-01,4.932088078292899413e-01,5.946900852657682757e-01,3.911381251995534880e-01,5.139044136312017619e-01,7.358722386225208245e-02,6.310145302273893753e-02,4.880218590599156858e-01,5.454949033833990102e-01
5.088381634611544024e-01,6.085678073887983430e-01,5.430217557367058578e-01,6.137554799462843214e-01,1.738568426584390092e-01,6.176316389459215461e-01,5.925837560934179571e-01,5.730889473505579312e-01,4.747861330611871655e-01,5.625524823355487758e-01,4.662480448443138692e-01,6.948871589101285329e-01,4.685843407833421015e-01,4.513353243662276970e-01,5.531500317848411230e-01,8.659421066009923562e-01,5.941468822792089766e-01,2.612510443015732542e-01,4.849510718634508222e-01,4.504716445687911297e-01,1.000000000000000000e+00,4.861559143031789487e-01,9.424578009693030944e-01,6.239177097634270863e-01,3.528884278597381741e-01,5.977932968523625989e-01,7.882145033385619115e-01,7.373847342330388521e-01,7.501961838488427903e-01,7.755905882663683970e-01,-2.061894981454722581e-02,2.416662346080572232e-01,5.038698164062818119e-01,7.764637198140550423e-01,6.057951207799588955e-01,5.387070515736696041e-01,5.520396967612961614e-01,6.014248061911678933e-01,8.724036611834207200e-02,6.543323006610670678e-01,5.340969423366551672e-01,6.270449159500596226e-01,4.554381112060230663e-01,5.507586777932957922e-01,6.140630978768675252e-01,7.067317931563531497e-01,4.380887754360367481e-01,4.649213757006667169e-01,5.381825274552223259e-01,8.676220578795684757e-01,5.291888320337269080e-01,2.610487938219382409e-01,5.102642462742120744e-01,4.783445394673568885e-01,9.549197297784357552e-01,5.274695016513116785e-01,9.122482766661123010e-01,6.278053033246119297e-01,4.034456364889010271e-01,5.737325833011710507e-01,7.309161862181947633e-01,7.445091408887902773e-01,6.992332959886370380e-01,7.888948042673851191e-01,5.941693512039968733e-02,2.700503952838885224e-01,3.607111776926120728e-01,7.989160660873412256e-01
8.693460939508450280e-02,5.902809887357423069e-01,3.285516241476990063e-01,5.213996670146061607e-01,1.436422058700269865e-02,3.179229773619802746e-01,4.085736409475081432e-01,3.025476605263488494e-01,6.370089371431983949e-01,4.791869200094144854e-01,4.668459422631860978e-01,5.029636623431430476e-01,3.418992885632990975e-01,1.388975440304945907e-01,3.286719824209967666e-01,4.994072979191216399e-01,3.075149706878417266e-01,-2.699166962170081174e-02,1.814658185981471439e-01,4.916726723257739962e-01,4.861559143031789487e-01,1.000000000000000000e+00,5.478723802410324639e-01,7.228902558071750306e-01,5.491970167030933991e-01,6.113615658187374624e-01,5.856176469991070110e-01,5.532703487807996146e-01,4.300749512144083631e-01,5.231168400897007187e-01,-1.797329292223672215e-01,3.389892083253401387e-03,4.816252997696890970e-01,5.969846510854821542e-01,2.979067526703015334e-01,6.469805000092195835e-01,3.815527567165819534e-01,5.437872672311748756e-01,-1.396051202829431785e-02,3.282775305807641986e-01,5.111842001412372216e-01,3.726764565312747912e-01,5.857366408840768424e-01,4.975980594479575414e-01,4.356278085561609559e-01,5.072403630250302831e-01,2.919798880784543194e-01,2.214593107366843172e-01,3.068935515245483914e-01,5.324623514236553889e-01,3.890982313901125145e-01,2.561729726132310273e-02,4.147767047048990796e-01,5.527130091968751602e-01,5.145686101384416844e-01,7.647552779982704774e-01,5.638768380487969578e-01,7.058961782964867648e-01,5.894287767114868570e-01,5.483049409214999503e-01,6.176597836237288641e-01,5.281389713302546696e-01,4.700643806048028783e-01,6.004168250466056511e-01,1.085841124099966651e-02,2.704468672591556211e-02,5.175594005573508349e-01,6.504212342849386985e-01
4.387138121535916757e-01,6.353820950133617362e-01,5.197862424591912500e-01,6.410371029299833934e-01,1.790885403699915002e-01,6.289798386111119521e-01,5.613114702260435518e-01,5.820205085252700972e-01,4.631260466189084379e-01,5.910274980276706280e-01,4.709466672040424906e-01,7.172522843063664499e-01,3.999193193281849190e-01,3.859691441629812259e-01,5.168549104665891569e-01,8.605557147426204923e-01,6.177091105549892269e-01,1.877462651883761713e-01,4.555040730553541750e-01,5.027621606932735077e-01,9.424578009693030944e-01,5.478723802410324639e-01,1.000000000000000000e+00,6.367475101954612748e-01,3.385638394186979983e-01,6.239995337125292529e-01,7.875328857931518378e-01,8.071370343649455492e-01,7.525394408216028452e-01,8.365836400253995331e-01,-9.245898475748226542e-02,2.053298892127191078e-01,5.041546691770288913e-01,8.204462423665860316e-01,5.927588172221227580e-01,6.009385702095638715e-01,6.114883135652771085e-01,6.353369488059105175e-01,8.941860209032910511e-02,6.772549250491409767e-01,5.750586445783371081e-01,6.698480786557949873e-01,4.472565647204338468e-01,5.804061391645669588e-01,6.192112456655595176e-01,7.278319867922287134e-01,3.920879969429754142e-01,4.361410340188473511e-01,5.582655921876890082e-01,8.773266334378552189e-01,6.329829161532958270e-01,2.036847461875397614e-01,5.327692090830240534e-01,5.376331491831110032e-01,9.172790024352941440e-01,6.092663731535011840e-01,9.542029081676447477e-01,6.766879717885203593e-01,4.036202085984976207e-01,6.414673215458657207e-01,7.679600383065837699e-01,8.151093036107109890e-01,7.060024560473495692e-01,8.658751027792973565e-01,5.734333032537295566e-02,2.368696508267333078e-01,3.744797425170926508e-01,8.428462948479961137e-01
