1.000000000000000000e+00 1.110269355304030481e-01 1.938916195498783523e-01 2.116069496845141285e-01 3.292140645870608034e-02 2.772359457335276112e-01 2.583655818934426640e-01 3.319376390282229861e-01 2.928564659460120012e-02 2.454601234077872784e-01 2.184810244125135470e-01 2.255032594396813028e-01 1.295232367784339769e-02 4.088323843476157071e-01 3.863142205579180033e-02 2.312822073465074235e-01 3.668181835399411672e-01 1.551729032359568661e-01 4.089832804250152498e-01 1.696456645234219462e-01 2.968231024537663632e-01 1.778844826009781666e-01 3.376696330160047776e-01 1.615944134084792982e-01 -5.140587036607602300e-02 2.229301095725827742e-01 1.929836798339738257e-01 2.752332412411321871e-01 3.644784390182121414e-01 3.689255950250397986e-01 2.067351338642575698e-02 2.765842622245711507e-02 1.718759366669236066e-01 2.177911368403794012e-01 3.855089369190662918e-01 8.418509676789942553e-02 1.026351418611223809e-01 2.188608368007772531e-01 4.991731942020243007e-02 2.337074454207037910e-01 1.994017530295273677e-01 2.739999396603794435e-01 5.317190864027499658e-02 2.533250793531446332e-01 1.791848758132562336e-01 2.328461112644789888e-01 -8.213694471000615449e-02 2.039388950054261129e-01 5.331259158411929405e-02 2.470285458044793048e-01 2.204697377662518110e-01 1.806293083767444574e-01 3.007663478398961976e-01 1.945546849588077332e-01 2.468645373149478683e-01 1.414249098056342968e-01 2.600197761157838627e-01 1.591511975963776082e-01 -7.615108783535699810e-02 1.784436343135633318e-01 1.141636184794979358e-01 2.477786192595402004e-01 2.939278511599868748e-01 2.729243350616817332e-01 5.904298120500558328e-02 2.717712411301261358e-02 1.190336964027252920e-01 1.707138268089493371e-01
1.110269355304030481e-01 1.000000000000000000e+00 6.189887433876415518e-02 2.265212570987145957e-01 1.137332078361923647e-02 1.529523792260082116e-01 3.091226124748829365e-02 2.951605050929139579e-02 1.515490218741064217e-02 1.748015849454130077e-01 1.402312959126507386e-01 2.273897285178361760e-01 -2.719035977518821992e-02 3.758065871638818778e-02 4.363318197015993161e-02 1.453152899661501185e-01 1.821010068284365790e-01 -4.700038497173265883e-02 1.730802204249417553e-01 2.475305271540365892e-01 1.209932241823779009e-01 2.236071843609210297e-01 2.411604170195401076e-01 1.604523312651601197e-01 5.229847251355200510e-02 2.448122154570535614e-01 1.811994066179679064e-01 2.495259507624048578e-01 8.848802082692779070e-02 2.628304615949358380e-01 -2.074551099048491110e-02 -4.281750360127820065e-02 1.276869402846525225e-01 2.426671648654687985e-01 1.627778655971507948e-01 2.317923814238446456e-01 2.221807622403020738e-03 2.143404363910339228e-01 2.716918117823312329e-03 1.419537379857807313e-01 3.217086107285232338e-02 6.967413263048725935e-02 4.442289530484547916e-02 1.618030633549365493e-01 7.427619876310810609e-02 2.278089745605098304e-01 -7.236755117078948196e-02 -3.157917744467820392e-02 5.351608059745534274e-02 1.976598682185768119e-01 2.567038368293914075e-01 -6.368201465410822104e-02 2.333975351980511759e-01 2.522540226228905391e-01 1.404414051786646855e-01 2.317487683797850306e-01 2.370058598410150208e-01 1.606186657891235936e-01 8.026058817058067882e-03 1.813392463399855215e-01 1.395827097192067212e-01 2.402374745685679214e-01 7.901026737539389166e-02 2.571929804026328314e-01 -7.046495027781948806e-02 -5.402757429972505215e-02 8.217018829566773153e-02 2.516507622813428657e-01
1.938916195498783523e-01 6.189887433876415518e-02 1.000000000000000000e+00 -4.060587262887229570e-02 2.392476588394704118e-02 1.190378541676164192e-01 6.822446189892267254e-01 3.869597488296611099e-01 3.977626799974864902e-01 6.657801622104873862e-02 3.134870821892529191e-01 3.951936689307002787e-02 2.089484690545527212e-01 5.534920062717242351e-01 1.697535005949632747e-01 1.679063142714425361e-01 3.673560826850278405e-01 3.107617252740437763e-01 2.987085852374883332e-01 1.294219695578932017e-01 1.679097191240505604e-01 2.407286736911901925e-01 1.914818217836905256e-01 4.733313966285580543e-01 9.015346595764822668e-02 5.040015989692065990e-01 6.342816746888884083e-01 2.960235382398170370e-02 1.799476799672670713e-01 2.594757822488437671e-01 1.380709838534281142e-01 2.174138564795657230e-02 1.818628766572421562e-01 7.266991711618482619e-02 1.743748781802469117e-01 7.321724109760661958e-02 5.333200912366937718e-01 -6.058563506375446578e-02 3.163225854744131094e-02 4.231921502027660709e-02 5.305532601604856513e-01 1.709595411726823333e-01 3.000766334086101272e-01 4.234774067383993007e-02 2.314751588624948120e-01 5.118949293184354293e-02 1.659518956249564914e-01 4.207346296951479103e-01 1.296620701852153612e-01 8.815071269092195072e-02 9.363326563219877274e-02 2.921197741440254014e-01 1.701914242761695673e-01 1.393346458598942739e-01 1.400577300540967740e-01 1.655481431982544216e-01 6.338598198508553494e-02 3.825410504144867163e-01 9.004937320814609958e-02 3.346545077698283022e-01 4.982401873384709745e-01 -1.062226679681113617e-02 1.524385000860841721e-01 4.173476862773432827e-02 2.188125120699473403e-01 1.931296900209864692e-02 1.301699665595141830e-01 4.341003541095599105e-02
2.116069496845141285e-01 2.265212570987145957e-01 -4.060587262887229570e-02 1.000000000000000000e+00 7.639006485932767210e-02 4.701642077889317539e-01 1.259368300234388893e-01 1.045966477557140895e-01 3.541493197588547331e-02 6.108477700294361323e-01 8.354705778639176517e-02 7.711043086313965622e-01 -1.743977030653629662e-02 7.372300514031211727e-02 6.751730250526233323e-02 2.731029935748111592e-01 1.327556602915040407e-01 -1.340502307154421424e-01 1.495336547901466862e-01 7.170869122540065588e-01 2.912371913920718813e-01 2.406179075168775328e-01 4.102050903281109773e-01 2.577404837450988362e-01 -5.111349994682615194e-03 1.183477707739088031e-01 -1.662728329166635738e-02 6.881360366174510412e-01 2.169259938982057156e-01 3.263047183677737495e-01 -3.064455986251635872e-02 5.972001386321302424e-03 2.418664226400720485e-01 3.216236339454229820e-01 3.077846189514692465e-01 2.379010418880384559e-01 -9.972613221821441387e-03 8.356528259784257173e-01 4.315934654278406890e-02 4.323759438831121238e-01 1.416479111615044084e-01 2.120782385887047261e-01 1.139761759137914443e-01 5.771673507499444078e-01 6.721652817925603818e-02 7.550011696246663462e-01 -8.567442205055153526e-02 -6.084253400234065912e-03 1.231045170712983250e-01 3.493887492419479046e-01 2.816684628648202793e-01 -1.157592797040652016e-01 2.577774737781428627e-01 6.985729254928518817e-01 2.819998861493235864e-01 2.657569596313882898e-01 4.316523734929660350e-01 3.488174120505496689e-01 -5.416922730909968370e-02 2.008341783641459377e-01 2.736498699383165673e-02 7.183617960158452664e-01 2.012636590338958142e-01 3.936554368551891669e-01 -5.729474794036183705e-02 5.035869481600185188e-02 1.518131502366213137e-01 3.611249271561520757e-01
3.292140645870608034e-02 1.137332078361923647e-02 2.392476588394704118e-02 7.639006485932767210e-02 1.000000000000000000e+00 1.194893554075621145e-01 7.799181206110408771e-02 9.648503574852843045e-02 6.378930357111385618e-02 6.169271091773973620e-02 6.358639763963644387e-02 6.599127966501376619e-02 5.834171954085386191e-02 8.370231673741314327e-02 1.078231904249941087e-01 6.058518303877301336e-02 4.059818295666418886e-02 1.669386950202239941e-02 3.767053286491824082e-02 5.628286092010217900e-02 1.149879480839443163e-01 8.429739594586456788e-03 8.244352204609903256e-02 6.062090342815650013e-02 4.922259598749312987e-02 9.586454060317377290e-03 5.553440407803134082e-02 7.802096352197865348e-02 1.031417124764431315e-01 2.980532466467401484e-02 4.632259007963554498e-02 1.209046421264392546e-01 5.395869163560468307e-02 8.093478092629362297e-02 5.887077183269172342e-02 4.676311697900736170e-02 9.409463357444958903e-03 7.412327536892085456e-02 6.008481982500341739e-02 9.903997710270365240e-02 4.405683992975038127e-02 5.939072190329327400e-02 3.760151889848847850e-02 8.341140832625205948e-02 5.620448040316192856e-02 6.350238001109605179e-02 3.502841780622514833e-02 3.460502560669948685e-02 3.513097955782937959e-02 8.685136966445711204e-02 1.394319881781298960e-02 1.618306066554346667e-02 2.000109839509828583e-02 6.824121205089186959e-02 1.074021319009019204e-01 1.447196946356579111e-02 1.063152223380669087e-01 6.655901702829319921e-02 -6.615621544074881850e-03 -1.431705897968568557e-03 2.553265825204909661e-02 8.425401993644852927e-02 9.987854777844479282e-02 3.283034750971697280e-02 1.407370176449366378e-02 4.598167826183068019e-02 5.466893500137606776e-02 4.730313171425451491e-02
2.772359457335276112e-01 1.529523792260082116e-01 1.190378541676164192e-01 4.701642077889317539e-01 1.194893554075621145e-01 1.000000000000000000e+00 3.178396109645594270e-01 3.186426132174710046e-01 1.303170277867644611e-01 5.383424407688767177e-01 1.487018939439050946e-01 5.157847014462165758e-01 1.060236683392782181e-01 2.597441668952413796e-01 2.090956880653763450e-01 2.600308176901180990e-01 1.784513174685775361e-01 -1.546292524306005708e-02 1.873434631421432850e-01 4.526272804210484391e-01 3.400684989499970778e-01 1.740169032439050911e-01 3.755626124284349721e-01 2.955755034758547617e-01 1.443405316588855861e-02 1.412171725772785880e-01 1.557231407630632614e-01 5.482712855487945625e-01 3.017441473128452123e-01 3.240440898511722789e-01 2.004760554332912087e-02 7.308131276922336106e-02 2.335068645919310959e-01 2.350350985639679258e-01 3.349213884370561556e-01 1.638298014697686933e-01 1.414613855652088747e-01 4.865772199047939672e-01 1.142449378211521788e-01 5.395456474567759120e-01 2.959881876002219414e-01 3.448362817930867852e-01 1.636251781318210363e-01 5.080121288116445921e-01 1.679887879257466743e-01 5.213535153775484821e-01 6.934418815102529055e-02 1.999375797222353035e-01 2.197795928836773771e-01 3.185984098701356015e-01 2.083762283606193089e-01 3.782490374313961234e-02 2.369755886312983895e-01 4.591888173196395639e-01 3.124333004609816666e-01 2.115411370441698524e-01 3.624265628256747585e-01 3.490673986887609104e-01 -1.269955742784566015e-02 2.158631033156345747e-01 1.504983410381831588e-01 5.487717927065427492e-01 2.709834637419692438e-01 3.501988232606280116e-01 7.583804134577969147e-02 9.093405417018175785e-02 1.478673686349799288e-01 2.449282824121824798e-01
2.583655818934426640e-01 3.091226124748829365e-02 6.822446189892267254e-01 1.259368300234388893e-01 7.799181206110408771e-02 3.178396109645594270e-01 1.000000000000000000e+00 4.902250344179838182e-01 5.516229458641825900e-01 2.394030428257981624e-01 3.174665649675165735e-01 1.965459004353468098e-01 3.047863520559690453e-01 6.309518539815861526e-01 2.738274320728336653e-01 2.057296067264730022e-01 2.310181597755534000e-01 2.625044638446023537e-01 1.382257002533450740e-01 2.435756917006861311e-01 2.491569051270619284e-01 3.004786651869728598e-01 1.788259434132197234e-01 6.563435570164830590e-01 1.520929356452109527e-01 3.620425764382713130e-01 5.561741768763461824e-01 1.776907426474690355e-01 3.009434518588669505e-01 2.110364218803307546e-01 1.663753816472303970e-01 5.688762469408727845e-02 2.231981290994528855e-01 5.214770173242157247e-02 2.452224450430117997e-01 7.115030005113349987e-02 5.149138760762845823e-01 1.163166757375880545e-01 4.022050066073245417e-02 2.581366885320371951e-01 6.961451316967385283e-01 2.861078549073442501e-01 4.788130594625374936e-01 2.295403136505999864e-01 2.367356891439431066e-01 2.275898340311397483e-01 2.810152842118787131e-01 5.383975473238817866e-01 2.468788101830328707e-01 1.760066501330974920e-01 1.961451092611786809e-02 2.769327577714008615e-01 9.283773985888726932e-02 2.690316622641011901e-01 2.378552553729081087e-01 2.274148038433562724e-01 1.193234777016349835e-01 5.682607505752670374e-01 1.322449153686738044e-01 2.593795886436635056e-01 4.649518013885310941e-01 1.650379048810651228e-01 2.416010473763262056e-01 4.285037677150717317e-02 2.696751973198686092e-01 8.100664569869778231e-02 1.444073583436754626e-01 4.143776294742052696e-02
3.319376390282229861e-01 2.951605050929139579e-02 3.869597488296611099e-01 1.045966477557140895e-01 9.648503574852843045e-02 3.186426132174710046e-01 4.902250344179838182e-01 1.000000000000000000e+00 1.844752412133400521e-01 2.074833795544335779e-01 2.459700165813705763e-01 1.500148575099982118e-01 1.076611470418511740e-01 5.010402108874979499e-01 1.253835488940066578e-01 1.928154670082873334e-01 2.118649608241875704e-01 2.731673790011270309e-01 2.870776416959444077e-01 1.378334995018846987e-01 2.846770884499980614e-01 1.968820316511961654e-01 2.744929081258668524e-01 1.893766921552131055e-01 -3.705820386054603510e-02 2.707167114243532180e-01 2.706354148193109710e-01 2.650859933446825245e-01 2.625926891158156251e-01 3.784588556544518645e-01 2.048289750221428049e-02 5.629305097461186069e-02 1.624963069240219493e-01 1.101033947809558905e-01 2.686634910590690595e-01 4.302064193341288700e-02 3.230260564085278840e-01 9.679064985862881332e-02 9.363894249039304840e-02 2.712787253200784066e-01 4.140885950466506316e-01 4.622534856624944677e-01 1.656945829251265934e-01 2.060479176305769489e-01 2.215109137656829097e-01 1.467575706276698921e-01 8.416402741513466859e-03 3.865990955752771630e-01 8.698219141119252484e-02 1.664726408648970202e-01 1.245427966372903705e-01 2.872968963474985538e-01 1.665322530408309132e-01 1.512745062869805257e-01 2.058816597167849316e-01 1.385551013384957730e-01 1.789722768126609243e-01 1.767236342674846084e-01 -3.535010077105669307e-02 2.068902850461643017e-01 1.794166212082248524e-01 2.165894547608584464e-01 1.994323619155653482e-01 2.361103536809648629e-01 4.236084767539266549e-02 5.627137045340157434e-02 1.042415890291719105e-01 8.151679356048911751e-02
2.928564659460120012e-02 1.515490218741064217e-02 3.977626799974864902e-01 3.541493197588547331e-02 6.378930357111385618e-02 1.303170277867644611e-01 5.516229458641825900e-01 1.844752412133400521e-01 1.000000000000000000e+00 1.189056229278511595e-01 1.862099919180353336e-01 8.216906467289400440e-02 3.364976132399736253e-01 3.043750679375538670e-01 2.255433782041189050e-01 8.233286045628770977e-02 3.776693774714894036e-02 8.958911594793117494e-02 -8.676240641703474032e-02 1.516539019967237389e-01 1.385213743144918519e-01 2.202558546340481760e-01 4.806298524826617402e-02 5.294183253453291771e-01 1.886569736988275015e-01 1.588214174219268471e-01 3.831921228296825688e-01 -5.580628569131010352e-03 1.828871705499094669e-01 -6.201188160951164735e-02 1.356777437874075731e-01 5.099060687755606336e-02 1.464251465035121269e-01 -4.660000599180699060e-03 2.993102081310651877e-02 2.753919398720649017e-02 3.056674016591220400e-01 3.320640001536401958e-02 -1.321400555295675940e-02 1.198064556138947606e-01 4.088299188112752836e-01 8.138784714274972798e-02 4.262559377324533494e-01 1.271139447569294978e-01 1.132689801862720724e-01 1.060092278799300985e-01 2.905870892483021217e-01 3.319927370110574705e-01 1.746699527521163031e-01 7.907951305382422691e-02 -9.990976291165400147e-02 1.047206390692971556e-01 -9.181675945746875511e-02 1.667466042812940918e-01 1.658027817564741435e-01 1.636888349220522454e-01 3.809569399315416993e-02 4.197644377416225314e-01 1.903177033941117480e-01 7.639827385988269548e-02 3.166237381844740906e-01 1.812766112643297151e-02 1.551556393830554603e-01 -1.191823170969445733e-01 1.942871529841300737e-01 4.000506924077290583e-02 1.280348241919846974e-01 2.576994545817200971e-02
2.454601234077872784e-01 1.748015849454130077e-01 6.657801622104873862e-02 6.108477700294361323e-01 6.169271091773973620e-02 5.383424407688767177e-01 2.394030428257981624e-01 2.074833795544335779e-01 1.189056229278511595e-01 1.000000000000000000e+00 1.785872645218914423e-01 6.098366250274404043e-01 9.149696100248599917e-02 1.963158267732815210e-01 5.951352439763064883e-02 2.797146603100976736e-01 1.495579002320769069e-01 -4.141761997507683452e-02 1.696992032224138303e-01 6.042451151104122342e-01 2.913820856162533945e-01 2.379679823861174937e-01 3.756061823652981357e-01 2.752130817916273453e-01 5.208294236874536076e-02 1.681693256726037311e-01 9.194702121274446471e-02 5.682416200575771681e-01 2.529140433289046030e-01 3.220557022815809245e-01 -1.433064611126369514e-03 1.176556579145393924e-02 2.364908338437423652e-01 2.732455265482334750e-01 3.292723674938057288e-01 2.293901805103934211e-01 1.070210364580014423e-01 6.476667641383710983e-01 7.633602860468981233e-02 4.744441263789421770e-01 2.627483262842716383e-01 3.130038198772939761e-01 1.808753351044855295e-01 8.187852787233925733e-01 1.613133880454531988e-01 6.062668347676295477e-01 5.017900044601729045e-03 1.504192415780920278e-01 1.242549885587526798e-01 3.211145724092725473e-01 2.456969730889193571e-01 4.552985375987256972e-02 2.962171653948442729e-01 6.047865825805471829e-01 2.741168135363352132e-01 2.686906895911113091e-01 3.666150624263007085e-01 3.340590618003281276e-01 1.112004285880697357e-03 2.641187076921422960e-01 1.377798003859588005e-01 5.980689640651788430e-01 2.307913788495260798e-01 3.555188512538643986e-01 2.274117181277798480e-02 6.508799079822596978e-02 1.260567043038060830e-01 3.052214709874617737e-01
2.184810244125135470e-01 1.402312959126507386e-01 3.134870821892529191e-01 8.354705778639176517e-02 6.358639763963644387e-02 1.487018939439050946e-01 3.174665649675165735e-01 2.459700165813705763e-01 1.862099919180353336e-01 1.785872645218914423e-01 1.000000000000000000e+00 9.164143371161410923e-02 2.008193411391716587e-01 3.399981881313181020e-01 6.411905466634575113e-02 1.391193300042574132e-01 2.597095268855647565e-01 2.718309306034504269e-01 3.185900180461927467e-01 1.512380977615120081e-01 1.234692083238675409e-01 2.467386929997871792e-01 1.475034231058984791e-01 2.466168475989319320e-01 1.480224926735765889e-01 3.682303292373343973e-01 3.771602700760627314e-01 1.204779604062009013e-01 1.550580822582471874e-01 2.186433076774759177e-01 9.898177875953248495e-02 5.310708516314322641e-02 1.431968789946026777e-01 1.585862361759228234e-01 1.685888378710887481e-01 1.395883276286055963e-01 1.158481633764187335e-01 8.681129953236836616e-02 2.252470477771661983e-02 1.065484682303200065e-01 2.028228027217235108e-01 1.627842651920644867e-01 1.369679574595823179e-01 1.824298328856965856e-01 2.237212606281453742e-01 1.116567320220128862e-01 7.185920109191648586e-02 1.834342853383250371e-01 1.778641125923601657e-02 1.430873557301015342e-01 1.341876625547621937e-01 1.407535853611965593e-01 2.241204425588132210e-01 1.510593349714582923e-01 1.445241974318719480e-01 1.831755707651203657e-01 9.389550768063521791e-02 1.782402950459638369e-01 1.222703904296144894e-01 1.823686390958867420e-01 2.766788100920192228e-01 1.063523062754888060e-01 1.015631721062928011e-01 1.082987872934311341e-01 3.307688509253074727e-02 -1.490601064448220450e-02 8.426427579776586685e-02 1.419652409830679529e-01
2.255032594396813028e-01 2.273897285178361760e-01 3.951936689307002787e-02 7.711043086313965622e-01 6.599127966501376619e-02 5.157847014462165758e-01 1.965459004353468098e-01 1.500148575099982118e-01 8.216906467289400440e-02 6.098366250274404043e-01 9.164143371161410923e-02 1.000000000000000000e+00 -7.772508863404990753e-03 1.137782291273395641e-01 1.229363399274245178e-01 2.564181884660786670e-01 1.663923366531334103e-01 -1.067957172651956138e-01 1.569952134047903347e-01 7.461828069315560308e-01 2.877694738423043352e-01 2.397443969735134073e-01 4.306793497841100993e-01 2.990191171483149724e-01 -9.214435569018832040e-03 1.488750918255787314e-01 4.742262631995914496e-02 6.807495841060193786e-01 2.269361483767884657e-01 3.605009516414303117e-01 -5.392485536774742350e-02 -8.072714576300097852e-03 2.821206406316298931e-01 3.242454589797535425e-01 3.344658030852967201e-01 2.582278664009633462e-01 1.046149585127093828e-01 7.690775106398789474e-01 5.767861145840798287e-02 4.701045634319983568e-01 2.466373673523242216e-01 2.470585943417003549e-01 1.679469046599039450e-01 5.442592262781047463e-01 1.107429344139481964e-01 7.870489665983144700e-01 -5.438362594181013476e-02 8.300228270354280402e-02 1.724861965132706287e-01 3.422515557931568031e-01 3.121853167584232591e-01 -5.612715526303313496e-02 3.017939262425479718e-01 7.273440558239888665e-01 2.789680717541243582e-01 2.941615226308251785e-01 4.461007059668661845e-01 4.098319496736739231e-01 -6.461695200337469469e-02 2.643883008703907800e-01 1.203901231780382941e-01 6.897522521526407990e-01 2.146387258845789403e-01 4.189153848223419185e-01 -1.768765336506894492e-02 3.473828255337165632e-02 1.890523703173132009e-01 3.562288859402708008e-01
1.295232367784339769e-02 -2.719035977518821992e-02 2.089484690545527212e-01 -1.743977030653629662e-02 5.834171954085386191e-02 1.060236683392782181e-01 3.047863520559690453e-01 1.076611470418511740e-01 3.364976132399736253e-01 9.149696100248599917e-02 2.008193411391716587e-01 -7.772508863404990753e-03 1.000000000000000000e+00 2.153971799647379504e-01 1.284391092822968206e-01 6.897620883063940167e-02 8.594205029987997055e-03 7.275060466975664941e-02 -6.144994127882129342e-02 4.607432259281888515e-02 1.896494712891840240e-01 2.591255279803086897e-02 4.444314241503377616e-02 2.450911086719470833e-01 2.216532957378119228e-01 -3.269063602818053638e-02 2.764653400008252881e-01 -1.486004548088910512e-02 1.891912465322302395e-01 -1.272008434364597651e-01 1.988419334150238749e-01 7.465351945974182946e-02 9.427474455820999966e-02 -4.121229673735597385e-03 2.262309894412624367e-03 9.974895523151084201e-03 1.043021813527148234e-01 -1.548913821326055457e-02 4.403056684322084746e-02 1.195035199243185964e-01 1.725932498410987503e-01 2.734356123985705669e-02 2.210150151677182095e-01 1.210391236071037963e-01 7.432086232880794063e-02 3.114682782212945672e-02 3.085890076300227824e-01 1.578838538202106401e-01 1.362354277540350211e-01 1.046145477103808258e-01 -1.370678701734549532e-01 5.536984438213561621e-02 -1.227318051814469124e-01 5.691898850410421346e-02 1.905196546887223952e-01 5.212866791909756548e-03 6.018008498738502965e-02 1.696043730518942139e-01 1.883802919501570416e-01 -8.822137632038917765e-02 1.528027217012107308e-01 4.283006402725015455e-03 1.254102056889969952e-01 -1.204641840299432443e-01 1.754372567057425059e-01 8.145406907998219148e-02 8.082522937226410686e-02 -9.149530992230339027e-03
4.088323843476157071e-01 3.758065871638818778e-02 5.534920062717242351e-01 7.372300514031211727e-02 8.370231673741314327e-02 2.597441668952413796e-01 6.309518539815861526e-01 5.010402108874979499e-01 3.043750679375538670e-01 1.963158267732815210e-01 3.399981881313181020e-01 1.137782291273395641e-01 2.153971799647379504e-01 1.000000000000000000e+00 1.284522553864391459e-01 2.169168559359925530e-01 3.699629994821550527e-01 3.696664647925718694e-01 3.950477146442801790e-01 1.252652591092793255e-01 2.677209048627953170e-01 2.224052872589582786e-01 2.324582891053486033e-01 3.655335889451420961e-01 5.818023931523390313e-02 3.051006483270097824e-01 4.872280782553612966e-01 1.241457657727771391e-01 3.122860283091314915e-01 3.386744828221431858e-01 1.819352141226454056e-01 1.448855513309116605e-01 1.777794509347796204e-01 1.136148823001393859e-01 2.854176111610668420e-01 2.132583142899820844e-02 3.230852740049983129e-01 6.492380280890142075e-02 7.881431752383713518e-02 1.682910599592821188e-01 4.622806521202525443e-01 2.964353825935766573e-01 2.515596283873129946e-01 1.959551641746400952e-01 2.862891905493328837e-01 1.263029375086805461e-01 1.260221905823256938e-01 5.083510868043746855e-01 7.302876516297818199e-02 1.776201488799996620e-01 7.167781561709132832e-02 3.705609484581165458e-01 2.302564070602901580e-01 1.509977464586287621e-01 1.943792885662489478e-01 1.339916717032068327e-01 1.285818390226130536e-01 3.132390132427533280e-01 4.143105737847021380e-02 2.026123593831755387e-01 3.494577585461003943e-01 1.137165078348962438e-01 1.888072771420461204e-01 1.236990439328679858e-01 2.139976926510149813e-01 1.409092047293088179e-01 1.054591227392451397e-01 1.114876364220052235e-01
3.863142205579180033e-02 4.363318197015993161e-02 1.697535005949632747e-01 6.751730250526233323e-02 1.078231904249941087e-01 2.090956880653763450e-01 2.738274320728336653e-01 1.253835488940066578e-01 2.255433782041189050e-01 5.951352439763064883e-02 6.411905466634575113e-02 1.229363399274245178e-01 1.284391092822968206e-01 1.284522553864391459e-01 1.000000000000000000e+00 9.409431537963178216e-02 2.429510292631017684e-02 -1.254990272154716743e-02 -2.285081168327187523e-02 1.018681397340419625e-01 1.303387016869275994e-01 8.934362154491799768e-02 1.206090578766419452e-01 2.686978183263126763e-01 4.371805807758673279e-02 6.864219797667067691e-02 1.858603605531649883e-01 1.462044485686712914e-01 1.505704213703532579e-01 7.448908568248879813e-02 3.983780628275507274e-02 3.573949449388288957e-02 1.168797549045268586e-01 6.253359813879418028e-02 9.623039962130068570e-02 5.199137685572616241e-02 1.762868132786334918e-01 6.728212002838679373e-02 4.866999627740973416e-02 1.654092118013764379e-01 2.329339677650724971e-01 9.208923280931714805e-02 1.929404619930669695e-01 7.066353540798865629e-02 4.995992651693548225e-02 1.359693677691447278e-01 1.579179081501743964e-01 1.415637380509119081e-01 2.553197739026958346e-01 1.139942194378461976e-01 7.811959576614287831e-03 -5.913420271157680472e-03 6.153323946990424051e-03 1.163195349692145025e-01 1.435673027451754291e-01 7.790043445175576231e-02 1.057575669129741519e-01 2.606906553187476883e-01 4.289095592982484356e-02 8.118994878058025111e-02 1.422646908221167905e-01 1.131761676305491904e-01 1.400625947936320337e-01 5.941441144360516680e-02 8.415596254229851247e-02 4.138276814827895195e-02 7.125206999058746049e-02 3.846878197100835756e-02
2.312822073465074235e-01 1.453152899661501185e-01 1.679063142714425361e-01 2.731029935748111592e-01 6.058518303877301336e-02 2.600308176901180990e-01 2.057296067264730022e-01 1.928154670082873334e-01 8.233286045628770977e-02 2.797146603100976736e-01 1.391193300042574132e-01 2.564181884660786670e-01 6.897620883063940167e-02 2.169168559359925530e-01 9.409431537963178216e-02 1.000000000000000000e+00 1.799084288444900148e-01 -2.009849123970269998e-03 1.815310786428599998e-01 2.520367201665307810e-01 4.260669588988207357e-01 2.244794704716051026e-01 4.323110603434737742e-01 2.580271902580620891e-01 -7.782197877344719690e-03 1.811188149510209178e-01 2.034317425858680195e-01 3.553574309330732595e-01 2.713479270657544462e-01 3.018879772076826784e-01 3.444969210419375483e-02 4.707585062845705964e-02 2.341499485796701419e-01 2.527713060705208403e-01 2.969356182644489195e-01 1.405840436291558859e-01 1.140398082489671727e-01 2.791339036090161874e-01 3.448131426975988706e-02 2.748027951612422859e-01 2.035145886324229436e-01 2.059884595664060458e-01 9.685357420839414699e-02 2.963641610495182377e-01 1.366388275206476544e-01 2.899284165849028150e-01 6.380953565434948835e-03 1.540330446690751365e-01 1.106220519925295298e-01 4.088923192284844021e-01 2.006465557328233340e-01 4.960910849831925984e-02 1.697120638422123795e-01 2.790319053358439882e-01 3.847742130612668010e-01 1.661724273659336282e-01 3.970574901219842689e-01 2.674304585764549769e-01 -2.238291594217114294e-02 1.507760646334680432e-01 1.214710467576405051e-01 3.406077148560946455e-01 2.720010609557533265e-01 3.055503195631346092e-01 2.663570286958114042e-02 6.577164888300417178e-02 1.759368877108621887e-01 2.635316412847777401e-01
3.668181835399411672e-01 1.821010068284365790e-01 3.673560826850278405e-01 1.327556602915040407e-01 4.059818295666418886e-02 1.784513174685775361e-01 2.310181597755534000e-01 2.118649608241875704e-01 3.776693774714894036e-02 1.495579002320769069e-01 2.597095268855647565e-01 1.663923366531334103e-01 8.594205029987997055e-03 3.699629994821550527e-01 2.429510292631017684e-02 1.799084288444900148e-01 1.000000000000000000e+00 1.849393067251621225e-01 5.383963381072629506e-01 1.880092656628395975e-01 1.772964482174240741e-01 1.736402835241623033e-01 3.391347149199960276e-01 1.773203407920940500e-01 -2.637978720210779754e-02 4.103417552354836073e-01 3.750122081283884246e-01 1.915785240744531104e-01 1.586712332581375895e-01 3.903839821303735080e-01 5.179386844386805328e-02 2.579035123995373352e-02 1.251893160432457353e-01 2.461490256416411504e-01 2.294114951364154553e-01 1.280609987368840630e-01 1.677370260662996715e-01 1.303880554471670283e-01 2.350804466083215513e-02 8.763650256558419560e-02 1.297087734375974577e-01 1.166874028253681861e-01 3.342503597429335310e-02 1.275881412477560539e-01 2.142943873955814593e-01 1.621017746273005211e-01 -6.109810812292040816e-02 1.177784597224874469e-01 2.786911105510274725e-02 1.855270403051061390e-01 2.903254857453747562e-01 1.407351308164412340e-01 3.662956503056395419e-01 1.887333909377385543e-01 1.380573724478910136e-01 1.163857198653022451e-01 2.385492546766725397e-01 1.430584212523719756e-01 -4.944100342795849923e-02 2.423400324384951954e-01 2.409717417176829024e-01 1.516134282024898527e-01 9.735577744346980700e-02 2.242077941813213626e-01 9.074264266229283005e-02 7.149517757614833047e-03 9.589795034090868586e-02 2.026736017264822165e-01
1.551729032359568661e-01 -4.700038497173265883e-02 3.107617252740437763e-01 -1.340502307154421424e-01 1.669386950202239941e-02 -1.546292524306005708e-02 2.625044638446023537e-01 2.731673790011270309e-01 8.958911594793117494e-02 -4.141761997507683452e-02 2.718309306034504269e-01 -1.067957172651956138e-01 7.275060466975664941e-02 3.696664647925718694e-01 -1.254990272154716743e-02 -2.009849123970269998e-03 1.849393067251621225e-01 1.000000000000000000e+00 2.982271872021921011e-01 -1.236938642464929794e-01 8.092415245481397734e-03 4.972156571949616632e-02 -1.051902919777474542e-02 1.418419573661400430e-02 3.149742861034393604e-02 2.375250515104355420e-01 2.728553567600252028e-01 -1.106968280406716576e-01 5.976587405990729795e-02 9.688351368230704863e-02 1.007541551747525022e-01 5.478126996045568076e-02 -1.921930624485469752e-02 -4.189086951172119044e-02 5.777573280518279869e-02 -3.536042453927940032e-02 1.473143962710135590e-01 -1.347822995320770711e-01 -1.121613634782120221e-02 -5.753941235805831722e-02 1.650105768725484978e-01 1.016428753329181589e-01 2.515442867527472454e-02 -3.056952439295030147e-02 1.156369095494583499e-01 -1.192791319920713522e-01 4.059558435929724873e-02 2.422403361297907065e-01 -5.398545311948729775e-02 -2.531752208899964995e-02 -7.060667024989693112e-03 3.000601897356059977e-01 7.749765324939678068e-02 -1.096982884165774302e-01 -3.615760644583713643e-03 -1.773013539463082905e-02 -7.574527466782046692e-02 -4.593922087723037451e-02 2.729056015384686076e-02 7.062499134833939707e-02 1.832610193726472436e-01 -1.217436783958816410e-01 8.659548352067097249e-03 -4.912656913048787932e-02 9.883981890091858569e-02 -6.881391910649512118e-03 -3.174273031228870556e-02 -7.039792053706699082e-02
4.089832804250152498e-01 1.730802204249417553e-01 2.987085852374883332e-01 1.495336547901466862e-01 3.767053286491824082e-02 1.873434631421432850e-01 1.382257002533450740e-01 2.870776416959444077e-01 -8.676240641703474032e-02 1.696992032224138303e-01 3.185900180461927467e-01 1.569952134047903347e-01 -6.144994127882129342e-02 3.950477146442801790e-01 -2.285081168327187523e-02 1.815310786428599998e-01 5.383963381072629506e-01 2.982271872021921011e-01 1.000000000000000000e+00 1.397915779684048287e-01 1.498558453205197649e-01 1.823962577121941986e-01 2.997892471058384856e-01 5.261701848067380782e-02 -6.817813189212740266e-02 4.410975668675032879e-01 3.063640781919755862e-01 2.142260949780693813e-01 1.465875391042684439e-01 4.770324733189018063e-01 1.539228466088180848e-02 3.996966588401433540e-02 9.019181913061076472e-02 2.688659477371280748e-01 2.958950182951403107e-01 1.429153960395739553e-01 8.310897637319081266e-02 1.303724636542608339e-01 5.879275665682368035e-02 7.765427798254660730e-02 7.583151443233591971e-02 1.975008083013321536e-01 -7.246149346514922651e-02 1.557491187355149742e-01 2.320418514799809373e-01 1.316172715931158699e-01 -1.624925046494530290e-01 1.097553378125001866e-01 -4.471096463366092816e-02 1.806084404960546230e-01 3.220673965560296170e-01 1.831287114603877830e-01 4.458381460998168677e-01 1.456166536406718337e-01 1.124119032167301413e-01 1.027282363949397342e-01 2.083007479896991365e-01 5.423560882605528433e-02 -1.099862725436538818e-01 2.639509468282762450e-01 1.667047379640199944e-01 1.725007774289828155e-01 8.574299979975655295e-02 3.063786971117555824e-01 -5.412032827974402362e-03 4.335035034737854190e-03 7.615269553472382713e-02 2.106026795599530432e-01
1.696456645234219462e-01 2.475305271540365892e-01 1.294219695578932017e-01 7.170869122540065588e-01 5.628286092010217900e-02 4.526272804210484391e-01 2.435756917006861311e-01 1.378334995018846987e-01 1.516539019967237389e-01 6.042451151104122342e-01 1.512380977615120081e-01 7.461828069315560308e-01 4.607432259281888515e-02 1.252652591092793255e-01 1.018681397340419625e-01 2.520367201665307810e-01 1.880092656628395975e-01 -1.236938642464929794e-01 1.397915779684048287e-01 1.000000000000000000e+00 2.552427724199758385e-01 2.870855483661959862e-01 4.158767805194630851e-01 3.566721162477318741e-01 4.794166581349560557e-02 2.009785435361553518e-01 1.534300074077386278e-01 5.781711062193685136e-01 1.831657327239550048e-01 3.371412043868535213e-01 -2.895157033160228321e-02 -1.715736460005421599e-02 3.019269568766772549e-01 3.323682312789323912e-01 2.746664146768394432e-01 2.988202810169925394e-01 1.599813891962539314e-01 7.067740208389186041e-01 4.421969032303365438e-02 3.809780989745492619e-01 2.705333130710503298e-01 2.084197357889202573e-01 2.273078479569991539e-01 5.173264401598627327e-01 1.416560449992363135e-01 7.351004572798270909e-01 -2.151574831229743565e-02 8.049638804054726204e-02 1.575348657672772379e-01 3.121850592755442966e-01 3.005899705322648274e-01 -5.220139567485065912e-02 2.842097387740764036e-01 8.492051415896023636e-01 2.613693521030708289e-01 3.131835017013315237e-01 3.964213088450542766e-01 4.254669477965457025e-01 -4.705268998448329520e-05 2.786479578190768081e-01 1.948628939106647751e-01 5.912010611628040202e-01 1.805254433706198480e-01 3.576560613747238881e-01 -2.671609659641972778e-02 2.387598678452905118e-02 2.243809496911784995e-01 3.837595760327743855e-01
2.968231024537663632e-01 1.209932241823779009e-01 1.679097191240505604e-01 2.912371913920718813e-01 1.149879480839443163e-01 3.400684989499970778e-01 2.491569051270619284e-01 2.846770884499980614e-01 1.385213743144918519e-01 2.913820856162533945e-01 1.234692083238675409e-01 2.877694738423043352e-01 1.896494712891840240e-01 2.677209048627953170e-01 1.303387016869275994e-01 4.260669588988207357e-01 1.772964482174240741e-01 8.092415245481397734e-03 1.498558453205197649e-01 2.552427724199758385e-01 1.000000000000000000e+00 1.449023948711601339e-01 5.899707814807526596e-01 2.075249998466111856e-01 1.654418034594275222e-02 6.420698091219796677e-02 2.063741588739665955e-01 4.110756358051814163e-01 4.220240383334769030e-01 2.652187967135746782e-01 9.041629831320095734e-02 8.824773318430173541e-02 2.807575521348156800e-01 3.076472717058927886e-01 3.124339557366927478e-01 1.122953386452093111e-01 8.467323774947570214e-02 2.983574245136152436e-01 8.086172971604609072e-02 3.535776830990462472e-01 1.842701776054950225e-01 2.467507285491166436e-01 1.317196631823541741e-01 3.153406483088496137e-01 1.160356824986796820e-01 3.135605232535237374e-01 4.511812063946893381e-02 1.494726089394119439e-01 1.498188285028518862e-01 4.369055289290296185e-01 1.339973166159717788e-01 7.650644499460293457e-02 9.914026857861045483e-02 2.885199611358277849e-01 6.151624907690006472e-01 1.269805910311392338e-01 4.805771916128178112e-01 2.251307593334409551e-01 4.392665088527539924e-04 3.198399210532815867e-02 9.832034995392546772e-02 3.589013624617610754e-01 3.692483063810108601e-01 2.800611501066765374e-01 4.587609062733159770e-02 1.045877819269761255e-01 2.156643938582700204e-01 2.731884831561127158e-01
1.778844826009781666e-01 2.236071843609210297e-01 2.407286736911901925e-01 2.406179075168775328e-01 8.429739594586456788e-03 1.740169032439050911e-01 3.004786651869728598e-01 1.968820316511961654e-01 2.202558546340481760e-01 2.379679823861174937e-01 2.467386929997871792e-01 2.397443969735134073e-01 2.591255279803086897e-02 2.224052872589582786e-01 8.934362154491799768e-02 2.244794704716051026e-01 1.736402835241623033e-01 4.972156571949616632e-02 1.823962577121941986e-01 2.870855483661959862e-01 1.449023948711601339e-01 1.000000000000000000e+00 2.230290618646947054e-01 4.335757599312317634e-01 8.187891400024033262e-02 3.922770372349549950e-01 2.378624461799196121e-01 2.828481679316441344e-01 1.582231712480166586e-01 3.563512052605937175e-01 -1.482742054929601233e-02 -4.282829398673056870e-02 2.064644926011562354e-01 2.464990582132298713e-01 2.580322992338938137e-01 2.046488882557320199e-01 1.519993587594208884e-01 2.221545698284655701e-01 -2.025155894302792942e-02 1.299157657828129420e-01 2.863635758081445881e-01 1.491275809192972313e-01 2.472339138029218675e-01 2.099686211067433306e-01 1.262367500669210607e-01 2.325860171659733244e-01 1.797337091589445296e-02 1.831825516626576500e-01 8.965430934933921181e-02 1.995318408380292730e-01 2.168773535148685316e-01 -6.507969015564826071e-03 2.509365455414276913e-01 2.876610177194637852e-01 1.530222353783185218e-01 3.857686317811798160e-01 2.055271104366103163e-01 4.119848247762588622e-01 4.900035997005016547e-02 2.800016419297233217e-01 2.174359655567887906e-01 2.679678888278493876e-01 1.651455490996943942e-01 2.448570212000220070e-01 -3.743548106677437037e-02 -3.606334129320760973e-02 1.300283859150881682e-01 2.339312972109726940e-01
3.376696330160047776e-01 2.411604170195401076e-01 1.914818217836905256e-01 4.102050903281109773e-01 8.244352204609903256e-02 3.755626124284349721e-01 1.788259434132197234e-01 2.744929081258668524e-01 4.806298524826617402e-02 3.756061823652981357e-01 1.475034231058984791e-01 4.306793497841100993e-01 4.444314241503377616e-02 2.324582891053486033e-01 1.206090578766419452e-01 4.323110603434737742e-01 3.391347149199960276e-01 -1.051902919777474542e-02 2.997892471058384856e-01 4.158767805194630851e-01 5.899707814807526596e-01 2.230290618646947054e-01 1.000000000000000000e+00 2.101518336971689160e-01 -4.092712223808411820e-02 2.355171139868336150e-01 2.291887744494415791e-01 5.373701598605593599e-01 3.295666369948775376e-01 4.717123702400585206e-01 9.119066663603354883e-03 2.588895347674930597e-02 2.965270894968408122e-01 4.184741847579982466e-01 3.633760975502063895e-01 2.145255972928679644e-01 1.236529246028326978e-01 4.048784197331034562e-01 5.482131899976885880e-02 3.379827257602008306e-01 1.715915907632926118e-01 2.550411363984150803e-01 8.187010910782521744e-02 3.325519281472672506e-01 1.505453786103979619e-01 4.264021367773096483e-01 -4.590230582059564440e-02 8.626511734416505983e-02 1.398413473989146560e-01 4.677863812893361395e-01 3.312400622082459778e-01 6.533182957238775450e-03 2.874548453397516301e-01 4.197940645783129199e-01 4.809537483906715649e-01 2.195511341979904385e-01 6.164387023853332703e-01 2.649618015478583666e-01 -8.936379893348966874e-02 2.157473797007713467e-01 1.505586742634321129e-01 4.795054269171668548e-01 3.136416300736654117e-01 4.704795790097315855e-01 2.222373083509029262e-03 4.975727961935004495e-02 2.099440949235033549e-01 3.748571868753818315e-01
