1.000000000000000000e+00,2.520762616472831952e-01,2.863985843677422372e-01,9.619938547309452026e-02,5.374170861190726532e-03,1.649286881719684850e-01,1.633191619437381892e-01,3.478399757678347637e-01,1.062286296147958442e-01,1.581443797897177928e-01,1.488118466783061866e-01,1.369573293160158967e-01,1.461124735519068740e-01,4.332496458078518020e-01,-2.224995333360597211e-02,1.451597070547611112e-01,5.622732748814790460e-01,2.467849599904205493e-01,4.633110835353297929e-01,1.298302513700225203e-01,2.101963607462753458e-01,1.223401326369617931e-01,2.931497625970765908e-01,1.190693681158382089e-01,1.355391741246283754e-01,1.720200052827617898e-01,3.806544311207824549e-01,9.718328715152267649e-02,5.476050369824673192e-01,2.968144302301823356e-01,1.849653628215034915e-02,9.287862474368353827e-02,2.013914629914753673e-01,2.289974025468433094e-01,5.519905383061248783e-01,1.879805765570130849e-01,5.863978538300804177e-02,1.068489533820882048e-01,-8.982679194071722939e-02,8.488909349856178788e-02,-1.010219505289725317e-01,7.487567120686344779e-02,-1.758887938624947855e-02,1.583151375390048909e-01,-1.484349522929233056e-01,1.059051963128444102e-01,-2.449292721622060333e-03,1.573152914006113456e-01,-5.887697597692597568e-02,1.943988394545786147e-01,1.567202611773493015e-01,2.368707229065194000e-02,3.911329657273118210e-01,1.141552437691412542e-01,2.778887406144301964e-01,5.406512394864289306e-02,2.370134963133532502e-01,1.444546805775875388e-02,4.863850137903296539e-02,-4.594161655799007538e-02,1.638884251977215101e-01,7.014106982141839197e-02,3.691725067216100054e-01,1.012736182352168834e-01,6.127911268284343127e-02,-8.203452231679303486e-02,1.857972681910891044e-01,1.461972111606376912e-01
2.520762616472831952e-01,1.000000000000000000e+00,2.049500762334136895e-03,1.896364055580158914e-01,8.771230628728247936e-02,1.917541071051262758e-01,-1.594277353192564139e-01,8.649381859102185655e-02,-2.037352912803741187e-02,2.269386804713829642e-01,3.323985425627563051e-01,2.740942975053847763e-01,6.632351667148930763e-02,2.487155230086446692e-02,-7.089157910912242955e-02,2.380288852823840562e-01,4.512603700085889291e-01,-5.013712364210971134e-02,2.938593532984777323e-01,2.708904280669004461e-01,3.856091986751108425e-01,3.303118325578600634e-01,4.985670432172409905e-01,9.398083299248809197e-02,2.287046889413198447e-01,4.284303179729610500e-01,5.175967630666536978e-01,3.001673371840400950e-01,3.374939000192102023e-01,4.206809534864682232e-01,8.806721363753810053e-03,-3.320194257689214334e-02,3.089309772509961083e-01,4.700528259410299836e-01,1.690775764950597504e-01,5.001288760993937155e-01,5.209334390116272806e-02,1.923850403228018202e-01,-3.293438996867149166e-02,1.143724419303810136e-01,-1.781674426245895282e-01,3.063922314148440421e-02,-1.542506375739740032e-01,2.202807357424065582e-01,2.402955666437843751e-01,2.224498498418474302e-01,7.349040154738147902e-03,-1.318852419665387521e-01,-9.009783943295639197e-02,2.534852447027207134e-01,3.426174151469602580e-01,-1.356620315975331503e-01,4.429900967773023335e-01,2.440497077207297305e-01,4.043432051301593111e-01,2.421213809219713020e-01,4.880280550236627546e-01,2.360838084984325999e-02,1.608545045231159487e-01,2.509160213529040284e-01,3.836409567050128588e-01,2.995495541095722913e-01,3.852112494529628117e-01,3.995931756878991492e-01,-1.921551532382389767e-03,-1.458085383917190891e-01,3.189978551294712084e-01,4.954718209033592280e-01
2.863985843677422372e-01,2.049500762334136895e-03,1.000000000000000000e+00,6.809891482577140609e-02,1.961664834088431009e-01,3.251102850096423968e-01,6.516707740985915320e-01,5.831002317008876501e-01,3.723870610793901248e-01,2.583862167766471374e-01,4.587525568760701944e-01,1.976706234878150836e-01,4.412696424340260548e-01,7.235779946091752679e-01,4.033791186324263145e-01,4.244341807262492529e-03,4.161473380565233748e-01,4.362751308740758227e-01,5.674593550704883915e-01,1.816669222376081083e-01,1.655938847777665701e-01,1.586510603313278644e-01,1.969110107246004326e-01,2.794766265968227081e-01,1.775247991018482352e-01,5.441423342852305112e-01,5.463179748759019461e-01,6.802982098660032007e-02,3.182891072396433763e-01,2.059756930033390665e-01,2.238823406890141920e-01,2.346399271840634293e-01,1.533217516792136081e-01,2.113687277861963087e-01,1.025421402449293445e-01,-3.917158415661157328e-02,4.983483329854874744e-01,7.183807732960134640e-02,-3.172501087732310793e-02,6.179859445375639887e-02,2.344498652359522373e-01,1.522639976895127090e-01,2.414748249037449446e-01,2.130710927994875215e-01,1.084776752861393717e-01,1.411264024681837537e-01,2.384861746702460761e-01,5.315414594746168397e-01,1.747623122699934750e-01,8.222948861753973104e-02,1.928210494642695061e-01,4.157026370201630794e-01,2.459715119317047449e-01,1.439902220509413633e-01,2.130789515668479739e-01,3.934852003161270345e-02,6.849721290618072944e-02,5.129317765173697224e-02,2.158265425466801557e-01,2.756766025069914972e-01,4.278330184377199252e-01,-6.462670880662818584e-02,1.624800473736559281e-01,-1.035966998544263079e-01,3.081894377435445698e-01,-3.322803685662559930e-02,1.105167020063427957e-01,-3.666532705935603154e-02
9.619938547309452026e-02,1.896364055580158914e-01,6.809891482577140609e-02,1.000000000000000000e+00,-7.503482976388262116e-02,3.348616168757997946e-01,2.170749023832319324e-01,9.968261489964423683e-02,1.468485463025043791e-01,4.010373235552303073e-01,5.853765631110590534e-02,8.476135730367699850e-01,2.085534469281332889e-02,2.800013347463779778e-02,7.177582137635120374e-02,1.461876893843737646e-01,1.858151795313711385e-01,-1.468532968426971008e-01,2.390194598644025323e-02,7.984893903130017012e-01,1.551457196290583485e-01,2.956616173823977678e-01,2.558424950660018182e-01,4.397148837659736742e-01,3.373221749209959902e-02,1.748193735161637785e-01,2.414703630740641649e-01,5.561689952231948508e-01,1.846474758903392244e-01,1.731770908377331941e-01,3.057147220702945145e-03,-4.660304864024309573e-02,2.349996527768037080e-01,1.151244819387332585e-01,1.226661679085007672e-01,2.277560870709944285e-01,1.887077140639136508e-01,9.669186616040967852e-01,-9.140060591423811165e-02,3.601985105533845877e-01,1.510253765355410449e-01,8.331316482642561749e-02,1.791113184941664216e-01,3.540692938001103740e-01,-1.779623222564791912e-02,8.749921776148419372e-01,9.863629267876339660e-03,-1.885130487034697086e-02,2.225290006176344482e-01,1.587444525733034684e-01,6.468954814222346861e-02,-2.572760063781033280e-01,1.355233497759662786e-01,8.440909503544211656e-01,1.642079466788943509e-01,2.419406102784887047e-01,2.916421216265215333e-01,3.424134115347470808e-01,-2.542959705042857621e-02,8.202372914858331587e-02,2.530559115727681885e-01,4.760770049693540118e-01,2.258818748946236632e-01,8.702982051362515015e-02,-1.686523888861376705e-02,-1.434213037846007732e-01,2.224756923695272726e-01,1.509010676678377849e-01
5.374170861190726532e-03,8.771230628728247936e-02,1.961664834088431009e-01,-7.503482976388262116e-02,1.000000000000000000e+00,1.998358943277732669e-01,-1.771690274277023733e-02,1.815537881902982431e-01,1.577339506660194179e-02,6.172783041238574103e-02,3.781943630288978064e-01,6.157708305967685841e-02,1.556433148173635428e-01,1.056947157569403245e-01,2.659010371959738550e-01,6.335619263485981964e-03,1.788489362352765621e-01,1.914813971031462392e-01,3.323596538954957658e-01,6.620822068321409459e-02,2.334414358628028249e-02,8.381048172760588444e-02,1.059970363940911514e-01,-5.704073710913892814e-02,-5.507835997737172383e-03,2.247671149925577483e-01,1.420527893367396211e-01,1.403733713436848898e-02,1.366938203723935819e-01,1.391365206277992983e-01,-1.553145968691532763e-02,2.468334407217558091e-01,7.431712987589587927e-02,2.225395658271530352e-01,-7.215463254305763685e-02,-1.503438349945174397e-02,4.134926525613746850e-02,-6.595909211316676457e-02,5.224398872493554724e-02,4.267198313160500828e-02,-8.506673832668680546e-02,6.315819996379262724e-02,-6.299011322475875363e-02,3.544303091808611444e-02,2.387629462325564222e-01,-1.772865642790422483e-02,1.280117610568178022e-01,7.641780974821402173e-02,4.793049355457690286e-02,8.304451669915580495e-03,1.519233271786750716e-01,1.783651513424803492e-01,1.618007300506777713e-01,-9.658223752188352038e-03,5.430568554335666459e-02,-4.218689073815243967e-02,5.748738831110348363e-02,-1.362378001174962827e-01,7.700453861349400297e-02,8.457453453118486675e-02,5.621432019176617750e-02,-2.850761210646935231e-02,1.244269394878633611e-01,5.543306761947711103e-02,-5.658640412902438827e-02,1.279529745924454509e-01,4.622966357747752136e-02,1.198786385027651169e-01
1.649286881719684850e-01,1.917541071051262758e-01,3.251102850096423968e-01,3.348616168757997946e-01,1.998358943277732669e-01,1.000000000000000000e+00,2.326633688473639106e-01,6.563922215954556272e-01,1.564710262484852177e-01,6.565008238379099748e-01,3.773611029298964414e-01,5.645333915185285489e-01,1.175227807306751249e-01,2.794938131017252192e-01,2.991108140811117311e-01,1.504180950070334866e-01,4.038072235332426096e-01,7.971391191899016015e-02,3.618826964302443994e-01,5.753451780931239101e-01,3.152548427405830189e-01,3.274172057114585477e-01,4.940649738297612226e-01,2.344774491468321065e-01,2.208966883815812951e-02,3.707692755671534446e-01,3.401650250711086287e-01,6.675166748059776500e-01,3.368412970515902716e-01,5.193124226838482516e-01,-1.339512916284331667e-01,4.872510129585698457e-02,3.401717733457731985e-01,4.480181895227363653e-01,1.401341761793510332e-01,1.520805113405587217e-01,3.805793620624411400e-01,3.433410654071524237e-01,-4.080920380380308188e-02,7.203208629500841287e-01,1.941889343678462887e-01,5.018923069543533844e-01,8.667913369574709037e-02,6.621268993740744291e-01,2.022054483613950071e-01,5.291629237140339503e-01,4.415370516408531447e-03,2.620430298582779871e-01,3.534839874256456294e-01,1.180116362270942770e-01,4.182821443524794014e-01,2.742166322348765437e-02,4.115340193959960979e-01,5.356104969260753190e-01,3.329218991743362888e-01,1.575907200831475619e-01,4.458401298312331673e-01,1.109555237270205552e-01,-7.590117788230486698e-04,2.581445480667677872e-01,3.632464287561885108e-01,6.227968372329293345e-01,3.405682919870414715e-01,4.148939961133935039e-01,3.880590577212396537e-03,-1.287958178288510502e-01,3.087907676714819472e-01,3.867165250015835443e-01
1.633191619437381892e-01,-1.594277353192564139e-01,6.516707740985915320e-01,2.170749023832319324e-01,-1.771690274277023733e-02,2.326633688473639106e-01,1.000000000000000000e+00,4.109642603162285135e-01,6.009412127947800775e-01,1.919899271610196745e-01,7.056390052965966220e-02,2.078998020286388637e-01,3.469119316757436344e-01,6.942777658708192412e-01,3.890398091345211307e-01,2.896046012181836132e-02,-8.799425512743081976e-03,2.199445728422598778e-01,4.820417222930849926e-02,1.440263534168763904e-01,5.041231378547238184e-02,2.113083346547264263e-01,-3.359301336871247518e-02,6.528996283241611520e-01,2.025213133007458532e-01,2.787404593731908631e-01,3.156500498402560750e-01,1.593249497995217479e-01,1.495231729884987093e-01,5.099294085259044318e-02,2.746190692699347902e-01,6.063199606279996018e-02,1.086659336662624820e-01,-5.591305616053468541e-02,1.618046161155925478e-01,-6.730821696227982931e-02,5.781568278138100592e-01,2.021454928067842327e-01,-5.665400786172606305e-03,1.457756527478060171e-01,6.682226045135081227e-01,2.541753865910615917e-01,5.876707657869812973e-01,1.606998535828173258e-01,-3.300730579683368304e-02,2.257856992397730966e-01,3.366414414392237542e-01,6.972877772485913672e-01,3.680118371295828528e-01,7.146800845331810481e-02,-1.817626688108980176e-02,2.642161469568944931e-01,-4.624619826147841929e-03,1.827725988155831094e-01,4.412316611994381021e-02,2.643775344984807818e-01,-7.635939605756913995e-02,5.330902913707046276e-01,1.975079406630111389e-01,2.920035653783086271e-01,4.134130960894901730e-01,5.708277060657476060e-02,2.531430775525423185e-02,-1.187774903044672425e-01,4.052622319544956775e-01,-7.163701320873962219e-02,5.106991124140616151e-02,-1.832750358237335286e-01
3.478399757678347637e-01,8.649381859102185655e-02,5.831002317008876501e-01,9.968261489964423683e-02,1.815537881902982431e-01,6.563922215954556272e-01,4.109642603162285135e-01,1.000000000000000000e+00,1.886469690354461437e-01,3.797230829400402574e-01,4.015795145053118742e-01,2.578144888102988919e-01,2.785698076209652263e-01,5.395561867486924346e-01,3.130998335699746726e-01,9.033990117685194998e-02,4.206349808023969739e-01,2.867027728964998690e-01,4.854653889189923799e-01,2.591213550456488157e-01,1.897350749817488802e-01,2.212221997833893894e-01,3.464014190115287661e-01,1.409542226271665588e-01,7.208193459363541888e-02,3.960838331288911718e-01,3.667566819726082450e-01,4.143689035407677745e-01,3.561097101443068125e-01,4.753267957521865039e-01,-6.201415535708225402e-02,1.702069927348982825e-01,2.475112959493868947e-01,3.465359109972265261e-01,1.331138441854212151e-01,3.709931701712702173e-02,4.063238066057578979e-01,1.126560466050648135e-01,1.108659709811771199e-02,4.211489007019994513e-01,2.041932558707926781e-01,5.504185032837900504e-01,1.253121317612701791e-01,3.765605575038865616e-01,1.246707665339559234e-01,2.470049071493518045e-01,1.030941827840661379e-01,4.277917501064463224e-01,2.671855273353541671e-01,8.179487044000745277e-02,3.458433146157048332e-01,2.487729367764425492e-01,3.476867612494519144e-01,2.361626529357121751e-01,2.138042650174790948e-01,1.159478780141892929e-01,2.172166549277011749e-01,6.641676135400067897e-03,4.807386430241949310e-02,2.162957080964044154e-01,2.872893825432922821e-01,3.205741212529477635e-01,2.270010216792489599e-01,2.459028561008049785e-01,4.022309234745222867e-02,-7.422158815849899671e-02,2.051977303901710570e-01,1.756801254702773096e-01
1.062286296147958442e-01,-2.037352912803741187e-02,3.723870610793901248e-01,1.468485463025043791e-01,1.577339506660194179e-02,1.564710262484852177e-01,6.009412127947800775e-01,1.886469690354461437e-01,1.000000000000000000e+00,1.628023317359427458e-01,6.904247871508426004e-02,1.866414802435627518e-01,4.042047221032203375e-01,4.098291884172898802e-01,3.471649811030736998e-01,3.595494950860114031e-03,-5.052972101204981914e-02,2.061702850616593252e-01,3.620374783148192638e-02,1.353468359581649350e-01,1.154912453875333589e-01,3.007902768674882710e-01,1.610625532260482468e-02,6.211524037536347853e-01,3.475647242998212705e-01,1.544728014007213657e-01,2.862240929116774413e-01,8.731303793212899511e-02,1.636982198372765873e-01,-2.328325598670799579e-02,2.263060438346418402e-01,9.985813090566406092e-02,1.698121629604292804e-01,1.968937289522950870e-02,9.172627234747543490e-02,4.173026062109527756e-02,2.990933950853392753e-01,1.427827550858863370e-01,-6.326752347190373396e-03,9.161956830817294395e-02,3.598762508564014584e-01,8.354318060853381522e-02,6.288329043194055279e-01,1.240734615869642926e-01,-6.964123695495127216e-04,1.760356638967798537e-01,4.008353983791834163e-01,3.878602015720607477e-01,3.272983887912860324e-01,1.861482412928222932e-02,-6.575916158864315852e-02,1.326539637613150246e-01,-1.949326052073584864e-02,1.504370885672752789e-01,1.231372074311268133e-01,3.111399474740472182e-01,7.023074996988594085e-05,4.743427010097871488e-01,3.997441325185295824e-01,1.865602949439695846e-01,3.317449553746881774e-01,4.963978593167153730e-02,9.892082391606976666e-02,-7.911170160021627207e-02,2.846886246648455132e-01,-3.117087776120664594e-02,1.342683500935516472e-01,-5.588653240351828394e-02
1.581443797897177928e-01,2.269386804713829642e-01,2.583862167766471374e-01,4.010373235552303073e-01,6.172783041238574103e-02,6.565008238379099748e-01,1.919899271610196745e-01,3.797230829400402574e-01,1.628023317359427458e-01,1.000000000000000000e+00,3.091826196713763908e-01,6.505728231993419541e-01,1.671351931545596303e-01,3.205643553948767654e-01,2.070847401068805563e-02,2.788923543592001786e-01,3.561825540550278002e-01,8.429279673820486152e-02,2.516534904205955936e-01,7.148795195828694382e-01,5.383418115250774294e-01,3.201780100667649953e-01,6.302093234645831377e-01,1.738284953035489633e-01,6.730496607599924241e-02,3.033576113655480078e-01,3.849369247299671559e-01,6.175034096588042365e-01,4.014471400585067906e-01,4.505884968141517510e-01,1.133230046332105168e-02,-8.332570328708999163e-02,4.097195768870875443e-01,3.970188408587984608e-01,1.027946178920301629e-01,1.328806422910141227e-01,3.394250775465676995e-01,4.049909012490578997e-01,-1.411035023382403164e-01,4.993327187606898532e-01,4.384846775626916743e-02,2.837473012495890234e-01,3.785488614626045939e-02,9.530423826429339496e-01,1.403325563499996653e-01,5.800484836380503939e-01,8.471372951615614710e-02,1.363488821330909595e-01,1.518340606583765684e-01,2.863278322478115534e-01,2.828559887889506852e-01,-5.166980641621871789e-02,3.967591127319836652e-01,6.699330282469674325e-01,5.395167539808959356e-01,1.426041202279553499e-01,6.037104184172390475e-01,4.026339813132004397e-02,1.197762998171056359e-02,1.282589918399349993e-01,3.833324478759415066e-01,5.811292843461687285e-01,3.621921945282827182e-01,3.448270012252824812e-01,2.466043756873479223e-02,-2.022407360813621990e-01,2.869747767372248792e-01,3.815430148135117716e-01
1.488118466783061866e-01,3.323985425627563051e-01,4.587525568760701944e-01,5.853765631110590534e-02,3.781943630288978064e-01,3.773611029298964414e-01,7.056390052965966220e-02,4.015795145053118742e-01,6.904247871508426004e-02,3.091826196713763908e-01,1.000000000000000000e+00,2.496379347620242550e-01,3.689297389517563475e-01,3.320682384309238677e-01,2.769454156773317188e-01,6.118312846884169098e-02,5.547245129936301256e-01,2.426262481850919306e-01,6.544767804021210944e-01,2.529227465064562419e-01,2.744203088223421405e-01,3.113349501302742905e-01,4.101240406497698721e-01,3.499087245266516849e-02,1.560664866450484911e-01,6.422619362367696372e-01,5.538534916629135330e-01,1.605563833577912936e-01,4.103599005902238139e-01,4.333535645859753482e-01,3.532136268617633735e-03,2.333545463862014557e-01,3.060822853453185055e-01,5.536419403814404339e-01,-2.422505564271448114e-02,2.047577656863577011e-01,2.252256529201227819e-01,7.155190259665701602e-02,-6.606404575219389230e-02,6.998752535253018048e-02,-1.335703675001778667e-01,1.355773136153118341e-01,-1.077271895151631492e-01,2.639004167879173690e-01,4.696968207453741107e-01,1.465947284491372904e-01,1.289396510330281242e-01,1.444714554680102681e-01,2.873933775130568195e-03,1.319352768041776314e-01,4.051472993904984277e-01,1.846660989228531280e-01,4.516603824419306856e-01,1.642364458405012606e-01,3.242368448876948861e-01,1.340755652843815815e-01,3.195914642503622782e-01,-1.590768885271371669e-01,1.970995512091256452e-01,3.080696047989346931e-01,3.674167541802829673e-01,6.169059450407155670e-02,3.748498870816525108e-01,1.955003031422813675e-01,5.482306602355835334e-02,-8.141138051127255748e-02,2.610889449325097256e-01,3.509556150556229492e-01
1.369573293160158967e-01,2.740942975053847763e-01,1.976706234878150836e-01,8.476135730367699850e-01,6.157708305967685841e-02,5.645333915185285489e-01,2.078998020286388637e-01,2.578144888102988919e-01,1.866414802435627518e-01,6.505728231993419541e-01,2.496379347620242550e-01,1.000000000000000000e+00,1.292329524175124533e-01,1.599417427161125560e-01,1.632602029008828060e-01,2.190930324013517227e-01,3.316111229133251737e-01,-2.681791962555214390e-02,2.130112943801203140e-01,9.273386552029208030e-01,3.185589097383390023e-01,3.519267380043397675e-01,4.570863131934646550e-01,3.969972945955518862e-01,7.827022039994187275e-02,2.972576492148181759e-01,3.712337671319108079e-01,6.501336391613229404e-01,3.073367802881334376e-01,3.629971639514261161e-01,-1.200393252382138745e-02,-9.605418569807858131e-03,3.556014220714257545e-01,3.115171376232204747e-01,1.278682467882360785e-01,2.228419746871195817e-01,2.547089159862436780e-01,8.488428249733209752e-01,-9.758569535542543916e-02,4.982643157177881199e-01,8.898219910697320600e-02,1.805920144363725166e-01,1.210705583145566394e-01,5.979165723579838998e-01,6.458751549687848093e-02,9.293157405362321155e-01,6.480642242440663725e-02,4.289691959836986618e-02,2.720172175492659439e-01,2.200079186020552080e-01,2.086951819113908591e-01,-1.713997636806062486e-01,3.175673105683626818e-01,9.106275358459660074e-01,3.253152738575414427e-01,2.045986851814599328e-01,4.522009816777906588e-01,2.378998372797056227e-01,2.385528396544453825e-02,1.046044102665232844e-01,3.434791468002796888e-01,5.567085421881043938e-01,3.259166634857768585e-01,2.319903037436488735e-01,-3.679468176055600975e-02,-1.780963537093266380e-01,2.988952550808572917e-01,2.886178018177886773e-01
1.461124735519068740e-01,6.632351667148930763e-02,4.412696424340260548e-01,2.085534469281332889e-02,1.556433148173635428e-01,1.175227807306751249e-01,3.469119316757436344e-01,2.785698076209652263e-01,4.042047221032203375e-01,1.671351931545596303e-01,3.689297389517563475e-01,1.292329524175124533e-01,1.000000000000000000e+00,4.583730093714584730e-01,3.465767011023622723e-01,-2.430210614539233052e-02,1.740555123127251747e-01,3.667775780217614745e-01,3.357165274941222854e-01,1.183929130183328099e-01,2.145522167207779551e-01,1.431936803912251810e-01,1.555075245127850447e-01,1.921471778422352839e-01,3.709510999609729187e-01,1.652415270689442106e-01,3.691380704307275495e-01,-9.945211737439563215e-02,2.358680237842715743e-01,-1.946077036797770957e-02,2.575322660526868090e-01,2.401459559013830181e-01,1.456251191729867056e-01,1.401820034914535718e-01,-5.942202424040158443e-02,-2.526532929726138174e-02,1.106884549277470930e-01,3.228436589644483740e-02,-1.912494941369044174e-02,-3.403188590772703026e-02,-3.172648454612141122e-02,8.708361908146680652e-02,2.639685160388249296e-01,1.180359330471647955e-01,5.029312718770518470e-02,5.528789679164324705e-02,5.249385556041157308e-01,2.983880564855516671e-01,1.906088977900026737e-01,1.346695139609834467e-02,-3.518402704813831244e-02,2.036632229679239958e-01,6.856114310758636143e-02,4.506944830832296939e-02,2.479428576034681808e-01,7.737739981658847688e-02,9.401024061244203645e-02,2.238449202755568839e-03,3.387947552493421055e-01,-4.476610325238366411e-02,2.391006781971211637e-01,-1.556106195406433690e-01,1.081983029536992824e-01,-1.888866915763592891e-01,2.029915449177223108e-01,8.198387235963430775e-02,5.469612270155267686e-02,-3.969719389174750090e-02
4.332496458078518020e-01,2.487155230086446692e-02,7.235779946091752679e-01,2.800013347463779778e-02,1.056947157569403245e-01,2.794938131017252192e-01,6.942777658708192412e-01,5.395561867486924346e-01,4.098291884172898802e-01,3.205643553948767654e-01,3.320682384309238677e-01,1.599417427161125560e-01,4.583730093714584730e-01,1.000000000000000000e+00,2.675071140406235504e-01,2.219516523169496377e-03,3.386110133348965157e-01,4.504591172445984171e-01,4.000921811941505757e-01,1.584456912567979714e-01,2.563730158889910293e-01,1.808219323922421462e-01,2.269624962986521166e-01,2.537940028202091969e-01,2.191217443769558071e-01,3.888625442157518930e-01,4.977021463953983371e-01,6.780324612432697684e-02,3.994228772313427323e-01,2.932665113028978809e-01,3.319219470684856010e-01,1.616534082705668729e-01,2.211908347781470496e-01,2.080516653606132027e-01,2.664590671546427370e-01,-2.106476464634771464e-02,4.526813907347058685e-01,3.468775428762955332e-02,-4.430525124340040088e-02,1.020353968166010095e-01,2.057902511569095205e-01,2.747551557910897224e-01,2.441459195505462920e-01,2.847834390315511777e-01,4.982481902630151588e-02,1.130140546537276858e-01,2.955369577872938303e-01,6.840990521306956618e-01,9.047783223367199257e-02,9.360159242799138968e-02,1.243943226770629351e-01,3.468520040793173220e-01,2.573089340288456373e-01,1.173600181632744321e-01,3.057118084920066869e-01,1.137658082540142501e-01,1.443822578217655861e-01,5.252223563766834913e-02,1.471186841973942117e-01,1.657018184674436956e-01,4.308542254137747163e-01,4.520794225897029235e-03,2.408399117821836133e-01,2.186401133514461262e-02,4.118165657621209452e-01,-7.732217772223232144e-02,1.797037408572212391e-01,2.629433640577312145e-02
-2.224995333360597211e-02,-7.089157910912242955e-02,4.033791186324263145e-01,7.177582137635120374e-02,2.659010371959738550e-01,2.991108140811117311e-01,3.890398091345211307e-01,3.130998335699746726e-01,3.471649811030736998e-01,2.070847401068805563e-02,2.769454156773317188e-01,1.632602029008828060e-01,3.465767011023622723e-01,2.675071140406235504e-01,1.000000000000000000e+00,-3.473043523001221461e-02,6.714366208494612631e-02,2.034958113929176693e-01,2.606004536810486716e-01,9.993008920576681997e-02,-7.798409298088858355e-02,1.042207507243700787e-01,-3.710792296423646303e-02,3.407265778288344760e-01,1.304721722598269906e-01,2.122951585934398366e-01,2.024706028483148346e-01,5.270914275577365249e-02,5.459973199583275510e-02,5.645955763902740353e-04,4.637158147310317668e-02,2.472642598003740866e-01,5.046803877296721780e-02,9.715940847856878448e-02,-4.808090518969797972e-02,-6.114835087491341664e-02,2.443778172575237495e-01,6.157556984206893902e-02,1.132435078292659270e-01,1.684025172371596824e-01,2.606303438840972819e-01,1.555658214232574776e-01,2.940025848271522468e-01,6.895226039734477820e-04,1.217290081327581375e-01,1.341509547664452295e-01,2.757368540979922567e-01,3.722231667081271622e-01,4.522550688637087535e-01,-2.231042765372613298e-02,5.710688744439055414e-02,2.563417252350125852e-01,5.141413977708395033e-02,6.286044231079690459e-02,-3.962461167040145366e-02,4.134732386289633604e-02,-8.212887825059246583e-02,2.103241560470869020e-01,2.580491210648619416e-01,1.816080652992037581e-01,1.943071796846944366e-01,-1.316894906410314391e-02,2.446223385518948162e-02,-7.186115943217789848e-02,1.641053793667668625e-01,9.150787923288718206e-02,3.070141367759036954e-02,-6.205993754648795463e-02
1.451597070547611112e-01,2.380288852823840562e-01,4.244341807262492529e-03,1.461876893843737646e-01,6.335619263485981964e-03,1.504180950070334866e-01,2.896046012181836132e-02,9.033990117685194998e-02,3.595494950860114031e-03,2.788923543592001786e-01,6.118312846884169098e-02,2.190930324013517227e-01,-2.430210614539233052e-02,2.219516523169496377e-03,-3.473043523001221461e-02,1.000000000000000000e+00,2.313608977577471248e-01,-8.790979928464320858e-02,8.467463405198670523e-02,1.866210700730522865e-01,4.379353542801331378e-01,3.029879569702348951e-01,5.329086336744141006e-01,2.639585180170611611e-01,-2.756167656733701440e-02,1.023105541218699427e-01,2.420869614140150894e-01,3.783208723256833994e-01,2.621299931304224562e-01,3.818526750042306461e-01,-5.106061177905172471e-02,-1.587338902335753699e-01,3.260090972727903713e-01,3.438122106905996400e-01,2.457340109351377824e-02,1.438894105859324091e-01,9.563186348182547980e-02,1.173863093245782196e-01,-1.142567390046847764e-01,4.336309106568028704e-02,3.685153644835113124e-02,5.114234514687854456e-03,-3.078034502792065599e-02,2.154806606305259276e-01,-5.776832183136024201e-02,1.674932529244393675e-01,-5.881403061112776276e-02,-7.674122390064404275e-02,8.914627722819505606e-02,7.888379174945717720e-01,1.668076851036855990e-01,-6.815730418622621689e-02,2.208742936645010924e-01,1.419627260210733488e-01,4.002134821663672071e-01,2.720784455833021309e-01,4.952288450252739782e-01,2.374448656677013159e-01,-2.258228946537287063e-02,2.200509163616291147e-02,1.250957826069234169e-01,3.153685877853843467e-01,2.079574255868715527e-01,4.036301484895161718e-01,-1.803842918577593657e-01,-1.104339859676918001e-01,1.662186660691480911e-01,3.630922844888675449e-01
5.622732748814790460e-01,4.512603700085889291e-01,4.161473380565233748e-01,1.858151795313711385e-01,1.788489362352765621e-01,4.038072235332426096e-01,-8.799425512743081976e-03,4.206349808023969739e-01,-5.052972101204981914e-02,3.561825540550278002e-01,5.547245129936301256e-01,3.316111229133251737e-01,1.740555123127251747e-01,3.386110133348965157e-01,6.714366208494612631e-02,2.313608977577471248e-01,1.000000000000000000e+00,1.830774710878589617e-01,7.486691866837225096e-01,3.397814948242269262e-01,4.301062528791059769e-01,2.638241256434604720e-01,6.207014188980466418e-01,4.525186455823471815e-02,6.907688469451681024e-02,5.314478015382589904e-01,6.297063896639856218e-01,3.073102083512678773e-01,5.038295423676698581e-01,5.934449258752093614e-01,-8.507177483548993002e-02,1.333144875996879752e-01,3.245878675069992503e-01,5.909935766861422746e-01,2.988455280125872915e-01,3.238348623193942899e-01,1.584657954336681218e-01,1.986831905306427615e-01,-1.514568267389184153e-01,1.612772187873104668e-01,-2.310480229697367549e-01,7.338461105808487261e-02,-2.103366204171923659e-01,3.225255465315682857e-01,1.674431818046611120e-01,2.506791045237154458e-01,-7.283658790961518303e-02,3.571186809744837654e-02,-4.690262164621075702e-02,2.790599640920120028e-01,4.588060169395176136e-01,7.452496385777952412e-03,6.310690333734783053e-01,2.843130344662629372e-01,4.683649421254392764e-01,8.709580522537707648e-02,5.347751971712831898e-01,-1.472715640020567929e-01,5.458695935322424933e-03,1.184463457250598262e-01,3.381728512464921010e-01,2.411310157409344568e-01,4.497640831015096707e-01,3.477365441846140270e-01,-6.738487262129354283e-03,-1.673809066602565121e-01,2.862477818012702513e-01,4.506644935815207753e-01
2.467849599904205493e-01,-5.013712364210971134e-02,4.362751308740758227e-01,-1.468532968426971008e-01,1.914813971031462392e-01,7.971391191899016015e-02,2.199445728422598778e-01,2.867027728964998690e-01,2.061702850616593252e-01,8.429279673820486152e-02,2.426262481850919306e-01,-2.681791962555214390e-02,3.667775780217614745e-01,4.504591172445984171e-01,2.034958113929176693e-01,-8.790979928464320858e-02,1.830774710878589617e-01,1.000000000000000000e+00,4.259124348338159671e-01,4.216086350188062541e-03,7.716468153608055380e-02,1.571849199048718426e-03,2.870368127231703523e-02,-9.975281969595536924e-02,8.365670442616711389e-02,1.471131570301897062e-01,2.203905331186712391e-01,-1.487977644939012245e-01,2.680108714328890973e-01,9.141183507064408464e-03,1.609297188996454409e-01,2.328992588253352702e-01,8.557204962558410954e-02,1.094664022925230101e-01,6.457748489263109848e-02,-1.117812681934426816e-01,-5.794291676184621515e-02,-1.316964745101980583e-01,2.174797893054453493e-02,-1.271249110132136907e-02,-2.307836792394699910e-01,-4.463292150502176647e-02,3.218775203439962034e-03,5.384711825479691905e-02,-1.426031130198575914e-01,-5.931034533148024646e-02,2.414550926494384853e-01,1.512939047065616216e-01,-3.367282550348347364e-02,-7.400437901873808434e-03,-1.541711673750670031e-01,3.987142288606387863e-01,5.091385505060130878e-02,-6.568672935115758837e-02,1.560241098871534005e-01,-1.157332574987164769e-01,-2.562202327397921850e-02,-2.615005121942850508e-01,1.145638069215959010e-01,-1.647961948095241491e-01,3.237270673894418124e-03,-1.773071314156908496e-01,1.483213490034895055e-01,-1.721237767370717986e-01,3.410606988990693561e-02,4.475115554409598434e-02,9.461904115571120877e-02,-8.992843115279818000e-02
4.633110835353297929e-01,2.938593532984777323e-01,5.674593550704883915e-01,2.390194598644025323e-02,3.323596538954957658e-01,3.618826964302443994e-01,4.820417222930849926e-02,4.854653889189923799e-01,3.620374783148192638e-02,2.516534904205955936e-01,6.544767804021210944e-01,2.130112943801203140e-01,3.357165274941222854e-01,4.000921811941505757e-01,2.606004536810486716e-01,8.467463405198670523e-02,7.486691866837225096e-01,4.259124348338159671e-01,1.000000000000000000e+00,2.185132660168201679e-01,2.866011044932160190e-01,1.519240689145096024e-01,4.454214384666628224e-01,-4.571238139899710257e-02,1.010096704154099106e-01,5.120420084737450361e-01,5.822560516506835038e-01,1.289910398848572448e-01,4.669216333920438444e-01,3.770903042785287984e-01,3.792477631586094189e-02,2.990792220105784049e-01,2.122509110396520737e-01,4.778484156468559285e-01,1.390785373169271255e-01,1.576292441284583568e-01,6.888748434152371092e-02,4.541986337455046485e-02,-7.018167767831083592e-02,7.855803929550161935e-02,-3.264245831870089543e-01,1.112841036670335175e-02,-1.881962235573923781e-01,2.187974881642215652e-01,1.314220793335779125e-01,1.084632782345700680e-01,7.683884548754280064e-02,6.442949156699491475e-02,-4.942667442660522367e-03,1.520396028969684676e-01,2.995206541203592754e-01,2.226341094863106274e-01,5.113892672398770989e-01,1.237579367943328623e-01,3.586539176100825288e-01,-7.132621393348353989e-02,3.234757699692989985e-01,-2.802785546080643342e-01,1.305280836946335621e-01,3.732918746504993585e-02,2.442361450611903184e-01,3.989974833155158357e-02,3.600778938044241761e-01,8.841967891412448599e-02,5.054678129874599912e-02,-2.847495464547180818e-02,1.972249019922719115e-01,2.548370589993504409e-01
1.298302513700225203e-01,2.708904280669004461e-01,1.816669222376081083e-01,7.984893903130017012e-01,6.620822068321409459e-02,5.753451780931239101e-01,1.440263534168763904e-01,2.591213550456488157e-01,1.353468359581649350e-01,7.148795195828694382e-01,2.529227465064562419e-01,9.273386552029208030e-01,1.183929130183328099e-01,1.584456912567979714e-01,9.993008920576681997e-02,1.866210700730522865e-01,3.397814948242269262e-01,4.216086350188062541e-03,2.185132660168201679e-01,1.000000000000000000e+00,3.610837664460254670e-01,3.248818425273014010e-01,4.779310773745652496e-01,3.027806129127762480e-01,7.384011949860661006e-02,2.875891925084386735e-01,3.673412103344372293e-01,6.206575883119671566e-01,2.846574913492010972e-01,3.400842280671644291e-01,-2.558273572918528388e-02,-1.731394934723537796e-02,3.177461121807808597e-01,3.207756044553149444e-01,1.276973924845011543e-01,2.205859548851563379e-01,2.332315371092361922e-01,8.010246406239184269e-01,-9.775452707595180812e-02,5.245430355013132040e-01,2.393902871065088644e-02,1.955549535806459238e-01,6.349177874071687544e-02,6.682248581512091334e-01,7.470192594488646309e-02,8.847053873136890845e-01,5.050719093938800530e-02,1.756479224405939343e-02,1.974242777891060119e-01,1.840671599748328058e-01,2.203313781219526646e-01,-1.669229149063846951e-01,3.352255210075346104e-01,9.385648921432890868e-01,3.718971718061981346e-01,1.599361534575138855e-01,4.823628801597941718e-01,1.491907776534773522e-01,1.247101423313196934e-02,9.613541463751863747e-02,3.457387831970478720e-01,5.589672074136224911e-01,3.014304305567424569e-01,2.202327614597547334e-01,-2.659494069601250552e-02,-1.877996453974174196e-01,2.904498190863927798e-01,3.057288497546924444e-01
2.101963607462753458e-01,3.856091986751108425e-01,1.655938847777665701e-01,1.551457196290583485e-01,2.334414358628028249e-02,3.152548427405830189e-01,5.041231378547238184e-02,1.897350749817488802e-01,1.154912453875333589e-01,5.383418115250774294e-01,2.744203088223421405e-01,3.185589097383390023e-01,2.145522167207779551e-01,2.563730158889910293e-01,-7.798409298088858355e-02,4.379353542801331378e-01,4.301062528791059769e-01,7.716468153608055380e-02,2.866011044932160190e-01,3.610837664460254670e-01,1.000000000000000000e+00,3.439146231570874290e-01,8.150363254361236987e-01,1.651441442077636323e-01,1.010157981709041974e-01,2.794788630015959119e-01,4.604785172199222787e-01,3.996983831822480959e-01,4.872812607229894399e-01,4.930466902569069498e-01,6.322441007056345263e-02,-1.026536050560114821e-01,4.969409123780366699e-01,5.338212781567747145e-01,1.238248968401823441e-01,2.890497013540214710e-01,1.862277533781855066e-01,1.364450785465669003e-01,-1.194954277142689925e-01,1.115317298882978619e-01,-9.000890359344167202e-02,8.437529369073833163e-02,-4.271040549424760802e-02,4.527802155392759986e-01,7.538955783030155955e-02,2.162208360380727390e-01,9.250217386224207639e-02,2.543551220633332235e-02,-1.806313846450956911e-02,4.621273111982048265e-01,2.980083098821323384e-01,-5.032925026624612830e-02,3.971936763912324309e-01,2.928560486199405233e-01,9.027826125771478694e-01,2.680243120437759141e-01,7.991658781246717691e-01,3.836200909089984568e-02,3.606722494662295553e-02,7.516552882351426601e-02,3.741551773503471456e-01,3.907937013096865475e-01,4.396029031265001885e-01,4.656347809916046576e-01,5.385667579131504790e-02,-2.257975838498718080e-01,3.886759267999177481e-01,5.405253360497773718e-01
1.223401326369617931e-01,3.303118325578600634e-01,1.586510603313278644e-01,2.956616173823977678e-01,8.381048172760588444e-02,3.274172057114585477e-01,2.113083346547264263e-01,2.212221997833893894e-01,3.007902768674882710e-01,3.201780100667649953e-01,3.113349501302742905e-01,3.519267380043397675e-01,1.431936803912251810e-01,1.808219323922421462e-01,1.042207507243700787e-01,3.029879569702348951e-01,2.638241256434604720e-01,1.571849199048718426e-03,1.519240689145096024e-01,3.248818425273014010e-01,3.439146231570874290e-01,1.000000000000000000e+00,3.906685368095735300e-01,4.722782267667640088e-01,1.706736576735270461e-01,4.227094819385229796e-01,4.365863903508744315e-01,4.360632198579137975e-01,3.546848709000602895e-01,4.584423538484416749e-01,4.493587298856210020e-03,-5.327903072935197964e-02,4.161348592894391629e-01,3.796741464709705305e-01,1.021774423270888493e-01,3.209127912773993563e-01,2.988416770989620330e-01,2.846989197999243437e-01,-1.225481004999662976e-01,1.316237819336565085e-01,1.863557705987758106e-01,1.965187550045457421e-01,1.896278704046524544e-01,2.499390289016467925e-01,1.948907675188376598e-01,3.162464595555865565e-01,9.181108509518232097e-02,8.021994546945875049e-02,1.146548499439426494e-01,3.230163260414960491e-01,2.638829083071141945e-01,-1.788674280748185075e-01,3.160418468607744669e-01,3.031593333621738218e-01,3.349864887536274094e-01,5.679810231601856163e-01,3.872889649522703870e-01,3.750721656088650824e-01,2.020239275142369784e-01,3.110363170149228473e-01,3.982186568530804438e-01,3.666284434477199983e-01,3.360402330242565072e-01,3.880179676147753609e-01,-1.670844051060282540e-02,-2.108795217031326219e-01,2.903165735287823734e-01,3.436585508854467785e-01
2.931497625970765908e-01,4.985670432172409905e-01,1.969110107246004326e-01,2.558424950660018182e-01,1.059970363940911514e-01,4.940649738297612226e-01,-3.359301336871247518e-02,3.464014190115287661e-01,1.610625532260482468e-02,6.302093234645831377e-01,4.101240406497698721e-01,4.570863131934646550e-01,1.555075245127850447e-01,2.269624962986521166e-01,-3.710792296423646303e-02,5.329086336744141006e-01,6.207014188980466418e-01,2.870368127231703523e-02,4.454214384666628224e-01,4.779310773745652496e-01,8.150363254361236987e-01,3.906685368095735300e-01,1.000000000000000000e+00,1.237720730991022783e-01,4.059133633391640711e-02,4.141959345947824889e-01,5.562769697028063787e-01,5.781966043190948090e-01,5.753584051819053968e-01,7.047708324159035476e-01,-3.067116248396026604e-02,-7.362321937309604380e-02,5.568128673030959819e-01,6.629182143128429239e-01,1.197587261800116959e-01,3.221414634449510372e-01,2.153945222789416802e-01,2.473310603528952045e-01,-1.445811562046636634e-01,2.247210728573521832e-01,-1.486104817105118880e-01,1.815996381199171394e-01,-1.269356957238279293e-01,5.467583906541949590e-01,1.434866535548195154e-01,3.415320275780482917e-01,-2.426296195535478789e-02,-3.043084128953069817e-02,2.319849183570671727e-02,5.524017019039574317e-01,4.739174695587536346e-01,-1.007841440247819464e-01,5.473487821245034413e-01,3.932309804175092571e-01,7.868268032178216131e-01,2.538982100046887624e-01,9.002717785431577635e-01,-1.190658162091447030e-02,-5.796834314104214701e-03,1.246590110759226572e-01,4.072934337741849209e-01,5.232179226554845020e-01,5.507136388419749951e-01,6.128385088003404091e-01,-5.072095513405860956e-02,-2.404155705979859892e-01,4.254183024348494602e-01,6.553654572854595850e-01
