1.000000000000000000e+00,1.217831482482674421e-01,2.546645231341057580e-01,3.361431591249074979e-01,-5.057572071308417266e-02,1.427366570987955163e-01,3.406572126992821747e-01,3.178647039903991639e-02,4.961803780091975091e-02,1.668786783322336320e-01,9.612775800351883171e-02,2.735821997645648818e-01,6.300546973850655597e-02,4.103856636627292720e-01,-1.569613672073024921e-02,1.572161485500104539e-01,4.260628033812524640e-01,1.145510556084458446e-02,3.677798900288899997e-01,2.721613467978406531e-01,2.001443829256361051e-01,3.707763263937935427e-02,2.535316354792563343e-01,2.807906983733325368e-01,-2.584219747638548739e-02,1.008514161371856094e-01,3.005180121186549758e-01,2.030740199616358210e-01,6.776709783159720057e-01,3.016986083220860038e-01,2.598592823217749093e-01,8.790873371043868290e-02,2.425975196411618018e-01,1.555868420993985757e-01,4.930493505444676905e-01,1.169550763747489314e-01,1.956191655074753788e-01,3.526454406465195923e-01,-9.554166677196741786e-02,1.697762401363523688e-01,3.494325111680672280e-01,4.952757991708188479e-02,9.180003493553419436e-03,1.689571141159844359e-01,1.066287196530567583e-01,2.753588039196910309e-01,2.584366522295932292e-02,4.813575600428338097e-01,4.789448552333280817e-02,1.604401619446578497e-01,2.437396658780664194e-01,-1.666405754355569993e-02,2.535988599027089729e-01,2.694462638748670313e-01,1.621702009952526724e-01,4.328008385065103963e-02,2.032512037659200133e-01,3.232121168025003932e-01,5.096593661990549834e-02,1.343782654231328588e-01,3.320052304636164076e-01,2.321006643020303573e-01,3.636853790006038256e-01,1.998822770061416121e-01,3.503610240820014821e-01,4.665166035753700452e-02,1.701738319901592855e-01,1.493718573832796825e-01
1.217831482482674421e-01,1.000000000000000000e+00,6.274612050298020161e-02,2.620512242147439719e-01,2.322072971130971844e-02,-3.515137314338558083e-02,-1.624823203590569989e-02,-7.818375548169891054e-02,1.544817156849049578e-01,1.078502656737205107e-01,1.959283934797044768e-01,2.675118999713818058e-01,-5.146351823061887099e-02,-2.461210863541349325e-01,5.556244069156061893e-02,4.972422081076566802e-01,4.241205537836511552e-01,-2.057721892312309730e-01,2.817403807707741237e-01,2.348088367355790351e-01,4.442570035358940350e-01,4.411035429568064270e-01,5.533237019484817942e-01,3.067218989287907038e-01,7.410693464388763696e-02,2.863176900812607339e-01,4.806322749411444661e-01,2.764496567419140738e-01,3.366000614125762569e-01,3.372352168922919113e-01,-1.440552662508151061e-01,-3.857104220044629828e-02,4.669226142573417726e-01,5.875504126736394994e-01,2.643494288134619064e-01,5.825077858936859032e-01,1.600087068197053874e-01,2.615301329027682753e-01,-1.998479850540120506e-02,-3.209219951480360433e-02,-3.379231300207703043e-02,-1.524484899138975058e-01,1.325609474428127710e-01,1.307097679611574255e-02,2.052966557959584326e-01,2.717368970115724425e-01,-8.385638663533905024e-02,-1.053918868395753994e-01,1.739620490629728913e-02,4.622426430403108744e-01,4.918188640803149436e-01,-8.554456630279229368e-02,3.430676741926537154e-01,2.647310164997210835e-01,4.291420531968305752e-01,4.657837376443232924e-01,5.126023274106338290e-01,2.747035464555344086e-01,1.718409842884460748e-01,3.626693693353049142e-01,4.279636906746183134e-01,2.942544950357988132e-01,3.593793114702198976e-01,4.473471274679127752e-01,1.699274494564777527e-01,-2.487384175475240711e-02,4.591659178338738934e-01,5.715392687306727337e-01
2.546645231341057580e-01,6.274612050298020161e-02,1.000000000000000000e+00,2.563484311404489735e-01,-6.563746942532630579e-02,1.660093664663051249e-01,7.609302632161373259e-01,2.523545483918704924e-01,4.234904411717874129e-01,2.222111016288627616e-01,2.627919252737352385e-01,3.095096204121356998e-01,2.189939404813493196e-01,5.659346548147508038e-01,2.664492350233504947e-01,1.837655754583453205e-01,3.845371112907134958e-01,3.941305340609229657e-01,4.997278444814096110e-01,3.589146831973978879e-01,2.773917684704058084e-01,3.756767924501553391e-01,2.377824744366749121e-01,5.270577815342482042e-01,1.289486050969176623e-01,5.854236945699685668e-01,5.834636308299876450e-01,3.152040468969549147e-01,2.278332787099369150e-01,5.028488596683293732e-01,1.608583924624994721e-01,-1.469730743325178834e-01,2.577795243227957167e-01,2.198141297774537095e-01,-2.130196477051041551e-02,7.967107333848259809e-02,5.523019621670326451e-01,2.512425398910276275e-01,-8.067752898803431938e-02,1.443364481679838274e-01,5.887078498560930351e-01,-4.148192331249731662e-02,3.785033194114281185e-01,2.861406104425642805e-01,2.246724827018152515e-01,2.857951979608954196e-01,1.351642173867861618e-01,2.594274896678814279e-01,2.260603531520957166e-01,2.011090487535814042e-01,1.498427450807685579e-01,2.858187604620232025e-01,1.323495830413079777e-01,3.679918005941459347e-01,2.187574744017290740e-01,2.623498803392192436e-01,1.857483613900624830e-01,4.663106788762986787e-01,4.585327649013925394e-02,4.230569558858059409e-01,3.832528316777304989e-01,2.828344509550945740e-01,7.692840402735448557e-02,2.493581654563166439e-01,6.229503575606008814e-02,-6.660755259187284283e-02,2.489042093156785818e-01,2.071971834532919110e-01
3.361431591249074979e-01,2.620512242147439719e-01,2.563484311404489735e-01,1.000000000000000000e+00,-1.191850151176630929e-01,4.930944011349330247e-01,4.510280951369892155e-01,7.908261782615211288e-02,1.970179452990220292e-01,6.314568232185557850e-01,2.760661901710323440e-01,9.129649770451370161e-01,3.159179870560304554e-02,2.684306307906539693e-02,1.277996347399494859e-01,5.300861642143749330e-01,2.768870992735215086e-01,-8.097296676044692110e-02,2.561540647094873724e-01,8.597755580837673772e-01,5.311225525479938980e-01,3.121389625404039081e-01,5.634828261167957875e-01,5.382465249161978438e-01,1.641883979578829741e-02,3.406106807134218206e-01,3.476532000471942441e-01,7.171264978876237262e-01,4.487624705522544888e-01,4.475521255752081817e-01,-6.922897028307782585e-02,-8.745782467460784526e-02,4.145317755167906015e-01,4.329524055928341553e-01,2.457995836202141460e-01,2.923131302080133054e-01,2.658330097779952883e-01,9.531151104740612778e-01,-8.667842195077099521e-02,4.471583007076528893e-01,3.100985244489709025e-01,-6.046523075623367466e-02,2.015016304798493141e-01,5.007042842815488948e-01,2.397250093384452052e-01,8.965241330021013200e-01,-3.102106411527231003e-02,1.244593632696924801e-01,2.841038103468469522e-01,5.074736480557059393e-01,3.902105405555044704e-01,5.887342425828941128e-02,2.721486025147662469e-01,8.264733646422344204e-01,5.215372549712048444e-01,3.089063857237904775e-01,5.480194355313907639e-01,5.785646916460828182e-01,1.129818166418479902e-01,3.747914573673759020e-01,3.742627853324025922e-01,7.281205839700518601e-01,3.580208860983929431e-01,4.157256562000397615e-01,2.311474979846912525e-01,-1.624290948052714220e-02,3.952800654597330987e-01,4.256800855313251364e-01
-5.057572071308417266e-02,2.322072971130971844e-02,-6.563746942532630579e-02,-1.191850151176630929e-01,1.000000000000000000e+00,-2.280689398361226972e-02,-6.515106055469341295e-02,3.397446908568584750e-02,6.116372065906184458e-02,-7.853126027798808251e-02,7.034545200270102272e-03,-1.040515156801700564e-01,6.429891286083498636e-02,-1.509861491979878900e-02,4.420918085267258602e-02,2.873668539624439980e-02,-3.182736100703608545e-02,-6.729367736458697832e-03,-3.756126302641862175e-02,-1.085163497195707760e-01,4.408905193645260012e-02,5.548994243204010551e-02,3.562447690801574807e-02,-4.093422488498144746e-02,1.060908942257205861e-01,-3.297275861300369426e-02,-3.080887512172457692e-03,-6.614665314895987192e-02,9.582183431686765521e-03,-7.041240980047277533e-03,-7.075637381798271890e-03,1.786423826840838336e-01,2.583826078327514097e-02,7.251973109230690218e-02,3.733345190205170083e-02,1.806611754303593526e-02,-2.582506056771169747e-02,-9.919338221957538226e-02,8.868738726362739022e-02,6.903657843798666899e-03,-4.940492231692639874e-02,5.359078263852080221e-02,3.877102039728092669e-02,-7.760404414559550490e-02,4.374262047074966436e-02,-9.473352690734079817e-02,1.109989268618779001e-01,1.880328280561368443e-02,1.412361747678045343e-02,2.470732965494536540e-02,-1.380248903830317078e-02,1.063574410196259541e-02,4.913992954819821485e-02,-9.831484152974213908e-02,6.945332581707834574e-02,1.218112551423575912e-02,5.755216656945097431e-02,-6.101178420525223828e-02,1.540335047744231453e-02,-5.986872295817219358e-02,4.748772616646110105e-03,-6.844146136253474733e-02,5.879477758257545955e-02,3.354992825771530365e-03,-2.767388575677946772e-02,1.282425524623669322e-01,3.609955487505614458e-02,9.950096857714980925e-02
1.427366570987955163e-01,-3.515137314338558083e-02,1.660093664663051249e-01,4.930944011349330247e-01,-2.280689398361226972e-02,1.000000000000000000e+00,3.367069601176490568e-01,4.077778421899157513e-01,-6.337313255211684052e-03,6.647419150600931692e-01,2.216728136985673392e-01,5.582030513707373354e-01,7.024244831236942099e-02,1.575009792491375016e-01,1.587059957194246751e-01,7.480862525310003064e-02,3.379846330318729553e-02,1.908102853134032925e-02,1.026568260925049964e-01,5.297932348593009655e-01,1.404949160367442162e-01,7.195708158669725241e-02,1.741678746218227603e-01,1.304134412039204272e-01,-2.343830750022680640e-02,1.361982946537672323e-01,-1.261747349001873277e-02,5.430751424494240087e-01,2.104401979324500294e-01,2.268183240784831800e-01,-3.726528814988935151e-02,4.369523412723567285e-02,9.752666462629812349e-02,1.148151220944482326e-01,8.586562134713346395e-02,-5.631494547796501993e-02,1.078823356044334159e-01,4.984020730114079312e-01,3.705068422764105224e-02,7.222722660457212562e-01,1.954931200068968644e-01,3.364510582606062838e-01,3.044848493661559893e-02,5.838383301663861991e-01,1.623731126409886649e-01,5.331275842281498756e-01,-1.591025419362287335e-03,1.677014460956473552e-01,2.895832699062765858e-01,3.460009736983718498e-02,1.491134050894086238e-01,6.329843172794620554e-02,1.192705313251637839e-01,4.674380604065186962e-01,1.193340347434938414e-01,-5.562156572110362948e-03,1.576349518861599186e-01,1.744590731904978598e-01,8.273582474358200101e-03,9.006354169954386424e-02,-9.306433450309075858e-04,5.157323096073157531e-01,2.124553262122374497e-01,1.546889227366334552e-01,1.250768742044409410e-01,1.323879458434700229e-01,1.462626973975391376e-01,1.003571725937676268e-01
3.406572126992821747e-01,-1.624823203590569989e-02,7.609302632161373259e-01,4.510280951369892155e-01,-6.515106055469341295e-02,3.367069601176490568e-01,1.000000000000000000e+00,2.156823956588306279e-01,5.287958152593322803e-01,3.427272314609569603e-01,1.876206334286159572e-01,5.013117636190469462e-01,2.028491920539141069e-01,6.197214223465317140e-01,3.285235167390495592e-01,2.411817429806608071e-01,1.836079757758046216e-01,3.078305976526310994e-01,3.056901238763153339e-01,5.107561040071927350e-01,3.089040393033644083e-01,3.815815920288904706e-01,2.235298830489641508e-01,7.246243111309541574e-01,1.412997210391569447e-01,4.989419790052255776e-01,4.401525415265120644e-01,4.617437792533919949e-01,2.977027137491868314e-01,5.049700088135703480e-01,2.101127433711997561e-01,-1.084035811055217569e-01,2.747337882225494576e-01,1.950341308161199216e-01,5.814264586742576811e-03,3.420788125518673534e-02,5.277214850828142456e-01,4.275222503924132611e-01,-6.990983725251413705e-02,3.028155905331575415e-01,7.844077207832781395e-01,-3.286775871511482539e-02,5.156556408667516411e-01,3.590614756278071584e-01,1.700954961381198061e-01,4.508768003428462734e-01,2.022742725847585799e-01,3.773621742828612291e-01,3.642548598011676186e-01,2.398617444971041235e-01,5.683438386841115769e-02,2.430592194552376184e-01,8.941866009992559261e-02,4.729156189307290314e-01,2.479836179443076771e-01,3.117117894520161636e-01,1.801032204811823800e-01,6.740108483531914718e-01,1.128153770392602145e-01,3.895646620422834605e-01,3.594036416811736134e-01,4.433363081345610968e-01,8.783682454154513597e-02,2.406955966877777908e-01,1.551363092189289861e-01,-8.520330106445495044e-02,2.394530142379621418e-01,1.805364648031802521e-01
3.178647039903991639e-02,-7.818375548169891054e-02,2.523545483918704924e-01,7.908261782615211288e-02,3.397446908568584750e-02,4.077778421899157513e-01,2.156823956588306279e-01,1.000000000000000000e+00,-9.083836938115640025e-02,2.524355036344465009e-01,2.576235357376752133e-01,9.932692550460418823e-02,1.012463637605935836e-02,2.877780150054205510e-01,3.322082097864676592e-02,-1.178875616563601764e-01,1.205023493133239587e-01,3.235932505921230717e-01,2.773466387289247326e-01,7.174910012888925659e-02,-4.029673603097996132e-02,4.218437961236407713e-02,2.389690675544019899e-02,-7.934523199288483208e-02,-1.647674638087638088e-01,2.220094747686850167e-01,-4.882551886328206914e-02,3.769294238988474821e-01,4.271367683322915138e-02,4.109073323640829445e-01,-1.115815005449739272e-01,3.809391234590198821e-02,-4.806519426187676886e-02,3.686455010315199676e-02,-9.765426079978468954e-02,-1.446614988414791358e-01,-1.055669908239625920e-02,8.681962172642350428e-02,1.298911059645673216e-01,2.630879650037302175e-01,2.756603984468693896e-02,4.816212533622363234e-01,-3.989067627652655851e-02,2.598839059700106535e-01,1.048131420036864381e-01,9.762424663315660833e-02,-9.866093622303215294e-02,5.041112847735833985e-02,5.057502323080195067e-02,-1.029202151142536020e-01,3.122232942568290912e-02,1.190447077723562619e-01,-4.291505234078740044e-02,7.045237369100723623e-02,-5.006642193277509312e-02,-3.738063159816863712e-02,-2.900236495298168932e-02,-9.968591022034105353e-02,-1.507423894889013682e-01,1.119752898453380136e-01,-1.712774702817750905e-01,3.208437445627253526e-01,3.064066993093340907e-02,2.007263034888270015e-01,-9.768638126142947797e-02,9.671560011697641346e-02,1.804019617682912219e-02,-2.864226905141464830e-02
4.961803780091975091e-02,1.544817156849049578e-01,4.234904411717874129e-01,1.970179452990220292e-01,6.116372065906184458e-02,-6.337313255211684052e-03,5.287958152593322803e-01,-9.083836938115640025e-02,1.000000000000000000e+00,1.344745218096339012e-01,1.359814927672819695e-01,2.505641607524142778e-01,2.968288752947770837e-01,2.078969674686337310e-01,3.310797874465948309e-01,2.791866961782671908e-01,6.475237946580802983e-02,1.211964132287654261e-01,1.196672883253692560e-01,3.128818923720466660e-01,3.535863525499790549e-01,4.199946463587366230e-01,2.344271973109159357e-01,6.239093325859561556e-01,3.512511778546537067e-01,3.369630628059897548e-01,4.289365004948028637e-01,1.504179770838776076e-01,1.762760325230796343e-01,1.911931491283173912e-01,2.074487205552738578e-01,-8.319570994648242679e-02,3.583826872747212233e-01,2.589944404335127182e-01,2.921762056364199736e-02,1.525214053893998722e-01,3.984600148213731097e-01,1.682978256369390413e-01,-1.556732077416920698e-02,-3.873340110602613295e-03,4.526202143491458441e-01,-2.112297001743377589e-01,6.472981105631701038e-01,1.505353512116183456e-01,1.903705516132753184e-01,2.243828798022281246e-01,3.718322466300100770e-01,1.119494063717010046e-01,2.686624361409482020e-01,2.579354272152887262e-01,2.764346592340352279e-02,2.098327935924118315e-01,1.638104922135407149e-01,3.129636453029704390e-01,3.290005366171737666e-01,3.514989392828138937e-01,2.381592854444491703e-01,5.559591375208081665e-01,2.695525674918463066e-01,2.571644494570010098e-01,3.996739760723364565e-01,1.384281507588734916e-01,1.314231836889193650e-01,1.281895966874470605e-01,1.387811995811417398e-01,-5.375242961887187476e-02,3.148473993421903594e-01,2.843102262667940305e-01
1.668786783322336320e-01,1.078502656737205107e-01,2.222111016288627616e-01,6.314568232185557850e-01,-7.853126027798808251e-02,6.647419150600931692e-01,3.427272314609569603e-01,2.524355036344465009e-01,1.344745218096339012e-01,1.000000000000000000e+00,2.450840329002918483e-01,6.987936242776737750e-01,1.232716908428210384e-01,8.537763585695622159e-02,8.048452200268435552e-02,2.234491542625411109e-01,1.665807682230974196e-01,3.427284188309339535e-02,2.119337863143020695e-01,7.657788006825135829e-01,3.542500296212208744e-01,1.738734095859985063e-01,3.503248598954587512e-01,2.595996492768046782e-01,5.178932448170140562e-02,2.320476148714043507e-01,1.871515371850636655e-01,6.268179163588197822e-01,3.420893644293495628e-01,2.993038538616985544e-01,-6.445703094349168605e-02,1.796214186960547535e-02,2.877003120028776006e-01,2.602330102250523525e-01,2.057553020538203103e-01,4.995359472306589582e-02,2.364495158720381907e-01,6.217519169345991914e-01,-9.128901259911500338e-03,6.214946351288228588e-01,2.378828919875038972e-01,2.288447089158689440e-01,1.875861261866235696e-01,8.833442953166169564e-01,2.402525367173571069e-01,6.703954188712603068e-01,3.277064885056651944e-02,1.775350752186772851e-01,1.862349897908937291e-01,1.708725427775269756e-01,2.918867275437510567e-01,2.112873723886443122e-01,3.037742641895436746e-01,7.300861676281962254e-01,3.284137480035042023e-01,8.886500491577054017e-02,3.261798590803322018e-01,3.236910747360598473e-01,9.753668742168467021e-02,2.007586280039810600e-01,1.982911190349555541e-01,6.035051293806397155e-01,3.338340138971544468e-01,2.685363574186452884e-01,1.905882957094549301e-01,7.433748576985384215e-02,3.633651621474010551e-01,2.566263669993738006e-01
9.612775800351883171e-02,1.959283934797044768e-01,2.627919252737352385e-01,2.760661901710323440e-01,7.034545200270102272e-03,2.216728136985673392e-01,1.876206334286159572e-01,2.576235357376752133e-01,1.359814927672819695e-01,2.450840329002918483e-01,1.000000000000000000e+00,2.962801474800507706e-01,2.388350585167331452e-01,6.839953918423245793e-02,1.623543587489645057e-01,1.976767448792703941e-01,3.621937562332747662e-01,2.506525733095538166e-01,4.345956839303470876e-01,2.804167170126685704e-01,2.630511041666789840e-01,3.074348372805479901e-01,2.940279412507219026e-01,2.351339330071380573e-01,1.117052479970367385e-01,4.211688986102744003e-01,3.048999051502913615e-01,2.782734599217169813e-01,2.087004572235963973e-01,3.582092967187064936e-01,-1.168482153974500226e-01,-7.192914285032998845e-02,2.940068173690401077e-01,3.475882302270699720e-01,9.103082689038943798e-02,1.746092437389689667e-01,2.387317176386503370e-01,3.025629828561232637e-01,3.188346582143744556e-02,2.128183639993084797e-01,1.680007722961870398e-01,7.055423459951531973e-02,1.497702341293466743e-01,2.743712838076324267e-01,3.690365080313171009e-01,3.201429661478846778e-01,5.346195688959112097e-02,-2.371509657540193938e-02,1.588407473169940187e-01,1.724580982309381061e-01,3.349548986937537220e-01,2.125193847450196905e-01,2.358913219010793927e-01,3.136800922766634359e-01,2.512085934458767045e-01,2.435608026770686441e-01,2.833294981181080918e-01,2.356643001313331320e-01,1.122040533818325497e-01,3.304718454199770949e-01,2.007792284367475588e-01,2.909875712757810096e-01,2.187428282967176230e-01,3.333543959666436796e-01,-3.274684718043254644e-02,7.856596422470675523e-02,3.251383904608717290e-01,3.300019005457479615e-01
2.735821997645648818e-01,2.675118999713818058e-01,3.095096204121356998e-01,9.129649770451370161e-01,-1.040515156801700564e-01,5.582030513707373354e-01,5.013117636190469462e-01,9.932692550460418823e-02,2.505641607524142778e-01,6.987936242776737750e-01,2.962801474800507706e-01,1.000000000000000000e+00,6.567300725497801639e-02,3.535459811918002099e-02,1.828945937960175516e-01,5.115170910559380113e-01,2.762335290221878958e-01,-3.610149663197190911e-02,2.798679642022406933e-01,9.074305501968451537e-01,5.248946007178606488e-01,3.591661178604287352e-01,5.575495796447910157e-01,5.575032028597635136e-01,7.262825093453553760e-02,3.858995220938179482e-01,3.817196625750405303e-01,7.460619494726761225e-01,4.213030508436828581e-01,4.652579155322911775e-01,-7.135863856548205209e-02,-1.070824354981732979e-01,4.223269161359601287e-01,4.324074224849979720e-01,2.166951746753135177e-01,2.689993962154570428e-01,3.366630043643989989e-01,8.906787115740704142e-01,-7.575623373189314946e-02,5.112834684896646609e-01,3.627104530447977093e-01,-3.064005017473496809e-02,2.741806860360436193e-01,5.741918460629241716e-01,2.752916412535454938e-01,9.258071667841386576e-01,1.197826836224306739e-02,1.434505934143260331e-01,3.001861631114099982e-01,4.635969514358931343e-01,3.986283253777339608e-01,1.376747442865283999e-01,3.220269873879459954e-01,8.579382821083136879e-01,5.052329790074779892e-01,3.496031039490990477e-01,5.296095603458113033e-01,5.847427021119466772e-01,1.476214270550003094e-01,3.977975542692119837e-01,3.951490652292450889e-01,7.417095090968548465e-01,3.600313454110812827e-01,4.245768438626146835e-01,2.266575359656205213e-01,-2.069163716562615746e-02,4.403081727503534437e-01,4.344253602482386900e-01
6.300546973850655597e-02,-5.146351823061887099e-02,2.189939404813493196e-01,3.159179870560304554e-02,6.429891286083498636e-02,7.024244831236942099e-02,2.028491920539141069e-01,1.012463637605935836e-02,2.968288752947770837e-01,1.232716908428210384e-01,2.388350585167331452e-01,6.567300725497801639e-02,1.000000000000000000e+00,1.822559020613385428e-01,1.395431058464547125e-01,3.020853106120740747e-02,3.493424793489370572e-02,1.983800546492556216e-01,1.013467493004940045e-01,1.328936615905104146e-01,1.680767031329510608e-01,9.672626688447925891e-02,7.685160855630382426e-02,1.676135350569184779e-01,4.179959658334119754e-01,1.094658017112624532e-01,2.082129592282213615e-01,5.889561416557063771e-03,1.578047813826538859e-01,-8.330693040225297177e-03,2.406005052080736062e-01,3.078466305624624408e-02,1.326290784607423723e-01,5.138961329711174558e-02,1.294977189875969881e-01,-7.576573781779664951e-02,2.034929869880189590e-01,5.358338798642577755e-02,3.698173003523773372e-02,1.271227902731559001e-01,1.921229752405458346e-01,1.064675665217431656e-03,2.957145611941427998e-01,1.990981570802559941e-01,2.107523907913386174e-01,9.784690913704240101e-02,4.255548396619078244e-01,9.715011673686425875e-02,1.496590236872083202e-01,2.193469808938481452e-02,-9.419947793755361481e-03,2.498826494565915268e-01,1.411792285771084066e-01,1.527132088097735152e-01,1.722717144229403696e-01,-5.924056427620384225e-04,1.191772977911943476e-01,1.753762426858603563e-01,1.890466182851502086e-01,-5.102052084048054256e-03,1.854021124903865170e-01,6.640170362933925895e-03,1.328886368900235038e-01,9.709867948848415267e-03,3.064258633064632920e-02,5.164993110579971930e-02,1.322619359711204867e-01,7.669118715614654802e-02
4.103856636627292720e-01,-2.461210863541349325e-01,5.659346548147508038e-01,2.684306307906539693e-02,-1.509861491979878900e-02,1.575009792491375016e-01,6.197214223465317140e-01,2.877780150054205510e-01,2.078969674686337310e-01,8.537763585695622159e-02,6.839953918423245793e-02,3.535459811918002099e-02,1.822559020613385428e-01,1.000000000000000000e+00,1.433581313433079929e-01,-1.620783843277119607e-01,1.213742413511210566e-01,4.723327067583413807e-01,2.750712135892598442e-01,8.339362302077249489e-02,1.382940218921936693e-02,-3.016671149950318070e-02,-7.299051619745230979e-02,1.959264005167953571e-01,8.697837820599567393e-02,1.125980098447811051e-01,1.902178099149278434e-01,6.528793099250708443e-02,1.876839807826632123e-01,2.863129332846123254e-01,3.734840208806469164e-01,8.984485978886060098e-02,-5.421065108607269617e-02,-1.231033229055293193e-01,4.765375068926837733e-04,-2.345269446841874994e-01,2.872324938993789378e-01,3.358767016062849664e-02,2.026896937403736484e-02,1.919577042528159139e-01,5.762603032781207224e-01,2.017153971504658805e-01,1.824942333258393334e-01,2.032882242946843776e-01,1.744465244628455678e-03,3.612413572577224258e-02,1.639978360849122796e-01,5.804352461376812711e-01,1.578709488650844872e-01,-1.253702154277928082e-01,-1.665101578844106200e-01,2.080827691926888101e-01,-4.024478519188176562e-02,8.351195242388737006e-02,-5.730271258565482889e-02,-8.341969410186771128e-02,-1.100529342195569332e-01,2.144178097119301962e-01,-5.634959394167214641e-03,-1.734207108814445411e-02,1.142623244855577869e-01,4.643777690615133458e-02,-4.495480335840220526e-02,-1.342053872755713702e-02,6.464046453224199518e-02,5.166018448201742386e-02,-9.487126896370108586e-02,-1.333075262048159237e-01
-1.569613672073024921e-02,5.556244069156061893e-02,2.664492350233504947e-01,1.277996347399494859e-01,4.420918085267258602e-02,1.587059957194246751e-01,3.285235167390495592e-01,3.322082097864676592e-02,3.310797874465948309e-01,8.048452200268435552e-02,1.623543587489645057e-01,1.828945937960175516e-01,1.395431058464547125e-01,1.433581313433079929e-01,1.000000000000000000e+00,1.317745445796816572e-01,1.263818072421765302e-03,1.355286119163804370e-01,8.070802688286433935e-02,1.754607088527008474e-01,1.516541793386236292e-01,2.239716111505529739e-01,1.061988130502920791e-01,3.008273236641291759e-01,1.795402314526366450e-01,2.049458728420218145e-01,1.944965982644469016e-01,1.182068418291361278e-01,8.848023959620661405e-02,1.133018942094101561e-01,1.896057441662786155e-02,1.001482840203773463e-02,1.690022384111766196e-01,1.571107197253997501e-01,-2.352252752096239963e-02,8.609554941371033721e-02,2.127601625848917766e-01,1.301723015276360917e-01,-7.103049589687987497e-02,1.407023609254090257e-01,2.719496765986199049e-01,-4.711228201705197627e-02,3.054463169716541970e-01,7.558374857915961531e-02,1.539033366529741487e-01,1.675365979701513297e-01,2.087361369725762583e-01,3.269088234112532687e-02,3.344395741317676696e-01,1.402745871725956384e-01,6.931515093878355682e-03,1.160584427275203195e-01,2.582825205441858368e-02,1.625410341117670410e-01,1.472826507135432117e-01,1.897855486909061917e-01,1.059213236245406392e-01,2.804594272194235183e-01,1.142822557229635355e-01,1.383715105762891306e-01,1.594387180476169730e-01,1.048554686727937585e-01,7.918968037822662898e-02,6.484578517738753822e-02,1.255270499385313307e-02,2.262646503659233171e-02,1.706530704339314919e-01,1.769106191457159027e-01
1.572161485500104539e-01,4.972422081076566802e-01,1.837655754583453205e-01,5.300861642143749330e-01,2.873668539624439980e-02,7.480862525310003064e-02,2.411817429806608071e-01,-1.178875616563601764e-01,2.791866961782671908e-01,2.234491542625411109e-01,1.976767448792703941e-01,5.115170910559380113e-01,3.020853106120740747e-02,-1.620783843277119607e-01,1.317745445796816572e-01,1.000000000000000000e+00,3.689058052072344274e-01,-9.836573254312630521e-02,2.315952555364213794e-01,4.769482901677433162e-01,7.288306306968246329e-01,5.189788033843469872e-01,7.709485049204045648e-01,5.754987102511663899e-01,9.371532984716494930e-02,3.666652158283444929e-01,6.061915929317556184e-01,4.541017210201041543e-01,4.220611940636192494e-01,4.129258065935310640e-01,-6.278653766659103574e-02,-8.173148546762869227e-02,5.861717521447762369e-01,6.983761966509925978e-01,2.717898186380880432e-01,5.322999089717826982e-01,3.321136093531086853e-01,5.288040323067220161e-01,-8.962112223849171000e-02,3.280965921284734882e-02,2.089477383642085462e-01,-3.244032326189411619e-01,3.261862819042561368e-01,1.306601736857913310e-01,2.106144481965323556e-01,5.237219465528757389e-01,4.171512219153864637e-02,-3.872750651861738697e-02,1.305441222168433058e-01,8.982809262201995049e-01,5.008288472368015443e-01,2.283068505644272883e-02,3.408221211564123609e-01,5.159089105187216751e-01,7.345983860509803787e-01,5.577599107047651605e-01,7.788264831928515264e-01,5.774552309086022905e-01,1.356364249637936059e-01,4.539423616291842767e-01,6.088896292202059524e-01,4.561330792977278392e-01,3.631366022321923515e-01,5.425589127664468547e-01,1.819435001554906839e-01,-8.671818286349931848e-02,5.280546232972926912e-01,6.675815195896126486e-01
4.260628033812524640e-01,4.241205537836511552e-01,3.845371112907134958e-01,2.768870992735215086e-01,-3.182736100703608545e-02,3.379846330318729553e-02,1.836079757758046216e-01,1.205023493133239587e-01,6.475237946580802983e-02,1.665807682230974196e-01,3.621937562332747662e-01,2.762335290221878958e-01,3.493424793489370572e-02,1.213742413511210566e-01,1.263818072421765302e-03,3.689058052072344274e-01,1.000000000000000000e+00,6.549209775512747356e-02,7.344022743121766394e-01,2.766752467007775329e-01,3.851951491476778289e-01,3.474104889165372523e-01,5.293046321804134591e-01,2.956114195607061346e-01,-1.883227171995369501e-02,4.048039693041822762e-01,5.890800578047906688e-01,3.273369720283009210e-01,4.712448300824518266e-01,4.949456496652014370e-01,-1.297631688101796334e-02,-7.113580581629286304e-02,4.256587803219886723e-01,5.151264910680893871e-01,3.099233512527153067e-01,4.045877671184596736e-01,3.676725211819466543e-01,3.179710790298306833e-01,-7.431759689796277324e-02,4.544266117708633396e-02,1.919719738773487394e-01,-2.906109689649556682e-02,4.660379199149383006e-02,1.619054520814584286e-01,3.101675818916155292e-01,3.134940832746372918e-01,-8.651621339796532195e-02,1.477996366945290851e-01,-2.603484484340549618e-02,3.547656496853791031e-01,6.237388207021946629e-01,1.115459650930115815e-01,4.660030516442561499e-01,3.324318268385399455e-01,3.638644985422407330e-01,3.319937165322937034e-01,4.489544505027409094e-01,3.143712768201453178e-01,4.013522480128063619e-02,4.213892692399920925e-01,4.830500315887233387e-01,3.285672055942454595e-01,3.386750121523602330e-01,4.616092098151641787e-01,2.271787654419601399e-01,1.597529451023364149e-03,3.935012327186265813e-01,4.845179775532293953e-01
1.145510556084458446e-02,-2.057721892312309730e-01,3.941305340609229657e-01,-8.097296676044692110e-02,-6.729367736458697832e-03,1.908102853134032925e-02,3.078305976526310994e-01,3.235932505921230717e-01,1.211964132287654261e-01,3.427284188309339535e-02,2.506525733095538166e-01,-3.610149663197190911e-02,1.983800546492556216e-01,4.723327067583413807e-01,1.355286119163804370e-01,-9.836573254312630521e-02,6.549209775512747356e-02,1.000000000000000000e+00,3.735641144527674928e-01,2.404083694891701733e-02,2.381644284073808696e-02,7.245723253962160770e-02,-9.751549757037807076e-02,2.965560700148955550e-02,6.953053924792197693e-02,2.856535582164719811e-01,1.362248349179535079e-01,-4.490850277454455641e-02,-2.008402128674046175e-02,2.116668143862105445e-01,1.364953918411130063e-01,-9.659155810072404813e-02,-2.655925229587121489e-02,-4.253085354264425633e-02,-1.047280855437513064e-01,-1.970749584559689238e-01,2.142628091798315926e-01,-7.338199737817745205e-02,3.476826922196227243e-02,5.624152126380085881e-02,3.105538291503914250e-01,1.357893415053695874e-01,1.902095098141681484e-01,1.907772942209591538e-01,1.100406303560014926e-01,-1.809871145145077950e-02,1.439776297637153646e-01,1.507995429980748536e-01,7.922058944620985477e-02,-8.648847257367295316e-02,-9.753501182334564645e-02,5.689925063667915506e-01,-4.730933393836669540e-03,6.555210952023157733e-02,-6.168942164818867063e-03,2.452124535706331349e-02,-8.199233893648197324e-02,3.289289937142624715e-02,-2.182572690422740144e-02,1.412986251870986809e-01,2.295141367039010838e-02,-3.340965862420001986e-02,-1.213400370916340315e-01,5.535158702345897158e-02,-2.523875716039252759e-01,1.416646497016949696e-02,-1.957557586772478916e-02,-5.354593649213001266e-02
3.677798900288899997e-01,2.817403807707741237e-01,4.997278444814096110e-01,2.561540647094873724e-01,-3.756126302641862175e-02,1.026568260925049964e-01,3.056901238763153339e-01,2.773466387289247326e-01,1.196672883253692560e-01,2.119337863143020695e-01,4.345956839303470876e-01,2.798679642022406933e-01,1.013467493004940045e-01,2.750712135892598442e-01,8.070802688286433935e-02,2.315952555364213794e-01,7.344022743121766394e-01,3.735641144527674928e-01,1.000000000000000000e+00,3.103265366761934763e-01,2.687333611389904342e-01,3.279871412511375373e-01,3.385629630460467721e-01,3.016655400978295876e-01,2.206365240422587803e-02,5.065362181827044452e-01,5.033752958994904825e-01,2.626008105031625295e-01,3.919500570508650528e-01,4.866039436755223990e-01,-3.103162285098089168e-02,-8.527420285359836594e-02,3.288692362382456547e-01,3.808697815625439742e-01,2.686159610334667436e-01,2.563473670847217778e-01,4.253277709271303664e-01,2.822843210798594016e-01,-3.893716031428477720e-02,1.178093633510579608e-01,3.024562508925984772e-01,5.473116232919052887e-02,1.369261702759697608e-01,2.350245672724581292e-01,3.613648018656541727e-01,3.139401662730498810e-01,-1.497685905707146076e-02,2.332869695278705080e-01,7.975727821095095205e-02,2.167645487777001279e-01,5.150891071490396600e-01,3.594806224274894602e-01,5.128551440077481205e-01,3.568800073540600026e-01,2.406565217449518901e-01,2.649386289581604492e-01,2.802873861114963949e-01,3.177726560417701296e-01,5.913233417089378691e-02,4.509485853351993256e-01,3.960208118119880605e-01,2.540014669784633194e-01,2.858600690798926980e-01,3.717822993117130825e-01,1.141568833714132480e-01,4.704071676683029696e-02,3.207872841598320979e-01,3.807883052800154489e-01
2.721613467978406531e-01,2.348088367355790351e-01,3.589146831973978879e-01,8.597755580837673772e-01,-1.085163497195707760e-01,5.297932348593009655e-01,5.107561040071927350e-01,7.174910012888925659e-02,3.128818923720466660e-01,7.657788006825135829e-01,2.804167170126685704e-01,9.074305501968451537e-01,1.328936615905104146e-01,8.339362302077249489e-02,1.754607088527008474e-01,4.769482901677433162e-01,2.766752467007775329e-01,2.404083694891701733e-02,3.103265366761934763e-01,1.000000000000000000e+00,5.133465888403400124e-01,3.436062515187606747e-01,5.137005580336482247e-01,5.469171277053251901e-01,1.168858224529255307e-01,3.848363758870045337e-01,4.134567093938437132e-01,6.622027867746337337e-01,4.197426807278676342e-01,4.066145168935303977e-01,-1.799137716881807347e-02,-8.034634540429547167e-02,4.108726038920216261e-01,4.086893492608328349e-01,2.597429853524789722e-01,2.283517101685478556e-01,4.289848485722317362e-01,8.288221443198646732e-01,-1.236298104233010259e-01,4.892449530776109001e-01,4.125170335236300612e-01,-4.130036846997020561e-02,3.322479518278164679e-01,6.713784396940529753e-01,2.954269981154959424e-01,8.714833174513468839e-01,7.817114796483004557e-02,1.949223940554931922e-01,2.980291125095174132e-01,4.342974573338800881e-01,4.008704088450437686e-01,2.317324647131004667e-01,3.977644030493260319e-01,9.291513076786497294e-01,4.798686550079737656e-01,3.127953440610589664e-01,4.816563219210048263e-01,5.893196194927338150e-01,1.629732858884868352e-01,3.739328776630395090e-01,4.406144652992913247e-01,6.536677073981208563e-01,3.692015920554909680e-01,3.750516172671010118e-01,2.276741891405478502e-01,-1.870480407767480605e-02,4.601877455441029663e-01,4.181464465675504560e-01
2.001443829256361051e-01,4.442570035358940350e-01,2.773917684704058084e-01,5.311225525479938980e-01,4.408905193645260012e-02,1.404949160367442162e-01,3.089040393033644083e-01,-4.029673603097996132e-02,3.535863525499790549e-01,3.542500296212208744e-01,2.630511041666789840e-01,5.248946007178606488e-01,1.680767031329510608e-01,1.382940218921936693e-02,1.516541793386236292e-01,7.288306306968246329e-01,3.851951491476778289e-01,2.381644284073808696e-02,2.687333611389904342e-01,5.133465888403400124e-01,1.000000000000000000e+00,4.415731923807769688e-01,8.756846849821501300e-01,5.076538111895645411e-01,2.113013651256674119e-01,4.012316400236442537e-01,6.312435994923726312e-01,5.435044213517417067e-01,5.321484648352123870e-01,4.817005294067460697e-01,5.622127547391728153e-02,-5.802771053153369524e-02,6.557397354756194785e-01,7.404234000100851087e-01,2.870534519609983515e-01,3.831406701014723470e-01,3.576522248908440282e-01,5.542581434321638412e-01,-5.547830461173387101e-02,1.377141162096742200e-01,2.639853317501845709e-01,-1.719488874694980740e-01,3.809527903043899433e-01,3.274586914068660093e-01,2.903020186143946413e-01,5.445236138772917567e-01,1.864343075950901374e-01,4.432261714672291325e-02,1.314982966260997421e-01,7.281237626493304305e-01,4.621039085196264606e-01,1.353552859017917720e-01,3.675035111309135627e-01,5.655488140184562473e-01,9.041426628974961188e-01,4.230702170933496875e-01,8.587855167255633582e-01,5.310459097737658674e-01,1.739027003241500335e-01,4.390617954726278027e-01,6.196868012504457290e-01,5.077533489369319142e-01,4.662143785425667541e-01,5.549360844002736437e-01,2.028881240915700046e-01,-4.648969547096170468e-02,5.912481020503248530e-01,7.060517030215965883e-01
3.707763263937935427e-02,4.411035429568064270e-01,3.756767924501553391e-01,3.121389625404039081e-01,5.548994243204010551e-02,7.195708158669725241e-02,3.815815920288904706e-01,4.218437961236407713e-02,4.199946463587366230e-01,1.738734095859985063e-01,3.074348372805479901e-01,3.591661178604287352e-01,9.672626688447925891e-02,-3.016671149950318070e-02,2.239716111505529739e-01,5.189788033843469872e-01,3.474104889165372523e-01,7.245723253962160770e-02,3.279871412511375373e-01,3.436062515187606747e-01,4.415731923807769688e-01,1.000000000000000000e+00,4.705099131671690582e-01,5.739853862959164443e-01,2.247790645616548622e-01,6.139703118571875340e-01,5.337119613552733233e-01,3.510228970347258337e-01,2.503540771683549493e-01,5.188396507359300802e-01,-1.408306328896448967e-01,-1.447098221298519227e-01,5.272546933768772481e-01,5.769136384152923069e-01,9.333414126895905882e-02,4.586698367191675563e-01,3.696844754015549683e-01,3.181143732035950911e-01,-4.589295232138389247e-02,4.345439948470864594e-02,2.752562641923363973e-01,-1.653235912752780978e-01,4.124861823282746642e-01,1.278817742035327498e-01,3.212777452369288134e-01,3.567128448919028583e-01,1.144963124157415274e-01,-1.408719605966024802e-01,1.831549458709334777e-01,4.927573581407108105e-01,3.748768406324110569e-01,1.391746938282509838e-01,2.466860575454661308e-01,3.732552266188799983e-01,4.532972601234880328e-01,6.884579296788035929e-01,4.491756656260224023e-01,4.836052220241611188e-01,2.381042619115791570e-01,5.910185953381168478e-01,4.110228313200867123e-01,3.858324255871398711e-01,2.261314268484893863e-01,5.318650461416742914e-01,7.927503666679568128e-02,-1.052319411987418518e-01,5.223603130690044338e-01,5.427782917472123714e-01
2.535316354792563343e-01,5.533237019484817942e-01,2.377824744366749121e-01,5.634828261167957875e-01,3.562447690801574807e-02,1.741678746218227603e-01,2.235298830489641508e-01,2.389690675544019899e-02,2.344271973109159357e-01,3.503248598954587512e-01,2.940279412507219026e-01,5.575495796447910157e-01,7.685160855630382426e-02,-7.299051619745230979e-02,1.061988130502920791e-01,7.709485049204045648e-01,5.293046321804134591e-01,-9.751549757037807076e-02,3.385629630460467721e-01,5.137005580336482247e-01,8.756846849821501300e-01,4.705099131671690582e-01,1.000000000000000000e+00,4.675380309344082108e-01,8.664964043764505908e-02,3.747437959740642088e-01,6.642368491776010631e-01,6.285325218221559096e-01,5.731480306965837102e-01,5.872706998372804188e-01,-2.505656236275379672e-02,-3.943675375767864005e-02,6.544209647488429260e-01,7.888414774982823729e-01,3.754254295660240937e-01,4.886022410459964771e-01,3.455162490902171091e-01,5.980616895433754632e-01,-5.194913717425864857e-02,1.560342132341333288e-01,1.807771379435498538e-01,-9.566022997122054783e-02,2.700399265499012769e-01,2.795089333627344130e-01,2.764508546292234747e-01,5.830024456286000412e-01,6.417976982646761419e-02,2.958849191858902924e-02,8.535936929989114408e-02,7.590133757488874977e-01,6.191734076864927605e-01,2.419068272441939060e-02,4.212396931558047841e-01,5.584258098145823412e-01,8.336782423927669994e-01,4.789756048794230892e-01,9.099435649604680210e-01,4.912166632994710569e-01,1.213614887358826638e-01,4.583443421101509596e-01,6.399493606845727545e-01,6.092397591673275326e-01,5.309620552343844446e-01,6.880307396628323469e-01,2.499059014382840893e-01,-4.363257947848102336e-02,6.013997101818784330e-01,7.450727695049470523e-01
