1.000000000000000000e+00 1.987257690989737147e-01 5.659995114158423712e-01 3.985586678841646635e-01 1.316408284081520275e-01 5.306810652155340424e-01 4.679888471256674065e-01 5.458111092945050480e-01 1.309118113862018373e-01 4.085093989436688888e-01 2.397627072190429698e-01 4.705065927528725434e-01 1.123658397548077809e-01 6.316385278558940275e-01 2.139912517839647477e-01 3.799044337994278986e-01 5.111041961919517984e-01 2.091732861360948437e-01 4.125889003399715316e-01 3.257771282118937517e-01 5.374286492875179899e-01 1.858096700762653652e-01 6.138030895872349513e-01 2.809158195141217007e-01 1.672604261650279672e-02 3.704440613559286666e-01 4.292713261475408770e-01 4.215721278908253211e-01 7.546158923079236969e-01 4.385377528276770409e-01 -3.762653716042740210e-03 1.396817671185568710e-01 3.415901163090840353e-01 4.124492279074988277e-01 6.811166554061673928e-01 1.755694826495516336e-01 3.499613982928801437e-01 3.993375277788480671e-01 3.266144756503731872e-02 4.637810000909198815e-01 3.860961148972075208e-01 3.964724103606621641e-01 6.508236590759931828e-02 3.257706201582477590e-01 1.944964171277266118e-01 4.074453086907258159e-01 7.836309089910040160e-02 3.147517318251180085e-01 1.758596273875850380e-01 4.618079815625915074e-01 3.251579502603187399e-01 6.479049429244032599e-02 3.037122623349623463e-01 2.725324292075913535e-01 5.206432874493747143e-01 1.600675028269617772e-01 5.848348537223745369e-01 2.470736574825149190e-01 -5.382498796126711227e-02 2.076306322133823490e-01 3.174597987880031225e-01 4.471323203868988738e-01 5.701098305778828923e-01 3.791231448352259670e-01 6.911288328017223259e-02 2.874792774108426985e-02 2.288350177206812108e-01 3.721967773768072862e-01
1.987257690989737147e-01 1.000000000000000000e+00 1.128168660965953585e-01 2.548775955295380369e-01 5.219734103499655553e-02 2.621413984357126026e-01 1.310822006376873849e-01 1.791652632448342275e-01 1.363027991663545435e-01 2.090950915577411140e-01 1.686266613378333279e-01 3.177485584599531454e-01 2.248399848370587206e-02 1.100875428561430835e-01 9.312182891961015563e-02 2.272751686987448394e-01 3.063693590531174626e-01 -1.388190133917857963e-02 2.112578564416078275e-01 3.274024200014893360e-01 1.877289095223668713e-01 2.690120994904431906e-01 3.080617117963180829e-01 2.621704552125775911e-01 1.890103362950139865e-01 3.084534872469807398e-01 2.977212823229077321e-01 2.998926433454593976e-01 2.187789294670330342e-01 3.784512895328107085e-01 1.683242451137018439e-02 -1.532555517380613727e-02 2.934295951099444855e-01 3.609937552005986205e-01 1.854625309172088787e-01 3.841765377947305993e-01 2.193460744803740758e-01 2.628998686878453173e-01 1.279247441529565363e-02 2.071987318070160344e-01 1.562253696995277441e-01 1.748980041311085365e-01 9.740228781109469547e-02 1.615639061529721698e-01 1.809968071216788432e-01 2.764368531525017714e-01 7.417108252799828327e-02 5.945736157503285491e-02 6.642139235903951611e-02 2.201970030098539532e-01 4.016310715891111549e-01 1.995223318698649204e-02 3.164924972389388524e-01 2.996971112095930811e-01 1.647943852651276020e-01 3.154892292799200693e-01 2.955625350447766975e-01 2.742086022843813753e-01 1.233582732614773025e-01 2.823506355709184956e-01 3.164029855283226889e-01 2.987866562640816293e-01 1.261909137500686617e-01 3.964361513493346312e-01 3.389367166382412089e-02 -9.410243437370366393e-02 2.522654056876347806e-01 3.433120137652482806e-01
5.659995114158423712e-01 1.128168660965953585e-01 1.000000000000000000e+00 1.653457852766073433e-01 8.992937614389090450e-02 2.560741493097031807e-01 1.007068441684785043e+00 5.433846985572193811e-01 3.477925149544588979e-01 3.333288605958276696e-01 3.848049611708377338e-01 2.977190912971398040e-01 3.600402425914143723e-01 8.538840031762104932e-01 2.139975920183924130e-01 2.141004717169811000e-01 5.753255442111109286e-01 5.352138309931202542e-01 5.147231540481090883e-01 3.472068874211928780e-01 2.537230797696732876e-01 3.432672973778279624e-01 3.607040647591021054e-01 5.348622586229511144e-01 2.031524179033236399e-01 6.487020111715006143e-01 8.149871322748765134e-01 2.463590664998266677e-01 3.658674285874088938e-01 3.491753957699808009e-01 9.257726909473497356e-02 1.011163653035036109e-01 2.632110951782133945e-01 2.279298517761295662e-01 3.701581668833605065e-01 8.444818409900221867e-02 4.727884444945096853e-01 1.905572681441595473e-01 -1.994336846349694520e-02 2.934993263432645882e-01 5.438782428546314884e-01 3.263467041740496510e-01 2.356855762385895448e-01 3.460403326471438445e-01 3.069421170231538820e-01 2.330291999754378618e-01 2.566413157492352104e-01 4.989598036919441482e-01 1.014624765977132359e-01 2.869674669486150798e-01 1.417747226512446335e-01 2.443308295922583806e-01 2.054982934969491748e-01 3.025803585797380291e-01 2.706274672795667691e-01 2.111724325655482959e-01 2.968941925622221034e-01 3.744695027344506766e-01 1.268310733707074811e-01 2.104202635060655191e-01 4.992878003086633210e-01 2.308374178025304202e-01 2.936369549689122338e-01 1.421002961492348338e-01 2.175793349525879383e-01 -1.018864550608057987e-02 1.877812739354347282e-01 1.608530217064620960e-01
3.985586678841646635e-01 2.548775955295380369e-01 1.653457852766073433e-01 1.000000000000000000e+00 9.425245080267943831e-02 6.759842708191705629e-01 2.438772558270585478e-01 3.522116087336306656e-01 2.206838333553377829e-01 4.558613160300720168e-01 1.522057587546291613e-01 1.104353835608713030e+00 5.025624538620403203e-02 2.169887858632450761e-01 1.752339473762955235e-01 4.387779907373783872e-01 2.155205831827287088e-01 -5.297705222174467488e-02 1.232647879043435174e-01 6.962442369502295225e-01 5.152354098339507749e-01 1.905845298025970469e-01 5.020176259390281004e-01 3.785013608532201146e-01 2.541456410785624537e-02 2.254397993900831010e-01 2.036304766229617980e-01 8.896510319744821427e-01 3.580551049571882860e-01 2.387620320511130434e-01 -1.515793709506232413e-02 5.941489656176478923e-02 3.425448056012404541e-01 3.178155519010326668e-01 2.870151523062118848e-01 2.903542391817611756e-01 2.075581870597736633e-01 1.455681431465035480e+00 4.900795565944658649e-02 5.762846114613091597e-01 3.580362623181277959e-01 2.948657758046004940e-01 1.544791864243058310e-01 2.450188574750570281e-01 1.494696921885067253e-01 1.155183307229535217e+00 8.112486288879086627e-02 1.095206437611124933e-01 1.520754992905793967e-01 4.933975721135652193e-01 3.522299055391157618e-01 -1.065659376710135497e-01 1.999148744151096335e-01 7.086324081145385367e-01 5.181393874222322005e-01 2.733525190557162809e-01 5.555976096428666411e-01 4.525764935816422585e-01 -2.469617382039351883e-03 2.125425307469179237e-01 2.842135124094866683e-01 1.013344109074263200e+00 2.463880356487858081e-01 3.607899410494179726e-01 3.861982412180293978e-02 -4.332118211006392300e-03 2.222052078018647570e-01 3.682002309873458890e-01
1.316408284081520275e-01 5.219734103499655553e-02 8.992937614389090450e-02 9.425245080267943831e-02 1.000000000000000000e+00 1.681676330435498412e-01 7.353135312064121298e-02 1.692322819429385450e-01 7.933190631214184774e-04 8.494588928751835299e-02 7.800980713774080533e-02 1.199963435522787558e-01 3.026926434129968008e-02 1.163282057568980066e-01 9.580255121235126126e-02 8.469121966718984318e-02 1.281368725513937212e-01 4.262798713200700862e-02 1.042560410039248819e-01 9.285481991563775128e-02 1.389401974490275249e-01 1.538642221471837532e-02 1.586480258067414773e-01 2.590674291017760339e-02 -4.017886313389594684e-03 7.956647206171291176e-02 1.079718966176320405e-01 1.052083716608503694e-01 1.412858230330742149e-01 8.149585682236626383e-02 -3.541311303081125239e-02 1.147942932587767695e-01 8.152751227228527409e-02 1.370249357457409001e-01 1.051805409751217640e-01 2.741938761072269803e-02 1.105431922256305127e-02 9.210491430262936208e-02 2.187289909565042975e-02 1.505497352169397618e-01 4.313770270563067194e-02 1.150512800585347939e-01 -5.553102964648707132e-03 5.523897863281180404e-02 6.416343945385455383e-02 1.100516929278770734e-01 7.129335819540720542e-03 4.034968259303568783e-02 7.422959974669576799e-02 1.103291040163881520e-01 6.988092648760085845e-02 1.449767519213335416e-02 4.873395942422413529e-02 9.387721637584427181e-02 1.380477021852188624e-01 6.586906235120020686e-03 1.418797383323274208e-01 1.442691276276783681e-02 -9.529513049040150285e-03 8.955747284937008029e-03 5.373870445866930912e-02 1.018883060656409351e-01 1.185553598562106292e-01 7.579515888044528749e-02 1.405116234769224030e-02 2.389059847973240905e-02 5.459852090173548944e-02 1.088226301873059382e-01
5.306810652155340424e-01 2.621413984357126026e-01 2.560741493097031807e-01 6.759842708191705629e-01 1.681676330435498412e-01 1.000000000000000000e+00 2.858686073210734424e-01 5.572899866902064625e-01 1.456876049257416206e-01 6.056468304304665207e-01 1.894534513562024236e-01 7.958169856790135999e-01 8.842705422309904417e-02 3.321835946514256621e-01 3.150810300107620421e-01 3.726855873027961619e-01 2.904273886724690334e-01 8.412074757854638707e-03 1.702219228977013554e-01 5.753223142361434395e-01 4.658005730031128944e-01 1.455602121439467378e-01 4.990281767031944371e-01 2.817382667111009709e-01 2.450608428649051623e-02 2.468870641720297410e-01 2.582666914438522809e-01 6.441946541854089991e-01 4.560310101177439401e-01 2.881390746266943026e-01 2.533483223837592561e-03 9.062305850210830571e-02 3.253440121398564755e-01 3.543263522102195751e-01 3.727274896677135740e-01 2.488485445596747836e-01 2.431770250223787289e-01 6.102949061243938544e-01 6.611714507405551389e-02 9.543868646865417693e-01 3.783986017598533480e-01 3.980447350060367095e-01 1.039966058809655286e-01 4.056716969730980171e-01 1.322892238636506346e-01 6.870138447275393467e-01 9.775716449383764495e-02 1.574622637126307512e-01 2.636961300414596976e-01 4.180229049886088344e-01 3.120071054593934745e-01 -3.643559887488530269e-02 2.121653323244895861e-01 4.693997233915910283e-01 4.698555026473359986e-01 2.067608940611549984e-01 5.236397904651076685e-01 3.110899052163779155e-01 -2.047829802903269186e-03 1.864560434490755703e-01 2.654979436438721363e-01 7.084360780127959556e-01 3.340857744883740099e-01 3.495417439580094099e-01 1.110413650449128611e-02 2.368956281540197939e-02 2.207553358395785703e-01 3.749963324169786061e-01
4.679888471256674065e-01 1.310822006376873849e-01 1.007068441684785043e+00 2.438772558270585478e-01 7.353135312064121298e-02 2.858686073210734424e-01 1.000000000000000000e+00 6.471002022444876101e-01 5.200421764440690264e-01 3.868932628372877547e-01 4.313828293410747472e-01 3.514780062057167309e-01 4.515492028299470384e-01 9.546205629649167079e-01 2.517834814936329435e-01 2.516321744033845897e-01 4.328024414576300272e-01 5.950204730412668175e-01 4.050771625082300598e-01 4.116942040077316567e-01 2.255204627367939918e-01 4.656728511763503775e-01 2.926045184005784394e-01 8.208996767027670893e-01 2.611933193268751174e-01 6.944280863640344137e-01 7.574418795739608079e-01 3.565446864474556277e-01 2.884353601236619991e-01 3.723612074524921267e-01 1.089413520475117081e-01 8.870219242941655702e-02 2.979965814119484580e-01 2.112894319436671720e-01 2.620845279568460029e-01 1.021131766299407662e-01 4.536441403685483875e-01 2.631644124038271526e-01 -2.040932822894820503e-02 2.922514860485712074e-01 7.967384061277024143e-01 3.936118310266633058e-01 4.141541413354479229e-01 3.767365866438672217e-01 3.845543642672199502e-01 2.785776764791339510e-01 3.887684898703295255e-01 6.208377296007646651e-01 1.150134153198777293e-01 3.220383035726020471e-01 1.155825581672278168e-01 3.120862374135932593e-01 1.503290226884329839e-01 3.666771828484490237e-01 2.470997773832833144e-01 3.116657285218892293e-01 2.698941327232260989e-01 6.028141519873415621e-01 2.205021544550371249e-01 2.704308897522988420e-01 5.571504012703377695e-01 3.303221400672523567e-01 2.163545109993735283e-01 1.465900692782275694e-01 3.073071425250646360e-01 -1.417934685403173835e-02 1.935496733292540739e-01 1.351536482256007476e-01
5.458111092945050480e-01 1.791652632448342275e-01 5.433846985572193811e-01 3.522116087336306656e-01 1.692322819429385450e-01 5.572899866902064625e-01 6.471002022444876101e-01 1.000000000000000000e+00 1.789464575031708971e-01 4.461761878088881250e-01 4.032536798825887558e-01 4.640399440143331833e-01 1.628132219825936811e-01 6.582663517981062196e-01 2.200548322057529482e-01 2.707006514453642043e-01 4.783094550147673485e-01 4.216196601742552286e-01 4.572035831465464661e-01 3.959243995914092928e-01 3.042935621281687708e-01 2.227570761204263894e-01 4.410850402453829200e-01 3.101952660762380409e-01 4.194389729609806355e-02 5.317314838887089445e-01 4.985893710522912858e-01 5.830190496761713526e-01 3.917373933986253443e-01 5.706191683442859430e-01 3.851077016915303852e-02 1.118928583346864153e-01 2.883960571060690814e-01 3.342439131437006106e-01 3.106731143652038951e-01 1.719566373907454870e-01 2.602308251119637150e-01 3.609247806005642101e-01 1.188659197169949361e-02 4.946891729409877980e-01 3.853511563032643306e-01 5.013612436868040145e-01 5.208255990743651531e-02 3.558603425036481749e-01 2.564958295576894587e-01 3.799481577130349175e-01 1.077419514348079976e-01 2.916245259564088088e-01 1.485901966556358589e-01 3.406151722837327811e-01 2.652235785664088796e-01 1.906579798510076307e-01 2.471950638387407362e-01 3.062046410992691481e-01 3.267131018043624713e-01 2.070986131411338971e-01 4.090966282133137732e-01 2.304981935917716496e-01 -2.180120468376542386e-02 2.033268384576956689e-01 2.925271294145563861e-01 5.174681303918555741e-01 2.762254717103194146e-01 3.401642600291912011e-01 1.143158734058073028e-01 -2.509347481953460440e-02 1.912836773841041504e-01 2.679509940787165312e-01
1.309118113862018373e-01 1.363027991663545435e-01 3.477925149544588979e-01 2.206838333553377829e-01 7.933190631214184774e-04 1.456876049257416206e-01 5.200421764440690264e-01 1.789464575031708971e-01 1.000000000000000000e+00 2.141153925314183970e-01 1.875935703656793907e-01 2.828501591215130118e-01 3.770824455357092431e-01 3.299032872331539856e-01 1.695348552474152115e-01 1.799529636250395970e-01 8.355960346744209510e-02 1.162648149360001326e-01 3.619627540432555218e-02 3.555659821103027141e-01 1.244245756887076837e-01 3.874796521817958084e-01 1.074841522649790798e-01 7.017179541606851645e-01 2.755457318922800436e-01 2.548161497763163919e-01 3.373824668750294853e-01 1.563138983502424528e-01 1.155504337444079738e-01 3.758094917321000428e-02 1.178776743838193253e-01 3.735639953637210492e-02 2.054194940352984944e-01 1.319222552622683065e-01 6.297357423287419653e-02 1.174335952478773315e-01 2.506120325717112185e-01 2.271976546685544329e-01 4.789393750545441197e-03 1.594798694296110653e-01 4.429331691318331155e-01 1.528410691102517760e-01 5.094689189909339389e-01 2.069197437139705387e-01 2.149077660387300470e-01 2.462986647578277177e-01 4.069541251392665426e-01 3.300314180643726392e-01 7.840294632033033284e-02 2.013366777736146362e-01 5.738984914568891899e-02 4.373771852248398151e-02 3.588631442392410664e-02 3.529333078952244795e-01 1.210949632449923458e-01 2.753691242237202852e-01 1.390057214098625038e-01 5.983426864791620003e-01 2.837848264804108123e-01 1.342246181777868863e-01 3.702466426861157345e-01 1.991220369522570532e-01 5.274950156791236716e-02 4.629292422835792897e-02 1.793027739835963419e-01 8.436300545826405650e-03 1.526909193412816779e-01 1.138262200651926487e-01
4.085093989436688888e-01 2.090950915577411140e-01 3.333288605958276696e-01 4.558613160300720168e-01 8.494588928751835299e-02 6.056468304304665207e-01 3.868932628372877547e-01 4.461761878088881250e-01 2.141153925314183970e-01 1.000000000000000000e+00 1.986592599588319075e-01 6.871691709053738828e-01 1.085207229867312939e-01 3.002877800185066448e-01 1.443084342869069836e-01 2.911054433107734818e-01 2.211505638036651289e-01 6.456451440286106735e-02 1.616752951836071539e-01 6.551513114983421593e-01 2.260701128131116233e-01 2.396032112010217374e-01 3.054596199440579030e-01 3.641927067980646471e-01 1.011694457922097667e-01 3.657326226856969509e-01 2.653919107433649893e-01 5.444893192389275161e-01 3.232320023609456805e-01 3.161917902572264905e-01 3.328381652757181342e-02 4.428394474201552411e-02 2.840618015327898149e-01 2.709889742153951953e-01 3.096829882493055131e-01 2.398172401996788716e-01 3.288730797604224598e-01 5.092622900105583383e-01 -1.588752260674979738e-02 5.456520516502838536e-01 4.766399543615770229e-01 3.862244076451810115e-01 1.509606282491541829e-01 1.524915146275245936e+00 2.134952207270816027e-01 5.160574662610732943e-01 1.449074173302526969e-01 2.451144478476007249e-01 8.159519589471754542e-02 3.367635558715031951e-01 2.870580103193486332e-01 7.689201331258802008e-02 2.459924493027907388e-01 5.227020796439814099e-01 2.259988370548727254e-01 3.089007492034062108e-01 3.414581107594230058e-01 3.515335235119672053e-01 1.074001878659283510e-01 3.866933454967318440e-01 3.735466672150251632e-01 5.561627986713630900e-01 2.406794862560347747e-01 3.486723972906750069e-01 7.941236488197048193e-02 -6.458853140801354420e-02 2.094888489742809390e-01 2.677857346521329562e-01
2.397627072190429698e-01 1.686266613378333279e-01 3.848049611708377338e-01 1.522057587546291613e-01 7.800980713774080533e-02 1.894534513562024236e-01 4.313828293410747472e-01 4.032536798825887558e-01 1.875935703656793907e-01 1.986592599588319075e-01 1.000000000000000000e+00 2.386362210327852562e-01 2.025774396727311188e-01 3.834857598113576294e-01 1.176191346150975564e-01 1.104520704174566242e-01 4.183575558687135376e-01 3.351244571129751160e-01 4.328422959142250726e-01 2.933466039838722450e-01 1.048191311039295553e-01 2.732091790871046810e-01 2.247434932559352894e-01 2.985323905312172732e-01 1.932542627264831059e-01 4.782760796296026129e-01 4.506067398472937691e-01 2.289564291065349089e-01 2.033026594577953816e-01 3.575937331117344797e-01 9.491261182199170476e-02 6.053181953918679997e-02 2.213071759406862737e-01 2.559049652025696675e-01 1.958862393044940586e-01 1.583058317134911075e-01 2.367084509656763869e-01 1.596694906033965522e-01 1.911958607839185295e-02 2.035908081615107612e-01 2.400574407093979679e-01 2.308783481618071065e-01 1.051124124262762388e-01 1.977377838713656466e-01 2.923305824502717143e-01 1.859547048029783767e-01 1.491757250823758096e-01 2.063878725454734164e-01 6.957374391686305115e-02 1.437732847027414773e-01 2.154265609724000385e-01 1.804062762856518121e-01 2.748689544876789514e-01 2.629717014582952372e-01 1.107770147730854637e-01 2.151309356440480047e-01 1.791540477766237760e-01 2.196082069800163183e-01 1.144973932960682145e-01 2.117348148738008862e-01 2.974442175349148454e-01 1.955921857810187514e-01 1.547880942614980604e-01 2.090503446468084947e-01 1.511254984244928545e-01 -4.922232864722628914e-02 1.838383095339032325e-01 2.093705310442367518e-01
4.705065927528725434e-01 3.177485584599531454e-01 2.977190912971398040e-01 1.104353835608713030e+00 1.199963435522787558e-01 7.958169856790135999e-01 3.514780062057167309e-01 4.640399440143331833e-01 2.828501591215130118e-01 6.871691709053738828e-01 2.386362210327852562e-01 1.000000000000000000e+00 1.098990920308453856e-01 3.031241026996054355e-01 2.359871350574359594e-01 4.453077833497715021e-01 3.196427893581418878e-01 2.081861846324764911e-02 2.005741940187628358e-01 1.012358508568298010e+00 5.027463570668671000e-01 2.609069969867356953e-01 5.493090708778793907e-01 4.506788670268652153e-01 9.742907095974652487e-02 3.598563445156692797e-01 3.424993639210111018e-01 8.395060789252359879e-01 4.242188331082823449e-01 3.525835280909207503e-01 2.554424077769557738e-02 5.020359117638483609e-02 3.993901817590071457e-01 3.972865538229289339e-01 3.552407239983574883e-01 3.368791505641186013e-01 3.268455734642189414e-01 1.059222471956993372e+00 3.680486325112119345e-02 7.126556511600016242e-01 4.494477485400761307e-01 3.948472439193468353e-01 1.788840255308979388e-01 4.942547538903990234e-01 2.086432313749400913e-01 1.216447090143501830e+00 1.377854827634319157e-01 1.858588680068996579e-01 1.824941695225344163e-01 5.124742973588367612e-01 3.960382843598403979e-01 -2.663517128006086948e-02 2.772586005079755722e-01 9.317711195177789119e-01 4.987193753989211942e-01 3.202580594544339743e-01 5.929942947242371476e-01 4.991288668854216848e-01 5.668219055038195564e-02 2.868055760358039219e-01 4.006378693477844477e-01 9.272516449900869429e-01 2.859169314400052953e-01 4.270849176203995734e-01 6.237923513628024913e-02 -2.669882535273625929e-02 2.870327595253440722e-01 4.316468885585680870e-01
1.123658397548077809e-01 2.248399848370587206e-02 3.600402425914143723e-01 5.025624538620403203e-02 3.026926434129968008e-02 8.842705422309904417e-02 4.515492028299470384e-01 1.628132219825936811e-01 3.770824455357092431e-01 1.085207229867312939e-01 2.025774396727311188e-01 1.098990920308453856e-01 1.000000000000000000e+00 3.786597196126287312e-01 1.620993399172533378e-01 1.012398143090301877e-01 7.748632997267022871e-02 1.768040362677698596e-01 4.137541880965563135e-02 1.775218372233896558e-01 1.205366554148582098e-01 2.142246148146504658e-01 7.264837677567999308e-02 4.283280716551834399e-01 2.203414227365581846e-01 1.487179942510802877e-01 3.467652764339369531e-01 2.594306858788924391e-02 1.096389311048537180e-01 -6.270491247250158107e-02 9.284328285675490233e-02 1.142220933966484331e-01 1.037613542998359339e-01 2.301010432374092640e-02 6.977354760058086802e-02 -2.677627670301661184e-02 1.184459206529549641e-01 7.431287211849683938e-02 -1.012551377531690534e-02 1.184890532056681045e-01 2.851015754682232339e-01 9.860131536485906845e-02 3.316729729739816834e-01 1.324373445193106624e-01 1.516794880489002462e-01 8.709778909214635489e-02 3.903142266353968881e-01 2.498860148325436070e-01 9.911609185403118250e-02 1.320802821303370123e-01 -1.173944220043629527e-01 2.174804054520351748e-02 -9.407375406261002382e-02 1.863333229054942031e-01 1.308419541089938243e-01 6.594722498912788944e-02 8.888729838099120040e-02 3.119607409206196502e-01 1.861993458124627521e-01 -5.544752496212973503e-02 2.114272376542510323e-01 6.731299997443422611e-02 1.025917663091792942e-01 -1.222439880260756812e-01 1.653619199741735157e-01 7.325514480249278870e-02 9.513725330981070982e-02 2.855953683449940009e-02
6.316385278558940275e-01 1.100875428561430835e-01 8.538840031762104932e-01 2.169887858632450761e-01 1.163282057568980066e-01 3.321835946514256621e-01 9.546205629649167079e-01 6.582663517981062196e-01 3.299032872331539856e-01 3.002877800185066448e-01 3.834857598113576294e-01 3.031241026996054355e-01 3.786597196126287312e-01 1.000000000000000000e+00 2.154287223670011131e-01 2.540492282334713137e-01 4.824972873408556184e-01 6.267341576163980577e-01 5.213498308674056059e-01 2.733161524233762574e-01 3.468817938445952209e-01 3.087429181686237034e-01 3.771078429250165343e-01 4.499564535900417717e-01 1.536778377398429762e-01 4.544523093662818369e-01 6.736738105030999346e-01 2.283762487843153943e-01 4.664303545168664300e-01 3.283715553805078291e-01 7.692216884502189878e-02 2.072906698333980835e-01 2.713289033470155376e-01 2.522102363376764744e-01 3.804174060335970831e-01 3.896873999398307864e-02 2.565957382154560595e-01 2.247591399926838762e-01 -1.229926215349910756e-03 3.378385194466322905e-01 4.528447112567849375e-01 3.595744036613642836e-01 2.030824911901079333e-01 2.923544257710792849e-01 2.980784784790775355e-01 2.585969579840343702e-01 2.456409873295512525e-01 5.525024968320448870e-01 1.421493960666460610e-01 3.374587214329411999e-01 1.000841099395277378e-01 2.511761776690425441e-01 1.664414012743201110e-01 2.280629490092470069e-01 3.565637774580305841e-01 1.821355142519514025e-01 3.457666181683159423e-01 2.877743467999492877e-01 5.748169381389528487e-02 8.443173351449768937e-02 3.590338428182417996e-01 2.558698765259422303e-01 3.684507611795302395e-01 1.266540869043468742e-01 2.171746062973876346e-01 7.795838425387997817e-02 1.867121479773281023e-01 1.968538552604558178e-01
2.139912517839647477e-01 9.312182891961015563e-02 2.139975920183924130e-01 1.752339473762955235e-01 9.580255121235126126e-02 3.150810300107620421e-01 2.517834814936329435e-01 2.200548322057529482e-01 1.695348552474152115e-01 1.443084342869069836e-01 1.176191346150975564e-01 2.359871350574359594e-01 1.620993399172533378e-01 2.154287223670011131e-01 1.000000000000000000e+00 1.559059962914440822e-01 1.588427962766248980e-01 5.069887175065558582e-02 7.105148653378434709e-02 2.295748287996767223e-01 1.853718650820776470e-01 8.931929613125352829e-02 2.053650698539489783e-01 2.268902940395870205e-01 5.593461604397143017e-02 1.290953945840303263e-01 1.874958130601144246e-01 2.244157238633346652e-01 2.308087584769217548e-01 8.310116251157531608e-02 4.999987229549612833e-02 6.078550533276080164e-02 1.437820761075855047e-01 1.547094615834738729e-01 1.787811970943276318e-01 3.759271801617436459e-02 1.564505304121657780e-01 1.705574683816497017e-01 5.751625578663499549e-02 2.792026267848020660e-01 2.348485434567074148e-01 1.670005461404887315e-01 1.739753353551960480e-01 1.091021002274790291e-01 9.482427907504145659e-02 2.107454945891420461e-01 1.612665141499671495e-01 1.481610083136746248e-01 1.900738760946487360e-01 1.953392026338961474e-01 9.259607968878515172e-02 4.567312199972620515e-03 5.695481683617546753e-02 2.039111168414861341e-01 1.810002762785315467e-01 9.639314928457139164e-02 2.127370589467288964e-01 2.059213101967954374e-01 6.429514933842478408e-02 5.523587817515721032e-02 1.567180138643751997e-01 2.323088464645056694e-01 1.812118144029937206e-01 9.349155527458004322e-02 5.640661934298164121e-02 6.538257033406696950e-02 1.067881937186596492e-01 1.648520717606209995e-01
3.799044337994278986e-01 2.272751686987448394e-01 2.141004717169811000e-01 4.387779907373783872e-01 8.469121966718984318e-02 3.726855873027961619e-01 2.516321744033845897e-01 2.707006514453642043e-01 1.799529636250395970e-01 2.911054433107734818e-01 1.104520704174566242e-01 4.453077833497715021e-01 1.012398143090301877e-01 2.540492282334713137e-01 1.559059962914440822e-01 1.000000000000000000e+00 2.069832528116934967e-01 1.437277411595688434e-02 1.061776404124214757e-01 3.534717912306276077e-01 6.852934787611301148e-01 2.431511129027444373e-01 6.553272262501339540e-01 3.249652978125638914e-01 6.804723078979589557e-02 1.962203110053759025e-01 3.060544028139927097e-01 4.195848553139023274e-01 4.489920356348238162e-01 2.429980920957323098e-01 -8.917874659391322040e-03 4.296093653129500617e-02 3.513504766300719062e-01 3.847792987759802719e-01 3.564795916187724067e-01 2.236224872945906661e-01 2.417707066833504337e-01 4.283642263798420058e-01 4.555618996899685885e-02 3.283962346925723974e-01 3.162926765346351088e-01 2.650918697078112896e-01 1.398798350637246168e-01 2.164015177261198741e-01 1.272743940082512737e-01 4.319686742082411990e-01 1.412329324195177316e-01 1.908734957933633236e-01 1.645676908988593645e-01 6.958792172179173452e-01 2.670065068483963855e-01 4.234287238799440932e-03 2.143506592866869787e-01 3.275859399438406649e-01 6.778608332973370398e-01 2.185478603560509769e-01 6.808434854581971729e-01 3.437522107691800555e-01 2.750859691370214147e-02 1.783794369354232690e-01 3.385122711161502318e-01 4.708769028692479375e-01 3.824824624237302961e-01 3.623832840624644502e-01 7.915966720066798523e-02 2.348623454161519533e-02 2.901721342334015463e-01 3.996685733942192953e-01
5.111041961919517984e-01 3.063693590531174626e-01 5.753255442111109286e-01 2.155205831827287088e-01 1.281368725513937212e-01 2.904273886724690334e-01 4.328024414576300272e-01 4.783094550147673485e-01 8.355960346744209510e-02 2.211505638036651289e-01 4.183575558687135376e-01 3.196427893581418878e-01 7.748632997267022871e-02 4.824972873408556184e-01 1.588427962766248980e-01 2.069832528116934967e-01 1.000000000000000000e+00 3.634868607362432558e-01 7.511337581798422924e-01 3.519779015622146456e-01 2.524461725693368797e-01 2.428673040011091744e-01 5.086298924436186697e-01 2.233166900826696888e-01 1.382670191506553681e-01 6.318947711939937317e-01 6.880476963645827393e-01 3.269463085661060697e-01 4.097750704491980867e-01 6.549279062876616209e-01 4.170723381660123436e-02 4.764938600717558148e-02 3.309879165314313365e-01 4.404939784963911587e-01 3.642331735876137566e-01 2.685169386157622573e-01 3.563298778748851814e-01 2.279483737591061487e-01 5.722529595064154706e-03 2.677923369384296315e-01 1.994816011902369457e-01 2.793946333703695162e-01 -5.033103961896573386e-04 1.940413314527585642e-01 2.690804590798742124e-01 2.546740238021364955e-01 5.030449243656326397e-02 1.849146420804506363e-01 1.001689200314354045e-01 2.597482815384896115e-01 4.389373991766485905e-01 1.652773537438242679e-01 4.270636478867390062e-01 3.002374582257700264e-01 2.518518530965337954e-01 2.312449928534914545e-01 3.929204609826979500e-01 1.551792208312436916e-01 4.109868436537326281e-02 2.583198514304307358e-01 4.021917850963727115e-01 2.765821496982834304e-01 2.951253415015413495e-01 4.094336234744446190e-01 5.900109968576031094e-02 -7.393242099740626738e-02 2.640673947037889824e-01 3.476988431823198056e-01
2.091732861360948437e-01 -1.388190133917857963e-02 5.352138309931202542e-01 -5.297705222174467488e-02 4.262798713200700862e-02 8.412074757854638707e-03 5.950204730412668175e-01 4.216196601742552286e-01 1.162648149360001326e-01 6.456451440286106735e-02 3.351244571129751160e-01 2.081861846324764911e-02 1.768040362677698596e-01 6.267341576163980577e-01 5.069887175065558582e-02 1.437277411595688434e-02 3.634868607362432558e-01 1.000000000000000000e+00 5.512770463523311015e-01 5.757363541029970888e-02 2.218860828164844270e-02 1.873612086366839291e-01 7.492549390668296061e-02 1.248022280236330134e-01 6.004556712825302039e-02 3.645949587116403823e-01 4.332102899988801159e-01 -1.906107998239732482e-02 8.477163278439056593e-02 2.470628154223318551e-01 6.409961057360351322e-02 1.043804001482163957e-01 7.771540002532328906e-02 5.459237803630125063e-02 1.125792811420104622e-01 -6.523878406139263508e-02 8.914548876697203639e-02 -3.950648499904822752e-02 -4.450237129648208778e-02 4.560392374334822779e-02 1.836841994443308423e-01 1.857437230077247370e-01 -4.179657913934681224e-03 1.131961992028291397e-01 2.483201599337007404e-01 -2.772753203989023613e-02 1.247924405176010915e-01 3.477996432816501393e-01 -2.260555535830071142e-02 4.628158189277353091e-02 9.018595278635833934e-03 4.762277507233142471e-01 1.427574865818231342e-01 2.384923977318698790e-02 5.843692506152666638e-02 5.974271873527585430e-02 4.391377270374800801e-02 -1.540112248155826001e-02 -2.430682582420245347e-02 2.908942950494456531e-02 1.913581930844673595e-01 -4.938431369312619446e-02 1.038102440513815616e-01 -2.764122379359880421e-02 2.005855294250501464e-01 -1.486682746718195544e-03 4.705367903129929752e-02 -2.556693134312045326e-02
4.125889003399715316e-01 2.112578564416078275e-01 5.147231540481090883e-01 1.232647879043435174e-01 1.042560410039248819e-01 1.702219228977013554e-01 4.050771625082300598e-01 4.572035831465464661e-01 3.619627540432555218e-02 1.616752951836071539e-01 4.328422959142250726e-01 2.005741940187628358e-01 4.137541880965563135e-02 5.213498308674056059e-01 7.105148653378434709e-02 1.061776404124214757e-01 7.511337581798422924e-01 5.512770463523311015e-01 1.000000000000000000e+00 2.229516571492654031e-01 1.119633390192908140e-01 2.259641912723440171e-01 2.848351974187004476e-01 1.440111542438813341e-01 8.742490303941100049e-02 5.589003192670227715e-01 5.375141057231545005e-01 2.028821708357483322e-01 2.381601573828257268e-01 6.086903120958704339e-01 3.055560691876254426e-02 6.893142866541579483e-02 2.099141503312786927e-01 3.116057861089631120e-01 2.532362821673094233e-01 1.352117950550257020e-01 2.221566323806545007e-01 1.378129185212403351e-01 -3.377552168808209410e-03 1.776643533978901901e-01 1.131387086536257691e-01 2.383513153279114283e-01 -5.797184703977699416e-02 1.612908321393269062e-01 2.659551338753569638e-01 1.483069219709137465e-01 3.644652696648213036e-03 1.846886512202896291e-01 3.770317653070992536e-02 1.325808643534410747e-01 3.349350643035927666e-01 3.105725584622721636e-01 4.783335096148351173e-01 1.847003409581258748e-01 1.198520213513550592e-01 2.173938150572581052e-01 2.151958796794882223e-01 5.221762239546618584e-02 -2.341685667827679562e-02 1.959280048144993736e-01 2.553458225861371389e-01 1.559416447512798065e-01 1.944749349255331383e-01 2.945753297658237901e-01 1.232264435053330720e-01 -6.031230918157352155e-02 1.918636581074218417e-01 2.358755089919697123e-01
3.257771282118937517e-01 3.274024200014893360e-01 3.472068874211928780e-01 6.962442369502295225e-01 9.285481991563775128e-02 5.753223142361434395e-01 4.116942040077316567e-01 3.959243995914092928e-01 3.555659821103027141e-01 6.551513114983421593e-01 2.933466039838722450e-01 1.012358508568298010e+00 1.775218372233896558e-01 2.733161524233762574e-01 2.295748287996767223e-01 3.534717912306276077e-01 3.519779015622146456e-01 5.757363541029970888e-02 2.229516571492654031e-01 1.000000000000000000e+00 3.241091903661398876e-01 3.510216925166725344e-01 4.366016376858260495e-01 5.107902466161320376e-01 2.093326598542230021e-01 4.111396999503655891e-01 4.214461946414165272e-01 6.146083455833792897e-01 2.986836762562836700e-01 3.543639099757048272e-01 9.005537596792098642e-02 2.542458437891679385e-02 4.071443280187937996e-01 3.752540677015294701e-01 2.686847869175617576e-01 3.874682112521263821e-01 4.233545977818183870e-01 7.079535514613649605e-01 2.603262654438180668e-02 5.413757945918392656e-01 4.687987340607578934e-01 3.656200981164294816e-01 2.666898393275208279e-01 5.603042595314942087e-01 2.995376009342965995e-01 7.827603147305091102e-01 2.089577317957717062e-01 2.294722626284518285e-01 1.405889413842310587e-01 4.021821369209418462e-01 4.152943142215259065e-01 6.277398990609306395e-02 3.303104841294485228e-01 1.265778832789659969e+00 3.141736403564172053e-01 3.842928636495843708e-01 4.545137927334690908e-01 5.460605635050519435e-01 2.031978622427662584e-01 3.458618994370517563e-01 5.487247223581269706e-01 6.473461641539025591e-01 1.856063909733000061e-01 3.920138276424259272e-01 1.187670503021507340e-01 -7.989995052792223107e-02 3.412556091042271977e-01 3.962145520779600250e-01
5.374286492875179899e-01 1.877289095223668713e-01 2.537230797696732876e-01 5.152354098339507749e-01 1.389401974490275249e-01 4.658005730031128944e-01 2.255204627367939918e-01 3.042935621281687708e-01 1.244245756887076837e-01 2.260701128131116233e-01 1.048191311039295553e-01 5.027463570668671000e-01 1.205366554148582098e-01 3.468817938445952209e-01 1.853718650820776470e-01 6.852934787611301148e-01 2.524461725693368797e-01 2.218860828164844270e-02 1.119633390192908140e-01 3.241091903661398876e-01 1.000000000000000000e+00 1.293874729425596726e-01 1.092655367526637944e+00 2.129796705670332080e-01 -1.466217934886088897e-02 1.040952848641808343e-01 3.159986554637810863e-01 4.154426641333299752e-01 7.305062817955892962e-01 2.121039608159109857e-01 -1.431417784109554128e-02 1.006337259346539170e-01 4.058198997704711153e-01 4.972208211980591042e-01 5.121874322938240187e-01 1.715820797220343474e-01 1.623440734564483567e-01 5.005246483642145083e-01 6.386481782691511011e-02 4.035201171771982676e-01 2.514384389190933433e-01 2.811031046278703593e-01 7.590847528383502796e-02 1.279594789974827507e-01 1.115031948689406555e-01 5.077439101932490484e-01 9.272491913283592568e-02 1.835993286959131110e-01 1.820138019426460196e-01 7.417422611733965887e-01 2.256955399324307165e-01 -7.763553103609630024e-02 1.501283919722420090e-01 3.063823066649551952e-01 1.404639837270247549e+00 7.997077169303321020e-02 1.081755793946943767e+00 2.267599318606784708e-01 -7.483888731464975741e-02 3.354677756347031886e-02 2.543869838456613297e-01 4.998772896942216826e-01 5.960080287900946239e-01 3.318680632913314499e-01 4.790821452996107954e-02 8.940018936241669878e-02 2.837081178318292540e-01 5.125466399676640306e-01
1.858096700762653652e-01 2.690120994904431906e-01 3.432672973778279624e-01 1.905845298025970469e-01 1.538642221471837532e-02 1.455602121439467378e-01 4.656728511763503775e-01 2.227570761204263894e-01 3.874796521817958084e-01 2.396032112010217374e-01 2.732091790871046810e-01 2.609069969867356953e-01 2.142246148146504658e-01 3.087429181686237034e-01 8.931929613125352829e-02 2.431511129027444373e-01 2.428673040011091744e-01 1.873612086366839291e-01 2.259641912723440171e-01 3.510216925166725344e-01 1.293874729425596726e-01 1.000000000000000000e+00 1.930065474352560539e-01 5.893370631124484893e-01 2.721427640959784844e-01 4.687959383353376142e-01 4.032181219103485592e-01 2.273729831514598732e-01 1.612380942231415870e-01 3.323721221802884984e-01 8.484444814659711231e-02 -6.184887094617910752e-03 2.866674769402097755e-01 2.478077515549328980e-01 1.351021096525638066e-01 2.240603333742031134e-01 3.174200629032507548e-01 1.963114839003140544e-01 5.245878455193683787e-03 1.645709591822424045e-01 4.021553099374542417e-01 2.234180891082445108e-01 3.548027852656575054e-01 2.425230782495210458e-01 2.650722520475026212e-01 2.057378608099974526e-01 2.664585189655068742e-01 3.096466005138698296e-01 3.946792162215723848e-02 2.155128349319458125e-01 2.324948424817565584e-01 1.717405695255895814e-01 2.505090122519029183e-01 3.202037401305860009e-01 1.295316868920212972e-01 4.356243049974934944e-01 1.843072021462892063e-01 5.127822281375793434e-01 2.621903870628679578e-01 3.447994217910465009e-01 4.494284886379052990e-01 2.136743536704296953e-01 9.792248227663058469e-02 2.815003238051131396e-01 1.971537171813875777e-01 -7.446982154019519962e-02 2.211833598155693581e-01 2.024144787595919537e-01
6.138030895872349513e-01 3.080617117963180829e-01 3.607040647591021054e-01 5.020176259390281004e-01 1.586480258067414773e-01 4.990281767031944371e-01 2.926045184005784394e-01 4.410850402453829200e-01 1.074841522649790798e-01 3.054596199440579030e-01 2.247434932559352894e-01 5.493090708778793907e-01 7.264837677567999308e-02 3.771078429250165343e-01 2.053650698539489783e-01 6.553272262501339540e-01 5.086298924436186697e-01 7.492549390668296061e-02 2.848351974187004476e-01 4.366016376858260495e-01 1.092655367526637944e+00 1.930065474352560539e-01 1.000000000000000000e+00 2.464172881530733994e-01 1.029128456554483442e-02 3.253569355365159010e-01 5.058445502224534485e-01 5.769892619587361215e-01 7.681722091648434114e-01 4.979180817323783925e-01 5.353329384347089298e-03 7.366323055536648512e-02 4.870603261649888993e-01 6.212527698855410119e-01 5.421182275503446668e-01 3.052972794543624135e-01 3.104786060808802373e-01 4.944443020713160664e-01 4.197876889678651968e-02 4.136951695050368194e-01 2.742613493226528920e-01 3.600674361458122696e-01 5.002161090059267790e-02 2.001650379597800233e-01 1.797480869019073002e-01 5.135575306795039374e-01 5.261714771435069271e-02 1.776376410072067480e-01 1.715750960853916485e-01 7.056991354162630570e-01 4.415820177495237697e-01 -1.305007463019819750e-02 3.158825217074771596e-01 3.879064935537983594e-01 9.613803666193179165e-01 1.895928600220759819e-01 1.158722084736261593e+00 2.575683402546461442e-01 -4.947712800198382499e-02 1.884340296365003276e-01 3.984000925539411542e-01 5.873742845205585095e-01 5.789310908464513350e-01 5.387761399922567085e-01 6.079718938829785368e-02 7.710452193703075732e-03 3.485211111559635144e-01 5.896552449098244608e-01
