1.000000000000000000e+00,5.346978364578008035e-03,2.912062015941170867e-01,9.033404785679094440e-02,3.122982261651875355e-02,2.827228722672703309e-01,3.652602219585841525e-01,3.260213164046042444e-01,3.156529437442108510e-02,2.048350270902069004e-01,-8.458270968219167019e-02,1.344623402260432532e-01,4.287324496555795089e-02,4.970741257623717546e-01,2.662495619671159316e-02,3.254109329693621322e-01,3.274425641203954629e-01,1.258817253573634998e-01,3.967365811387860708e-01,-1.603575259571062353e-02,5.129160462925090869e-01,3.191735420670319123e-02,4.072736612336332329e-01,6.374455295185950388e-02,-1.041539306780430579e-01,1.160516755358514257e-01,3.247127964886424301e-01,2.361889415325159891e-01,5.091167815733778079e-01,2.253462115104894470e-01,2.178609233710540050e-01,1.002654074607268048e-01,-1.178246640970906020e-02,1.401932499239164354e-01,6.893599364813367547e-01,-4.817370374011649414e-04,2.070522554437650709e-01,1.296283555532772302e-01,-7.993905527754553708e-02,2.542600403231298767e-01,2.705018570248371446e-01,4.475364498757284371e-01,-2.917664141967823629e-02,2.762372297121636899e-01,-8.413161538015141716e-02,1.395966200665754720e-01,3.238136833386504737e-02,4.968543964978223149e-01,-1.626835183142973529e-03,3.889936901648479162e-01,-7.602091528561143174e-02,1.245198157230127112e-01,2.200673352724699661e-01,-4.046777667959267077e-02,5.082232354779652184e-01,-7.060844285846182289e-02,3.722085989419867125e-01,3.916627310934447243e-02,-1.125901533464239157e-01,4.866905917009351629e-02,2.386975511481881362e-01,2.717352856875007161e-01,4.395301313301401835e-01,1.607351921718403465e-01,1.524362280023135452e-01,9.637563588372384527e-02,-4.434135978549502699e-02,4.618544024793364705e-02
5.346978364578008035e-03,1.000000000000000000e+00,6.896102792948470561e-02,4.131209614241234118e-01,9.083326027131460867e-02,2.432774305567692308e-01,3.536412694302861620e-02,3.010022124081200220e-02,6.679343028420196837e-02,2.163922128765775610e-01,2.055589166965278158e-01,4.038364190383788577e-01,-8.019831521074340108e-02,-5.136399892964764458e-02,1.123741107448489734e-01,2.106741102494167073e-01,3.127642904320024342e-01,-4.744418177251099461e-02,1.048734162333698622e-01,3.944861967651072665e-01,2.032073995880309958e-01,3.701270005161792498e-01,3.233158433086690819e-01,2.305132868618153807e-01,6.584239068150192498e-02,3.051120337047108499e-01,3.209214491757130250e-01,3.519662436357482993e-01,1.616554961355366749e-01,3.492752683284229831e-01,6.321267458393867167e-02,-2.980065065784057859e-02,3.012815896343795097e-01,4.406769336261479597e-01,1.084446381058491449e-01,4.248157777383474998e-01,1.960036677807957400e-02,4.029393268193672273e-01,7.145913569460524140e-02,2.629987417000600458e-01,-3.454559540857560229e-02,4.485155542298264325e-02,9.290675498556907885e-02,1.921925485233464403e-01,1.089351037969045199e-01,4.078542675394358219e-01,-1.026360746041529437e-01,-8.973057821204163953e-02,1.492018469228483246e-01,2.233139336708429012e-01,2.573421200650366503e-01,-2.015574803115937064e-01,2.477285339798922514e-01,3.956644358579287091e-01,2.163014493877479238e-01,3.559110225644941949e-01,3.048918936708518435e-01,2.558286667161212002e-01,1.073854925277455408e-01,1.613763614918913292e-01,2.231256315675671786e-01,2.735733237541709273e-01,1.799849043233040513e-01,3.411641996628967388e-01,1.568022535622712668e-02,-3.208551843130047487e-02,2.843461941492174683e-01,4.327030573449624495e-01
2.912062015941170867e-01,6.896102792948470561e-02,1.000000000000000000e+00,2.995105193396769838e-01,1.843968059881039012e-02,2.829966622833331447e-01,6.776577722978927021e-01,4.123960650292598507e-01,2.416581616512205599e-01,3.029287346209558751e-01,1.380322887037773172e-01,3.484300166543124466e-01,5.645539062085386944e-02,4.266536877144513906e-01,7.920987944710797257e-02,1.683655007472252552e-01,4.677680055121161140e-01,5.040871528139513336e-01,4.935251113314601534e-01,3.270150819605995851e-01,2.851068890347329687e-01,1.923902805246543446e-01,3.230184316458427074e-01,3.580137989457155556e-01,-7.949043971496505545e-02,6.479955503025641717e-01,5.274117082319917937e-01,2.911322859938981211e-01,3.135741422367781528e-01,4.321522827064052108e-01,9.306572611775458526e-02,-5.943149203944991105e-02,2.541431939932997097e-01,1.393652520160618691e-01,2.594069819294811952e-01,1.003241355381536033e-02,6.423934201656624765e-01,3.001751663822363470e-01,-9.853128635673034930e-02,2.410758059135551246e-01,5.156805069545294939e-01,2.570173037864887378e-01,1.278672069791225163e-01,2.611427229303348585e-01,6.466574167174968246e-02,3.165033746765628653e-01,-1.977061764174108463e-02,3.329469399886659242e-01,7.813058491993739307e-02,1.818949272580460963e-01,3.305630628213051536e-01,4.136632143819940488e-01,2.942302923978308282e-01,3.077319700056774243e-01,2.800663859815473167e-01,9.102442471814649327e-02,2.944904571298610496e-01,3.207749133089048965e-01,-1.672184888833067595e-01,4.792581513218366895e-01,4.591935619563417004e-01,1.537904017081465624e-01,2.244917062549131037e-01,2.035116091051632770e-01,3.549261645789185404e-02,-4.658493420907097032e-02,2.934293450496857081e-01,2.672801328096799031e-02
9.033404785679094440e-02,4.131209614241234118e-01,2.995105193396769838e-01,1.000000000000000000e+00,8.508080312599876349e-02,3.682777830024145937e-01,2.586897324819514843e-01,5.712163724458260011e-02,2.259710169452107398e-01,4.472247390560763480e-01,8.129399798336978122e-02,8.444415361498324168e-01,-1.491179409733830730e-01,-1.895936881901906512e-02,5.108756019492136091e-02,2.316916022025502231e-01,3.556435011648448330e-01,-8.770284669980461800e-02,1.363781095657091991e-01,8.475619221688466265e-01,3.566451486009619698e-01,4.265081911984733853e-01,4.090031259722765045e-01,4.420449077415355421e-01,-4.874029143873213205e-02,4.293002629931457759e-01,3.340125121750838200e-01,5.467513631894620474e-01,2.472053432951320240e-01,3.679446250766386095e-01,1.388397536183282599e-01,-9.731080554164325824e-02,4.780931798315453674e-01,4.625684275410463231e-01,1.099150830514895316e-01,3.796376918372753595e-01,1.190310977040295315e-01,9.359544623444534528e-01,7.224224688441942786e-03,3.800769327588225388e-01,1.597978404985977430e-01,1.429345044226476916e-03,2.441411287267766517e-01,3.432610209344246210e-01,5.277398506452914834e-02,8.392306085686825901e-01,-1.622730144192067459e-01,-1.000596447108949710e-01,1.464061758403575053e-01,2.672101600038011004e-01,2.810164614406910899e-01,-2.072734044304494205e-01,1.740430102854272632e-01,8.255532508649668921e-01,3.233676486055459542e-01,4.216128955480233920e-01,3.555974746046276502e-01,4.584342929380907927e-01,2.118454540820304335e-02,3.029491970680540103e-01,2.014389081555131022e-01,3.623208721848425462e-01,1.978172331090508052e-01,3.172903593324102878e-01,1.434578010246335099e-02,-5.270910131316932506e-02,4.481204404690142806e-01,3.927736020691294239e-01
3.122982261651875355e-02,9.083326027131460867e-02,1.843968059881039012e-02,8.508080312599876349e-02,1.000000000000000000e+00,1.643461759136616851e-01,6.081683308933332616e-02,8.295047601193626663e-02,5.787388898629618889e-02,7.884490514196308697e-02,1.108139411207995084e-01,1.135853307290922709e-01,7.419277829092278675e-02,9.087615327267195564e-02,1.663722487290542063e-01,9.767863500408539845e-02,7.783143063092408387e-02,7.883371022381235882e-02,8.147955147204409554e-02,8.079311546810996614e-02,7.307903449636990456e-02,1.560057639527116513e-01,9.649106245546949789e-02,7.405267944165737359e-02,3.075628071180320361e-02,5.078316064549054376e-02,1.072330967960076070e-01,1.066411437717898480e-01,1.116391189958240437e-01,8.331037699782131711e-02,4.820390125578723206e-02,1.771214029563164538e-01,7.468137862453319564e-02,1.665285665221923617e-01,7.836473190931203536e-02,1.360642634762934122e-01,3.493069699309976801e-03,1.012278246604085552e-01,1.214145631091470279e-01,1.465421955453098113e-01,2.960216796396747396e-02,7.623241181229363506e-02,5.098013036962677907e-02,9.297633328179741308e-02,7.138886696284674205e-02,1.001155428156805527e-01,2.907342559642839275e-02,7.253001788193486066e-02,1.321652703939845963e-01,9.354927503354509843e-02,6.894715501911867495e-02,1.459610114071515675e-02,1.002263635545791315e-01,9.337258872941875398e-02,7.178076253185453059e-02,1.323541491401020453e-01,1.023222161460568269e-01,9.910865106084874865e-02,3.942831829084172263e-02,3.829945267370264694e-02,5.717717440419607666e-02,1.146826386871162007e-01,1.123155711577212418e-01,9.753268986513641270e-02,1.905160184154286798e-02,1.121447297099976287e-01,6.524231835617570752e-02,1.499905192928142617e-01
2.827228722672703309e-01,2.432774305567692308e-01,2.829966622833331447e-01,3.682777830024145937e-01,1.643461759136616851e-01,1.000000000000000000e+00,3.809460808226474704e-01,4.906858298851938804e-01,1.762863358897590604e-01,4.809921380197801355e-01,2.148234657144232618e-01,5.743768162145421741e-01,1.401443967757362852e-01,2.526994732765256990e-01,3.975547006046321608e-01,3.976977630972484135e-01,4.055644904957144692e-01,1.838410800374766507e-01,2.487302690959087015e-01,4.012511512311795481e-01,4.151066161670248778e-01,3.637499384633033350e-01,4.740547446906995255e-01,2.682368190220878468e-01,-1.586220907652491005e-02,2.745800861999248554e-01,2.793438689945001996e-01,5.866161315501250417e-01,4.375052558029068894e-01,4.204342449508999269e-01,1.837528073760724689e-01,1.303534581197488551e-01,2.646905534730368825e-01,4.546165538547183305e-01,3.501926023891757112e-01,2.948695049621732900e-01,1.307566840298515221e-01,4.161781618163234442e-01,1.515695454558276256e-01,7.931312432435471127e-01,2.607327038168687494e-01,4.513790330261395201e-01,1.719799081495533011e-01,5.135223709245735346e-01,2.147304201866184203e-01,5.515778500028118980e-01,7.322924937325540895e-02,2.116347591086590318e-01,3.989722115072140696e-01,4.042404799939016136e-01,2.366172704620534695e-01,4.060239978714495074e-02,2.690882944239318397e-01,3.781476203640199429e-01,4.111707900292175255e-01,2.584649373343729239e-01,4.358341219313194848e-01,3.394879824659950973e-01,-2.600491014798620923e-02,1.773887436103886162e-01,1.685763903621874948e-01,5.162573741622783485e-01,4.687159754754354757e-01,3.703051451201107569e-01,1.093389618295735194e-01,1.438344012249855863e-01,2.374588487223931732e-01,3.921739648684521851e-01
3.652602219585841525e-01,3.536412694302861620e-02,6.776577722978927021e-01,2.586897324819514843e-01,6.081683308933332616e-02,3.809460808226474704e-01,1.000000000000000000e+00,3.903347675606607670e-01,5.255884100272434356e-01,3.372950457446818318e-01,6.951457302587464582e-02,3.357424108596063772e-01,3.368581366144138278e-01,6.528257481893455783e-01,2.657408801086252881e-01,2.345688729935444250e-01,1.703534428978159543e-01,3.920230004738534668e-01,3.313416713521664114e-01,2.191038911207600359e-01,3.772788309282649188e-01,2.540294996255390014e-01,2.567104853102156192e-01,6.522177599977261320e-01,1.196099988847257045e-01,3.573986594044686882e-01,4.938452135500558393e-01,3.196740441647111797e-01,4.372006922156237430e-01,2.724043055227506338e-01,2.626005711557733990e-01,1.041357725242583188e-01,2.659090954494622849e-01,1.255151892761106613e-01,3.889264626145835790e-01,1.167873535791857237e-02,4.728053882023393606e-01,2.787144711510309847e-01,-6.170447082188675048e-02,3.190578868684801894e-01,7.465455859547266426e-01,3.867576607151802515e-01,4.405197971941522961e-01,3.227616499662001592e-01,4.070471021760315583e-02,3.173769988194615754e-01,2.569131375482028301e-01,5.689362596339530009e-01,2.256337407544292128e-01,2.349975263392300173e-01,8.733406439709616442e-02,3.523965654578186668e-01,1.012567532339194026e-01,2.342233238352515179e-01,3.481193552913827705e-01,1.384566137017360088e-01,2.712108435704050358e-01,6.017196770246331372e-01,-8.891356936958697693e-03,2.877953385100156525e-01,4.501473243309213057e-01,2.604527773301746341e-01,3.820312154375335445e-01,1.440051599703377483e-01,4.787886541303824212e-02,9.645837958971054116e-02,2.697316394943353735e-01,2.770050652307503095e-02
3.260213164046042444e-01,3.010022124081200220e-02,4.123960650292598507e-01,5.712163724458260011e-02,8.295047601193626663e-02,4.906858298851938804e-01,3.903347675606607670e-01,1.000000000000000000e+00,6.141150516731080922e-02,1.838208929294456173e-01,1.859491424798418724e-01,1.565412007711592945e-01,2.191486695785947181e-01,4.853079241388571496e-01,2.564151012000142615e-01,3.091058270793862750e-01,3.744473973281673973e-01,5.275084733450084995e-01,4.417605215226985682e-01,3.434363570186069886e-02,3.482380006859212562e-01,2.348914424931332900e-01,3.718227142921246564e-01,-2.340755757033645065e-02,-1.250915772156029893e-01,2.717530814920205429e-01,2.186736101207148453e-01,3.324376018478639727e-01,3.207840891616420276e-01,4.362945688444518355e-01,1.346655827010000972e-01,1.411860008554873813e-01,8.676297473856528497e-02,2.941347377220353554e-01,3.136015983812504571e-01,8.152080351865820251e-02,2.587141514301194989e-01,1.147037885267396945e-01,6.653548099163385243e-02,4.321445799315457581e-01,2.936411892486960329e-01,6.101833296452733313e-01,1.029072054587880196e-02,2.503730228605590691e-01,2.070458707994199954e-01,1.439981771826393808e-01,9.296166767318890523e-02,4.298828403404273968e-01,1.438889424102539061e-01,2.958008789095327717e-01,2.503288052660010976e-01,4.200696823182083484e-01,3.046022508780447668e-01,-2.506992007291613048e-03,3.740821599313854384e-01,1.211763145332639402e-01,3.317667492924870620e-01,2.649329277069827765e-02,-1.875495665339227958e-01,2.075033663834181252e-01,1.395626804036146085e-01,2.876838773498642809e-01,3.437070963220465458e-01,3.439416716470944380e-01,1.450101359622306962e-01,1.273582652982212793e-01,6.554605767536052230e-02,2.303397354961609633e-01
3.156529437442108510e-02,6.679343028420196837e-02,2.416581616512205599e-01,2.259710169452107398e-01,5.787388898629618889e-02,1.762863358897590604e-01,5.255884100272434356e-01,6.141150516731080922e-02,1.000000000000000000e+00,2.615315065681086959e-01,7.595000780642924276e-02,2.717649610650548220e-01,3.818818659278213068e-01,3.895248488929835551e-01,2.649219139756351926e-01,3.639172983780782772e-02,-1.120793857557715045e-01,1.314279715439301832e-01,5.491633866115770007e-02,2.362772701509282258e-01,8.749563207442875856e-02,2.406421995444227580e-01,-3.206256087833365270e-02,6.257163713397216886e-01,3.287868560118405448e-01,4.796749311042963065e-02,3.147427761027978832e-01,7.430670345870091231e-02,1.739380392923216556e-01,-7.472212117464462067e-02,1.445438176925032403e-01,1.141943058529085037e-01,2.340783573283755359e-01,2.382838220846023383e-02,8.291771975258675764e-02,9.230808018532075943e-02,3.198421734914119741e-02,2.352211772445802485e-01,-3.001779356100285102e-03,1.463147996130765016e-01,3.391822852043999692e-01,5.404320126859079448e-02,5.496801519806405745e-01,2.379069679322106945e-01,4.176006962340077233e-02,2.668410172594493646e-01,3.120890457198568502e-01,2.695828066118449717e-01,2.014915140705421936e-01,5.766676512891621281e-02,-1.124747448420354290e-01,6.334853937949412594e-02,-1.079728077611566001e-01,2.821737800009632147e-01,5.864449309379329844e-02,1.712087592729965579e-01,-5.406022780315838765e-03,5.015073478389255879e-01,2.318749969309340520e-01,-5.800110092741598937e-03,2.251224459509960918e-01,7.070012150836543774e-02,1.775065583242751988e-01,-1.207294037054778696e-01,-8.807656052357426546e-02,1.261268227441018075e-01,2.367692573240032239e-01,4.415077906047953221e-02
2.048350270902069004e-01,2.163922128765775610e-01,3.029287346209558751e-01,4.472247390560763480e-01,7.884490514196308697e-02,4.809921380197801355e-01,3.372950457446818318e-01,1.838208929294456173e-01,2.615315065681086959e-01,1.000000000000000000e+00,-1.566024353351947243e-02,6.288478343901021672e-01,-2.490077619028106468e-02,1.258490891564837122e-01,2.392622630164929071e-02,3.944451772563524750e-01,2.445742946518581762e-01,-2.673226525346208277e-02,6.715026597089759908e-02,5.885835815750367628e-01,4.008086682196748129e-01,2.963978616874217709e-01,4.284951321147240089e-01,3.221186438955591647e-01,-8.253418539502709039e-02,2.467641321717450598e-01,2.412969061459124820e-01,5.547729813251152109e-01,2.871253153241256073e-01,2.820605335824309945e-01,1.535064393266337424e-01,-2.987519996746772558e-02,3.482949960965909253e-01,2.840888182858818944e-01,1.721426668716771469e-01,2.014618260059254096e-01,2.003810425057448719e-01,4.577580569418818746e-01,-5.515030880736004198e-02,5.252613845942177839e-01,2.479296381611851841e-01,2.210972283780711922e-01,1.389466731402750066e-01,9.199901183003991179e-01,1.708036243942079877e-03,6.214542891877055109e-01,-4.088727556593318296e-02,6.109935595844648987e-02,8.915804161436466369e-02,3.861033468762065102e-01,2.212597747192923126e-01,-7.722764496605849516e-02,1.337773099242209052e-01,5.915247991092703606e-01,3.718347576570682489e-01,2.334487771672756895e-01,4.478921627267432037e-01,3.104259149861932077e-01,-3.442467306673725747e-02,2.174366032714052654e-01,1.792395081182944216e-01,5.337844181784482389e-01,2.706093183102469268e-01,3.028565763117910259e-01,4.152791468679890852e-02,-1.964502027225513772e-02,3.253602195155357313e-01,2.322701154243784760e-01
-8.458270968219167019e-02,2.055589166965278158e-01,1.380322887037773172e-01,8.129399798336978122e-02,1.108139411207995084e-01,2.148234657144232618e-01,6.951457302587464582e-02,1.859491424798418724e-01,7.595000780642924276e-02,-1.566024353351947243e-02,1.000000000000000000e+00,1.344827806071571541e-01,1.943882305853841252e-01,6.105816680696200816e-02,2.041040186920086985e-01,5.611137670193087207e-02,3.464011975225301798e-01,2.916097968288238751e-01,3.094194632296251579e-01,1.217765068826511671e-01,-8.274636254278124048e-02,2.086945958528932665e-01,8.994481356780377468e-02,1.225610354339159852e-01,2.536935282202725239e-01,3.305330112286594679e-01,3.262993571517471825e-01,7.686532686236748069e-02,8.882544669527077386e-02,3.144276752976996603e-01,4.718530122792916059e-02,6.953757761383803915e-02,1.197835266017022310e-01,2.913603632812832300e-01,1.975094121128029290e-02,2.678148921667384275e-01,5.923545418098517118e-02,8.475535261700026246e-02,7.639929866968851735e-02,1.990277690829209134e-01,-7.141257763878959552e-02,6.190500204653051619e-02,6.092248957145500465e-02,-3.809485693318183288e-03,4.191743267536593431e-01,1.323663407873960640e-01,7.232620250876102552e-02,-2.379913293694515750e-02,1.536398266620185860e-01,6.391813702472284864e-02,2.875204306044130687e-01,9.960093052361615462e-02,3.682146150070304547e-01,1.315332698717526505e-01,-4.112134757107982486e-02,2.335125528842554865e-01,5.382473418906406903e-02,1.152923542604908785e-01,2.114933833531206786e-01,1.865193835734297312e-01,2.208155087341483191e-01,4.865557181587207292e-02,8.452904888786408333e-02,2.043763515936244390e-01,1.306730931344178039e-02,3.482990376255622883e-02,1.604563872885525211e-01,2.774244719394606262e-01
1.344623402260432532e-01,4.038364190383788577e-01,3.484300166543124466e-01,8.444415361498324168e-01,1.135853307290922709e-01,5.743768162145421741e-01,3.357424108596063772e-01,1.565412007711592945e-01,2.717649610650548220e-01,6.288478343901021672e-01,1.344827806071571541e-01,1.000000000000000000e+00,-8.555171941591836748e-02,6.351615537644834941e-02,1.703970838117212505e-01,3.424082761973761824e-01,3.966685816474794790e-01,3.378698375965380647e-03,1.668333909229845480e-01,8.788607217358289647e-01,4.268989689648274299e-01,4.579881264426194920e-01,4.783196997421019225e-01,4.578538250032725410e-01,-5.265681535507640842e-02,4.422096648894500159e-01,3.629384067153335613e-01,6.656934771768876491e-01,3.056801220637598848e-01,4.317899536293588469e-01,1.561811452317468374e-01,-4.214937643419456453e-02,4.889169115102988128e-01,5.012176002016895948e-01,1.707918106830290106e-01,3.822670575282092198e-01,1.805294877000612752e-01,8.555363066390374582e-01,3.601575309741768260e-02,6.024907894256886776e-01,2.431676032011585442e-01,1.463562510312143572e-01,2.664427526404596347e-01,5.577138680039074314e-01,1.218729260118161656e-01,9.274222962392597580e-01,-1.095230424447557888e-01,-1.219929161406990183e-02,2.639954037963841982e-01,3.726381636219024962e-01,3.200831418302251818e-01,-1.251315283972910808e-01,2.467168675219234830e-01,8.589848197402245589e-01,3.979148167415267889e-01,4.127435182284174831e-01,4.242032394185224486e-01,5.198470177213597720e-01,6.593480132465073286e-03,3.196293920042442283e-01,2.402506920358004894e-01,5.192190548560516872e-01,2.840488995979486564e-01,3.987194934207042851e-01,6.198694545935501399e-02,-6.055825901588802671e-03,4.569645021094430604e-01,4.097085895642652020e-01
4.287324496555795089e-02,-8.019831521074340108e-02,5.645539062085386944e-02,-1.491179409733830730e-01,7.419277829092278675e-02,1.401443967757362852e-01,3.368581366144138278e-01,2.191486695785947181e-01,3.818818659278213068e-01,-2.490077619028106468e-02,1.943882305853841252e-01,-8.555171941591836748e-02,1.000000000000000000e+00,4.528528781491387156e-01,3.318156981039585562e-01,-2.475958393233156432e-02,-1.605315129194070933e-01,3.110895621507707154e-01,1.014362639230722146e-01,-1.546760139151062419e-01,-1.053849767633836983e-02,5.019388715597588452e-02,-9.928303523649127660e-02,1.802968201951137273e-01,3.323052157379557392e-01,-1.765696762807677511e-01,1.982159437031828231e-01,-1.215999378955552879e-01,1.266028502358155783e-01,-1.338666914769551797e-01,1.341484339871928388e-01,3.206193465077625815e-01,-4.201130621012561656e-02,-4.874859468207436847e-02,5.699738311680133118e-02,-9.095763297902395572e-02,-1.025494131929450825e-01,-1.113887448261821622e-01,6.271327778196225666e-02,6.782335159672563119e-02,1.703681524490621157e-01,1.625703061639614810e-01,3.123029072395453465e-01,2.903631651792737758e-02,1.388431811269911775e-01,-8.500254029396651922e-02,5.363805516489981162e-01,3.318617087471015803e-01,1.837397159517855649e-01,-9.879260798508921262e-03,-2.104739410747839268e-01,2.020883901676402972e-01,-1.551758730103288131e-01,-1.204498130365797143e-01,-5.342820535225300572e-03,-5.389025839542351676e-02,-4.621194279748676303e-02,1.252503029017832947e-01,1.954499452353902489e-01,-2.197510879580358012e-01,8.409802338975391756e-02,-4.761461500531580932e-02,1.670615516727377015e-01,-1.671009301443252548e-01,-3.438668383647749266e-02,2.822035925299133385e-01,-6.522782903883371508e-02,-4.549601779847194105e-02
4.970741257623717546e-01,-5.136399892964764458e-02,4.266536877144513906e-01,-1.895936881901906512e-02,9.087615327267195564e-02,2.526994732765256990e-01,6.528257481893455783e-01,4.853079241388571496e-01,3.895248488929835551e-01,1.258490891564837122e-01,6.105816680696200816e-02,6.351615537644834941e-02,4.528528781491387156e-01,1.000000000000000000e+00,2.671420115173632204e-01,1.652689940760470877e-01,9.456781244024178856e-02,5.378924566506897431e-01,4.678821366163532502e-01,-6.893184716488469366e-02,3.030279076987695830e-01,1.431397622455086727e-01,1.389735393029830901e-01,2.672803185563433770e-01,1.029945815682571791e-01,6.746584338131655922e-02,4.606662746992052360e-01,7.069805594163425244e-02,3.570539608527862341e-01,1.173223174289856480e-01,2.133617485558779447e-01,3.219370071050173254e-01,5.313445831426049509e-02,2.281898173660094550e-02,4.720213441325142312e-01,-5.817239912375243155e-02,2.053315867309781495e-01,3.673494567115576093e-02,-2.942324656491629442e-02,1.896266583356079061e-01,4.259703188760263770e-01,4.578890002690103600e-01,2.388919124929789750e-01,2.084801042331263232e-01,3.215816981976850342e-02,4.624132432127185666e-02,3.103338268478895712e-01,8.145633673876639946e-01,1.294073271351197374e-01,2.098217977458467220e-01,-1.134783218907780417e-01,4.513709160032453038e-01,1.636351309711303881e-01,-6.634432453954104691e-02,3.026687986473590719e-01,-1.306240764263594777e-02,1.657755648983385011e-01,2.094900787894089234e-01,-2.709337274633047063e-02,-2.019600936700780697e-02,3.538147374992116623e-01,1.150711579914739380e-01,3.627762141256024586e-01,1.420848701025313049e-02,1.747942932362560875e-01,2.694984675115851824e-01,6.768856800461467427e-02,-3.245760465094248148e-02
2.662495619671159316e-02,1.123741107448489734e-01,7.920987944710797257e-02,5.108756019492136091e-02,1.663722487290542063e-01,3.975547006046321608e-01,2.657408801086252881e-01,2.564151012000142615e-01,2.649219139756351926e-01,2.392622630164929071e-02,2.041040186920086985e-01,1.703970838117212505e-01,3.318156981039585562e-01,2.671420115173632204e-01,1.000000000000000000e+00,1.299124224145033479e-01,9.008114354366238141e-02,2.098555594612470376e-01,1.322314190605429762e-01,4.176995301182366560e-02,1.020804948646603094e-01,1.471766304091295663e-01,1.118271960372526630e-01,2.531763036914775888e-01,1.992066830065651051e-01,4.360037432965051946e-02,2.088187315774625852e-01,1.859345301389628002e-01,2.264122731808146660e-01,1.405305728604427651e-01,1.081650227940676029e-01,1.792041275253518917e-01,1.007911405004804500e-01,2.074606821136723567e-01,1.259222201840266009e-01,9.646666876760608134e-02,1.089182799312601001e-02,8.220535413260099400e-02,1.619305392076318684e-01,3.294045341226557455e-01,1.358451665442238498e-01,1.909054179449377331e-01,2.236688261066624162e-01,7.207099943569104938e-02,1.929814038849890501e-01,1.436717041698939157e-01,2.327426220111280253e-01,1.725516174245035617e-01,4.130730296798762469e-01,1.303032437839669044e-01,5.609995454876699067e-02,7.753940970217775008e-02,5.700924535152120803e-02,5.988572421575483196e-02,1.002808012047088498e-01,9.524387733549981305e-02,1.005721007655333288e-01,2.763872878185440474e-01,1.402068127460676106e-01,-9.488032682789308142e-03,1.134989122809708373e-01,1.820447999541516537e-01,2.930213914901922956e-01,1.173270170098791448e-01,-5.279520305252473691e-03,1.930763689729785570e-01,1.130338713719535731e-01,2.109879860519444927e-01
3.254109329693621322e-01,2.106741102494167073e-01,1.683655007472252552e-01,2.316916022025502231e-01,9.767863500408539845e-02,3.976977630972484135e-01,2.345688729935444250e-01,3.091058270793862750e-01,3.639172983780782772e-02,3.944451772563524750e-01,5.611137670193087207e-02,3.424082761973761824e-01,-2.475958393233156432e-02,1.652689940760470877e-01,1.299124224145033479e-01,1.000000000000000000e+00,3.765509898330097194e-01,-1.022451266785704815e-03,1.797912673980012477e-01,1.682764953199918923e-01,6.873367733463755513e-01,3.135671347170030376e-01,7.051524899241422562e-01,1.808417653736617836e-01,-7.234384974545340907e-02,2.655204499938605411e-01,2.934339857600344326e-01,5.945472761098323788e-01,4.427082071276864927e-01,5.437636704566091161e-01,2.327520559060069771e-01,4.448179550317402087e-02,1.602030761721841556e-01,5.131610059877205199e-01,3.732853950495890194e-01,1.937731509324328028e-01,1.707110369191131571e-01,2.605264693038109036e-01,-2.038078468712716668e-02,4.403360482959690070e-01,1.531430659309840903e-01,3.135134334859721594e-01,-3.261097553223631790e-02,4.095206363530147775e-01,4.039476998503255256e-02,3.327243819250839674e-01,-1.006191217523841330e-02,1.456582416918722755e-01,1.374595117501029307e-01,7.232451215710157255e-01,2.143234362102982848e-01,-1.036093766831312490e-01,2.392211036080319764e-01,1.296428417824373458e-01,7.018387440683838685e-01,1.958470948356164920e-01,6.808782360755122331e-01,2.657435448086389873e-01,-7.659512017962590014e-02,1.587608593378719291e-01,2.150402978889136840e-01,6.056885765754042028e-01,4.617833316553380252e-01,6.058779464040189300e-01,1.542824208733487579e-01,-1.962666282491438725e-03,9.477986759048460941e-02,4.564333077022201812e-01
3.274425641203954629e-01,3.127642904320024342e-01,4.677680055121161140e-01,3.556435011648448330e-01,7.783143063092408387e-02,4.055644904957144692e-01,1.703534428978159543e-01,3.744473973281673973e-01,-1.120793857557715045e-01,2.445742946518581762e-01,3.464011975225301798e-01,3.966685816474794790e-01,-1.605315129194070933e-01,9.456781244024178856e-02,9.008114354366238141e-02,3.765509898330097194e-01,1.000000000000000000e+00,2.606650126200771855e-01,5.539988246217972812e-01,3.406288638844078842e-01,3.819020185608447693e-01,2.749521968668188765e-01,6.166540287253430286e-01,5.930250881482629355e-02,-1.456646653806248082e-01,6.160484800855740017e-01,4.545594875827936310e-01,4.681007134565822181e-01,3.652137088121051312e-01,7.048516263683812788e-01,1.252826302123540569e-01,-7.655421606134497903e-02,2.388277333459696283e-01,5.366364865818715746e-01,3.670928586424772599e-01,3.181138348674079630e-01,3.664237275407417616e-01,3.464829447630944914e-01,-2.236389281148958366e-03,3.782818465134251684e-01,5.272114425787486486e-02,2.598563150653533382e-01,-1.591432553215371692e-01,2.186227225259058937e-01,2.442151906891881497e-01,3.836496315502186394e-01,-2.020088855104412717e-01,2.045485622287316479e-02,1.105142628057445425e-01,4.035407825843875251e-01,5.597341741218763156e-01,6.531228257012940130e-02,6.044207681035644875e-01,2.968581960286628685e-01,4.223775695572838940e-01,2.651557013656686279e-01,5.469704763503465683e-01,1.098375748660613271e-01,-1.245782138022054619e-01,4.024814710598915157e-01,3.241710077964343739e-01,3.684763052542867068e-01,3.056646039658081349e-01,5.657472031632890808e-01,1.078868254762130469e-01,-6.634061975763244634e-02,2.567167226870177843e-01,4.334230485750181772e-01
1.258817253573634998e-01,-4.744418177251099461e-02,5.040871528139513336e-01,-8.770284669980461800e-02,7.883371022381235882e-02,1.838410800374766507e-01,3.920230004738534668e-01,5.275084733450084995e-01,1.314279715439301832e-01,-2.673226525346208277e-02,2.916097968288238751e-01,3.378698375965380647e-03,3.110895621507707154e-01,5.378924566506897431e-01,2.098555594612470376e-01,-1.022451266785704815e-03,2.606650126200771855e-01,1.000000000000000000e+00,6.195984035155872593e-01,-4.527324710590829859e-02,4.077619808395947787e-02,1.244785713944865507e-01,3.350380496427939753e-02,-3.830295547147114649e-02,-8.108475650004387525e-03,2.816342157150196757e-01,2.939176353937521524e-01,-4.018389792719278403e-02,8.303100046266941037e-02,1.952372171390248379e-01,-7.342941917735261448e-02,1.044852426895382519e-01,4.797835982376709441e-02,4.982424709532641549e-02,1.384623118898443417e-01,-4.668307809125665092e-02,3.078402541877973686e-01,-4.277537549732651767e-02,4.370850148209769886e-02,1.250371570102872532e-01,2.579529651884769903e-01,3.195054615937546472e-01,4.243989058309175638e-02,3.332014191114995166e-02,2.447666398804283772e-01,-1.375999973374407784e-02,1.350560008113363408e-01,4.516709881878488431e-01,1.098518639275143927e-01,5.719419657562206834e-03,1.987305174509396144e-01,7.219805485964836400e-01,3.606821993696239237e-01,-6.028376365057272479e-02,6.458669614029155515e-02,-5.277129894062651365e-03,3.338946233765013871e-02,-3.737174079557619572e-02,-1.323406022723247200e-01,1.926174480718039483e-01,2.140159476187047938e-01,-5.951639152351024392e-02,9.214099029150804587e-02,3.295838209785823675e-02,7.668717604270794408e-02,1.286548958314252811e-01,9.125227257567546102e-02,-7.196697201439186675e-03
3.967365811387860708e-01,1.048734162333698622e-01,4.935251113314601534e-01,1.363781095657091991e-01,8.147955147204409554e-02,2.487302690959087015e-01,3.313416713521664114e-01,4.417605215226985682e-01,5.491633866115770007e-02,6.715026597089759908e-02,3.094194632296251579e-01,1.668333909229845480e-01,1.014362639230722146e-01,4.678821366163532502e-01,1.322314190605429762e-01,1.797912673980012477e-01,5.539988246217972812e-01,6.195984035155872593e-01,1.000000000000000000e+00,9.257448523361405668e-02,2.338824741776372174e-01,1.585971145371135316e-01,3.014190506240658762e-01,2.032312139361725639e-02,-9.239730395845320576e-02,3.292026822143055420e-01,4.839250837232613733e-01,1.283562432612232185e-01,2.853410607159266865e-01,3.696248735803929208e-01,1.184172223158538734e-01,4.035702963975933838e-02,1.270938050520422635e-01,2.496896678199082842e-01,3.946135780158387396e-01,1.127429181570920452e-01,2.663261265962438284e-01,1.446307450737016609e-01,-1.924415450220892665e-02,2.120277751745152373e-01,1.044190773313252718e-01,2.751065816219769866e-01,-6.803474859594073332e-02,1.260834248585822326e-01,2.049462466878189948e-01,1.463761711508478336e-01,-2.684321280752545382e-04,3.435576507480090913e-01,4.206101067910506669e-02,2.184138722456070159e-01,2.393943419098412129e-01,4.316764102137957693e-01,5.695266312291976663e-01,6.097224608222587272e-02,2.655118311819233412e-01,4.757377658529385323e-02,2.812267384019306316e-01,-1.019651891901265234e-02,-1.500823063275026348e-01,1.236850146117870891e-01,3.216125866352149143e-01,9.767703490661998333e-02,2.458935245862838015e-01,1.815228867671306590e-01,1.510046904424217074e-01,8.165473686101992756e-02,1.377893708318213284e-01,1.731400419228174836e-01
-1.603575259571062353e-02,3.944861967651072665e-01,3.270150819605995851e-01,8.475619221688466265e-01,8.079311546810996614e-02,4.012511512311795481e-01,2.191038911207600359e-01,3.434363570186069886e-02,2.362772701509282258e-01,5.885835815750367628e-01,1.217765068826511671e-01,8.788607217358289647e-01,-1.546760139151062419e-01,-6.893184716488469366e-02,4.176995301182366560e-02,1.682764953199918923e-01,3.406288638844078842e-01,-4.527324710590829859e-02,9.257448523361405668e-02,1.000000000000000000e+00,2.373656173671512271e-01,4.031071247910862909e-01,3.351578105592344370e-01,4.198791424440908582e-01,-4.904778665638738488e-02,4.631467697945952366e-01,3.047966581171225320e-01,4.903413220218224011e-01,1.556146038935193043e-01,3.303654960868381840e-01,6.698176233121801160e-02,-1.182397801469587811e-01,5.087558879523449429e-01,3.888681457553927467e-01,5.497572954195775394e-03,3.739724596341878482e-01,1.459845168776003066e-01,8.142365598706973184e-01,9.518758380718469331e-03,4.027622740228976594e-01,1.388081632399714438e-01,-3.345363791860225811e-02,2.425219224879285318e-01,4.581390963449143983e-01,6.005709904994262216e-02,8.670172196686055655e-01,-1.633335096424152477e-01,-1.616961643087318212e-01,1.570761498850625215e-01,1.855596219444903272e-01,3.136637791601035730e-01,-1.831043204335722208e-01,1.784290013079507797e-01,9.476421127268330746e-01,2.066944005982824240e-01,4.057121299578643203e-01,2.888847067919465550e-01,4.387909645950331394e-01,2.386451568162947443e-02,3.305721344209024415e-01,1.838330294352591987e-01,3.106628438607644260e-01,1.055295386939990726e-01,2.612383945139592489e-01,-1.483165437184095353e-02,-8.154550602419585736e-02,5.108293216104657919e-01,3.388471055733711101e-01
5.129160462925090869e-01,2.032073995880309958e-01,2.851068890347329687e-01,3.566451486009619698e-01,7.307903449636990456e-02,4.151066161670248778e-01,3.772788309282649188e-01,3.482380006859212562e-01,8.749563207442875856e-02,4.008086682196748129e-01,-8.274636254278124048e-02,4.268989689648274299e-01,-1.053849767633836983e-02,3.030279076987695830e-01,1.020804948646603094e-01,6.873367733463755513e-01,3.819020185608447693e-01,4.077619808395947787e-02,2.338824741776372174e-01,2.373656173671512271e-01,1.000000000000000000e+00,2.807129567610258669e-01,7.907248061619047697e-01,2.167831809199860238e-01,-1.234483180367458161e-01,3.095598309174067975e-01,3.383455628463413190e-01,6.313971306881722700e-01,6.090780521840573059e-01,5.341976090360200935e-01,2.123681865645509204e-01,4.678228310983512106e-02,2.482771337254648103e-01,5.490571762833789116e-01,5.363304683453801180e-01,2.111901147174676530e-01,2.231293735724443894e-01,3.901805801678220886e-01,-2.182081336519928194e-02,4.269229582043252980e-01,3.226257262939886683e-01,4.097341510820927124e-01,5.237105609396655592e-02,4.120171650145086351e-01,-3.392069280935521708e-02,4.313124098690854225e-01,8.081168671140346108e-03,2.977430224725129970e-01,1.372200352372428545e-01,6.981173410739269780e-01,1.634880589968650544e-01,-4.992648959924641389e-02,1.749379917827532382e-01,2.014919178279960255e-01,9.377728319973452908e-01,1.992427944427501985e-01,7.527567020756262828e-01,3.223765712142040996e-01,-1.027362278016103886e-01,2.275818879932928196e-01,2.569176385505272942e-01,6.112950082738466406e-01,6.173350484821658046e-01,5.854884645444738966e-01,1.568208519121023492e-01,2.447543117065482596e-02,1.891808453426333247e-01,4.346117137792545604e-01
3.191735420670319123e-02,3.701270005161792498e-01,1.923902805246543446e-01,4.265081911984733853e-01,1.560057639527116513e-01,3.637499384633033350e-01,2.540294996255390014e-01,2.348914424931332900e-01,2.406421995444227580e-01,2.963978616874217709e-01,2.086945958528932665e-01,4.579881264426194920e-01,5.019388715597588452e-02,1.431397622455086727e-01,1.471766304091295663e-01,3.135671347170030376e-01,2.749521968668188765e-01,1.244785713944865507e-01,1.585971145371135316e-01,4.031071247910862909e-01,2.807129567610258669e-01,1.000000000000000000e+00,3.265405219705501683e-01,3.323798542889532248e-01,4.733487820125915901e-02,3.386602532567921653e-01,3.054032514621110028e-01,3.934871640160330086e-01,2.548956826192078640e-01,4.088515009332058803e-01,9.679515220039745793e-02,1.311340499922010114e-02,3.540527300514082487e-01,4.443730431421423765e-01,1.488548212868105736e-01,3.733913208397726113e-01,6.698782893549638795e-02,4.398599968543184247e-01,9.397749946057382120e-02,3.435863177896752996e-01,1.360802368279865615e-01,1.590219693922050592e-01,2.287666302894555692e-01,2.662613304722318830e-01,1.592227260444664949e-01,4.403407671090274755e-01,-4.992731773061855234e-03,7.811116873541598671e-02,1.442805814824023869e-01,2.867329905304663584e-01,2.562592788879366479e-01,-3.894087656995105784e-02,2.234042940589018311e-01,4.055565558417579264e-01,2.813475859439140692e-01,4.358648039676260577e-01,3.187145158367241660e-01,3.471586476987640335e-01,5.479459272843826417e-02,2.183814759718464837e-01,1.738883450519399521e-01,3.157703288795096208e-01,2.629810175631678848e-01,3.688105532983381174e-01,6.420675367851907608e-03,4.695540521477574447e-02,3.357452803381472117e-01,4.142003497979948046e-01
4.072736612336332329e-01,3.233158433086690819e-01,3.230184316458427074e-01,4.090031259722765045e-01,9.649106245546949789e-02,4.740547446906995255e-01,2.567104853102156192e-01,3.718227142921246564e-01,-3.206256087833365270e-02,4.284951321147240089e-01,8.994481356780377468e-02,4.783196997421019225e-01,-9.928303523649127660e-02,1.389735393029830901e-01,1.118271960372526630e-01,7.051524899241422562e-01,6.166540287253430286e-01,3.350380496427939753e-02,3.014190506240658762e-01,3.351578105592344370e-01,7.907248061619047697e-01,3.265405219705501683e-01,1.000000000000000000e+00,1.585639519548266985e-01,-1.499628685674284367e-01,4.370470517325868998e-01,4.388551114818157184e-01,7.104270396278113964e-01,5.248709590441003048e-01,6.963306240476201392e-01,2.001596005155070745e-01,-1.490206994920102376e-02,2.715151706769254880e-01,6.491866247321598227e-01,4.507219328871534536e-01,3.172102497191640613e-01,2.983129130119162031e-01,4.281132263934818716e-01,1.950011226184809139e-03,5.053651803263931042e-01,1.776303235757924204e-01,3.582841305477413862e-01,-5.900652253037055872e-02,4.104774532570726331e-01,4.685467446825144350e-02,4.709596526578310738e-01,-6.617939531854138968e-02,1.105621072530494492e-01,1.542669285536170942e-01,7.156723536036486699e-01,3.813300513322642749e-01,-1.084555682226160805e-01,3.411725686974605987e-01,2.912777590517318105e-01,8.072459541940173455e-01,2.737278397072754887e-01,8.987669325148065491e-01,2.787795891899332856e-01,-1.301508023030565064e-01,2.894584324420712562e-01,3.235036532351251992e-01,6.697531037905591900e-01,5.242204655124516055e-01,7.135206903510036280e-01,1.565137769342962171e-01,-4.135689950623244737e-02,2.308208371164846007e-01,5.567706370450259401e-01
