1.000000000000000000e+00,-7.786775686995039969e-02,3.539405102801028713e-01,1.148780425442304104e-01,7.565376297001846773e-02,-2.865791375739133381e-02,3.760762800087086299e-01,1.025880404160325610e-01,2.542978210514194592e-01,-3.876633611123024570e-02,5.212676413140379661e-02,9.950518141389337601e-02,2.023106352742869707e-01,6.227537061427976806e-01,1.321201701175929270e-02,1.667274904654106604e-01,4.540898667636948938e-01,2.198315354563321056e-01,4.793370496341183840e-01,-6.920825698868259945e-04,2.072422811688513777e-01,1.792248079014523154e-01,1.046909022370927089e-01,2.630478786341413633e-01,1.771067142810457684e-01,1.181838923468468000e-01,3.577330132799653173e-01,-1.642456454584833303e-01,5.077666918538882301e-01,1.065440677387572144e-01,3.350838417749654741e-01,1.985555107483378823e-01,3.630018403156167611e-02,-1.546268605457277144e-03,6.453344549662166640e-01,-1.034720918866957884e-01,6.810308958374861055e-02,8.202813500034811245e-02,5.724725767081322025e-02,2.223171698822095504e-02,2.434150582662275852e-01,-2.448381037809805802e-02,2.198044787649281184e-01,-1.106583836840208113e-02,-1.036764428147590317e-01,9.399834369315486493e-02,1.291720807489840361e-01,4.705371443307326818e-01,9.176196859969558417e-02,9.000888363475237353e-02,-5.860028989091267682e-02,2.281181541749898456e-01,2.217083614866123265e-01,-2.175526790733584362e-02,2.312589757180323891e-01,8.181366503293091563e-02,5.720799710501366792e-02,1.760043723106171354e-01,2.906716293252096725e-02,1.663016311179703680e-02,1.710288018854016212e-01,-1.420826694615167918e-01,5.287386249393479787e-01,-2.199135124514986495e-02,2.436630557752979265e-01,1.215928240569306290e-01,1.386469077045392739e-01,1.919415590296049898e-02
-7.786775686995039969e-02,1.000000000000000000e+00,-1.338819519722187767e-01,2.429642446230084185e-01,2.251068169608134995e-02,1.511948473961335360e-01,-1.772099540135721463e-01,9.014857724298935837e-02,-9.092112825432638323e-02,4.612653144273119732e-02,1.005353691306267033e-01,2.737880144474225674e-01,-1.213853758977181119e-01,-2.119355469782102097e-01,-9.986120849180983583e-03,-8.904642727681566505e-02,1.154284044851289354e-01,-1.809054570900613390e-01,4.909584238503014904e-03,2.284610731561430574e-01,1.846546255839204287e-01,1.914215385979168571e-01,2.800295035178081982e-01,5.129945494512124643e-02,4.098830646008060075e-02,1.765787243046312294e-01,2.307784890694896396e-01,2.104689988360110287e-01,6.547229803297519024e-02,3.252461768513505991e-01,-1.878245265829361910e-01,-3.173099893829310625e-02,1.945574616418067060e-01,3.885803144599225267e-01,-2.042501832962761305e-02,4.069663298153479158e-01,-3.023823366156299861e-02,2.722890310366753996e-01,-1.975358595867018896e-02,1.218082971397669301e-01,-7.861843739886448246e-02,9.691898670901644142e-02,-6.792897269034741531e-03,1.047080282304501120e-01,1.041371479522878590e-01,2.581509031925874331e-01,-1.793794520212691201e-01,-1.377247637668935487e-01,3.856110142926193196e-02,1.255470642822907254e-02,3.404883867349971505e-01,-1.790478998401246469e-01,6.537687973685568643e-02,2.478959983465506833e-01,1.526431878753451710e-01,2.607449466990375275e-01,2.685856379855382503e-01,1.052654736593259810e-01,1.470685296849626178e-01,1.477083104963772819e-01,2.731841663764994488e-01,1.985001226540953345e-01,7.811778515757057673e-02,3.547739940059304042e-01,-3.357109497827701766e-02,2.872268210704190597e-02,1.682114093036628510e-01,4.121260134256681251e-01
3.539405102801028713e-01,-1.338819519722187767e-01,1.000000000000000000e+00,9.362019845989116851e-02,1.885119211768153114e-01,5.914978725536884641e-02,8.279067012420087135e-01,4.053392270914726314e-01,3.881623898495525915e-01,2.994430251198373222e-02,3.139817944649145320e-01,1.337722536043274846e-01,2.187841597181968412e-01,6.526055396103266348e-01,2.846366439579440799e-01,9.526058136776856256e-02,4.346628629475695060e-01,4.846520173878549054e-01,4.358624881061160528e-01,9.476946593649700212e-02,9.450283647977886919e-03,3.293270370676585901e-01,1.277931364166094534e-02,5.458180830640070313e-01,2.278997048803419745e-01,5.723983833441601554e-01,5.616606786769932080e-01,9.154860122908617392e-02,2.004113169677441408e-01,2.725104299626151527e-01,1.552543577054948387e-01,1.760179064653084869e-04,8.651002471306028230e-02,-2.903766673002818044e-02,1.244039697379908938e-01,-1.588825279990066786e-01,4.982440474344221881e-01,7.268981946054260679e-02,4.984362155750655943e-02,2.706032219845025052e-02,5.303833223478839898e-01,6.329834244770722596e-02,2.907293810308315130e-01,-1.987028141028860089e-03,2.166492621909307248e-01,8.142798730407509178e-02,7.521073975861648775e-02,3.713347213308275108e-01,2.194761174700376183e-01,7.307926080066534658e-02,-8.743846739414901093e-02,2.414069683742263717e-01,1.154154879037521675e-01,7.642123533273581515e-02,2.042034745040501378e-02,1.620175962448880957e-01,-9.033168811164490886e-02,3.903007440177285736e-01,-1.154276691557431199e-02,3.187713775587212028e-01,1.724807832302091004e-01,1.003728210396870150e-02,1.774379144326139190e-01,2.807218852836830536e-02,9.896386298109975665e-02,-3.520418677198254576e-02,2.610944327126462627e-01,-3.460014999942118835e-02
1.148780425442304104e-01,2.429642446230084185e-01,9.362019845989116851e-02,1.000000000000000000e+00,8.848386547001739488e-02,4.084353804762564377e-01,1.775919240437588975e-01,2.371605698745486157e-01,1.359666776158417467e-01,4.748559585061832289e-01,8.604831563037744491e-02,8.042410281831797736e-01,5.222413950139415117e-02,5.239882561845894682e-02,2.301936275974128809e-01,2.190638174736203869e-01,4.685383864530579673e-02,-1.034385751800983300e-01,4.104690209946295493e-02,6.858765518299734243e-01,2.896755863984654122e-01,2.242086664483507741e-01,3.627993329267512057e-01,3.465771061448110202e-01,8.640259209738289370e-02,-6.043192290864676103e-02,1.691335532250452245e-01,5.089764228148297986e-01,2.016073892570708903e-01,1.944570115837382374e-01,-6.212634196453059587e-02,8.362453616855140826e-02,2.257377248390092239e-01,2.682410506303090081e-01,1.113663654396728764e-01,2.487599375894575526e-01,1.853268575593178535e-01,9.349521162325254986e-01,8.830076810551573674e-02,3.955198573829550868e-01,2.319230700308860527e-01,2.100941485174128709e-01,2.638939478585551890e-01,5.387168685154256620e-01,2.467935849004433690e-01,7.845208106459220510e-01,7.749135046165489538e-02,1.184301305275106825e-01,2.614098519773513929e-01,2.745982904308144068e-01,1.970263214773331217e-01,5.466267086713296613e-02,1.251071833111805087e-01,6.440147671337793644e-01,2.272889473901889557e-01,3.109571537436706112e-01,3.689776665348076801e-01,4.091395172707347760e-01,8.961758732336022604e-02,9.682977482597864005e-02,2.817264038516205660e-01,4.457371762969074003e-01,2.344909043277554894e-01,2.398595679225223321e-01,5.936230374045856767e-02,9.026249722257932706e-02,2.973220080539352161e-01,3.036800790259311378e-01
7.565376297001846773e-02,2.251068169608134995e-02,1.885119211768153114e-01,8.848386547001739488e-02,1.000000000000000000e+00,1.247420808614302656e-01,2.150961018347696541e-01,1.893321518510960866e-01,1.543119185012911954e-01,4.470588793486615642e-02,1.444297359629148347e-01,1.043114910798509098e-01,9.823524391172787362e-02,2.041269230398255197e-01,1.431084119976260283e-01,5.118716881208645875e-02,9.496971580311187877e-02,1.555444107178567681e-01,1.027803045637135232e-01,1.228713321146731631e-02,5.520240566073367217e-02,1.145569970867793552e-01,2.011801273691025613e-02,1.490460976975794549e-01,8.484112658276890540e-02,1.396519495443241943e-01,1.821174596273790192e-01,2.989005733267989864e-02,1.062238634948153015e-01,5.595961389580637879e-02,6.829796055383198505e-02,9.875932601470986671e-02,1.086660434976151057e-01,9.461526042246161394e-02,2.424316174998481302e-02,2.836738762701301528e-03,7.925832032057814058e-02,8.584933588458330822e-02,7.668341442313690581e-02,8.892086997950490734e-02,1.208164229435205045e-01,4.541138165587578490e-02,1.384927212873084124e-01,6.685003118166098213e-02,3.599839211196012578e-02,1.130326210589586294e-01,6.285902561677017553e-02,6.381759237566343723e-02,1.410347234742706513e-01,4.254828088649242890e-02,-3.904677205735110346e-02,4.117538367872628641e-02,-1.617049008063655563e-02,1.129130347084653443e-02,4.576787226406948267e-02,7.985887110779167630e-02,8.391009460746305312e-03,1.341597038575295109e-01,2.829456243663808906e-02,2.151367292884015167e-02,7.893139866088635936e-02,5.824829939888388590e-03,8.365583565017295498e-02,-8.537362120769486154e-03,4.399899036109775757e-02,3.014391774825606052e-02,9.501195737122482277e-02,6.696912723250800226e-02
-2.865791375739133381e-02,1.511948473961335360e-01,5.914978725536884641e-02,4.084353804762564377e-01,1.247420808614302656e-01,1.000000000000000000e+00,2.109366900265828848e-01,5.992169889544731731e-01,-3.575269063735165426e-02,5.945365528816763945e-01,1.832226635259557868e-01,5.686134938804976446e-01,8.593400438903411181e-03,-8.399835290048593417e-02,3.120108236700278592e-01,6.981007760484927993e-02,-6.435343227085907336e-02,-8.784690550183762991e-02,-2.927840818692549214e-03,3.139800764698981728e-01,2.128883869912463478e-01,-1.517194557454405041e-02,3.423563791421935787e-01,8.961859801524506286e-02,-2.353953278044907949e-01,-1.285787696480717723e-01,-1.422338032938289809e-01,7.451277260758715215e-01,1.584630862038288457e-01,3.201947258609222358e-01,-1.576963307656827074e-01,-7.568309880629205469e-03,5.423949290723841660e-02,2.786574800713502720e-01,-1.258030053676688909e-01,1.554506370282104366e-01,2.270904589886360847e-01,4.047955870216862206e-01,3.715745782830042615e-02,8.572993462453083469e-01,3.070255255798924332e-01,6.317375099178634823e-01,1.029892663767488920e-01,7.400759697309204910e-01,3.520338274063601891e-01,6.653504575506644647e-01,4.320409928488875423e-02,-7.922137930979457343e-02,3.169920686192653214e-01,1.655837743758135083e-01,1.044228365399793301e-01,-1.585010614354143144e-01,-4.703799664238896006e-02,3.174532421974089469e-01,1.275257643289826881e-01,1.396248045179065457e-02,2.821676969051233885e-01,2.602757746225450308e-01,-1.626493226420485938e-01,-4.736153391004863794e-02,-7.134842888437391284e-02,7.389692656706273732e-01,8.448935918219263597e-02,3.392808485816402597e-01,-8.372890933952011061e-02,4.705702739452873040e-02,8.762016937734037891e-02,2.679722585322960038e-01
3.760762800087086299e-01,-1.772099540135721463e-01,8.279067012420087135e-01,1.775919240437588975e-01,2.150961018347696541e-01,2.109366900265828848e-01,1.000000000000000000e+00,4.791285611814938838e-01,5.461244693007442086e-01,1.643794099774580353e-01,2.475498551293319471e-01,2.403419283831777775e-01,2.554351503332885076e-01,6.932564988367049263e-01,3.839493381783280479e-01,1.196911617001745060e-01,2.118549460111896487e-01,4.533514632284261769e-01,2.808792327119528642e-01,1.446752852696163716e-01,8.431822270019080287e-03,3.813458997836017272e-01,-3.759718932214656251e-02,6.763647855266330389e-01,2.192875055067684820e-01,3.988763966382417592e-01,3.779066553261707928e-01,1.804972173387654755e-01,2.658844382429199626e-01,2.318038570327148329e-01,1.753190678265973135e-01,6.976909617846080436e-02,8.749260198480614259e-02,-3.669814442128574439e-02,1.566254116540279628e-01,-2.168260511346339070e-01,5.145788544757652350e-01,1.497890190577512437e-01,6.578804137479560277e-02,1.938201707263558227e-01,7.234738814547236885e-01,2.200254851064968875e-01,4.859963142322989982e-01,1.384299791785693901e-01,2.706441292358007789e-01,2.015145362139226237e-01,2.192155241732411386e-01,4.843572697141340644e-01,3.411111344357991015e-01,1.125026636526820084e-01,-1.609606951496757865e-01,2.489745858565623193e-01,3.963157160616437302e-02,1.158063061920827641e-01,1.557920023852205071e-02,2.088927377168390831e-01,-1.361564843412229608e-01,5.719240467350162893e-01,1.772490144854586835e-02,2.807743252505208731e-01,9.342310354264950212e-02,1.043028307999306764e-01,2.444452655107418604e-01,3.852161940590184686e-02,1.414983286383605932e-01,2.884959597596703854e-02,2.385484411473369204e-01,-2.819392402290736219e-02
1.025880404160325610e-01,9.014857724298935837e-02,4.053392270914726314e-01,2.371605698745486157e-01,1.893321518510960866e-01,5.992169889544731731e-01,4.791285611814938838e-01,1.000000000000000000e+00,7.326478321417191630e-02,2.877841815022138539e-01,2.671695558317647157e-01,3.181615186459689215e-01,1.296618186887328328e-01,2.350818140321898064e-01,2.690643784101321434e-01,3.848677735905836617e-02,1.335093922134823474e-01,2.368958400717482427e-01,2.151723909275007895e-01,1.825577841052284378e-01,1.751806716814051923e-01,1.001391481848424581e-01,2.742938153508435173e-01,1.482555286083220569e-01,-1.458188896592041706e-01,1.946369838687550813e-01,1.272239218529714611e-01,5.747613251689599467e-01,1.870014114913849113e-01,4.991954978894180273e-01,-5.280246677530796295e-02,3.063122818138475090e-03,4.700854212029190876e-02,2.502126877425516760e-01,-3.558646466766405420e-02,4.573946872558601329e-02,3.088952353392022676e-01,2.363620971360414214e-01,2.089174104605568891e-02,5.678230020750505425e-01,4.027541131354448467e-01,6.384502751976721679e-01,1.605543822755870764e-01,3.896849691990621478e-01,3.816968710264166953e-01,3.595690325642035279e-01,1.277892511445898396e-02,1.099741296802860674e-01,2.497397464874067108e-01,8.775902695924786556e-02,8.797857743254880458e-02,4.587981827753546786e-03,-1.527237507021996822e-02,1.830709491254210453e-01,1.217371339309760297e-01,9.731930241447351443e-03,1.797831019895894666e-01,2.267539122406007357e-01,-1.995740970955056093e-01,7.677688998280873811e-02,-7.672679912022967175e-02,5.613860448952069371e-01,1.538783224533236682e-01,3.899681478347017394e-01,-9.576180417961756286e-02,3.542985646407859068e-02,1.596502595819110915e-01,2.475833358186416977e-01
2.542978210514194592e-01,-9.092112825432638323e-02,3.881623898495525915e-01,1.359666776158417467e-01,1.543119185012911954e-01,-3.575269063735165426e-02,5.461244693007442086e-01,7.326478321417191630e-02,1.000000000000000000e+00,-3.601950023395425471e-02,8.627390729687232918e-02,1.212874200181050105e-01,3.225702356882285682e-01,4.562741168510021650e-01,3.120775519653484764e-01,4.486657946603214014e-02,2.126102853661143363e-02,2.209703508937602978e-01,5.627201439930658300e-02,5.124244589080623191e-02,-1.118566499146028854e-02,4.398741398077810616e-01,-1.326368084647419343e-01,6.095493704597004792e-01,3.985854095870746128e-01,2.133235035022448822e-01,3.018265719990312901e-01,-1.225975317546331156e-01,2.299815290656836431e-01,-7.640052171283773230e-02,1.715985056992275215e-01,1.080088756954167561e-01,1.441719368566692638e-01,-4.528263798400895823e-02,1.367504522890209961e-01,-1.440448058327425951e-01,1.409514591545334983e-01,1.205164035635207936e-01,8.892755339521384028e-02,-3.701617145045964230e-02,3.314306694947602994e-01,-9.422591283984999011e-02,5.495683025546345135e-01,-6.952229662516797026e-02,1.935310769817521689e-02,7.900409463509204533e-02,3.113604252278632800e-01,3.278208497980369396e-01,2.748266566955157031e-01,2.705360966703521455e-02,-2.399891758020626098e-01,1.151474209702858520e-01,-6.804328395492875714e-02,4.051645875458772389e-02,1.310286480143791829e-02,3.052267457690708286e-01,-1.646374039931464694e-01,4.785866246835650539e-01,2.371149877637017123e-01,1.383149753515764413e-01,1.337107324323578983e-01,-1.801690197549632166e-01,1.901320715150823792e-01,-1.717040788956059050e-01,1.021066004133398125e-01,1.038051264839366938e-01,1.724363376821602678e-01,-4.613550509625973656e-02
-3.876633611123024570e-02,4.612653144273119732e-02,2.994430251198373222e-02,4.748559585061832289e-01,4.470588793486615642e-02,5.945365528816763945e-01,1.643794099774580353e-01,2.877841815022138539e-01,-3.601950023395425471e-02,1.000000000000000000e+00,9.769108342635469955e-02,5.871822487332390983e-01,-2.198377200568820203e-02,-6.015904649306747128e-03,1.795042184165319410e-01,8.784949823465659779e-02,-1.779893303361382573e-01,-9.374266860748306507e-02,-5.552776351908803032e-02,4.311848160460196033e-01,1.355018471949368253e-01,-8.259017855898094160e-03,1.910332907275826553e-01,8.335133382950969672e-02,-6.726647544807645707e-02,-1.874026105066517178e-01,-1.465115115574720239e-01,5.223871660456390620e-01,7.554138176146124595e-02,1.268560959422757040e-01,-1.693626024934350993e-01,5.503994173267313939e-02,2.083450632927769455e-02,1.448018207597914497e-01,-6.961943590025389261e-02,7.604665985397307537e-02,2.092103465525181061e-01,4.589418271515960379e-01,6.527754965291875100e-02,5.548185019414855201e-01,2.953077925269946835e-01,4.376348167284485058e-01,1.184684220650723679e-01,9.090826824625971581e-01,2.822333109690269293e-01,6.554755810425513252e-01,9.637422561629969964e-02,9.157527702599976838e-02,1.639306580161374038e-01,1.532363764297002273e-01,7.005457234313737513e-02,3.836728421976254300e-02,4.462418876970962976e-03,4.507095550936714989e-01,7.937153943242603038e-02,7.023283869259862311e-02,1.909229524838108594e-01,2.025439119618852590e-01,-5.384302903658498389e-03,6.713109436110313577e-02,-7.668265723888281413e-03,5.000337790972384511e-01,8.196442692863874224e-02,2.226553400715398645e-01,-1.187432310520555867e-02,-1.482992220022620773e-02,1.056472442602384293e-01,1.209672058476353035e-01
5.212676413140379661e-02,1.005353691306267033e-01,3.139817944649145320e-01,8.604831563037744491e-02,1.444297359629148347e-01,1.832226635259557868e-01,2.475498551293319471e-01,2.671695558317647157e-01,8.627390729687232918e-02,9.769108342635469955e-02,1.000000000000000000e+00,1.571272510327721694e-01,2.301413165583867937e-01,1.824609452992812519e-01,1.995131699928890390e-01,2.927375471749188787e-02,3.577496629210233370e-01,2.960375209256257967e-01,3.364495940308767086e-01,6.527799268006188871e-02,5.557467512745395410e-02,1.113564848143509395e-01,1.281350171718602104e-01,9.604777610236948926e-02,1.508767305034103001e-01,3.130342475979320804e-01,3.330377177246560683e-01,1.308615238252863189e-01,1.175998664455550763e-01,2.686031746973214784e-01,1.189518541228306442e-02,1.119423434753665479e-02,9.985116591290427168e-02,1.990152209621737500e-01,-2.299126951276209141e-02,7.945017555808601972e-02,1.355397460040861091e-01,8.610148953617845213e-02,-1.321412509722646490e-02,1.001948597184737361e-01,1.112193664392982090e-01,6.127955263421339810e-02,-1.113135330590194101e-02,1.312851425735726829e-01,2.223005364606615020e-01,1.716850866061299385e-01,4.132852171911079869e-02,2.385237395485843848e-02,8.568618578263477448e-02,4.174877040607825884e-02,1.334800208908226427e-01,7.985057371162829210e-02,1.568359564329197819e-01,6.228552394822679805e-02,1.588441028856706419e-02,7.558923509955736697e-02,7.123022615604766850e-02,6.295244583070924715e-02,6.649822138483793554e-02,9.798830329386580551e-02,2.029855704401659078e-01,9.611639151466798425e-02,2.099821032974260454e-02,1.152010399769763799e-01,3.980208198441242962e-02,1.181713494540051999e-02,1.282704285159379787e-01,1.223497144961962907e-01
9.950518141389337601e-02,2.737880144474225674e-01,1.337722536043274846e-01,8.042410281831797736e-01,1.043114910798509098e-01,5.686134938804976446e-01,2.403419283831777775e-01,3.181615186459689215e-01,1.212874200181050105e-01,5.871822487332390983e-01,1.571272510327721694e-01,1.000000000000000000e+00,1.837800914931890517e-02,4.528784696173123597e-02,3.313137990432511448e-01,7.518857284472867109e-02,6.238241421173611884e-02,-9.596975467821237948e-02,6.079084013626145228e-02,7.668254913966005004e-01,1.861214944315609521e-01,1.971862036090163139e-01,2.803023456179619122e-01,3.490866178851200763e-01,7.775165503447284410e-02,-5.274834634813461293e-02,1.584590132377873273e-01,5.613094759849698301e-01,1.888546993356213510e-01,2.503948914544840698e-01,-1.249706998787278450e-01,7.881804104819251089e-02,2.141010334117684211e-01,2.978560512228363710e-01,9.471633989455550962e-02,2.831156417641887413e-01,2.843700823787448373e-01,7.790506798563648916e-01,7.230877993541931503e-02,5.192508749056977679e-01,3.212355713538472268e-01,3.269587106621856809e-01,2.773919084378763111e-01,6.357518464770962607e-01,3.331335474091998705e-01,8.978899019187810415e-01,7.094251358542214003e-02,1.251114109007260000e-01,3.810451269437066246e-01,1.581657705633456867e-01,2.231996000286186055e-01,4.806033740296963841e-02,1.543314128564191590e-01,7.470580615147435211e-01,1.374406256697990603e-01,3.105604973288288440e-01,2.711245316751900725e-01,4.589775073307212350e-01,9.511317768397926919e-02,1.172436819003542796e-01,2.754153079879181343e-01,5.061800704560279751e-01,2.131711966488399612e-01,2.927170619253972039e-01,1.786288926809876916e-03,7.016399058671307642e-02,3.108031989957267816e-01,3.453549577129448878e-01
2.023106352742869707e-01,-1.213853758977181119e-01,2.187841597181968412e-01,5.222413950139415117e-02,9.823524391172787362e-02,8.593400438903411181e-03,2.554351503332885076e-01,1.296618186887328328e-01,3.225702356882285682e-01,-2.198377200568820203e-02,2.301413165583867937e-01,1.837800914931890517e-02,1.000000000000000000e+00,3.824961143208276959e-01,2.469552184696295616e-01,1.573572012453930691e-01,2.220941471845338383e-02,2.375490530147187640e-01,1.462004050457678950e-01,-9.778893699987943611e-02,1.036203453050485029e-01,5.061081151071025047e-02,2.832456165167480597e-02,1.357266022454836629e-01,3.089797024787265256e-01,-7.182458302124425376e-02,2.468363616567723628e-01,-9.092260927547006488e-02,2.440042071144335190e-01,-1.348092090760052708e-01,2.582362090764691032e-01,2.017966321265536878e-01,4.422512537691235951e-02,-2.002039542156431456e-02,5.960011541007383812e-02,-1.970343139216300110e-01,-5.166611203184812151e-02,2.364189719782896701e-02,3.307968649143207263e-02,-1.068529043399178485e-03,4.405212989272359186e-02,-1.428398253918768679e-01,2.523423594712606022e-01,1.687681175726921416e-03,-3.870948899675485250e-02,3.885845839421677578e-02,4.501048514540014756e-01,1.213762754718622910e-01,1.849539662229875980e-01,1.191621784876562423e-01,-3.073119452027027743e-01,6.818833965044328316e-02,-1.354846119106876690e-01,-1.106221546351109641e-01,9.721017719380471711e-02,-9.852946757371795761e-02,-1.799509339042254042e-03,7.605068615467486248e-02,1.056929565993069281e-01,-1.906677304234120074e-01,1.411769007181727827e-02,-1.322788331428967901e-01,1.292624841707012417e-01,-2.172137890214152767e-01,2.471166326381991907e-02,1.257563296949818776e-01,4.018906296805040135e-02,-1.235941467817815581e-01
6.227537061427976806e-01,-2.119355469782102097e-01,6.526055396103266348e-01,5.239882561845894682e-02,2.041269230398255197e-01,-8.399835290048593417e-02,6.932564988367049263e-01,2.350818140321898064e-01,4.562741168510021650e-01,-6.015904649306747128e-03,1.824609452992812519e-01,4.528784696173123597e-02,3.824961143208276959e-01,1.000000000000000000e+00,1.847929562171129469e-01,1.894691812949134690e-01,3.334568207304154930e-01,5.582252565678277323e-01,4.591383238361922414e-01,-9.184907241446028936e-02,1.536161981036268664e-01,2.691011613876298503e-01,1.282621096727563220e-02,4.043711885781952620e-01,3.164329655856402135e-01,2.481372543889127369e-01,5.203333732851064264e-01,-1.829369555369247391e-01,3.686599071413473316e-01,1.051795096701615834e-01,4.364671652139365254e-01,2.887855003791558461e-01,1.611385950767099326e-02,-8.451746736472390276e-02,4.120909848658883545e-01,-2.695621742845853430e-01,1.662829387964258332e-01,9.291403943202689725e-03,5.782774046970941967e-02,-6.374109566993188536e-02,3.715094409581796153e-01,-2.412504037253714387e-02,3.354937463069360137e-01,-4.177263023359206739e-02,-6.395919918877016053e-02,2.308388202722145427e-02,2.842111285521892183e-01,5.740869482841637339e-01,1.780204162078313224e-01,1.336030459042168717e-01,-2.419264398544735406e-01,3.995001118919568883e-01,8.562707928850465944e-02,-1.143814131105600485e-01,1.873460136067547632e-01,6.537867440995095980e-02,-4.409137996512127455e-02,2.514582661743733905e-01,6.621978883296336660e-02,6.636155927358891593e-02,1.756812879808052064e-01,-1.910181014374613406e-01,3.731860813532572041e-01,-7.526310429326341089e-02,2.544338408696396603e-01,1.168946778596750141e-01,1.653238362165410924e-01,-1.115336699600118497e-01
1.321201701175929270e-02,-9.986120849180983583e-03,2.846366439579440799e-01,2.301936275974128809e-01,1.431084119976260283e-01,3.120108236700278592e-01,3.839493381783280479e-01,2.690643784101321434e-01,3.120775519653484764e-01,1.795042184165319410e-01,1.995131699928890390e-01,3.313137990432511448e-01,2.469552184696295616e-01,1.847929562171129469e-01,1.000000000000000000e+00,3.304878654261199367e-02,-1.828854467215586949e-02,9.896963320508654627e-02,5.102383852537543257e-02,1.843291094091911164e-01,1.536752322042403765e-03,1.314198884502537634e-01,3.737280083151191951e-02,3.362053342132230727e-01,1.625437462725361770e-01,5.245659730626030248e-02,1.741780995165625456e-01,2.262256961584482307e-01,1.530926989918461878e-01,1.418171982641425362e-02,1.507757949086015008e-02,3.908702046834026250e-02,1.604073492108195609e-01,9.643891402732313045e-02,-6.206044241797919331e-02,-3.113707090822715254e-02,2.618168669872131815e-01,2.073915540817110326e-01,3.216431776267688475e-02,2.291776552929811472e-01,3.229511778367818442e-01,1.297918376276386843e-01,3.047607821675871187e-01,1.884730851985487177e-01,1.952985498740440196e-01,3.207983236503607061e-01,2.963519530055044870e-01,1.428460433767318183e-01,3.799702114716879686e-01,9.401082806623294041e-02,-1.142362215816284943e-01,6.614752825452314966e-02,-2.615141192110817525e-02,1.836998750799786195e-01,-2.230578389076025292e-02,8.984602996747891035e-02,-3.700295550114201387e-02,3.942620388473790372e-01,7.587472099787327673e-02,5.356342016664783490e-02,1.365170429073030711e-01,1.383385542276096281e-01,5.836069654456035871e-02,-5.712181966393678478e-02,-2.941845284180990422e-02,8.384830659574347977e-02,1.517443880434323211e-01,4.546018866492937405e-02
1.667274904654106604e-01,-8.904642727681566505e-02,9.526058136776856256e-02,2.190638174736203869e-01,5.118716881208645875e-02,6.981007760484927993e-02,1.196911617001745060e-01,3.848677735905836617e-02,4.486657946603214014e-02,8.784949823465659779e-02,2.927375471749188787e-02,7.518857284472867109e-02,1.573572012453930691e-01,1.894691812949134690e-01,3.304878654261199367e-02,1.000000000000000000e+00,6.014989757062872561e-02,8.032477175692499805e-02,9.785507224683377692e-02,-5.541283362948328656e-02,5.713679707112663264e-01,3.433596712754998707e-04,5.407145935866394248e-01,1.520588457292765261e-02,1.806038718135592400e-02,-1.080064167519681761e-01,1.325069536572462126e-01,1.143837222569510370e-01,2.644489172986737580e-01,5.590239955001784916e-02,1.003096339632615214e-01,1.165253634855414611e-01,1.204260702626189228e-01,1.485876630164887080e-01,1.551671565202332181e-01,-5.886979949812872620e-02,6.338153455950013004e-02,1.952538723516593633e-01,3.599756657575410579e-02,1.112079780359363779e-01,1.285449563077733781e-01,3.166325789698450771e-02,4.306438762659234309e-02,1.568737569381992991e-01,1.917753265666954920e-02,1.266842740617021568e-01,2.004016652360255946e-01,1.509654480558441647e-01,7.722214199453000805e-02,7.259684579658460812e-01,-2.560824920871612384e-02,1.288904960534792699e-01,1.869862080831736009e-02,-1.095785107597847391e-01,5.413416344667808522e-01,5.487633680984147985e-03,5.161339925850869648e-01,3.969150690963651334e-02,-2.845448123718078912e-02,4.136010300696617639e-03,1.942290635984307567e-01,1.061805821294503210e-01,2.678942406680113741e-01,6.841710877287460191e-02,1.528122584276516982e-01,6.281487507367913836e-02,1.559911303646314418e-01,4.323806004508311956e-02
4.540898667636948938e-01,1.154284044851289354e-01,4.346628629475695060e-01,4.685383864530579673e-02,9.496971580311187877e-02,-6.435343227085907336e-02,2.118549460111896487e-01,1.335093922134823474e-01,2.126102853661143363e-02,-1.779893303361382573e-01,3.577496629210233370e-01,6.238241421173611884e-02,2.220941471845338383e-02,3.334568207304154930e-01,-1.828854467215586949e-02,6.014989757062872561e-02,1.000000000000000000e+00,2.919617211646519661e-01,7.407751103947448623e-01,5.409927653523137481e-02,1.466186092781048278e-01,1.844094234231008766e-01,2.066781505471989300e-01,1.448851390686739238e-01,1.077086607974092614e-01,4.892815690212479196e-01,5.907137529095058959e-01,-7.613248648334344781e-02,2.236214910439269510e-01,3.497369545135719515e-01,1.744348770182818364e-01,-3.231423222009539419e-03,5.464554144213727011e-02,1.841698867572301446e-01,3.409877265529449586e-01,1.290475420918527072e-01,8.756958105451333185e-02,5.373027487572083066e-02,-1.254152736324214319e-02,-8.734799968793503788e-02,1.588223710629783902e-02,-8.545886409704155084e-02,-6.594978982438950976e-02,-1.380995965696870942e-01,-8.548348146011727766e-03,4.221836330936573622e-02,-1.709250526107094215e-01,1.473854493508652552e-01,-2.317201753564925373e-02,2.008685907640664001e-02,2.612354264175422713e-01,1.198273871491091214e-01,3.692786962205856227e-01,4.672954659794396892e-02,1.219736340741335995e-01,1.009586614901314683e-01,1.437273886296401848e-01,6.229746717122766099e-03,-1.420969423980791152e-02,1.029842713876601562e-01,3.349336290920941206e-01,-8.118733945755060577e-02,1.731087026077035851e-01,1.137206261512280908e-01,1.583203736712773257e-01,1.206937346870598331e-02,1.486655601889865230e-01,1.207214541175524597e-01
2.198315354563321056e-01,-1.809054570900613390e-01,4.846520173878549054e-01,-1.034385751800983300e-01,1.555444107178567681e-01,-8.784690550183762991e-02,4.533514632284261769e-01,2.368958400717482427e-01,2.209703508937602978e-01,-9.374266860748306507e-02,2.960375209256257967e-01,-9.596975467821237948e-02,2.375490530147187640e-01,5.582252565678277323e-01,9.896963320508654627e-02,8.032477175692499805e-02,2.919617211646519661e-01,1.000000000000000000e+00,4.370311166434342476e-01,-1.370700406349979195e-01,3.341879025827974165e-02,1.054784464819990969e-01,-7.117170665365583904e-02,4.490834132959288516e-02,1.550594074670749167e-01,3.161441763805675764e-01,3.753528514097981272e-01,-2.224061010584087728e-01,9.199497724257885145e-02,-1.529315480758644541e-02,2.413177859373569767e-01,8.382217683976490863e-02,-6.213450745923650848e-02,-1.248350560371708912e-01,5.059268434107520862e-02,-2.046883441657998126e-01,-3.970362090456333592e-02,-1.038280974937101087e-01,2.534496941139150611e-02,-1.327532460749225873e-01,7.690360874615892461e-02,-7.136891302941912596e-02,2.163592455716879370e-03,-1.117254423598392499e-01,-9.548541934169038625e-02,-1.062932945656387823e-01,6.719033474719481036e-02,1.576471683358059706e-01,1.048583954315090126e-02,2.280840102188722712e-02,-2.070191140101801108e-01,3.074319925826745070e-01,-8.898888233437146633e-02,-1.554871602661103691e-01,2.657689027043414268e-02,-9.368699373070227265e-02,-1.197711853418700623e-01,-1.307194718035749881e-01,-3.127824759764041840e-02,-3.711371319442174216e-02,-2.792040059439531569e-02,-2.369717397370637024e-01,3.103018727679133018e-02,-1.748908310081296325e-01,1.001589377300506900e-01,4.346279323142753642e-02,2.908594498163774578e-02,-1.698327309492104198e-01
4.793370496341183840e-01,4.909584238503014904e-03,4.358624881061160528e-01,4.104690209946295493e-02,1.027803045637135232e-01,-2.927840818692549214e-03,2.808792327119528642e-01,2.151723909275007895e-01,5.627201439930658300e-02,-5.552776351908803032e-02,3.364495940308767086e-01,6.079084013626145228e-02,1.462004050457678950e-01,4.591383238361922414e-01,5.102383852537543257e-02,9.785507224683377692e-02,7.407751103947448623e-01,4.370311166434342476e-01,1.000000000000000000e+00,2.487855639045742726e-03,1.752921369076477776e-01,1.017542303856703578e-01,1.856067097619229223e-01,6.406078263736980638e-02,1.301816904534905672e-01,3.174835400324299561e-01,5.161284272526214245e-01,-5.573044323523199811e-02,2.609207673910272085e-01,2.227821161927178717e-01,2.670154814685115618e-01,6.398406721797993135e-02,-1.456100227052914940e-02,6.973242266864207450e-02,2.870442811036071906e-01,-3.120400417681772585e-03,-1.243505723485642273e-03,4.044367617778824031e-02,-1.603887424504102030e-03,-9.057953522685742442e-03,2.016154810016130769e-02,-6.653973847166622102e-02,-3.081238327619986381e-02,-1.736993422288826694e-02,-4.974810364763924964e-02,6.436927690094207399e-02,-5.151059398413264379e-02,1.439707436310649624e-01,1.482825965329370721e-02,3.474052437779393682e-02,3.276793979004683638e-02,1.677495449484613099e-01,2.346908174624261767e-01,-1.475345817317028595e-03,1.596280965389792750e-01,-1.133534297671575167e-02,1.035125260867949260e-01,-3.901083031010725566e-02,-5.380631830918629344e-02,-3.929929121368301581e-02,1.702556899517181643e-01,-4.987809951285684246e-02,1.246015074871066469e-01,-1.887300551000535955e-03,1.110398056371444397e-01,2.317250277226123173e-02,7.550740239807969545e-02,5.939959604682591189e-03
-6.920825698868259945e-04,2.284610731561430574e-01,9.476946593649700212e-02,6.858765518299734243e-01,1.228713321146731631e-02,3.139800764698981728e-01,1.446752852696163716e-01,1.825577841052284378e-01,5.124244589080623191e-02,4.311848160460196033e-01,6.527799268006188871e-02,7.668254913966005004e-01,-9.778893699987943611e-02,-9.184907241446028936e-02,1.843291094091911164e-01,-5.541283362948328656e-02,5.409927653523137481e-02,-1.370700406349979195e-01,2.487855639045742726e-03,1.000000000000000000e+00,-8.589667858844543535e-02,1.891630571192739751e-01,4.039827252402757723e-02,3.007244673362896581e-01,6.667930781196719503e-02,-1.539918809423715396e-02,9.861186310050962245e-02,3.833129012156997750e-01,-3.591557659645734646e-02,9.051376897550741929e-02,-1.168050166294362507e-01,1.159340679452063559e-02,1.874809732181272059e-01,1.577413998399625206e-01,1.050320059214052831e-02,3.028127579253530044e-01,2.680238977457921612e-01,6.836346822916079535e-01,7.043669981279898629e-02,2.714453915046780019e-01,2.253149500686295881e-01,2.137155970619613043e-01,1.978696794681056303e-01,4.046011135504460343e-01,2.972224115222295571e-01,6.423578360963501099e-01,-5.161672752506403505e-02,5.984502892727022044e-02,2.387564602788325718e-01,-3.539293285985296161e-02,2.195079600818670151e-01,1.610648924719901287e-02,1.543800436316783986e-01,9.448519445405149098e-01,-9.860782432162640276e-02,2.804712427437947575e-01,6.415121983577391773e-02,3.759409877601940231e-01,1.135624701795700658e-01,1.371028865205749236e-01,2.112367273960058800e-01,3.318547752394062633e-01,1.496708107243523676e-02,1.613086620223286860e-01,-9.821562790225748379e-03,2.313439425218289172e-02,2.790319574563349114e-01,2.254319161052945608e-01
2.072422811688513777e-01,1.846546255839204287e-01,9.450283647977886919e-03,2.896755863984654122e-01,5.520240566073367217e-02,2.128883869912463478e-01,8.431822270019080287e-03,1.751806716814051923e-01,-1.118566499146028854e-02,1.355018471949368253e-01,5.557467512745395410e-02,1.861214944315609521e-01,1.036203453050485029e-01,1.536161981036268664e-01,1.536752322042403765e-03,5.713679707112663264e-01,1.466186092781048278e-01,3.341879025827974165e-02,1.752921369076477776e-01,-8.589667858844543535e-02,1.000000000000000000e+00,5.322021609658116048e-02,8.156828536665803320e-01,-2.100988210371958556e-02,-1.942231174763187768e-02,1.939044727995817979e-02,2.756177839509306726e-01,2.579558693449957585e-01,3.927731414678255484e-01,3.965832582763348935e-01,3.043703114176945709e-02,1.131191234691117514e-01,1.876675143867402307e-01,4.558849401512357069e-01,2.082292034014728288e-01,1.677834432686835797e-01,2.104522973558236362e-03,2.846802478414259818e-01,8.749601682728447641e-03,2.487812582029128028e-01,8.821950917920183544e-02,1.508138596435097400e-01,7.903232803168358262e-04,2.486874074107035537e-01,6.660073598934056205e-02,2.749350639659777773e-01,9.996420501011690773e-02,1.274566980534667382e-01,1.067608683183574741e-01,6.483837086838449837e-01,1.839632845367835112e-01,8.124306045435068790e-02,7.333976202116758436e-02,-1.164076247270996733e-01,8.674223275005542577e-01,1.216902080339571229e-01,7.802548459032918604e-01,5.871361802797265411e-02,-5.472752030715490046e-02,9.153406449689145685e-02,3.417392816293801650e-01,2.799651236447327496e-01,4.235663432905728554e-01,3.964097349305025775e-01,9.821735001544097676e-02,1.260280852047411249e-01,2.456870388635626623e-01,3.946061215688919099e-01
1.792248079014523154e-01,1.914215385979168571e-01,3.293270370676585901e-01,2.242086664483507741e-01,1.145569970867793552e-01,-1.517194557454405041e-02,3.813458997836017272e-01,1.001391481848424581e-01,4.398741398077810616e-01,-8.259017855898094160e-03,1.113564848143509395e-01,1.971862036090163139e-01,5.061081151071025047e-02,2.691011613876298503e-01,1.314198884502537634e-01,3.433596712754998707e-04,1.844094234231008766e-01,1.054784464819990969e-01,1.017542303856703578e-01,1.891630571192739751e-01,5.322021609658116048e-02,1.000000000000000000e+00,2.684349405806845182e-02,5.614152337386608682e-01,3.198918519886084777e-01,4.413629777278318955e-01,4.152434709559215120e-01,-3.078899983747739391e-02,2.015774423918235136e-01,1.844946905359344524e-01,-2.196226919117731657e-02,3.695843748305988746e-02,2.552504792955105350e-01,1.856827540877374894e-01,1.461909399170221724e-01,1.702324892763223685e-01,1.905064678368632303e-01,2.399362147618131491e-01,4.774801755236260381e-02,-3.643676538053437081e-02,2.763641049845457220e-01,-2.085368261801315206e-03,3.794615319259475594e-01,-2.995608103888781210e-02,1.319746135055490932e-01,1.550496729647454774e-01,-7.984872367917839053e-03,2.295297951867168174e-01,1.419743836187803698e-01,2.117159103454771193e-02,1.033349834527011735e-01,4.517403078002663747e-02,8.888470874341192207e-02,1.859358634626245843e-01,4.455738781576747132e-02,5.412176451997420257e-01,-4.446707536201370027e-03,4.552523166456918791e-01,2.809293378265599328e-01,3.414349289611329774e-01,2.966656502324152012e-01,-6.822453184391123748e-02,2.335363208851468364e-01,1.188714719145079202e-01,8.974976397276307472e-02,3.155111369633736146e-02,3.360563249700476707e-01,2.376982786231514322e-01
1.046909022370927089e-01,2.800295035178081982e-01,1.277931364166094534e-02,3.627993329267512057e-01,2.011801273691025613e-02,3.423563791421935787e-01,-3.759718932214656251e-02,2.742938153508435173e-01,-1.326368084647419343e-01,1.910332907275826553e-01,1.281350171718602104e-01,2.803023456179619122e-01,2.832456165167480597e-02,1.282621096727563220e-02,3.737280083151191951e-02,5.407145935866394248e-01,2.066781505471989300e-01,-7.117170665365583904e-02,1.856067097619229223e-01,4.039827252402757723e-02,8.156828536665803320e-01,2.684349405806845182e-02,1.000000000000000000e+00,-5.214304085017552187e-02,-9.390302657671605047e-02,4.500984302497972045e-02,2.643351472356110787e-01,4.779795593092852624e-01,2.964300261171060047e-01,5.331933841713061284e-01,-6.563905436764315426e-02,4.720563368576932012e-02,1.743037996487152574e-01,5.275736103909904884e-01,1.222886756616145959e-01,2.755630289026745339e-01,9.637658604336389601e-02,3.654283310529198303e-01,-1.123721735907415309e-02,3.669497328069158404e-01,9.115895121214336039e-02,2.710870357327583302e-01,-6.949155770177747882e-02,3.359361799926082748e-01,1.906631157571074264e-01,3.728489026733141642e-01,3.306049060292045455e-02,3.831652686980714650e-02,9.234930094507204368e-02,6.621661020587704671e-01,3.496755994677747670e-01,9.116667873595914531e-03,1.416957739014580719e-01,1.361693580649737251e-02,7.140346188167341346e-01,1.348284815203779907e-01,8.729622894605704175e-01,8.164616410360252263e-02,-6.763040905313891238e-02,1.336244665893659145e-01,3.810321853950638937e-01,4.791886385032065321e-01,3.278413321082114251e-01,5.219150841279455166e-01,5.266763311792366925e-02,6.478596645153460176e-02,2.366842279101675772e-01,4.271043007645440315e-01
