1.000000000000000000e+00,5.704839776492681702e-02,5.597416633153271537e-01,1.335190637671365421e-01,-2.536562441383656552e-02,4.655974569658176132e-01,4.295222791615555535e-01,4.056484118744733136e-01,3.037523846912492526e-02,4.364689770342895514e-01,1.298310640587959086e-01,1.911364019840165185e-01,1.149514925903060009e-01,5.669018807760014544e-01,-3.934940531251616969e-02,4.534276103158320081e-01,6.392355616625705617e-01,2.752154078500036460e-01,6.553542362381307163e-01,7.373839974097722016e-02,5.291937696719293260e-01,2.003514089609881588e-01,4.893659425725759848e-01,2.959284802264180447e-01,-1.064911759001221370e-01,2.527495022832401683e-01,5.460455772676804376e-01,4.199666364798907425e-01,6.903367685749581817e-01,3.380864887008902531e-01,3.825328621571492671e-01,2.783700741187233318e-01,9.987284445974488334e-02,2.186226086346719499e-01,6.926008386796048688e-01,9.096896703505783291e-03,3.779648895997678726e-01,1.260923613106025298e-01,7.299285182236528446e-02,4.529354216043628423e-01,3.123195241777243503e-01,2.543310183926401069e-01,4.417442285741877278e-02,4.353531187268143698e-01,1.910618882818566552e-02,1.418475477653151073e-01,4.424992929072733838e-02,5.481170484377115848e-01,-1.033017418019497174e-01,4.609939645317526202e-01,1.646535638542509505e-01,1.854849907855540825e-01,3.702011734294159417e-01,5.654387657082083490e-02,5.360214755399119735e-01,1.136977810143217048e-02,4.668710166703269326e-01,1.856604550178124480e-01,-1.022214537291475239e-01,-1.127384645992290414e-02,4.067304171038734761e-01,4.469015584559596910e-01,6.092650473971216174e-01,2.402899412194559603e-01,2.447801918629414764e-01,2.286949479932131601e-01,-3.220805569395389541e-03,1.885069651051110295e-01
5.704839776492681702e-02,1.000000000000000000e+00,1.493684695816327179e-01,3.981072180577387987e-01,5.670026035576488516e-02,8.503563863099961040e-02,1.149215218038983216e-01,9.265874345698493775e-02,1.520850741906381864e-01,1.508706784173947657e-01,2.793200111911479100e-01,3.732543969927881178e-01,6.275330770776878231e-02,4.713569155880668882e-02,6.292526219141089672e-02,2.567535420677710678e-01,2.381057186000251902e-01,-6.274123743584876511e-02,9.602301801041901452e-02,2.929086151403678118e-01,2.321989825171689448e-01,4.906881106679885640e-01,3.030904485817864091e-01,2.714972083655400881e-01,1.904571027959204854e-01,4.237131906982182228e-01,2.406819605491971881e-01,2.674622331438621381e-01,2.778687161099317460e-01,4.485596298763458445e-01,-1.586193465131564284e-01,-8.383503591422925005e-02,3.049160972209565834e-01,4.965760608254012887e-01,2.532959296859267906e-01,5.764810681401600911e-01,1.821785652011676804e-01,4.034769059358733756e-01,-2.677689872634983828e-02,4.920512307442841127e-02,2.137899843006556277e-01,2.160423256258647562e-01,2.285514859910904584e-01,1.254108532207424687e-01,2.284098275117224519e-01,3.996206881110452303e-01,1.266141362493330980e-01,3.138547832947786304e-02,3.793946910024117297e-02,1.679800994720263840e-01,4.231137906782252434e-01,-7.125415054488719313e-02,2.017775701216954487e-01,3.232982975093164901e-01,2.079749888841577743e-01,5.057997960188395092e-01,3.216596005765818278e-01,3.318179746401176966e-01,1.403198971729940348e-01,4.198268768911059823e-01,3.778362868368971839e-01,2.090812622734287418e-01,2.757370199796885246e-01,4.403929485338359262e-01,-6.727066205646813069e-02,-1.170281886500589702e-01,2.867381671573144830e-01,4.945339127140554458e-01
5.597416633153271537e-01,1.493684695816327179e-01,1.000000000000000000e+00,2.206565097538832898e-01,5.371614452220588309e-02,4.475807854758651061e-01,8.320133548872550300e-01,6.881457263940679026e-01,1.144250584529471065e-01,3.593641513029832701e-01,4.315462763622067710e-01,2.929169095323909122e-01,2.699120312829696444e-01,6.901707148232716360e-01,1.114015660544138003e-01,4.130668653695762083e-01,7.459493903703209305e-01,6.274233784166931560e-01,6.863081164277468060e-01,1.597895405458557017e-01,4.375055085905950603e-01,3.880145091066741769e-01,4.931253795949340768e-01,4.816260908255610707e-01,-4.332836137168041141e-02,7.095813028486550600e-01,7.925501083607460195e-01,5.846906062781446201e-01,4.135384722275425307e-01,5.804980144990578017e-01,3.373852465112459620e-01,1.517304526330461589e-01,6.122077663210218068e-02,3.163128767602942371e-01,4.335575731361578922e-01,1.089487699289965750e-01,6.429831487332878792e-01,1.928048800112917849e-01,6.699491755839716289e-02,4.002822573738477052e-01,6.110175330843712338e-01,4.407551343163930158e-01,7.099272032045027270e-02,3.087784059563922767e-01,2.426349334470286612e-01,2.565750015566264364e-01,5.522699232040201994e-02,5.610530559978028631e-01,4.036482073809948001e-02,4.087302480659981696e-01,2.851701009719344593e-01,3.883080141406588526e-01,2.927895462248151781e-01,1.787504800623414547e-01,4.592793685987178187e-01,1.348498547225462363e-01,4.345930308139407394e-01,3.405812978902081345e-01,-7.806122332314427426e-02,2.524815102344055151e-01,5.360004247780404407e-01,5.186255782081085064e-01,3.465840932035622046e-01,3.743245396796566205e-01,2.875046310077147838e-01,7.501893106044009440e-02,1.306073659143303436e-02,2.265278196114946518e-01
1.335190637671365421e-01,3.981072180577387987e-01,2.206565097538832898e-01,1.000000000000000000e+00,7.511261034471068687e-02,3.498845972094786205e-01,2.051096033729665202e-01,1.626575978616040807e-01,1.869837950214794930e-01,3.136168071294274662e-01,1.863377480166832911e-01,8.724827948361252306e-01,8.535165005218564582e-02,5.615937914890181681e-02,8.447676364554340678e-02,2.310275261493627552e-01,2.187233303379582938e-01,-9.679714429835935274e-02,1.708830515554758123e-01,8.019336646060932772e-01,2.722226512703744272e-01,4.094020895865690957e-01,2.967613191952019336e-01,4.347202762497424655e-01,5.651920145082136443e-02,3.203995050305490366e-01,1.326565776071635672e-01,5.526983398907825418e-01,2.931546195367156771e-01,3.918729990933418894e-01,-1.060647986039905816e-01,-4.075814065913375972e-02,3.215329905259097232e-01,3.915423317600252306e-01,3.266609252105983074e-01,4.518900269074310749e-01,2.736208791220007264e-01,9.416567759720155806e-01,1.177478402395684340e-02,2.925694187666070256e-01,3.132157543153314405e-01,3.421184165522198062e-01,3.387703835485800230e-01,2.473805771903350159e-01,2.257987619888145170e-01,8.410024334713060989e-01,1.661020131871019934e-01,1.204342962671780259e-01,9.198409684842570599e-02,2.220903989764340392e-01,3.831349787980221633e-01,-1.123070728184545272e-02,2.738607138626643067e-01,7.799475728542898390e-01,2.298387482229082013e-01,4.469259283168534047e-01,3.697978406111349647e-01,4.786368471344723541e-01,9.919007271807890602e-02,3.644286345975927821e-01,3.451230200409457494e-01,4.977785486326540276e-01,3.108377894865133606e-01,4.409046974415697928e-01,2.108809137893185789e-02,-8.258523860639666037e-02,2.520805345874412851e-01,3.922996885113985699e-01
-2.536562441383656552e-02,5.670026035576488516e-02,5.371614452220588309e-02,7.511261034471068687e-02,1.000000000000000000e+00,8.373593752738833773e-02,9.457011699059880705e-02,1.025330713466962723e-01,1.151114371215925802e-01,2.189836321044256670e-02,8.662923489457877158e-02,7.628416919069590241e-02,9.599649488896067062e-02,6.475981337630484780e-02,1.514691904025457780e-01,1.897497070670393915e-02,-9.521215692640179126e-03,3.683788416728847603e-02,-2.119924074664337674e-02,2.170908569247200284e-02,8.819509310168375041e-03,8.954280211388081223e-02,1.983531532283643387e-02,1.049608692895456080e-01,5.019325350628758842e-02,9.540730102049503614e-02,3.100427516105806053e-02,4.192053871255733283e-02,3.470294135286210169e-02,8.211633770082718553e-02,-1.469194770551100239e-02,7.877155922117633213e-02,4.540233538922722190e-02,4.968980136438005263e-02,-4.147170120102154633e-02,8.350170217737686029e-02,-1.804289848039103417e-02,6.653166316588650375e-02,8.953151636592741880e-02,3.504291523464141828e-02,3.735097420669628715e-02,8.113742031754507533e-02,9.147552841666270473e-02,1.306925292272664157e-02,6.109920679213338979e-02,1.000796915378504570e-01,2.907800147888119427e-02,-3.499664342828811420e-02,1.209392362869839699e-01,7.195181198244603171e-03,2.846708772781835622e-02,-2.552579925495248800e-02,-3.798678536569104897e-02,5.042885786424120692e-02,3.100092560569044347e-03,9.601205800692906578e-02,3.924095888192623977e-02,4.978132063688868458e-02,1.345501027620913531e-02,4.886688285034820889e-02,-1.588724229395625798e-02,2.547984285567084228e-02,-6.912706699245744872e-03,6.765026863539023994e-02,3.916633634853721770e-03,-3.613331971334223652e-02,8.593447584287481830e-03,5.694942720406195868e-02
4.655974569658176132e-01,8.503563863099961040e-02,4.475807854758651061e-01,3.498845972094786205e-01,8.373593752738833773e-02,1.000000000000000000e+00,5.615037302127047214e-01,5.448363894547346709e-01,3.067278132684317926e-01,5.804230030738145585e-01,1.716570306548219904e-01,4.631175913195401117e-01,2.837805583157597678e-01,5.338193554081851477e-01,2.276385076108268513e-01,4.354608837739512017e-01,3.069320962796701080e-01,2.882527777839054006e-01,2.916292340304381669e-01,2.572173460820769142e-01,5.054941388655004308e-01,3.603368468145996539e-01,4.312796488796543093e-01,5.134055690135198580e-01,1.272357405453399815e-01,2.875678864067965912e-01,4.466488977325034915e-01,6.087143954539685486e-01,4.647452923967659300e-01,4.090918810463040622e-01,2.652112967205400573e-01,2.349711601236045277e-01,1.771074157359694978e-01,2.878436628874549430e-01,3.655566819091726760e-01,1.551601075178348776e-01,3.155930184795647797e-01,3.067474497317582149e-01,2.033618220040240843e-01,7.264372535826206789e-01,4.259754307591025468e-01,4.156324225322977628e-01,2.447768877890614259e-01,4.811485061196768553e-01,9.241719915570968669e-02,3.972404377006381604e-01,1.854451813800221116e-01,4.655246512315319163e-01,9.881490745212266613e-02,4.293022936266122636e-01,9.050513147767812183e-02,1.158071766377804374e-01,1.640050390158379612e-01,2.254276073147881698e-01,4.606021837420938292e-01,2.651347346764529878e-01,4.448438818169174747e-01,3.730853052588953833e-01,1.079479396096114652e-01,1.020162629809086147e-01,3.945010972570262564e-01,5.463785521661644884e-01,3.697632207764692813e-01,3.147018398124742933e-01,2.262530716320749480e-01,1.811146469406200443e-01,9.565120401491944424e-02,2.081156970937119988e-01
4.295222791615555535e-01,1.149215218038983216e-01,8.320133548872550300e-01,2.051096033729665202e-01,9.457011699059880705e-02,5.615037302127047214e-01,1.000000000000000000e+00,7.272509344568665046e-01,3.949771703693323310e-01,4.371683471284699696e-01,4.261250163732088203e-01,2.982690637022202829e-01,4.274724491020256423e-01,8.294408201154489513e-01,2.536826525156928858e-01,4.326440890132575712e-01,5.030550569501490710e-01,6.912872924857562662e-01,4.550807104221672450e-01,1.352516583152186536e-01,4.365893734991596054e-01,5.464387057683086635e-01,3.942211653980856045e-01,6.930107756398278251e-01,1.495175237172377547e-01,6.767063970721722832e-01,7.696673678786042361e-01,5.842726151368644594e-01,3.355322027112345173e-01,5.646546044821364463e-01,4.253589443980289597e-01,1.844660629551433673e-01,6.455365329641850336e-02,2.867900487657608077e-01,2.685282023751366931e-01,1.071940324869594674e-01,5.347710584605187556e-01,1.841381427376985458e-01,1.326748737547386037e-01,4.990084425652439037e-01,7.244959662108771958e-01,4.553384755241908222e-01,2.797174366825789793e-01,3.855583424522787128e-01,2.569177700872574133e-01,2.555609772525108125e-01,2.128426178348178099e-01,6.375622133406332326e-01,1.281263527700195748e-01,4.180431368227210953e-01,1.458369075329295217e-01,4.336913108833246877e-01,1.276850699959645730e-01,1.475578028491820182e-01,4.176383093282243775e-01,3.069853569750382039e-01,3.900733330827815259e-01,5.039017431681844794e-01,1.089910397650738910e-01,2.883529018969975821e-01,5.386667136338415540e-01,5.354577033622118787e-01,2.677495321313084209e-01,3.568945634550287904e-01,4.179008520195356957e-01,8.247804084593408913e-02,1.018151359188491575e-02,1.914303162937752711e-01
4.056484118744733136e-01,9.265874345698493775e-02,6.881457263940679026e-01,1.626575978616040807e-01,1.025330713466962723e-01,5.448363894547346709e-01,7.272509344568665046e-01,1.000000000000000000e+00,1.074522420518688043e-01,3.634462005857486688e-01,4.110009751430304115e-01,2.302866694316319518e-01,2.953520397216980453e-01,6.754844588080997081e-01,1.133133459857154912e-01,4.059212347200749638e-01,5.359328607735854844e-01,6.465958256618885569e-01,5.102122631194326852e-01,8.851507276319470208e-02,4.359748479487792205e-01,3.747518098890793015e-01,4.610187812785985773e-01,3.399410308874795672e-01,1.823951818032952662e-03,5.590959609309534839e-01,5.815341851943404139e-01,5.640074770084341216e-01,3.137284149945170908e-01,5.984225500921123153e-01,2.709526799173563316e-01,2.104116045760247300e-01,6.030143881281498086e-02,3.037566419743765178e-01,2.494359903197790052e-01,9.619551385148709943e-02,3.464464137285202527e-01,1.757424734980184700e-01,1.443481590447162621e-01,4.394940279098129010e-01,4.481273244213348494e-01,5.190645207066237887e-01,-1.206792388880810647e-02,3.088010750881502453e-01,1.927784993732646057e-01,2.137101798564152444e-01,3.402534517636185418e-02,4.347408999977755428e-01,1.106840347889229310e-02,3.958726278377769359e-01,1.830721870270678453e-01,3.085652882352785675e-01,1.506523534358174821e-01,1.060980440478299508e-01,4.290544511806863581e-01,1.586758681372980317e-01,4.220761811731453261e-01,1.698351204342821164e-01,-7.798205505056191034e-02,1.369517820271570763e-01,3.085135425050787861e-01,5.068999634944233446e-01,2.593693417893536690e-01,4.002138967040195783e-01,2.351654509347113897e-01,8.367472066168686606e-02,5.288384470726412850e-02,2.350172255770013874e-01
3.037523846912492526e-02,1.520850741906381864e-01,1.144250584529471065e-01,1.869837950214794930e-01,1.151114371215925802e-01,3.067278132684317926e-01,3.949771703693323310e-01,1.074522420518688043e-01,1.000000000000000000e+00,2.084392589476739555e-01,1.578386802390759069e-01,2.562317107929005244e-01,4.280948343393788380e-01,3.262481590326685166e-01,4.312780301901820712e-01,1.347363990184086979e-01,-1.257955999548240333e-01,1.138168001107346117e-01,-1.020791343605820106e-01,1.925668594432636271e-01,1.417746323652586682e-01,4.961394674077888589e-01,-1.748195052905752653e-02,6.906302085921837142e-01,5.206095886453880883e-01,1.711194600604907523e-01,2.629343560834427884e-01,1.194867973348129470e-01,1.562862008798513724e-01,5.713095263283653885e-02,1.769410035301682005e-01,4.757543493628695053e-02,1.392688238696076497e-01,1.599467432384631960e-01,-2.790308743407388103e-02,2.097071870106332891e-01,1.496817684765720975e-02,1.374530722260956239e-01,9.691982912734316280e-02,2.803243300358334578e-01,2.460329326592727295e-01,3.127570002747211142e-02,6.513878055148987212e-01,1.689275579637293523e-01,7.113322639933082614e-02,2.233604841948498565e-01,4.369500461304852146e-01,1.739521446337447541e-01,2.759019868266369691e-01,7.105585785258988762e-02,-1.152587934924840102e-01,-5.240920328618894897e-02,-1.108513325030707625e-01,1.703139407964647245e-01,7.584330091173664690e-02,4.136641341252980664e-01,2.813240098472571601e-02,4.767927090998433370e-01,4.904799426335030854e-01,1.452643777913675271e-01,2.266386126946197122e-01,6.941247781793938310e-02,8.571418844718145524e-02,1.072292524667421134e-03,1.763647516877631383e-01,3.722408114874480034e-02,1.297690416897663290e-01,9.471531121811313514e-02
4.364689770342895514e-01,1.508706784173947657e-01,3.593641513029832701e-01,3.136168071294274662e-01,2.189836321044256670e-02,5.804230030738145585e-01,4.371683471284699696e-01,3.634462005857486688e-01,2.084392589476739555e-01,1.000000000000000000e+00,1.407590205502018965e-01,4.668817066761098977e-01,1.895106859472494298e-01,4.069122645473448596e-01,8.056921024250977836e-02,3.644321895512627751e-01,3.281607021405639202e-01,2.448420469891995910e-01,3.336344713207083923e-01,4.013820031977534675e-01,4.102086212104005813e-01,3.345631915529614919e-01,3.176654544506458122e-01,3.608234554121679816e-01,5.965446013857683694e-02,3.078293516037101663e-01,3.186055857559486060e-01,3.951090891632369484e-01,3.864831425026921674e-01,2.949198257658912081e-01,1.921852042711920672e-01,1.740774832577444142e-01,2.018471126712572672e-01,2.420979940908643269e-01,3.809121616105178298e-01,1.902284835805437280e-01,3.134154738800385975e-01,3.181780059246737125e-01,8.945004663121762511e-02,4.903504138537872481e-01,4.043525543304794523e-01,3.686956513531252644e-01,2.177628859952514817e-01,9.175631771864928288e-01,1.476186129735879149e-01,3.750394237728442715e-01,1.904786966499424361e-01,4.424970316968885875e-01,3.765975771458221488e-02,3.257801649189447368e-01,1.831309155816300271e-01,1.612256715940955376e-01,2.144105300026594996e-01,3.945109629088925929e-01,4.265990766809679702e-01,2.829604610354761740e-01,3.900443441779073428e-01,3.187927789916797927e-01,8.503626777073905463e-02,1.863982901395052627e-01,3.486501911058676462e-01,4.343787670331779038e-01,4.234483062234213335e-01,2.799467046469058529e-01,2.531639863076031727e-01,5.615576376698376559e-02,1.466137738331634854e-01,2.423525538092375087e-01
1.298310640587959086e-01,2.793200111911479100e-01,4.315462763622067710e-01,1.863377480166832911e-01,8.662923489457877158e-02,1.716570306548219904e-01,4.261250163732088203e-01,4.110009751430304115e-01,1.578386802390759069e-01,1.407590205502018965e-01,1.000000000000000000e+00,2.172168934407142649e-01,2.818692046650574379e-01,3.433757977047438570e-01,1.724679469741081939e-01,1.405317038652757200e-01,4.205930264049424494e-01,4.448601029455730993e-01,4.160568606586197982e-01,1.722392506503004073e-01,1.181886554850968135e-01,3.829142431660028101e-01,1.469188509932361775e-01,2.482601324148842603e-01,1.560054404390520677e-01,5.757068867596764061e-01,3.847697689085518014e-01,2.279149768996910908e-01,1.720243841514749183e-01,3.874688718427273804e-01,6.491666610108542956e-02,2.818542005595475741e-02,1.002327016373079360e-01,3.319351601219031611e-01,1.339356404730385475e-01,2.838185155584144748e-01,2.620324332343817453e-01,1.872591424699733553e-01,6.159619654925895665e-02,9.842429307190216081e-02,2.831695256556223117e-01,2.401621252577042787e-01,8.613168126242992662e-02,1.276015179484172590e-01,4.358834244911199418e-01,2.057107994034009235e-01,1.175988656892888035e-01,2.074276776698147084e-01,7.019085725659839070e-02,1.126683041284791548e-01,2.794684072550299159e-01,2.704481084969828641e-01,2.531389136090096970e-01,1.949772686259487742e-01,1.191797549738321388e-01,2.219425679943503316e-01,1.279920401379734951e-01,1.309823394022750220e-01,9.222612651516311211e-02,3.172651659879406338e-01,2.291894996454755806e-01,1.620734810154155769e-01,1.679536309738633992e-01,2.604010024609618723e-01,1.204314786613706750e-01,-4.947479386929218986e-02,1.462362012504371533e-01,3.031791526477791154e-01
1.911364019840165185e-01,3.732543969927881178e-01,2.929169095323909122e-01,8.724827948361252306e-01,7.628416919069590241e-02,4.631175913195401117e-01,2.982690637022202829e-01,2.302866694316319518e-01,2.562317107929005244e-01,4.668817066761098977e-01,2.172168934407142649e-01,1.000000000000000000e+00,1.423330318820562324e-01,1.638769394630659459e-01,1.509090114579861308e-01,2.655558843658577528e-01,2.733641267343248638e-01,2.314425512376600512e-03,2.378720343043720931e-01,8.712841604095582504e-01,3.108657278640347132e-01,4.392536690293675217e-01,3.054015503616837046e-01,4.911351869111620916e-01,8.802302880900424176e-02,3.369957124449985963e-01,2.093047916939244080e-01,5.762532579081969253e-01,3.407309629527160433e-01,4.065947844199533923e-01,-2.511577968578056555e-02,-2.020345125897822849e-02,3.695841229784276316e-01,4.200291360684881847e-01,3.337079562587334514e-01,4.268555026250758777e-01,3.111948071847766006e-01,8.433241812711020913e-01,3.685221950353074344e-02,3.599766735502784587e-01,3.626675157212321809e-01,3.747751881030421672e-01,3.576738857386605464e-01,3.746119380698250123e-01,2.426224962732679014e-01,9.140958839208626063e-01,1.918412754071185944e-01,1.913654248375134259e-01,1.195746679334133006e-01,2.232458811759653605e-01,3.557301333368277918e-01,1.906091514478577831e-02,3.061597366914520224e-01,8.569312450903794343e-01,2.762726636044030570e-01,4.347560726636865436e-01,3.795431698909024765e-01,4.866348277608610884e-01,1.014410002278398337e-01,3.365457659744418573e-01,3.879346930652446956e-01,5.382055048235997452e-01,3.212536194677930168e-01,4.529615850952776190e-01,5.649433607602261792e-02,-5.811178020725780990e-02,2.866009532363078538e-01,4.027832774801921034e-01
1.149514925903060009e-01,6.275330770776878231e-02,2.699120312829696444e-01,8.535165005218564582e-02,9.599649488896067062e-02,2.837805583157597678e-01,4.274724491020256423e-01,2.953520397216980453e-01,4.280948343393788380e-01,1.895106859472494298e-01,2.818692046650574379e-01,1.423330318820562324e-01,1.000000000000000000e+00,4.412935794128123312e-01,2.871928205395337663e-01,2.334612694787274179e-01,2.591676019680529824e-02,3.236683588734955430e-01,3.722642236406081828e-02,9.043069096935113516e-02,2.354610638076392037e-01,3.424171347051815917e-01,1.154000223242702822e-01,4.410886076022936253e-01,3.827339045319659849e-01,2.039152488052093926e-01,3.580409661647510067e-01,1.538351476890045255e-01,1.573001621430557828e-01,1.247412533025481357e-01,2.676322309040145009e-01,1.352100555546119076e-01,4.837576156658055654e-02,1.345171031195715738e-01,1.242421214967872646e-02,9.564212759627994942e-02,6.217587207945821787e-02,5.176349326108878324e-02,1.213006429171467615e-01,2.686307214019209577e-01,2.132090225536544814e-01,1.060259072174448702e-01,2.599738590653373760e-01,1.367400984415726717e-01,7.262805073529650379e-02,1.044377056778179741e-01,3.635206567980269199e-01,2.622307405266737224e-01,1.623223417917711575e-01,1.892350272978953474e-01,-1.153369904854365108e-01,7.827519060264345740e-02,-1.083256564207025902e-01,5.559511869490047636e-02,2.014161123799097508e-01,2.123416618591748295e-01,1.462108940413146263e-01,2.054192076777939802e-01,3.478225517328391025e-01,2.541834907477990430e-02,1.838658541718905803e-01,1.107305503665067525e-01,9.630463199971425747e-02,3.359963224418460737e-02,1.546211067441701226e-01,9.694930546499821999e-02,5.028765546012125415e-02,5.749510368516674852e-02
5.669018807760014544e-01,4.713569155880668882e-02,6.901707148232716360e-01,5.615937914890181681e-02,6.475981337630484780e-02,5.338193554081851477e-01,8.294408201154489513e-01,6.754844588080997081e-01,3.262481590326685166e-01,4.069122645473448596e-01,3.433757977047438570e-01,1.638769394630659459e-01,4.412935794128123312e-01,1.000000000000000000e+00,1.863173370065380474e-01,4.523368965481067705e-01,4.700324373819901869e-01,6.852575588304358201e-01,4.467825280136200616e-01,2.104933587175134013e-02,5.008539673501262168e-01,4.664092066661779112e-01,3.864285009963028261e-01,5.391376061619095328e-01,1.797386233260686861e-01,4.415169468573711398e-01,7.835832510978389953e-01,3.901325521833782228e-01,4.482479404652505162e-01,4.647591379575651827e-01,6.254204836429633207e-01,2.647601163086991116e-01,1.182757238532423649e-01,2.795578181804925788e-01,2.701898632218951990e-01,4.779876144992552429e-03,2.884888102496049322e-01,4.450568774868039756e-02,2.063852737859275532e-01,4.697256245413798936e-01,4.795938391799313139e-01,2.510338127721080670e-01,1.328969466536490396e-01,3.706027837853654305e-01,9.072625342968880513e-02,1.301198334351641173e-01,1.947276918547387048e-01,6.605357750884189860e-01,4.453736197690753330e-03,4.121015557000616836e-01,-5.376310721723202152e-02,3.715682728267081236e-01,6.927500480170097064e-02,2.652219300936779073e-02,4.828540982121414249e-01,2.290626659888121697e-01,3.932083979864562928e-01,2.714891596798633677e-01,1.017169949053381706e-01,2.458561060201893203e-02,4.576010465826373386e-01,3.810420490385713621e-01,3.137777244825624146e-01,2.290666716122846669e-01,4.437130299251785259e-01,1.853388662499628470e-01,4.573830362367740238e-02,1.633747641823903862e-01
-3.934940531251616969e-02,6.292526219141089672e-02,1.114015660544138003e-01,8.447676364554340678e-02,1.514691904025457780e-01,2.276385076108268513e-01,2.536826525156928858e-01,1.133133459857154912e-01,4.312780301901820712e-01,8.056921024250977836e-02,1.724679469741081939e-01,1.509090114579861308e-01,2.871928205395337663e-01,1.863173370065380474e-01,1.000000000000000000e+00,7.743599661757874508e-02,-6.465663857853110041e-02,9.047925597266429087e-02,-5.769632481058845075e-02,1.153842136999309737e-01,5.138444160215146356e-02,2.473192835621543240e-01,-6.092534368765502306e-02,3.938029903911184348e-01,3.556754185398683932e-01,1.501584891100163355e-01,1.588015997288601822e-01,7.811502796554861683e-02,3.335256653203226562e-02,5.195979050534629134e-02,5.452531765133638436e-02,1.576622845541691617e-02,7.195294787836839512e-02,1.059096947845705045e-01,-1.159343153164097695e-01,9.856857706990602985e-02,1.068777321918419794e-02,4.952135035927938272e-02,8.217843003495803322e-02,1.258723909397964080e-01,1.328300664548521526e-01,1.201240776740168485e-02,3.134137120564761125e-01,5.249442960305242961e-02,7.590605243077988562e-02,1.101699348603439599e-01,2.631169264397063001e-01,7.069456855833776421e-02,2.161536162767760672e-01,1.634507819335625708e-02,-7.793547488010030277e-02,-7.004977086214139899e-03,-4.897963924196220564e-02,9.449245999110446326e-02,1.255807303189691859e-02,1.849017676533545873e-01,-4.904618014927383807e-02,2.395595451913580531e-01,3.107805739287977098e-01,8.873480884148841896e-02,1.014753051352087349e-01,-1.215099244527559743e-03,-6.371821651459178004e-02,-2.814713640419390026e-02,8.338160506312082554e-02,-3.275877716051186724e-04,7.376192740153439398e-02,4.115771767104133699e-02
4.534276103158320081e-01,2.567535420677710678e-01,4.130668653695762083e-01,2.310275261493627552e-01,1.897497070670393915e-02,4.354608837739512017e-01,4.326440890132575712e-01,4.059212347200749638e-01,1.347363990184086979e-01,3.644321895512627751e-01,1.405317038652757200e-01,2.655558843658577528e-01,2.334612694787274179e-01,4.523368965481067705e-01,7.743599661757874508e-02,1.000000000000000000e+00,3.565845149950439552e-01,2.443620060580877495e-01,3.010455630250137848e-01,7.927416914360718714e-02,8.023954954984320320e-01,4.818751673111238421e-01,7.517997976350323519e-01,3.920184540490477820e-01,2.612322273134896899e-02,3.502869898321340214e-01,5.185199177122949976e-01,6.138774265696058663e-01,5.160732532875251799e-01,5.629186646316820530e-01,2.231473475563686415e-01,1.425776047532847091e-01,2.197844255612644293e-01,4.358556565722062626e-01,4.897020354490307370e-01,2.281067658109356411e-01,3.157607253852771079e-01,2.579642993275171325e-01,7.785962545446599437e-02,4.478912442248236259e-01,3.704400026030862381e-01,3.496580479714580525e-01,1.261059943964015773e-01,3.259087168068501295e-01,6.435055909324620405e-02,2.359614113312468453e-01,1.231897335572281760e-01,3.646893951148341140e-01,-1.475652500526620191e-02,7.926624548806265880e-01,2.691467728528099679e-01,1.075341646960403380e-01,2.028107621113166281e-01,7.274917801444823195e-02,7.489602382981325190e-01,3.583009424279660071e-01,7.457840338612593545e-01,3.269538418451304884e-01,1.816703608607931481e-02,1.646140182996313761e-01,4.991524369192037458e-01,5.836953303694628614e-01,4.580285336388950634e-01,4.801070636588182783e-01,1.781120633079115445e-01,5.587318860260927916e-02,1.239250399626997123e-01,3.551686212798209619e-01
6.392355616625705617e-01,2.381057186000251902e-01,7.459493903703209305e-01,2.187233303379582938e-01,-9.521215692640179126e-03,3.069320962796701080e-01,5.030550569501490710e-01,5.359328607735854844e-01,-1.257955999548240333e-01,3.281607021405639202e-01,4.205930264049424494e-01,2.733641267343248638e-01,2.591676019680529824e-02,4.700324373819901869e-01,-6.465663857853110041e-02,3.565845149950439552e-01,1.000000000000000000e+00,4.192487860743221995e-01,8.401052543837380648e-01,1.667543121020473584e-01,3.902048158292084068e-01,2.855817196101741451e-01,5.057574290902476788e-01,1.810231981701243553e-01,-2.072227577724865821e-01,6.349284362065709120e-01,6.183148242322216159e-01,4.808552256556707372e-01,4.871633781079282022e-01,5.886460167115814546e-01,1.476506288883652762e-01,1.373102689367067253e-01,1.011169349649930632e-01,3.920182079996996083e-01,6.104539640435513448e-01,1.962394077374893242e-01,5.395186686640635054e-01,2.265969997407232817e-01,1.727787915393820886e-02,2.672566381732856544e-01,4.126359032579917097e-01,3.908190547775784451e-01,-8.557040034945347096e-02,3.280529861215658038e-01,2.470229900633371389e-01,2.446796846037910811e-01,-5.508576508244314440e-02,4.586378748216668466e-01,-7.349412372288760542e-02,3.621736840897969434e-01,4.799046399981429789e-01,3.159420525991924467e-01,5.412957713575790031e-01,1.947040854037279389e-01,4.267854799181013403e-01,1.039481466044603480e-01,4.307939724760050937e-01,1.355546280464812736e-01,-2.286641426570973634e-01,2.566782607932165949e-01,4.747155363049618826e-01,4.461843597620184232e-01,4.923448676294606696e-01,4.433329687718287060e-01,1.469702797003789585e-01,9.554892122495046991e-02,5.054187952783935345e-02,3.603385518933908682e-01
2.752154078500036460e-01,-6.274123743584876511e-02,6.274233784166931560e-01,-9.679714429835935274e-02,3.683788416728847603e-02,2.882527777839054006e-01,6.912872924857562662e-01,6.465958256618885569e-01,1.138168001107346117e-01,2.448420469891995910e-01,4.448601029455730993e-01,2.314425512376600512e-03,3.236683588734955430e-01,6.852575588304358201e-01,9.047925597266429087e-02,2.443620060580877495e-01,4.192487860743221995e-01,1.000000000000000000e+00,4.682636990840757796e-01,-6.991397693171522154e-02,2.518289896994632682e-01,2.021052238783588029e-01,2.242720267662410560e-01,2.187295067954883321e-01,5.986282158270084426e-03,4.851406295313906436e-01,6.102471626007271999e-01,2.195745487865899404e-01,9.773106265530921710e-02,2.890567880443359883e-01,4.115583852804893805e-01,1.774039389313286363e-01,-7.030571312027229791e-02,9.221746297327922115e-02,4.806138351682404108e-02,-1.119858314134270505e-01,2.388255634950676998e-01,-9.949298157751230998e-02,1.320112731213934909e-01,2.459962898308607482e-01,3.135683665554838129e-01,1.902156348312737388e-01,-1.097427945326945736e-01,2.246351554340778878e-01,1.636476618130580929e-01,-3.181252695046682399e-02,4.027688161719910655e-03,3.835214966896180466e-01,2.872609115984314961e-03,2.326400946565000682e-01,-6.710594628682858831e-02,4.269098008911041964e-01,-4.379130364585067520e-02,-5.694546305047967077e-02,2.787561900302297224e-01,-6.243434177170378158e-02,1.894376888807524084e-01,-1.944911600706090288e-02,-8.735055637848035404e-02,-2.261172078304933553e-02,1.946105119543021511e-01,2.022999391148228021e-01,7.126245354062947512e-02,6.572449176092524936e-02,2.980496395473068438e-01,1.112926486804484139e-01,-1.038298254649122794e-02,8.277719141205557019e-03
6.553542362381307163e-01,9.602301801041901452e-02,6.863081164277468060e-01,1.708830515554758123e-01,-2.119924074664337674e-02,2.916292340304381669e-01,4.550807104221672450e-01,5.102122631194326852e-01,-1.020791343605820106e-01,3.336344713207083923e-01,4.160568606586197982e-01,2.378720343043720931e-01,3.722642236406081828e-02,4.467825280136200616e-01,-5.769632481058845075e-02,3.010455630250137848e-01,8.401052543837380648e-01,4.682636990840757796e-01,1.000000000000000000e+00,1.959270333528947139e-01,3.436330739302018711e-01,1.662885531903691150e-01,3.770112829747969685e-01,1.565605826363842268e-01,-2.034564157527490591e-01,4.783668385894678798e-01,5.190374404164583844e-01,3.710438943470484308e-01,4.622532868713351561e-01,3.978040277472969510e-01,2.152623181901260618e-01,1.708432045075806982e-01,5.093851159921064520e-02,2.618923826619966588e-01,5.605449033583060903e-01,4.462076236965911713e-02,4.527194880989034442e-01,1.745202513359471186e-01,2.458274393529761778e-02,2.329309080794296771e-01,2.946154072269152602e-01,2.910561899691399002e-01,-1.110554182078694468e-01,3.274829201890001040e-01,2.399023323119549855e-01,1.919852562170503429e-01,-7.780767907812304041e-02,4.022607782736952187e-01,-5.822763701588824087e-02,3.111723216318778018e-01,3.340567440226487328e-01,3.128470161536998639e-01,5.392763980523038736e-01,2.106066988128997008e-01,3.941914583657185056e-01,-6.878500521086070019e-02,3.175814327967475537e-01,4.908538115539445162e-02,-2.495544444451494037e-01,7.845361571096667874e-02,2.971151718177605372e-01,3.582503645935934955e-01,4.549895993222625168e-01,2.626218659114517573e-01,1.539765084845178822e-01,1.136846714247603113e-01,2.423803650332497298e-02,2.361536653243610784e-01
7.373839974097722016e-02,2.929086151403678118e-01,1.597895405458557017e-01,8.019336646060932772e-01,2.170908569247200284e-02,2.572173460820769142e-01,1.352516583152186536e-01,8.851507276319470208e-02,1.925668594432636271e-01,4.013820031977534675e-01,1.722392506503004073e-01,8.712841604095582504e-01,9.043069096935113516e-02,2.104933587175134013e-02,1.153842136999309737e-01,7.927416914360718714e-02,1.667543121020473584e-01,-6.991397693171522154e-02,1.959270333528947139e-01,1.000000000000000000e+00,1.167156983187493113e-01,3.045519589629603896e-01,1.032146235390344335e-01,3.582427042749221635e-01,9.298079831867137046e-02,1.872975178553107634e-01,4.983337051415521329e-02,3.651861188121828805e-01,1.725735217955160494e-01,1.851002186340840461e-01,-6.052606273752086929e-02,-4.469064217610030365e-02,3.136745095218391732e-01,2.951805317899209857e-01,2.081901643522427181e-01,3.317153102873021120e-01,1.818213586119638292e-01,7.781380016680580214e-01,2.854360771807963951e-02,1.695513694647785286e-01,1.836200416771773258e-01,2.031602585981322207e-01,2.819248550630295003e-01,3.208419197486148677e-01,1.707816065078398560e-01,7.885976655727315876e-01,1.548103312141800303e-01,4.925562058739899052e-02,9.092466775940881429e-02,3.342313892085123361e-02,2.319053437072157720e-01,-4.095824329953483278e-02,2.453436592623920443e-01,9.404348441654064583e-01,1.040017921261764122e-01,2.822855362577356697e-01,1.860031386835024059e-01,3.444446858867725725e-01,8.972066044930207540e-02,2.115180473380900150e-01,2.102563942713435163e-01,3.365511669083174895e-01,1.583853104081366647e-01,2.410114741091811674e-01,-6.303544225011367512e-03,-7.954378249168407577e-02,2.684575991807253703e-01,2.733615572221442802e-01
5.291937696719293260e-01,2.321989825171689448e-01,4.375055085905950603e-01,2.722226512703744272e-01,8.819509310168375041e-03,5.054941388655004308e-01,4.365893734991596054e-01,4.359748479487792205e-01,1.417746323652586682e-01,4.102086212104005813e-01,1.181886554850968135e-01,3.108657278640347132e-01,2.354610638076392037e-01,5.008539673501262168e-01,5.138444160215146356e-02,8.023954954984320320e-01,3.902048158292084068e-01,2.518289896994632682e-01,3.436330739302018711e-01,1.167156983187493113e-01,1.000000000000000000e+00,4.358278224467871387e-01,8.339335580904879697e-01,3.615632566148165861e-01,1.374666526518131954e-02,2.997601367635249203e-01,5.306581976465368777e-01,6.341411763694060344e-01,6.441044582391920459e-01,5.910885833320905780e-01,2.392498371580469296e-01,1.863028838450696834e-01,3.133381130940975368e-01,5.084934628421335923e-01,5.234540247812412561e-01,2.346611869038021936e-01,2.863154863401216055e-01,2.908674373424646742e-01,1.035674316822934177e-01,5.197199675501850136e-01,3.414026253483009588e-01,3.626494063165568993e-01,1.354611844502089935e-01,3.687423368134517543e-01,3.806743714626169284e-02,2.944612113808410814e-01,1.308846547317670528e-01,4.236298920420927261e-01,-3.449464828756304557e-02,7.671867977211223044e-01,2.221977487912971949e-01,9.462401469074184501e-02,1.956210610457572718e-01,1.102866602904677557e-01,9.129129095456697263e-01,3.515359632653773936e-01,8.598390244806998206e-01,2.864234814473000656e-01,3.050689870791151170e-02,1.143620521595565404e-01,5.019926458014152271e-01,6.232887854571315112e-01,5.645887118956551820e-01,5.024291358894611426e-01,2.409932263848458545e-01,1.139715119021514067e-01,2.124264486791638817e-01,4.040622685892342747e-01
2.003514089609881588e-01,4.906881106679885640e-01,3.880145091066741769e-01,4.094020895865690957e-01,8.954280211388081223e-02,3.603368468145996539e-01,5.464387057683086635e-01,3.747518098890793015e-01,4.961394674077888589e-01,3.345631915529614919e-01,3.829142431660028101e-01,4.392536690293675217e-01,3.424171347051815917e-01,4.664092066661779112e-01,2.473192835621543240e-01,4.818751673111238421e-01,2.855817196101741451e-01,2.021052238783588029e-01,1.662885531903691150e-01,3.045519589629603896e-01,4.358278224467871387e-01,1.000000000000000000e+00,4.053722197638980340e-01,6.684831558445192279e-01,3.375710149512824443e-01,5.743893284559568047e-01,4.963423683822641430e-01,4.840043912993978736e-01,3.811558533272148552e-01,6.158124767409017819e-01,1.312153510487472641e-01,1.002588656258194232e-02,3.283184707307092443e-01,5.546766681420391976e-01,2.728547633954311324e-01,5.012173743717450725e-01,2.948943472232704588e-01,4.206990161769006975e-01,5.525425146654582703e-02,2.962485989524606400e-01,5.115256159888458276e-01,3.261905937344630191e-01,4.895291551267090258e-01,2.851680087751950476e-01,2.962473914876405101e-01,4.478581243081071195e-01,3.043405752179256241e-01,3.242148624337360951e-01,1.447787199165842253e-01,3.708674580852529545e-01,3.370153543270704155e-01,1.391647376107698342e-01,1.844225824701709593e-01,3.332211237826526729e-01,3.597089924978786324e-01,7.286385792934148009e-01,4.152986965636872307e-01,6.086546440793848545e-01,3.305841640086360500e-01,4.878121196522178793e-01,5.592939250000561469e-01,4.083919096825326944e-01,3.258101529385648565e-01,5.109295372450144423e-01,2.146302010349288580e-01,-8.749840152815857586e-02,2.355457582880746137e-01,4.792433486607439175e-01
4.893659425725759848e-01,3.030904485817864091e-01,4.931253795949340768e-01,2.967613191952019336e-01,1.983531532283643387e-02,4.312796488796543093e-01,3.942211653980856045e-01,4.610187812785985773e-01,-1.748195052905752653e-02,3.176654544506458122e-01,1.469188509932361775e-01,3.054015503616837046e-01,1.154000223242702822e-01,3.864285009963028261e-01,-6.092534368765502306e-02,7.517997976350323519e-01,5.057574290902476788e-01,2.242720267662410560e-01,3.770112829747969685e-01,1.032146235390344335e-01,8.339335580904879697e-01,4.053722197638980340e-01,1.000000000000000000e+00,2.514920772493832168e-01,-1.446002523561555342e-01,4.022577650318738818e-01,5.430845033896239960e-01,7.222512983490968486e-01,6.111685139999404326e-01,7.340545519830795618e-01,9.639572051026519539e-02,1.416815758320369156e-01,2.497818100621059245e-01,5.415913660025516441e-01,6.036302363427896722e-01,3.119409175411830271e-01,3.759818293945859091e-01,3.273810803885645604e-01,6.535037165499374412e-02,4.609216808116329833e-01,3.671359522715912371e-01,4.680486096079051750e-01,1.958937948160918013e-02,2.956763986470962169e-01,7.821440138702938361e-02,2.935097361206907007e-01,9.638654134978420773e-03,3.494915534218765996e-01,-9.376176093245838783e-02,7.274409356336970500e-01,4.082965182892877576e-01,9.700720695409137395e-02,2.488404634780119751e-01,1.073206155421645575e-01,8.028439450780195941e-01,3.705587754353296681e-01,9.206709769802637888e-01,2.475644738109200604e-01,-1.271603265640481040e-01,2.155788406467623874e-01,5.570369729483223287e-01,6.844416525034074938e-01,5.616678906536561877e-01,6.542225036952701300e-01,1.343445524041669559e-01,6.421896850464656192e-02,1.695090882300438195e-01,4.611786948241660689e-01
