1.000000000000000000e+00 1.752493440962310800e-01 5.441967994585359403e-01 3.022960828704608360e-01 1.141487834972030324e-01 4.447910784255772465e-01 4.421941087641848012e-01 3.486353661565400053e-01 2.935198356778822015e-01 2.348061665338597170e-01 2.533553076798971682e-01 3.145295609763507638e-01 2.609974629538682755e-01 8.029766015165757942e-01 2.219439309108020841e-01 3.887739588942146218e-01 3.754154252592969421e-01 3.685742016548871902e-01 3.376979124190966353e-01 2.369541643688429511e-01 5.185021739554389608e-01 3.001668078700395759e-01 4.444502122959478885e-01 3.676541802384418745e-01 2.067534898108996932e-01 2.586200429069631657e-01 5.511639005826903803e-01 2.229264148971062121e-01 8.238368981405178593e-01 3.664885802734192954e-01 3.281806733454301073e-01 2.979505142935756634e-01 3.902360624030206671e-01 2.557111916514399064e-01 5.454010260141892719e-01 1.494430500578748378e-01 1.963568343688939233e-01 3.137930000729471924e-01 1.046668275405422954e-01 3.744195417972659423e-01 2.688415639081260800e-01 3.695814307521875230e-01 2.165775107644785091e-01 2.276550033158316333e-01 9.539016563459828957e-02 2.896763640984099664e-01 1.466678677659192520e-01 5.694334365163740141e-01 1.730639101542173486e-01 3.615487499637614066e-01 6.612091043163274839e-02 2.151238432459211813e-01 1.607747639496527325e-01 1.062137065742688874e-01 5.116033729030720067e-01 2.520220866646508129e-01 3.512251451902286825e-01 1.896650852252571018e-01 7.861331297588093625e-02 6.733526723473753917e-02 3.467078947360007213e-01 2.143053636485930391e-01 5.660443297815711539e-01 1.119238424371441082e-01 1.863123812329884610e-01 2.713636784448817396e-01 3.066736282185127949e-01 2.535519237037071605e-01
1.752493440962310800e-01 1.000000000000000000e+00 2.121313124150568108e-01 3.485114566653736423e-01 6.733293116963910696e-02 3.126705682595604663e-01 1.379372466885015469e-01 1.456170445757610510e-01 7.512346375825323941e-02 3.034265260622469040e-01 1.587535689767770042e-01 3.419202477300432585e-01 -6.823148389783686985e-02 1.431699874583824278e-02 9.271639133815456901e-02 1.808941112981750921e-01 2.719260218205212798e-01 -8.888220049200357131e-02 1.572435688649519159e-01 3.404739696972262086e-01 2.975411351775765767e-01 3.432318340787298139e-01 3.692265113909315444e-01 2.765018642239392976e-01 5.320066947331407448e-02 3.230954422972202034e-01 3.131117954777229428e-01 4.333625363476187875e-01 2.245465361342530441e-01 4.275094066523424940e-01 -6.998135454256305954e-02 6.676035788605894084e-02 2.369787060873349005e-01 3.930854893002164729e-01 2.374090614356225148e-01 3.854004241914560369e-01 1.019879449197245574e-01 3.485111640180961756e-01 9.409370986790058233e-02 2.879569901220185857e-01 1.257609722383094542e-01 2.427754033553800872e-01 1.089507479668198608e-01 1.979429938962380675e-01 1.517460151746452268e-01 3.478756551754123572e-01 -4.847346252626438812e-02 1.132711322756390221e-01 1.352703292162807380e-01 2.945593718150543716e-01 3.093698164585833577e-01 -6.807930043308206558e-02 3.245765659761269406e-01 2.511050432615878902e-01 3.279356640618040775e-01 3.389474190006986909e-01 3.956223699134139293e-01 3.119426857081518678e-01 6.882466836802926535e-02 2.074873079967073375e-01 3.385381776901473794e-01 3.873734101271106844e-01 2.470037711979495010e-01 4.677976709328429683e-01 -9.653397237832653244e-02 4.657837183359944677e-02 2.138052376436611890e-01 4.676584800595547931e-01
5.441967994585359403e-01 2.121313124150568108e-01 1.000000000000000000e+00 2.013918013138916163e-01 8.736293349975088329e-02 3.741532465668061525e-01 9.245263471028090096e-01 7.127772281907267526e-01 2.439245542255412680e-01 2.057264447834310506e-01 3.385368015864312352e-01 2.710357756470678225e-01 1.690943036980036840e-01 6.336036760919873112e-01 2.086039224182401342e-01 1.412406236981630925e-01 7.181165536598083099e-01 4.787037331189212819e-01 5.589863706808531063e-01 2.620247417497206799e-01 2.111159486715646905e-01 4.030271550725628704e-01 3.213458075533995317e-01 5.591924206716982759e-01 1.134189218683291367e-01 6.979730313134435704e-01 8.411051341502474576e-01 3.467372276324512947e-01 3.385669865177750038e-01 7.313820671017043917e-01 2.986993897984439039e-01 1.166248983308559445e-01 1.966821299495108977e-01 1.947172722660707733e-01 4.073664761383056776e-01 1.875129970888256836e-01 5.640313824025433576e-01 2.277863544559053377e-01 9.413107147284424658e-02 3.019942642226624008e-01 5.503951430582143534e-01 4.770777229915361684e-01 2.167791522912966840e-01 1.890975357314231275e-01 2.041537240609188342e-01 2.315135307003125531e-01 7.302855379794551127e-02 5.102664548606139494e-01 1.834880370643994230e-01 1.898386496403661194e-01 2.492505873308161757e-01 3.508970897311034509e-01 3.495590764612488410e-01 1.706831361419547388e-01 2.074882726045749193e-01 2.693982774368450794e-01 2.438091537972680301e-01 3.539906180860354912e-01 1.724669295189205920e-02 3.385181359514291000e-01 4.651074071258824993e-01 2.289402158501592233e-01 1.822351864447405712e-01 3.059221427236169522e-01 1.186625380729232904e-01 7.008055147613709290e-02 1.796462218865231830e-01 1.919409106566136169e-01
3.022960828704608360e-01 3.485114566653736423e-01 2.013918013138916163e-01 1.000000000000000000e+00 7.719069263877317844e-02 6.802396531018981563e-01 2.205517572729822073e-01 2.114166934181568314e-01 1.534170586698041516e-01 6.635638685004286996e-01 9.614144141910566099e-02 1.215888880162476093e+00 -4.692446078519968422e-02 8.049539857703227885e-02 1.707257214565040260e-01 3.388453483581639336e-01 1.728411736299226842e-01 -1.096273010758548466e-01 8.432226199028297620e-02 1.236849339914810386e+00 4.522210656947514007e-01 3.246446082825205082e-01 4.393083177780816584e-01 3.839399288104715091e-01 5.377508695335242450e-02 2.679097641172481503e-01 1.923154566053684733e-01 6.861296607623545984e-01 3.574392484075498699e-01 3.338793642891892954e-01 -7.640584312360040875e-02 9.350516126047571375e-02 3.519176198078353135e-01 3.518018247166814771e-01 3.019081978731864013e-01 3.168547143288857337e-01 1.571854587175876006e-01 1.379448018028104572e+00 9.209480153847904305e-02 6.045329078354898522e-01 2.377372138810274205e-01 3.650152108271149110e-01 2.297368766139436524e-01 4.820534814373502730e-01 1.044077160174071567e-01 1.273397998273208431e+00 1.176178702047309815e-02 2.091419487895396501e-01 2.556570011658271802e-01 4.369592091132825096e-01 2.563621014189322866e-01 -5.994002426819049212e-02 2.260757558992290139e-01 9.334639269316122867e-01 5.069273712948162425e-01 3.408930042510638359e-01 5.245939163631017088e-01 4.217925614643517895e-01 4.651691072931257026e-02 1.939847246704653472e-01 2.629533786669281392e-01 7.002262953986876370e-01 3.709767151397805884e-01 3.933758097555318245e-01 -5.345088425032051838e-02 8.586808195095761709e-02 3.226124625547598934e-01 4.218285536960793558e-01
1.141487834972030324e-01 6.733293116963910696e-02 8.736293349975088329e-02 7.719069263877317844e-02 1.000000000000000000e+00 1.301731443467394889e-01 9.497864691352524147e-02 1.011469553139118377e-01 4.296365859882352034e-02 7.599295416988799401e-02 6.376347243828731082e-02 8.232607253155922733e-02 4.771646298450563095e-02 1.298188110103143389e-01 9.478902270629990801e-02 8.923942383649972887e-02 7.097292789358186638e-02 7.162075720634636378e-02 5.907121488723292291e-02 7.215197138963191925e-02 1.152005503557309574e-01 7.606360529588476749e-02 1.038684533598072252e-01 1.011199552798228846e-01 7.037152760282101849e-02 9.854080467397619003e-02 1.336551229121905326e-01 8.801068687669645618e-02 9.539247404174693024e-02 9.768643839624542580e-02 3.922415596393549753e-02 1.407744089857884684e-01 9.430489431731500782e-02 7.295786326793993193e-02 6.726850350236387999e-02 4.587414795838129500e-02 5.626325981478005889e-02 7.578091464086017526e-02 1.754311754002060852e-02 1.231355591809902283e-01 8.611061557092364316e-02 1.220060591569630815e-01 6.480743730733071195e-02 5.401099112917703143e-02 8.542531733702130037e-02 7.547656910267662445e-02 4.691760522172516018e-02 1.112061685990010235e-01 5.383005096944307871e-02 8.280114389138160114e-02 2.938179098804058476e-02 6.561488084977594448e-02 6.263120352210671538e-02 2.870730567663899030e-02 1.169749822883516255e-01 7.232112083211524045e-02 1.098494131284875330e-01 6.811242027187308645e-02 -5.004846862370335159e-03 4.770311003249295273e-02 6.939200584254316684e-02 7.924302133179388086e-02 1.004686518776550241e-01 6.805218524012197900e-02 5.442462032248131243e-02 6.559652618275661762e-02 7.677307709926146917e-02 8.400775139598920527e-02
4.447910784255772465e-01 3.126705682595604663e-01 3.741532465668061525e-01 6.802396531018981563e-01 1.301731443467394889e-01 1.000000000000000000e+00 4.396574147166196767e-01 5.167565901867692268e-01 1.791583344289827406e-01 7.460223498268553355e-01 2.019208167166521295e-01 7.768667030512590443e-01 3.641045578542469185e-02 2.813423123991541375e-01 2.540245972443541111e-01 3.383533017586994318e-01 2.750421417296897153e-01 4.285145618934806111e-02 2.246349740503972292e-01 6.667899622091570944e-01 4.287617116944478779e-01 3.568667937974908666e-01 4.602684887237640243e-01 4.304256133927376604e-01 6.938302812480040549e-02 3.403259562386087289e-01 3.138280321892538138e-01 8.057967216281756162e-01 4.179352661827017701e-01 4.805743712067281903e-01 4.304217635221427307e-02 1.625258481988909598e-01 3.546855328268912477e-01 3.622234666970096661e-01 3.111577077929406632e-01 2.653191842134723921e-01 2.161746596464591552e-01 7.085703034665042921e-01 1.071105180605329554e-01 8.737783506124638944e-01 3.336856067064439824e-01 5.754598517326483531e-01 2.043899309338858550e-01 5.292579435201865135e-01 1.433456110899712643e-01 7.800980453326270547e-01 3.569911726082918013e-02 2.867668284514621191e-01 2.704878452359307794e-01 4.167553099019012386e-01 2.825777429403439345e-01 2.962862011397388029e-02 3.144032586736405510e-01 4.543736659889378582e-01 4.460271012056591933e-01 3.205967833537459732e-01 4.827470340826744422e-01 3.959888928076220616e-01 -2.259316976039853903e-03 1.649742920922168399e-01 2.739614340487885880e-01 7.733512387383479902e-01 3.724733294442518772e-01 4.127109780417881901e-01 7.253806326379362568e-04 1.185346321875374309e-01 2.973186149223910890e-01 4.071455306739238389e-01
4.421941087641848012e-01 1.379372466885015469e-01 9.245263471028090096e-01 2.205517572729822073e-01 9.497864691352524147e-02 4.396574147166196767e-01 1.000000000000000000e+00 7.641166292608316812e-01 4.586357526740270085e-01 2.649779234284825868e-01 3.261126234804729851e-01 2.953392540540570321e-01 3.337366935573616855e-01 7.913346789135058401e-01 2.917095183387949930e-01 1.108065509255364567e-01 3.575429570605482832e-01 4.341500428068706396e-01 2.438953635138646492e-01 2.902644115855230744e-01 1.561833772606817661e-01 5.079701672203101870e-01 1.854420617118960335e-01 8.939532685013971136e-01 3.115816650037275259e-01 6.372994954203317075e-01 7.235415775868261345e-01 3.874398016658018862e-01 2.292285486988935583e-01 5.633984923538293277e-01 4.116146072038553427e-01 1.594383447610481508e-01 1.763646551176381583e-01 1.344007102446098667e-01 2.350784613576386017e-01 1.397033522400092376e-01 5.477328155808189880e-01 2.849698584975912663e-01 9.480621851623206864e-02 3.610842226666345911e-01 8.727203294001220080e-01 4.890526697247968846e-01 4.572801806660807822e-01 2.320577376578332185e-01 2.161632451402462074e-01 2.743926019021616924e-01 2.671394041017047805e-01 5.941588119465154305e-01 2.693986558470588544e-01 1.487464480004669631e-01 -5.298154920387304796e-03 3.111447602037270554e-01 6.495076717597733640e-02 2.070595821438677986e-01 1.483172529729163136e-01 3.629400754989869915e-01 1.168071848948758068e-01 6.123129064276545686e-01 1.495135020848912533e-01 3.468611710932423819e-01 4.452697804332066411e-01 2.528923597435858706e-01 9.025336449473787825e-02 1.704262223360706874e-01 2.255508077556165891e-01 1.098611741645414697e-01 1.932610623208321499e-01 1.285171260714203512e-01
3.486353661565400053e-01 1.456170445757610510e-01 7.127772281907267526e-01 2.114166934181568314e-01 1.011469553139118377e-01 5.167565901867692268e-01 7.641166292608316812e-01 1.000000000000000000e+00 1.450821391679777972e-01 2.407585684636430190e-01 2.927358865031528534e-01 2.586488066489874837e-01 8.180171879072582752e-02 5.958985056335506236e-01 1.687908399801639203e-01 1.699585858763263957e-01 5.221287929076610101e-01 4.497030205783637546e-01 4.770737652968031206e-01 2.375328047339780313e-01 2.235979462550188868e-01 3.200977057148945426e-01 2.898822680997243384e-01 3.351104432556651358e-01 2.012631924699206237e-02 5.150313413423670550e-01 5.303418619846977933e-01 4.299489590059517030e-01 2.396914315787638527e-01 7.738687874320195892e-01 1.795447056416688003e-01 1.526378742363463381e-01 1.806038294089556406e-01 2.287693607351296843e-01 1.959651298527740892e-01 7.500379221162969956e-02 3.383924164006163471e-01 2.418186857034008708e-01 9.399689692792465023e-02 3.769435788039032231e-01 3.971360419784394913e-01 5.653282131934833643e-01 7.382382766166215027e-02 1.905092721803844369e-01 1.640986209886761693e-01 2.582396857637160315e-01 3.643749091677662977e-02 3.364631293517687527e-01 1.458699678517426934e-01 1.972646388771551740e-01 2.489203667531438013e-01 2.451465095169388375e-01 3.491137728931727469e-01 1.784658695876802370e-01 1.970195974481473433e-01 2.211029136023609509e-01 2.241981733300810187e-01 1.754883190313125119e-01 -1.051351213105725935e-01 1.968862113790988411e-01 2.171454520266959953e-01 3.287422578985642607e-01 1.099741367362920691e-01 3.513113140438685056e-01 3.574885687759415953e-02 3.889016357722080430e-02 1.191606816484491738e-01 1.915477595194036986e-01
2.935198356778822015e-01 7.512346375825323941e-02 2.439245542255412680e-01 1.534170586698041516e-01 4.296365859882352034e-02 1.791583344289827406e-01 4.586357526740270085e-01 1.450821391679777972e-01 1.000000000000000000e+00 1.671311332816621809e-01 1.173219877903281805e-01 1.738751303139159377e-01 3.591620895031878979e-01 3.544378774680150279e-01 2.686717846789726805e-01 1.383796717937308407e-01 -2.617199892180858967e-02 7.068647577562262030e-02 -8.169629565603163390e-02 1.321392243581999693e-01 1.895437819617792341e-01 3.254093894084955085e-01 1.336011550558326710e-01 6.461038350869827696e-01 3.809844408968781071e-01 1.813701921027950914e-01 3.285425794236083719e-01 1.052187793638207913e-01 2.226752816241936717e-01 7.649286692933457421e-02 3.555506272106742638e-01 1.264496500641774657e-01 1.565606320641290128e-01 9.460757497716307252e-02 1.758466263748504899e-01 1.180816619722241528e-01 1.546977814740538582e-01 1.843503115905486545e-01 9.888681868115697937e-02 2.017360309562681309e-01 3.684949926643534823e-01 1.577920032351803892e-01 5.081144204920103880e-01 1.824314255939419038e-01 5.941144720645902266e-02 1.445614341272312142e-01 2.941262324622473945e-01 3.637299313360670139e-01 2.174223530781224656e-01 1.617623783365836898e-01 -1.674332013069023406e-01 3.298648152764062369e-02 -1.259978962456458906e-01 8.372958711088178407e-02 1.927109598079271013e-01 2.662079213149339263e-01 1.055169691609971067e-01 4.630120592130376744e-01 2.958445649840498182e-01 8.926055627287342309e-02 2.914936014245862461e-01 4.823798236317231730e-02 2.172903129555991963e-01 -5.265119423690704098e-02 2.359819174985688384e-01 1.846734577664824184e-01 2.253349744674780220e-01 1.009281038376173556e-01
2.348061665338597170e-01 3.034265260622469040e-01 2.057264447834310506e-01 6.635638685004286996e-01 7.599295416988799401e-02 7.460223498268553355e-01 2.649779234284825868e-01 2.407585684636430190e-01 1.671311332816621809e-01 1.000000000000000000e+00 1.694406353032508750e-01 7.023960550537403646e-01 -6.653342349020592572e-02 4.453751930663560343e-02 1.269771933384425400e-01 2.595872642719381229e-01 1.802456083594666802e-01 -8.450625204268749635e-02 1.032950437357234297e-01 6.713466846062954296e-01 3.563271642680931328e-01 3.345390305865963976e-01 3.867552825779161374e-01 3.621571528409011642e-01 6.772626901125772259e-02 2.957576316544388573e-01 1.837094007062445855e-01 6.853410576853632419e-01 2.629556666057672465e-01 3.531588648797907570e-01 -6.206555595754070093e-02 5.870547700499476745e-02 2.813212923372080398e-01 3.224256639862952412e-01 2.882173145928512703e-01 3.161095595404283531e-01 1.875448381229908867e-01 6.742225930828331659e-01 9.518990626328753535e-02 7.682295939032609544e-01 3.124076356973177759e-01 4.681466324924898337e-01 2.300379869107338493e-01 1.275305851011957481e+00 1.502839460030621355e-01 7.239387118268232335e-01 -1.363580995312179724e-02 2.229046277766201511e-01 2.230681121744783335e-01 3.959543270256115077e-01 3.108309031420015689e-01 -1.274672958018507191e-02 2.906152446452629490e-01 4.677233873719975898e-01 3.827102288751405013e-01 3.385428589302604263e-01 4.805126756015765110e-01 3.921787674866706319e-01 8.337023407530373686e-02 2.506884605138043343e-01 3.039977961120584049e-01 7.255001039972572840e-01 2.843772656872927129e-01 4.423913024862193843e-01 -4.579687148334854463e-02 5.901464282046637450e-02 2.958661442709487055e-01 3.948383168351977113e-01
2.533553076798971682e-01 1.587535689767770042e-01 3.385368015864312352e-01 9.614144141910566099e-02 6.376347243828731082e-02 2.019208167166521295e-01 3.261126234804729851e-01 2.927358865031528534e-01 1.173219877903281805e-01 1.694406353032508750e-01 1.000000000000000000e+00 1.246597052886341400e-01 2.074964615170427074e-01 3.045857577929744764e-01 1.046617747427257966e-01 1.026527263577420718e-01 3.407813921540894242e-01 3.319790424069219426e-01 3.266877069029928693e-01 1.282490508008496399e-01 9.457731355714617261e-02 2.668050292489765329e-01 1.467561061795554789e-01 2.137034181979793612e-01 2.091506188008027123e-01 4.423607406074065995e-01 3.789573604925867700e-01 1.462305943868059954e-01 2.248174511549252963e-01 3.071683095857932200e-01 1.050538538714872322e-01 1.142666650469133238e-01 1.270983789396691599e-01 2.052877599865574609e-01 2.333582681551656934e-01 1.860554770729782037e-01 1.709814847364779511e-01 1.207929320865242934e-01 9.178561323924688820e-02 1.353707071529033634e-01 2.098661061023558427e-01 1.996938693824162336e-01 1.162009440734717153e-01 1.602105220015366815e-01 3.082137172477232845e-01 1.038188642542946377e-01 1.177772878097285147e-01 2.556906537364104226e-01 2.481350636569892854e-02 1.333660506253223355e-01 1.536332389419104438e-01 2.339748338506737468e-01 2.067099478542016033e-01 6.948118709582778996e-02 1.218817625157345153e-01 1.995991904590815325e-01 1.343387864182995495e-01 1.534631886142482637e-01 1.224426029625816925e-01 2.300017793487669771e-01 2.572720001016942093e-01 1.106367775045731250e-01 1.408601610878440769e-01 1.576538377337173558e-01 4.492826988288176060e-02 4.971425507725224513e-02 1.167875133513380792e-01 2.003816567328570164e-01
3.145295609763507638e-01 3.419202477300432585e-01 2.710357756470678225e-01 1.215888880162476093e+00 8.232607253155922733e-02 7.768667030512590443e-01 2.953392540540570321e-01 2.586488066489874837e-01 1.738751303139159377e-01 7.023960550537403646e-01 1.246597052886341400e-01 1.000000000000000000e+00 -2.752634045463194998e-02 9.825450856382846043e-02 2.093562047446858310e-01 2.982738975462538855e-01 1.999361037293107823e-01 -1.013620163290586684e-01 1.002697464765833490e-01 1.230857724109008844e+00 3.935611689170879224e-01 3.374132405434323023e-01 4.261878717050946452e-01 4.394487180367588897e-01 7.267875334310047730e-02 2.860451339371595791e-01 2.204393670543804418e-01 7.650974996948358697e-01 3.366343848507884484e-01 3.670110248456397439e-01 -4.882804733119927576e-02 7.958078462732358360e-02 3.394122406945365711e-01 3.508266386729184672e-01 3.034105019023684013e-01 3.186582162474257962e-01 2.135768075982196201e-01 1.191470559267375329e+00 8.777799643708081301e-02 6.798929943251955654e-01 2.968892059342448375e-01 4.184648261878045616e-01 2.616756080345908342e-01 4.844892417192268597e-01 1.397091513841441646e-01 1.276647965542398566e+00 3.919534969532896540e-02 2.319600101021006833e-01 2.867904336817482802e-01 4.159970685165909066e-01 2.708662038196825717e-01 -2.305577381290893277e-02 2.446752929229819573e-01 9.012746365822974504e-01 4.333177781396936878e-01 3.454547102222637056e-01 4.900147971129110713e-01 4.775123741872417948e-01 5.419061466138184319e-02 2.044656196010640192e-01 2.997657717062249816e-01 7.536024683010581482e-01 3.296649249046261776e-01 4.090303008558693332e-01 -3.930090876250309784e-02 7.660145174405808000e-02 3.159105041616545595e-01 4.287209785498915515e-01
2.609974629538682755e-01 -6.823148389783686985e-02 1.690943036980036840e-01 -4.692446078519968422e-02 4.771646298450563095e-02 3.641045578542469185e-02 3.337366935573616855e-01 8.180171879072582752e-02 3.591620895031878979e-01 -6.653342349020592572e-02 2.074964615170427074e-01 -2.752634045463194998e-02 1.000000000000000000e+00 4.978362537997235715e-01 1.556360008131616179e-01 1.205106815445676494e-01 -5.897264084679738894e-02 2.535698326796315683e-01 -7.217800063078030903e-02 -2.479315759466083763e-02 8.319476773731793173e-02 1.568749184963259546e-01 2.556144518684495826e-02 2.933985716257916376e-01 4.961472821778720732e-01 1.006352805034922970e-01 3.274572241862304112e-01 -1.368824551113554111e-01 1.470393442939890438e-01 -9.020272496370548843e-02 4.220561909293295555e-01 2.068195201192571941e-01 7.073875100669355098e-02 -3.317358594496369606e-02 5.885846136236752568e-02 -1.813590961963387066e-02 5.748808901784523140e-02 -2.030415284670126358e-02 4.630822977555650033e-02 2.487295279581699242e-02 2.012732582877540810e-01 3.170395646265892348e-02 3.315988759001771147e-01 3.102923724095849045e-02 4.901953200304962066e-02 -4.639300526181947687e-02 3.691041298439646234e-01 2.969283855829427110e-01 1.089534874201209813e-01 3.364686206043475403e-02 -3.479002216631789102e-01 1.190622457324101158e-01 -2.572890982753044398e-01 -4.378984859116255568e-02 8.938197517064486175e-02 8.292685769890220659e-02 -3.470898394677771059e-02 1.578002450532169365e-01 2.505788615459166868e-01 -3.216077232649252465e-02 1.748447488345494794e-01 -1.336654006302518127e-01 9.442942650015477557e-02 -2.912963426245016030e-01 3.372718190780066294e-01 1.644622455569541564e-01 9.856559834573486167e-02 -4.531688937397879147e-02
8.029766015165757942e-01 1.431699874583824278e-02 6.336036760919873112e-01 8.049539857703227885e-02 1.298188110103143389e-01 2.813423123991541375e-01 7.913346789135058401e-01 5.958985056335506236e-01 3.544378774680150279e-01 4.453751930663560343e-02 3.045857577929744764e-01 9.825450856382846043e-02 4.978362537997235715e-01 1.000000000000000000e+00 2.130453916623450961e-01 2.311631719169031374e-01 3.664288875871847817e-01 7.570305077840868702e-01 3.116121446014570306e-01 7.617832504140022165e-02 2.928571038206749799e-01 3.177128225121087501e-01 2.510079964370704464e-01 3.784976828332487497e-01 3.761772295559440149e-01 3.812016679285292753e-01 7.796713483189827709e-01 2.472920611268582258e-02 4.711855455105756763e-01 3.447070061714441191e-01 5.237008836152855507e-01 3.524746591815857144e-01 2.175205149538121940e-01 9.495721178280563946e-02 2.915692117329999888e-01 3.149666544154676451e-02 2.719371425675960463e-01 1.127228511148194029e-01 9.679446581836885499e-02 2.112641578988832258e-01 4.159210721184725679e-01 3.678538707835045107e-01 2.604805651210166939e-01 1.035340346127950617e-01 1.097021037094655371e-01 7.551843865502928799e-02 2.738157188072756210e-01 6.619266387305392518e-01 1.312242718112582307e-01 1.662792295892592254e-01 -1.435544427118646271e-01 3.850087804341641995e-01 1.421852393211601832e-02 5.372671776517334678e-03 2.819350585586831714e-01 2.001916607260487424e-01 1.333473405235174047e-01 1.242608332076230448e-01 1.311550985388078017e-01 8.859610208562579414e-02 3.671643705560322934e-01 -1.069233137264217343e-02 2.541363336048866328e-01 -5.831660868454743157e-02 3.117737969427166744e-01 2.394903874986276660e-01 1.889657540323015361e-01 7.275950350679620537e-02
2.219439309108020841e-01 9.271639133815456901e-02 2.086039224182401342e-01 1.707257214565040260e-01 9.478902270629990801e-02 2.540245972443541111e-01 2.917095183387949930e-01 1.687908399801639203e-01 2.686717846789726805e-01 1.269771933384425400e-01 1.046617747427257966e-01 2.093562047446858310e-01 1.556360008131616179e-01 2.130453916623450961e-01 1.000000000000000000e+00 1.607607130522639149e-01 6.226098966989918049e-02 3.602573208868536242e-02 3.830297308403329132e-02 1.551574469661341771e-01 1.895384297996619283e-01 2.112320001717931661e-01 1.773278623407731069e-01 3.442341826154102780e-01 1.835798260504175605e-01 1.562850251049955064e-01 2.299958287407614654e-01 1.757063979917193319e-01 2.187963739030206467e-01 1.322294354717233611e-01 1.144859574269144753e-01 1.169493476220870021e-01 1.849870028341249195e-01 1.607904060499756593e-01 1.747986222539165690e-01 1.124324377887732235e-01 1.606981101440744519e-01 1.876114241891511103e-01 6.226468913742570777e-02 2.089538159768734860e-01 2.600825322780844773e-01 1.841816343710485360e-01 2.644939289500183310e-01 1.017483724752751839e-01 8.880851720249362258e-02 1.992810887580759027e-01 1.635509594394937982e-01 2.265630256171608237e-01 2.019660482014865033e-01 1.697398687918203475e-01 -6.478026562042397442e-03 6.992865452746849231e-02 2.047654009363441760e-02 1.048931091085650996e-01 1.842389197922218724e-01 1.839586812442862984e-01 1.587215229455042342e-01 2.941263063530176747e-01 1.113081898576624984e-01 1.033311064033721610e-01 2.027462160687688031e-01 1.339768582740840097e-01 2.047539349109206430e-01 5.186824620936204833e-02 9.023019328940466710e-02 1.021887825284457374e-01 1.684718944825970566e-01 1.343292974131057860e-01
3.887739588942146218e-01 1.808941112981750921e-01 1.412406236981630925e-01 3.388453483581639336e-01 8.923942383649972887e-02 3.383533017586994318e-01 1.108065509255364567e-01 1.699585858763263957e-01 1.383796717937308407e-01 2.595872642719381229e-01 1.026527263577420718e-01 2.982738975462538855e-01 1.205106815445676494e-01 2.311631719169031374e-01 1.607607130522639149e-01 1.000000000000000000e+00 1.196303994508763902e-01 2.750721711497668837e-02 8.982015891466740842e-02 2.733736384790399487e-01 7.314152677419190063e-01 2.876247350647030965e-01 6.680824293331234509e-01 2.070561620733191166e-01 9.279000124634378954e-02 1.211715139340653613e-01 2.593087043114878920e-01 3.700938796578550072e-01 4.521006542180024956e-01 2.816821589141275672e-01 5.437372627300550432e-02 1.663250680983812679e-01 3.762818271899477374e-01 3.420722043854147465e-01 3.358928071364603585e-01 1.358056646695231795e-01 1.112299629801561107e-01 3.532045804426479085e-01 8.031806745456607222e-02 3.584455384631428654e-01 1.561347543868713272e-01 3.292893660655736854e-01 1.504170863381447398e-01 2.808478410204628961e-01 8.886566307538888709e-02 3.327107857750723485e-01 9.557201837325099425e-02 2.923375442210812136e-01 1.722842605882817235e-01 5.995099248348356724e-01 1.506792822560016898e-01 3.718906920541675126e-02 1.514357921780024319e-01 1.829955795955936493e-01 6.849522488598354109e-01 2.328248558171276961e-01 6.081940739981983590e-01 1.968760297725501984e-01 1.409006838627029426e-02 9.150836123234092068e-02 2.647185120898424282e-01 3.941316177156674039e-01 5.034613821221665120e-01 2.717786466428718795e-01 5.772569754509394163e-02 1.454248265529207718e-01 3.085832946749371142e-01 3.410347946993606549e-01
3.754154252592969421e-01 2.719260218205212798e-01 7.181165536598083099e-01 1.728411736299226842e-01 7.097292789358186638e-02 2.750421417296897153e-01 3.575429570605482832e-01 5.221287929076610101e-01 -2.617199892180858967e-02 1.802456083594666802e-01 3.407813921540894242e-01 1.999361037293107823e-01 -5.897264084679738894e-02 3.664288875871847817e-01 6.226098966989918049e-02 1.196303994508763902e-01 1.000000000000000000e+00 4.532164013694452986e-01 9.651919545650892163e-01 1.948588709261949437e-01 2.128043507815128021e-01 2.688755987694446681e-01 3.724418899171687558e-01 1.414148610314645282e-01 -7.607611961159191361e-02 5.761194415209758279e-01 6.448394688232846894e-01 2.447792592502119891e-01 3.007673371950174146e-01 7.685767547779847053e-01 4.788123481573325346e-02 8.311463713835565148e-02 1.776765173594847536e-01 3.344345919843106918e-01 3.699396875815855190e-01 2.553519149600906868e-01 2.994441655952287951e-01 1.738314823964245692e-01 5.646896984995513485e-02 1.943046763956791934e-01 1.470051901745801359e-01 3.433628453064379027e-01 -8.482587671486084557e-02 1.518370112398444438e-01 2.070063998045524878e-01 1.759303606039819279e-01 -1.349640772329069316e-01 2.685568263610976780e-01 5.585411676872251152e-02 2.180099601673419207e-01 5.023330874914531119e-01 3.571236083131832384e-01 6.708636443116952064e-01 1.464151770186318813e-01 2.001040989525086355e-01 2.166086684033164955e-01 2.938460228658060780e-01 3.257155881680047493e-02 -1.025108047705354380e-01 2.380390167413043989e-01 3.621416259961929285e-01 1.831040863837714305e-01 1.561078752066286657e-01 4.303975348701725712e-01 -5.876511214332588717e-02 -2.374201326882592611e-02 1.312790385215077682e-01 3.003010191978835453e-01
3.685742016548871902e-01 -8.888220049200357131e-02 4.787037331189212819e-01 -1.096273010758548466e-01 7.162075720634636378e-02 4.285145618934806111e-02 4.341500428068706396e-01 4.497030205783637546e-01 7.068647577562262030e-02 -8.450625204268749635e-02 3.319790424069219426e-01 -1.013620163290586684e-01 2.535698326796315683e-01 7.570305077840868702e-01 3.602573208868536242e-02 2.750721711497668837e-02 4.532164013694452986e-01 1.000000000000000000e+00 5.031431623014329668e-01 -9.065028120184751015e-02 2.108021229624311085e-02 1.114119657707997729e-01 1.821454885465699849e-02 1.631302895455347124e-02 1.451931648380670459e-01 3.043465083758883361e-01 4.841368439586575256e-01 -1.651445791246236583e-01 1.671377519524298583e-01 2.364843701118183872e-01 3.398292514944569187e-01 2.156535133260797932e-01 1.851244557901584676e-03 -1.671553928779596909e-02 1.174233611943115430e-01 -6.313686039094457136e-02 1.855783782604983889e-01 -9.300528538906299714e-02 4.303026911037165919e-02 -2.495228776655846262e-02 1.613880424367900301e-01 1.633290805271693236e-01 -2.456557567812319570e-02 3.903365613094147285e-03 1.349774905660189872e-01 -1.205392906217499643e-01 1.095350796400842708e-01 3.437919098184553657e-01 -5.659991764942017348e-03 -3.588455626515105190e-02 -3.337873433126704176e-02 5.474942654954296772e-01 1.210262130613339593e-01 -9.678819064041566111e-02 2.781049036197701801e-03 5.137588340289817382e-03 -7.341538039005099381e-02 -1.860180117106526310e-01 -1.205245137552851675e-04 5.190523936667888749e-02 1.378233326099566891e-01 -1.849835594040266928e-01 -1.905582360866280717e-04 -1.136349483329832238e-01 1.977163097304627248e-01 7.236677190818353866e-02 1.984299085347131925e-02 -6.304497819455609497e-02
3.376979124190966353e-01 1.572435688649519159e-01 5.589863706808531063e-01 8.432226199028297620e-02 5.907121488723292291e-02 2.246349740503972292e-01 2.438953635138646492e-01 4.770737652968031206e-01 -8.169629565603163390e-02 1.032950437357234297e-01 3.266877069029928693e-01 1.002697464765833490e-01 -7.217800063078030903e-02 3.116121446014570306e-01 3.830297308403329132e-02 8.982015891466740842e-02 9.651919545650892163e-01 5.031431623014329668e-01 1.000000000000000000e+00 8.048867389022656971e-02 1.129560335581959868e-01 1.335646458516732138e-01 2.548805581562607614e-01 2.099723842137566146e-02 -1.216118731053456026e-01 3.738305449050540741e-01 4.399674163727599896e-01 1.551838252348549108e-01 2.998783338230704421e-01 5.847316832313246282e-01 6.957503273843845815e-02 9.449180957064866326e-02 1.279503222504373983e-01 2.655270717406951198e-01 3.311399104478952027e-01 1.511239539607679427e-01 1.617087954853362319e-01 7.802105765273997795e-02 3.180380490535705124e-02 1.397646857061819181e-01 3.267145260425302622e-02 2.572008235140526011e-01 -1.584513888810049065e-01 8.535479402893496326e-02 1.629935762931478405e-01 8.664427161705487435e-02 -1.125810856161912621e-01 1.785167277251237250e-01 1.539369421019103241e-02 1.305731124754360706e-01 4.462576070378880821e-01 3.647429702712484678e-01 6.548659517032167088e-01 5.145691500898907922e-02 1.012678666516701048e-01 7.416712732866787006e-02 1.698770784421551328e-01 -1.129313395122394648e-01 -1.574180980003238861e-01 7.934184898445018064e-02 1.676202631088015427e-01 1.018247645433252718e-01 1.373479828355109733e-01 2.681769197376268066e-01 -5.308194717737069190e-02 -9.377637688290470924e-03 5.701165207969175613e-02 2.002959680960431921e-01
2.369541643688429511e-01 3.404739696972262086e-01 2.620247417497206799e-01 1.236849339914810386e+00 7.215197138963191925e-02 6.667899622091570944e-01 2.902644115855230744e-01 2.375328047339780313e-01 1.321392243581999693e-01 6.713466846062954296e-01 1.282490508008496399e-01 1.230857724109008844e+00 -2.479315759466083763e-02 7.617832504140022165e-02 1.551574469661341771e-01 2.733736384790399487e-01 1.948588709261949437e-01 -9.065028120184751015e-02 8.048867389022656971e-02 1.000000000000000000e+00 3.537024084311921612e-01 3.242913310729548804e-01 4.014198056899535572e-01 4.000767160552681223e-01 7.130043397310883990e-02 3.116766307857761764e-01 2.212143256018500315e-01 7.012798159884110483e-01 2.774577165720627514e-01 3.590763284136286315e-01 -7.190938548163633426e-02 7.473007103778052385e-02 3.054384645902927797e-01 3.183200407835021783e-01 2.727168884084582023e-01 3.266426171588260319e-01 2.464422702998334547e-01 1.206102017277283611e+00 7.011726882259190774e-02 5.850805324396366469e-01 3.079714886186447065e-01 3.776595778807061987e-01 2.383282263826067005e-01 4.781792025264556267e-01 1.477457228290065538e-01 1.237752388394679937e+00 2.581651440327967229e-02 2.164998295582763466e-01 2.514686353444520739e-01 3.767728289778750073e-01 2.770236698976369927e-01 -1.022180589818224780e-02 2.268042614262031631e-01 1.055702715972859362e+00 4.009584336475994215e-01 3.338235683851792368e-01 4.801445502568159052e-01 4.589890428990596183e-01 5.569743511987172713e-02 2.538128060032626143e-01 3.156983046028393192e-01 7.075561715587388445e-01 2.685656327551221301e-01 4.091210885308177447e-01 -4.367319628937083725e-02 4.840738944590079057e-02 2.933484395025895974e-01 3.993714437939837603e-01
5.185021739554389608e-01 2.975411351775765767e-01 2.111159486715646905e-01 4.522210656947514007e-01 1.152005503557309574e-01 4.287617116944478779e-01 1.561833772606817661e-01 2.235979462550188868e-01 1.895437819617792341e-01 3.563271642680931328e-01 9.457731355714617261e-02 3.935611689170879224e-01 8.319476773731793173e-02 2.928571038206749799e-01 1.895384297996619283e-01 7.314152677419190063e-01 2.128043507815128021e-01 2.108021229624311085e-02 1.129560335581959868e-01 3.537024084311921612e-01 1.000000000000000000e+00 3.455563657538091582e-01 1.191308136205276424e+00 2.485584465396803999e-01 6.645873387054043735e-02 1.737093037180227340e-01 3.838878614916174659e-01 5.038077046054757480e-01 6.864934777049154224e-01 4.583936927657374927e-01 5.366575561073015643e-02 1.846491439923406142e-01 5.928631313595875696e-01 5.170616772180929299e-01 4.500951252985084805e-01 2.070907860866987305e-01 1.478409570015504770e-01 4.659105816509781506e-01 1.015692752988879011e-01 4.732777363023289996e-01 1.975808746408061201e-01 4.539909394558359068e-01 1.789358006753672958e-01 3.536104141276898982e-01 7.931154535908090109e-02 4.286543032141960641e-01 8.047239124583324688e-02 3.742330235260962201e-01 2.235732457956955965e-01 7.357685609845812102e-01 2.239736994597527064e-01 4.216871660064384214e-02 1.937160985534084334e-01 2.183497140257565639e-01 1.397498786531804260e+00 3.813638374997929681e-01 9.732883592115811888e-01 2.347305400566779277e-01 -8.514713494581022113e-03 1.412515162140007274e-01 3.863494782595934818e-01 5.118350615594563502e-01 7.178789017466344902e-01 4.327429758442599139e-01 3.174695346984291594e-02 1.854060262643524026e-01 4.757896056058184553e-01 5.359970418694388616e-01
3.001668078700395759e-01 3.432318340787298139e-01 4.030271550725628704e-01 3.246446082825205082e-01 7.606360529588476749e-02 3.568667937974908666e-01 5.079701672203101870e-01 3.200977057148945426e-01 3.254093894084955085e-01 3.345390305865963976e-01 2.668050292489765329e-01 3.374132405434323023e-01 1.568749184963259546e-01 3.177128225121087501e-01 2.112320001717931661e-01 2.876247350647030965e-01 2.688755987694446681e-01 1.114119657707997729e-01 1.335646458516732138e-01 3.242913310729548804e-01 3.455563657538091582e-01 1.000000000000000000e+00 3.536193258589427346e-01 5.766761560611163295e-01 2.528436511853555668e-01 5.095274828009781487e-01 5.142032856112909167e-01 3.844261340692666784e-01 3.310855548927614800e-01 4.712189712005946385e-01 1.437313422329010437e-01 1.162161318812033883e-01 2.916871396283861051e-01 3.205699343394561862e-01 3.504569333804531395e-01 3.270597138303585893e-01 2.648259952948535112e-01 3.508282422351016727e-01 1.308324832551761574e-01 3.370686212539531490e-01 4.102260478183180625e-01 3.654477388228396517e-01 3.663661739004276385e-01 2.969474718999958740e-01 2.279568096712057401e-01 3.308155243799608680e-01 1.470865926424083092e-01 3.779498698131657508e-01 1.912505814965722584e-01 3.461067674343373812e-01 1.604321042082756388e-01 9.096374085183776825e-02 2.007777154841061118e-01 2.036557390004783974e-01 3.691211894099580837e-01 4.946353149079385503e-01 3.491936612745488167e-01 5.330429142212635973e-01 2.000288526381895082e-01 3.399089419133362600e-01 4.446572253693734100e-01 3.230866867295184575e-01 3.370425231084298034e-01 3.807962078569236408e-01 4.293574371536482137e-02 1.020166826559321394e-01 3.305862387393211366e-01 4.022163144239698784e-01
4.444502122959478885e-01 3.692265113909315444e-01 3.213458075533995317e-01 4.393083177780816584e-01 1.038684533598072252e-01 4.602684887237640243e-01 1.854420617118960335e-01 2.898822680997243384e-01 1.336011550558326710e-01 3.867552825779161374e-01 1.467561061795554789e-01 4.261878717050946452e-01 2.556144518684495826e-02 2.510079964370704464e-01 1.773278623407731069e-01 6.680824293331234509e-01 3.724418899171687558e-01 1.821454885465699849e-02 2.548805581562607614e-01 4.014198056899535572e-01 1.191308136205276424e+00 3.536193258589427346e-01 1.000000000000000000e+00 2.465468458357773229e-01 3.668964702790358801e-02 2.699777918446989444e-01 4.864708692267990520e-01 6.024650968292768471e-01 6.205459885097306394e-01 6.371264493980837162e-01 1.401071629100650306e-02 1.402329145394612397e-01 5.438507037245080555e-01 5.620830449290721287e-01 4.699211027922658435e-01 2.843227297942279019e-01 2.225857792727237716e-01 4.526712102991272135e-01 1.123346966563427418e-01 5.199495147481665303e-01 2.216650955297358450e-01 5.268135388066476077e-01 1.246569720931851866e-01 3.556031198415907646e-01 1.290325797264223751e-01 4.551626206994345281e-01 4.010903971995620487e-02 3.518823871515074919e-01 2.291160704453455432e-01 7.670835561741822239e-01 3.842187184222591312e-01 6.183033003551329648e-02 3.510765054395725837e-01 2.792862013356893214e-01 1.040198253391158234e+00 3.888336551085838644e-01 1.170620406387170354e+00 2.599018098958318923e-01 -3.705115065915700473e-02 1.940095637175328624e-01 5.056568655984310379e-01 6.165087433791062166e-01 6.658411665149535086e-01 5.841792637217497752e-01 -1.373207304289544503e-02 1.285756814384069191e-01 4.279576451454963903e-01 5.924064117184550948e-01
