1.000000000000000000e+00,2.343228709885500638e-01,4.573894470913123511e-01,1.659457343253809281e-01,-5.924070811858395819e-02,1.562402245466426587e-01,2.885640824786058212e-01,1.607265951967830897e-01,1.637357869689472223e-01,2.193746177054400615e-01,2.965748776470588099e-01,3.091705365608181100e-01,1.477508518946535343e-01,5.395612104898570571e-01,1.733718382190452961e-02,1.930672397976711252e-01,5.666043472729664909e-01,2.605923926493986520e-01,6.568738383098334799e-01,2.514467381184895545e-01,2.470275067031418859e-01,2.424631420881311061e-01,2.228072425808953205e-01,1.975551414913498116e-01,1.579550319184164220e-01,3.321632507344786656e-01,4.526576855407571931e-01,2.105348348175190010e-01,5.562975517928074876e-01,3.769136172883252867e-01,1.965117189413812526e-01,-8.735724519994152171e-02,3.983507351414578013e-01,2.827501860645459941e-01,5.429134972474771725e-01,2.145013050897156548e-01,2.155237096641089423e-01,1.716002239338365321e-01,1.742807221956704788e-02,1.472283535261237064e-01,1.087128773643580432e-01,5.824054801226184741e-02,7.354658471114909613e-02,2.308227298808944450e-01,2.140699023456157091e-01,2.716284690347086639e-01,4.107521755656109996e-02,3.779983911389119822e-01,5.216031732100126495e-02,1.795309960709698394e-01,1.991245457260411023e-01,2.064448903279995917e-01,4.001829985736314321e-01,2.518083308844205614e-01,2.341062255715893325e-01,2.060252091180373724e-01,1.432415606826051013e-01,4.428258199549991309e-02,1.238495084107282956e-01,1.951009462641566106e-01,2.747833097782328426e-01,1.188523959327155433e-01,4.728588152742383421e-01,2.082816489960234441e-01,1.978499561590162104e-01,-6.677984561084264470e-02,3.303243963813631279e-01,2.974145114353770603e-01
2.343228709885500638e-01,1.000000000000000000e+00,2.346673515292084788e-01,9.431160079666563167e-02,3.350441840507197011e-02,1.672933479937127044e-01,1.753606546312915238e-01,2.572688970968193059e-02,1.153238668604982670e-01,1.887686067909219445e-01,3.431148539032337075e-01,2.699307817790555508e-01,2.816501125076007264e-02,5.092868073466487455e-02,1.229442439250716390e-01,3.905830053361536436e-02,5.323232160383367662e-01,1.068478543069711212e-01,2.628681018096914457e-01,4.344874445777563432e-01,1.231211824156536877e-01,5.395675914079574031e-01,2.573269991174407245e-01,2.295940182828221099e-01,3.187965432935657151e-01,4.822698154213371780e-01,5.669027981082973566e-01,1.962940295231126453e-01,2.633290507788590418e-01,4.242575447323076454e-01,4.345057479987034232e-02,-7.726842695934944827e-02,4.150046308766237591e-01,5.799575942547858798e-01,2.047250236250892086e-01,6.650523481148659100e-01,1.680439845301713586e-01,8.992675504060890224e-02,1.487028982866751663e-02,1.240747914049934869e-01,3.029571227490627724e-02,-3.233661913545431144e-02,4.604587476476305896e-02,2.003711041523149328e-01,3.517626317477238751e-01,2.443523771618329454e-01,-9.850037571038451623e-02,1.363341397484574558e-01,1.101860638313946483e-01,-6.166921374114783978e-03,4.462314944575992981e-01,6.706724881260080207e-02,3.410758495388437339e-01,4.332977889744902278e-01,8.331014927476233789e-02,5.689538508641470704e-01,1.439939934342674976e-01,2.159160888873739859e-01,2.474232903475756529e-01,3.764315702221231463e-01,5.466462258490230042e-01,8.812659237494675779e-02,1.739690371108785494e-01,3.635080480446044593e-01,-4.129483625282028003e-02,-1.424518292422765654e-02,3.602504965948997162e-01,5.702710162364305058e-01
4.573894470913123511e-01,2.346673515292084788e-01,1.000000000000000000e+00,-9.666060797162219498e-02,-4.312186051972356771e-02,2.501066940224527801e-02,7.717479764508243800e-01,4.355521953958633730e-01,2.331587098347230047e-01,-1.662043838383142277e-02,4.553944626889020464e-01,1.038603640456248201e-01,5.449314730490090880e-02,6.071286024591959762e-01,8.107438334779039357e-02,4.570075785915501260e-02,5.739489902098914298e-01,4.399367446232855805e-01,5.542146972992131326e-01,1.921374679664620833e-01,1.017054456788864664e-01,4.353779946804951506e-01,9.557676046721282070e-02,3.739943381956853385e-01,1.109824714008302571e-01,7.653617013590624518e-01,6.123772187968922198e-01,2.245712158301470251e-01,2.456525842842272322e-01,6.570254508244142144e-01,1.388642138676119131e-01,-7.578909628029542600e-02,3.647323020258987913e-01,3.318134207017800485e-01,3.147101077645137468e-01,2.570320252194824295e-01,6.396675129883445665e-01,-9.501814396293611908e-02,9.192124384168925272e-03,1.996564247917777257e-02,5.586115184228190866e-01,1.144599407586050777e-01,1.496258057699753063e-01,5.846213477252602299e-03,3.418218894319575707e-01,7.270541607587314992e-02,1.365434664190558678e-03,5.295978346871109688e-01,4.010651510263324449e-02,7.301768962371215851e-03,2.791717589564959856e-01,4.759723962661578933e-01,4.698301186996334811e-01,2.090867694634370166e-01,7.007527691934524461e-02,3.436660635481675330e-01,-2.472099891877331881e-02,2.803798578526890406e-01,1.574044081778964155e-01,5.208906999635484203e-01,5.051778676239395693e-01,4.387648590152332106e-02,2.531897528959681787e-01,2.924061662342840040e-01,4.576551946958493100e-01,-1.373074078639072854e-02,3.379764706925666440e-01,2.697850838047765043e-01
1.659457343253809281e-01,9.431160079666563167e-02,-9.666060797162219498e-02,1.000000000000000000e+00,1.909719496974517094e-02,6.796240337570946810e-01,1.154911792749595684e-01,1.645731187261644801e-01,2.316674563026634437e-01,6.561895060342806119e-01,-1.095606375795592780e-01,8.271152167027860935e-01,3.279392370260504896e-01,8.770996983002192493e-02,1.393992493714807102e-01,5.245575351530392672e-01,-9.454585471009484265e-02,1.314620081855119582e-01,1.158288867596727993e-02,2.345448858069630327e-01,6.060428095366904300e-01,3.195501768467049874e-03,5.288090609548782295e-01,2.113573162226705660e-01,1.641801885029743890e-01,-2.017540575625268173e-01,5.252719656669749965e-02,6.718394130818814425e-01,3.349861154778095984e-01,3.816086342406064397e-02,6.970393392329303495e-02,3.346744464369219314e-03,2.096238957126640712e-01,1.807329371913267702e-01,8.176947686570233687e-02,4.241400693553568080e-02,-1.289460443467562167e-01,9.376910871586094931e-01,-1.019847103503315235e-02,6.371338024019951307e-01,3.655326407657939064e-02,2.239193123160082011e-01,1.655957602962953024e-01,6.963542188422651158e-01,-3.537449134925499394e-02,8.504552658490163175e-01,2.690872035407075868e-01,-3.944536939684600840e-02,1.758987341332592935e-01,5.408061526823385590e-01,4.881468122527645934e-03,-6.557077485640817882e-02,-8.055967892804254127e-02,2.832470727960184620e-01,6.012901532623367018e-01,6.787968343112525671e-02,5.423345975073937675e-01,1.298217002084952887e-01,4.167517040273627932e-02,-1.799009515238476353e-01,-5.339350021929063078e-02,6.689753727386787974e-01,3.214905513320374109e-01,2.215919523912964206e-01,1.141326338235947382e-02,-7.196671126847918598e-02,1.655923960259107208e-01,2.014545601287731080e-01
-5.924070811858395819e-02,3.350441840507197011e-02,-4.312186051972356771e-02,1.909719496974517094e-02,1.000000000000000000e+00,5.455424875689809938e-02,-4.617234574889711798e-03,2.125960149473585595e-02,2.341721914814280311e-02,-3.546162227890149732e-02,1.693928055775366457e-03,3.114616413201209272e-02,7.326572013798057781e-02,-5.499898316377572344e-02,1.109913727330443106e-01,1.700052626099517530e-02,-5.687265626324369827e-02,-1.189362251389836089e-02,-8.403743322375137326e-02,1.840407810551040677e-02,9.487232251975796088e-03,-1.166177917301730897e-03,2.256412377831913327e-02,3.531355205707377432e-02,5.475250864160170067e-02,-4.083901086911259637e-02,1.844714321815377200e-02,-1.859556509378929370e-02,-2.509051474095118708e-02,-4.853347894812942709e-02,-4.924406365381467365e-02,8.925732508548811506e-02,-1.900997514682941161e-02,3.262958192392232531e-02,-8.601995994188596506e-02,-4.596545388713299020e-03,-2.777658819434549245e-02,3.929739331518786877e-02,2.411593201367267722e-02,2.761773385521518881e-02,-1.109913833851610028e-02,-3.634689611809775994e-03,3.010312751965466688e-02,-3.072296613931792611e-02,1.279027531059348521e-02,1.803460303052361463e-02,4.568257729825422886e-02,-9.406110333651181155e-02,2.124471393233036756e-02,6.150424611754208744e-03,-1.018789808518170623e-02,-2.833763494104733771e-02,-6.305774022014755398e-02,8.616200912766623643e-03,1.336323206837743832e-02,-4.396519256020784208e-03,3.435931144086373096e-02,1.760600454390193886e-02,-9.440388896558014539e-03,-4.137984548918591243e-02,1.467441966159081790e-02,-3.437746075011445610e-03,-4.465453203282427480e-02,-1.633390026638638706e-02,-5.425903043527463554e-02,6.610446247465115444e-02,7.780098950042985302e-03,3.038112130714187842e-02
1.562402245466426587e-01,1.672933479937127044e-01,2.501066940224527801e-02,6.796240337570946810e-01,5.455424875689809938e-02,1.000000000000000000e+00,2.422423977658645089e-01,3.342098573053433608e-01,2.361467606339678338e-01,5.914244225675807654e-01,-4.259808044059867904e-02,7.216080753443099294e-01,2.864559667519092079e-01,8.027628233226277721e-02,2.699427515971837832e-01,4.503579766936844919e-01,-5.161686386430312627e-04,1.045699701353483002e-01,-6.082050796273621128e-03,2.077165737899277220e-01,5.933971700909371760e-01,1.156740212212720859e-01,5.476790554363429875e-01,2.706138147575278818e-01,1.303966038131559035e-01,-3.851669254602409220e-02,1.593477508442035229e-01,7.226856606073791545e-01,3.080016060485140650e-01,1.713942619243778442e-01,3.544800559029372827e-02,7.078538826900146463e-02,2.594674223100115751e-01,2.571733853195800057e-01,1.459718744969008830e-01,1.581057341108141889e-01,5.768024158957976016e-02,6.938131324298604241e-01,-8.810288689832572462e-03,7.154316895289043465e-01,2.202082031103124171e-01,3.959632987012602356e-01,2.170992633003008543e-01,6.174909510665411716e-01,4.102514977922433470e-02,7.196446204432027649e-01,2.452244422594897777e-01,5.985225696281039343e-02,3.125921969120528665e-01,4.465393080714328278e-01,1.261839664071791045e-01,-2.126573948874125458e-02,6.376206404012552120e-02,2.514373872507920105e-01,5.860125294921701977e-01,1.390302570306160834e-01,5.433699630192105889e-01,2.538999349085270807e-01,7.762223142740690141e-02,1.055841025530003530e-02,9.248996496734457340e-02,7.330019319957526980e-01,3.074761529438867491e-01,3.457659056761116512e-01,1.434268571830940760e-02,-6.496659897834616837e-02,1.790910497072346341e-01,2.791158108660901083e-01
2.885640824786058212e-01,1.753606546312915238e-01,7.717479764508243800e-01,1.154911792749595684e-01,-4.617234574889711798e-03,2.422423977658645089e-01,1.000000000000000000e+00,4.461994747104109926e-01,5.563628063208231334e-01,8.441159006469803328e-02,3.373854828211570456e-01,2.938106593135632050e-01,2.665972317561094429e-01,6.089634421838286960e-01,2.923775251517041207e-01,1.736341972829174574e-01,2.940053041170121451e-01,4.754634316374644620e-01,3.045101852438141243e-01,2.406892592854104895e-01,2.508263711391619522e-01,4.608576293565606052e-01,1.231204764922222972e-01,6.942098512274220701e-01,2.865792069302217637e-01,5.547277820502174439e-01,5.761553547026093680e-01,3.818503407010751527e-01,2.596526173114027114e-01,4.837062144362610505e-01,2.246959317285720514e-01,-4.023025174948173521e-02,3.959661171913795297e-01,3.085697913158564898e-01,1.319405452209261864e-01,1.909118165847795145e-01,5.701845254346129543e-01,1.197529321252036039e-01,8.775460429226819570e-03,1.726671593383624914e-01,7.667673672814917518e-01,1.451468255092551451e-01,5.055596169105521787e-01,9.754667986239068389e-02,2.489010973982207497e-01,2.883429252290540257e-01,3.046290140145702097e-01,4.621063599265189947e-01,2.480730427784352821e-01,1.093063416554762440e-01,2.337007627145613973e-03,4.546513089978320155e-01,2.673981872544122784e-01,2.925210903228056547e-01,2.021023230369683732e-01,3.726947443768315327e-01,3.063934505355616830e-02,6.140959660547630206e-01,3.261888504892810903e-01,3.402824845213801019e-01,4.624332524548963042e-01,1.959838840261074466e-01,3.014167255027689341e-01,1.403457209144368112e-01,5.645029789245503693e-01,-3.719369145436126484e-02,3.395156342642914327e-01,2.205919266955582436e-01
1.607265951967830897e-01,2.572688970968193059e-02,4.355521953958633730e-01,1.645731187261644801e-01,2.125960149473585595e-02,3.342098573053433608e-01,4.461994747104109926e-01,1.000000000000000000e+00,9.430437150958824455e-02,1.310182023230077319e-01,1.385896929099785513e-01,2.301978053999457763e-01,1.242712935588602824e-01,2.162133420620969693e-01,1.538377280824023419e-01,2.486628521334420805e-01,1.292894852225988933e-01,2.237623275899910391e-01,1.918270619124388954e-01,2.625561819656210827e-02,2.307341133950520373e-01,1.237679146034980082e-01,2.633102904496358865e-01,1.746241290120167378e-01,-6.742210554075730826e-03,2.706120090510675258e-01,1.703318120682514314e-01,4.303783987638445940e-01,1.225358447525629058e-01,3.919910223445893238e-01,-3.734731752090338780e-02,5.307611603734038730e-02,1.564578639214131428e-01,1.741773786238881017e-01,1.337402512280413125e-01,3.592105660649515253e-02,3.097225229021174919e-01,1.703030830289828379e-01,9.529296153684845699e-03,2.888435909887933639e-01,3.326626861567155147e-01,4.047001366927917565e-01,6.048693596486218876e-02,1.389801225222912773e-01,1.585294342666706824e-01,2.087869320926309391e-01,9.691055508626801596e-02,1.888292508059689345e-01,1.335252449236506711e-01,2.030079002729893722e-01,2.100024660688817324e-01,9.273470121053881132e-02,2.116322798107579395e-01,4.649349366202906036e-02,2.408255916218401127e-01,8.715874689000564779e-02,2.330948481443783638e-01,1.635547659441445589e-01,-1.304235658968411031e-02,1.743444872055780748e-01,8.952998774115025760e-02,4.219420638784081024e-01,1.703432984417362905e-01,3.464417629680925370e-01,1.315363311705067262e-01,1.274867787944667513e-02,1.379528020704281488e-01,1.769324292650888142e-01
1.637357869689472223e-01,1.153238668604982670e-01,2.331587098347230047e-01,2.316674563026634437e-01,2.341721914814280311e-02,2.361467606339678338e-01,5.563628063208231334e-01,9.430437150958824455e-02,1.000000000000000000e+00,1.714097857217182497e-01,1.152693962043242343e-01,3.493519547078711152e-01,4.030235647046026548e-01,3.944751582728264760e-01,3.342536477327546218e-01,1.726570140385149388e-01,3.545096870759373991e-02,3.196799390566200660e-01,3.697427142452241328e-02,2.590592378262373541e-01,1.992498226415468920e-01,3.684812902248427169e-01,5.325991968320178266e-02,7.222468992613846339e-01,4.510659384060272115e-01,1.026700221956389908e-01,3.921190764889023739e-01,1.903234377027577806e-01,3.004981631605058157e-01,9.664669622534205473e-02,2.994524108815933561e-01,-2.361001215429531577e-02,3.264229670792424542e-01,2.022704308896420278e-01,-2.396430620391796357e-02,1.214644117665382994e-01,1.845070335123928651e-01,2.430901930752464857e-01,6.527763826356173388e-03,1.412113037115878267e-01,4.301519039140850875e-01,-4.438034870974503360e-02,6.920309920984859531e-01,1.646140910557640502e-01,1.196052326356872447e-01,3.493575743880631412e-01,4.968737291550223145e-01,2.199477454268154719e-01,2.820364372738108361e-01,1.389768845449728951e-01,-2.260439799398065719e-01,2.500438477729268194e-01,-1.505836513461590587e-02,2.991218121526879603e-01,1.650223585973268348e-01,3.109449069870222626e-01,1.938863367014932726e-02,5.789506354619133877e-01,4.438636931204261726e-01,1.554260969385443461e-02,2.943530920016670382e-01,7.929515517314292272e-02,3.024798987134477701e-01,-8.819717034507217057e-02,3.932261365453538771e-01,-1.756391834209554415e-02,2.718937765727067468e-01,1.222850967175293097e-01
2.193746177054400615e-01,1.887686067909219445e-01,-1.662043838383142277e-02,6.561895060342806119e-01,-3.546162227890149732e-02,5.914244225675807654e-01,8.441159006469803328e-02,1.310182023230077319e-01,1.714097857217182497e-01,1.000000000000000000e+00,-2.064599041849354139e-02,7.207469735741087735e-01,1.968362454709692844e-01,6.720612090893439416e-02,8.006546761167586401e-02,4.128271270374548885e-01,6.782894070487517635e-02,8.896156061205735821e-02,6.387068878208759792e-02,4.244591586205674338e-01,4.682697822435513690e-01,1.083455997106942265e-01,4.842374990378480737e-01,1.452128497208132751e-01,1.070160377020066139e-01,-6.162987296380761058e-03,1.213518320657522576e-01,5.727940256023952292e-01,3.534771317808737545e-01,1.410880026790219399e-01,5.304348563441983744e-02,-7.230376628797738348e-02,3.021320406950011028e-01,2.570877635852069076e-01,1.721734867062325314e-01,1.677506344585846798e-01,-1.289209104381196583e-02,6.601985019886962291e-01,5.566165459978658983e-03,5.322085132516034545e-01,4.124906516284745223e-02,2.322023495462247622e-01,1.298899534420119295e-01,8.933397443219655010e-01,5.144973242424553256e-02,7.268600016108729411e-01,1.338233216024380945e-01,2.983535152860616532e-02,1.581276833676629467e-01,4.293362720256855281e-01,1.565626102171105705e-01,1.262885098399960104e-02,6.551488835631832930e-02,4.179470505105978284e-01,4.451007516645644202e-01,1.837634001662853400e-01,4.363710599891531539e-01,1.182138452706840287e-01,5.792066062228343193e-02,6.268287928729227021e-02,5.248171168103697021e-02,5.697915332699757807e-01,3.085929716685477664e-01,3.195646666215466447e-01,5.404606294280510717e-03,-8.930101959560039770e-02,2.199467926580132016e-01,3.145520415288260430e-01
2.965748776470588099e-01,3.431148539032337075e-01,4.553944626889020464e-01,-1.095606375795592780e-01,1.693928055775366457e-03,-4.259808044059867904e-02,3.373854828211570456e-01,1.385896929099785513e-01,1.152693962043242343e-01,-2.064599041849354139e-02,1.000000000000000000e+00,3.050735203973590701e-02,7.438619058214229751e-02,3.151033039724719931e-01,8.724078966561332749e-02,-8.241465769076529446e-02,4.900885906046597573e-01,4.375213134927755099e-01,4.742444488631551991e-01,2.113010025067288689e-01,-7.655540266652978432e-02,4.134217755218684287e-01,-5.252159268838094142e-02,1.622687634905810583e-01,3.095900425185912352e-01,5.517268014896370421e-01,5.085902041819629904e-01,-1.522068106479860551e-02,1.976083223506154563e-01,3.974486228834257506e-01,1.468438623666340204e-01,-5.593139499639004919e-02,3.031480578312700236e-01,3.472658988252751433e-01,2.249047365410716814e-01,3.260147130324509979e-01,2.232767884476130893e-01,-1.046228324850162483e-01,2.395269663844655852e-02,-4.670182255577227937e-02,1.257942818769413607e-01,-7.363174348543975734e-02,1.721291195099223029e-02,9.902419870356518605e-03,3.790025958922763616e-01,2.192620077987401592e-02,-4.238660429233955668e-02,2.454594615813487091e-01,1.413578311365721110e-02,-1.255680048299399887e-01,2.189224769020191863e-01,3.048717022557165257e-01,4.364883804105914034e-01,2.296122898893980524e-01,-1.036992592372328326e-01,3.504741406547474680e-01,-1.340083730458856703e-01,9.268589700346757665e-02,2.158569236220261311e-01,3.148845530312801011e-01,3.713010267871021952e-01,-1.138726340053375224e-01,1.571306904209361088e-01,1.577353625528325476e-01,1.736609918655334928e-01,1.032962548846057694e-03,2.594412343765452600e-01,2.849756277986753017e-01
3.091705365608181100e-01,2.699307817790555508e-01,1.038603640456248201e-01,8.271152167027860935e-01,3.114616413201209272e-02,7.216080753443099294e-01,2.938106593135632050e-01,2.301978053999457763e-01,3.493519547078711152e-01,7.207469735741087735e-01,3.050735203973590701e-02,1.000000000000000000e+00,3.352362213797784873e-01,1.968549215559925458e-01,2.149466603831496070e-01,4.741569535023707482e-01,1.259790195418011571e-01,1.774380975075035005e-01,1.366266590393651892e-01,4.692978711224304322e-01,6.175735726457459718e-01,2.189380491755118507e-01,5.559974168917426462e-01,3.608942879688669669e-01,2.540167340141253893e-01,3.977029083911735180e-02,2.926034517838939086e-01,7.301341119867685858e-01,4.647122365298520519e-01,2.326707859826143143e-01,9.650320732016662295e-02,-2.835051526785502610e-02,4.249458118049753153e-01,3.848829367320610872e-01,2.007383198306545991e-01,2.580344467493628224e-01,5.899884165858399615e-02,8.275992128485403221e-01,7.409860483466876660e-04,6.413560098433087608e-01,1.912374274017872855e-01,2.224047950396956796e-01,2.657411395614908689e-01,7.159194830541546484e-01,9.621667724710346314e-02,9.251192148245275249e-01,2.605574827163840146e-01,1.082604641213915364e-01,2.645855967152503374e-01,4.714421950844788212e-01,1.223882848239885857e-01,7.865404565573314022e-02,8.555187749490618387e-02,4.896492072184522315e-01,5.963418366098919288e-01,2.725981110672039409e-01,5.078574605841851275e-01,2.836572554883975417e-01,1.519830250518699744e-01,2.972028510491077705e-02,1.827619219557754526e-01,6.711762008021000536e-01,4.368325812723505286e-01,3.255752635453596500e-01,9.639741602221070516e-02,-7.342492101747408184e-02,3.262991169205531339e-01,3.891847262668692298e-01
1.477508518946535343e-01,2.816501125076007264e-02,5.449314730490090880e-02,3.279392370260504896e-01,7.326572013798057781e-02,2.864559667519092079e-01,2.665972317561094429e-01,1.242712935588602824e-01,4.030235647046026548e-01,1.968362454709692844e-01,7.438619058214229751e-02,3.352362213797784873e-01,1.000000000000000000e+00,2.364250721716506520e-01,2.203960733927569360e-01,2.723732906155990618e-01,-7.328848958751287002e-02,3.237699647222158639e-01,5.765445994951157171e-02,8.384380359206912436e-02,3.276696843597984854e-01,5.583856602898495253e-02,2.169630294235137813e-01,3.216872447205389451e-01,3.128614709141872563e-01,-1.134730769421540969e-01,2.147970161923145604e-01,2.129830066994702065e-01,2.387307855395112421e-01,-5.126380846287405951e-02,2.199716119987789875e-01,6.674296042696856168e-02,1.974530060221973693e-01,1.020091051715623920e-01,6.110850931750051382e-03,-4.791493248989185140e-03,-4.715048693000995633e-02,3.446117026864968791e-01,3.370156167873289421e-02,2.751371307831608215e-01,1.595823917616944199e-01,5.207529925555768463e-02,3.638148405034018484e-01,2.247453486843606907e-01,5.798756234064337406e-02,3.461615258908909420e-01,5.117561670719543709e-01,3.612207829653454882e-02,2.474500382904649964e-01,2.545207427578279336e-01,-1.562517689899082241e-01,9.686837596516159610e-02,-4.435008493119431405e-02,1.215425345413654462e-01,3.107031994777004202e-01,3.511144001346850479e-02,2.386770443841300660e-01,1.770573396075929840e-01,2.393546256339124378e-01,-1.769015853581456521e-01,4.474633383376696444e-02,2.157090362602956113e-01,2.446365402619833374e-01,-1.633239525529377179e-02,1.748918106860735122e-01,1.911529981588465377e-02,1.378509883579483175e-01,8.085054667448222931e-02
5.395612104898570571e-01,5.092868073466487455e-02,6.071286024591959762e-01,8.770996983002192493e-02,-5.499898316377572344e-02,8.027628233226277721e-02,6.089634421838286960e-01,2.162133420620969693e-01,3.944751582728264760e-01,6.720612090893439416e-02,3.151033039724719931e-01,1.968549215559925458e-01,2.364250721716506520e-01,1.000000000000000000e+00,1.022109110639268514e-01,1.626285416552819829e-01,3.811008718861055855e-01,5.329733950191672953e-01,5.143403057581095172e-01,8.344689920414509465e-02,2.150201422551097918e-01,2.454894922248715972e-01,6.677619082539353046e-02,3.834583366772493229e-01,3.109947621284001595e-01,3.162514383325655820e-01,5.744033111001066727e-01,8.651889848794541704e-02,3.423744613476517595e-01,3.541389580865509368e-01,4.107063096833341587e-01,-2.959552850791193762e-02,3.072836400907730248e-01,1.172809636486311369e-01,1.958556852874420162e-01,2.098336106237806697e-02,2.080339982931205811e-01,9.582585834750548259e-02,-1.948204264620285661e-02,6.365797761029812207e-02,3.334035899214018994e-01,-8.191873666442075694e-03,2.684737603439645293e-01,9.747970690161981977e-02,9.021458691914316375e-02,1.745701123427544355e-01,2.598589037528668544e-01,4.884902984879818666e-01,9.561911324195519757e-02,1.432099794899598655e-01,-1.190078749083423315e-01,3.879510572306507088e-01,1.440727688256074057e-01,1.267817817376299117e-01,2.019973443644990929e-01,1.656416801496388147e-01,2.827539514254828398e-02,1.554623556321851896e-01,2.635168507206321342e-01,2.060571429828014084e-02,3.175444146489354580e-01,1.679697437449054892e-02,3.259324184280710801e-01,-1.613246925566944739e-02,5.680937739273217435e-01,-2.186285932716710081e-02,2.636970303643741964e-01,7.957316276579363967e-02
1.733718382190452961e-02,1.229442439250716390e-01,8.107438334779039357e-02,1.393992493714807102e-01,1.109913727330443106e-01,2.699427515971837832e-01,2.923775251517041207e-01,1.538377280824023419e-01,3.342536477327546218e-01,8.006546761167586401e-02,8.724078966561332749e-02,2.149466603831496070e-01,2.203960733927569360e-01,1.022109110639268514e-01,1.000000000000000000e+00,1.112737507526961739e-01,5.261406435306033996e-03,1.400910388858433442e-01,-7.618405579529242966e-02,1.441443733804870231e-01,1.462114165689586132e-01,1.974783449389668211e-01,1.043380257305561304e-01,3.859196720979555795e-01,2.225542836039413885e-01,1.042516706129947707e-01,2.074256037990377666e-01,2.041007763967530309e-01,1.535363952280101030e-01,8.470553397202262857e-02,8.282593425042174273e-02,6.870666227142392668e-02,2.188026718125874459e-01,1.415730295340114631e-01,1.031370657900449600e-02,1.313745825173781578e-01,1.406277788989016564e-01,1.479448085083746589e-01,2.059616746593744344e-02,1.717695059725191931e-01,2.784834295461656728e-01,7.829838279524525824e-02,3.668972018595687001e-01,7.895709366628486658e-02,1.252041179866764942e-01,1.959008158730667082e-01,2.603993173416709328e-01,1.267150523800645856e-01,2.877673914171353098e-01,3.381861588300635879e-02,1.265369530587382926e-02,1.012419815348840624e-01,7.498922378012119749e-02,1.697016532635544639e-01,1.191121724692312811e-01,1.633189794011981055e-01,8.137224363878944877e-02,3.496825493182548761e-01,2.230356900472353077e-01,8.851843185681754211e-02,1.673921069600752820e-01,1.502765850494639788e-01,1.582541339838209882e-01,8.700285391164444548e-02,1.048964553215086387e-01,-4.140773605634452681e-03,1.411332462125434450e-01,1.284652343444270262e-01
1.930672397976711252e-01,3.905830053361536436e-02,4.570075785915501260e-02,5.245575351530392672e-01,1.700052626099517530e-02,4.503579766936844919e-01,1.736341972829174574e-01,2.486628521334420805e-01,1.726570140385149388e-01,4.128271270374548885e-01,-8.241465769076529446e-02,4.741569535023707482e-01,2.723732906155990618e-01,1.626285416552819829e-01,1.112737507526961739e-01,1.000000000000000000e+00,-2.893720755997110632e-03,1.336475421697430055e-01,4.111691402731521700e-02,4.793770213242810885e-02,6.193567910323558579e-01,2.932964283692557697e-02,5.967959606487346358e-01,1.841055609135312243e-01,7.495695174422323248e-02,-2.415021978347449069e-02,1.468297586340312766e-01,4.965295762022737258e-01,3.297339501076833601e-01,2.012870175526902672e-01,1.169114495363584999e-01,-1.685797329052775642e-02,2.208481403281824240e-01,2.070878780182601464e-01,1.208119926554372531e-01,1.050063912003733769e-03,-2.463399514016465300e-02,5.355851598920510215e-01,-1.560400533582125861e-02,4.228656871250328075e-01,9.817736879208667500e-02,2.254030936138106678e-01,1.528225661799069435e-01,3.981176115891577605e-01,-1.927753489631138517e-02,4.734638356192834574e-01,2.209103748015722457e-01,1.046585278740208846e-01,1.627853811479321733e-01,7.632596869165657605e-01,7.779402271330718155e-02,-1.809078207078140821e-02,-1.243057069165338653e-04,7.747078170433115141e-02,5.887244024673837783e-01,9.358345164999297416e-02,5.781192565402389905e-01,1.067635350164503338e-01,1.394725286030705329e-02,-6.634215785022912204e-02,5.818234757835220178e-02,5.159552750044925640e-01,3.006141246559922986e-01,2.952309175842071087e-01,7.505331317542232594e-02,-3.601327930221986245e-02,1.281778612617650859e-01,2.049959878676972658e-01
5.666043472729664909e-01,5.323232160383367662e-01,5.739489902098914298e-01,-9.454585471009484265e-02,-5.687265626324369827e-02,-5.161686386430312627e-04,2.940053041170121451e-01,1.292894852225988933e-01,3.545096870759373991e-02,6.782894070487517635e-02,4.900885906046597573e-01,1.259790195418011571e-01,-7.328848958751287002e-02,3.811008718861055855e-01,5.261406435306033996e-03,-2.893720755997110632e-03,1.000000000000000000e+00,2.110211994026202076e-01,6.662070261030773599e-01,3.058378530877682855e-01,4.446658370212504957e-02,4.937030043064438156e-01,1.911722906140957412e-01,1.675391688073242791e-01,1.485847920785358378e-01,6.651156719970165998e-01,6.584849217614893169e-01,1.134479037198945633e-01,3.027502061153745094e-01,6.595455467229603963e-01,1.845738131715222718e-01,-9.967845992968181468e-02,4.107069618393365817e-01,5.161270868606284701e-01,4.204527148195514319e-01,5.189058261614499790e-01,2.931743162902893385e-01,-8.482284966233835655e-02,1.625883457710550900e-02,-1.984930856694523335e-02,5.358751085806284786e-02,-2.349860426506676300e-02,-5.987179290432807777e-02,7.845794786454279857e-02,3.534840000265025983e-01,8.536212952741617510e-02,-2.072846808074639002e-01,3.653563439037837979e-01,-2.911893132006561705e-02,-3.454649842934477688e-02,5.234656509019897097e-01,1.986333410782725739e-01,5.712477203149122218e-01,3.035094208700007679e-01,6.848849181502724044e-03,4.559693049126243292e-01,4.776395649133199223e-02,7.447273565642366366e-02,1.132396613328325446e-01,4.391094944513251885e-01,5.482658677096297062e-01,-1.583918116657818606e-02,2.058670475871434147e-01,4.067039409771040503e-01,1.360653634664089895e-01,-1.412049995256744149e-02,3.711943061049615689e-01,4.883483633910735700e-01
2.605923926493986520e-01,1.068478543069711212e-01,4.399367446232855805e-01,1.314620081855119582e-01,-1.189362251389836089e-02,1.045699701353483002e-01,4.754634316374644620e-01,2.237623275899910391e-01,3.196799390566200660e-01,8.896156061205735821e-02,4.375213134927755099e-01,1.774380975075035005e-01,3.237699647222158639e-01,5.329733950191672953e-01,1.400910388858433442e-01,1.336475421697430055e-01,2.110211994026202076e-01,1.000000000000000000e+00,4.779798519799171030e-01,1.015454256879666367e-01,1.528710665733878649e-01,2.199870360644250733e-01,4.398831269557607754e-02,2.118506295019042529e-01,3.359292235640353730e-01,2.938628367571451960e-01,4.767974962556283391e-01,2.174431391187458748e-02,2.340326316660247541e-01,1.640245489312625593e-01,2.873834118137914562e-01,-4.445930073467384280e-02,2.244184309936891331e-01,1.977909839271876635e-01,4.578026202858623273e-02,4.825082562551930021e-02,6.005567268060982983e-02,1.454314755892705258e-01,-4.766860292318713874e-03,1.000781570190144298e-01,1.750682483229112074e-01,-2.482568665504906319e-02,1.639973215334182555e-01,1.513089609388170165e-01,1.746819869237952738e-01,1.767913205139046706e-01,3.186971128615199711e-01,1.834456246043250638e-01,8.527056255498006998e-02,1.024932001119525649e-01,-9.940230385782115874e-02,4.159121090858247105e-01,1.738842982161449835e-01,1.449429029441949290e-01,1.470190453990190271e-01,9.623007255160927198e-02,2.464791513390898400e-02,1.956721445559319802e-02,2.753478637454770950e-01,-7.612138043159144725e-03,2.083845519952984005e-01,-1.678750960445437451e-02,2.190087430837832361e-01,-4.816507337519522480e-02,3.707948530495261408e-01,-4.062095886963560526e-02,2.166503645329745931e-01,1.331258513748938832e-01
6.568738383098334799e-01,2.628681018096914457e-01,5.542146972992131326e-01,1.158288867596727993e-02,-8.403743322375137326e-02,-6.082050796273621128e-03,3.045101852438141243e-01,1.918270619124388954e-01,3.697427142452241328e-02,6.387068878208759792e-02,4.742444488631551991e-01,1.366266590393651892e-01,5.765445994951157171e-02,5.143403057581095172e-01,-7.618405579529242966e-02,4.111691402731521700e-02,6.662070261030773599e-01,4.779798519799171030e-01,1.000000000000000000e+00,1.864793373658629461e-01,7.297365268110160563e-02,2.421197246031280004e-01,8.774557414421525758e-02,4.182321074793880072e-02,1.071296807561231135e-01,4.282459226728754786e-01,4.920955078084399137e-01,3.308556090300106278e-02,3.594802137466164837e-01,3.817359931684519703e-01,2.270349696386074478e-01,-8.454372785352883002e-02,2.915468702828619696e-01,3.079463920872029803e-01,4.334664068448332852e-01,2.002837788030372712e-01,1.086933670186581852e-01,2.887490908825369323e-02,2.273800684466680195e-04,1.237837022865064321e-02,-2.487191045994852426e-02,-1.117466251666196161e-02,-1.128382495690329196e-01,9.444982434816873162e-02,2.208657586246274562e-01,1.138394971344552364e-01,-7.053755564827662861e-02,2.874230490231692303e-01,-8.181558764513006954e-02,3.098302983625841542e-02,1.911050840570966691e-01,2.249063623340967766e-01,4.945913770512240237e-01,1.894852129523563466e-01,6.350051269290980793e-02,1.479949436239176297e-01,-6.127013450836325467e-03,-1.153762071670046685e-01,4.774235373521799192e-02,1.207591926071713978e-01,2.361249181030563027e-01,-4.256137857492699877e-02,2.941418726918683668e-01,1.170593348721514493e-01,2.054576123720660286e-01,-2.830501081027883212e-02,2.803749126561458915e-01,2.821673956839950148e-01
2.514467381184895545e-01,4.344874445777563432e-01,1.921374679664620833e-01,2.345448858069630327e-01,1.840407810551040677e-02,2.077165737899277220e-01,2.406892592854104895e-01,2.625561819656210827e-02,2.590592378262373541e-01,4.244591586205674338e-01,2.113010025067288689e-01,4.692978711224304322e-01,8.384380359206912436e-02,8.344689920414509465e-02,1.441443733804870231e-01,4.793770213242810885e-02,3.058378530877682855e-01,1.015454256879666367e-01,1.864793373658629461e-01,1.000000000000000000e+00,5.075277047222893911e-02,4.104048866694430253e-01,5.697254688171037029e-02,3.020601096874687141e-01,3.068089145990652855e-01,2.951459954943719821e-01,3.509392125623322367e-01,1.939140527792762025e-01,2.411252933301507306e-01,1.311003691694636597e-01,1.289241974229459464e-01,-3.524265272348942740e-02,3.849408190307631594e-01,3.212273990011489944e-01,2.418808702835631153e-01,4.881283926412420815e-01,1.650607768474200432e-01,2.107421200089176494e-01,3.801324103240748958e-02,1.451446554891134832e-01,1.403309199157398712e-01,-2.380314638748813258e-02,2.144907091713766090e-01,3.949361764647807971e-01,1.660940926392342198e-01,4.486206155525562789e-01,4.821810805569210628e-02,1.451932838079519617e-01,1.887172419644326249e-01,4.539813563140146675e-03,1.860315055553453945e-01,9.467259553317397547e-02,2.518124198822763171e-01,9.451268389871256836e-01,6.457099557539940429e-03,4.263530534250753457e-01,-3.325662488603849110e-02,3.487093441668351890e-01,3.186235899300884911e-01,2.386995755866604951e-01,3.526276831630943409e-01,6.732338398897398657e-02,2.329763402525971971e-01,7.749887506812035143e-02,7.159484024895526599e-02,-2.954796787450336346e-02,3.853374618559709530e-01,3.446013276998125541e-01
2.470275067031418859e-01,1.231211824156536877e-01,1.017054456788864664e-01,6.060428095366904300e-01,9.487232251975796088e-03,5.933971700909371760e-01,2.508263711391619522e-01,2.307341133950520373e-01,1.992498226415468920e-01,4.682697822435513690e-01,-7.655540266652978432e-02,6.175735726457459718e-01,3.276696843597984854e-01,2.150201422551097918e-01,1.462114165689586132e-01,6.193567910323558579e-01,4.446658370212504957e-02,1.528710665733878649e-01,7.297365268110160563e-02,5.075277047222893911e-02,1.000000000000000000e+00,5.957745099092034285e-02,8.137242050878125132e-01,2.360461909901991895e-01,6.134597392586978865e-02,2.192182371899752472e-02,2.524905720645938545e-01,6.561243371185538908e-01,4.402527387832939065e-01,2.898217829533363821e-01,8.300880445247907358e-02,1.099302928578458141e-02,2.977047097231984574e-01,3.887709349525583780e-01,1.654784470512953298e-01,9.202748994910120439e-02,7.455959793939426206e-02,6.152502152985954709e-01,-2.450943618575594785e-02,5.231902422897933835e-01,1.924900555076234365e-01,2.762326035969415727e-01,1.673089957300372965e-01,4.935822371853021973e-01,5.853260263183467788e-02,6.104260682928374093e-01,2.545653020018191492e-01,1.510799162720489197e-01,2.168156737772922726e-01,6.488452783818559055e-01,1.510508995480647765e-01,5.694611586339545783e-02,4.193400910006086363e-02,8.247056270321825866e-02,9.199478142452359730e-01,1.281518425768699565e-01,8.192725928033429694e-01,1.591330366627767834e-01,3.620704978578673152e-03,2.687260283001676603e-02,1.760654021871803365e-01,6.411708459932106141e-01,4.233814845891716860e-01,4.026161552309013292e-01,1.320452429574470177e-01,-7.313459007371793386e-02,1.559990463367696423e-01,3.786927424195844494e-01
2.424631420881311061e-01,5.395675914079574031e-01,4.353779946804951506e-01,3.195501768467049874e-03,-1.166177917301730897e-03,1.156740212212720859e-01,4.608576293565606052e-01,1.237679146034980082e-01,3.684812902248427169e-01,1.083455997106942265e-01,4.134217755218684287e-01,2.189380491755118507e-01,5.583856602898495253e-02,2.454894922248715972e-01,1.974783449389668211e-01,2.932964283692557697e-02,4.937030043064438156e-01,2.199870360644250733e-01,2.421197246031280004e-01,4.104048866694430253e-01,5.957745099092034285e-02,1.000000000000000000e+00,8.072702471074910680e-02,5.002919200074721351e-01,4.050565792135144005e-01,5.942607370577306369e-01,6.225085561318174365e-01,2.058090424402602425e-01,2.898965699232772253e-01,5.206368494542936709e-01,1.337174235333698502e-01,-7.939805504156328964e-02,4.488066551491930456e-01,5.096387955578772777e-01,1.974540403565082924e-01,5.916814582468051809e-01,3.803753182813302547e-01,5.304356155283244251e-03,-1.801090442061594257e-02,2.321149787756462274e-02,3.327860824452107957e-01,-4.798789488421988103e-02,3.098662846635521495e-01,1.008457291041055526e-01,3.875402938534197594e-01,2.003016045096411846e-01,3.912259265656980317e-02,3.310165517388185541e-01,1.491166375649952414e-01,-4.410287520935014804e-02,2.871336486124358434e-01,2.649843180722730174e-01,3.733747856526184461e-01,4.275231637149527475e-01,1.764525543208134498e-02,7.182985370437345862e-01,-1.241930952472555284e-02,4.958788728396426038e-01,4.314445835031103238e-01,4.815482107163414627e-01,6.658822329224428627e-01,3.453238161530711864e-02,2.407987375467285363e-01,2.930164589373978612e-01,2.322118372336427761e-01,-6.931839998060687624e-02,4.211387290716841481e-01,4.716850234768485972e-01
2.228072425808953205e-01,2.573269991174407245e-01,9.557676046721282070e-02,5.288090609548782295e-01,2.256412377831913327e-02,5.476790554363429875e-01,1.231204764922222972e-01,2.633102904496358865e-01,5.325991968320178266e-02,4.842374990378480737e-01,-5.252159268838094142e-02,5.559974168917426462e-01,2.169630294235137813e-01,6.677619082539353046e-02,1.043380257305561304e-01,5.967959606487346358e-01,1.911722906140957412e-01,4.398831269557607754e-02,8.774557414421525758e-02,5.697254688171037029e-02,8.137242050878125132e-01,8.072702471074910680e-02,1.000000000000000000e+00,1.417532618760705687e-01,-4.842657124633106130e-02,1.048958123358846029e-01,2.820819875856996894e-01,6.708975992987733505e-01,3.900301496728272310e-01,4.362319579306795925e-01,2.118748827640384857e-02,-3.925819093119090226e-03,2.862796922930666565e-01,4.992410826783540423e-01,1.721943979513612111e-01,2.269161305917711258e-01,5.040191187561904318e-02,5.289941845997648828e-01,-1.716476975682018971e-02,5.036541817690527445e-01,3.546206371937710849e-02,2.962570170790688184e-01,2.597751161398633227e-02,4.867677575966242731e-01,9.086524520297734053e-02,5.322012881040473209e-01,9.780858591326364870e-02,7.626103061546789241e-02,1.366380294565144315e-01,6.180595393720563768e-01,4.145609403788459990e-01,-8.936337733470271771e-02,9.272026149565858189e-02,6.935604516039627077e-02,7.760450959332051424e-01,1.566174835403038590e-01,8.950600334027704053e-01,6.780211763475525732e-02,-1.336597956243354979e-01,1.038565730598308146e-01,2.048911973470622649e-01,6.540189276477605951e-01,2.998516171647044315e-01,6.087586150096783166e-01,-7.838579407249281206e-03,-1.166143894619457201e-02,1.321208255217487804e-01,5.179565795753371393e-01
