0.000000000000000000e+00 6.367439776659010453e-02 0.000000000000000000e+00 6.451048515737055344e-02 3.954253103584051132e-01 9.983924133703112602e-01 1.142643534578382969e+00 7.450076295062898479e-01 4.325458187609910965e+00 1.028285377658903599e+00 4.779082466848194599e+00 4.388796910643577576e-02 1.409211279824376106e+00 6.376159936189650101e-02 1.039232420735061169e+00 1.119260100647807121e+00 1.209583375602960587e+00 1.175813823938370029e-01 0.000000000000000000e+00 1.642755679786205569e-01 1.344095299020409584e+00 8.124301899224517509e-01 2.488906867802143097e-01 4.406944168731570244e+00 4.423638624139130116e+00 0.000000000000000000e+00 2.821220811456441879e-01 6.779060820117592812e-01 6.543959897942841053e+00 2.318732946179807630e+00 3.870012536644935608e-01 0.000000000000000000e+00 4.630052672699093819e+00 0.000000000000000000e+00 9.388079736381771401e-01 0.000000000000000000e+00 6.347000505775214629e-02 0.000000000000000000e+00 2.887896820902824402e-02 7.924091815948489104e-02 0.000000000000000000e+00 5.975146219134330750e-02 2.250328389927744865e-01 1.514759883284568787e-01 1.901828087866306305e-01 5.442630238831043243e-01 1.504783891141414469e-02 9.430528618395327134e-02 1.324543673545122147e-01 2.030202746391296387e-02 4.928921908140182495e-02 3.856839444488286972e-01 1.735602132976055145e-02 4.358329996466636658e-02 8.374616689980030060e-02 0.000000000000000000e+00 6.841253694146871567e-01 0.000000000000000000e+00 1.515160519629716873e-01 2.078254175372421741e+00 0.000000000000000000e+00 5.828510802239179611e-01 9.427230656147003174e-01 1.395897041074931622e+00 4.143031314015388489e-02 2.460035060532391071e+00 9.261069819331170516e-02 0.000000000000000000e+00 0.000000000000000000e+00 3.223232924938201904e-02
6.367439776659010453e-02 8.450439199805259705e-01 0.000000000000000000e+00 2.697801589965820312e-01 0.000000000000000000e+00 6.789587531238795437e-01 1.321329597383737786e+00 2.164666424971073866e+01 1.196740266308188261e+01 5.049149747937917709e-01 1.555608944967389107e+00 1.692062802612781525e-02 1.439586933702230453e-02 0.000000000000000000e+00 2.720673256926238537e+01 0.000000000000000000e+00 4.387596622109413147e-02 9.496356202289463200e-01 1.511955000460148135e-01 4.368760790675878525e-01 0.000000000000000000e+00 1.517639141529798785e-01 0.000000000000000000e+00 1.568221029825508372e+00 8.325447700917718574e-01 0.000000000000000000e+00 9.047524053603409611e-01 2.519977375864982605e+00 4.498123021796345711e+00 3.287832668051123619e+00 3.482643087394535542e+00 0.000000000000000000e+00 1.510607115924358368e-01 6.251399591565132141e-02 2.591510801576078382e+00 0.000000000000000000e+00 0.000000000000000000e+00 0.000000000000000000e+00 4.353933781385421753e-02 0.000000000000000000e+00 0.000000000000000000e+00 0.000000000000000000e+00 8.993384242057801681e-02 8.404730260372160477e-02 2.574702724814414978e-02 1.732051186263560902e-02 0.000000000000000000e+00 0.000000000000000000e+00 0.000000000000000000e+00 0.000000000000000000e+00 0.000000000000000000e+00 9.711140207946300507e-02 2.807192690670490612e-02 0.000000000000000000e+00 0.000000000000000000e+00 0.000000000000000000e+00 0.000000000000000000e+00 0.000000000000000000e+00 2.616909146308898926e-02 2.090478874742985049e-01 0.000000000000000000e+00 0.000000000000000000e+00 0.000000000000000000e+00 2.219531480222940723e-01 0.000000000000000000e+00 1.733846403658390045e-02 0.000000000000000000e+00 0.000000000000000000e+00 0.000000000000000000e+00 0.000000000000000000e+00
0.000000000000000000e+00 0.000000000000000000e+00 0.000000000000000000e+00 1.298722652718425075e-01 0.000000000000000000e+00 0.000000000000000000e+00 0.000000000000000000e+00 0.000000000000000000e+00 0.000000000000000000e+00 1.609511128626763377e+00 2.606371231377125133e-02 6.161052361130714417e-02 0.000000000000000000e+00 2.408288028091192523e-01 0.000000000000000000e+00 0.000000000000000000e+00 5.891107209026813507e-01 1.074382774531841556e-01 0.000000000000000000e+00 4.788455814123153687e-01 0.000000000000000000e+00 0.000000000000000000e+00 9.903701366856692001e-01 6.572763621807099776e-02 8.786016032099726036e-01 9.147991240024565263e-02 5.118561554700136185e-01 4.637953607365489006e+00 0.000000000000000000e+00 0.000000000000000000e+00 0.000000000000000000e+00 0.000000000000000000e+00 0.000000000000000000e+00 0.000000000000000000e+00 0.000000000000000000e+00 0.000000000000000000e+00 0.000000000000000000e+00 0.000000000000000000e+00 5.455286800861360030e-02 0.000000000000000000e+00 0.000000000000000000e+00 0.000000000000000000e+00 0.000000000000000000e+00 0.000000000000000000e+00 0.000000000000000000e+00 0.000000000000000000e+00 0.000000000000000000e+00 0.000000000000000000e+00 0.000000000000000000e+00 0.000000000000000000e+00 0.000000000000000000e+00 0.000000000000000000e+00 0.000000000000000000e+00 0.000000000000000000e+00 0.000000000000000000e+00 0.000000000000000000e+00 0.000000000000000000e+00 0.000000000000000000e+00 0.000000000000000000e+00 0.000000000000000000e+00 6.135228648781776428e-02 1.535009406507015055e-02 1.855519786477088928e-02 0.000000000000000000e+00 0.000000000000000000e+00 0.000000000000000000e+00 1.154074296355247498e-01 0.000000000000000000e+00 0.000000000000000000e+00 0.000000000000000000e+00
6.451048515737055344e-02 2.697801589965820312e-01 1.298722652718425075e-01 1.152977821417152882e+01 0.000000000000000000e+00 0.000000000000000000e+00 6.071242317557334900e-02 6.437649778090415609e+00 7.855757549405095741e-01 2.580344118177890778e-01 1.429208051413297376e-01 2.421155543997884074e-01 0.000000000000000000e+00 3.556275665760040283e-01 1.322465981356799603e+00 0.000000000000000000e+00 1.418618865311145782e+00 5.251831161975860596e+01 3.051127688959240913e+00 2.350956595502793789e+01 0.000000000000000000e+00 6.565539750270545483e+00 1.348664505407214609e+00 3.177898020856082439e+01 5.378076937049627304e-01 0.000000000000000000e+00 2.772921254765242338e+01 3.690507289115339518e+01 4.198453544639050072e+00 1.268365837633609994e+00 4.835635794326663017e+00 1.157865695655345917e+00 0.000000000000000000e+00 1.821430772542953491e-02 2.059194946661591530e+00 0.000000000000000000e+00 0.000000000000000000e+00 1.515089018270373344e+00 3.200876310467720032e+00 0.000000000000000000e+00 0.000000000000000000e+00 0.000000000000000000e+00 0.000000000000000000e+00 0.000000000000000000e+00 1.067915689200163026e-01 0.000000000000000000e+00 0.000000000000000000e+00 0.000000000000000000e+00 1.100035190582275391e+00 0.000000000000000000e+00 0.000000000000000000e+00 4.279192425310611725e-01 3.197940857149660587e+00 2.058767452836036405e-01 2.097541844472289085e+00 0.000000000000000000e+00 2.385836699977517406e-01 2.202434167265891751e-01 2.507973391562700272e+00 2.175671607255935669e-02 1.148149669170379500e-01 4.721298076212406158e+00 2.548368550278246403e+01 1.991683784872293472e-01 0.000000000000000000e+00 1.249572280794382512e-01 0.000000000000000000e+00 0.000000000000000000e+00 0.000000000000000000e+00 0.000000000000000000e+00
3.954253103584051132e-01 0.000000000000000000e+00 0.000000000000000000e+00 0.000000000000000000e+00 5.321678204461932182e+00 0.000000000000000000e+00 1.950100385583936946e+00 2.023613857105374336e+00 1.549213089048862457e+00 7.424738746136426926e+00 6.043566831946372986e+01 0.000000000000000000e+00 3.933142775855958462e+01 0.000000000000000000e+00 1.701841700822114944e+00 6.201192568987607956e-01 0.000000000000000000e+00 0.000000000000000000e+00 0.000000000000000000e+00 0.000000000000000000e+00 2.836791567504405975e+00 0.000000000000000000e+00 0.000000000000000000e+00 0.000000000000000000e+00 6.815843126736581326e+00 0.000000000000000000e+00 0.000000000000000000e+00 0.000000000000000000e+00 5.938888315018266439e+01 4.755821637809276581e-02 4.725351370871067047e-02 0.000000000000000000e+00 0.000000000000000000e+00 0.000000000000000000e+00 6.470190919935704665e-02 1.692744046449661532e-01 1.641535386443138123e-02 0.000000000000000000e+00 0.000000000000000000e+00 2.291180510073899945e-01 0.000000000000000000e+00 2.418362013995647430e-01 1.638473989441990297e-01 3.559630440548062325e+00 7.322264146059751511e-01 1.010962285101413505e+00 0.000000000000000000e+00 6.723345816135406494e-01 0.000000000000000000e+00 5.291656777262689765e-02 2.962638810276985168e-02 0.000000000000000000e+00 0.000000000000000000e+00 0.000000000000000000e+00 0.000000000000000000e+00 2.371582407504320145e-01 0.000000000000000000e+00 0.000000000000000000e+00 0.000000000000000000e+00 1.052231896668672562e+00 0.000000000000000000e+00 0.000000000000000000e+00 0.000000000000000000e+00 2.684619192965328693e+00 5.650938488543033600e-02 2.689395286142826080e-02 0.000000000000000000e+00 0.000000000000000000e+00 0.000000000000000000e+00 0.000000000000000000e+00
9.983924133703112602e-01 6.789587531238795437e-01 0.000000000000000000e+00 0.000000000000000000e+00 0.000000000000000000e+00 2.956362366676331010e+00 6.928100024349986619e+00 2.603348682634532452e+00 1.063315371610224247e+01 1.772591031156480534e+00 5.439192147925496101e+00 7.642658101394772530e-01 2.071579200215637684e+00 3.342942390590906143e-01 8.130059461109340191e+00 5.961238100193440914e+00 5.695554502308368683e-01 0.000000000000000000e+00 5.526915788650514916e-01 1.053778771311044554e-01 2.259339019656181335e-02 5.146503634750843048e-02 0.000000000000000000e+00 2.095620036125183105e-01 3.080293769016861916e-01 0.000000000000000000e+00 8.810729347169399261e-02 0.000000000000000000e+00 6.195163624361156307e-01 3.766889560036361217e+00 5.682524703443050385e-01 0.000000000000000000e+00 1.375532617792487144e+00 8.754817396402361784e-02 6.620976109988987446e+00 0.000000000000000000e+00 0.000000000000000000e+00 0.000000000000000000e+00 0.000000000000000000e+00 0.000000000000000000e+00 0.000000000000000000e+00 0.000000000000000000e+00 1.297512054443359375e-01 7.310095615684986115e-02 0.000000000000000000e+00 0.000000000000000000e+00 0.000000000000000000e+00 0.000000000000000000e+00 0.000000000000000000e+00 0.000000000000000000e+00 3.672599047422409058e-02 4.773940518498420715e-02 0.000000000000000000e+00 0.000000000000000000e+00 0.000000000000000000e+00 1.838462613523006439e-02 0.000000000000000000e+00 0.000000000000000000e+00 0.000000000000000000e+00 0.000000000000000000e+00 0.000000000000000000e+00 0.000000000000000000e+00 0.000000000000000000e+00 5.597936548292636871e-02 3.799311071634292603e-02 0.000000000000000000e+00 0.000000000000000000e+00 0.000000000000000000e+00 0.000000000000000000e+00 0.000000000000000000e+00
1.142643534578382969e+00 1.321329597383737786e+00 0.000000000000000000e+00 6.071242317557334900e-02 1.950100385583936946e+00 6.928100024349986619e+00 5.503015215322376008e+01 5.867856155615299940e+01 7.975005189422518015e+01 1.375945085473358631e+01 2.063690114179626391e+02 6.241900976747274399e-01 6.613073265925049782e+01 2.439674921333790172e-02 2.923900369275361300e+01 1.130686216708272518e+01 6.640003994107246399e-02 3.679210031405091286e-01 0.000000000000000000e+00 7.144836336374282837e-01 3.804419991560280323e+00 9.392183534801005207e-01 0.000000000000000000e+00 6.911555025726556778e-01 4.976081644184887409e+00 0.000000000000000000e+00 2.473277561366558075e-01 0.000000000000000000e+00 3.292336621414870024e+01 3.795993316918611526e+00 1.269754357635974884e+00 0.000000000000000000e+00 2.729618401266634464e+00 2.043066546320914875e-02 2.406371504068374634e+00 6.964034587144850297e-02 4.294410347938537598e-02 0.000000000000000000e+00 0.000000000000000000e+00 3.203185386955738068e-01 0.000000000000000000e+00 6.441239174455405669e-02 2.414693171158432961e-01 6.845628786832091972e-01 2.472398113459348956e-01 1.061884822323918121e+00 0.000000000000000000e+00 3.029579762369394302e-01 0.000000000000000000e+00 4.455742053687572479e-02 2.653706818819046021e-02 2.919331751763820648e-02 3.910096362233161926e-02 0.000000000000000000e+00 0.000000000000000000e+00 0.000000000000000000e+00 2.751191519200801849e-02 0.000000000000000000e+00 4.491973482072353363e-02 1.909841896966099961e+00 0.000000000000000000e+00 0.000000000000000000e+00 0.000000000000000000e+00 3.483177078887820244e+00 0.000000000000000000e+00 1.291876602917909622e-01 0.000000000000000000e+00 0.000000000000000000e+00 0.000000000000000000e+00 2.843095734715461384e-02
7.450076295062898479e-01 2.164666424971073866e+01 0.000000000000000000e+00 6.437649778090415609e+00 2.023613857105374336e+00 2.603348682634532452e+00 5.867856155615299940e+01 4.015681321676819948e+02 1.960618653213604716e+02 1.649610996711999178e+01 1.375116987731308029e+02 3.126964362338185310e+00 3.953122454695403576e+00 8.889710344374179840e-02 1.977189705390483141e+02 5.906324163079261780e-01 1.525828935205936432e+00 1.524240447487682104e+01 1.478954877704381943e+00 8.513441978022456169e+00 2.223312338814139366e+00 1.472146609891206026e+01 1.279467307031154633e-01 3.536562912911176682e+01 2.274969753902405500e+01 0.000000000000000000e+00 4.953516344539821148e+00 5.254877923987805843e+00 1.170181813053786612e+02 2.182296147383749485e+01 6.991402822080999613e+01 6.688409671187400818e-02 2.313879468478262424e+00 5.775094032287597656e+00 2.849459810927510262e+01 0.000000000000000000e+00 2.638583431020379066e+00 1.880543306469917644e-02 9.310578368604184585e-02 6.040473170578479767e-01 0.000000000000000000e+00 1.458482159301638603e+00 3.389252913184463978e+00 1.642700683325529543e+00 3.519117482006549835e+00 3.199171870946884155e+00 0.000000000000000000e+00 8.094897903501986347e-01 0.000000000000000000e+00 1.067232461646199226e+00 9.506356716156005859e-02 1.803025225177407043e+00 1.851302087306976318e-01 5.940648913383485274e-02 5.907713808119297028e-02 1.783253792673349103e-01 4.724135659635066986e-01 4.392099883407354355e-01 1.068903750739991665e+00 1.367447220440953970e+01 0.000000000000000000e+00 1.981760486960411072e-01 1.318230779841542022e+00 1.689980671275407076e+01 9.589376319199802712e-01 7.796579430811105382e+00 2.805531769990921021e-02 0.000000000000000000e+00 1.709852367639541626e-02 2.226619627326726913e-01
4.325458187609910965e+00 1.196740266308188261e+01 0.000000000000000000e+00 7.855757549405095741e-01 1.549213089048862457e+00 1.063315371610224247e+01 7.975005189422518015e+01 1.960618653213604716e+02 3.897498359996826025e+02 1.381491119321435868e+01 1.546465459801256657e+02 4.955431378446519375e+00 3.921023686975240707e+01 6.099258847534656525e-01 1.817762833908200264e+02 1.458632906433194876e+01 6.078156959265470505e-01 2.979618959128856659e+00 5.095857866108417511e-01 4.752751080319285393e+00 3.332555392757058144e+00 6.324512872844934464e+00 1.111652199178934097e-01 9.277835720218718052e+00 1.452009291388094603e+01 0.000000000000000000e+00 7.602423790842296469e+00 9.498241916298867382e-01 5.496834915410727262e+01 1.781960775889456272e+01 1.664521448127925396e+01 0.000000000000000000e+00 1.293537635169923306e+01 3.777372026816010475e-01 1.551566636282950462e+01 0.000000000000000000e+00 5.382820591330530341e-02 0.000000000000000000e+00 9.596991911530494690e-02 1.178734712302684645e-01 1.626291871070862163e-02 3.373823426663875580e-01 1.470120970159768836e+00 3.282251669093966484e+00 8.823951873928310707e-01 1.459114125929772632e+00 3.020437061786651611e-02 5.447640269994735024e-02 7.181978598237040434e-02 5.958578800782561302e-01 8.633034676313400269e-02 1.983179524540901184e-01 0.000000000000000000e+00 0.000000000000000000e+00 0.000000000000000000e+00 2.291956916451454163e-02 5.280710216611623764e-01 1.267210664227604866e-01 2.807563338428735733e-01 8.728874767199158669e+00 0.000000000000000000e+00 4.155335202813148499e-02 2.992595769464969635e-01 8.635030291974544525e+00 4.955119900405406952e-01 3.037910668179393259e+00 0.000000000000000000e+00 0.000000000000000000e+00 0.000000000000000000e+00 1.579879522323608398e-01
1.028285377658903599e+00 5.049149747937917709e-01 1.609511128626763377e+00 2.580344118177890778e-01 7.424738746136426926e+00 1.772591031156480534e+00 1.375945085473358631e+01 1.649610996711999178e+01 1.381491119321435868e+01 4.967429656535387039e+00 3.985317989159375429e+01 0.000000000000000000e+00 1.202618155814707457e+01 8.209988102316856384e-01 5.081080765463411808e+00 1.804835605528205633e+01 2.215511166490614414e+00 3.731910698115825653e-01 2.767300046980381012e-01 2.179341353476047516e-01 1.123600326478481515e+00 1.085937276482582092e+00 1.729008931480348110e+01 1.341218459419906139e+00 1.260753942187875793e+02 5.920768231153488159e-01 9.808484977111220360e-01 1.785012147482484579e+01 1.098190589528530978e+02 7.596773065626619470e+00 8.841518075205387461e+00 0.000000000000000000e+00 8.413996472954752281e-01 3.556087296456098557e-01 1.472036476247013059e+00 0.000000000000000000e+00 1.678757268935441749e+00 0.000000000000000000e+00 0.000000000000000000e+00 2.275260382331907749e+00 3.179383277893066406e-02 3.575794603675603867e-01 1.171678119339048862e+00 7.010002378374338150e-01 7.567532882094383240e-01 3.342300678603350672e+00 0.000000000000000000e+00 1.110996082425117493e-01 0.000000000000000000e+00 2.829127572476863861e-02 7.792050950229166550e-02 2.840628288686275482e-01 2.379870600998401642e-02 0.000000000000000000e+00 2.254232577979564667e-02 1.080181235447525978e-01 4.934476092457771301e-01 6.202190555632114410e-02 4.189174957573413849e-01 6.018349309451878071e+00 0.000000000000000000e+00 6.505753099918365479e-02 7.849226146936416626e-02 1.293520413525402368e+01 1.656434163451195041e-01 1.044636218808591366e+00 0.000000000000000000e+00 3.129654005169868469e-02 0.000000000000000000e+00 0.000000000000000000e+00
4.779082466848194599e+00 1.555608944967389107e+00 2.606371231377125133e-02 1.429208051413297376e-01 6.043566831946372986e+01 5.439192147925496101e+00 2.063690114179626391e+02 1.375116987731308029e+02 1.546465459801256657e+02 3.985317989159375429e+01 2.035565568199381005e+03 2.841346077620983124e-01 1.767291160877794027e+02 0.000000000000000000e+00 4.243864980246871710e+01 5.509474140591919422e+00 4.909607023000717163e-02 6.552592404186724506e-01 4.770353250205516815e-02 2.363051194697618484e-01 3.751894153561443090e+01 3.130278699100017548e-01 5.431087873876094818e-02 2.209060683846473694e+00 3.656491091381757741e+01 0.000000000000000000e+00 1.825257223099469861e-01 2.853642720729112625e-01 2.616572919376194477e+02 1.142904274351894855e+01 1.479427678510546684e+00 0.000000000000000000e+00 5.259590438567101955e+00 2.611270546913146973e-01 1.299458391498774290e+01 7.693924941122530503e-02 3.816133476793766022e-01 0.000000000000000000e+00 0.000000000000000000e+00 7.852545477449893063e+00 2.810542285442352642e-02 1.192905500531196594e+00 5.785020718351006508e+00 2.491722079925239086e+00 6.981311218813061714e+00 7.856933406554159838e+00 3.996552899479866028e-02 3.831222769804298878e+00 0.000000000000000000e+00 1.869137598201632500e+00 9.093055659905074917e-01 9.773747250437735123e-02 3.454399108886718750e-02 0.000000000000000000e+00 0.000000000000000000e+00 6.020249091088771820e-01 6.908456794917583466e-02 1.173463510349393030e-01 1.857141256332397461e-01 1.796200213301926496e+01 2.770873345434665333e-02 1.861623115837574005e-02 1.129687260836362839e-01 3.038209432829171419e+01 2.986372057348489761e+00 1.668250652030110359e+00 0.000000000000000000e+00 0.000000000000000000e+00 0.000000000000000000e+00 1.157112196087836942e-01
4.388796910643577576e-02 1.692062802612781525e-02 6.161052361130714417e-02 2.421155543997884074e-01 0.000000000000000000e+00 7.642658101394772530e-01 6.241900976747274399e-01 3.126964362338185310e+00 4.955431378446519375e+00 0.000000000000000000e+00 2.841346077620983124e-01 1.223150626830756664e+02 1.640614271163940430e-01 2.250393837597221136e+01 4.994889281690120697e+00 4.188197478652000427e-02 0.000000000000000000e+00 2.886609325185418573e+00 3.548734959866851568e+01 2.342202771641314030e+01 0.000000000000000000e+00 1.111084874719381471e-01 1.252322178333997726e-01 4.230236280709505081e-01 1.323949806392193118e-01 3.265010697767138481e+00 3.118683119490742683e+01 2.321338230650871992e+01 1.716793905943632126e-01 1.724181842990219815e+00 1.900925207883119583e-01 5.467840747907757759e+00 7.056516921147704124e-01 2.558245062828063965e-01 1.003026155102998018e+01 1.120100636035203934e-01 0.000000000000000000e+00 3.107693791389465332e-02 0.000000000000000000e+00 0.000000000000000000e+00 0.000000000000000000e+00 0.000000000000000000e+00 0.000000000000000000e+00 0.000000000000000000e+00 1.069677527993917465e-01 0.000000000000000000e+00 3.197554405778646469e+00 0.000000000000000000e+00 5.267055643722414970e+00 0.000000000000000000e+00 0.000000000000000000e+00 0.000000000000000000e+00 1.628026179969311107e-02 6.056208591908216476e-01 9.512124881148338318e-01 0.000000000000000000e+00 0.000000000000000000e+00 2.801115624606609344e-02 0.000000000000000000e+00 2.379785105586051941e-02 3.398286029696464539e-01 4.724873837083578110e+00 1.318255892023444176e+00 0.000000000000000000e+00 0.000000000000000000e+00 0.000000000000000000e+00 2.923976628109812737e+00 0.000000000000000000e+00 0.000000000000000000e+00 0.000000000000000000e+00
1.409211279824376106e+00 1.439586933702230453e-02 0.000000000000000000e+00 0.000000000000000000e+00 3.933142775855958462e+01 2.071579200215637684e+00 6.613073265925049782e+01 3.953122454695403576e+00 3.921023686975240707e+01 1.202618155814707457e+01 1.767291160877794027e+02 1.640614271163940430e-01 1.162352001070976257e+02 5.914671160280705192e-02 7.136093515902757645e+00 1.232573707681148889e+01 0.000000000000000000e+00 1.748965866863727570e-02 5.332020670175550286e-02 0.000000000000000000e+00 1.151574431080370964e+01 0.000000000000000000e+00 3.559899181127548218e-01 2.028952464461326322e-01 5.041884816251695156e+00 0.000000000000000000e+00 0.000000000000000000e+00 1.519777812063694000e-02 2.770658499095589278e+01 1.232838062569499238e+00 2.139339074492454529e-01 0.000000000000000000e+00 8.275679703801868126e-01 7.173389196395875411e-02 2.089307730086147785e+00 0.000000000000000000e+00 0.000000000000000000e+00 0.000000000000000000e+00 0.000000000000000000e+00 9.860893338918684525e-02 0.000000000000000000e+00 1.568444222211838046e-01 6.036968901753424904e-02 5.697294324636459351e-02 7.763576731085777283e-01 1.381096178665757179e-01 0.000000000000000000e+00 2.079259380698204041e-01 0.000000000000000000e+00 0.000000000000000000e+00 4.017511568963527679e-02 0.000000000000000000e+00 0.000000000000000000e+00 0.000000000000000000e+00 0.000000000000000000e+00 1.746761240065098156e-02 0.000000000000000000e+00 0.000000000000000000e+00 0.000000000000000000e+00 4.390165805816650391e-01 0.000000000000000000e+00 0.000000000000000000e+00 0.000000000000000000e+00 1.867168130353092925e+00 0.000000000000000000e+00 0.000000000000000000e+00 0.000000000000000000e+00 0.000000000000000000e+00 0.000000000000000000e+00 0.000000000000000000e+00
6.376159936189650101e-02 0.000000000000000000e+00 2.408288028091192523e-01 3.556275665760040283e-01 0.000000000000000000e+00 3.342942390590906143e-01 2.439674921333790172e-02 8.889710344374179840e-02 6.099258847534656525e-01 8.209988102316856384e-01 0.000000000000000000e+00 2.250393837597221136e+01 5.914671160280705192e-02 2.082980129681527615e+01 1.723945271223783493e-01 0.000000000000000000e+00 0.000000000000000000e+00 1.458274433389306068e-01 7.096119614318013191e+00 1.768804824911057727e+00 0.000000000000000000e+00 0.000000000000000000e+00 1.010541431605815887e+00 2.461654879152775158e-02 3.161917757242918015e-01 1.665480223484337552e+00 9.023894251324236393e+00 4.183576332591474056e+01 8.855947107076644897e-02 2.307612095028162003e-01 3.749180957674980164e-02 1.011678948067128658e+00 1.463236473500728829e+00 6.016048043966294723e-02 3.629113923758268356e+00 5.860731750726699829e-02 0.000000000000000000e+00 0.000000000000000000e+00 0.000000000000000000e+00 0.000000000000000000e+00 0.000000000000000000e+00 0.000000000000000000e+00 0.000000000000000000e+00 6.515347361564635120e-01 0.000000000000000000e+00 0.000000000000000000e+00 5.222562060691416264e+00 0.000000000000000000e+00 1.847386191785335541e+01 3.816654160618782043e-02 2.165303565561771393e-02 0.000000000000000000e+00 2.762619964778423656e-02 1.139615239575505035e+00 1.562573947012424469e-02 0.000000000000000000e+00 0.000000000000000000e+00 2.757911570370197643e-02 4.304198324680328369e-01 0.000000000000000000e+00 1.037298543378710525e+00 7.295102018862962723e+00 2.768716378137469292e+00 0.000000000000000000e+00 0.000000000000000000e+00 1.586828380823135376e-02 4.498777488246560097e+00 0.000000000000000000e+00 0.000000000000000000e+00 0.000000000000000000e+00
1.039232420735061169e+00 2.720673256926238537e+01 0.000000000000000000e+00 1.322465981356799603e+00 1.701841700822114944e+00 8.130059461109340191e+00 2.923900369275361300e+01 1.977189705390483141e+02 1.817762833908200264e+02 5.081080765463411808e+00 4.243864980246871710e+01 4.994889281690120697e+00 7.136093515902757645e+00 1.723945271223783493e-01 2.796086505167186829e+02 5.390983913093805313e-01 8.518062438815832138e-01 9.402606497518720019e+00 7.852424476295709610e-01 5.231284666806459427e+00 3.790174443274736404e+00 4.409364256076514721e+00 5.441619828343391418e-02 8.562927204184230590e+00 9.408908481709657323e+00 0.000000000000000000e+00 2.341937590390443802e+00 2.010536151938140392e+00 3.152433574013411999e+01 5.732382904551923275e+01 2.266017764899880049e+01 3.293781355023384094e-02 2.955997163522988558e+01 2.678264068439602852e+00 2.032594662252813578e+01 0.000000000000000000e+00 6.038701348006725311e-02 0.000000000000000000e+00 2.851516567170619965e-02 2.236151322722434998e-02 0.000000000000000000e+00 0.000000000000000000e+00 2.665647126734257188e+00 3.004999272525310516e-01 1.930364830419421196e+00 9.363359026610851288e-01 2.142832428216933857e-02 0.000000000000000000e+00 0.000000000000000000e+00 5.790386721491815047e-02 0.000000000000000000e+00 9.338859189301728092e-01 0.000000000000000000e+00 0.000000000000000000e+00 0.000000000000000000e+00 1.331909652799368078e-02 3.731225430965423584e-02 5.667771399021150069e-02 4.251060169190168381e-02 3.864268427714705467e+00 2.882959507405757904e-02 0.000000000000000000e+00 1.934778312221169472e+00 3.530086955055594444e+00 7.952623441815379057e-02 1.845796743407845497e+00 0.000000000000000000e+00 0.000000000000000000e+00 0.000000000000000000e+00 0.000000000000000000e+00
1.119260100647807121e+00 0.000000000000000000e+00 0.000000000000000000e+00 0.000000000000000000e+00 6.201192568987607956e-01 5.961238100193440914e+00 1.130686216708272518e+01 5.906324163079261780e-01 1.458632906433194876e+01 1.804835605528205633e+01 5.509474140591919422e+00 4.188197478652000427e-02 1.232573707681148889e+01 0.000000000000000000e+00 5.390983913093805313e-01 3.446524070575833321e+00 0.000000000000000000e+00 0.000000000000000000e+00 2.597202546894550670e-02 0.000000000000000000e+00 1.461474196985363960e-01 2.628664299845695496e-02 5.989415980875492096e-01 4.737323522567749023e-02 8.884250209666788578e+00 4.854906722903251648e-02 0.000000000000000000e+00 2.727996539324522018e-01 3.078741558827459812e+00 1.132917124778032442e-01 0.000000000000000000e+00 0.000000000000000000e+00 3.223717771470546722e-01 0.000000000000000000e+00 7.916897535324096680e-02 0.000000000000000000e+00 0.000000000000000000e+00 0.000000000000000000e+00 0.000000000000000000e+00 7.201188243925571442e-02 0.000000000000000000e+00 0.000000000000000000e+00 2.401453815400600433e-02 6.046497076749800248e-02 6.463429089635610580e-01 1.295733712613582611e-01 0.000000000000000000e+00 5.870418194681406021e-01 0.000000000000000000e+00 0.000000000000000000e+00 6.278442591428756714e-02 0.000000000000000000e+00 0.000000000000000000e+00 0.000000000000000000e+00 0.000000000000000000e+00 1.949305646121501923e-02 0.000000000000000000e+00 0.000000000000000000e+00 0.000000000000000000e+00 7.818995788693429427e-02 0.000000000000000000e+00 0.000000000000000000e+00 0.000000000000000000e+00 7.030643224716186523e-01 0.000000000000000000e+00 7.790350317955014869e-01 0.000000000000000000e+00 0.000000000000000000e+00 0.000000000000000000e+00 2.737461589276790619e-02
1.209583375602960587e+00 4.387596622109413147e-02 5.891107209026813507e-01 1.418618865311145782e+00 0.000000000000000000e+00 5.695554502308368683e-01 6.640003994107246399e-02 1.525828935205936432e+00 6.078156959265470505e-01 2.215511166490614414e+00 4.909607023000717163e-02 0.000000000000000000e+00 0.000000000000000000e+00 0.000000000000000000e+00 8.518062438815832138e-01 0.000000000000000000e+00 1.220713942963629961e+02 5.664713097736237657e+00 4.860087111592292786e-02 2.277534566819668094e-01 0.000000000000000000e+00 2.498443037178367376e+01 3.239911898318678141e+01 8.546152614802122116e+01 1.270208446774631383e+01 0.000000000000000000e+00 9.744100179523226823e-02 3.782770397514104843e+01 2.010062725376337767e+01 1.786934100091457589e+00 9.283536243252457965e+00 0.000000000000000000e+00 1.864517871290445328e-01 8.749371953308582306e-02 1.482154916040599346e+01 3.662181589752435684e-01 1.331522036343812943e-02 1.685370132327080120e-02 2.820773981511592865e-01 0.000000000000000000e+00 0.000000000000000000e+00 0.000000000000000000e+00 2.081774529069662649e-01 8.756655491888521992e-01 3.375512249767780304e-01 5.239444412291049957e-02 0.000000000000000000e+00 0.000000000000000000e+00 1.755436696112155914e-02 1.639543380588293353e-01 0.000000000000000000e+00 3.188881096430122852e+01 3.738759551197290421e-01 6.678990274667739868e-02 1.013860749080777029e-01 0.000000000000000000e+00 1.419340735021978972e+01 5.319141631945967674e+00 5.466234920546412468e+01 5.821349304169416428e-01 4.766819253563880920e-02 1.703887935727834479e+00 1.628457225486636162e+01 6.218489883467555046e+00 3.502021823078393936e-01 7.046915237791836262e+00 0.000000000000000000e+00 0.000000000000000000e+00 0.000000000000000000e+00 1.361669357866049090e-01
1.175813823938370029e-01 9.496356202289463200e-01 1.074382774531841556e-01 5.251831161975860596e+01 0.000000000000000000e+00 0.000000000000000000e+00 3.679210031405091286e-01 1.524240447487682104e+01 2.979618959128856659e+00 3.731910698115825653e-01 6.552592404186724506e-01 2.886609325185418573e+00 1.748965866863727570e-02 1.458274433389306068e-01 9.402606497518720019e+00 0.000000000000000000e+00 5.664713097736237657e+00 2.040338371135294437e+01 6.965714578516783106e+00 3.967893618345260620e+01 0.000000000000000000e+00 3.800406143348664045e+01 1.207211383618414402e+00 8.062006356567144394e+01 5.184682896360754967e-01 1.227719895541667938e-01 3.530439726822078228e+01 9.181452578678727150e+01 3.174069848842918873e+00 2.673070474527776241e+00 2.945449500810354948e+01 1.566101163625716886e-01 4.350438155233860016e-02 6.128419563174249823e-02 1.295566866174340470e+00 1.912237517535686493e-02 3.896304592490196228e-02 1.547471154481172562e-01 6.268421029672026634e-01 0.000000000000000000e+00 0.000000000000000000e+00 0.000000000000000000e+00 6.092977672815325096e-01 0.000000000000000000e+00 1.574367657303810120e-02 0.000000000000000000e+00 0.000000000000000000e+00 0.000000000000000000e+00 7.564314082264900208e-02 0.000000000000000000e+00 0.000000000000000000e+00 1.081747617572546227e+00 2.076208628714085069e+00 4.716737568378448486e-02 8.816170897334811851e-01 0.000000000000000000e+00 1.761272393167019112e+00 3.588895667344331741e-01 2.236480149440467358e+00 3.127614036202430725e-01 1.818885467946529388e-02 7.592209113761783534e+00 1.308666706923395395e+01 7.330636307597162560e-01 0.000000000000000000e+00 3.731563044711947441e-01 0.000000000000000000e+00 0.000000000000000000e+00 0.000000000000000000e+00 1.227595191448927203e-01
0.000000000000000000e+00 1.511955000460148135e-01 0.000000000000000000e+00 3.051127688959240913e+00 0.000000000000000000e+00 5.526915788650514916e-01 0.000000000000000000e+00 1.478954877704381943e+00 5.095857866108417511e-01 2.767300046980381012e-01 4.770353250205516815e-02 3.548734959866851568e+01 5.332020670175550286e-02 7.096119614318013191e+00 7.852424476295709610e-01 2.597202546894550670e-02 4.860087111592292786e-02 6.965714578516783106e+00 1.535843489505350590e+01 3.606296068057417870e+01 0.000000000000000000e+00 6.491463128477334976e-01 1.247318480163812637e-01 3.047309120185673237e+00 6.686788238584995270e-02 3.197989951819181442e+00 5.446275025978684425e+01 3.718618764728307724e+01 5.164435617625713348e-01 2.525739017874002457e-01 5.386489480733871460e-01 3.758699827827513218e+00 4.107615724205970764e-02 1.651452481746673584e-02 5.731615157797932625e+00 0.000000000000000000e+00 0.000000000000000000e+00 1.581427641212939869e-02 3.571803122758865356e-02 0.000000000000000000e+00 0.000000000000000000e+00 0.000000000000000000e+00 0.000000000000000000e+00 0.000000000000000000e+00 0.000000000000000000e+00 0.000000000000000000e+00 4.023321524262428284e+00 0.000000000000000000e+00 3.160829140804708004e+00 0.000000000000000000e+00 0.000000000000000000e+00 0.000000000000000000e+00 6.572593748569489913e-02 9.953561499714849159e-01 9.592163311317563057e-01 0.000000000000000000e+00 0.000000000000000000e+00 0.000000000000000000e+00 6.915564090013505416e-02 0.000000000000000000e+00 3.865517415106296539e-01 5.326743989251554012e+00 3.621630557812750340e+00 0.000000000000000000e+00 0.000000000000000000e+00 0.000000000000000000e+00 1.673595659434795380e+00 0.000000000000000000e+00 0.000000000000000000e+00 0.000000000000000000e+00
1.642755679786205569e-01 4.368760790675878525e-01 4.788455814123153687e-01 2.350956595502793789e+01 0.000000000000000000e+00 1.053778771311044554e-01 7.144836336374282837e-01 8.513441978022456169e+00 4.752751080319285393e+00 2.179341353476047516e-01 2.363051194697618484e-01 2.342202771641314030e+01 0.000000000000000000e+00 1.768804824911057727e+00 5.231284666806459427e+00 0.000000000000000000e+00 2.277534566819668094e-01 3.967893618345260620e+01 3.606296068057417870e+01 5.272456962987780571e+01 1.900671981275081635e-02 5.210650891996920109e+00 1.179444885812700017e+00 2.856012713816016912e+01 9.632456302642819490e-02 2.467452473938465118e+00 1.119959343308583044e+02 7.336059178970754147e+01 1.671528891660272853e+00 1.350863715633749962e+00 9.660158287733793259e+00 1.095045500434935315e+00 8.994461130350828171e-01 5.869299359619614687e-02 2.520999489352107048e+00 1.198986452072858672e-01 2.500711753964424133e-02 8.746515326201914631e-01 7.528546582907437168e-01 0.000000000000000000e+00 0.000000000000000000e+00 0.000000000000000000e+00 9.117955714464190398e-02 0.000000000000000000e+00 6.279788166284559769e-02 0.000000000000000000e+00 1.273036468774080276e-01 0.000000000000000000e+00 2.108088586479425430e+00 0.000000000000000000e+00 0.000000000000000000e+00 6.395548004657031216e-01 1.252536421641707420e+00 5.827117161825299263e-01 7.768589560873808253e+00 0.000000000000000000e+00 1.449207980185746869e-01 3.440273180603981018e-02 1.634743921458721383e+00 0.000000000000000000e+00 7.560927942395210266e-01 1.534214969631284475e+01 1.659373360686004162e+01 5.403098091483116150e-02 0.000000000000000000e+00 1.755438353866338730e-01 8.084216434508563198e-01 0.000000000000000000e+00 0.000000000000000000e+00 0.000000000000000000e+00
1.344095299020409584e+00 0.000000000000000000e+00 0.000000000000000000e+00 0.000000000000000000e+00 2.836791567504405975e+00 2.259339019656181335e-02 3.804419991560280323e+00 2.223312338814139366e+00 3.332555392757058144e+00 1.123600326478481515e+00 3.751894153561443090e+01 0.000000000000000000e+00 1.151574431080370964e+01 0.000000000000000000e+00 3.790174443274736404e+00 1.461474196985363960e-01 0.000000000000000000e+00 0.000000000000000000e+00 0.000000000000000000e+00 1.900671981275081635e-02 8.009134605526924133e-01 0.000000000000000000e+00 0.000000000000000000e+00 3.218307718634605408e-02 2.909798037260770354e+00 0.000000000000000000e+00 0.000000000000000000e+00 0.000000000000000000e+00 2.708496053237468004e+01 9.032049588859078493e-02 0.000000000000000000e+00 0.000000000000000000e+00 0.000000000000000000e+00 0.000000000000000000e+00 5.724385716021060944e-01 0.000000000000000000e+00 2.171001769602298390e-02 0.000000000000000000e+00 0.000000000000000000e+00 2.745823003351688385e-02 0.000000000000000000e+00 3.735977411270141602e-02 3.293548524379730225e-01 0.000000000000000000e+00 4.809134639799594879e-02 2.826904617249965668e-01 0.000000000000000000e+00 1.013288982212543488e-01 0.000000000000000000e+00 0.000000000000000000e+00 5.783818569034337997e-02 0.000000000000000000e+00 0.000000000000000000e+00 0.000000000000000000e+00 0.000000000000000000e+00 1.116113066673278947e-01 0.000000000000000000e+00 0.000000000000000000e+00 0.000000000000000000e+00 7.156851105391981438e-01 0.000000000000000000e+00 0.000000000000000000e+00 0.000000000000000000e+00 7.479745913296940163e-01 0.000000000000000000e+00 0.000000000000000000e+00 0.000000000000000000e+00 0.000000000000000000e+00 0.000000000000000000e+00 0.000000000000000000e+00
8.124301899224517509e-01 1.517639141529798785e-01 0.000000000000000000e+00 6.565539750270545483e+00 0.000000000000000000e+00 5.146503634750843048e-02 9.392183534801005207e-01 1.472146609891206026e+01 6.324512872844934464e+00 1.085937276482582092e+00 3.130278699100017548e-01 1.111084874719381471e-01 0.000000000000000000e+00 0.000000000000000000e+00 4.409364256076514721e+00 2.628664299845695496e-02 2.498443037178367376e+01 3.800406143348664045e+01 6.491463128477334976e-01 5.210650891996920109e+00 0.000000000000000000e+00 3.121362666394560961e+02 1.317615339253097773e+01 2.904131185803562403e+02 1.107228969223797321e+00 0.000000000000000000e+00 5.268118850886821747e+00 1.339442390389740467e+01 1.384588361717760385e+01 2.737509562633931637e+00 9.999512769374999266e+01 0.000000000000000000e+00 1.194976866245270053e-01 5.948707964271306992e-01 6.562561461608856916e+01 2.523843217641115189e-01 1.628521773964166364e-01 1.454306673258543015e-02 2.237969897687435428e-01 0.000000000000000000e+00 1.974373497068881989e-02 2.466113865375519146e-02 7.539332732558250427e-01 3.736116327345371246e-01 4.468336217105388641e-01 0.000000000000000000e+00 3.670487180352210999e-02 0.000000000000000000e+00 0.000000000000000000e+00 8.150170184671878815e-02 0.000000000000000000e+00 2.449211356230080128e+01 2.572070341557264328e-01 0.000000000000000000e+00 1.552126854658127109e-01 0.000000000000000000e+00 1.668032974470406771e+01 4.292442352510988712e+00 4.485900081787258387e+01 3.379695708863437176e+00 0.000000000000000000e+00 2.529045902192592621e-01 1.030544055718928576e+01 3.165710595436394215e+00 1.986593119800090790e-01 8.352255805395543575e+00 0.000000000000000000e+00 0.000000000000000000e+00 0.000000000000000000e+00 6.589881395921111107e-01
