7.232865318655967712e-02 4.999890923500061035e-02 1.509551405906677246e-01 0.000000000000000000e+00 1.633927324786782487e+00 4.338320065289735794e-02 5.192391974851489067e-01 3.644519793801009655e+00 3.535745358094573021e-01 4.597995029762387276e-01 2.991138447076082230e+00 1.297291201539337413e+00 2.824132563546299934e-01 8.042043242603540421e-01 5.403645532205700874e-01 6.713703237473964691e-01 3.428617604076862335e-01 7.178750485181809582e-01 1.642074454575777054e-01 0.000000000000000000e+00 3.017681073397397995e-01 1.874315507709980011e+00 1.467245494946837425e+00 3.799473810940980911e-01 1.798697765916585922e+00 0.000000000000000000e+00 2.151935230940580368e-01 1.304219093173742294e+00 3.345697155222296715e+00 3.787574600428342819e-01 1.985726933926343918e-01 1.487879008054733554e-01 2.729741811752319336e+00 3.148178383708000183e-02 1.224838718771934509e-01 0.000000000000000000e+00 3.637622296810150146e-02 3.100423887372016907e-02 5.354276765137910149e-02 7.362305745482444763e-02 0.000000000000000000e+00 1.376794148236513138e-01 4.278793372213840485e-02 0.000000000000000000e+00 3.380294796079397202e-02 4.490520898252725601e-01 1.453313287347554883e-01 3.341744467616081238e-02 6.671907380223275619e-02 0.000000000000000000e+00 0.000000000000000000e+00 8.413221929222347573e-01 5.847925134003160302e-02 1.377426534891128540e-01 4.644616413861513138e-02 1.832475699484348644e-02 5.547872185707092285e-01 2.207119390368461609e-02 1.584731662645936012e+00 3.247998617589473724e-01 3.552449122071266174e-02 1.372393798083066940e-01 1.827880836091935635e+00 2.371298926882445812e+00 8.909351378679275513e-02 3.523151949048042297e-02 1.780048385262489596e-01 0.000000000000000000e+00 0.000000000000000000e+00 0.000000000000000000e+00
4.999890923500061035e-02 2.045812239870429483e+00 0.000000000000000000e+00 4.822185337543487549e-01 2.653148770332336426e-02 7.343688635155558586e-01 4.356983863748610020e+00 2.621665139682590961e+00 2.523045415151864290e+01 9.556606067344544098e-01 4.583922214806079865e-01 1.448587734252214432e+00 0.000000000000000000e+00 6.656725890934464540e-02 4.078527283947914839e+01 0.000000000000000000e+00 2.509657405316829681e-01 5.493007507175207138e-02 0.000000000000000000e+00 0.000000000000000000e+00 0.000000000000000000e+00 1.469091140665113926e+00 0.000000000000000000e+00 2.084770706482231617e+00 5.452893441542983055e-01 0.000000000000000000e+00 0.000000000000000000e+00 4.944428242743015289e-02 3.610433756373822689e+00 2.522658991441130638e+01 2.070747703034430742e+01 2.889940515160560608e-02 5.191774936392903328e-01 1.119675412774085999e-01 2.113119143992662430e+00 0.000000000000000000e+00 3.291816636919975281e-02 0.000000000000000000e+00 0.000000000000000000e+00 0.000000000000000000e+00 0.000000000000000000e+00 0.000000000000000000e+00 1.004762854427099054e-02 0.000000000000000000e+00 9.073328226804734664e-02 0.000000000000000000e+00 0.000000000000000000e+00 0.000000000000000000e+00 0.000000000000000000e+00 5.230991169810295105e-02 0.000000000000000000e+00 0.000000000000000000e+00 0.000000000000000000e+00 0.000000000000000000e+00 0.000000000000000000e+00 0.000000000000000000e+00 2.048234855756163597e-01 0.000000000000000000e+00 2.499520760029554645e-01 3.173363395035266876e-02 0.000000000000000000e+00 0.000000000000000000e+00 2.097643166780472149e-02 9.835892543196676774e-02 1.487001031637192050e-01 4.044252727180719376e-02 0.000000000000000000e+00 0.000000000000000000e+00 0.000000000000000000e+00 0.000000000000000000e+00
1.509551405906677246e-01 0.000000000000000000e+00 4.928979650139808655e-02 1.219405884854495525e+00 0.000000000000000000e+00 0.000000000000000000e+00 0.000000000000000000e+00 0.000000000000000000e+00 0.000000000000000000e+00 9.661145033314825215e-01 0.000000000000000000e+00 6.213711792603135109e+00 0.000000000000000000e+00 5.816489968448877335e+00 1.719907950609922409e-01 2.768146060407161366e-02 2.513113645836710930e-01 1.236005764454603639e+00 1.235265647061168925e+00 1.710969942621886952e+00 0.000000000000000000e+00 3.034169506281614304e-01 1.540649488568305969e+00 1.302005439996719138e+00 1.817449845373630524e+00 1.544712309725582600e+00 6.105228069238364697e+00 4.679274880141019821e+01 2.083060871809720993e-01 0.000000000000000000e+00 7.137732394039629502e-02 3.830940546467900276e+00 0.000000000000000000e+00 0.000000000000000000e+00 0.000000000000000000e+00 0.000000000000000000e+00 0.000000000000000000e+00 0.000000000000000000e+00 9.015964716672897339e-02 0.000000000000000000e+00 0.000000000000000000e+00 0.000000000000000000e+00 0.000000000000000000e+00 0.000000000000000000e+00 0.000000000000000000e+00 0.000000000000000000e+00 3.995468467473983765e-02 0.000000000000000000e+00 3.938554041087627411e-02 0.000000000000000000e+00 0.000000000000000000e+00 2.746993117034435619e-02 8.182984283193944774e-01 1.747281476855278015e-02 6.523534841835500198e-02 0.000000000000000000e+00 1.581065952777862549e-01 7.830024361610414818e-01 1.971682161092757832e-02 3.397676721215248108e-02 2.914324775338172913e-02 4.747357219457626343e-02 8.555034436285495758e-01 0.000000000000000000e+00 0.000000000000000000e+00 0.000000000000000000e+00 0.000000000000000000e+00 0.000000000000000000e+00 0.000000000000000000e+00 0.000000000000000000e+00
0.000000000000000000e+00 4.822185337543487549e-01 1.219405884854495525e+00 6.782012009806931019e+01 0.000000000000000000e+00 0.000000000000000000e+00 0.000000000000000000e+00 1.612926923669874668e+00 2.740178517997264862e-01 3.083031065762042999e-02 4.603379033505916595e-02 5.232450598850846291e-01 0.000000000000000000e+00 1.949562504887580872e-02 7.620211932808160782e-01 0.000000000000000000e+00 3.604533895850181580e-02 5.054318526666611433e+01 1.995513550937175751e-01 5.652105167508125305e+00 0.000000000000000000e+00 1.955693651922047138e+01 3.648206787183880806e-01 1.541215568101033568e+02 3.946515182033181190e-01 0.000000000000000000e+00 3.692817147169262881e+01 2.207467144168913009e+01 2.933327279053628445e+00 3.259379649534821510e-01 1.144048650283366442e+01 0.000000000000000000e+00 0.000000000000000000e+00 0.000000000000000000e+00 5.943030770868062973e-02 6.357550527900454607e-02 0.000000000000000000e+00 1.257615201175213138e-01 3.497824991121888161e+00 0.000000000000000000e+00 0.000000000000000000e+00 0.000000000000000000e+00 5.874390341341494820e-02 1.768956705927849163e-02 0.000000000000000000e+00 0.000000000000000000e+00 3.658755682408809662e-02 0.000000000000000000e+00 0.000000000000000000e+00 0.000000000000000000e+00 0.000000000000000000e+00 3.699824614450335503e-01 2.074426325038075447e+00 1.900772377848624836e-02 3.485618382692337036e-01 0.000000000000000000e+00 1.182432379573583464e-01 2.969704635441303697e+00 6.269580775871872902e+00 3.042134717106819153e-01 0.000000000000000000e+00 7.994760777801275253e-01 1.799871372710913420e+01 1.832442991435527802e-01 1.798135936260223389e-01 3.628193959593772888e-02 0.000000000000000000e+00 0.000000000000000000e+00 0.000000000000000000e+00 1.889612153172492981e-02
1.633927324786782487e+00 2.653148770332336426e-02 0.000000000000000000e+00 0.000000000000000000e+00 9.394650996476411819e+01 1.478482689708471472e-02 4.280455723404884338e+00 2.387353426963090897e+01 8.536806021817028522e+00 1.663556358963251114e+01 1.813960699988529086e+02 1.849202252924442638e-02 2.745441613253206015e+01 2.187765985727309903e-01 4.606921450234949589e+00 2.123950142413377762e-01 2.851027436554431915e-02 1.122520603239536285e-01 2.571651525795459400e-02 0.000000000000000000e+00 1.455990073177963495e+01 3.686215355992317200e-02 9.958605654537677765e-02 4.482662584632635117e-02 3.411832088604569435e+01 2.031733840703963886e-02 0.000000000000000000e+00 7.892726063728330299e-01 1.315147221805527806e+02 3.034508079290390015e-01 1.105889976024627824e-01 0.000000000000000000e+00 0.000000000000000000e+00 0.000000000000000000e+00 4.676123335957527161e-02 0.000000000000000000e+00 5.085045285522939856e-02 0.000000000000000000e+00 4.323076084256172180e-02 5.689013330265879631e-01 0.000000000000000000e+00 4.135208604857325554e-01 3.124921470880508423e-01 3.912764627486467361e+00 1.554109517484903336e+00 2.281183353625237942e+00 0.000000000000000000e+00 9.063391573727130890e-02 0.000000000000000000e+00 4.692082516849040985e-01 0.000000000000000000e+00 3.770365752279758453e-02 0.000000000000000000e+00 0.000000000000000000e+00 0.000000000000000000e+00 0.000000000000000000e+00 1.088226698338985443e-01 0.000000000000000000e+00 6.499521620571613312e-02 2.194295848719775677e+00 0.000000000000000000e+00 0.000000000000000000e+00 0.000000000000000000e+00 4.602540065534412861e+00 1.456339471042156046e-02 1.176240146160125594e-01 0.000000000000000000e+00 0.000000000000000000e+00 0.000000000000000000e+00 0.000000000000000000e+00
4.338320065289735794e-02 7.343688635155558586e-01 0.000000000000000000e+00 0.000000000000000000e+00 1.478482689708471472e-02 3.934611534699798074e+00 3.604184578172862974e+00 9.746564989909530796e-01 2.431815012358129025e+00 5.192797165364027023e-02 1.352611319161951320e+00 9.489408135414123535e-02 4.558139350265264511e-01 1.664818078279494892e-02 2.712055858224629912e+00 2.197679163888096809e+00 3.966018930077552795e-02 0.000000000000000000e+00 0.000000000000000000e+00 0.000000000000000000e+00 2.747218124568462372e-02 6.126672532409430660e-01 0.000000000000000000e+00 2.613587714731693268e-01 0.000000000000000000e+00 0.000000000000000000e+00 0.000000000000000000e+00 8.206680975854395432e-02 1.652089358307420985e+00 6.212172705680131912e+00 1.072389943525195344e+00 1.776719838380813599e-02 3.843673430383205414e-01 0.000000000000000000e+00 4.120296402834355831e+00 0.000000000000000000e+00 0.000000000000000000e+00 0.000000000000000000e+00 0.000000000000000000e+00 0.000000000000000000e+00 0.000000000000000000e+00 0.000000000000000000e+00 0.000000000000000000e+00 3.613189235329627991e-02 0.000000000000000000e+00 0.000000000000000000e+00 0.000000000000000000e+00 0.000000000000000000e+00 0.000000000000000000e+00 6.319445371627810393e-02 0.000000000000000000e+00 2.653975039720535625e-02 0.000000000000000000e+00 0.000000000000000000e+00 0.000000000000000000e+00 0.000000000000000000e+00 0.000000000000000000e+00 0.000000000000000000e+00 2.459753602743149081e-01 0.000000000000000000e+00 0.000000000000000000e+00 0.000000000000000000e+00 0.000000000000000000e+00 2.200323902070522655e-02 1.816908642649650574e-02 0.000000000000000000e+00 0.000000000000000000e+00 0.000000000000000000e+00 0.000000000000000000e+00 0.000000000000000000e+00
5.192391974851489067e-01 4.356983863748610020e+00 0.000000000000000000e+00 0.000000000000000000e+00 4.280455723404884338e+00 3.604184578172862974e+00 5.806020803377032280e+01 4.084066047519445419e+01 4.397232037130743265e+01 3.268087531439960003e+00 1.838286174973472953e+02 6.375862564891576767e-01 4.322271446790546179e+01 5.727942567318679984e-02 5.487136283423751593e+01 1.040696172229945660e+01 1.049445912241935508e+00 9.309550272300840534e-01 0.000000000000000000e+00 6.903914231806994595e-01 8.677461401559412479e+00 3.127988757565617561e+00 5.347334537655115128e-01 1.101929770782589690e+00 4.961570889689028263e+00 0.000000000000000000e+00 1.571059282869100571e-01 6.639622868970037617e-01 2.053901647124439478e+01 1.854453814961016178e+01 8.033557927235960960e+00 4.150309041142463684e-02 3.217850346118211746e-01 1.332376366481185237e-01 1.050543050747365115e+01 0.000000000000000000e+00 6.622095219790935516e-02 0.000000000000000000e+00 0.000000000000000000e+00 3.199230413883924484e-02 0.000000000000000000e+00 1.510707382112741470e-02 3.028098596259951591e-01 3.759013563394546509e-01 2.225388400256634036e-01 1.846590992063283920e-01 0.000000000000000000e+00 0.000000000000000000e+00 0.000000000000000000e+00 6.475125998258589310e-02 0.000000000000000000e+00 1.472716089338064194e-01 0.000000000000000000e+00 0.000000000000000000e+00 0.000000000000000000e+00 0.000000000000000000e+00 5.015714019536972046e-01 4.499125853180885315e-02 3.630498684942722321e-01 2.761074620299041271e+00 0.000000000000000000e+00 0.000000000000000000e+00 0.000000000000000000e+00 1.937972043640911579e+00 9.901246055960656600e-02 1.706557977944612281e+00 0.000000000000000000e+00 0.000000000000000000e+00 2.959587424993515015e-02 6.492549926042555375e-02
3.644519793801009655e+00 2.621665139682590961e+00 0.000000000000000000e+00 1.612926923669874668e+00 2.387353426963090897e+01 9.746564989909530796e-01 4.084066047519445419e+01 4.319985995944589376e+02 6.268982155341655016e+01 4.572704293020069599e+01 1.717584650442003920e+02 1.680346838198602200e+00 2.956674303859472275e+00 2.501444742083549500e-01 1.127699096314609051e+02 6.281504509970545769e-01 3.353017847985029221e-01 1.343246955145150601e+01 1.780997263267636299e-01 5.710487615317106247e+00 2.638627612031996250e+00 3.149164844676851871e+01 5.841864133253693581e-01 1.006380161363631665e+01 5.942544716130942106e+01 0.000000000000000000e+00 6.446901251561939716e+00 4.381436153315007687e+00 1.626947278110310435e+02 7.796197609044611454e+00 1.340788851128891110e+02 0.000000000000000000e+00 8.665341865271328770e-01 0.000000000000000000e+00 5.546464552171528339e+00 3.639958053827285767e-02 1.113517752848565356e+00 0.000000000000000000e+00 9.992936532944439454e-02 3.789264014922082424e+00 0.000000000000000000e+00 2.789696607738733292e+00 9.166789388284087181e+00 5.300214163959026337e+00 2.010031315498054472e+00 3.852405728772283489e+00 1.884879358112812042e-02 2.153560053557157516e-01 0.000000000000000000e+00 2.885568344965577570e+00 1.669814996421337128e-02 1.444305352866649406e+00 4.840138554573059082e-02 0.000000000000000000e+00 2.305836342275142670e-01 3.295450452715158463e-01 3.212041564285755157e+00 1.912156715989112576e-01 1.171234967187047005e+00 2.120877180527896044e+01 0.000000000000000000e+00 6.196370348334309663e-02 4.107361277565360069e-01 2.995394232776015997e+01 1.553940872661769168e+00 2.824528958648443222e+00 0.000000000000000000e+00 0.000000000000000000e+00 3.348863869905471802e-02 5.910089425742624802e-02
3.535745358094573021e-01 2.523045415151864290e+01 0.000000000000000000e+00 2.740178517997264862e-01 8.536806021817028522e+00 2.431815012358129025e+00 4.397232037130743265e+01 6.268982155341655016e+01 8.851784405671060085e+01 5.798983113840222359e+00 7.289988404605537653e+01 2.488111425191164017e+00 1.064862247649580240e+01 4.798235855996608734e-01 1.580219023758545518e+02 9.465075423941016197e-01 4.026333402842283249e+00 5.277185104787349701e-01 2.134360028430819511e-01 2.143683787435293198e-01 7.126253656111657619e+00 5.797274075448513031e+00 2.940448457375168245e-01 3.220140683464705944e+00 1.221457895915955483e+01 0.000000000000000000e+00 1.650142623111605644e-01 8.899847613647579037e-01 2.767165277991443872e+01 7.342820648197084665e+01 3.259165650419890170e+01 0.000000000000000000e+00 1.969503020867705567e+00 3.092637192457914352e-01 1.585733448527753353e+01 0.000000000000000000e+00 2.788079399615526199e-01 0.000000000000000000e+00 0.000000000000000000e+00 8.200703468173739519e-02 0.000000000000000000e+00 2.085649762302637100e-01 1.690443499013781548e+00 3.105276264250278473e-01 1.720871133729815206e-01 2.016529599204659462e-01 0.000000000000000000e+00 3.849045559763908386e-02 0.000000000000000000e+00 3.898098617792129517e-01 0.000000000000000000e+00 1.485011341981590016e+00 2.289459854364395142e-02 0.000000000000000000e+00 0.000000000000000000e+00 0.000000000000000000e+00 2.217401304282248020e+00 1.675259135663509091e-01 1.046689892187714577e+00 6.684653721749782562e+00 0.000000000000000000e+00 0.000000000000000000e+00 7.471739742904900394e-01 5.716722157783806324e+00 2.495937030762434006e-01 7.050587823614478111e-01 0.000000000000000000e+00 0.000000000000000000e+00 0.000000000000000000e+00 3.788466751575469971e-02
4.597995029762387276e-01 9.556606067344544098e-01 9.661145033314825215e-01 3.083031065762042999e-02 1.663556358963251114e+01 5.192797165364027023e-02 3.268087531439960003e+00 4.572704293020069599e+01 5.798983113840222359e+00 4.484627384878695011e+01 2.284388814028352499e+01 5.345272665843367577e+00 1.511442587710916996e+00 4.504401301033794880e+00 1.537223896197974327e+01 7.748455629684031010e+00 9.262165187858046878e+00 1.240149265155195968e+00 2.248363464139401913e+00 4.302441226318478584e-01 1.567628108896315098e+00 6.737288790754973888e+00 1.871420878916978481e+01 7.877317642793059349e+00 1.814298427067697048e+02 9.429743038490415730e-01 2.026064070872962475e+00 1.151787306927144527e+01 1.318252705316990614e+02 3.261490705423057523e+00 2.579666010662913322e+01 1.449427210725843906e+00 8.435698132961988449e-02 0.000000000000000000e+00 5.605906248092649979e-02 0.000000000000000000e+00 4.460243135690689087e-01 6.733567919582129913e-02 6.583514809608459473e-02 1.222693558782339096e+00 0.000000000000000000e+00 5.532123949378728867e-01 3.627144921571016312e+00 1.883186805061995983e+00 6.406786432489752769e-01 2.793791163712739944e+00 3.221180811524391174e-01 1.857693940401076993e-01 0.000000000000000000e+00 6.370019875466823578e-01 3.764653950929641724e-01 8.645815173164013601e+00 1.297538578510284424e-01 0.000000000000000000e+00 0.000000000000000000e+00 2.997390553355216980e-02 6.890901126898826945e+00 2.322491132654249668e+00 6.129050386138260365e+00 1.774694990087300539e+01 0.000000000000000000e+00 3.598950058221817017e-02 4.249302130192518234e-01 1.329155528359115124e+01 1.861589411273598671e+00 3.992567171342670918e+00 0.000000000000000000e+00 0.000000000000000000e+00 6.093531660735605066e-02 2.217803709208965648e-02
2.991138447076082230e+00 4.583922214806079865e-01 0.000000000000000000e+00 4.603379033505916595e-02 1.813960699988529086e+02 1.352611319161951320e+00 1.838286174973472953e+02 1.717584650442003920e+02 7.289988404605537653e+01 2.284388814028352499e+01 8.009250392764806747e+02 2.439636979252100268e-01 1.609738874481990933e+02 4.543270356953144073e-02 3.174475461896508222e+01 4.373223166912794113e+00 3.605257533490657806e-02 8.596665877848863602e-02 1.847825385630131115e-02 1.523618120700120926e-01 6.863509495742619038e+01 3.013069247826933861e-01 3.650718182325363159e-02 3.221279364079236984e-01 2.464496263302862644e+01 0.000000000000000000e+00 8.075820282101633940e-02 4.684850722551345825e-01 1.044279066408053041e+02 5.337849603965878487e-01 1.847180341370403323e+00 0.000000000000000000e+00 7.314089965075254440e-02 3.775517642498016357e-02 2.847745297476649284e+00 6.549496389925479889e-02 3.155881911516189575e-02 0.000000000000000000e+00 0.000000000000000000e+00 5.145082958042621613e-01 0.000000000000000000e+00 2.006674809381365499e-01 1.873492689803242461e+00 6.896894853562115513e-01 7.070011785253880188e-01 2.019565015099943128e+00 2.078546024858951569e-02 2.477670833468436848e-02 0.000000000000000000e+00 8.653435669839382172e-02 2.586093060672283173e-01 1.302198246121406555e-01 0.000000000000000000e+00 0.000000000000000000e+00 0.000000000000000000e+00 0.000000000000000000e+00 3.968886723741889000e-01 0.000000000000000000e+00 0.000000000000000000e+00 5.287454463541507721e+00 0.000000000000000000e+00 0.000000000000000000e+00 0.000000000000000000e+00 2.872379735112189802e+00 4.456661641597747803e-02 1.915221912786364555e-01 0.000000000000000000e+00 0.000000000000000000e+00 0.000000000000000000e+00 0.000000000000000000e+00
1.297291201539337413e+00 1.448587734252214432e+00 6.213711792603135109e+00 5.232450598850846291e-01 1.849202252924442638e-02 9.489408135414123535e-02 6.375862564891576767e-01 1.680346838198602200e+00 2.488111425191164017e+00 5.345272665843367577e+00 2.439636979252100268e-01 1.835649687219411135e+02 3.422186709940433502e-02 7.879237730801105499e+01 1.407756852917372958e+00 1.283382924273609893e+00 2.460171800106763396e+00 4.952894083224236965e+00 2.275273945741355774e+01 1.602949139941483736e+01 1.856487803161144604e-02 1.929528073407709599e+00 5.404138457030057907e+00 1.547662221826612949e+00 5.517905189655721188e+00 9.750973434187470090e+00 5.157371530402451754e+01 7.758221863023935327e+01 1.357659925706685033e+00 2.576097024604678154e+00 9.949087938293816880e-01 2.614848168659955263e+01 1.169055491685867088e+00 2.270932868123054504e-02 7.219592669047415257e+00 2.264253869652747830e-01 0.000000000000000000e+00 8.228667210787536934e-01 7.791455090045930343e-02 0.000000000000000000e+00 0.000000000000000000e+00 0.000000000000000000e+00 4.101025983691215515e-01 2.436734177172183990e-02 3.343775727786123753e+00 0.000000000000000000e+00 8.113518687896430492e+00 0.000000000000000000e+00 1.565182231832295479e+01 0.000000000000000000e+00 0.000000000000000000e+00 1.505195600911974907e-01 0.000000000000000000e+00 5.773695081472396851e+00 1.850606814958155155e+00 0.000000000000000000e+00 1.389346178621053418e-01 7.716477811336517334e-01 7.914516516029836135e-02 1.024328044615685940e+00 2.417396248318254948e+00 8.076638123951852322e+00 1.137012117169797598e+01 8.394521102309225602e-02 0.000000000000000000e+00 5.988352373242380317e-02 3.423450922593474388e+00 0.000000000000000000e+00 0.000000000000000000e+00 0.000000000000000000e+00
2.824132563546299934e-01 0.000000000000000000e+00 0.000000000000000000e+00 0.000000000000000000e+00 2.745441613253206015e+01 4.558139350265264511e-01 4.322271446790546179e+01 2.956674303859472275e+00 1.064862247649580240e+01 1.511442587710916996e+00 1.609738874481990933e+02 3.422186709940433502e-02 6.445147329941391945e+01 0.000000000000000000e+00 2.756281924434006214e+00 6.099500628188252449e+00 0.000000000000000000e+00 0.000000000000000000e+00 1.468174941837787628e-01 1.775552518665790558e-02 9.574447247199714184e+00 1.662713289260864605e-02 1.197575544938445091e-01 0.000000000000000000e+00 1.270397034473717213e+00 0.000000000000000000e+00 1.672555506229400635e-01 5.350644690915942192e-01 6.962040801532566547e+00 9.938634186983107133e-02 4.865265637636184692e-02 0.000000000000000000e+00 0.000000000000000000e+00 0.000000000000000000e+00 1.226971346884965897e+00 0.000000000000000000e+00 1.705894619226455342e-02 0.000000000000000000e+00 0.000000000000000000e+00 1.171921286731958667e-01 0.000000000000000000e+00 8.658954128623007340e-02 2.083009928464889526e-01 8.189164474606515365e-02 3.822225332260131836e-02 8.876365050673484802e-02 0.000000000000000000e+00 1.692277342081069946e-01 0.000000000000000000e+00 1.203847583383321936e-02 0.000000000000000000e+00 6.652435287833215194e-02 0.000000000000000000e+00 0.000000000000000000e+00 0.000000000000000000e+00 2.235774323344230652e-02 5.940764304250480132e-02 0.000000000000000000e+00 7.981997355818747086e-02 1.851799152791500092e-02 0.000000000000000000e+00 0.000000000000000000e+00 0.000000000000000000e+00 2.873231517150998116e-01 0.000000000000000000e+00 5.651925504207609696e-02 0.000000000000000000e+00 0.000000000000000000e+00 0.000000000000000000e+00 0.000000000000000000e+00
8.042043242603540421e-01 6.656725890934464540e-02 5.816489968448877335e+00 1.949562504887580872e-02 2.187765985727309903e-01 1.664818078279494892e-02 5.727942567318679984e-02 2.501444742083549500e-01 4.798235855996608734e-01 4.504401301033794880e+00 4.543270356953144073e-02 7.879237730801105499e+01 0.000000000000000000e+00 1.356366153620183468e+01 6.687731752172112465e-01 3.743152823299169540e-01 1.919243712909519672e+00 4.796368917450308800e-01 1.095817068871110855e+01 5.165459522046148777e+00 1.419699098914861506e-02 5.156261287629604340e-02 1.409888451918959618e+00 2.757833367213606279e-01 5.915377827361226082e+00 6.335543660447001457e+00 7.936293095350265503e+00 2.741552345454692841e+01 7.703642630949616432e-01 3.961535496637225151e-01 9.536103438585995518e-01 2.842762173153460026e+00 7.319106105715035282e-01 0.000000000000000000e+00 1.517603796906769498e+00 2.148006539791822433e-01 5.163074731826780006e-01 2.497562710195779245e-01 5.006500482559205212e-01 0.000000000000000000e+00 0.000000000000000000e+00 0.000000000000000000e+00 0.000000000000000000e+00 3.527994081377983093e-02 4.318857183679938316e-01 0.000000000000000000e+00 8.544881664216518402e+00 0.000000000000000000e+00 1.388556024339050055e+01 1.793374679982661854e-02 2.272794209420681000e-02 1.219704393297433992e-01 8.206457644701001253e-02 9.866510444320738316e+00 7.527793012559416130e-01 0.000000000000000000e+00 3.456819057464599609e-02 5.272561116144061089e-01 2.798283472657203674e-01 4.886723123490810394e-01 2.237336703576147556e+00 9.602102888748049736e+00 1.157757618650793674e+01 4.719852283596992493e-02 0.000000000000000000e+00 2.094025351107120514e-02 3.416099615395069122e+00 0.000000000000000000e+00 0.000000000000000000e+00 0.000000000000000000e+00
5.403645532205700874e-01 4.078527283947914839e+01 1.719907950609922409e-01 7.620211932808160782e-01 4.606921450234949589e+00 2.712055858224629912e+00 5.487136283423751593e+01 1.127699096314609051e+02 1.580219023758545518e+02 1.537223896197974327e+01 3.174475461896508222e+01 1.407756852917372958e+00 2.756281924434006214e+00 6.687731752172112465e-01 1.874802360720933052e+02 2.774389088153839111e-02 1.316278838552534358e+00 2.721184497699141502e+00 1.607374027371406278e-01 1.548147264868021011e+00 5.712549844756722450e-01 9.382714249193671918e+00 2.161365486681461334e-01 3.720900600776076317e+00 1.378299714904278339e+01 1.253952533006668091e-01 2.054365472868084352e-01 1.153944196179509163e+00 5.473639120440930128e+01 1.623974964451044798e+02 1.570071852421388030e+02 2.983566001057624817e-02 5.526085095480084419e+00 1.823229895904660225e+00 2.186801673006266356e+01 3.863533586263656616e-02 5.848692730069159768e-02 0.000000000000000000e+00 4.448112100362777710e-02 6.493776664137842491e-01 0.000000000000000000e+00 3.278455433435738087e+00 6.270370446145534515e-01 8.475734172388911247e-01 1.834193523973226547e-01 3.945868518203496933e-01 2.041471749544143330e-02 1.954090408980846405e-02 0.000000000000000000e+00 2.153071984648704529e-01 0.000000000000000000e+00 2.024887519888579845e+00 7.076396942138669655e-01 0.000000000000000000e+00 2.160026133060455669e-02 0.000000000000000000e+00 1.469690491445362568e+00 7.969479076564311981e-02 8.076769430190324783e-01 4.725132989697158337e+00 0.000000000000000000e+00 0.000000000000000000e+00 1.320345818996429443e+00 8.332896307110784662e+00 3.063221345655620098e+00 6.651976229622960091e-01 0.000000000000000000e+00 0.000000000000000000e+00 0.000000000000000000e+00 1.584570854902267456e-02
6.713703237473964691e-01 0.000000000000000000e+00 2.768146060407161366e-02 0.000000000000000000e+00 2.123950142413377762e-01 2.197679163888096809e+00 1.040696172229945660e+01 6.281504509970545769e-01 9.465075423941016197e-01 7.748455629684031010e+00 4.373223166912794113e+00 1.283382924273609893e+00 6.099500628188252449e+00 3.743152823299169540e-01 2.774389088153839111e-02 4.749473836272954941e-01 0.000000000000000000e+00 0.000000000000000000e+00 1.206580348312854545e+00 0.000000000000000000e+00 9.265075270086524650e-01 0.000000000000000000e+00 4.481312062591314316e+00 0.000000000000000000e+00 1.067741430364549382e+00 2.859654836356639862e-02 3.115973882377147675e-01 2.031860865652561188e+00 9.073077794164418064e-01 2.544227242469787598e-02 2.100756075233221054e-01 1.551986290141940117e-01 1.571966893970966339e-02 0.000000000000000000e+00 4.940214753150939941e-02 2.102351486682891568e-01 0.000000000000000000e+00 0.000000000000000000e+00 0.000000000000000000e+00 2.048644721508026123e-01 0.000000000000000000e+00 1.436522342264652530e-01 8.286986220628024535e-02 2.449010517448186874e-01 8.473220281302930312e-02 1.528019607067108154e-01 0.000000000000000000e+00 1.486224494874477560e-02 0.000000000000000000e+00 3.359680557623505592e-01 0.000000000000000000e+00 2.634284453466535059e+00 1.905030570924282074e-02 0.000000000000000000e+00 0.000000000000000000e+00 0.000000000000000000e+00 5.677544297650456429e-01 2.074104547500610352e+00 4.443874582648277283e-01 4.928530966863036156e-01 0.000000000000000000e+00 0.000000000000000000e+00 0.000000000000000000e+00 8.508145529776811600e-01 0.000000000000000000e+00 2.250835299491882671e-02 0.000000000000000000e+00 0.000000000000000000e+00 0.000000000000000000e+00 0.000000000000000000e+00
3.428617604076862335e-01 2.509657405316829681e-01 2.513113645836710930e-01 3.604533895850181580e-02 2.851027436554431915e-02 3.966018930077552795e-02 1.049445912241935508e+00 3.353017847985029221e-01 4.026333402842283249e+00 9.262165187858046878e+00 3.605257533490657806e-02 2.460171800106763396e+00 0.000000000000000000e+00 1.919243712909519672e+00 1.316278838552534358e+00 0.000000000000000000e+00 1.190329282358288765e+01 1.958646066486835480e-02 8.109983429312704883e-01 6.103273294866082832e-01 0.000000000000000000e+00 4.153690664190798998e+01 3.662193818390369415e+01 5.367708127759397030e+01 1.767249838542193174e+01 9.584308415651321411e-02 4.595675598829984665e-01 2.403710629791020992e+01 2.998486874625086784e+01 1.672461181879043357e+00 4.247362212277948856e+00 4.101972039788961411e-01 0.000000000000000000e+00 2.521283738315105438e-02 2.849968886002898216e-01 5.587678654119372368e-01 5.505295395851135254e-01 1.535739377140999014e-02 8.161246590316296734e-01 0.000000000000000000e+00 0.000000000000000000e+00 3.899391833692789078e-02 2.251875959336757937e-01 7.896737214177846909e-01 5.653642350807785988e-01 1.603366807103157043e-02 1.488471217453479940e-02 0.000000000000000000e+00 0.000000000000000000e+00 4.725812580436468124e-01 1.097973715513944452e-02 2.632238926645367982e+01 5.503280833363533020e-02 0.000000000000000000e+00 2.659242879599333156e-02 0.000000000000000000e+00 1.505428378097712816e+01 3.978391967713832855e+00 3.726479453872889280e+01 1.669955166988074335e+00 0.000000000000000000e+00 3.236899897456169128e-01 5.236245688050985336e+00 3.355989413335919380e+00 5.086361505091190338e-01 1.235219751484691919e+01 0.000000000000000000e+00 0.000000000000000000e+00 0.000000000000000000e+00 1.029208302497863770e-01
7.178750485181809582e-01 5.493007507175207138e-02 1.236005764454603639e+00 5.054318526666611433e+01 1.122520603239536285e-01 0.000000000000000000e+00 9.309550272300840534e-01 1.343246955145150601e+01 5.277185104787349701e-01 1.240149265155195968e+00 8.596665877848863602e-02 4.952894083224236965e+00 0.000000000000000000e+00 4.796368917450308800e-01 2.721184497699141502e+00 0.000000000000000000e+00 1.958646066486835480e-02 6.573314158245921135e+00 1.804909761995076911e+00 3.907506439555436373e+01 0.000000000000000000e+00 2.244084629509598017e+01 6.659288546070456505e-01 7.594685506820678711e+01 2.658120095729827881e-01 1.329847685992717743e-01 1.974924023821949959e+01 7.192735578306019306e+01 6.538107833825051785e+00 3.231580071151256561e-01 2.553692856431007385e+01 1.248037237673998157e-01 0.000000000000000000e+00 0.000000000000000000e+00 8.711912333965301514e-01 0.000000000000000000e+00 4.514511674642562866e-02 8.977121002972123787e-01 9.903263207525012657e-01 1.140182092785835440e-02 0.000000000000000000e+00 0.000000000000000000e+00 5.696173943579196930e-02 2.350309677422046661e-02 9.285982325673100557e-02 0.000000000000000000e+00 5.971228796988724968e-02 0.000000000000000000e+00 3.711790218949317932e-02 1.405348069965839559e-02 0.000000000000000000e+00 1.978573352098464688e-01 2.181167677976191044e+00 2.622645795345306396e-01 9.073556987568734966e-01 0.000000000000000000e+00 2.634221035987138748e-01 1.033051181584596634e-01 6.491281972266731870e+00 1.529159620404243469e-01 0.000000000000000000e+00 2.109636710956692696e+00 1.046239839214831591e+01 9.284048061817884445e-02 0.000000000000000000e+00 1.438459623605012616e-01 3.947608917951583862e-02 0.000000000000000000e+00 0.000000000000000000e+00 0.000000000000000000e+00
1.642074454575777054e-01 0.000000000000000000e+00 1.235265647061168925e+00 1.995513550937175751e-01 2.571651525795459400e-02 0.000000000000000000e+00 0.000000000000000000e+00 1.780997263267636299e-01 2.134360028430819511e-01 2.248363464139401913e+00 1.847825385630131115e-02 2.275273945741355774e+01 1.468174941837787628e-01 1.095817068871110855e+01 1.607374027371406278e-01 1.206580348312854545e+00 8.109983429312704883e-01 1.804909761995076911e+00 4.980503838509321213e+00 2.066492396313697455e+01 0.000000000000000000e+00 1.434738086536526680e-01 1.230306559242308140e+00 2.688949645496904850e+00 2.023110153153538704e+00 2.466028515249490738e+00 6.395576978661119938e+01 4.425644882023334503e+01 1.451095636934041977e+00 3.938524201512336731e-01 5.637227781116962433e-01 1.274504536949097933e+01 1.499860547482967550e-02 0.000000000000000000e+00 2.852795431390404701e-01 2.365980856120586395e-02 0.000000000000000000e+00 1.232335913926362991e+00 0.000000000000000000e+00 0.000000000000000000e+00 0.000000000000000000e+00 0.000000000000000000e+00 0.000000000000000000e+00 0.000000000000000000e+00 9.329757094383236971e-02 0.000000000000000000e+00 6.668311581015584633e-01 1.833122037351131439e-02 2.429492129012942314e+00 2.137259952723979950e-02 0.000000000000000000e+00 0.000000000000000000e+00 5.101299472153186798e-02 2.209019176661968675e+00 1.048178308643400669e+00 0.000000000000000000e+00 0.000000000000000000e+00 3.989743813872337341e-02 0.000000000000000000e+00 4.131025727838277817e-02 3.725414583459496498e-01 3.381076617166399956e+00 9.688336853869257581e+00 1.803333126008510590e-02 0.000000000000000000e+00 0.000000000000000000e+00 9.344781162217260517e-01 0.000000000000000000e+00 0.000000000000000000e+00 0.000000000000000000e+00
0.000000000000000000e+00 0.000000000000000000e+00 1.710969942621886952e+00 5.652105167508125305e+00 0.000000000000000000e+00 0.000000000000000000e+00 6.903914231806994595e-01 5.710487615317106247e+00 2.143683787435293198e-01 4.302441226318478584e-01 1.523618120700120926e-01 1.602949139941483736e+01 1.775552518665790558e-02 5.165459522046148777e+00 1.548147264868021011e+00 0.000000000000000000e+00 6.103273294866082832e-01 3.907506439555436373e+01 2.066492396313697455e+01 2.685878595896064880e+01 0.000000000000000000e+00 6.413960109464824200e+00 5.926475543528795242e-01 1.370615374576300027e+01 1.027678838931024075e+00 1.590935952030122502e+00 9.473510612454263935e+01 8.689754527341574430e+01 2.694591105915606022e+00 1.935680937021970471e-01 1.030143266078084707e+01 2.598341418430209160e+00 2.266041748225688934e-02 0.000000000000000000e+00 7.694669794291255638e-01 5.187562108039855263e-02 0.000000000000000000e+00 4.026887677609920502e-01 1.214212886989116530e-01 0.000000000000000000e+00 0.000000000000000000e+00 0.000000000000000000e+00 1.703182794153690338e-02 0.000000000000000000e+00 0.000000000000000000e+00 0.000000000000000000e+00 9.644262306392192841e-02 0.000000000000000000e+00 1.908392664045095444e-01 1.563304103910923004e-02 0.000000000000000000e+00 6.821238249540328979e-02 2.472796160727739334e+00 1.381400039419531600e+00 1.995036446489394155e+00 0.000000000000000000e+00 2.137864567339420666e-02 0.000000000000000000e+00 5.962103717029094696e-01 1.871939152479172030e-01 1.611552406102418900e-01 3.609735197387635708e+00 8.692673718556761742e+00 0.000000000000000000e+00 2.264205552637577057e-02 0.000000000000000000e+00 2.114945901557802876e-01 0.000000000000000000e+00 0.000000000000000000e+00 0.000000000000000000e+00
3.017681073397397995e-01 0.000000000000000000e+00 0.000000000000000000e+00 0.000000000000000000e+00 1.455990073177963495e+01 2.747218124568462372e-02 8.677461401559412479e+00 2.638627612031996250e+00 7.126253656111657619e+00 1.567628108896315098e+00 6.863509495742619038e+01 1.856487803161144604e-02 9.574447247199714184e+00 1.419699098914861506e-02 5.712549844756722450e-01 9.265075270086524650e-01 0.000000000000000000e+00 0.000000000000000000e+00 0.000000000000000000e+00 0.000000000000000000e+00 2.311912203207612038e+00 0.000000000000000000e+00 0.000000000000000000e+00 3.798386454582214355e-02 2.069516814313828945e+00 0.000000000000000000e+00 0.000000000000000000e+00 0.000000000000000000e+00 2.891498761903494596e+01 3.066009469330311168e-02 2.670676074922084808e-01 0.000000000000000000e+00 5.688935518264770508e-02 0.000000000000000000e+00 1.319248043000697916e-02 0.000000000000000000e+00 0.000000000000000000e+00 0.000000000000000000e+00 0.000000000000000000e+00 3.051451221108436584e-02 0.000000000000000000e+00 0.000000000000000000e+00 1.784657873213291168e-02 3.463828563690186241e-02 1.998223736882210125e-02 0.000000000000000000e+00 0.000000000000000000e+00 0.000000000000000000e+00 0.000000000000000000e+00 0.000000000000000000e+00 0.000000000000000000e+00 0.000000000000000000e+00 0.000000000000000000e+00 0.000000000000000000e+00 0.000000000000000000e+00 1.750203594565391541e-02 2.653045356273651123e-01 0.000000000000000000e+00 0.000000000000000000e+00 4.707547649741172791e-01 0.000000000000000000e+00 0.000000000000000000e+00 0.000000000000000000e+00 1.542781703174114005e+00 0.000000000000000000e+00 0.000000000000000000e+00 0.000000000000000000e+00 0.000000000000000000e+00 0.000000000000000000e+00 0.000000000000000000e+00
1.874315507709980011e+00 1.469091140665113926e+00 3.034169506281614304e-01 1.955693651922047138e+01 3.686215355992317200e-02 6.126672532409430660e-01 3.127988757565617561e+00 3.149164844676851871e+01 5.797274075448513031e+00 6.737288790754973888e+00 3.013069247826933861e-01 1.929528073407709599e+00 1.662713289260864605e-02 5.156261287629604340e-02 9.382714249193671918e+00 0.000000000000000000e+00 4.153690664190798998e+01 2.244084629509598017e+01 1.434738086536526680e-01 6.413960109464824200e+00 0.000000000000000000e+00 2.680327593460679054e+02 8.827743883244695056e+00 3.020737680923193693e+02 3.389106798917055130e+00 3.832826279103755951e-01 1.305884950235486031e+01 3.722913890145719051e+01 3.277903933171182871e+01 8.035817747004330158e+00 1.682526809405535460e+02 1.148543953895568848e-01 1.398926787078380585e-01 1.588959842920303345e-01 4.027118269354104996e+00 1.004912915639579296e+00 1.902468577027320862e-01 3.619330935180187225e-02 3.708727713674306870e-01 0.000000000000000000e+00 0.000000000000000000e+00 5.751786855980753899e-01 1.826230395585298538e+00 1.077397014945745468e+00 6.324457377195358276e-01 8.874526247382165389e-02 4.346881713718175888e-02 0.000000000000000000e+00 0.000000000000000000e+00 6.347888410091400146e-01 2.569729462265968670e-02 2.474306160397827625e+01 3.560198061168193817e-01 0.000000000000000000e+00 2.112840581685304642e-01 0.000000000000000000e+00 2.327902226615697501e+01 4.178945921361446381e+00 3.220671351253986359e+01 8.567015301436184060e+00 0.000000000000000000e+00 5.366497486829757690e-02 5.862437634728848934e+00 6.347064028494060040e+00 3.208266865462064743e+00 1.506685091741383076e+01 0.000000000000000000e+00 3.219040483236312866e-02 0.000000000000000000e+00 1.705468380823731422e-01
