0.000000000000000000e+00 1.140285860747099062e-01 1.602782756090163907e-01 3.987130150198935769e-02 0.000000000000000000e+00 9.791416861116886139e-02 1.256101958453655021e+00 9.923111591488122940e-01 9.501133644953370094e-01 6.558902096003293991e-01 5.448664966970682144e-01 1.190567623823880927e+00 6.430821865797042847e-02 1.527080319821835008e+00 9.619207335636019707e-01 0.000000000000000000e+00 0.000000000000000000e+00 0.000000000000000000e+00 0.000000000000000000e+00 4.054122790694236755e-02 8.649168163537979126e-02 0.000000000000000000e+00 9.095628205686807632e-01 2.087686173617840091e-01 7.678438723087310791e-02 0.000000000000000000e+00 5.547961778938770294e-02 6.847992595285177231e-01 5.770694697275757790e-01 4.483229015022516251e-01 5.686976872384548187e-01 2.133687455207108896e-01 2.430918650701642036e+00 0.000000000000000000e+00 1.427664831280708035e-01 0.000000000000000000e+00 0.000000000000000000e+00 1.486549526453018015e-02 2.944247424602509100e-01 0.000000000000000000e+00 2.794898487627505909e-02 0.000000000000000000e+00 0.000000000000000000e+00 0.000000000000000000e+00 0.000000000000000000e+00 0.000000000000000000e+00 1.057124212384223938e-01 0.000000000000000000e+00 1.586698591709136963e-01 0.000000000000000000e+00 0.000000000000000000e+00 0.000000000000000000e+00 0.000000000000000000e+00 0.000000000000000000e+00 0.000000000000000000e+00 0.000000000000000000e+00 0.000000000000000000e+00 1.139889471232890944e-01 2.702014334499835968e-02 0.000000000000000000e+00 0.000000000000000000e+00 2.571715041995048870e-02 1.639164090156554898e-01 0.000000000000000000e+00 0.000000000000000000e+00 0.000000000000000000e+00 0.000000000000000000e+00 0.000000000000000000e+00 0.000000000000000000e+00 0.000000000000000000e+00
1.140285860747099062e-01 1.050503568165004253e+01 0.000000000000000000e+00 2.298219818621874133e-01 0.000000000000000000e+00 4.687251523137093284e-02 4.493364363908767700e+00 9.449594835750758648e+00 3.729911798238754272e+01 2.087129838764667858e-02 2.504797130823134821e-01 1.797290816903114041e-01 0.000000000000000000e+00 5.270342901349067688e-02 2.904028980340808985e+01 0.000000000000000000e+00 3.319384902715682983e-02 2.050469793379306793e+00 5.027946829795836708e-02 2.451865337789058963e-01 0.000000000000000000e+00 8.238953810185194016e+00 9.910576976835727692e-02 3.808922698721290079e+00 1.282787420786916988e+00 0.000000000000000000e+00 4.089091271162033081e-01 6.623848853632807732e-01 8.087514436803758144e+00 1.299247173964977087e+01 4.066280458867549896e+01 0.000000000000000000e+00 1.809399268589914067e+00 4.319891557097434998e-01 5.675769411958754063e+00 0.000000000000000000e+00 0.000000000000000000e+00 0.000000000000000000e+00 0.000000000000000000e+00 0.000000000000000000e+00 0.000000000000000000e+00 0.000000000000000000e+00 0.000000000000000000e+00 0.000000000000000000e+00 0.000000000000000000e+00 0.000000000000000000e+00 0.000000000000000000e+00 0.000000000000000000e+00 0.000000000000000000e+00 0.000000000000000000e+00 0.000000000000000000e+00 0.000000000000000000e+00 0.000000000000000000e+00 0.000000000000000000e+00 0.000000000000000000e+00 0.000000000000000000e+00 1.747115999460220059e-01 0.000000000000000000e+00 1.235177740454674045e-01 0.000000000000000000e+00 0.000000000000000000e+00 0.000000000000000000e+00 0.000000000000000000e+00 0.000000000000000000e+00 0.000000000000000000e+00 0.000000000000000000e+00 0.000000000000000000e+00 0.000000000000000000e+00 0.000000000000000000e+00 0.000000000000000000e+00
1.602782756090163907e-01 0.000000000000000000e+00 2.356977872550488073e-01 3.006071867421268862e-01 0.000000000000000000e+00 1.304383822716773000e+00 3.178683295845984719e-02 2.044574394822120944e-01 1.048890799283981046e-01 5.109915304929018021e-01 0.000000000000000000e+00 2.601930764038116095e+01 0.000000000000000000e+00 1.946772834751754999e+01 0.000000000000000000e+00 0.000000000000000000e+00 2.861268897540866885e+00 1.105733824893831985e+00 1.535677574574947080e-01 0.000000000000000000e+00 0.000000000000000000e+00 4.092495515942574241e-02 1.550341368373483064e+01 1.454378720372914990e-01 2.226932360790669918e+00 1.270916938502342042e+01 1.368799870181828915e+01 1.088916905084625029e+02 1.666965359821916071e+00 0.000000000000000000e+00 0.000000000000000000e+00 8.410570980980992317e+00 0.000000000000000000e+00 0.000000000000000000e+00 2.302687205374240875e-01 0.000000000000000000e+00 0.000000000000000000e+00 3.076306544244289051e-02 2.011448740959166925e-01 0.000000000000000000e+00 0.000000000000000000e+00 0.000000000000000000e+00 0.000000000000000000e+00 0.000000000000000000e+00 0.000000000000000000e+00 0.000000000000000000e+00 1.119194738566875041e-01 0.000000000000000000e+00 1.803391054272651950e-01 0.000000000000000000e+00 0.000000000000000000e+00 0.000000000000000000e+00 0.000000000000000000e+00 0.000000000000000000e+00 5.968351662158966064e-02 0.000000000000000000e+00 0.000000000000000000e+00 4.057918861508368752e-02 0.000000000000000000e+00 8.850100263953208923e-02 3.017121925950050007e-02 3.030900731682776850e-01 1.962807590141891989e+00 0.000000000000000000e+00 0.000000000000000000e+00 0.000000000000000000e+00 1.676252931356430054e-01 0.000000000000000000e+00 0.000000000000000000e+00 0.000000000000000000e+00
3.987130150198935769e-02 2.298219818621874133e-01 3.006071867421268862e-01 5.484395854733884335e+01 0.000000000000000000e+00 0.000000000000000000e+00 2.796121554449201074e+00 2.349063425790518878e+01 1.230051234643906000e+01 8.373302621766924858e-01 4.970962274819613058e-01 2.587018324062228203e+00 0.000000000000000000e+00 1.278236769139766971e-01 5.809905215166509151e+00 0.000000000000000000e+00 4.046647809445858002e-01 1.208200056469067931e+02 1.298057831823826058e+00 1.875418943259865046e+01 0.000000000000000000e+00 1.245464485976845026e+01 2.259451411664485931e-01 2.291766712805255963e+02 1.272883687168359979e+00 0.000000000000000000e+00 4.359497815556824207e+01 8.393096462357789278e+01 1.935746367368847132e+01 2.142751596868038177e+00 2.207777956966311095e+01 1.403881050646305084e-01 2.163341946899890900e+00 8.187256753444671631e-02 8.762228230014443398e+00 1.118111833930015980e-01 0.000000000000000000e+00 7.636312054470180577e+00 3.603492353111505953e+00 0.000000000000000000e+00 0.000000000000000000e+00 0.000000000000000000e+00 5.375684797763823769e-02 0.000000000000000000e+00 3.011049292981625158e-01 3.706414625048636696e-02 1.026422139257193028e-01 0.000000000000000000e+00 1.535966619849205017e-02 0.000000000000000000e+00 0.000000000000000000e+00 8.538327105343341827e-01 1.252694189548491988e+00 1.029309388250112950e-01 2.857026048004627228e-01 0.000000000000000000e+00 0.000000000000000000e+00 1.162264437414705975e+00 1.670343181118369102e+00 1.657026601955295053e+00 0.000000000000000000e+00 7.372490447014570236e+00 3.925879823789001222e+01 3.493152409791945856e-01 0.000000000000000000e+00 1.497699478641152104e-01 1.643578112125397006e-01 0.000000000000000000e+00 0.000000000000000000e+00 0.000000000000000000e+00
0.000000000000000000e+00 0.000000000000000000e+00 0.000000000000000000e+00 0.000000000000000000e+00 1.143789136093109846e+02 3.008093312382698059e-02 1.437567110825330019e+01 6.487036855891346931e+00 2.808166314102708938e+01 1.947728943079710007e+00 2.280958188688383075e+02 1.904537864029408056e-01 1.261451798742637038e+02 0.000000000000000000e+00 6.460970579646527767e+00 5.366446822881699302e-02 0.000000000000000000e+00 6.464256346225738525e-02 0.000000000000000000e+00 0.000000000000000000e+00 3.691234145499765873e+01 0.000000000000000000e+00 0.000000000000000000e+00 7.904105447232723236e-02 5.633010725490748882e+00 0.000000000000000000e+00 0.000000000000000000e+00 0.000000000000000000e+00 4.134340271633117680e+01 1.368945496156811936e+00 1.926114419475198070e-01 0.000000000000000000e+00 4.860869323834776878e+00 0.000000000000000000e+00 1.204158270731567892e+00 0.000000000000000000e+00 0.000000000000000000e+00 0.000000000000000000e+00 0.000000000000000000e+00 6.697605531662702560e-01 0.000000000000000000e+00 0.000000000000000000e+00 0.000000000000000000e+00 2.941082790493965149e-02 3.959845006465911865e-02 1.157508995383978029e-01 0.000000000000000000e+00 3.846730291843414307e-02 0.000000000000000000e+00 0.000000000000000000e+00 4.552255570888519287e-02 0.000000000000000000e+00 0.000000000000000000e+00 0.000000000000000000e+00 0.000000000000000000e+00 0.000000000000000000e+00 0.000000000000000000e+00 0.000000000000000000e+00 0.000000000000000000e+00 3.144503738731145859e-01 0.000000000000000000e+00 0.000000000000000000e+00 7.579170167446136475e-02 3.551103211939334869e-01 0.000000000000000000e+00 0.000000000000000000e+00 0.000000000000000000e+00 0.000000000000000000e+00 0.000000000000000000e+00 0.000000000000000000e+00
9.791416861116886139e-02 4.687251523137093284e-02 1.304383822716773000e+00 0.000000000000000000e+00 3.008093312382698059e-02 1.136030331254005432e+00 1.849145467020570877e+01 1.783749625086783919e+00 4.496868750080466270e+00 0.000000000000000000e+00 8.656119871884584427e-01 1.396680839359760062e+00 3.876446485519409180e-01 0.000000000000000000e+00 4.182070063427090645e+00 2.579148449003695998e+00 0.000000000000000000e+00 0.000000000000000000e+00 0.000000000000000000e+00 3.578953072428703308e-02 0.000000000000000000e+00 9.436282515525817871e-02 4.228702560067176819e-02 0.000000000000000000e+00 2.530564963817595880e-01 0.000000000000000000e+00 0.000000000000000000e+00 2.792858891189098011e-02 3.831666791811584871e-01 3.986824176274240017e+00 5.699944663792848587e-01 0.000000000000000000e+00 2.035689249634743181e+00 2.938240300863980900e-02 4.975139983929693699e+00 0.000000000000000000e+00 0.000000000000000000e+00 0.000000000000000000e+00 0.000000000000000000e+00 0.000000000000000000e+00 0.000000000000000000e+00 0.000000000000000000e+00 0.000000000000000000e+00 0.000000000000000000e+00 0.000000000000000000e+00 0.000000000000000000e+00 0.000000000000000000e+00 0.000000000000000000e+00 0.000000000000000000e+00 0.000000000000000000e+00 0.000000000000000000e+00 0.000000000000000000e+00 0.000000000000000000e+00 0.000000000000000000e+00 0.000000000000000000e+00 0.000000000000000000e+00 0.000000000000000000e+00 0.000000000000000000e+00 0.000000000000000000e+00 0.000000000000000000e+00 0.000000000000000000e+00 0.000000000000000000e+00 0.000000000000000000e+00 0.000000000000000000e+00 0.000000000000000000e+00 0.000000000000000000e+00 0.000000000000000000e+00 0.000000000000000000e+00 0.000000000000000000e+00 0.000000000000000000e+00
1.256101958453655021e+00 4.493364363908767700e+00 3.178683295845984719e-02 2.796121554449201074e+00 1.437567110825330019e+01 1.849145467020570877e+01 2.181607709899543863e+02 1.271839996650815010e+02 1.793433237466960861e+02 6.331790190190076828e+00 3.162211742652580142e+02 1.560895522497594001e+01 4.525531264115124941e+01 2.951292470097541809e-01 5.686661371681839228e+01 9.939542830921709538e+00 1.358694918453692946e+00 5.282305112108588219e+00 1.116591146215796027e+00 5.995811879634857178e+00 3.077384187094866874e+01 3.976530510932207108e+00 2.555363550782204229e-01 7.573926129378378391e+00 3.582145838439465280e+01 0.000000000000000000e+00 5.443442836403846741e-01 2.651036795228720155e+00 6.523722684755921364e+01 4.312850497104228253e+01 1.214183739945291940e+01 9.291557967662811279e-02 1.633933461271226051e+01 2.020224910229445059e-01 4.224682871624826674e+01 0.000000000000000000e+00 1.552521437406539917e-01 2.968199923634529114e-02 0.000000000000000000e+00 8.004383184015750885e-02 0.000000000000000000e+00 8.831868320703506470e-02 1.059107273817061934e+00 1.584733910858631134e-01 3.681141138076782227e-02 3.609313145279883783e-01 0.000000000000000000e+00 0.000000000000000000e+00 6.032825261354445717e-02 0.000000000000000000e+00 1.735175214707851063e-02 9.934271313250064850e-02 0.000000000000000000e+00 0.000000000000000000e+00 0.000000000000000000e+00 0.000000000000000000e+00 1.131822936236857924e+00 0.000000000000000000e+00 0.000000000000000000e+00 8.379526222124695778e-01 0.000000000000000000e+00 0.000000000000000000e+00 3.661171570420265198e-01 2.813738994300365004e+00 5.695896036922931671e-02 0.000000000000000000e+00 0.000000000000000000e+00 0.000000000000000000e+00 0.000000000000000000e+00 0.000000000000000000e+00
9.923111591488122940e-01 9.449594835750758648e+00 2.044574394822120944e-01 2.349063425790518878e+01 6.487036855891346931e+00 1.783749625086783919e+00 1.271839996650815010e+02 1.543877332322299480e+02 2.400712919514625980e+02 2.197395592276006937e+01 1.597890370460227132e+02 3.445487299934030023e+00 4.090377284213900566e+00 4.214967321604489725e-01 1.528900935407727957e+02 7.614044733345508575e-01 3.287464007735251825e-01 8.300863777287304401e+00 1.184640992432832995e-01 2.154163736850022826e+00 9.745883326977491379e-01 1.208353181183337988e+01 1.324418501928448899e+00 5.865712802484632249e+01 5.038336485810577869e+01 0.000000000000000000e+00 8.893381895497441292e+00 8.844386429525911808e+00 1.601317432513461085e+02 3.556177497934550047e+01 9.385184377990663052e+01 0.000000000000000000e+00 2.230377025529741886e+01 1.094209331087768078e+00 1.164790804777294042e+01 0.000000000000000000e+00 0.000000000000000000e+00 1.440539304167032068e-02 3.181745857000350952e-02 9.375732634216547012e-01 0.000000000000000000e+00 1.313621364533900937e-01 4.460962396115065176e-01 7.692110817879438400e-01 2.414483008906244954e-01 1.491596682928503004e+00 0.000000000000000000e+00 1.437009125947951993e-01 0.000000000000000000e+00 9.480384457856416702e-02 0.000000000000000000e+00 1.474148836918174998e+00 0.000000000000000000e+00 0.000000000000000000e+00 0.000000000000000000e+00 1.103186458349228044e-01 1.056341945193707943e+00 9.297386929392814636e-02 4.603690458461642265e-01 6.318055329844355583e+00 0.000000000000000000e+00 0.000000000000000000e+00 1.381502137519418971e+00 5.343558203428983688e+00 1.808161139488219937e-01 3.282442986965178888e-01 0.000000000000000000e+00 0.000000000000000000e+00 0.000000000000000000e+00 0.000000000000000000e+00
9.501133644953370094e-01 3.729911798238754272e+01 1.048890799283981046e-01 1.230051234643906000e+01 2.808166314102708938e+01 4.496868750080466270e+00 1.793433237466960861e+02 2.400712919514625980e+02 2.917382274419069859e+02 2.902861212380230072e+01 1.148395825494081066e+02 1.554359089490026058e+01 1.140363009832799079e+01 1.946991031989455001e+00 2.432093121865763976e+02 1.977087711915374024e+00 1.094750067219137923e+00 1.531065328046678964e+01 7.292228750884532928e-01 3.597302969545125961e+00 2.429714506305753829e+01 6.802113369107246399e+00 2.588335737586020979e+00 3.727574152871965651e+01 4.566614110674709082e+01 1.339501570910215100e-01 4.905001495033502579e+00 7.005446247756481171e+00 1.553338006138801859e+02 9.307886255811899900e+01 7.393200487457215786e+01 0.000000000000000000e+00 5.003010006621479988e+01 9.512396492063999176e-01 5.112802238203585148e+01 0.000000000000000000e+00 9.927444905042648315e-02 5.805900692939758301e-02 0.000000000000000000e+00 9.286310896277427673e-02 0.000000000000000000e+00 8.370652794837951660e-02 8.383369548246264458e-01 3.365347087383270264e-01 1.813655029982328137e-01 1.544896224513649940e-01 6.672599352896213531e-02 7.543494552373886108e-02 0.000000000000000000e+00 3.060550056397914886e-02 0.000000000000000000e+00 6.444651223719120026e-01 3.815106302499771118e-02 0.000000000000000000e+00 0.000000000000000000e+00 0.000000000000000000e+00 4.343055672943592072e-01 0.000000000000000000e+00 6.215351819992064736e-02 3.586145822890102863e+00 0.000000000000000000e+00 9.995741769671440125e-02 3.693833550438284874e+00 4.907835979014635086e+00 0.000000000000000000e+00 4.404074251651763916e-01 0.000000000000000000e+00 0.000000000000000000e+00 0.000000000000000000e+00 0.000000000000000000e+00
6.558902096003293991e-01 2.087129838764667858e-02 5.109915304929018021e-01 8.373302621766924858e-01 1.947728943079710007e+00 0.000000000000000000e+00 6.331790190190076828e+00 2.197395592276006937e+01 2.902861212380230072e+01 6.666236400604248047e+00 1.744612692669034004e+01 2.204203162342309952e+00 2.679335195571184158e-01 1.158762097358704057e+00 6.942300197668373585e+00 1.486722026020287912e-01 1.438804641366004944e-01 1.651917956769466123e-01 0.000000000000000000e+00 2.773373182862997055e-01 1.063290895894170029e+00 4.977252520620822906e-02 7.656819852069020271e+00 3.409365676343441010e-01 1.007385326446965053e+02 5.296911112964153290e-01 1.403484542760998011e+01 3.749717429466546292e+01 7.868442815542221069e+01 4.937322735786437988e-01 1.362918064929544926e+00 4.913277328014373779e-01 1.281037360429764016e+00 6.566508952528238297e-02 3.459931956604123116e-01 0.000000000000000000e+00 2.720279246568680157e-02 6.479392386972904205e-02 0.000000000000000000e+00 7.544074580073356628e-02 0.000000000000000000e+00 6.347525566816329956e-01 1.634491696022450924e+00 1.472659306600689888e-01 1.075704161077738030e+00 2.059553489089011868e-01 0.000000000000000000e+00 0.000000000000000000e+00 2.844377048313618053e-02 2.038050070405006131e-01 0.000000000000000000e+00 2.851220551878213882e+00 8.864590525627136230e-02 0.000000000000000000e+00 0.000000000000000000e+00 0.000000000000000000e+00 1.224708383157848957e+01 4.522146135568618774e-01 3.177387954667211023e+00 1.180887418054044069e+01 0.000000000000000000e+00 3.797619044780731201e-02 5.799576175399124622e+00 1.485283708851783935e+01 1.084578074514866014e-01 7.807820800691843033e+00 0.000000000000000000e+00 0.000000000000000000e+00 0.000000000000000000e+00 0.000000000000000000e+00
5.448664966970682144e-01 2.504797130823134821e-01 0.000000000000000000e+00 4.970962274819613058e-01 2.280958188688383075e+02 8.656119871884584427e-01 3.162211742652580142e+02 1.597890370460227132e+02 1.148395825494081066e+02 1.744612692669034004e+01 5.607520468700678293e+02 2.167971495538949966e+00 1.892304383972659991e+02 8.660143613815307617e-02 1.249521172791719081e+01 4.323427118360996246e-01 0.000000000000000000e+00 1.024160496890545030e-01 3.316107876598834991e-01 4.780403226613997858e-01 7.525527565274387598e+01 0.000000000000000000e+00 3.726772964000701904e-02 1.555547170341015084e+00 3.940205347444862127e+01 0.000000000000000000e+00 4.112285450100898743e-01 4.197502739727497101e+00 1.189922837121412016e+02 1.475134932342917082e+01 4.534208150580524843e-01 0.000000000000000000e+00 1.231623398978262962e+01 7.603354007005691528e-02 3.941322186030447039e+00 0.000000000000000000e+00 0.000000000000000000e+00 0.000000000000000000e+00 0.000000000000000000e+00 2.001439444720745087e+00 0.000000000000000000e+00 4.261031746864318848e-02 3.974143909290432930e-01 3.060167133808135986e-01 1.697013814002275023e+00 1.049629991874099000e+00 0.000000000000000000e+00 2.933991886675357819e-01 0.000000000000000000e+00 1.559738768264651021e-01 0.000000000000000000e+00 1.118284799158573012e-01 0.000000000000000000e+00 0.000000000000000000e+00 0.000000000000000000e+00 0.000000000000000000e+00 3.162829484790564277e-02 0.000000000000000000e+00 7.585659623146057129e-02 1.941211252473294957e+00 0.000000000000000000e+00 0.000000000000000000e+00 0.000000000000000000e+00 1.653186465613543987e+00 0.000000000000000000e+00 5.360428616404532692e-02 0.000000000000000000e+00 0.000000000000000000e+00 5.748406797647476196e-02 0.000000000000000000e+00
1.190567623823880927e+00 1.797290816903114041e-01 2.601930764038116095e+01 2.587018324062228203e+00 1.904537864029408056e-01 1.396680839359760062e+00 1.560895522497594001e+01 3.445487299934030023e+00 1.554359089490026058e+01 2.204203162342309952e+00 2.167971495538949966e+00 3.468207168467341717e+02 0.000000000000000000e+00 7.203839395381510258e+01 4.998441083356738091e+00 0.000000000000000000e+00 1.098492816090583940e-01 3.440507250837982145e+00 4.469466936215758324e+01 1.230565590690821054e+01 8.663229644298553467e-02 7.841115072369575500e-02 6.160700475797057152e+00 1.617242844775319099e+00 5.681603089906275272e+00 3.114503565058112144e+01 1.184949183976277993e+02 1.338506896868348122e+02 1.639532962813972983e+00 4.160405480302870274e+00 6.475887913256883621e-01 2.913059361372143030e+01 1.948002135287969949e+01 4.070210829377173684e-02 2.810366557165979984e+01 0.000000000000000000e+00 0.000000000000000000e+00 5.452637188136577606e-01 0.000000000000000000e+00 0.000000000000000000e+00 0.000000000000000000e+00 0.000000000000000000e+00 0.000000000000000000e+00 0.000000000000000000e+00 1.868883669376373013e-01 0.000000000000000000e+00 1.334520021826029001e+01 0.000000000000000000e+00 3.400568878091871738e+01 0.000000000000000000e+00 0.000000000000000000e+00 0.000000000000000000e+00 1.814490584656595906e-01 1.245285887271165987e-01 1.536557083949446900e+00 0.000000000000000000e+00 0.000000000000000000e+00 7.844626344740390778e-02 3.602874651551247337e-02 9.954018518328666687e-02 2.047174969688057899e+00 8.165608624927699566e+00 1.218856089282781063e+01 0.000000000000000000e+00 0.000000000000000000e+00 0.000000000000000000e+00 1.158514394424856064e+01 0.000000000000000000e+00 0.000000000000000000e+00 0.000000000000000000e+00
6.430821865797042847e-02 0.000000000000000000e+00 0.000000000000000000e+00 0.000000000000000000e+00 1.261451798742637038e+02 3.876446485519409180e-01 4.525531264115124941e+01 4.090377284213900566e+00 1.140363009832799079e+01 2.679335195571184158e-01 1.892304383972659991e+02 0.000000000000000000e+00 1.487003186307847500e+02 0.000000000000000000e+00 8.115556063130497932e-01 3.476392135955392870e+00 0.000000000000000000e+00 6.585919857025146484e-02 0.000000000000000000e+00 0.000000000000000000e+00 8.033207743708044291e+01 0.000000000000000000e+00 1.291945092380047122e-01 0.000000000000000000e+00 7.399311935529112816e+00 0.000000000000000000e+00 2.119005247950553894e-01 6.191430408507585526e-01 2.075130670331418870e+01 2.761451285332440775e-01 1.298864632844924927e-01 5.353988707065582275e-02 1.548865659162401931e+00 0.000000000000000000e+00 1.330994535237551013e-01 0.000000000000000000e+00 0.000000000000000000e+00 0.000000000000000000e+00 0.000000000000000000e+00 1.667598336935043057e-01 0.000000000000000000e+00 3.866610303521156311e-02 4.095325618982315063e-02 2.791616320610046040e-02 0.000000000000000000e+00 1.498842760920524875e-01 0.000000000000000000e+00 6.287235654890537262e-01 0.000000000000000000e+00 0.000000000000000000e+00 0.000000000000000000e+00 0.000000000000000000e+00 0.000000000000000000e+00 0.000000000000000000e+00 0.000000000000000000e+00 8.294995129108428955e-02 1.602929867804049890e-01 0.000000000000000000e+00 3.578992560505867004e-02 8.890107460319995880e-02 0.000000000000000000e+00 0.000000000000000000e+00 1.342842169106006900e-01 2.348059667274355888e-01 0.000000000000000000e+00 3.433979861438273690e-02 0.000000000000000000e+00 0.000000000000000000e+00 0.000000000000000000e+00 0.000000000000000000e+00
1.527080319821835008e+00 5.270342901349067688e-02 1.946772834751754999e+01 1.278236769139766971e-01 0.000000000000000000e+00 0.000000000000000000e+00 2.951292470097541809e-01 4.214967321604489725e-01 1.946991031989455001e+00 1.158762097358704057e+00 8.660143613815307617e-02 7.203839395381510258e+01 0.000000000000000000e+00 5.902683425694704056e+01 3.917662799358367920e-02 0.000000000000000000e+00 1.826734133064747134e-01 1.256040334701538086e-01 7.760188237763941288e+00 1.458716468885540962e+00 0.000000000000000000e+00 3.745281696319580078e-02 3.989971188828349113e+00 2.530882190912961960e+00 8.373906658962368965e-01 4.009360175207257271e+01 1.265786101669072927e+01 6.951747774519026279e+01 1.022095233201981007e-01 1.742025669664145071e-01 1.060814373195170940e-01 1.041789714060723959e+01 2.902730619534850121e-01 0.000000000000000000e+00 8.964779436588287354e+00 0.000000000000000000e+00 0.000000000000000000e+00 1.617291895672678947e-01 0.000000000000000000e+00 0.000000000000000000e+00 0.000000000000000000e+00 0.000000000000000000e+00 0.000000000000000000e+00 0.000000000000000000e+00 0.000000000000000000e+00 0.000000000000000000e+00 1.562573022395372035e+01 0.000000000000000000e+00 2.744795747660100105e+01 0.000000000000000000e+00 0.000000000000000000e+00 0.000000000000000000e+00 0.000000000000000000e+00 6.579011324793100357e-01 1.035464415326714932e-01 0.000000000000000000e+00 0.000000000000000000e+00 9.168361537158489227e-01 0.000000000000000000e+00 0.000000000000000000e+00 9.992426969110965729e-01 7.593211052939295769e+00 9.899026827886700630e+00 0.000000000000000000e+00 0.000000000000000000e+00 0.000000000000000000e+00 1.694696570374071953e+01 0.000000000000000000e+00 0.000000000000000000e+00 0.000000000000000000e+00
9.619207335636019707e-01 2.904028980340808985e+01 0.000000000000000000e+00 5.809905215166509151e+00 6.460970579646527767e+00 4.182070063427090645e+00 5.686661371681839228e+01 1.528900935407727957e+02 2.432093121865763976e+02 6.942300197668373585e+00 1.249521172791719081e+01 4.998441083356738091e+00 8.115556063130497932e-01 3.917662799358367920e-02 1.286837082114070654e+02 3.363535739481449127e-01 2.343997731804848161e+00 1.267262780107557951e+01 1.336205620318650922e-01 1.140126270242034945e+00 1.418955197557806969e+00 5.324066405184566975e+00 1.672264877706766129e-01 2.908490847237408161e+01 1.854931146651506069e+01 7.037767767906188965e-01 9.019043888896703720e+00 4.072685612365602559e+00 9.110123675130307674e+01 7.312261057831346989e+01 1.184053612872958041e+02 0.000000000000000000e+00 3.671625165175647254e+01 1.103280987590550960e-01 2.687917068600654957e+01 0.000000000000000000e+00 0.000000000000000000e+00 0.000000000000000000e+00 5.593426898121833801e-02 9.710841625928878784e-02 0.000000000000000000e+00 4.208596050739288330e-02 1.815090924501419067e-01 1.702653039246798117e-01 3.632204234600067139e-02 1.204304695129394948e-01 3.768572956323623657e-02 0.000000000000000000e+00 0.000000000000000000e+00 1.355639901012181958e-01 0.000000000000000000e+00 2.363325841724872936e-02 1.549694091081618985e-01 2.596593834459781994e-02 0.000000000000000000e+00 2.960332110524177898e-02 5.813762024044990540e-01 1.214602813124656955e-01 3.975482285022736151e-01 1.313207591883837955e+00 0.000000000000000000e+00 2.842097915709019054e-02 1.375329831615089926e+00 1.673013975843786971e+00 0.000000000000000000e+00 5.916739813983439705e-02 0.000000000000000000e+00 2.771816216409206043e-02 0.000000000000000000e+00 0.000000000000000000e+00
0.000000000000000000e+00 0.000000000000000000e+00 0.000000000000000000e+00 0.000000000000000000e+00 5.366446822881699302e-02 2.579148449003695998e+00 9.939542830921709538e+00 7.614044733345508575e-01 1.977087711915374024e+00 1.486722026020287912e-01 4.323427118360996246e-01 0.000000000000000000e+00 3.476392135955392870e+00 0.000000000000000000e+00 3.363535739481449127e-01 0.000000000000000000e+00 0.000000000000000000e+00 4.081130400300025940e-02 0.000000000000000000e+00 0.000000000000000000e+00 1.434477251023054123e-01 0.000000000000000000e+00 0.000000000000000000e+00 0.000000000000000000e+00 0.000000000000000000e+00 0.000000000000000000e+00 0.000000000000000000e+00 0.000000000000000000e+00 1.407659947872161865e-01 1.653175242245196949e-02 1.610816456377505909e-02 0.000000000000000000e+00 6.248108334839344025e-01 0.000000000000000000e+00 2.359797451645135880e-01 0.000000000000000000e+00 0.000000000000000000e+00 0.000000000000000000e+00 0.000000000000000000e+00 0.000000000000000000e+00 0.000000000000000000e+00 0.000000000000000000e+00 0.000000000000000000e+00 0.000000000000000000e+00 0.000000000000000000e+00 0.000000000000000000e+00 0.000000000000000000e+00 0.000000000000000000e+00 0.000000000000000000e+00 0.000000000000000000e+00 0.000000000000000000e+00 0.000000000000000000e+00 0.000000000000000000e+00 0.000000000000000000e+00 0.000000000000000000e+00 0.000000000000000000e+00 0.000000000000000000e+00 0.000000000000000000e+00 0.000000000000000000e+00 7.621962428092956543e-01 0.000000000000000000e+00 0.000000000000000000e+00 0.000000000000000000e+00 0.000000000000000000e+00 0.000000000000000000e+00 0.000000000000000000e+00 0.000000000000000000e+00 0.000000000000000000e+00 0.000000000000000000e+00 0.000000000000000000e+00
0.000000000000000000e+00 3.319384902715682983e-02 2.861268897540866885e+00 4.046647809445858002e-01 0.000000000000000000e+00 0.000000000000000000e+00 1.358694918453692946e+00 3.287464007735251825e-01 1.094750067219137923e+00 1.438804641366004944e-01 0.000000000000000000e+00 1.098492816090583940e-01 0.000000000000000000e+00 1.826734133064747134e-01 2.343997731804848161e+00 0.000000000000000000e+00 1.332876407597213984e+02 5.459561860188841820e-01 0.000000000000000000e+00 1.849708843976259010e+00 0.000000000000000000e+00 1.592390375956892967e+01 3.393021256104111671e+01 3.080283727310597897e+01 1.792618837114423869e+01 5.143555477261543274e-01 1.859078159555793031e+00 1.069675022047013044e+02 6.293420162145047669e+01 2.421643968671559843e+00 1.367746565304696915e+01 1.361306048929691037e-01 8.717320114374160767e-02 9.326841682195663452e-02 1.693038582801819070e+00 7.466499507427215576e-02 8.635058999061584473e-02 2.183072529733181000e-01 2.814148664474486750e-01 0.000000000000000000e+00 0.000000000000000000e+00 0.000000000000000000e+00 6.830185549333691597e-01 1.166193261742591997e-01 7.594860419631004333e-01 0.000000000000000000e+00 0.000000000000000000e+00 3.851255401968955994e-02 0.000000000000000000e+00 0.000000000000000000e+00 0.000000000000000000e+00 3.684528425242751837e+01 1.294991479255259037e+00 0.000000000000000000e+00 1.364587899297475988e-02 0.000000000000000000e+00 7.993479046970605850e+00 1.486693253554403960e+01 3.420733606722205877e+01 1.157730879914016064e+01 0.000000000000000000e+00 1.842722855508326929e-01 2.823111743945628049e+01 4.509831105358898640e+00 4.189991578459739685e-02 4.921179492026566571e+00 0.000000000000000000e+00 0.000000000000000000e+00 0.000000000000000000e+00 0.000000000000000000e+00
0.000000000000000000e+00 2.050469793379306793e+00 1.105733824893831985e+00 1.208200056469067931e+02 6.464256346225738525e-02 0.000000000000000000e+00 5.282305112108588219e+00 8.300863777287304401e+00 1.531065328046678964e+01 1.651917956769466123e-01 1.024160496890545030e-01 3.440507250837982145e+00 6.585919857025146484e-02 1.256040334701538086e-01 1.267262780107557951e+01 4.081130400300025940e-02 5.459561860188841820e-01 7.045114060118794441e+01 1.580781176686286926e+01 7.092790654581040144e+01 0.000000000000000000e+00 1.958113690186291933e+01 2.011190824210644212e+00 1.587192211654036953e+02 9.688091492280364037e-01 3.548247486352920976e+00 1.162248260593042062e+02 1.644840021533892127e+02 9.681012328714132309e+00 1.184892023913562076e+00 3.952006584685295820e+01 3.380454741418362219e-01 1.456514170393347962e+00 1.184151805937290053e-01 1.499957017600535902e+00 0.000000000000000000e+00 0.000000000000000000e+00 4.587992429733275812e-01 4.446239396929740906e-02 0.000000000000000000e+00 0.000000000000000000e+00 0.000000000000000000e+00 0.000000000000000000e+00 0.000000000000000000e+00 0.000000000000000000e+00 0.000000000000000000e+00 3.993382304906845093e-02 0.000000000000000000e+00 0.000000000000000000e+00 0.000000000000000000e+00 0.000000000000000000e+00 7.715399693697690964e-01 5.253961309790611267e-02 0.000000000000000000e+00 3.497725352644919655e-02 0.000000000000000000e+00 4.089210927486419678e-02 0.000000000000000000e+00 8.482022583484649658e-02 7.847703248262405396e-02 8.408100157976150513e-02 4.740575338713824749e+00 1.144016773998736980e+01 0.000000000000000000e+00 0.000000000000000000e+00 7.476075366139411926e-02 0.000000000000000000e+00 0.000000000000000000e+00 0.000000000000000000e+00 0.000000000000000000e+00
0.000000000000000000e+00 5.027946829795836708e-02 1.535677574574947080e-01 1.298057831823826058e+00 0.000000000000000000e+00 0.000000000000000000e+00 1.116591146215796027e+00 1.184640992432832995e-01 7.292228750884532928e-01 0.000000000000000000e+00 3.316107876598834991e-01 4.469466936215758324e+01 0.000000000000000000e+00 7.760188237763941288e+00 1.336205620318650922e-01 0.000000000000000000e+00 0.000000000000000000e+00 1.580781176686286926e+01 1.972182906791567802e+01 4.133088615164160728e+01 3.379293531179428101e-02 7.294889073818922043e-02 3.488441556692122719e-02 1.361274032853543980e+00 1.287808623164891919e-01 6.141198277473449707e-01 1.433251902349292948e+02 3.855707862786948681e+01 4.620635695755481720e-02 3.310554437339305878e-01 2.247281856834887903e-01 3.142689560446887853e+01 8.259634589776396751e-01 0.000000000000000000e+00 3.429614806547760963e+00 0.000000000000000000e+00 0.000000000000000000e+00 1.104712821543216983e-01 0.000000000000000000e+00 0.000000000000000000e+00 0.000000000000000000e+00 0.000000000000000000e+00 0.000000000000000000e+00 0.000000000000000000e+00 0.000000000000000000e+00 0.000000000000000000e+00 5.576143302023410797e-01 0.000000000000000000e+00 9.650928881019353867e-01 0.000000000000000000e+00 0.000000000000000000e+00 0.000000000000000000e+00 1.031561456620693068e-01 2.009696066379547119e-01 7.902068272233009338e-02 0.000000000000000000e+00 0.000000000000000000e+00 2.773108705878258098e-02 0.000000000000000000e+00 0.000000000000000000e+00 3.669259697198867798e-02 5.183218317106366158e-01 1.857524304650723934e+00 0.000000000000000000e+00 0.000000000000000000e+00 0.000000000000000000e+00 2.142170321196318117e+00 0.000000000000000000e+00 0.000000000000000000e+00 0.000000000000000000e+00
4.054122790694236755e-02 2.451865337789058963e-01 0.000000000000000000e+00 1.875418943259865046e+01 0.000000000000000000e+00 3.578953072428703308e-02 5.995811879634857178e+00 2.154163736850022826e+00 3.597302969545125961e+00 2.773373182862997055e-01 4.780403226613997858e-01 1.230565590690821054e+01 0.000000000000000000e+00 1.458716468885540962e+00 1.140126270242034945e+00 0.000000000000000000e+00 1.849708843976259010e+00 7.092790654581040144e+01 4.133088615164160728e+01 7.258290879242122173e+01 0.000000000000000000e+00 1.549498127773403899e+00 6.394065953791141510e-01 3.875053184572607279e+01 3.129868693649768829e-01 3.612325116991996765e-01 2.271391415633260920e+02 4.769592295587062836e+01 5.740371979773044586e-01 8.024474866688251495e-01 7.307118467986583710e+00 2.204565440304576907e+00 1.920868007466197014e+00 0.000000000000000000e+00 6.762136998586356640e+00 0.000000000000000000e+00 0.000000000000000000e+00 3.503794483840466101e-01 1.292086429893969934e-01 0.000000000000000000e+00 0.000000000000000000e+00 0.000000000000000000e+00 5.950803160667419434e-01 0.000000000000000000e+00 0.000000000000000000e+00 0.000000000000000000e+00 3.732271268963813782e-01 0.000000000000000000e+00 2.368879336863755902e-01 0.000000000000000000e+00 0.000000000000000000e+00 1.520132422447204867e-01 0.000000000000000000e+00 7.194823846220970154e-01 0.000000000000000000e+00 0.000000000000000000e+00 0.000000000000000000e+00 0.000000000000000000e+00 0.000000000000000000e+00 0.000000000000000000e+00 0.000000000000000000e+00 2.300116030499339104e+00 1.673170538619161096e+00 0.000000000000000000e+00 0.000000000000000000e+00 0.000000000000000000e+00 2.782083675265312195e-01 0.000000000000000000e+00 0.000000000000000000e+00 0.000000000000000000e+00
8.649168163537979126e-02 0.000000000000000000e+00 0.000000000000000000e+00 0.000000000000000000e+00 3.691234145499765873e+01 0.000000000000000000e+00 3.077384187094866874e+01 9.745883326977491379e-01 2.429714506305753829e+01 1.063290895894170029e+00 7.525527565274387598e+01 8.663229644298553467e-02 8.033207743708044291e+01 0.000000000000000000e+00 1.418955197557806969e+00 1.434477251023054123e-01 0.000000000000000000e+00 0.000000000000000000e+00 3.379293531179428101e-02 0.000000000000000000e+00 1.148618599027395248e+01 0.000000000000000000e+00 0.000000000000000000e+00 0.000000000000000000e+00 3.735937518998980966e+00 0.000000000000000000e+00 0.000000000000000000e+00 0.000000000000000000e+00 1.804509248770773056e+01 3.826293647289276123e-01 7.169908843934535980e-02 0.000000000000000000e+00 2.669201167300343958e+00 0.000000000000000000e+00 2.138676177710295001e-01 0.000000000000000000e+00 0.000000000000000000e+00 0.000000000000000000e+00 0.000000000000000000e+00 8.228784054517745972e-02 0.000000000000000000e+00 0.000000000000000000e+00 2.478075027465819966e-02 5.822769924998282692e-02 0.000000000000000000e+00 1.200348995625973025e-01 0.000000000000000000e+00 3.499778807163239081e-01 0.000000000000000000e+00 0.000000000000000000e+00 0.000000000000000000e+00 0.000000000000000000e+00 0.000000000000000000e+00 0.000000000000000000e+00 0.000000000000000000e+00 5.553226917982100747e-02 0.000000000000000000e+00 0.000000000000000000e+00 0.000000000000000000e+00 1.130637675523757935e-01 0.000000000000000000e+00 0.000000000000000000e+00 0.000000000000000000e+00 1.747703701257705966e-01 0.000000000000000000e+00 0.000000000000000000e+00 0.000000000000000000e+00 0.000000000000000000e+00 3.904932737350463867e-02 0.000000000000000000e+00
0.000000000000000000e+00 8.238953810185194016e+00 4.092495515942574241e-02 1.245464485976845026e+01 0.000000000000000000e+00 9.436282515525817871e-02 3.976530510932207108e+00 1.208353181183337988e+01 6.802113369107246399e+00 4.977252520620822906e-02 0.000000000000000000e+00 7.841115072369575500e-02 0.000000000000000000e+00 3.745281696319580078e-02 5.324066405184566975e+00 0.000000000000000000e+00 1.592390375956892967e+01 1.958113690186291933e+01 7.294889073818922043e-02 1.549498127773403899e+00 0.000000000000000000e+00 9.046814382821321487e+01 5.985972247086465359e+00 2.553174750227481127e+02 2.413720544427633008e-01 0.000000000000000000e+00 3.819507529959083048e+00 5.924354510195553303e+01 1.671220494527370093e+01 1.111466947011650053e+00 1.817143396101891994e+02 0.000000000000000000e+00 6.719783311709761620e-01 3.631731029599905014e-01 3.731640044599771056e+00 0.000000000000000000e+00 0.000000000000000000e+00 6.211770325899124146e-02 1.440571434795855955e-02 0.000000000000000000e+00 0.000000000000000000e+00 0.000000000000000000e+00 2.872040290385485251e-01 4.131565243005753257e-02 4.901416171342133921e-01 0.000000000000000000e+00 6.119292229413986206e-02 0.000000000000000000e+00 0.000000000000000000e+00 4.274571597576141357e+00 0.000000000000000000e+00 4.711590624414384365e+00 1.310280673205853064e-01 0.000000000000000000e+00 0.000000000000000000e+00 0.000000000000000000e+00 1.158997138962150064e+00 6.318686064332723618e-01 1.031448100693524106e+00 2.483794656582177129e+00 0.000000000000000000e+00 0.000000000000000000e+00 6.558723349124193192e+00 1.347710520029067993e+00 0.000000000000000000e+00 5.126548534259200096e+00 0.000000000000000000e+00 0.000000000000000000e+00 0.000000000000000000e+00 0.000000000000000000e+00
