1.000000000000000000e+00,1.697198876937750303e-02,4.142710248431817344e-01,9.071406769143471743e-03,1.185707723197529095e-01,4.144704803611183597e-02,1.859969788869799967e-01,2.097463616986977031e-01,2.298939807600301061e-02,1.808104145953511876e-01,2.457130367229545254e-01,-5.969076404594795410e-02,1.287578940941812022e-01,5.358147518447523572e-01,1.889489169851638756e-02,2.272590523319550637e-01,5.712350817734416220e-01,3.251259494958711471e-01,5.235978941722125857e-01,-6.967393023059224866e-02,3.216968428761639576e-01,1.458066421042191196e-01,2.718346672457623847e-01,1.068965730843026395e-02,6.908249537379819449e-02,2.544914969413853423e-01,3.059301651418113166e-01,-4.519371556311462500e-03,6.008135917721433295e-01,3.712170746320873072e-01,5.912652337617776283e-02,1.752012091412926964e-01,2.685110898650222011e-01,2.207572258670845444e-01,4.447439716655633979e-01,4.874482162428959986e-02,2.891896897807320621e-01,-1.525111379053785410e-02,6.831330360596631068e-02,1.697434827239372584e-02,2.213023469854749348e-01,2.270759007619340686e-01,5.721634783588544493e-02,1.674175535383232161e-01,2.455556220823932045e-01,-1.107006007558347244e-01,1.432440124352114819e-01,4.157788070028125560e-01,-8.642163432495802988e-02,1.949347442050424484e-01,3.467298735280590072e-01,3.300059008326167165e-01,3.662245566809196884e-01,-1.078734404026046312e-01,2.907951784508517323e-01,1.512717428247785378e-01,2.278916135389026931e-01,-1.670682322500475353e-02,7.515623968655910092e-02,2.655823108903997420e-01,2.813905633889589031e-01,-2.549527209130219869e-03,5.168558772586451244e-01,1.549107072743751423e-01,2.009247830915982247e-01,5.872191784478097282e-02,1.964490225729781936e-01,1.553062514267168626e-01
1.697198876937750303e-02,1.000000000000000000e+00,5.025126409042221520e-02,3.699918415678778438e-01,6.856962563888077677e-02,1.329205407691723129e-01,1.146340771674802250e-01,4.578998143622717287e-02,2.107756791915945116e-01,8.897765318843708915e-02,1.401062327851824441e-01,3.695855022084278962e-01,4.187506743279068716e-02,2.099428304870406062e-02,1.224855271058277323e-01,3.290665334119188268e-01,3.167946501933974757e-01,-2.380635233981128196e-01,9.839750385222652274e-02,3.893510338078647881e-01,3.153508767390215684e-01,3.548494546773020009e-01,4.570651973675712854e-01,3.695093043461042948e-01,1.419448826535706920e-01,3.800061724615950709e-01,4.210069825734286675e-01,4.332133221130221590e-01,1.010247998258831242e-01,4.071082530162078994e-01,8.690353655008643818e-02,-6.597381261067572500e-02,2.607304167943421680e-01,4.581340664668182017e-01,2.468615481672662981e-01,5.004456429670245399e-01,3.706484976907848533e-02,3.550646681245167580e-01,-2.738549201331733074e-02,1.322166494670883319e-01,-3.081215651283075729e-02,8.036950688329007331e-02,1.347033945085685802e-01,1.255696849986056296e-01,1.265270824762499968e-01,3.707758929094180367e-01,9.030308304823776375e-03,-2.939969000781340880e-02,1.447812802723696113e-01,4.033138522374381529e-01,2.621270897421580370e-01,-2.411145866222261791e-01,1.021753535072170843e-01,4.089264417713568966e-01,3.273360733812379908e-01,3.325326342765092535e-01,4.446486568255361704e-01,3.524531406889552798e-01,1.396892973781574121e-01,1.361738330017027987e-01,4.327508991912944469e-01,4.449378840766860521e-01,2.373434646860618849e-02,4.836776430590222775e-01,-2.977757081898232266e-02,-5.964070917247378534e-02,1.315183555623674616e-01,4.716629588458129407e-01
4.142710248431817344e-01,5.025126409042221520e-02,1.000000000000000000e+00,2.231485246221115160e-01,1.642826303838035018e-01,3.969183385096036187e-01,7.687968543701099167e-01,5.399405933527919865e-01,2.513364719866736929e-01,4.424996410903894173e-01,4.319084133319162633e-01,2.249545603300268093e-01,2.021547421058112193e-01,6.323819002466241068e-01,2.826173216407427136e-01,2.119351619675164111e-01,4.913706113632523298e-01,6.123336029660375601e-01,5.823191540085883577e-01,1.531480402302397570e-01,1.619297577321217319e-01,3.641610720194125572e-01,2.024642348293650140e-01,4.156634503551496218e-01,7.575627383807695403e-02,6.280895447193598491e-01,5.759754218177062235e-01,3.305635608144827930e-01,2.537342441782143854e-01,5.817123359593499021e-01,3.307052416415986462e-01,2.408307530185084255e-01,1.847276504188285207e-01,1.425360128002787219e-01,1.312139179058703919e-01,-1.953075085976753791e-02,5.005263543902667145e-01,1.541559336137871550e-01,7.701328875570712107e-02,3.638943929490602858e-01,5.536403279047452664e-01,3.815528887186301343e-01,1.672643928055383145e-01,4.642077957124100540e-01,2.698793127691836991e-01,1.546743896535649199e-01,7.784713831049881738e-02,4.754038824820879250e-01,1.795625389925960269e-01,1.591186375309789347e-01,2.220651942564728087e-01,4.258736037796832519e-01,3.228777595985365401e-01,1.014071782627004592e-01,1.876081975506397603e-01,1.533557604884095149e-01,1.857478454720945249e-01,2.486129481087165638e-01,1.966092414001514160e-02,2.855517813322384080e-01,3.550160424272353898e-01,2.598778317037994112e-01,2.367152101813186083e-01,1.297006539637082512e-01,3.625004238896580300e-01,2.562798241462936263e-03,1.346523181229082322e-01,7.250407091045972530e-02
9.071406769143471743e-03,3.699918415678778438e-01,2.231485246221115160e-01,1.000000000000000000e+00,1.143819234673289359e-01,4.595892653091833147e-01,3.968329133008616783e-01,1.853180117966146678e-01,4.117070338792869766e-01,4.384897039405591390e-01,1.102603172823347077e-01,8.645630211642590934e-01,6.713847229422612028e-02,1.296700839559716545e-01,3.175313094741769038e-01,2.682896102459914611e-01,1.662809346325844484e-01,-9.907648108381751639e-02,6.205934583637680302e-02,8.816391931051459352e-01,3.290439804954393144e-01,4.091862290592774287e-01,3.730073827539006626e-01,6.307210829226218562e-01,9.978479276751746341e-02,3.968211036102712308e-01,3.856038046226219485e-01,6.506529999764036898e-01,1.037039316620813195e-01,3.701469962719541873e-01,1.403821534360100154e-01,-1.405756066276668374e-03,2.471912312575818282e-01,3.490420587905298522e-01,2.458361876886086539e-01,3.670347377001206834e-01,2.195196912837033554e-01,9.345444537914765482e-01,-3.649878089339137627e-02,4.357539882724666969e-01,2.708516512546088606e-01,2.312100311776573991e-01,3.583744254453039568e-01,4.372181542421663125e-01,1.327264748085178747e-01,8.188541690666556461e-01,6.078914040810154407e-02,1.768199802283356159e-01,3.202635335509996239e-01,3.846696294736979271e-01,1.475929072396403030e-01,-1.443558169051494533e-01,8.355280120245388298e-02,8.357928676698775927e-01,3.935016750354758952e-01,3.718959402750666721e-01,4.590575235681144117e-01,6.165419201199817678e-01,1.124116151086924364e-01,1.658046547206999954e-01,4.308289108846145021e-01,6.053965450341526333e-01,6.778001513796476363e-02,3.725197757523840414e-01,1.544152717091099858e-01,-1.006153605597748385e-01,1.024657766160779193e-01,3.829112137300727525e-01
1.185707723197529095e-01,6.856962563888077677e-02,1.642826303838035018e-01,1.143819234673289359e-01,1.000000000000000000e+00,2.149774636999306487e-01,2.094307616511471293e-01,1.963146299148198215e-01,1.577691089220333021e-01,1.954088898462298385e-01,1.554089710634230515e-01,1.246099570441202009e-01,8.646395566271049271e-02,1.791247289779424323e-01,1.542639746354530772e-01,9.759327349872987112e-02,9.868630499229999464e-02,1.266641716109680738e-01,1.513549279631792310e-01,8.927639605057872962e-02,8.116906226192129037e-02,1.389711904031296352e-01,8.780251819084786136e-02,1.642667683591672312e-01,5.091217144483017182e-02,1.235894783046106310e-01,1.314196250249687892e-01,1.441067048220566194e-01,1.325049310885147436e-01,1.560574232735753297e-01,7.190099935013717636e-02,1.637789497366001212e-01,9.487180847401660566e-02,1.505267004814031528e-01,1.124533390977449782e-01,3.820747782993193925e-02,1.359491273041285586e-01,8.366382430034148554e-02,4.715703082074308716e-02,1.896288365521018038e-01,1.648171696305026634e-01,1.497482282563309397e-01,1.168476520439949151e-01,1.888242433688241406e-01,1.373672690762842985e-01,9.060467698794189007e-02,5.462808401450945650e-02,2.072242903511670176e-01,7.846793369401192098e-02,1.049158735772368206e-01,9.991481483050285162e-02,1.260347374892773487e-01,1.685284256720329388e-01,6.906856337656427924e-02,7.171396522654145678e-02,8.548375061287499799e-02,9.355031847542769063e-02,1.406112748532168111e-01,3.880174167612453900e-02,7.080066422086560285e-02,1.532814108927820773e-01,1.150268281395301351e-01,1.163429477677907359e-01,9.741546447238451367e-02,1.063497246627931880e-01,5.096771622603678276e-02,7.000403042903213802e-02,9.888772018916608397e-02
4.144704803611183597e-02,1.329205407691723129e-01,3.969183385096036187e-01,4.595892653091833147e-01,2.149774636999306487e-01,1.000000000000000000e+00,5.529638268450538519e-01,5.047351234680932386e-01,3.337525414364957976e-01,7.418208410706027545e-01,2.129323148102242047e-01,5.823278564329599227e-01,6.760495509524926117e-02,2.341676769962859062e-01,4.931029866767132619e-01,1.763283571126499361e-01,9.602448180043232639e-02,1.700342492207974621e-01,1.777190102293227103e-01,4.318428371757925266e-01,1.148143822363409672e-01,2.932425795342091801e-01,2.060774253071858686e-01,4.237943930537496628e-01,3.707105056314472652e-02,3.016634023942301734e-01,2.320259868254635482e-01,6.453012689340342778e-01,1.692275379650253486e-01,3.013993707206904515e-01,9.562984011802294626e-02,1.438715554949669961e-01,2.030161619890614999e-01,1.950815736209463858e-01,1.328797408310261607e-01,1.223158790038050558e-01,3.754346075820876871e-01,4.391153794440111335e-01,1.142663148513029248e-01,7.771114216249631612e-01,4.827490373596606266e-01,4.898425946087554550e-01,2.547008480546562037e-01,7.833734285724017754e-01,2.382067007713656315e-01,5.334310777674865500e-01,8.738605866672738420e-02,2.919214604198492324e-01,4.443363817019926887e-01,2.221794656048950434e-01,1.482756652633786532e-01,1.325375080319629306e-01,2.514916483245573375e-01,3.595784988311677144e-01,1.509200066981352950e-01,2.378381636254521814e-01,2.991249787966427931e-01,4.606324524829930600e-01,3.348556219190689659e-02,1.473998474381797152e-01,2.465584838843611071e-01,5.736198418806854882e-01,1.323013724313898687e-01,2.293784699482930567e-01,2.198993901586909216e-01,-3.947763214272966524e-03,1.352258498666761288e-01,2.029935935126549740e-01
1.859969788869799967e-01,1.146340771674802250e-01,7.687968543701099167e-01,3.968329133008616783e-01,2.094307616511471293e-01,5.529638268450538519e-01,1.000000000000000000e+00,6.224138223159778605e-01,5.150287564003532825e-01,5.080798931595035262e-01,4.217673239385510975e-01,4.243202221589681411e-01,2.712984286744742346e-01,6.771451519029815236e-01,4.513588320132765896e-01,2.119815057883156217e-01,2.589624663076911526e-01,5.619256971263965061e-01,4.323798589947209781e-01,3.063712401820209985e-01,1.282008886527600811e-01,5.253389029790354048e-01,1.327170043006145328e-01,7.268869262301631551e-01,1.907714087363325539e-01,6.339190633424277577e-01,6.375660506984122122e-01,4.864019732667083651e-01,1.295597782565920952e-01,5.145122572182492249e-01,4.312398439072157585e-01,2.618415946656835747e-01,1.691689238169684362e-01,1.442573622475633033e-01,1.272457297238408815e-02,1.676380799958467407e-02,2.795303817103688693e-01,3.367281380314186001e-01,7.814270162495261240e-02,5.096614034736600685e-01,5.214192268570951860e-01,3.546634966578135484e-01,3.149558255694683284e-01,5.368601441901478255e-01,1.900233609930167544e-01,3.483696971005939003e-01,1.000317772855409820e-01,5.020308503949025836e-01,3.036781535082377914e-01,1.976722084141138425e-01,-2.711601807574650844e-02,2.625078557504909593e-01,1.778398748354708958e-01,2.329366855730581332e-01,1.691979796702743344e-01,2.675786123959150720e-01,1.483742688624902217e-01,4.881382745502911846e-01,6.357674542584870747e-02,1.033603496380829240e-01,3.330261651766034947e-01,3.781711898963482921e-01,1.313114850565644531e-01,7.777578005775689918e-02,4.511666353432238208e-01,3.003683771728536678e-02,1.190601791162697459e-01,1.053180354344594727e-01
2.097463616986977031e-01,4.578998143622717287e-02,5.399405933527919865e-01,1.853180117966146678e-01,1.963146299148198215e-01,5.047351234680932386e-01,6.224138223159778605e-01,1.000000000000000000e+00,2.462901974288304874e-01,3.692417737785629317e-01,3.359455301403067029e-01,2.063670281609297219e-01,1.378597815457059672e-01,5.647738369418687787e-01,3.022804719219308600e-01,1.692795510451644836e-01,2.859673560337799292e-01,4.928003996325548974e-01,4.578269773348931371e-01,8.319738544655684576e-02,1.784587086269709966e-01,2.944026588768430819e-01,2.428606714971298097e-01,3.254151272097887126e-01,6.771896305311490838e-02,3.431949583755601885e-01,4.004730287321905946e-01,4.386039746199396627e-01,2.066179925647519955e-01,5.179581703739614129e-01,2.141969604696419838e-01,2.726148017761888531e-01,1.575361442630093534e-01,1.820399494429193743e-01,5.755171468458204070e-02,-3.978418319847924246e-03,1.857319078646879063e-01,1.236062636675012427e-01,1.335857107349725792e-01,4.179934001420754774e-01,3.206398772842238287e-01,4.682866617625545125e-01,8.745097532611796620e-02,4.089625708168458940e-01,2.360967096922498842e-01,1.400201842707348709e-01,1.833228100622810762e-03,4.289660183410100580e-01,1.836750119794503810e-01,1.785533715568889679e-01,9.381931427946917090e-02,3.111641785124030224e-01,3.066013556340528301e-01,2.579991593698282432e-02,1.921909249060077540e-01,1.059428165185985482e-01,2.231390711247271397e-01,1.545297763681175718e-01,-5.163375224878421349e-02,-3.476660729620872914e-02,1.877857080092837916e-01,3.749848570515182944e-01,1.505007449485672444e-01,2.038411285202283152e-01,2.760102721323930419e-01,9.831087553649661692e-02,1.110941178991168288e-01,1.315275660569644456e-01
2.298939807600301061e-02,2.107756791915945116e-01,2.513364719866736929e-01,4.117070338792869766e-01,1.577691089220333021e-01,3.337525414364957976e-01,5.150287564003532825e-01,2.462901974288304874e-01,1.000000000000000000e+00,2.584581262240278066e-01,2.396013456443916445e-01,4.575100076148278516e-01,1.817249945050599391e-01,3.348467198271670719e-01,3.400894145591680795e-01,1.351442088899045546e-01,7.837318176983831819e-02,1.294006919823024737e-01,1.699880029303514895e-01,3.925497909516164063e-01,1.232559479015120779e-01,4.799992260220133367e-01,1.096935189621152384e-01,6.560778359266404847e-01,2.256019052652156465e-01,3.353067114319110975e-01,4.219381571738176628e-01,3.258467606609391498e-01,1.249188204719795248e-01,2.421556932460677547e-01,2.487046597564136485e-01,9.094209410876986921e-02,2.123417528891570205e-01,2.107560213843044095e-01,1.012433129703644991e-01,1.786167543772070598e-01,5.205114197166358508e-02,4.019695954337835775e-01,1.020741414645575870e-02,3.120293127014197032e-01,2.028785549398920141e-01,8.025395456309088182e-02,4.076383596779012963e-01,2.903372753008782170e-01,1.249362416260084291e-01,4.261363027052693653e-01,1.100418491971232871e-01,2.673880072846809286e-01,2.513081910596013380e-01,1.897422948017847832e-01,-4.423030342402220483e-02,-6.560560961352183626e-03,1.002040420519332009e-01,3.713962898621497866e-01,1.546455071735121922e-01,3.580286279235828650e-01,1.488172015285649519e-01,5.180035123171813360e-01,2.053933897351255811e-01,3.297940370191297828e-03,2.846595808477696554e-01,2.940518309291926813e-01,1.308788364838023022e-01,1.277354536522052331e-01,2.865664951711166530e-01,-2.192057748371249379e-02,1.533625982758268780e-01,2.384826190341794994e-01
1.808104145953511876e-01,8.897765318843708915e-02,4.424996410903894173e-01,4.384897039405591390e-01,1.954088898462298385e-01,7.418208410706027545e-01,5.080798931595035262e-01,3.692417737785629317e-01,2.584581262240278066e-01,1.000000000000000000e+00,2.496638504574217043e-01,5.226544625070289607e-01,9.528749932952684798e-02,2.621126160008875883e-01,3.523501252780510407e-01,1.962905244384019476e-01,1.426403139867161995e-01,2.559234322319580701e-01,2.206639243198987854e-01,4.130912111721827817e-01,1.513156714131788372e-01,2.812977786179929329e-01,1.732853899360899952e-01,3.233223776643934233e-01,3.925125309398382750e-02,3.503951538749738304e-01,2.476521509346289174e-01,4.767508954757070927e-01,2.141225114503965965e-01,2.602869078866396069e-01,1.343537880124357486e-01,1.020300729052433797e-01,2.390094718684230568e-01,1.785072676914180034e-01,2.140697684784296506e-01,6.951157340973634913e-02,4.570800617306771674e-01,4.107795582564306991e-01,9.003588853462234087e-02,6.592168464645861148e-01,5.231153128843547551e-01,4.801522204414366835e-01,1.980297855162275744e-01,9.206573807588102065e-01,2.375229954916516228e-01,4.493069828143152478e-01,1.080383259382261679e-01,3.411946158358023506e-01,3.042854871604093736e-01,1.976809840672454355e-01,2.442608050714198120e-01,2.826053568595257026e-01,2.990508324966678066e-01,3.136130671682045290e-01,1.849941146880711429e-01,2.549942443828684402e-01,2.830315398877109589e-01,3.748067181824474847e-01,4.736553680911627373e-02,2.949235137842917132e-01,2.781414291619336843e-01,4.190229790034354362e-01,1.782359845235162443e-01,1.846557885552982392e-01,2.415345835687416343e-01,-3.199614954391773181e-02,1.489809731662503356e-01,1.643833151407336768e-01
2.457130367229545254e-01,1.401062327851824441e-01,4.319084133319162633e-01,1.102603172823347077e-01,1.554089710634230515e-01,2.129323148102242047e-01,4.217673239385510975e-01,3.359455301403067029e-01,2.396013456443916445e-01,2.496638504574217043e-01,1.000000000000000000e+00,1.146776255821576329e-01,3.137544247975309619e-01,4.874302436326468646e-01,1.240349115870428426e-01,2.144414079218073532e-01,3.639853273280389545e-01,4.210493557299473388e-01,4.820536193789600743e-01,5.031934600194341856e-02,1.725245697915671894e-01,3.423226216739614913e-01,1.755506961674218047e-01,2.821903470193501962e-01,1.916765708654332434e-01,4.418317096291659585e-01,4.609201510193690066e-01,1.481704552065329639e-01,2.682575052624259215e-01,3.978473475730494591e-01,2.692495930726633291e-01,1.573513880536243081e-01,2.857294307119713772e-01,2.953363177651234239e-01,1.894225225458619488e-01,1.176070926734585631e-01,2.035073754604388441e-01,6.870076292746020441e-02,8.305780079624050516e-02,1.435119700520553487e-01,2.369222577868692614e-01,2.083878110638716641e-01,1.402829823735016468e-01,2.447167661695318353e-01,2.728752638813515818e-01,6.062191477491243874e-02,9.363616340264448168e-02,3.667076029584953045e-01,2.736875722716339276e-02,2.011246432056095768e-01,2.466424694229889525e-01,3.608611541791063027e-01,3.526944431700436144e-01,1.297355596295195895e-02,2.013509638660253009e-01,2.627901390389049130e-01,1.906588824890672884e-01,1.627330770492896039e-01,1.738292966904242953e-01,1.981582690726803875e-01,3.407109398078118634e-01,1.389008525458690912e-01,2.810077750527184559e-01,1.946083246469277606e-01,2.694887203443100399e-01,1.517377995040982558e-02,2.123935844133241213e-01,2.331882834339795429e-01
-5.969076404594795410e-02,3.695855022084278962e-01,2.249545603300268093e-01,8.645630211642590934e-01,1.246099570441202009e-01,5.823278564329599227e-01,4.243202221589681411e-01,2.063670281609297219e-01,4.575100076148278516e-01,5.226544625070289607e-01,1.146776255821576329e-01,1.000000000000000000e+00,2.682241329977500671e-02,5.632841668740778268e-02,4.132516892390580288e-01,2.036423850415542414e-01,1.166587232198745688e-01,-1.083317807424382662e-01,3.466962798850263539e-02,8.987388872529034067e-01,1.668573264014804880e-01,4.194630474313718604e-01,2.817914706069662989e-01,6.373954162632354814e-01,1.207031222851784741e-01,3.703911187440923070e-01,3.232343150082906957e-01,6.595389374820719297e-01,5.418437378485118500e-02,3.096038640510923035e-01,8.843363031579276612e-02,-1.942647376627775271e-02,2.303553241566668464e-01,3.012089321600721625e-01,2.155548110424523045e-01,3.561823051173275689e-01,2.755623240990264788e-01,8.656512719540612188e-01,-3.344222874581787019e-02,5.791411313226211277e-01,3.420075863914213699e-01,2.639844050433329259e-01,4.087645039789601364e-01,5.795713758499049240e-01,1.627356929540946795e-01,9.243365077754192027e-01,7.341861061077820105e-02,1.452093816731866438e-01,4.164111551137046896e-01,2.955852452096773275e-01,1.553238404121052574e-01,-1.193210539842559093e-01,1.280743889165797678e-01,8.612707621625430576e-01,2.438950162896927620e-01,3.779627763870729296e-01,3.694731200882630517e-01,6.588322269757969085e-01,1.381144987808206603e-01,1.746363590800319165e-01,3.923541811694545300e-01,6.069108860434224706e-01,2.717855832569466418e-02,3.257362315853776225e-01,1.376151434682182928e-01,-1.200416364363305483e-01,1.080238512736213241e-01,3.687329409186142493e-01
1.287578940941812022e-01,4.187506743279068716e-02,2.021547421058112193e-01,6.713847229422612028e-02,8.646395566271049271e-02,6.760495509524926117e-02,2.712984286744742346e-01,1.378597815457059672e-01,1.817249945050599391e-01,9.528749932952684798e-02,3.137544247975309619e-01,2.682241329977500671e-02,1.000000000000000000e+00,2.988543099078620480e-01,5.804629963862158182e-02,1.165971086378679994e-01,1.172607524339933510e-01,2.419659127753833738e-01,2.067442327322958628e-01,1.402180928634810808e-02,1.104993436036871973e-01,1.894370628002536860e-01,4.175587620026737640e-02,2.003500701611822254e-01,1.060620455476265628e-01,2.273729400656740451e-01,2.859585521367974947e-01,2.177375183928478494e-02,1.009344073007724385e-01,1.541559069799404713e-01,1.797520360098135428e-01,9.759742373130751714e-02,9.718179962457892951e-02,7.414049426064016346e-02,4.494786459454456345e-02,-4.381751897827451843e-03,1.334511268523574240e-02,2.978373522126460601e-02,-5.757690242148568761e-03,3.403589454664210368e-02,1.087177907981956987e-01,5.113157471446517360e-02,8.066216392680441993e-02,6.969872042893389408e-02,1.269792458771129007e-01,-1.818505865390741480e-02,1.324176584565052162e-01,2.033858997663504642e-01,6.909455720334521309e-03,1.054207350775527019e-01,4.560395621237423730e-02,1.495156125765031707e-01,7.987393877379074525e-02,-3.138476485912489178e-02,1.236636946556585459e-01,1.692053152058087817e-01,4.757296611564758304e-02,8.379148099786570825e-02,1.027043625610231520e-01,7.279091936427271869e-02,1.518653213992811890e-01,1.769473015412734163e-02,1.387330607251732184e-01,2.093563152772532840e-02,2.135619607670460329e-01,-3.446855471929848903e-03,7.273174512883469334e-02,5.290734905072756039e-02
5.358147518447523572e-01,2.099428304870406062e-02,6.323819002466241068e-01,1.296700839559716545e-01,1.791247289779424323e-01,2.341676769962859062e-01,6.771451519029815236e-01,5.647738369418687787e-01,3.348467198271670719e-01,2.621126160008875883e-01,4.874302436326468646e-01,5.632841668740778268e-02,2.988543099078620480e-01,1.000000000000000000e+00,2.062467172714354258e-01,2.604396533602936770e-01,4.638909877737174559e-01,7.288258526912917423e-01,6.788322490251381680e-01,-2.214397954224685272e-02,2.883168786345650658e-01,3.932447653971937740e-01,1.472308698827219375e-01,4.005928665522289767e-01,2.141132832306967826e-01,4.877493159894399355e-01,6.196706783928875861e-01,1.096997943401401554e-01,4.284585301030269244e-01,5.128270022039982390e-01,4.618721797363495307e-01,3.595308007189561561e-01,2.860084158705405444e-01,2.166847871392833802e-01,2.268720273174230917e-01,-3.224271713371085202e-02,1.547964652816253006e-01,7.538373750234567128e-02,1.119617327936421880e-01,1.640922744532500310e-01,2.900311334838496236e-01,2.579826589629313216e-01,1.893914974045174393e-01,2.443731296615269388e-01,2.325206117516584181e-01,-2.585549961095447505e-02,1.225302334902006324e-01,6.774619524669329707e-01,-4.206057493594515546e-04,2.363229349218904096e-01,1.297353827368256107e-01,4.969982529749150113e-01,3.695002791270190490e-01,-8.323144526687244193e-02,2.808960791663528966e-01,2.332117671217670551e-01,1.485275330737406141e-01,1.495502406558737729e-01,8.894136071297281676e-02,6.594679586412822980e-02,3.571038091383015312e-01,9.340047893238055676e-02,3.915052671509208215e-01,9.730628498154994532e-02,5.056669445009038810e-01,1.273652076722489035e-01,2.102408954271852148e-01,1.145282776733119873e-01
1.889489169851638756e-02,1.224855271058277323e-01,2.826173216407427136e-01,3.175313094741769038e-01,1.542639746354530772e-01,4.931029866767132619e-01,4.513588320132765896e-01,3.022804719219308600e-01,3.400894145591680795e-01,3.523501252780510407e-01,1.240349115870428426e-01,4.132516892390580288e-01,5.804629963862158182e-02,2.062467172714354258e-01,1.000000000000000000e+00,1.153487531973640678e-01,6.771322248271993693e-02,9.904457983477558958e-02,1.216516924013662654e-01,3.370608449292432640e-01,5.850600841221858389e-02,2.501956201675811786e-01,1.071002410976360508e-01,4.533259073935867467e-01,1.149365748850784963e-01,1.967750294641110453e-01,2.455839852138788082e-01,4.050120794889765508e-01,5.994811652523693302e-02,1.787122646281365801e-01,1.115876871894172090e-01,7.460831393007708034e-02,7.835649001486955090e-02,9.987673919126442701e-02,7.486916634272305915e-02,8.883625931474924131e-02,1.782922689691209539e-01,3.025842257099292665e-01,5.322280276017731654e-02,4.599688611087159318e-01,2.991541123675114378e-01,2.181946893125170928e-01,2.238994698303512498e-01,3.940410450352067606e-01,1.267856309794763436e-01,3.705728899996675874e-01,9.169655635684419159e-02,2.093416885017717333e-01,3.502638389812380293e-01,1.305165098942613899e-01,-2.187012591271573006e-02,-4.335010904630321425e-03,1.370549543849262086e-01,2.990610388167804223e-01,7.513089383374822738e-02,1.573871316523445807e-01,1.188438831575563404e-01,3.855193975859355637e-01,6.943228976849524781e-02,-1.343992674108888084e-02,1.748640496678469380e-01,3.366367901949823271e-01,5.901444355568823824e-02,6.765707408842959458e-02,2.037428413242697578e-01,2.358879641719219614e-02,5.242403140154774238e-02,1.121142518963258727e-01
2.272590523319550637e-01,3.290665334119188268e-01,2.119351619675164111e-01,2.682896102459914611e-01,9.759327349872987112e-02,1.763283571126499361e-01,2.119815057883156217e-01,1.692795510451644836e-01,1.351442088899045546e-01,1.962905244384019476e-01,2.144414079218073532e-01,2.036423850415542414e-01,1.165971086378679994e-01,2.604396533602936770e-01,1.153487531973640678e-01,1.000000000000000000e+00,3.282862666549255515e-01,1.236910500356508749e-02,2.544702775441841092e-01,1.535735712111942486e-01,6.227038391132001527e-01,2.895697058368419397e-01,6.190585094200899974e-01,2.977828992809057329e-01,1.062462052480596109e-01,3.220507132550707863e-01,4.575887327957182671e-01,4.171154389111345062e-01,3.384615782904352166e-01,4.637263165058606029e-01,1.734811793287811266e-01,5.179289208734092625e-02,3.729117572479028753e-01,4.729826821253990121e-01,3.462297099854014237e-01,3.136174881204667475e-01,1.239635389319941883e-01,2.458494134513854457e-01,4.804178761481238402e-02,1.677373369429782934e-01,7.978587849203758187e-02,2.037861835388302678e-01,1.053581192131944066e-01,2.033012047476686346e-01,1.513560059822524895e-01,1.581133118907154522e-01,8.526914595159290622e-02,2.051856884159365957e-01,7.651147245861700252e-02,7.370276275124459930e-01,2.615641264220887607e-01,-1.239938718821455288e-02,1.841703008028272581e-01,1.357029973773996034e-01,5.925210841918764348e-01,2.838976217906850619e-01,5.971747937839918530e-01,2.469112667917076620e-01,4.896523336061869847e-02,1.338409213669266851e-01,4.579703051593224661e-01,4.633994459794205101e-01,2.418233711144077980e-01,4.974114571958003772e-01,1.174874096897887965e-01,-7.094944688718914094e-03,1.567790908467796007e-01,4.009491353487440457e-01
5.712350817734416220e-01,3.167946501933974757e-01,4.913706113632523298e-01,1.662809346325844484e-01,9.868630499229999464e-02,9.602448180043232639e-02,2.589624663076911526e-01,2.859673560337799292e-01,7.837318176983831819e-02,1.426403139867161995e-01,3.639853273280389545e-01,1.166587232198745688e-01,1.172607524339933510e-01,4.638909877737174559e-01,6.771322248271993693e-02,3.282862666549255515e-01,1.000000000000000000e+00,2.673704474859526781e-01,6.785480204576622709e-01,1.175013850535361476e-01,3.485696707891427493e-01,3.041416533543758738e-01,4.822970745710283280e-01,1.872193449244606012e-01,1.437326639397200068e-01,5.114174084387821395e-01,5.762456859283605626e-01,2.497094173676711604e-01,3.870026162777612799e-01,6.635075112848598522e-01,1.918532526856341625e-01,1.078804101583179798e-01,2.759395335996712717e-01,4.226602395024431913e-01,4.675082569689889556e-01,3.104249250091875578e-01,2.767472958733664945e-01,1.272373936513535309e-01,1.229061389133078060e-02,7.485216197055374887e-02,1.280468807823390009e-01,2.466314383386768727e-01,4.472173375233953058e-02,1.640125590589517623e-01,2.720706148175536243e-01,8.735065283153391202e-02,1.886828763665411232e-02,3.046354991189069161e-01,-1.094200229441156212e-02,3.384099450200342418e-01,5.559479580788894149e-01,2.169219585927623373e-01,5.052290155195684473e-01,1.114843507903781200e-01,3.303043133987162427e-01,1.848527412920058233e-01,4.065207434950767196e-01,6.006431401718121538e-02,8.565667949770766620e-02,2.051037036192674967e-01,4.869474793166843063e-01,2.475369968648106489e-01,2.902071697205048095e-01,4.448431089874166355e-01,1.085574420871630308e-01,3.274908651093465695e-04,1.455202475158291764e-01,3.644291074122070206e-01
3.251259494958711471e-01,-2.380635233981128196e-01,6.123336029660375601e-01,-9.907648108381751639e-02,1.266641716109680738e-01,1.700342492207974621e-01,5.619256971263965061e-01,4.928003996325548974e-01,1.294006919823024737e-01,2.559234322319580701e-01,4.210493557299473388e-01,-1.083317807424382662e-01,2.419659127753833738e-01,7.288258526912917423e-01,9.904457983477558958e-02,1.236910500356508749e-02,2.673704474859526781e-01,1.000000000000000000e+00,6.122428220995904669e-01,-2.000410530943622645e-01,-2.030162271907611296e-02,1.601735119550594943e-01,-1.814521570407634787e-01,8.122520537840081933e-02,1.021189779979292667e-01,2.775305366274170016e-01,3.561110167357711687e-01,-1.502740604936473046e-01,1.580458845022005843e-01,2.212196856406943302e-01,3.584315364700268458e-01,3.497878987304917087e-01,6.053766762097162468e-02,-8.310960630806894789e-02,-4.830588645651581053e-02,-3.072042429579106559e-01,1.754236774756724460e-01,-1.310086972700205132e-01,1.054470820726113450e-01,1.155491463733673563e-01,3.162487011972162088e-01,2.184263875549260492e-01,6.163964799848495324e-02,2.341107295483358941e-01,1.731028550645355713e-01,-1.742518312846675355e-01,5.952412478941072199e-02,5.628500019419478972e-01,-4.908112238188141324e-02,-7.544109413536606579e-02,1.528647367991461774e-02,6.902688071850092699e-01,3.074998665728319036e-01,-2.493807720097266090e-01,-2.574213830748699541e-02,-3.386043200542027815e-02,-1.807264770069828830e-01,-1.059815548886889197e-01,-3.560187925948701815e-02,1.555484430884424528e-02,8.050569948956763644e-02,-1.801208196460135913e-01,2.141831554708596153e-01,-2.160384723421586994e-01,4.268239260651168210e-01,1.505031706480056408e-01,1.027864458661671282e-01,-1.721755308148121277e-01
5.235978941722125857e-01,9.839750385222652274e-02,5.823191540085883577e-01,6.205934583637680302e-02,1.513549279631792310e-01,1.777190102293227103e-01,4.323798589947209781e-01,4.578269773348931371e-01,1.699880029303514895e-01,2.206639243198987854e-01,4.820536193789600743e-01,3.466962798850263539e-02,2.067442327322958628e-01,6.788322490251381680e-01,1.216516924013662654e-01,2.544702775441841092e-01,6.785480204576622709e-01,6.122428220995904669e-01,1.000000000000000000e+00,-2.107885824878006492e-02,2.927136185797138968e-01,2.852305931788486903e-01,3.027377394454709436e-01,1.801526503345405594e-01,1.708920510400639692e-01,3.627921184326187709e-01,5.187941148701450400e-01,1.142276493027141598e-01,4.385450382023426963e-01,5.736005952529933394e-01,2.674935573959353330e-01,2.378053630450202294e-01,3.143372147166392239e-01,3.529605328684669030e-01,4.080855501560183840e-01,9.187065174594405415e-02,2.495664143638798849e-01,2.851950863332781624e-02,8.632340858193034150e-02,1.300025902530598243e-01,2.011642821323552655e-01,2.905676505732771031e-01,7.889398345567023851e-02,2.170512930638581472e-01,3.369706309290470547e-01,-2.483417819421796999e-02,3.172974618909743527e-02,5.158025165444455329e-01,-9.200671505269479578e-03,2.605291684034382049e-01,4.028100681980337772e-01,4.989003862627535701e-01,6.429413035615701988e-01,-4.868082508452453716e-02,2.894283996106938317e-01,1.410083287693376375e-01,2.612689546163664001e-01,-9.511315092563919424e-03,4.828025175916002970e-02,4.402201041852458335e-02,3.380248273842825779e-01,1.313577816403120879e-01,4.060112692705890036e-01,2.842337379081520954e-01,3.058956138477799680e-01,9.330178974021210991e-02,2.570278648975603542e-01,2.826388589967017695e-01
-6.967393023059224866e-02,3.893510338078647881e-01,1.531480402302397570e-01,8.816391931051459352e-01,8.927639605057872962e-02,4.318428371757925266e-01,3.063712401820209985e-01,8.319738544655684576e-02,3.925497909516164063e-01,4.130912111721827817e-01,5.031934600194341856e-02,8.987388872529034067e-01,1.402180928634810808e-02,-2.214397954224685272e-02,3.370608449292432640e-01,1.535735712111942486e-01,1.175013850535361476e-01,-2.000410530943622645e-01,-2.107885824878006492e-02,1.000000000000000000e+00,1.594191976265529886e-01,3.764858365656195693e-01,2.811073972039584423e-01,5.877201153751805407e-01,1.052078163335840033e-01,3.274357705280615538e-01,3.029838535298466917e-01,5.783355293404611741e-01,8.244204900576408354e-03,2.563516515291860420e-01,6.555126589373344581e-02,-8.101526590883009749e-02,1.919356325520364948e-01,2.949207290415274962e-01,1.922873108564250866e-01,3.814089302652475810e-01,2.182261282903537603e-01,8.630575058869001115e-01,-6.628348474683486147e-02,4.244639389663240614e-01,2.377416803591002603e-01,1.540002509620632121e-01,3.722565070002827325e-01,4.346267359483996784e-01,1.326966772959086993e-01,8.716815742322016058e-01,5.951706031151235421e-02,4.819289765861879682e-02,3.464514496148342615e-01,2.356074515472177389e-01,1.336543754619103075e-01,-2.103878467011746911e-01,5.796241458064881752e-02,9.326393142978344208e-01,2.119017448020139027e-01,3.391452566181508144e-01,3.311672642546173440e-01,5.974100648273779068e-01,1.504343986738929106e-01,1.556462132855819802e-01,3.573384939946868122e-01,5.176413804401458485e-01,-1.743357578978649639e-02,2.925925516825761963e-01,7.883400345855734459e-02,-1.529720347384925794e-01,5.697952067406571175e-02,3.474486895891384930e-01
3.216968428761639576e-01,3.153508767390215684e-01,1.619297577321217319e-01,3.290439804954393144e-01,8.116906226192129037e-02,1.148143822363409672e-01,1.282008886527600811e-01,1.784587086269709966e-01,1.232559479015120779e-01,1.513156714131788372e-01,1.725245697915671894e-01,1.668573264014804880e-01,1.104993436036871973e-01,2.883168786345650658e-01,5.850600841221858389e-02,6.227038391132001527e-01,3.485696707891427493e-01,-2.030162271907611296e-02,2.927136185797138968e-01,1.594191976265529886e-01,1.000000000000000000e+00,2.094948820235671694e-01,7.920607635294979465e-01,2.359361962762492881e-01,3.750204561765237143e-02,2.402845953084926933e-01,4.648557616550068050e-01,4.437737546333371252e-01,4.546071759101286136e-01,4.982476688591198632e-01,1.577929486128762104e-01,8.996061748645770018e-02,4.172668454359210188e-01,5.711157868044751673e-01,4.289187481800232349e-01,3.185241431111330290e-01,7.388020017406952966e-02,2.942256974048148011e-01,2.360631316257439521e-02,8.665645029869729898e-02,-2.363408823341347706e-02,2.074004469307117182e-01,6.067494400614106137e-02,1.239895817378490750e-01,1.717136868614770329e-01,1.258543730984159059e-01,5.039741946153183244e-02,2.331375109597399187e-01,8.076451639186750520e-03,6.807503291417025260e-01,2.666708615129647630e-01,-3.002133588031984796e-02,2.072355353105331255e-01,1.548229335143916086e-01,8.443829564652823860e-01,2.722740079072423769e-01,7.642220807896172863e-01,1.581412005119376962e-01,1.999762107648678580e-02,1.029268437173504885e-01,4.661026527049022539e-01,5.080077781118222946e-01,3.503562547528677462e-01,6.080919891492531093e-01,8.820124145846248986e-02,-4.915650410404476256e-02,2.205314521188565247e-01,5.084206333948625423e-01
1.458066421042191196e-01,3.548494546773020009e-01,3.641610720194125572e-01,4.091862290592774287e-01,1.389711904031296352e-01,2.932425795342091801e-01,5.253389029790354048e-01,2.944026588768430819e-01,4.799992260220133367e-01,2.812977786179929329e-01,3.423226216739614913e-01,4.194630474313718604e-01,1.894370628002536860e-01,3.932447653971937740e-01,2.501956201675811786e-01,2.895697058368419397e-01,3.041416533543758738e-01,1.601735119550594943e-01,2.852305931788486903e-01,3.764858365656195693e-01,2.094948820235671694e-01,1.000000000000000000e+00,2.734178176417796924e-01,5.958625754079214243e-01,2.322250494077058580e-01,5.742390713863971818e-01,5.305607809962239463e-01,3.726899319128395005e-01,2.484433018487556544e-01,5.164582534473279862e-01,2.196764335637980403e-01,7.401818497495923910e-02,3.526893465751514967e-01,3.620715858280638688e-01,2.525395120244899871e-01,3.478758397557183413e-01,2.157743975946594117e-01,3.842923034254901449e-01,2.085083802277886561e-02,2.562634086258490651e-01,3.139253247812168746e-01,1.995485125566759110e-01,3.458037220447189308e-01,3.060425597249208374e-01,2.322504522044844255e-01,3.792155739395499658e-01,1.092359802455798445e-01,3.517421664169560480e-01,1.913444670233373224e-01,3.055010300831684789e-01,2.397883176195933774e-01,1.202680197537402823e-01,2.396983822529409336e-01,3.480089888257409947e-01,2.638117360122422816e-01,5.416738704307564323e-01,3.048590171832310514e-01,5.481519130531523620e-01,2.703504476592940020e-01,2.709790471275935198e-01,5.003823618595190093e-01,3.435922873386687559e-01,2.241758922318763947e-01,3.313035337519129597e-01,2.616594860232733244e-01,-3.124875039425708753e-02,1.965028895901387851e-01,3.450232667317081336e-01
2.718346672457623847e-01,4.570651973675712854e-01,2.024642348293650140e-01,3.730073827539006626e-01,8.780251819084786136e-02,2.060774253071858686e-01,1.327170043006145328e-01,2.428606714971298097e-01,1.096935189621152384e-01,1.732853899360899952e-01,1.755506961674218047e-01,2.817914706069662989e-01,4.175587620026737640e-02,1.472308698827219375e-01,1.071002410976360508e-01,6.190585094200899974e-01,4.822970745710283280e-01,-1.814521570407634787e-01,3.027377394454709436e-01,2.811073972039584423e-01,7.920607635294979465e-01,2.734178176417796924e-01,1.000000000000000000e+00,2.863165658743351272e-01,1.983863728053591319e-02,3.235868886667017108e-01,4.879519854466562445e-01,6.672059749372732940e-01,3.743432097556990690e-01,6.742789421433337260e-01,5.140397948523175997e-02,-5.355673715908641427e-03,3.973314406367515761e-01,6.567883278472377295e-01,4.551364913209504093e-01,4.862483510107881712e-01,1.471284051015024352e-01,3.340817382523465495e-01,1.358988131817443455e-02,2.027124024884867648e-01,-1.183150142197430567e-02,2.999680351157703040e-01,4.401745966630035700e-02,2.099516601603865773e-01,2.354999959137156762e-01,2.664015461058137357e-01,-1.659600372519353523e-02,8.875378710533214643e-02,1.037832661999381068e-01,7.208668290831177217e-01,3.889680536761795371e-01,-1.595364987984649596e-01,2.593407413376375703e-01,2.925365545901099651e-01,7.608810645106681703e-01,2.903795809340349865e-01,8.779201465876766974e-01,2.163554951557566941e-01,2.560180639279752493e-02,1.137548957307533554e-01,5.014604185089361899e-01,7.067413104346237374e-01,2.381612294641611560e-01,7.891678063973597279e-01,-5.292822412241739161e-02,-9.013362347888885517e-02,1.959674885890787255e-01,6.285426709028086867e-01
