1.000000000000000000e+00,1.983288281449558377e-01,5.106284416572350882e-01,2.210206147959037359e-01,2.018753648039072757e-01,5.289918355413055773e-01,5.303566997198958521e-01,5.421180960595073373e-01,2.669732094156991309e-01,5.185728814538580478e-01,3.835123137125861503e-01,4.147902527691458840e-01,4.268191837651474363e-01,7.582535799897289763e-01,2.764991758473657191e-01,4.885397825895180235e-01,6.601282613917351938e-01,4.463400168983768235e-01,6.935781682841422047e-01,2.859726376019153804e-01,5.724654127419595007e-01,4.157499815525329545e-01,6.033289911824671892e-01,3.518661819787067269e-01,2.508863240348239154e-01,5.586385075426508751e-01,5.938516984970638735e-01,3.598859996217604329e-01,8.388047471335868810e-01,6.701163459379503307e-01,4.730456872639977606e-01,3.594573501212541822e-01,4.235862649999127538e-01,5.534445032826963429e-01,6.663763447811829055e-01,2.120541861482235779e-01,4.221043166303333760e-01,2.942560667625729320e-01,2.101993340385310272e-01,4.518427310291204813e-01,4.042315395220839047e-01,4.489632153535295656e-01,1.872809197549632765e-01,4.894375639276181689e-01,2.985999639818969764e-01,3.380688342763769616e-01,4.601423981260759355e-01,6.272978493953091927e-01,2.791510123566395829e-01,5.202314614149811112e-01,4.191622999088991386e-01,4.367614684475717435e-01,4.668819115952472232e-01,3.339219985521655332e-01,5.466928087511322421e-01,3.101938655925747246e-01,5.879840702111496231e-01,3.334088413515462479e-01,2.527945963332481893e-01,3.801139948234604771e-01,5.311737611647855406e-01,3.854283054541848275e-01,7.716653447951602462e-01,5.231687334158581226e-01,3.448073165187812705e-01,9.848283651097201885e-02,3.878948497346383362e-01,5.380363973714822334e-01
1.983288281449558377e-01,1.000000000000000000e+00,1.601419855580409057e-01,4.470543354331522612e-01,-3.331647423330730967e-02,2.627023187157533912e-01,1.801102578097200091e-01,1.220497632299745588e-01,2.041350569037075346e-01,3.014833011266809804e-01,2.989435614678874198e-01,3.973832767573325375e-01,1.021054872301728200e-01,1.327320920435796914e-01,1.661022773696664845e-01,4.258975131514233237e-01,3.048666314488287510e-01,-7.088250789760013049e-02,1.755079507503778391e-01,4.790925174307710255e-01,3.165292146009970886e-01,5.084074408958578761e-01,3.277320877202586913e-01,4.795517161470691514e-01,3.631669546739492160e-01,3.318694281775524391e-01,4.545370284134210848e-01,4.649776243876196924e-01,3.470111127734231138e-01,3.574784540883532702e-01,9.729973458964050192e-02,6.730878440438690935e-02,4.300193937833418079e-01,5.548378339858803798e-01,2.443568574412980365e-01,5.389903471098150822e-01,2.341119561333258048e-01,4.239666879189715187e-01,1.589961927217245496e-01,2.327497983660075931e-01,2.140895424546565007e-01,2.828063231316690351e-01,1.461897210626779409e-01,2.989038146793249195e-01,1.361104272028761664e-01,3.971617109994876049e-01,1.407715557047658494e-01,1.057777952182661907e-01,2.137334368471996426e-01,4.001758463064380988e-01,3.194060504745858675e-01,-3.867518437208061766e-02,2.388295728638892557e-01,4.602240020552826882e-01,2.769709818064029494e-01,5.393310301777078930e-01,3.752049133273235859e-01,4.675029528363612297e-01,3.826424327199082764e-01,3.473489688961268196e-01,4.687787688903692906e-01,4.499614732824123720e-01,3.839784854265843594e-01,4.755133014161401217e-01,3.873616371383646617e-02,1.099849431686913785e-02,4.588843047729385671e-01,5.273235318056371801e-01
5.106284416572350882e-01,1.601419855580409057e-01,1.000000000000000000e+00,2.429231130133345240e-01,1.398459370742239916e-01,3.707958274758379469e-01,8.017308144314659879e-01,6.012003492086044343e-01,3.899473818144781889e-01,3.384258289697826827e-01,4.889999484847705191e-01,3.528942546472226272e-01,4.349202058962494122e-01,6.720874828778953258e-01,2.656533130913421026e-01,3.646222209953040583e-01,6.440578605768971787e-01,5.402041124618323087e-01,5.409540974421614967e-01,3.392211724135039685e-01,4.222972185843325565e-01,4.243467464949350898e-01,4.732162676429467196e-01,4.794121250823144553e-01,2.676651806840895098e-01,7.899959068632802506e-01,6.857313678807935853e-01,4.469855739297381447e-01,5.368453781994015905e-01,7.143500236357606115e-01,4.074057695361029685e-01,2.153877230741114146e-01,4.486797917943403657e-01,4.705952709218436114e-01,3.220488629792170876e-01,2.311384951925581910e-01,7.581449788507508281e-01,2.727842996052780022e-01,1.080515670362176411e-01,2.854263016005431086e-01,6.771993426204335753e-01,3.729577228169466130e-01,3.948454601356787830e-01,3.292157277975338858e-01,5.012610754706705585e-01,3.061469640154026450e-01,5.021806132753555696e-01,6.321154352676573440e-01,2.727473524698673102e-01,3.745659980914920473e-01,3.869916151739907217e-01,4.124095317371191949e-01,3.176354501990182322e-01,3.570161644083736374e-01,3.864348408551622205e-01,3.348422303392715738e-01,4.467213952095747675e-01,4.269224631033678996e-01,4.214266030955409748e-01,6.063652381636824851e-01,6.555928526889887031e-01,4.076998309970708001e-01,4.661138632364422718e-01,4.432474372530653683e-01,4.572198148928273698e-01,3.360039904162755164e-02,4.158204208397042745e-01,4.045172945484100113e-01
2.210206147959037359e-01,4.470543354331522612e-01,2.429231130133345240e-01,1.000000000000000000e+00,-6.110556471133311851e-02,5.359906048506184462e-01,4.147291939831929675e-01,2.234768342599604551e-01,3.341479949519212678e-01,4.866837710685976148e-01,3.499133803239363738e-01,8.464554840663568447e-01,1.061268095961903357e-01,1.464158928405699944e-01,3.413745225856498755e-01,5.675186664804970915e-01,2.622773612051342296e-01,-2.031056540480750613e-02,9.530712106270318451e-02,8.703190410527198440e-01,5.192441304752121178e-01,5.466247072370964410e-01,4.807831800136178613e-01,7.083401902937839223e-01,2.650276154676647344e-01,4.080958333864317944e-01,4.439920962044005548e-01,7.586634498167756924e-01,3.858260888701929292e-01,4.012886919761431415e-01,7.516654745583482844e-02,8.419267573986218001e-02,4.247833632172418050e-01,5.888322446139564459e-01,2.409706422174394125e-01,4.472375511087084421e-01,2.889250397501181844e-01,9.530036281967450007e-01,1.503039435126956869e-01,5.111791016842043289e-01,3.924132734082880769e-01,3.936681978247352776e-01,3.527325843130127980e-01,5.308274888591235641e-01,3.010945584385282814e-01,8.454202685983425170e-01,2.115207349152225247e-01,1.894795445315463345e-01,4.152980352687789534e-01,5.521015123706659589e-01,2.359122283805380194e-01,4.166221049460466092e-02,1.233112883745027810e-01,8.373653504923265212e-01,4.878331808197459152e-01,6.342607509897459916e-01,5.354715057346937090e-01,7.059969374984033097e-01,3.835704449249371928e-01,4.748887285775777456e-01,4.888557164133938149e-01,7.416272728917530088e-01,3.698252512427336880e-01,5.342116177629105955e-01,1.604931641261555242e-01,8.942979478740385735e-02,4.336504449995298716e-01,5.329834743652461793e-01
2.018753648039072757e-01,-3.331647423330730967e-02,1.398459370742239916e-01,-6.110556471133311851e-02,1.000000000000000000e+00,1.515726438992823222e-01,1.164160243697625330e-01,2.254680675872643980e-01,1.002873041163000745e-01,-3.794025051483282829e-03,1.700983719113116910e-01,2.893089154686493553e-02,1.707262045910486192e-01,2.559169301720087830e-01,1.892686507886686686e-01,5.849758355101376817e-02,1.994417133238982620e-01,2.437987037179374650e-01,2.461052551508157438e-01,-5.729449733685822166e-02,1.617026924251886155e-01,3.390564791255010896e-02,1.481679428104260843e-01,1.918879702992471251e-02,3.428672249928133020e-02,1.453636788792256329e-01,9.672633346471092020e-02,-4.340366657391989125e-02,1.470500434276100221e-01,1.447202441214464619e-01,1.517504601473519121e-01,2.432821819259657625e-01,-2.421202418001804080e-02,1.153810424299766824e-01,1.019728459760815970e-01,-6.607993764275234272e-02,4.383091909079279286e-02,-4.223720314680615845e-02,8.207947164162596176e-02,1.258449218042113904e-01,6.388467172982414954e-02,9.442009922766622654e-02,8.066373514988976756e-02,-9.025852670277044378e-04,1.130070325398573328e-01,-7.690784282683706292e-03,1.573606813549648653e-01,1.647429999307779280e-01,1.466612677432002354e-01,6.293390624446243420e-02,7.561474846370920544e-02,1.763165632514234749e-01,1.355791571084778158e-01,-4.497641934918990975e-02,1.351033955960878052e-01,-5.106396235038815345e-02,1.006935177676221149e-01,7.623358927640075215e-03,-6.737101898776074946e-03,2.095369271663300240e-02,2.262556022645944437e-02,-4.050640150253774496e-02,7.083740483531403287e-02,4.125007239067596254e-02,1.455173263909934900e-01,8.501375681977363374e-02,-5.364830293448225040e-02,1.199943885831458307e-01
5.289918355413055773e-01,2.627023187157533912e-01,3.707958274758379469e-01,5.359906048506184462e-01,1.515726438992823222e-01,1.000000000000000000e+00,5.355243297294597360e-01,5.808592354354374931e-01,2.746598187482121034e-01,7.627679189870641974e-01,3.703868244573890744e-01,7.467288358167472051e-01,2.506818470960603396e-01,4.555611622073637013e-01,4.510356088011747699e-01,3.943266005407741193e-01,5.007419181907161176e-01,2.012879658480951073e-01,4.414654735581027833e-01,6.261220065909679500e-01,4.506352902923894121e-01,4.059035748366907059e-01,4.660727883802361360e-01,4.957342522731733037e-01,1.840399715471404962e-01,4.494937070456820893e-01,4.277432828463575976e-01,6.057923662391360153e-01,5.157712931308480186e-01,5.252390781982412271e-01,2.555366688451836676e-01,3.118004158074322296e-01,2.678299183766365554e-01,5.448342127104858212e-01,5.392699943534092766e-01,2.822895296837382717e-01,4.357352219881229227e-01,5.917511542768656430e-01,1.600008050326242326e-01,8.806542179275748117e-01,5.048951887355347390e-01,6.278256807216036073e-01,2.811648186443270747e-01,7.818581067106180615e-01,2.849948740830167138e-01,7.213558608290403518e-01,3.745435217369269543e-01,4.905843357652235892e-01,5.056330986297592478e-01,4.021139420870878389e-01,4.002130618715372123e-01,2.983149855681831997e-01,4.457266697761850249e-01,6.531540695345126046e-01,3.751895944572963826e-01,3.766032564438742125e-01,4.618705205361418598e-01,5.582448709439022938e-01,2.491350833019965738e-01,4.292742136859871716e-01,5.003962649056420409e-01,5.959848296467933348e-01,4.860272344969022162e-01,4.995357529843630906e-01,2.608264790006435963e-01,1.040981751489763879e-01,2.742694108360531624e-01,4.962471214421518839e-01
5.303566997198958521e-01,1.801102578097200091e-01,8.017308144314659879e-01,4.147291939831929675e-01,1.164160243697625330e-01,5.355243297294597360e-01,1.000000000000000000e+00,6.113244288614978483e-01,5.843762416198717835e-01,4.850907366059027948e-01,4.145636189388141601e-01,5.320917439859662590e-01,4.840486441973851361e-01,7.384985052478294509e-01,3.682617150134115946e-01,4.654976052906085182e-01,4.602300668515217907e-01,4.565042368183769295e-01,4.048543578978104907e-01,4.435374462212514635e-01,5.136996366892349064e-01,5.094999705494224207e-01,4.952248193821091604e-01,7.073417331510274408e-01,3.086887576095474484e-01,7.288192203629914045e-01,6.803589958638339708e-01,5.722915293277844873e-01,5.345379752963910214e-01,6.647148678785661513e-01,5.542673140078098193e-01,2.719696306218452042e-01,3.798802230946664582e-01,4.842159374472445044e-01,4.339162272620064598e-01,2.463340292606748527e-01,6.867440035108917096e-01,4.534165734985762808e-01,1.868568793688804297e-01,4.601180764956995239e-01,8.124633072370605058e-01,5.095222803306993509e-01,5.521684418951205986e-01,4.819163329874738277e-01,3.904944399830263535e-01,4.940946963483041632e-01,6.140941218891317055e-01,7.579906587135921692e-01,3.822780967148958764e-01,4.832074470075607975e-01,1.923345253704169255e-01,3.808792923704025224e-01,1.827506032376288447e-01,4.999005877937089948e-01,5.023166372950645941e-01,4.824795640040232536e-01,5.092665946464621785e-01,6.432352811880602816e-01,4.620314832888812173e-01,5.716527993137536789e-01,6.746217159624631199e-01,5.599361708949541772e-01,4.886329873668038837e-01,4.736782506948393201e-01,4.830876515389518344e-01,1.413751945168189028e-01,3.742211440221331342e-01,4.275904809070785739e-01
5.421180960595073373e-01,1.220497632299745588e-01,6.012003492086044343e-01,2.234768342599604551e-01,2.254680675872643980e-01,5.808592354354374931e-01,6.113244288614978483e-01,1.000000000000000000e+00,1.973431106332130813e-01,4.788185050181648084e-01,3.985243345340974686e-01,3.485673727362159635e-01,2.223491995322440795e-01,6.270922904157781863e-01,2.481765471092172715e-01,2.749410532999985168e-01,4.991503573641976610e-01,5.165603332190068508e-01,4.682962328517535910e-01,2.822307542698371252e-01,3.637378033508513742e-01,3.565258001769334717e-01,3.894560497772809327e-01,3.117648083810966586e-01,6.672913540084034201e-02,5.395978204841636039e-01,3.836467026057042706e-01,4.799773711833718037e-01,4.244675973630246957e-01,6.704116272169008406e-01,2.457622240109594569e-01,3.034214832171001075e-01,1.783532223002734507e-01,3.927881790495814096e-01,3.296622196883736144e-01,1.334337437630785939e-01,4.512888490593210955e-01,2.639033221155517306e-01,8.519416719755591727e-02,4.716578320119558243e-01,4.888960165403169467e-01,6.503562548638721630e-01,1.931895998514114587e-01,4.745578390573743088e-01,3.031444185787913748e-01,3.023923596791518453e-01,2.917232950799122926e-01,6.001281985374011807e-01,2.900804759042922010e-01,3.031537312785713700e-01,3.260896704595898643e-01,3.888658579274184013e-01,2.880493778577277175e-01,2.947287968845969663e-01,3.260379597039003707e-01,2.560561608486331964e-01,3.816821480936702371e-01,2.910989056429871269e-01,1.458650627878710637e-01,4.230190440440302901e-01,4.002425472689436492e-01,4.608700924275390687e-01,3.785396433907642355e-01,4.853338010300949357e-01,2.852748016323955471e-01,7.800392518568295686e-02,1.657637975527193608e-01,3.584196459049385219e-01
2.669732094156991309e-01,2.041350569037075346e-01,3.899473818144781889e-01,3.341479949519212678e-01,1.002873041163000745e-01,2.746598187482121034e-01,5.843762416198717835e-01,1.973431106332130813e-01,1.000000000000000000e+00,1.894202453865171387e-01,3.384386620529757916e-01,4.080345759845693254e-01,4.811591767353999849e-01,3.860994685658966641e-01,3.905670916858151598e-01,3.717663568387667428e-01,2.832111198355653503e-01,1.184055051149071475e-01,1.988790006283345790e-01,3.046400503708189822e-01,4.160588348023724903e-01,4.445290631772332857e-01,3.952156902941859062e-01,6.549004317065052483e-01,5.061035579317358923e-01,4.189256402057524586e-01,5.325097333122883470e-01,3.432235466322060558e-01,3.816455854365030653e-01,2.924529703297669703e-01,4.226973694016374905e-01,1.641091163066748515e-01,3.098793567241766023e-01,3.848103132264936166e-01,2.393320034383735473e-01,2.654710836179396960e-01,3.657936567385265403e-01,3.646894395589270754e-01,2.026842091498113618e-01,2.517309151381476595e-01,4.909631284765638704e-01,2.394501261310729989e-01,6.302242633636292446e-01,2.149284255223585516e-01,3.167007963462218356e-01,3.671192852470532286e-01,5.642858033480894209e-01,3.769726312508351329e-01,3.447813489751133109e-01,3.786759185088577340e-01,1.165542735126343793e-01,7.444839121741439469e-02,9.540320661837996263e-02,3.529735553411449955e-01,4.132348265251956643e-01,4.623366617535946688e-01,3.887141372252431171e-01,5.946280358832993773e-01,5.416831237456593007e-01,3.564508395714917066e-01,4.719999055024117762e-01,3.515703161606325011e-01,3.229597149332141259e-01,2.802727282620725568e-01,4.021297783143706339e-01,1.252577143299680729e-01,3.061649487181221652e-01,3.676977744708633256e-01
5.185728814538580478e-01,3.014833011266809804e-01,3.384258289697826827e-01,4.866837710685976148e-01,-3.794025051483282829e-03,7.627679189870641974e-01,4.850907366059027948e-01,4.788185050181648084e-01,1.894202453865171387e-01,1.000000000000000000e+00,2.690914349712749676e-01,6.587996659828054824e-01,1.772251034337788134e-01,3.978530629996712142e-01,2.315974731020462862e-01,3.793252238370282137e-01,3.967385631433248405e-01,1.744107366761094846e-01,3.610277881236317876e-01,6.230104802266751562e-01,3.846438054231766102e-01,4.204273182497476613e-01,3.840365339448802984e-01,4.635001749245559743e-01,1.541620508510009591e-01,4.142538323869594530e-01,4.317986137636251054e-01,5.904783828793687128e-01,4.930192964072024342e-01,4.682418519629800158e-01,2.859385508773334972e-01,2.306279093767798494e-01,2.961216570283406457e-01,4.796311429969046247e-01,4.877406477216343350e-01,3.395758400067294125e-01,3.786225805558566249e-01,5.230926375456443900e-01,9.830006942039720697e-02,6.476184927212433884e-01,3.824570732299332754e-01,5.056251378699163634e-01,1.122097249314432665e-01,9.409028935994410148e-01,1.557257663342830056e-01,6.147092367901079157e-01,2.648633787347613455e-01,4.103137465280584095e-01,2.504762617376704581e-01,3.914615523402996677e-01,3.150050039949447989e-01,2.537672842210369484e-01,3.305700364164080862e-01,6.553003538691672958e-01,3.308853064683651701e-01,3.956303289513236621e-01,4.054761232330136855e-01,4.545562145373593377e-01,2.435944157004290567e-01,3.807320384718937967e-01,4.751925263833231550e-01,5.825697635064288615e-01,4.972752626801369424e-01,4.580356147487072427e-01,1.253777488075049906e-01,6.952135482684000667e-02,3.124432151393605750e-01,4.422923289887038534e-01
3.835123137125861503e-01,2.989435614678874198e-01,4.889999484847705191e-01,3.499133803239363738e-01,1.700983719113116910e-01,3.703868244573890744e-01,4.145636189388141601e-01,3.985243345340974686e-01,3.384386620529757916e-01,2.690914349712749676e-01,1.000000000000000000e+00,4.481065689813547581e-01,3.912307002587575022e-01,4.098507718039043346e-01,3.377678806055811611e-01,3.625961599146690917e-01,6.658626412694302887e-01,3.711905809252234456e-01,5.443137627904032216e-01,4.298428432421343426e-01,4.719284510742201011e-01,4.530581924892068124e-01,4.929473696940287475e-01,4.051876444863711235e-01,4.349872838755211024e-01,6.506279487404132977e-01,5.449221654387250702e-01,4.024798258584809663e-01,4.394404671567975762e-01,5.866297256560227824e-01,2.752759381334226041e-01,2.514449413480355222e-01,3.680971326700123170e-01,6.069272944304735518e-01,1.872313703328884471e-01,4.207601794786353100e-01,4.177683065576273669e-01,3.888101962614533003e-01,1.126587189268921235e-01,3.124721029566343011e-01,3.496758324161945986e-01,2.981029398956384635e-01,2.804988424888248955e-01,2.898379239690833664e-01,6.031648692860966943e-01,4.092416604605431663e-01,3.835354333320430409e-01,3.012494260795356982e-01,3.007429435759635394e-01,3.806297675385840740e-01,5.620284765217485878e-01,3.251037035930441355e-01,4.990278268958326935e-01,4.134623088430885995e-01,4.391409694211876324e-01,4.361014513137886905e-01,4.960767967962176894e-01,3.937327115986267168e-01,4.669979647815484802e-01,5.583860531305869790e-01,5.133665294719712557e-01,4.039593613699791752e-01,3.520367408473270010e-01,5.312272103008627289e-01,3.312901005188236825e-01,7.214744729298269710e-02,3.413379965347699274e-01,5.694557234217241248e-01
4.147902527691458840e-01,3.973832767573325375e-01,3.528942546472226272e-01,8.464554840663568447e-01,2.893089154686493553e-02,7.467288358167472051e-01,5.320917439859662590e-01,3.485673727362159635e-01,4.080345759845693254e-01,6.587996659828054824e-01,4.481065689813547581e-01,1.000000000000000000e+00,2.569159939560233807e-01,3.310926002191011963e-01,4.576164462204160843e-01,5.806399152884162973e-01,4.662848347782061476e-01,1.056001396768034978e-01,3.270969542271285335e-01,8.908685852383191328e-01,6.135009234362799324e-01,5.667860761027373462e-01,5.927322908022270020e-01,7.020734179169429989e-01,3.403283903024341139e-01,5.234437735261366909e-01,5.246038467712716979e-01,7.677124811558115880e-01,5.412809683410708672e-01,5.633498360446679287e-01,2.299909490642941534e-01,2.161202005926821657e-01,4.481258082555142908e-01,6.890562439102210224e-01,4.091389048996363353e-01,4.360268647322173008e-01,4.355953690365966247e-01,8.931924165321664111e-01,2.009726211424121278e-01,7.196116001666500450e-01,5.166434478413018949e-01,4.996918619163512876e-01,4.133010811795220230e-01,7.006208858959392938e-01,4.207351277462065275e-01,9.486963303488006316e-01,4.064427603895921504e-01,3.768288350538145370e-01,5.005353651228469092e-01,5.784502166294070991e-01,4.244927422517975613e-01,2.303868215494187799e-01,3.560319781241785275e-01,9.029878897208982735e-01,5.695830767943454997e-01,5.887078364631005423e-01,6.291748188147342491e-01,7.490084177193268022e-01,4.361828431222983249e-01,5.566581344055935299e-01,5.990036095612846223e-01,7.747247295292334357e-01,4.980613026967534163e-01,6.432741704500622992e-01,2.731136539364033555e-01,1.350054255351103849e-01,4.478279306434359563e-01,6.533791661035842635e-01
4.268191837651474363e-01,1.021054872301728200e-01,4.349202058962494122e-01,1.061268095961903357e-01,1.707262045910486192e-01,2.506818470960603396e-01,4.840486441973851361e-01,2.223491995322440795e-01,4.811591767353999849e-01,1.772251034337788134e-01,3.912307002587575022e-01,2.569159939560233807e-01,1.000000000000000000e+00,6.009046131660400469e-01,3.127747631415480623e-01,3.342050959716953984e-01,4.553153112520586521e-01,4.219368747495319538e-01,5.214440872314775044e-01,1.549407913111792989e-01,4.184291271418238423e-01,2.781674126530077062e-01,4.366444079960569158e-01,3.782679092970762658e-01,4.653937839430654644e-01,4.131925358299987638e-01,6.350408201882522530e-01,1.623248201997377349e-01,4.641308791862662764e-01,3.148534611615514955e-01,6.503992821392740042e-01,2.712517792866155353e-01,2.876336416511441341e-01,3.437492283710398278e-01,2.853774304027635322e-01,1.471074069055532674e-01,2.719480532229897607e-01,1.474446926420518722e-01,1.983760411071630869e-01,2.122055185165068192e-01,2.658264698889502009e-01,1.542242755788132968e-01,3.576056373421662715e-01,1.414313615582735995e-01,2.755370372746704377e-01,1.889894280592600839e-01,6.781105750880136451e-01,3.771905894123419034e-01,3.116091454072906219e-01,3.576076755145758401e-01,1.627713994315722612e-01,2.839991431716241133e-01,2.819641091388545573e-01,1.798326740532242840e-01,4.028613440611030216e-01,1.991842419888131543e-01,4.052538494863857088e-01,2.942147250547211823e-01,3.765902955231172911e-01,1.540258595720663815e-01,4.511795941501855478e-01,1.696554954867152687e-01,3.628143056993827220e-01,1.827434353821435764e-01,3.901448204497959815e-01,1.252351433650875367e-01,2.420619217352289465e-01,3.382955541481434958e-01
7.582535799897289763e-01,1.327320920435796914e-01,6.720874828778953258e-01,1.464158928405699944e-01,2.559169301720087830e-01,4.555611622073637013e-01,7.384985052478294509e-01,6.270922904157781863e-01,3.860994685658966641e-01,3.978530629996712142e-01,4.098507718039043346e-01,3.310926002191011963e-01,6.009046131660400469e-01,1.000000000000000000e+00,2.970617805065481343e-01,3.734309907804001516e-01,6.086481478709815374e-01,6.696280920104954459e-01,7.066055662834276330e-01,2.179452818286492788e-01,4.734123679791716888e-01,3.666355970356439675e-01,4.731059360043550766e-01,4.056164823870735958e-01,2.471378878376153387e-01,6.136659781761329979e-01,6.684551089104653343e-01,3.108632397627595356e-01,6.692749785551284081e-01,6.506082588549239043e-01,6.985535874457891037e-01,4.055483894539685941e-01,3.514958603010739924e-01,4.591775629003869152e-01,5.429142443019132624e-01,1.417333663285404999e-01,4.515226553038763635e-01,1.982337420812903817e-01,1.892932084841697504e-01,3.689196439323068066e-01,4.825541057503148212e-01,4.218198505556407518e-01,2.931028247926230068e-01,3.584180632826646784e-01,3.023899964608245394e-01,2.615820316657699873e-01,5.817386214682820356e-01,7.471335869368455063e-01,3.131154507278436916e-01,3.985296694925626326e-01,2.499452694966979027e-01,5.258485082891980467e-01,3.632715543169328654e-01,2.688701082012330268e-01,4.559694194578880477e-01,2.432427440096782412e-01,4.674967780708174647e-01,3.220447143113359112e-01,2.644746383855250960e-01,3.190246646574944611e-01,5.409253091893412302e-01,3.165585546334374611e-01,5.770441739495593136e-01,3.912698921632808413e-01,4.239449099253632114e-01,1.476060831258353134e-01,3.228449358900443711e-01,4.330687104994220826e-01
2.764991758473657191e-01,1.661022773696664845e-01,2.656533130913421026e-01,3.413745225856498755e-01,1.892686507886686686e-01,4.510356088011747699e-01,3.682617150134115946e-01,2.481765471092172715e-01,3.905670916858151598e-01,2.315974731020462862e-01,3.377678806055811611e-01,4.576164462204160843e-01,3.127747631415480623e-01,2.970617805065481343e-01,1.000000000000000000e+00,3.169818059031645485e-01,3.210263744603680802e-01,1.447710740088488379e-01,2.731302284792204715e-01,3.428310027251871284e-01,3.541536719118844045e-01,2.775556812333788703e-01,3.415199960667862356e-01,4.410576230027573041e-01,3.016014328838820258e-01,3.038542724251169780e-01,3.538826393324183139e-01,3.268394326348540990e-01,3.687199978324322558e-01,3.020238581950644985e-01,2.020538426128197784e-01,2.098767898581852254e-01,2.315733208085750949e-01,4.036221699902088345e-01,2.741821318666128326e-01,1.875596218238814727e-01,2.707342095747385380e-01,3.885603965748880007e-01,1.646604695696434750e-01,4.219174892026197332e-01,3.498356186453226435e-01,3.110212534313939736e-01,4.241140817950372344e-01,2.744902245632016569e-01,2.746913183846676487e-01,4.084449300980475539e-01,3.917403039026453038e-01,2.882390134276136551e-01,5.097734267594916657e-01,3.136293448820043350e-01,2.107595293840486272e-01,1.541674115011030244e-01,2.548936361502113779e-01,3.555898644838205724e-01,3.305655905407206552e-01,2.756947316864426512e-01,3.331475858240818821e-01,4.659924008297097187e-01,2.693643338089111161e-01,2.561558104325176166e-01,3.527472787099643625e-01,3.380986474262435704e-01,3.186168408707862887e-01,3.079329231788201504e-01,2.158092405078459175e-01,9.944004835157010946e-02,2.280579741221693546e-01,3.749744126355855078e-01
4.885397825895180235e-01,4.258975131514233237e-01,3.646222209953040583e-01,5.675186664804970915e-01,5.849758355101376817e-02,3.943266005407741193e-01,4.654976052906085182e-01,2.749410532999985168e-01,3.717663568387667428e-01,3.793252238370282137e-01,3.625961599146690917e-01,5.806399152884162973e-01,3.342050959716953984e-01,3.734309907804001516e-01,3.169818059031645485e-01,1.000000000000000000e+00,3.787781976269539719e-01,1.138578745454788405e-01,2.535816988850239651e-01,4.820423927085873417e-01,8.338702723579405340e-01,6.327811043166665650e-01,8.264197832822458567e-01,6.798189108858537777e-01,3.519197394234653276e-01,5.082169831841741869e-01,6.804702745705548672e-01,6.774207324746069903e-01,6.195808107804694487e-01,5.918501284827084596e-01,3.350603735713363895e-01,2.242496820605234253e-01,5.016890598392054201e-01,7.221583661027896062e-01,3.759879887755834260e-01,3.929979953087821554e-01,3.730044105718952618e-01,5.832811914541257137e-01,2.500828725195894386e-01,3.467436858758696783e-01,4.516662748741403499e-01,3.919092132914656079e-01,3.282001018820762117e-01,3.723178118778714407e-01,2.507299883813098873e-01,5.497850847893052117e-01,4.147246025115455259e-01,3.826278085594805867e-01,3.387447025538228296e-01,9.534518842687149665e-01,2.701713626490509501e-01,1.315224445036063949e-01,1.596992600984403210e-01,5.114169538018015215e-01,8.064777587084709376e-01,6.305143292762600549e-01,8.225815862006439216e-01,6.530676421499040929e-01,3.666703701418539962e-01,4.559436527042617926e-01,6.642467008465284817e-01,6.992980815880330825e-01,6.003004820566261168e-01,6.749403342426985031e-01,1.828241085582162362e-01,1.694528847042869879e-01,4.806562979499938715e-01,6.734771824692922237e-01
6.601282613917351938e-01,3.048666314488287510e-01,6.440578605768971787e-01,2.622773612051342296e-01,1.994417133238982620e-01,5.007419181907161176e-01,4.602300668515217907e-01,4.991503573641976610e-01,2.832111198355653503e-01,3.967385631433248405e-01,6.658626412694302887e-01,4.662848347782061476e-01,4.553153112520586521e-01,6.086481478709815374e-01,3.210263744603680802e-01,3.787781976269539719e-01,1.000000000000000000e+00,4.610514019338495251e-01,8.380980540779809917e-01,4.217858979657606033e-01,5.018059261641290014e-01,4.461345517080037015e-01,6.105046650913708017e-01,3.530805936664765943e-01,3.895147427113474503e-01,6.876584920218994368e-01,6.693421690138272595e-01,4.151968455608855413e-01,6.674074754460893599e-01,7.389768317788849572e-01,3.382411439519536489e-01,2.820742178013416757e-01,4.507294488926469889e-01,6.831372654656514554e-01,4.348874694302365951e-01,3.651703028813850782e-01,5.274978589630604509e-01,3.404102447523970620e-01,1.450947197463808847e-01,4.333527224736065664e-01,3.784147263770197833e-01,3.633878056585592153e-01,2.159017627678671558e-01,3.954751938565287950e-01,5.695472395921490349e-01,4.117669455630719733e-01,4.448406960009064770e-01,4.394601813564501525e-01,3.210815290767209396e-01,3.981023730818658013e-01,7.348990382543153510e-01,3.978543208453096947e-01,6.867752093778922706e-01,4.280565191025684779e-01,4.397362537454126419e-01,3.408779763262828610e-01,5.773717932944062436e-01,3.623375233481042623e-01,3.974552510020570306e-01,5.304639752628095284e-01,6.063883529294871177e-01,4.019063273521804591e-01,5.669502710437381854e-01,5.948586334953533949e-01,3.721304947319491463e-01,4.697670073767795662e-02,4.257765349955905942e-01,6.458585536571804786e-01
4.463400168983768235e-01,-7.088250789760013049e-02,5.402041124618323087e-01,-2.031056540480750613e-02,2.437987037179374650e-01,2.012879658480951073e-01,4.565042368183769295e-01,5.165603332190068508e-01,1.184055051149071475e-01,1.744107366761094846e-01,3.711905809252234456e-01,1.056001396768034978e-01,4.219368747495319538e-01,6.696280920104954459e-01,1.447710740088488379e-01,1.138578745454788405e-01,4.610514019338495251e-01,1.000000000000000000e+00,6.285910363080691177e-01,7.050810042522789867e-02,2.744717446943886752e-01,1.902027716138666724e-01,2.476829696831143179e-01,2.696709276253839507e-02,6.084083183843849024e-02,4.679932670617981683e-01,3.798472757849724601e-01,4.543714338966314825e-02,3.103277822157599619e-01,4.319787735806548956e-01,4.635631495889050435e-01,2.964289518285965763e-01,1.558595687400245733e-01,2.129148870534643134e-01,1.605230755189984704e-01,-2.540956425833538340e-02,2.232924870657656824e-01,6.934639751901536947e-03,5.376229444986314887e-02,1.496263724512238991e-01,1.734555708604669233e-01,1.834612123687942575e-01,6.304431273579820527e-02,1.510335622824043045e-01,2.750640868763399860e-01,4.571297003151478244e-02,3.291427299201707957e-01,4.292502940414255064e-01,1.184064629978393013e-01,1.373759428953512940e-01,1.656625232865505670e-01,5.837106195159913469e-01,3.041994293117033510e-01,6.371518587897063990e-02,2.372537667103132020e-01,1.341125347953760379e-02,2.131960498039624230e-01,-6.051549418043814660e-02,6.578505599897943590e-02,1.486761777295058651e-01,2.260892267256162935e-01,2.537085808440980167e-02,2.332871374800759290e-01,1.356002129997578021e-01,2.770463590920052011e-01,1.038614057045467998e-01,1.261004782946932579e-01,1.892653293872373077e-01
6.935781682841422047e-01,1.755079507503778391e-01,5.409540974421614967e-01,9.530712106270318451e-02,2.461052551508157438e-01,4.414654735581027833e-01,4.048543578978104907e-01,4.682962328517535910e-01,1.988790006283345790e-01,3.610277881236317876e-01,5.443137627904032216e-01,3.270969542271285335e-01,5.214440872314775044e-01,7.066055662834276330e-01,2.731302284792204715e-01,2.535816988850239651e-01,8.380980540779809917e-01,6.285910363080691177e-01,1.000000000000000000e+00,2.778561558286767874e-01,3.915098634587474424e-01,3.115021746223460841e-01,4.512800161321268710e-01,1.947193173264724630e-01,3.021789057381067400e-01,5.525211548099172587e-01,5.738947355424592889e-01,2.129143992546342068e-01,6.287717847192305642e-01,6.012977560082850559e-01,4.625341684195390379e-01,3.350145287777551717e-01,3.677902091890724590e-01,5.146278918084014053e-01,4.643478551374339292e-01,1.969751544284117917e-01,3.717786477994575178e-01,1.711754200757754363e-01,1.463611224974198655e-01,3.692138475398155650e-01,2.316191494210119162e-01,2.761503847673335010e-01,1.208866668246000309e-01,3.352844583691160785e-01,4.325885072159750822e-01,2.736079200898705599e-01,4.383500190845799338e-01,4.391620967480339699e-01,2.601745978067655507e-01,2.734624300168488897e-01,5.445286656854517737e-01,4.996339822538838349e-01,6.927782325821164600e-01,2.964947825599646425e-01,3.405705538562109891e-01,1.522815957542938414e-01,4.209786150208264521e-01,1.717944500623653781e-01,2.538794756811652009e-01,2.959571871870641524e-01,4.480193293911633456e-01,2.121982842159295113e-01,5.275257907875711139e-01,3.929984845813958572e-01,3.645070483529972427e-01,7.440249406226361051e-02,3.296815069732335624e-01,4.951367143047352704e-01
2.859726376019153804e-01,4.790925174307710255e-01,3.392211724135039685e-01,8.703190410527198440e-01,-5.729449733685822166e-02,6.261220065909679500e-01,4.435374462212514635e-01,2.822307542698371252e-01,3.046400503708189822e-01,6.230104802266751562e-01,4.298428432421343426e-01,8.908685852383191328e-01,1.549407913111792989e-01,2.179452818286492788e-01,3.428310027251871284e-01,4.820423927085873417e-01,4.217858979657606033e-01,7.050810042522789867e-02,2.778561558286767874e-01,1.000000000000000000e+00,4.517523987482623404e-01,5.557700228169846213e-01,4.280063520042675651e-01,6.589008998665009109e-01,3.191146499853795837e-01,5.008143144731010965e-01,4.851527003228013335e-01,7.049675563707512582e-01,4.534639922513015176e-01,4.900981199996262139e-01,1.431399320694534127e-01,1.109515935593200914e-01,5.294028199459271944e-01,6.617369730809165018e-01,3.030852901157369272e-01,5.260116446284600622e-01,4.193054055012720993e-01,8.586914177928280933e-01,1.297833045940718910e-01,5.752443298806373395e-01,4.418739882302444300e-01,3.876907037229216924e-01,3.225836326140657517e-01,6.455008692969425033e-01,4.030939736605719803e-01,8.736403535540225862e-01,2.722117770356279887e-01,2.614686075956977884e-01,4.084141685483672068e-01,4.712158055210040053e-01,4.119476755350916508e-01,1.825549497657208975e-01,3.534518091908466775e-01,9.355284021785605919e-01,4.099370492670852961e-01,6.000665816408672359e-01,4.907929949117748603e-01,6.837419910626888475e-01,4.461732657494902332e-01,5.698829554338883385e-01,5.751285137539179360e-01,6.910850141390532109e-01,4.397163400890666818e-01,5.702545240633116741e-01,1.979304457211184809e-01,6.882761188508365602e-02,5.360329710263288527e-01,6.068237540333603075e-01
5.724654127419595007e-01,3.165292146009970886e-01,4.222972185843325565e-01,5.192441304752121178e-01,1.617026924251886155e-01,4.506352902923894121e-01,5.136996366892349064e-01,3.637378033508513742e-01,4.160588348023724903e-01,3.846438054231766102e-01,4.719284510742201011e-01,6.135009234362799324e-01,4.184291271418238423e-01,4.734123679791716888e-01,3.541536719118844045e-01,8.338702723579405340e-01,5.018059261641290014e-01,2.744717446943886752e-01,3.915098634587474424e-01,4.517523987482623404e-01,1.000000000000000000e+00,5.819143319329825870e-01,9.375987745382278193e-01,6.088402558824393962e-01,3.712599134400139111e-01,6.021676545600693764e-01,6.802019574510096422e-01,6.300116820427928976e-01,6.481084097750471340e-01,6.639230500322392814e-01,4.141525864510141042e-01,3.004435397013843767e-01,4.114689725552196364e-01,7.338240346059923258e-01,4.159539132388903049e-01,3.085405565146592810e-01,3.851340988456233294e-01,5.749075994013084223e-01,2.760222667968907917e-01,4.120853123942007090e-01,4.496261668946144874e-01,4.014122420677393444e-01,3.568606788298674948e-01,3.945926300777951590e-01,3.689402867281776355e-01,5.649147657584082660e-01,5.052939650873971011e-01,4.446075704989447264e-01,3.579771152334996764e-01,8.530874209851672108e-01,3.487764909661063562e-01,2.752481220512534854e-01,2.418714357478234656e-01,5.009046417850666622e-01,9.474103752310853999e-01,5.423670303205050391e-01,9.121109924071029162e-01,5.879529019360213438e-01,3.885988396554494462e-01,4.951900024860589333e-01,6.331157685369477317e-01,6.434068450291782204e-01,5.979199528397491914e-01,6.901132279060175900e-01,3.164667859851522103e-01,1.692202601214701230e-01,4.086883119515792862e-01,6.829434169989340164e-01
4.157499815525329545e-01,5.084074408958578761e-01,4.243467464949350898e-01,5.466247072370964410e-01,3.390564791255010896e-02,4.059035748366907059e-01,5.094999705494224207e-01,3.565258001769334717e-01,4.445290631772332857e-01,4.204273182497476613e-01,4.530581924892068124e-01,5.667860761027373462e-01,2.781674126530077062e-01,3.666355970356439675e-01,2.775556812333788703e-01,6.327811043166665650e-01,4.461345517080037015e-01,1.902027716138666724e-01,3.115021746223460841e-01,5.557700228169846213e-01,5.819143319329825870e-01,1.000000000000000000e+00,5.788386924772240816e-01,6.421576362233457624e-01,4.073027575728005445e-01,5.570657333991094751e-01,6.128250744799291772e-01,6.268990639460769732e-01,5.295653620884221979e-01,5.844929976976355190e-01,2.759634302441115739e-01,1.532027533061133817e-01,5.024954988286659541e-01,6.564543267194533627e-01,3.027874486141347021e-01,5.264673284230151351e-01,4.014622597642875101e-01,5.680786755465961901e-01,1.794269947016562672e-01,3.598154580671133473e-01,4.505601658923797936e-01,3.937425537148231958e-01,3.471107758080166916e-01,4.177363862565260377e-01,3.596334942609100693e-01,5.411159292688972888e-01,3.518195434745179928e-01,3.534593811138063146e-01,2.702279299155398440e-01,6.245689270712364571e-01,3.703428698027920740e-01,1.438077894024156755e-01,2.589684944686223567e-01,5.602766039899230721e-01,5.593292986762612440e-01,7.041542910965897795e-01,6.111639688719346930e-01,6.086447116435258486e-01,4.749263781205754209e-01,5.335783839353052116e-01,6.257809256137836229e-01,6.241736488982089215e-01,5.048477099254955469e-01,6.234489629282045087e-01,2.490531315935730627e-01,8.052869846937572851e-02,5.131590830259371572e-01,6.224841646152453611e-01
6.033289911824671892e-01,3.277320877202586913e-01,4.732162676429467196e-01,4.807831800136178613e-01,1.481679428104260843e-01,4.660727883802361360e-01,4.952248193821091604e-01,3.894560497772809327e-01,3.952156902941859062e-01,3.840365339448802984e-01,4.929473696940287475e-01,5.927322908022270020e-01,4.366444079960569158e-01,4.731059360043550766e-01,3.415199960667862356e-01,8.264197832822458567e-01,6.105046650913708017e-01,2.476829696831143179e-01,4.512800161321268710e-01,4.280063520042675651e-01,9.375987745382278193e-01,5.788386924772240816e-01,1.000000000000000000e+00,5.808629340304707345e-01,3.663533426252987835e-01,5.962777107359422679e-01,7.300629330872068223e-01,6.653803261386218582e-01,6.759611251356519857e-01,7.080215850455339188e-01,3.694108311813504852e-01,2.766659463550010800e-01,3.911465230767056656e-01,7.355150879094524141e-01,4.169839408009327619e-01,3.090103954161908528e-01,4.202413581956531141e-01,5.501522508129973454e-01,2.494248439525907080e-01,4.322094414794831474e-01,4.432547320040262639e-01,4.273276147952480009e-01,3.293748621810907995e-01,3.911611493712183751e-01,3.844372163962562206e-01,5.420386317783200125e-01,5.131904395688136056e-01,4.322959322003080418e-01,3.522180272600999307e-01,8.471366245850316945e-01,4.563776859182774870e-01,2.456839781739290074e-01,2.978053559910572301e-01,4.708383666519696531e-01,8.911112090990430668e-01,5.265084367959445011e-01,9.454446702261675162e-01,5.769047677314768086e-01,3.740692858336808757e-01,4.942433759678687699e-01,6.762712911632424717e-01,6.663232715376301574e-01,6.191634605236394640e-01,7.228986205433588497e-01,3.051393141348422988e-01,1.565234868300676152e-01,3.928569852485585545e-01,6.840509717792893074e-01
