1.000000000000000000e+00,-1.724406701414680707e-02,2.188214497021002680e-01,1.225062683527060742e-01,2.170665200402633124e-02,2.018034610088419167e-01,3.020106689142180723e-01,1.108547028652776961e-01,1.717846302371758838e-01,1.121678640664918319e-01,5.583521964668367032e-02,1.562724017333552706e-01,1.297882237699646002e-01,3.268851393947151407e-01,2.241315779271656206e-02,6.246937662983155504e-02,2.250784661439685919e-01,1.980416026925102269e-01,4.589207874736152548e-01,9.689616207006178372e-02,1.013399931952796706e-01,5.451169854120008207e-02,7.949916444155634421e-02,2.294242691110477406e-01,7.357292798683984225e-02,2.720159841410976082e-02,9.144283787759895088e-02,-1.168155620629123675e-02,5.143115570373879564e-01,-3.474663307438759924e-02,2.197233283083168121e-01,6.389010899701978718e-02,1.132397879502492627e-01,6.614019876982304980e-02,3.175602398032246199e-01,-6.862992757673995470e-02,1.006094969404928013e-01,1.034609662659255747e-01,-7.277517371553489205e-03,1.442819492872618736e-01,1.473184108052610075e-01,4.098138972591348211e-02,1.455884616502845508e-01,1.688118259806120625e-01,1.023141295370520211e-02,1.585913733310477802e-01,1.301432738193352701e-01,1.803547948099843423e-01,4.456589453786056337e-02,4.905989571854459108e-02,-5.047690915329493960e-02,1.343206489923701522e-02,1.048948411270402559e-01,8.605879473161159865e-02,6.475395766885896909e-02,7.960454859252691362e-02,6.535214992599321093e-02,1.617029853600397693e-01,5.357220439819063151e-02,-1.317869880093647597e-02,-2.622511192889572310e-02,-1.459536292162422373e-02,4.111042484813205999e-01,-1.627413068859024647e-01,8.710624297107821823e-02,2.589912506736715553e-02,1.120361356137612452e-01,8.749280207820683093e-04
-1.724406701414680707e-02,1.000000000000000000e+00,6.651705477191446891e-02,1.462681822965902212e-01,6.062182213084905957e-02,1.016047858427793632e-01,2.945557919263793595e-02,1.031047702848018888e-01,-3.107523582540125395e-02,-4.037486096776031052e-04,2.152485247517550992e-01,1.404161878596455193e-01,-2.402078099872852895e-02,-1.001448823402365657e-02,-4.429336242511960203e-02,2.604641337572954907e-01,3.133602248276730617e-01,-1.518724432522311207e-01,2.243509187979454700e-02,1.528178231527607955e-01,2.237163129982411292e-01,2.627597195344664738e-01,3.224863971664752582e-01,1.559710677186419980e-01,9.469342636532372681e-02,3.553773889204598913e-01,3.893182150804879171e-01,3.483759349114210480e-01,1.244798923608046379e-02,3.413870531249160734e-01,-1.674954073984222525e-01,-1.191757414125084111e-02,7.458361760431680976e-02,2.480428864356184204e-01,6.776667551239250187e-02,3.649129817883413618e-01,1.010108103004286190e-01,7.830036846327791122e-02,8.321382364047660504e-03,9.222775609546200737e-02,3.835745952086661720e-02,8.607027761548846634e-02,-4.893388758084728056e-03,3.136191895252413847e-02,9.520645985589312743e-02,1.257079586919421232e-01,-3.912410408324066419e-02,4.319429253983989719e-02,7.358602619951751245e-02,3.036267449817728337e-01,3.825276698897651650e-01,-1.097653789837005900e-01,3.443215611894347439e-01,1.444299763141901338e-01,2.259429368060802690e-01,1.788060261444094634e-01,3.212548290152085206e-01,1.892836966153286504e-01,9.033876344761837540e-02,2.390008754406125202e-01,4.048177304253640085e-01,3.089795432697464150e-01,5.408835268227564497e-02,3.662822980635315195e-01,-1.434679115824360474e-01,4.778007354167287252e-02,8.693284662032442489e-02,2.712912193305748176e-01
2.188214497021002680e-01,6.651705477191446891e-02,1.000000000000000000e+00,1.497965005849589970e-01,8.565447078884647417e-03,2.792190232524427440e-01,7.176765344699654881e-01,4.525865062406053130e-01,3.343920227017381230e-01,4.877116124682949472e-02,3.118183785959803278e-01,2.248064083063794627e-01,3.210920769787482532e-01,6.016915930388595513e-01,1.946337793179264142e-01,8.238768415165981934e-03,3.151847455524774411e-01,5.051300711559930656e-01,4.560148400328845053e-01,1.805976568798843829e-01,7.314258052915474650e-02,2.244500245767539481e-01,1.039021465684389911e-01,4.781707003320310179e-01,1.128382598174159646e-01,5.364995040804568793e-01,5.067290891303037892e-01,2.200386398666452081e-01,1.397608151781224439e-01,2.280487111257176458e-01,2.457471546709753263e-01,5.082440831217329563e-02,1.196354122087853016e-02,1.036168320280513588e-01,1.280162500467985076e-01,4.693167959805032152e-03,3.859958581450229076e-01,1.278652894863559208e-01,1.033006524957959076e-02,1.737470674341072274e-01,4.429572276059228764e-01,1.228463926463030098e-01,3.008262899528877377e-01,6.297346172298567968e-02,7.717584806279202680e-02,1.425736074332213665e-01,2.910648991710429456e-01,3.268176192358025478e-01,2.069985700107695170e-01,7.140464508753295581e-02,-3.527824223163337353e-02,2.875104482889405677e-01,1.151776862682907382e-01,1.376399991518690857e-01,-6.238837370874567717e-03,7.821759543254819258e-02,4.621632997166488788e-02,4.117078966835064913e-01,1.384403636401384252e-01,1.088044003702855339e-01,2.240644602234833083e-01,1.192611826584652757e-01,8.070848188700303905e-02,-5.925434726619675102e-02,1.769683686657172739e-01,2.358445266534588830e-02,-4.320988413849480986e-02,1.602805982804679508e-02
1.225062683527060742e-01,1.462681822965902212e-01,1.497965005849589970e-01,1.000000000000000000e+00,2.421813001729589826e-02,4.186663966047041163e-01,2.408308082958377505e-01,2.198061149213977050e-01,2.908283344524026717e-02,4.429267292365177133e-01,3.607774279466514217e-02,6.940289736381145547e-01,-5.140913150437740470e-02,2.426161194095471235e-02,3.179469670442055043e-03,1.819609498683277260e-01,2.020948387422003834e-01,-5.308381431456941392e-03,1.836647427324268056e-01,6.822623211569829316e-01,2.466844740157353444e-01,2.217404999778863905e-01,2.942977388316198040e-01,1.750154853282861744e-01,-6.876373090346149519e-02,1.962911614949078287e-01,3.564029019160699224e-02,4.134882224841281984e-01,1.232100632116484851e-01,1.360539187893226865e-01,-9.232347222666589803e-02,1.445405311116996355e-02,4.930228348479401279e-02,9.322790941660089037e-02,2.010082677385818528e-01,1.479447592878349593e-01,2.947849225852863797e-01,7.536740154912618950e-01,-2.717809838274998224e-02,3.603160623144469055e-01,2.788683394352680089e-01,1.441664223441384285e-01,6.323255760530289982e-02,3.652219581414051230e-01,6.133230446188855933e-02,7.221757520057976443e-01,-7.614080162889245995e-02,5.857908309896984328e-02,1.359559772100280561e-01,2.645163166752706463e-01,2.239467070789533942e-01,-7.003400887208855764e-03,2.909761566770626695e-01,6.484832078050423165e-01,1.068659703153414797e-01,2.533711555737306331e-01,3.452710944098080215e-01,2.879547328790348359e-01,-1.037316161042228652e-01,2.610668886127816557e-01,1.378701691966632281e-01,4.514168302807147204e-01,1.356037751189565488e-01,1.660221469248682469e-01,-1.288210805809504589e-01,-4.625318354897402229e-02,6.058568942043509459e-02,1.223182573137784473e-01
2.170665200402633124e-02,6.062182213084905957e-02,8.565447078884647417e-03,2.421813001729589826e-02,1.000000000000000000e+00,5.166161324002255945e-02,4.910996557060149509e-02,3.767662077265274134e-02,3.513547095072114962e-02,2.790086524350563618e-02,8.497455112017184009e-02,2.243441427181875822e-02,2.118089693890809477e-02,4.119516496883433854e-02,2.859545464939690362e-02,1.983218221481040933e-02,1.902870311536719247e-02,2.739463621384969488e-02,2.145867837020424065e-02,2.066134071113804108e-02,5.155248419689664047e-02,5.524728196155785642e-02,6.326577156552334880e-02,3.265547733874701875e-02,9.236062011901391422e-02,4.271336437207682440e-02,8.903960943640268355e-02,2.744409605797509810e-02,2.173747636660373211e-02,2.873624362967411652e-02,2.670868238432516206e-03,5.653131353316741270e-02,3.398485908582560971e-02,2.851054751502863846e-02,-1.160040338521713295e-02,2.855603196959826534e-02,4.734322720996443634e-02,5.040082716680755956e-03,5.134737128491249913e-02,5.829072881185663746e-02,5.641916857911940392e-02,6.466415639617632827e-02,4.064586994298747397e-02,3.342769203523487248e-02,5.175926765515930644e-02,2.428514600923050576e-02,4.175427383910123441e-02,5.499985239434759809e-02,1.926380178091443782e-02,3.346623253266175352e-02,5.688528945197791897e-02,3.892685217084390636e-02,5.047531015602137183e-02,2.369326465439495349e-02,6.097447230991506761e-02,5.328583307902699795e-02,7.341859312985553332e-02,4.316371437856243026e-02,7.674807152429287405e-02,5.310501549756863754e-02,8.878188723648071379e-02,2.940321715660237575e-02,1.330471298913039023e-02,3.007965047125406993e-02,-7.351382305998043799e-03,4.508481313214648956e-02,1.712461554613945586e-02,5.333975031818667667e-02
2.018034610088419167e-01,1.016047858427793632e-01,2.792190232524427440e-01,4.186663966047041163e-01,5.166161324002255945e-02,1.000000000000000000e+00,3.799406848749978249e-01,4.517936655783817423e-01,9.887708755135243832e-02,4.311616980455618142e-01,1.446483783180221583e-01,4.939498518716338715e-01,1.305378995542000320e-02,2.354086405220899847e-01,1.121099865089914271e-01,1.312315003327967078e-01,2.130271520782080485e-01,1.304753086829719966e-01,2.303249133641196433e-01,3.590270862393656892e-01,2.543766462974060283e-01,1.907090480121405029e-01,2.844522145062695628e-01,1.907455844153391200e-01,-8.842778131218989590e-02,1.907173085639513876e-01,6.496735254329409626e-02,4.208289829369603052e-01,1.382534689980453313e-01,2.454303626109288761e-01,8.681942218917795828e-02,6.546224684747671552e-02,5.052961636175291177e-02,1.522509038320899177e-01,1.524245040964245790e-01,1.020489330911355103e-01,3.050666379254861060e-01,3.826975338966518980e-01,1.982095375350843500e-02,5.730510431655186920e-01,3.067221128130783736e-01,2.923460604089509474e-01,1.481582944645415123e-01,3.815026442995915201e-01,1.133596321811131957e-01,4.678876688085706337e-01,-1.142467807709245629e-02,1.986106040285317287e-01,2.082595496497333665e-01,1.923135769648400273e-01,1.922530155476575575e-01,1.111272469858634732e-01,2.022316903624193640e-01,3.199863612314079453e-01,1.391627671426790558e-01,1.892148156498892897e-01,3.202688427982551267e-01,3.151376519917368224e-01,-1.052842814124796966e-01,1.507981325391974103e-01,1.200005399838285913e-01,4.141890663724216437e-01,1.441131155490369131e-01,1.882447592232826816e-01,6.664713916714906650e-02,1.370575500189295109e-02,5.825931933034405458e-02,1.093619562612567486e-01
3.020106689142180723e-01,2.945557919263793595e-02,7.176765344699654881e-01,2.408308082958377505e-01,4.910996557060149509e-02,3.799406848749978249e-01,1.000000000000000000e+00,4.780214297549382207e-01,4.669716855483160844e-01,1.592835122769289125e-01,2.252281135911630705e-01,3.318692872456442400e-01,3.060382040584648800e-01,7.478737708104955528e-01,2.219409788784218462e-01,2.591927859793238115e-02,2.204918755575862865e-01,5.757661857875854272e-01,3.967021838693273184e-01,2.246326416585813779e-01,9.811909684814562604e-02,3.209737597017019994e-01,8.007015906741350719e-02,7.292704568751859906e-01,1.594363380884005754e-01,4.422844103080411648e-01,4.076990808498586194e-01,2.940912133955350671e-01,1.650869957466254145e-01,2.034488183511728443e-01,4.000886620885537592e-01,5.580566605924182355e-02,-9.002585195428717060e-03,4.565356358854553293e-02,1.165467675190855201e-01,-4.759679405966780324e-02,3.865619407913671313e-01,2.285106473929200965e-01,4.429324282558668585e-02,2.574742256883165714e-01,5.815678251704083923e-01,1.641093543940763955e-01,4.474518175954934063e-01,1.800323465321141958e-01,3.596725766778807037e-02,2.539745764861324195e-01,3.048712198891013192e-01,4.465883393983084426e-01,2.327669063296027019e-01,9.754902504964887977e-02,-9.852021150265036220e-02,2.715259235315750086e-01,2.825877109378237620e-02,1.732196786437501801e-01,1.184783533376182994e-02,1.554217747439772812e-01,5.651644690362892659e-02,6.404265218485327704e-01,1.530410767237123659e-01,7.436282342009663260e-02,1.853980270807813191e-01,1.757131230769684305e-01,8.897424105896428737e-02,-6.556322885787375931e-02,3.261281394384158983e-01,5.040847802612648948e-02,-2.876678835991250752e-02,-2.554393338484294007e-02
1.108547028652776961e-01,1.031047702848018888e-01,4.525865062406053130e-01,2.198061149213977050e-01,3.767662077265274134e-02,4.517936655783817423e-01,4.780214297549382207e-01,1.000000000000000000e+00,1.172962160923589209e-01,1.840117142128874783e-01,2.783432762535201777e-01,2.795232227864701824e-01,8.031752279950067630e-02,4.164079348247309298e-01,1.135749673288256739e-01,9.766223315673984440e-02,2.597614656001516753e-01,2.430442397703184709e-01,2.646447435443655682e-01,2.100726464737373844e-01,1.828967045261462587e-01,2.555223040730102979e-01,2.734964763792532283e-01,2.513989744228082857e-01,-1.973645084305865674e-02,4.025133890123913649e-01,2.538851327698942173e-01,4.646454828371061607e-01,1.010495578322073984e-01,4.714523484604877801e-01,7.219795726437350236e-02,7.867784242713911358e-02,1.957135002181170300e-02,1.836865511894194558e-01,1.163593764871878461e-01,5.874687756308712844e-02,2.682785019542745508e-01,2.104354753083639840e-01,3.430634220033066534e-02,3.022294390765094541e-01,2.976215452113802340e-01,2.919102988161279555e-01,1.486352871123153840e-01,1.788802017663707888e-01,1.011033116440958057e-01,2.428490789208213041e-01,8.658346908781312801e-02,2.453554284568706945e-01,1.971043107777228354e-01,1.797732171449732408e-01,1.655024554297164774e-01,2.149470285507533995e-01,2.032596282929444997e-01,2.058790346822249595e-01,9.242730177509081435e-02,1.421323818289746965e-01,2.339716122603100190e-01,3.074621967993033667e-01,-3.467650337601941440e-02,1.104954899943352276e-01,1.451268005286170670e-01,3.418369962020254005e-01,8.661207455750054296e-02,2.364870623917370296e-01,5.525539303944297653e-02,6.141808874890345403e-03,7.014462918123455515e-02,1.221074685479870831e-01
1.717846302371758838e-01,-3.107523582540125395e-02,3.343920227017381230e-01,2.908283344524026717e-02,3.513547095072114962e-02,9.887708755135243832e-02,4.669716855483160844e-01,1.172962160923589209e-01,1.000000000000000000e+00,4.574275803173773886e-02,1.193046179018586728e-01,1.149773436380727432e-01,3.099973490447588964e-01,3.931785343308038527e-01,1.654543427361831742e-01,-4.136320367778276857e-02,1.166795909556508394e-02,3.580308532421829226e-01,2.344159630176489428e-01,5.655350286142594995e-02,1.165595923458044234e-02,1.696385784857485923e-01,-4.233754545992148705e-02,5.058424737381554959e-01,2.207470690429142179e-01,1.338750590746401736e-01,2.664813162765548582e-01,-5.312881028944090728e-02,1.193816204346527521e-01,-1.159815500340381916e-01,3.022857479488557098e-01,3.797711348092300959e-02,-1.488171036514392490e-02,1.533276485243594695e-02,6.245415937600160700e-02,-2.006536382884308023e-02,1.297755483672747567e-01,2.823032279429516997e-02,-4.049160452586539859e-03,7.334807238438095789e-02,2.647942344795247149e-01,1.048874505244993920e-02,4.070681016601060964e-01,8.344899068455997881e-02,3.512312377657297868e-02,5.630425851126835690e-02,3.020005749435383802e-01,2.011410355209949652e-01,1.248430278325376869e-01,-3.407002632061880386e-03,-1.557904218356585824e-01,9.854815686611281822e-02,-5.050314234540735636e-02,3.915850283757942724e-02,1.878598737386976900e-02,7.051243888679846472e-02,-3.992487485807494352e-02,3.387580094379900597e-01,2.017675328487472663e-01,-4.801904001867068894e-02,1.075137305154024031e-01,-7.446058401895415402e-02,8.245546187192993870e-02,-1.768231324078043676e-01,2.132290113703623757e-01,6.413267962222916896e-02,-4.055364190158876336e-02,-2.764087011848604183e-02
1.121678640664918319e-01,-4.037486096776031052e-04,4.877116124682949472e-02,4.429267292365177133e-01,2.790086524350563618e-02,4.311616980455618142e-01,1.592835122769289125e-01,1.840117142128874783e-01,4.574275803173773886e-02,1.000000000000000000e+00,2.797479852275286394e-02,4.364335026020092489e-01,-2.546737828377708748e-02,2.941833880752819236e-02,-9.099145971765516816e-02,1.905831255103112576e-01,6.937820541663723695e-02,8.212587609319704773e-02,1.853218324574167630e-01,6.033457390950718313e-01,3.510942549218296072e-01,1.345829800561947065e-01,3.178828636767996874e-01,2.563736282659905691e-02,-6.398168256219287364e-02,5.377603799053304323e-02,-3.919475495191804965e-02,2.022136196409377307e-01,1.905366712240081917e-01,3.935398921368343794e-02,1.350594666425855746e-02,-9.416536974008488103e-03,1.026031442042782127e-01,4.413737380235430857e-02,1.606055637973809180e-01,-6.004947975951326761e-03,2.093849171836301148e-01,3.992618216362485151e-01,8.905555060816972013e-03,3.043419516751089682e-01,1.948697875984254924e-01,1.828139356715328956e-01,9.116091262504839865e-02,8.050307251920668650e-01,3.799494438501261478e-02,4.299592670024736663e-01,-4.066305538962893679e-02,4.203876613812402435e-02,2.714798638597976446e-02,2.313751912053784165e-01,6.310787782706242521e-02,2.509896602533938717e-02,9.651450547884804498e-02,5.983989477678615110e-01,2.647274054322668602e-01,2.067821353022614439e-01,3.629652551936279892e-01,1.175784362167692221e-01,-9.866628686595450837e-02,1.701487565781860667e-01,1.651563418080110798e-02,2.628211228837474822e-01,1.738042721067186436e-01,8.170845826819210511e-02,-1.497747105314426244e-02,-5.674466919022624900e-02,1.432685242279869708e-01,7.483908124717805754e-02
5.583521964668367032e-02,2.152485247517550992e-01,3.118183785959803278e-01,3.607774279466514217e-02,8.497455112017184009e-02,1.446483783180221583e-01,2.252281135911630705e-01,2.783432762535201777e-01,1.193046179018586728e-01,2.797479852275286394e-02,1.000000000000000000e+00,6.192890789598630430e-02,2.553074399362755265e-01,2.555697157005650810e-01,9.102108685791973630e-02,9.113626839390923107e-02,3.865540470385497307e-01,2.169073723239463292e-01,3.279685013724940590e-01,8.787558849773707825e-02,1.718897468171544651e-01,2.033872569352812576e-01,2.378708636897551021e-01,1.776288922147357119e-01,1.577832807831308914e-01,4.729070538360485298e-01,4.766603209706714028e-01,1.792767740759976525e-01,6.350499582525016840e-02,3.141433811239460749e-01,-7.516635240587984240e-03,2.549403538931968582e-02,7.246411305260701263e-02,2.742455616334781299e-01,1.246283921030398867e-01,1.905348234868376178e-01,1.414349321029573781e-01,-3.038070552316151935e-03,5.554375310118969677e-02,1.005303845637479515e-01,7.851598406730828095e-02,9.881540991481897740e-02,9.736838169157167877e-02,7.339299017129616298e-02,2.166845728521319681e-01,2.087172997398603971e-02,1.324653843972606604e-01,1.015260372908975417e-01,4.391155282897564460e-02,1.670071179317063059e-01,2.481415035952293513e-01,1.099950229680765473e-01,3.272728571507351747e-01,8.641799884348165539e-02,1.298943827654405192e-01,1.150400677147035977e-01,1.987390152306594548e-01,1.093224711636229529e-01,1.364908361435849538e-01,1.730720466754584741e-01,3.028520862569403227e-01,1.061066492430258468e-01,5.474062474401845263e-02,1.951238044744407485e-01,-2.745882201035484971e-02,4.329909169798808188e-02,1.987410296237347718e-02,1.781363731150696905e-01
1.562724017333552706e-01,1.404161878596455193e-01,2.248064083063794627e-01,6.940289736381145547e-01,2.243441427181875822e-02,4.939498518716338715e-01,3.318692872456442400e-01,2.795232227864701824e-01,1.149773436380727432e-01,4.364335026020092489e-01,6.192890789598630430e-02,1.000000000000000000e+00,-5.633163141119502254e-02,1.251782964975381440e-01,4.380426616822490765e-02,2.042708265460927708e-01,2.279176913229957468e-01,6.500251206779503188e-02,1.907764604885072990e-01,6.382009984797292201e-01,2.453457565229947013e-01,2.609235884424538354e-01,3.144582485546981165e-01,2.630878382733748966e-01,-5.150431824631078459e-02,2.492611786909799954e-01,1.218153483203296972e-01,4.830323562730131082e-01,1.525713437164439301e-01,2.293272327335106053e-01,5.104708925466622943e-03,1.519345922053145885e-02,6.924752573756276508e-02,1.218573948579756705e-01,1.859109878952242556e-01,1.484815476325510308e-01,3.179190236866246133e-01,6.267312848187444052e-01,-2.397223656488074381e-02,3.769809642921221893e-01,3.370766624547759105e-01,1.995717076247297550e-01,1.077198950626078316e-01,3.591038078500759512e-01,8.318735990473445641e-02,6.864468724165587732e-01,-6.809213994983277785e-02,1.561767831874505685e-01,1.656880382566576215e-01,2.919522226205539250e-01,2.371160845596300137e-01,3.673903904641830781e-02,2.891750952508920225e-01,6.038973501527988841e-01,1.435129118582343655e-01,2.718680421856690121e-01,3.521697425561610695e-01,3.623615924361736629e-01,-8.010253656646305898e-02,2.636895753245803165e-01,2.054904391617707049e-01,4.774752200138644986e-01,1.506743113473946183e-01,2.070109470465083534e-01,-4.668901409954082093e-02,-4.584034681416862544e-02,1.234174248937085216e-01,1.556979398084128718e-01
1.297882237699646002e-01,-2.402078099872852895e-02,3.210920769787482532e-01,-5.140913150437740470e-02,2.118089693890809477e-02,1.305378995542000320e-02,3.060382040584648800e-01,8.031752279950067630e-02,3.099973490447588964e-01,-2.546737828377708748e-02,2.553074399362755265e-01,-5.633163141119502254e-02,1.000000000000000000e+00,3.461670461819750244e-01,9.382728884255046864e-02,-1.112052697982353067e-01,3.503836934626571725e-02,3.645275353376997152e-01,2.580687633329790676e-01,-6.258798539238591419e-02,-6.341340733724383505e-02,-3.883365428313614170e-02,-8.553397473520679695e-02,2.604263460638473471e-01,2.466792760375401128e-01,1.077536308753489769e-01,2.668483173461427271e-01,-2.115079752737356600e-01,6.223336428021223471e-02,-1.777717715329624470e-01,2.638116540107336983e-01,3.400919274781636498e-02,-3.066347260178066414e-02,4.260950352923474627e-03,1.737055073578010374e-03,-4.378751374371189081e-02,9.984060909492852021e-03,-4.031617919620675283e-02,1.927087148952962015e-02,9.080648594934929638e-03,6.270340959945484849e-02,-8.592693029041470476e-02,2.682799732237869939e-01,1.541704428369295582e-02,-9.192757124768078866e-03,-7.108111021203339375e-02,2.799251485428828623e-01,5.731015994452671319e-02,7.700285745762261436e-02,-1.139406341323478539e-01,-2.088351357028151167e-01,6.067252188311708649e-02,-9.061278884363192787e-02,-5.700554510010480413e-02,-7.893803263153066629e-02,-1.056496769480873427e-01,-1.268216419413654705e-01,7.531541675565821270e-02,2.049790307783698473e-01,-1.570859157548221974e-01,-2.570302472194061633e-02,-2.285052849636893257e-01,1.645435115252973438e-02,-2.820015455321632780e-01,1.201834935629315371e-01,3.284798513173930318e-02,-1.196298672187940115e-01,-7.398921863231493201e-02
3.268851393947151407e-01,-1.001448823402365657e-02,6.016915930388595513e-01,2.426161194095471235e-02,4.119516496883433854e-02,2.354086405220899847e-01,7.478737708104955528e-01,4.164079348247309298e-01,3.931785343308038527e-01,2.941833880752819236e-02,2.555697157005650810e-01,1.251782964975381440e-01,3.461670461819750244e-01,1.000000000000000000e+00,1.916524578900596631e-01,1.564053612992221884e-02,2.154153950911739945e-01,6.638698927855006815e-01,4.183186570645970881e-01,5.811295979758485108e-02,7.146677323112440861e-02,2.170501922329670930e-01,3.232627637525400249e-02,5.771935187765693254e-01,2.259592903669549457e-01,3.532173264349350861e-01,4.309961062395851195e-01,1.001176391426300827e-01,2.194275832313430374e-01,1.875874939481190495e-01,4.991813886170165526e-01,1.058423851701600915e-01,3.421658586465539664e-02,7.400711421252098576e-02,1.100365535648553800e-01,-9.061932871113906329e-02,1.993964949143361698e-01,1.420013674986312507e-02,3.400957227987692205e-02,1.382494392485072165e-01,3.528473026912767874e-01,1.055310400928398118e-01,3.459041491685641567e-01,5.479620901942154620e-02,7.953422669038647756e-04,4.052534990182502656e-02,3.011976716877337035e-01,4.483836616850087609e-01,1.402768929374410556e-01,4.957846274662795066e-02,-1.359066162812704592e-01,2.630427829372004589e-01,2.174619585315745035e-02,1.857633084963649511e-02,1.339356629722303696e-02,4.867804914256866622e-02,-1.680073517255863819e-02,4.285133107013154308e-01,1.871359508411075401e-01,-5.608212331490468328e-02,1.389006281890949046e-01,-1.434605951891070215e-02,1.012935705305638423e-01,-1.082449272329223666e-01,3.789326982648829056e-01,7.877675431704433961e-02,-1.799548723538646824e-02,-2.524857601584290512e-02
2.241315779271656206e-02,-4.429336242511960203e-02,1.946337793179264142e-01,3.179469670442055043e-03,2.859545464939690362e-02,1.121099865089914271e-01,2.219409788784218462e-01,1.135749673288256739e-01,1.654543427361831742e-01,-9.099145971765516816e-02,9.102108685791973630e-02,4.380426616822490765e-02,9.382728884255046864e-02,1.916524578900596631e-01,1.000000000000000000e+00,-7.215793073767062804e-02,-4.562290504051740546e-03,1.300759097631599415e-01,5.331050968433383858e-02,-4.877755640897556144e-02,-9.769662729142497559e-02,2.148989908922488076e-02,-8.427898522663894443e-02,1.862494911081920002e-01,5.885611383250405337e-02,4.449143106366378747e-02,8.894728422875991525e-02,1.601716035627263196e-02,-5.845600889677209783e-02,-2.929008200601520076e-02,1.085216910289737435e-01,2.841379447440582628e-02,-4.910932839185151721e-02,-7.374718955768833073e-02,-2.581463531431520131e-02,-5.079984289898713257e-02,9.522110798325710002e-02,1.767911111411939531e-02,8.399364694503497208e-02,1.170790009868911824e-01,1.532318862163745410e-01,3.212146570488227243e-02,1.311015125618909538e-01,-9.783834177066501325e-02,9.259508988088898523e-03,2.704629430881110713e-02,1.173346489206804899e-01,1.130657378072643798e-01,9.243949377301712012e-02,-6.912418197902678307e-02,-8.824059436201070472e-02,7.431521091677555091e-02,-2.150039778197828516e-02,-8.027746629560948699e-02,-1.013364927381732034e-01,-9.931472536114800340e-03,-1.106955571400738553e-01,1.707971972553676832e-01,5.102063395532638324e-02,-4.959265790927384898e-02,2.104966121414017163e-02,9.467210995339359753e-03,-4.780509373760331165e-02,-9.689682172118684045e-02,8.082260950318174986e-02,5.774878915912825400e-02,-1.061365976952698131e-01,-3.214122205991823411e-02
6.246937662983155504e-02,2.604641337572954907e-01,8.238768415165981934e-03,1.819609498683277260e-01,1.983218221481040933e-02,1.312315003327967078e-01,2.591927859793238115e-02,9.766223315673984440e-02,-4.136320367778276857e-02,1.905831255103112576e-01,9.113626839390923107e-02,2.042708265460927708e-01,-1.112052697982353067e-01,1.564053612992221884e-02,-7.215793073767062804e-02,1.000000000000000000e+00,2.292257072743758284e-01,-9.719858218968056851e-02,5.347512066672618913e-02,1.928235676568673951e-01,4.330855040769945874e-01,2.321729143689875152e-01,4.662380853895807808e-01,1.209467802903296668e-01,3.748610646890738335e-02,2.502854547030952670e-01,2.248677118915296258e-01,3.830899042770272711e-01,2.204928506100862218e-01,3.396714220075048862e-01,-1.052458241790976967e-01,-2.998622731373658257e-02,1.672369431862548994e-01,2.256242022980463613e-01,1.170041702031922176e-01,2.545079972608916830e-01,1.260809768475049109e-01,1.321860456972264453e-01,1.400068178720233029e-02,1.635002765174799477e-01,7.608083721887405615e-02,9.863239351096253493e-02,-3.997607954160867227e-02,2.288959324693017883e-01,7.070509506097009955e-02,2.035257336674375361e-01,-9.213583247075793348e-02,4.660938294811303728e-02,4.934889581267387117e-03,4.583091195549630625e-01,2.963377580126178024e-01,-7.587525924892193907e-02,2.387621382552847504e-01,1.991543802735650792e-01,2.896331314456180306e-01,2.661329485650804627e-01,4.087584320867800880e-01,1.658802705605114669e-01,1.848590943806679987e-02,2.916270725092771077e-01,3.068594001975079033e-01,3.345238609054857482e-01,2.060575286404551787e-01,3.567284799388934502e-01,-1.057543823671143329e-01,-1.156299062779723302e-02,1.946540338416773153e-01,2.566390075676545646e-01
2.250784661439685919e-01,3.133602248276730617e-01,3.151847455524774411e-01,2.020948387422003834e-01,1.902870311536719247e-02,2.130271520782080485e-01,2.204918755575862865e-01,2.597614656001516753e-01,1.166795909556508394e-02,6.937820541663723695e-02,3.865540470385497307e-01,2.279176913229957468e-01,3.503836934626571725e-02,2.154153950911739945e-01,-4.562290504051740546e-03,2.292257072743758284e-01,1.000000000000000000e+00,1.166007379523705395e-01,5.039513310710016514e-01,2.100414465470126502e-01,2.602126900504794227e-01,2.913968133468649579e-01,3.956920205395204615e-01,1.580492190495471627e-01,4.462718573225361168e-02,5.424560741938234676e-01,5.339716271503045508e-01,3.491956461266139122e-01,2.322031193188883458e-01,4.977848864023216580e-01,-8.304016856650134337e-02,1.320028918763977051e-02,8.548212827165946326e-02,3.484066081498605194e-01,2.683621465111064031e-01,2.478494937392879960e-01,1.405197172750172474e-01,1.587941185305435099e-01,-3.674485812771145776e-02,1.468897851556691947e-01,3.627436697870069227e-02,7.068442153640594472e-02,-3.757202026244773480e-02,1.198879507516033838e-01,1.611861347283286283e-01,2.153187990012092878e-01,-3.453402919887269690e-02,1.117306082727962530e-01,3.046917257727574033e-02,3.164530946876171202e-01,4.591600556456740811e-01,8.867183370386397603e-03,5.511755187928514266e-01,1.944136732442318383e-01,1.611486516565345251e-01,1.928315289076462657e-01,3.176845450673936866e-01,1.325249062686972013e-01,6.110819774622993326e-04,2.163460399294135084e-01,3.534175327704081604e-01,2.739066493297007687e-01,2.297594367636121016e-01,3.202394544444088220e-01,-1.639787126027661135e-01,1.853232153975508528e-02,1.170939306252231499e-01,2.619696772188722100e-01
1.980416026925102269e-01,-1.518724432522311207e-01,5.051300711559930656e-01,-5.308381431456941392e-03,2.739463621384969488e-02,1.304753086829719966e-01,5.757661857875854272e-01,2.430442397703184709e-01,3.580308532421829226e-01,8.212587609319704773e-02,2.169073723239463292e-01,6.500251206779503188e-02,3.645275353376997152e-01,6.638698927855006815e-01,1.300759097631599415e-01,-9.719858218968056851e-02,1.166007379523705395e-01,1.000000000000000000e+00,4.618425368273823550e-01,4.478035110367496047e-02,3.814801429961368201e-03,1.115293473472303426e-01,-8.550420609276145056e-02,3.388756739984060684e-01,1.883139862688416044e-01,2.485716922458422462e-01,3.477052490967550979e-01,-1.662173696724049687e-01,1.154372721267430540e-01,-3.171140677148093917e-03,5.636488086554508614e-01,7.492706035379333163e-02,-3.953539320110199817e-02,-1.360544343195751755e-03,7.237890788237219541e-02,-1.600734215712753816e-01,4.869078357504542237e-02,-5.316979881792660643e-05,4.378685635606589278e-03,6.072256703150805818e-02,1.309695135236662311e-01,-9.458806100769370437e-03,2.410125281643143158e-01,9.800976726414355189e-02,-6.905952024926249877e-02,-5.691765368295177013e-03,2.215259490956302812e-01,2.343916043058473231e-01,3.163924575741602907e-02,-9.647902882154311965e-02,-2.415399019913752610e-01,2.810713580016176438e-01,-8.150801846097739667e-02,3.983714081305587268e-02,-6.348451813228041252e-02,-5.394536893287110724e-02,-1.194216798178884403e-01,1.228263656545801746e-01,1.308439321207784112e-01,-1.538997335332588645e-01,-5.068665759977543372e-02,-2.400143835723923535e-01,3.748058819978147133e-02,-2.788771872505923510e-01,3.456091609709734946e-01,1.923831061982610169e-02,-6.675900487653088633e-02,-9.390006139631362769e-02
4.589207874736152548e-01,2.243509187979454700e-02,4.560148400328845053e-01,1.836647427324268056e-01,2.145867837020424065e-02,2.303249133641196433e-01,3.967021838693273184e-01,2.646447435443655682e-01,2.344159630176489428e-01,1.853218324574167630e-01,3.279685013724940590e-01,1.907764604885072990e-01,2.580687633329790676e-01,4.183186570645970881e-01,5.331050968433383858e-02,5.347512066672618913e-02,5.039513310710016514e-01,4.618425368273823550e-01,1.000000000000000000e+00,2.075236599383696590e-01,1.385279752956908028e-01,1.318979250728689323e-01,1.188213183749727703e-01,1.754508411361642428e-01,7.611132528258668373e-02,3.012349987207750268e-01,3.470116518912558790e-01,-1.507060317454408764e-02,4.492223817829014143e-01,7.716732334541691329e-02,2.043640569323557088e-01,3.079207854557148780e-02,1.048350758265609167e-01,1.577481623686005641e-01,3.656475576080850942e-01,-2.861049536878487037e-02,1.448419988533662106e-01,1.335543474377597073e-01,-6.583544506637702132e-02,1.463076220634065283e-01,7.476204337824081392e-02,-1.475623660470049437e-03,1.298810633927740266e-01,2.507304147993406063e-01,7.969805894570769489e-02,1.881349431738688627e-01,1.208126918074212547e-01,7.953054041232671123e-02,2.390151061772815416e-02,1.006718676049281475e-01,6.209375594948204208e-02,1.152408110477837061e-01,2.982332427994820456e-01,2.170540077130778400e-01,5.172831880881945121e-02,8.355463772521877497e-02,8.437295672200513519e-02,4.611456913693903065e-02,4.401824921939704455e-02,2.152512909996914803e-02,3.286293601533004510e-02,-3.183697380703654628e-02,3.900149740646441932e-01,-1.319971476574145208e-01,-1.361722019232166139e-02,1.546427981498095343e-02,1.068414662098972207e-01,5.236049233246584805e-02
9.689616207006178372e-02,1.528178231527607955e-01,1.805976568798843829e-01,6.822623211569829316e-01,2.066134071113804108e-02,3.590270862393656892e-01,2.246326416585813779e-01,2.100726464737373844e-01,5.655350286142594995e-02,6.033457390950718313e-01,8.787558849773707825e-02,6.382009984797292201e-01,-6.258798539238591419e-02,5.811295979758485108e-02,-4.877755640897556144e-02,1.928235676568673951e-01,2.100414465470126502e-01,4.478035110367496047e-02,2.075236599383696590e-01,1.000000000000000000e+00,2.651774287638778427e-01,2.677729649557557545e-01,3.102515140569456209e-01,1.709611469418349239e-01,-5.446806450463572563e-02,2.553073410958204836e-01,1.150384549913429366e-01,3.474110971792728764e-01,1.638470624287629018e-01,1.731834780451481648e-01,-4.543719519965715853e-02,-2.543696897767138559e-02,1.234434364463758843e-01,1.184680146689506414e-01,2.303770847915599662e-01,1.706308559721862739e-01,3.629377591234389522e-01,5.785781391948842112e-01,-4.772472385841386444e-03,2.710643808468762850e-01,3.122334155077874374e-01,2.058005321101830931e-01,1.271602686856561359e-01,5.045709349578347824e-01,1.244415775827800857e-01,6.034945101214782559e-01,-2.196524670053551578e-02,1.282680631134691385e-01,1.299587325788472691e-01,3.056331525241229863e-01,2.351959101763788085e-01,9.027982194804799743e-02,3.265368623463527631e-01,8.339753379912673292e-01,1.915096530262598018e-01,2.708796686365918527e-01,3.676659186292480785e-01,2.938347438466508699e-01,-5.660327512554006596e-02,3.392945443437025976e-01,2.326823785288516244e-01,3.869048519668130681e-01,1.813206109822938783e-01,2.094432600976292025e-01,-6.791757756891865505e-02,-3.071178142174944142e-02,1.436249547144150540e-01,1.697547131046961422e-01
1.013399931952796706e-01,2.237163129982411292e-01,7.314258052915474650e-02,2.466844740157353444e-01,5.155248419689664047e-02,2.543766462974060283e-01,9.811909684814562604e-02,1.828967045261462587e-01,1.165595923458044234e-02,3.510942549218296072e-01,1.718897468171544651e-01,2.453457565229947013e-01,-6.341340733724383505e-02,7.146677323112440861e-02,-9.769662729142497559e-02,4.330855040769945874e-01,2.602126900504794227e-01,3.814801429961368201e-03,1.385279752956908028e-01,2.651774287638778427e-01,1.000000000000000000e+00,2.406084475010008272e-01,6.688944362147309919e-01,9.094370382286667831e-02,5.654382726531154146e-02,3.224509739574226708e-01,2.901512261352763855e-01,4.059006764431216108e-01,2.844180878557945880e-01,3.781830169168620692e-01,-9.818155103229124492e-02,2.179921784575069438e-02,2.123554573704831971e-01,3.230558038195018300e-01,1.777627367855242058e-01,2.281689883617447900e-01,2.348971909174229766e-01,1.902753268204223080e-01,3.944756968054887597e-02,1.934071895854914125e-01,1.522541550261420629e-01,1.608615861223114951e-01,-1.923125364919079858e-02,3.835779103587119154e-01,1.621666889401044698e-01,2.553283199554011174e-01,-2.237548100023261863e-02,1.363128292002563913e-01,3.523986828393433496e-02,3.857897448616179337e-01,2.806298108357112020e-01,7.586745524037936082e-03,2.611617696489039742e-01,2.610027622834206196e-01,4.747430197515993266e-01,2.462987353278451030e-01,5.089966153429567042e-01,1.304934734502248284e-01,5.906069614684598262e-02,3.471902989980093501e-01,3.336313431748904601e-01,3.360442831329505387e-01,2.806360693260133710e-01,3.435430094889104224e-01,-8.815740695170652674e-02,6.887828312355652981e-03,2.094520747382773440e-01,2.790943346558533711e-01
5.451169854120008207e-02,2.627597195344664738e-01,2.244500245767539481e-01,2.217404999778863905e-01,5.524728196155785642e-02,1.907090480121405029e-01,3.209737597017019994e-01,2.555223040730102979e-01,1.696385784857485923e-01,1.345829800561947065e-01,2.033872569352812576e-01,2.609235884424538354e-01,-3.883365428313614170e-02,2.170501922329670930e-01,2.148989908922488076e-02,2.321729143689875152e-01,2.913968133468649579e-01,1.115293473472303426e-01,1.318979250728689323e-01,2.677729649557557545e-01,2.406084475010008272e-01,1.000000000000000000e+00,2.935359095437160559e-01,3.865775705411165220e-01,4.084465043805237533e-02,4.546020095330443045e-01,3.594235067140721385e-01,3.960678683149512769e-01,1.199845546306926442e-01,4.234760783157502373e-01,-2.037215799289886567e-02,2.757514586543383106e-02,1.116385539560943024e-01,2.122386914929550450e-01,1.173762773487570105e-01,2.521520577099912730e-01,2.535707219405952673e-01,1.786033833712898367e-01,2.046373552538836155e-02,1.511403074100720612e-01,2.729879769406541312e-01,1.883231268838080064e-01,1.732314213795857483e-01,1.811867939431817398e-01,1.486592980671452013e-01,2.380543546609864558e-01,5.653805121670877482e-02,2.149597678220626085e-01,6.546864873647834093e-02,3.469648094069463506e-01,2.994158771494419002e-01,9.062044778067142314e-02,3.233849238082845967e-01,2.467206601511335029e-01,2.450288739482399114e-01,3.561575164119959447e-01,3.410341410357573544e-01,4.030418353623823613e-01,8.792947798956107786e-02,3.469135263887601073e-01,3.962649713909536242e-01,3.453550665837823441e-01,1.172571681967817248e-01,3.738176079672700380e-01,1.233374239003421843e-02,5.606928103778646005e-02,1.364793604993471965e-01,2.359725857891055434e-01
7.949916444155634421e-02,3.224863971664752582e-01,1.039021465684389911e-01,2.942977388316198040e-01,6.326577156552334880e-02,2.844522145062695628e-01,8.007015906741350719e-02,2.734964763792532283e-01,-4.233754545992148705e-02,3.178828636767996874e-01,2.378708636897551021e-01,3.144582485546981165e-01,-8.553397473520679695e-02,3.232627637525400249e-02,-8.427898522663894443e-02,4.662380853895807808e-01,3.956920205395204615e-01,-8.550420609276145056e-02,1.188213183749727703e-01,3.102515140569456209e-01,6.688944362147309919e-01,2.935359095437160559e-01,1.000000000000000000e+00,9.886355047186622114e-02,-1.059040380096982516e-02,4.003448170336797451e-01,3.566995074292140244e-01,5.510295626590711038e-01,2.236774659026476431e-01,5.616518826287513200e-01,-1.649311272861435085e-01,1.517494030923796991e-02,2.110403705621333725e-01,3.859697261633131538e-01,1.867579974904376161e-01,3.066815685625542964e-01,2.027084070140402483e-01,2.347652555253317563e-01,2.182139432692919642e-02,2.431181586793591254e-01,1.011663837128640026e-01,1.897474927786559629e-01,-4.112785735482695632e-02,3.310745612143137784e-01,1.676237922717140061e-01,3.182731414504586520e-01,-9.363741861813358602e-02,1.017002251664698848e-01,7.512684077956674478e-02,4.509868782653380648e-01,4.313120718224315309e-01,-5.039315760159770313e-02,3.812828473396989160e-01,3.264043287502458313e-01,4.098012158589578458e-01,2.632221466069590843e-01,5.970559936632379161e-01,1.620060037989114743e-01,-1.557834286292256176e-02,3.448787425223003300e-01,3.735706539887196365e-01,4.629726577733171977e-01,2.388801952329870082e-01,4.978330751412474720e-01,-1.906250676321787074e-01,-1.196899953003811683e-02,2.137115224359791565e-01,3.377293849858705177e-01
