1.000000000000000000e+00 2.265356956321451509e-01 6.082833001519829530e-01 4.702089827217912354e-01 9.960335049383292616e-02 5.938028017034766570e-01 5.017719298277676376e-01 4.723522901259052942e-01 3.000242848964114750e-01 2.337417954550015109e-01 3.497252428526874124e-01 5.099367473506681847e-01 3.298349824453040147e-01 5.935886471918554452e-01 2.418471343113596517e-01 4.418881069680217211e-01 5.399915970117989961e-01 5.223069500151426015e-01 7.341896519585149328e-01 3.884925677970493263e-01 6.168113270386276215e-01 2.389659797987474521e-01 6.153230931745093946e-01 2.993991424321518768e-01 2.219631697387376423e-01 3.917805439458800221e-01 6.454141167030461590e-01 3.689391873996952786e-01 8.793396008938787478e-01 6.440633943185105625e-01 3.613516356087270731e-01 6.434332417042672170e-02 4.618714502967522506e-01 4.024055456809559339e-01 9.952123466274125363e-01 2.566914436781837505e-01 4.315388648588098786e-01 4.885869690996437753e-01 1.697224743370297495e-01 5.702012365281706741e-01 4.415230430370924442e-01 4.489344773686904100e-01 1.933958835598752757e-01 2.530407403353140960e-01 2.940272171106428356e-01 5.367544074764055706e-01 2.848866006305376120e-01 4.890044260737697601e-01 2.894299144716753203e-01 4.485322196616247092e-01 3.209667475849665719e-01 3.188616301614569104e-01 4.075536846087665088e-01 4.085960718162364169e-01 5.691340769719228643e-01 1.654613180440565046e-01 5.671885777724048339e-01 3.571407103463098975e-01 1.827950923872828370e-01 2.622869866123171412e-01 5.399970604664585672e-01 3.726356108931972999e-01 7.670914086262501375e-01 4.430244292506240189e-01 2.963038211260180521e-01 9.190858250518381400e-02 4.887484236446979491e-01 3.235228763426065690e-01
2.265356956321451509e-01 1.000000000000000000e+00 2.585590468418400567e-01 4.927668895763475110e-01 7.511353639954268524e-02 3.726903604085015087e-01 3.098611966028312903e-01 2.709652832476884821e-01 3.457535350853944700e-01 3.866248264820630887e-01 3.631425884039714003e-01 5.113938892662506230e-01 2.423485063631922731e-01 1.799628575054872948e-01 2.402846168176422381e-01 5.279735625925918718e-01 3.133774518557172484e-01 1.748224505961188668e-01 2.818782846567062794e-01 5.432110048693696847e-01 4.892690324370047583e-01 5.512612256336406613e-01 4.836057725647685546e-01 4.584100891644804499e-01 4.186965356234582103e-01 4.184645231904599583e-01 4.359852203114737978e-01 5.199919343863822485e-01 4.121580665329104831e-01 5.376864064678357202e-01 8.831917017159293670e-02 -2.889112155157692180e-02 4.788295812012841046e-01 6.029153334712478163e-01 3.001650020563297883e-01 6.478610928721755258e-01 2.570275269750822433e-01 4.908714467556718475e-01 1.363874771506842221e-01 3.255572359745325661e-01 3.150200598744686276e-01 3.094390460959909328e-01 3.077762711169810261e-01 3.472609420496194366e-01 3.907042633802341736e-01 4.992672898690626582e-01 2.311359957559622758e-01 2.283525031595539101e-01 2.969972437903326545e-01 5.067657660190526547e-01 3.589658366520195321e-01 1.235413370511056763e-01 3.072463633710588171e-01 5.420064726249914644e-01 4.747700928926649744e-01 5.563800669823288914e-01 4.956499910606756432e-01 4.696629591297169504e-01 3.737919371665134327e-01 3.410195908382398500e-01 4.537401359211097884e-01 5.067661318845835261e-01 4.117873445343828154e-01 6.163495712208890698e-01 7.092065576321918141e-02 9.445782132278380747e-03 5.123776687894822102e-01 5.943236950968238119e-01
6.082833001519829530e-01 2.585590468418400567e-01 1.000000000000000000e+00 4.645620220571015091e-01 1.342615960900575556e-01 6.647505812312730633e-01 8.400349598312363275e-01 5.490055050951929694e-01 5.213358915611068234e-01 2.846988283822219912e-01 5.281437067336743896e-01 5.493762333507901108e-01 5.401217980032296806e-01 7.261691025652119436e-01 3.880500560099369167e-01 4.420440275494602611e-01 6.262639469973771966e-01 6.030506574760670091e-01 7.712126029516894743e-01 4.527038456579433046e-01 5.490473859798055134e-01 4.235529401855097076e-01 5.859514447401183990e-01 5.606612327052838962e-01 4.467534504724868238e-01 7.286033646699272559e-01 1.011633949765488927e+00 4.099089858283505028e-01 7.130282819313856768e-01 7.466487297562158787e-01 4.968349450840868209e-01 1.097738339805951063e-01 4.623679046109377966e-01 4.697340530874283826e-01 6.592500834870957949e-01 3.402879568750417638e-01 7.969891091761757140e-01 4.617794936607735323e-01 2.258054699316185410e-01 6.281967660573420931e-01 6.772335333369867705e-01 5.382441601439907908e-01 4.011919267216484397e-01 2.926386140417267523e-01 5.193348968299895674e-01 5.350673008427171418e-01 4.825703972398929786e-01 6.395405081109226675e-01 4.756801661148534199e-01 4.474194519925279168e-01 4.224536638603400007e-01 3.986256640180906863e-01 5.458879826011443503e-01 4.457132058142593833e-01 5.366590659344813163e-01 3.149032551752048992e-01 5.628133254384266593e-01 5.652180498270890086e-01 3.504934468721033203e-01 5.305666238386828049e-01 8.300726447691135768e-01 4.113820134531557260e-01 6.477553144651372330e-01 5.221278039007462013e-01 3.426719409901441971e-01 1.637634322817647647e-01 5.033146650446447268e-01 4.448782393793662138e-01
4.702089827217912354e-01 4.927668895763475110e-01 4.645620220571015091e-01 1.000000000000000000e+00 9.270996286165619771e-02 7.009518974138855274e-01 6.421005499763985380e-01 4.082937091913650951e-01 5.966154607228175699e-01 6.543155240870798250e-01 4.406431121600111189e-01 1.247624636600462633e+00 3.895817063873059372e-01 3.558307540772263078e-01 4.033903160183890391e-01 9.577515060596603069e-01 2.959385914876181412e-01 2.751487423716627578e-01 4.012422599710108173e-01 1.319374988532620030e+00 9.722796873947981977e-01 6.542066577885952139e-01 7.788301664246548572e-01 9.311269349713808818e-01 4.354577251440372443e-01 4.698086816619382877e-01 6.437342224891999809e-01 1.045078876197467865e+00 6.512802150641726628e-01 6.295196560348176318e-01 2.632033902876732556e-01 -2.318851705435449190e-02 6.395552080571570430e-01 6.019545971798485606e-01 5.978732945230074147e-01 5.219936730392128466e-01 3.805099582875070552e-01 1.533567483772480200e+00 1.815252973447378793e-01 6.244094877705268498e-01 5.789927614407028855e-01 4.153390438495318526e-01 5.178236041960596614e-01 5.750115068571982624e-01 3.954618032987574638e-01 1.228729319918682172e+00 3.103389631979230900e-01 3.441008507324975763e-01 4.652535587972699282e-01 9.041463737258561562e-01 2.934289194419782421e-01 1.580165194716244836e-01 2.975642148896956996e-01 1.242415033587713991e+00 9.714517606102146541e-01 5.508891824993707997e-01 7.834377641613679000e-01 9.712790887102651372e-01 3.779874777017001031e-01 3.458911598317014890e-01 5.798926065876058855e-01 1.084335560033385049e+00 6.177640447589192174e-01 6.521461472202855214e-01 1.369358309624028602e-01 2.984892102206878478e-02 6.914466485529257023e-01 5.934820129918589870e-01
9.960335049383292616e-02 7.511353639954268524e-02 1.342615960900575556e-01 9.270996286165619771e-02 1.000000000000000000e+00 2.090922713873790695e-01 1.048687786385484044e-01 1.253923233758147404e-01 9.439207866236591637e-02 4.115459891030333328e-02 1.079797729404174400e-01 1.294873411616585812e-01 1.346640783074058711e-01 1.247317937405291455e-01 1.266291377938308371e-01 9.481894852217076508e-02 1.230026137983265960e-01 1.081071218887608709e-01 1.490546799192596361e-01 1.002499345921655516e-01 1.083515319198259108e-01 6.566914206579166358e-02 1.360340801969557867e-01 7.500492810078693284e-02 8.811225414567187830e-02 1.065524558526051435e-01 1.369133938521835403e-01 9.113530371665638785e-02 1.738194159419012841e-01 1.238400051970266341e-01 8.782175927507000768e-02 1.167924091751919441e-01 1.095997924886190494e-01 1.588147401239031753e-01 1.241918667283497674e-01 8.721370280273378628e-02 1.310113775303018147e-01 1.055920741638760596e-01 9.752804987039211115e-02 1.962272361063368553e-01 1.089021082868129042e-01 1.539878139989145911e-01 4.529776023462680351e-02 4.619669027432440900e-02 1.667943128226749838e-01 1.327156190869049901e-01 1.208528797149407835e-01 1.186894122259258416e-01 1.258090152538173800e-01 1.123343558575479462e-01 1.321385391039535118e-01 9.068910473854330245e-02 1.407062363021764628e-01 9.221254518497495889e-02 1.118446838672808863e-01 8.342769358616466957e-02 1.310651628873322483e-01 8.967382674506396700e-02 9.354497826970914476e-02 9.045906472032247403e-02 1.343705671232042764e-01 9.558759916120238009e-02 1.716028018462650573e-01 1.284763645820547751e-01 5.405742650242961050e-02 8.740181551627242140e-02 9.938893253678890427e-02 1.461856015858927216e-01
5.938028017034766570e-01 3.726903604085015087e-01 6.647505812312730633e-01 7.009518974138855274e-01 2.090922713873790695e-01 1.000000000000000000e+00 7.001979874751422805e-01 6.590672068847165388e-01 4.610558823433543174e-01 5.525083946887343611e-01 4.999968678892593998e-01 9.148764799503754652e-01 4.555673733901027256e-01 5.111154016967638380e-01 5.132137292731635547e-01 6.798884215668340447e-01 4.465600241254276681e-01 4.532685252187765856e-01 5.696693745666584485e-01 6.603669810453560718e-01 7.831367123506525196e-01 4.292989122825084380e-01 7.840566021336919933e-01 5.583383358189522028e-01 3.702325511040719386e-01 4.745078213926128274e-01 7.315986169766754976e-01 7.437275780531487079e-01 7.858198307477792799e-01 7.532844359983162930e-01 3.304796421827721487e-01 9.143887503580641618e-02 5.725465896604393645e-01 6.059714222107916992e-01 7.136153315019269083e-01 4.385598665246118744e-01 5.967254308867588897e-01 7.569565970933027632e-01 2.581024342350535239e-01 1.202648440364963989e+00 6.606495302461762309e-01 6.954075422563350539e-01 3.664872666339503704e-01 5.045557700164267079e-01 5.281555485669737759e-01 8.970293673873452889e-01 4.458398556772946719e-01 5.496451323629859553e-01 6.258088576393198155e-01 6.842944643594998100e-01 3.990912060481547341e-01 2.909449543253730397e-01 4.979710137191930563e-01 6.678798187451941981e-01 7.775164453114099539e-01 3.621565491039727691e-01 7.841591272419066172e-01 6.310151333389046879e-01 3.527304979505449523e-01 4.335639858292190119e-01 6.881586210464082365e-01 7.720656655202020602e-01 7.771651545839277642e-01 7.319611605051626890e-01 2.426357993553923675e-01 1.526069394085555753e-01 5.930803516036773360e-01 5.737410749424338707e-01
5.017719298277676376e-01 3.098611966028312903e-01 8.400349598312363275e-01 6.421005499763985380e-01 1.048687786385484044e-01 7.001979874751422805e-01 1.000000000000000000e+00 7.999447415887499524e-01 6.907762741019540798e-01 6.508537303132004848e-01 4.874640932004882243e-01 6.395488172929632009e-01 5.549944993881088529e-01 9.723658391669773859e-01 3.659567812607881776e-01 5.254052173623066091e-01 3.964624544462914124e-01 5.675209301163607334e-01 5.506850822422898473e-01 6.433418642367252360e-01 5.476602866488046173e-01 6.121529380239878471e-01 4.489564386648491334e-01 9.506355919822816469e-01 4.557096683992670760e-01 7.622727176813449690e-01 8.331868771093142723e-01 6.983387408675585384e-01 5.689922964112543724e-01 8.547725647107801139e-01 5.201502730091889237e-01 7.855822169565217228e-02 4.220872499648883891e-01 4.169554031827858998e-01 5.675586722857588473e-01 3.896884751622572973e-01 7.216455505504301149e-01 5.894844701191412906e-01 2.222209953312234143e-01 6.394235378897541455e-01 1.288790265242267363e+00 7.199331222638727379e-01 6.055913664738610258e-01 6.171602393513240248e-01 4.640121954618601774e-01 5.946267993380778272e-01 4.980865288757787557e-01 8.074907881247164187e-01 4.851831249717994954e-01 4.787508753714592724e-01 2.548193167301475714e-01 3.656827498786873187e-01 3.762862798629081906e-01 6.059982974946425127e-01 5.671216496379105632e-01 4.291873512285249714e-01 4.467663957287799081e-01 9.138336498002475050e-01 3.607860535815096692e-01 5.655968409090348370e-01 7.069971959943441853e-01 6.933730637172504929e-01 4.677414148890472467e-01 5.726109138651331865e-01 3.480394258711534405e-01 1.000378639473165077e-01 4.435282087193227474e-01 3.745583713992713948e-01
4.723522901259052942e-01 2.709652832476884821e-01 5.490055050951929694e-01 4.082937091913650951e-01 1.253923233758147404e-01 6.590672068847165388e-01 7.999447415887499524e-01 1.000000000000000000e+00 3.552799273300012439e-01 4.459652828792153856e-01 3.824569905329606723e-01 4.300820029882995166e-01 3.359029093316619474e-01 7.482673823647645328e-01 2.544597972286553045e-01 3.935569053027698216e-01 4.313137425305249573e-01 5.514239439907984153e-01 4.976205424784421183e-01 3.849635087458787575e-01 4.586194978415516488e-01 3.920860328707029274e-01 4.440358415694123373e-01 4.226957246951300595e-01 2.148066068811584628e-01 5.559245917089812306e-01 5.881862760943340485e-01 5.998589628057301448e-01 4.752078972833990722e-01 8.405227772334591396e-01 3.204071030986391788e-01 8.235644920531519364e-02 3.038806832905037725e-01 3.764521865360018760e-01 4.725336751907232014e-01 3.293165415593629075e-01 5.802916216017666162e-01 3.965532789884892440e-01 2.019412609559848026e-01 5.981205878497052320e-01 7.510716437885758268e-01 9.087558653366630823e-01 3.039702898926132657e-01 4.088625508118337581e-01 4.285781524840474033e-01 4.074087141908376841e-01 3.028317017159943836e-01 7.144329466857499700e-01 3.463712448142574063e-01 3.535477986972856423e-01 3.200277888319971731e-01 3.872562953122749008e-01 3.815813936014911811e-01 3.714137471232873966e-01 4.383484123146270117e-01 2.849174080397792186e-01 4.302447924973620275e-01 4.458001336948081428e-01 1.954595715457192462e-01 4.833046317763781685e-01 5.200971044420483747e-01 5.948014698261906430e-01 4.250719137807293935e-01 6.399133254993538689e-01 2.550020056508712774e-01 9.911642704813221350e-02 3.135878156628265634e-01 3.240536402454282650e-01
3.000242848964114750e-01 3.457535350853944700e-01 5.213358915611068234e-01 5.966154607228175699e-01 9.439207866236591637e-02 4.610558823433543174e-01 6.907762741019540798e-01 3.552799273300012439e-01 1.000000000000000000e+00 4.890624329103349099e-01 4.752585172211140074e-01 6.075095610647438527e-01 5.315917290255055550e-01 4.154395269688130332e-01 3.497664553532644494e-01 5.418606736117289602e-01 2.836821062558864126e-01 3.318441687924441608e-01 4.044895751739238099e-01 6.263375982702458211e-01 5.529610903128860944e-01 6.494012014180935433e-01 4.469995989446417517e-01 8.511243438302675823e-01 5.398896579957990216e-01 5.313683976492218353e-01 6.249591426804297356e-01 4.932376693582969374e-01 5.053166557819683824e-01 5.058994867662467421e-01 3.270633217560273143e-01 4.265339358637743050e-02 5.012537577604796457e-01 4.515704165753068322e-01 3.790695760496344824e-01 3.904230653177664934e-01 4.544444385730632696e-01 5.606286562376863181e-01 1.838080498976107924e-01 4.355204219340523819e-01 5.722705550788923512e-01 3.327168884256256343e-01 6.637628087264255683e-01 4.681490639928534980e-01 4.261519623534952284e-01 5.650655733069085418e-01 4.988758749556296834e-01 4.210614049038062801e-01 4.282957263278932558e-01 5.103492953812190924e-01 2.440540575234927401e-01 2.239140437371265890e-01 3.124287379770393502e-01 5.756823473711145667e-01 5.552798866582719928e-01 5.375139074297586861e-01 4.502992916840021231e-01 8.010753398114112134e-01 4.396902621507357556e-01 4.168667108284984102e-01 5.852781605393270192e-01 4.818622736366791059e-01 4.596633656381243771e-01 4.146336793438930579e-01 2.371981400641968440e-01 8.339076274719435522e-02 5.187502343635407298e-01 4.452071006262340869e-01
2.337417954550015109e-01 3.866248264820630887e-01 2.846988283822219912e-01 6.543155240870798250e-01 4.115459891030333328e-02 5.525083946887343611e-01 6.508537303132004848e-01 4.459652828792153856e-01 4.890624329103349099e-01 1.000000000000000000e+00 3.501557718743765202e-01 6.032214100602110163e-01 2.905826831193120685e-01 3.316554679224211211e-01 2.512849437216212456e-01 5.333134370229917209e-01 1.753015878325414889e-01 2.050769200464976627e-01 2.456346512381720748e-01 7.447204000172096272e-01 4.436207261440203165e-01 5.804937232873108588e-01 3.293135768241085559e-01 7.362640938572021510e-01 3.219177331572025125e-01 4.294552571634553395e-01 3.690539132937044053e-01 7.761082442343297805e-01 3.126188551355109646e-01 4.573221494657693231e-01 2.244033787985627582e-01 -1.064539929284518197e-02 3.692274331988972813e-01 3.676146933713456688e-01 3.238332954501538796e-01 4.155903801760112426e-01 3.549119399726925472e-01 6.186323683875556423e-01 1.517617412778528574e-01 5.071775099575497325e-01 6.950030829703559565e-01 4.156573178772421384e-01 5.187475680756171714e-01 1.560658719272846939e+00 3.555053388666913894e-01 5.605664426577583459e-01 2.713510021845382258e-01 3.733655044657024913e-01 3.580950322437439493e-01 4.782512835072035284e-01 2.130702890784731407e-01 1.990030899423958499e-01 2.784122987389757165e-01 6.972750216015801694e-01 4.771875420070198492e-01 5.078834627705416382e-01 3.423822863510310732e-01 7.524053606960514617e-01 3.053661976441235382e-01 4.193717645295227947e-01 3.924157589245236832e-01 7.947502612304384595e-01 2.850516428629370491e-01 5.047771978641474311e-01 1.819562188456126661e-01 2.558508983972877446e-02 3.932806310477470757e-01 3.842059591847145072e-01
3.497252428526874124e-01 3.631425884039714003e-01 5.281437067336743896e-01 4.406431121600111189e-01 1.079797729404174400e-01 4.999968678892593998e-01 4.874640932004882243e-01 3.824569905329606723e-01 4.752585172211140074e-01 3.501557718743765202e-01 1.000000000000000000e+00 5.325509320417872727e-01 4.952475357548217216e-01 3.700760454512677100e-01 3.318480866347273683e-01 4.659533801952661092e-01 4.923345223633203704e-01 4.655220172979547821e-01 5.841599183838532827e-01 4.836005761143956638e-01 5.051371835196500903e-01 4.870310087247994857e-01 5.168241504749020443e-01 4.988359219421676927e-01 4.859260904310212514e-01 5.756254968541276718e-01 6.604808566647523138e-01 3.803441757405781054e-01 5.571354230208781511e-01 5.850198250509870412e-01 2.733547159691643302e-01 6.941651159277324734e-02 5.267833401754888900e-01 5.914461719611718848e-01 4.185353696575253579e-01 4.538622566584242790e-01 4.720071008667535151e-01 4.612718389997508828e-01 1.968413989752761106e-01 4.425739954657068598e-01 4.411879819053751706e-01 3.822705387502886021e-01 3.869623232611016928e-01 3.496764649643272493e-01 6.000630104226336581e-01 5.099511690502553929e-01 4.227198397675935859e-01 3.822952817052417962e-01 4.095369551485621429e-01 4.685599608818203921e-01 4.429958719223824337e-01 3.253410568894169463e-01 4.978653031813455865e-01 4.923453905444958867e-01 4.760197519835325242e-01 4.256975711196917533e-01 4.855787415374259730e-01 5.187530991699789151e-01 3.966242209842317790e-01 4.766124625245291568e-01 6.549877664676704292e-01 3.825792104757715362e-01 5.143345968224787290e-01 5.159942513984696610e-01 2.319338850629127369e-01 8.510095455034454026e-02 5.569831261392852451e-01 5.410952819154619675e-01
5.099367473506681847e-01 5.113938892662506230e-01 5.493762333507901108e-01 1.247624636600462633e+00 1.294873411616585812e-01 9.148764799503754652e-01 6.395488172929632009e-01 4.300820029882995166e-01 6.075095610647438527e-01 6.032214100602110163e-01 5.325509320417872727e-01 1.000000000000000000e+00 4.605985007257965558e-01 3.562810518614545896e-01 5.041778502557729968e-01 8.854149638388252308e-01 3.862681485842910933e-01 3.220657035927452227e-01 4.984551003421811011e-01 1.349474169244686106e+00 9.730881376669566762e-01 6.069863006914519854e-01 8.491728761616720300e-01 8.134122206822930190e-01 4.931067046296785938e-01 4.887473163118335462e-01 7.078861910541214275e-01 9.607947510352368159e-01 7.648775416760649204e-01 6.911250763679668285e-01 2.852536838180858569e-01 5.547035259115215902e-03 7.497503012997859262e-01 7.232222774292889067e-01 6.538706009192082336e-01 5.638125487271840042e-01 4.426216844544428319e-01 1.380011575551435943e+00 2.380080664070928220e-01 8.029569791760584607e-01 5.760411675002626852e-01 4.578089089479516760e-01 4.910685331236206430e-01 5.380772972688832034e-01 5.157918826979397409e-01 1.662782512803282042e+00 4.014424469961757058e-01 3.479220679299210861e-01 5.886541139934186040e-01 8.792179133743982522e-01 3.795704870065675918e-01 1.958464997621624237e-01 4.139814916119602950e-01 1.369839569239838628e+00 9.894710650481506331e-01 5.474034805189105235e-01 8.589807671778210141e-01 8.889461871310289087e-01 4.378298615199961441e-01 3.863692032250219399e-01 6.421810700368306701e-01 1.007747133035298059e+00 7.104995328349732464e-01 7.226285255592626022e-01 1.695752135509727698e-01 6.338260635879920668e-02 8.150026037507804855e-01 7.024791731754556068e-01
3.298349824453040147e-01 2.423485063631922731e-01 5.401217980032296806e-01 3.895817063873059372e-01 1.346640783074058711e-01 4.555673733901027256e-01 5.549944993881088529e-01 3.359029093316619474e-01 5.315917290255055550e-01 2.905826831193120685e-01 4.952475357548217216e-01 4.605985007257965558e-01 1.000000000000000000e+00 4.675060970120356041e-01 3.374590577704643657e-01 3.992376383089815128e-01 2.946747224652784825e-01 4.883580679179327921e-01 4.889604070354420795e-01 4.176470404250318680e-01 4.518756616877697141e-01 3.828410710977433462e-01 3.912877737989064464e-01 4.956099151975024153e-01 5.084987493908252887e-01 3.889713861640677894e-01 6.494739648589666903e-01 3.051084060844929668e-01 5.361571239861907534e-01 3.953730997028752081e-01 4.265500365742863065e-01 1.094549105472557154e-01 4.324265459178765481e-01 4.223161114126921523e-01 4.134838924851128583e-01 2.890408737451325427e-01 3.639775590541639017e-01 3.834817731092837745e-01 1.881764220507633756e-01 4.401174954361679603e-01 4.170578223670480256e-01 3.266951156684070323e-01 4.104756395478352249e-01 3.020102851550824363e-01 4.320177926239473498e-01 4.367307353348366394e-01 6.204622123620776586e-01 3.952890912370857768e-01 4.098139739619952038e-01 3.876228560627299480e-01 1.985930762383452119e-01 2.533573294125849307e-01 3.497851112049947808e-01 4.007372057634672746e-01 4.578606150461735358e-01 3.058965195989505337e-01 3.919624237168581327e-01 4.823605839006633866e-01 3.935022384536914775e-01 2.382263201526767515e-01 5.509238907492624016e-01 3.030650819736155355e-01 4.935894141196520701e-01 2.920148721017216675e-01 3.028088631197299874e-01 1.459561726124150582e-01 4.501094732139662158e-01 3.731447157524687697e-01
5.935886471918554452e-01 1.799628575054872948e-01 7.261691025652119436e-01 3.558307540772263078e-01 1.247317937405291455e-01 5.111154016967638380e-01 9.723658391669773859e-01 7.482673823647645328e-01 4.154395269688130332e-01 3.316554679224211211e-01 3.700760454512677100e-01 3.562810518614545896e-01 4.675060970120356041e-01 1.000000000000000000e+00 2.361567045204016058e-01 3.113479717305270844e-01 3.863791117030846989e-01 6.258634196175553166e-01 5.851052288192704065e-01 3.319106790387100214e-01 3.959395897049897695e-01 3.453041437771738331e-01 3.420964411852651654e-01 4.746661707695039034e-01 2.983625675022196222e-01 5.643619717553379767e-01 7.025524574052111060e-01 3.802019690070033708e-01 5.634140213348715065e-01 7.268540733570205692e-01 4.771714385562221272e-01 1.259311481801499155e-01 2.986017131215722431e-01 2.991622176389338583e-01 5.686416397855369453e-01 2.292858927830100091e-01 5.582319472079857459e-01 3.210359421380069578e-01 1.820362964534658068e-01 4.986951951898662694e-01 7.961576914595716037e-01 6.340323695943217430e-01 3.354307581258404447e-01 3.398100529066736541e-01 3.356037368575391366e-01 3.353281953403817184e-01 3.980331783331506057e-01 8.356327681727241385e-01 3.215497040868506295e-01 2.920631606904198763e-01 1.945158283414473166e-01 3.933271773994849729e-01 3.515967779569049156e-01 3.201906091768721430e-01 3.777524312955415908e-01 2.154661544653128646e-01 3.100390542318822718e-01 4.572117779768923307e-01 2.346268671499862624e-01 3.893325802727841678e-01 5.756738743905859268e-01 3.630873199270331364e-01 4.328305199269713022e-01 4.202729703334004974e-01 3.633849695632037635e-01 1.497220895047987888e-01 3.064174707676167730e-01 2.317865281485466111e-01
2.418471343113596517e-01 2.402846168176422381e-01 3.880500560099369167e-01 4.033903160183890391e-01 1.266291377938308371e-01 5.132137292731635547e-01 3.659567812607881776e-01 2.544597972286553045e-01 3.497664553532644494e-01 2.512849437216212456e-01 3.318480866347273683e-01 5.041778502557729968e-01 3.374590577704643657e-01 2.361567045204016058e-01 1.000000000000000000e+00 4.052887552130275406e-01 2.607847463935061838e-01 2.513835300098665737e-01 3.081168751202759126e-01 4.330564758351436172e-01 4.136970091954254025e-01 3.026562718830959620e-01 4.127438094083851206e-01 4.073983232427609291e-01 2.942195488951551141e-01 2.738971498838771446e-01 4.377194451269083020e-01 3.574591151803180322e-01 4.263110592812375255e-01 3.446736799572119314e-01 1.808740135679073879e-01 5.072519223303426084e-02 3.997454043275542324e-01 4.005827729587597696e-01 2.978213875357896834e-01 2.838388080887938592e-01 3.174329856799776861e-01 4.391611191518826063e-01 1.539354056088113598e-01 4.379837365179316544e-01 3.195056287423369556e-01 2.700368375627136830e-01 3.011831428039454805e-01 2.379012838287759002e-01 3.461465495756625987e-01 4.967459404937965006e-01 3.144222461881792663e-01 2.363415662787171079e-01 4.521221018148728343e-01 4.051961962680619145e-01 2.522286040980282751e-01 1.563494670738648229e-01 2.958047429005228324e-01 4.213137818244624411e-01 4.095447171133521080e-01 2.895395379683134429e-01 4.117355061549434203e-01 4.455157775579804968e-01 2.892395854946764877e-01 2.338985462404807036e-01 4.038281591446912233e-01 3.552696190688326427e-01 4.108021232609100903e-01 3.567433115270812749e-01 1.471314864606500517e-01 9.440981358694648662e-02 3.864617965675303801e-01 3.972091261098877890e-01
4.418881069680217211e-01 5.279735625925918718e-01 4.420440275494602611e-01 9.577515060596603069e-01 9.481894852217076508e-02 6.798884215668340447e-01 5.254052173623066091e-01 3.935569053027698216e-01 5.418606736117289602e-01 5.333134370229917209e-01 4.659533801952661092e-01 8.854149638388252308e-01 3.992376383089815128e-01 3.113479717305270844e-01 4.052887552130275406e-01 1.000000000000000000e+00 3.349031874544980414e-01 3.001697855058191866e-01 4.295704197774100064e-01 8.576260424222611478e-01 1.130606046723337865e+00 6.856107965246526215e-01 1.014337062643018372e+00 7.654659074965166621e-01 4.313515793319193659e-01 4.580863120139149203e-01 7.066470301038632051e-01 9.070150243170269633e-01 6.973120525264471237e-01 6.466418642436569941e-01 2.484084380311389895e-01 -3.802300541139939059e-03 6.582547468160748760e-01 6.989971373427423806e-01 5.297941972075551620e-01 5.787450151464679227e-01 4.060065011031414595e-01 9.297381546409585473e-01 1.904174265872179417e-01 6.417799361887889242e-01 4.576930215103220956e-01 4.260491936474830044e-01 4.827151482837702123e-01 4.676140903055171494e-01 4.348498501644521008e-01 8.864191766367861547e-01 3.550697824554023829e-01 3.345249391368543268e-01 4.648117800970887892e-01 1.242014112742792609e+00 3.183642855446539577e-01 1.669849910356655254e-01 3.306372200214042212e-01 8.178907964398922648e-01 1.100059412689115446e+00 6.033642295098191610e-01 1.014768579759746103e+00 8.165683965804432232e-01 3.843209280398878214e-01 3.636334561570748192e-01 6.509889177947930650e-01 8.896899498569524889e-01 7.068635108850755966e-01 6.835684130752271992e-01 1.449764455808187080e-01 5.311442660191410814e-02 7.080487221299683886e-01 6.478572354812220935e-01
5.399915970117989961e-01 3.133774518557172484e-01 6.262639469973771966e-01 2.959385914876181412e-01 1.230026137983265960e-01 4.465600241254276681e-01 3.964624544462914124e-01 4.313137425305249573e-01 2.836821062558864126e-01 1.753015878325414889e-01 4.923345223633203704e-01 3.862681485842910933e-01 2.946747224652784825e-01 3.863791117030846989e-01 2.607847463935061838e-01 3.349031874544980414e-01 1.000000000000000000e+00 5.003147530300023904e-01 8.664971166947188497e-01 3.311027350206263709e-01 4.098832989020419482e-01 3.465670607926217284e-01 5.514083567778871320e-01 2.951847533569187942e-01 2.767217843506557529e-01 5.871216745613029309e-01 6.926714968071794321e-01 2.801756768439997436e-01 5.321523980617334226e-01 7.380777792107757751e-01 3.147610007170189572e-01 5.258978812777053563e-02 4.314679748560554806e-01 5.664213983820716170e-01 4.818793855823944039e-01 3.773401518133451260e-01 5.960132977391688902e-01 3.069307657917363930e-01 1.612222653755824853e-01 4.115808986804119218e-01 3.646834330184864359e-01 3.997995236026797850e-01 2.128505440204180865e-01 1.830611490612056302e-01 5.639565134222821463e-01 3.826145203353742974e-01 2.618713242433298172e-01 4.019488688856155956e-01 2.990522782067191465e-01 3.419495808884583932e-01 7.254738476816356973e-01 3.976034911571068586e-01 7.149431366232390506e-01 3.441068080727307521e-01 3.788468887174258892e-01 3.001118467525085709e-01 5.054569606820561445e-01 3.131554321415435660e-01 2.131337444964110928e-01 4.473184949387655762e-01 6.199770088864415829e-01 2.765000910563496506e-01 5.366480362523029513e-01 5.753546564559824938e-01 2.631711712757534571e-01 7.994872871282521221e-02 4.840088161228298658e-01 5.149627192936503395e-01
5.223069500151426015e-01 1.748224505961188668e-01 6.030506574760670091e-01 2.751487423716627578e-01 1.081071218887608709e-01 4.532685252187765856e-01 5.675209301163607334e-01 5.514239439907984153e-01 3.318441687924441608e-01 2.050769200464976627e-01 4.655220172979547821e-01 3.220657035927452227e-01 4.883580679179327921e-01 6.258634196175553166e-01 2.513835300098665737e-01 3.001697855058191866e-01 5.003147530300023904e-01 1.000000000000000000e+00 7.309972006530328636e-01 2.796348866611105266e-01 3.810331990467616947e-01 2.684345352354236547e-01 3.825531702718319438e-01 2.693528004922548513e-01 2.880134840203213420e-01 5.326172771235272441e-01 7.086439818102243660e-01 2.491373399214530382e-01 4.711415027745075035e-01 5.623667908526728265e-01 3.781970207339261369e-01 1.338216122936731201e-01 3.181325818923612103e-01 3.032304971660537141e-01 4.843312122988865376e-01 2.217459722443931858e-01 4.618467925695865506e-01 2.664279429546133615e-01 1.672065320278274259e-01 4.283201610602035414e-01 4.721848026115983421e-01 5.036410221628673245e-01 2.598046323999164131e-01 2.281126324921840809e-01 3.971124195742214980e-01 3.227971981906467835e-01 3.889703727139518508e-01 5.469535392663908979e-01 3.193491809876083942e-01 2.969562074381906225e-01 2.607976245197156095e-01 5.334922038313104631e-01 4.662687467655616258e-01 2.739915837255229025e-01 3.751874165580393328e-01 1.859718322922152001e-01 3.709812657694533389e-01 2.849008400765962734e-01 1.949494104682368001e-01 3.324667700167397988e-01 5.706695385950112387e-01 2.485786066798813254e-01 4.451472723659530284e-01 3.586637773849483679e-01 3.339816898936320833e-01 1.446780662981855536e-01 3.472496807094310189e-01 2.552395017780567099e-01
7.341896519585149328e-01 2.818782846567062794e-01 7.712126029516894743e-01 4.012422599710108173e-01 1.490546799192596361e-01 5.696693745666584485e-01 5.506850822422898473e-01 4.976205424784421183e-01 4.044895751739238099e-01 2.456346512381720748e-01 5.841599183838532827e-01 4.984551003421811011e-01 4.889604070354420795e-01 5.851052288192704065e-01 3.081168751202759126e-01 4.295704197774100064e-01 8.664971166947188497e-01 7.309972006530328636e-01 1.000000000000000000e+00 4.225824069558076213e-01 5.204422798691157315e-01 3.718045357052368605e-01 5.794761740612699441e-01 3.809784781167080414e-01 3.583226765543036096e-01 5.806806283247175626e-01 8.680196934769917050e-01 3.295587433154177348e-01 7.241601180319723330e-01 7.549300367619417029e-01 4.328636878929792431e-01 1.113641935047607889e-01 5.147362391057523912e-01 5.439060003931317500e-01 6.693367821939903983e-01 3.486119938639624660e-01 5.900366570711769176e-01 4.153114382631914459e-01 1.979078610326118481e-01 5.274500872965643961e-01 4.541857270397552937e-01 4.636693271519990445e-01 2.850686275542817505e-01 2.624204224668507668e-01 5.470440865677077547e-01 4.950389691224452715e-01 4.024087762579807714e-01 5.218590795620680067e-01 3.713703880517183475e-01 4.376350453108763250e-01 5.293335683609473596e-01 4.609162128272352721e-01 7.637316627580164052e-01 4.312333113099376947e-01 4.944197642908056967e-01 2.828153570182666554e-01 5.405103725765935119e-01 3.960220619106851747e-01 2.667466233186978064e-01 4.046011625058980044e-01 7.131937383373935235e-01 3.361348192647845567e-01 6.743886916468058157e-01 5.318841901590497523e-01 3.708511162821581664e-01 1.226536578207439443e-01 5.628438852834054540e-01 4.800551623953967506e-01
3.884925677970493263e-01 5.432110048693696847e-01 4.527038456579433046e-01 1.319374988532620030e+00 1.002499345921655516e-01 6.603669810453560718e-01 6.433418642367252360e-01 3.849635087458787575e-01 6.263375982702458211e-01 7.447204000172096272e-01 4.836005761143956638e-01 1.349474169244686106e+00 4.176470404250318680e-01 3.319106790387100214e-01 4.330564758351436172e-01 8.576260424222611478e-01 3.311027350206263709e-01 2.796348866611105266e-01 4.225824069558076213e-01 1.000000000000000000e+00 8.674434222169261632e-01 6.877269678821811283e-01 6.981787273530084548e-01 9.393799496857959674e-01 4.892899192191506597e-01 5.154310820788292613e-01 6.191851325382414784e-01 9.573666566855002502e-01 5.952025064041898128e-01 6.276268658419014157e-01 2.680552830118068108e-01 -1.723943074218652408e-02 6.874106652599092371e-01 6.481726988378933019e-01 5.152713269298814236e-01 5.813457172618142765e-01 4.015263417313015282e-01 1.295815015216549959e+00 2.025192908600662034e-01 5.797324839326809531e-01 5.991751595743790570e-01 3.899265720921064604e-01 5.553484764818394925e-01 6.733303124142093754e-01 4.787582523499584464e-01 1.255540105815991403e+00 3.498023707163677720e-01 3.293271994149720161e-01 4.954732821076459626e-01 8.287010691297104215e-01 3.338260832111035747e-01 1.958677085638060866e-01 3.605411093648194232e-01 1.531487948100196395e+00 8.883028884374670753e-01 6.257188564498428196e-01 7.095884360457249684e-01 9.789136974624951248e-01 4.169547263142933113e-01 3.986952691949861016e-01 5.742420054895468473e-01 9.791087539257959937e-01 5.468890505443422256e-01 6.700638179282826234e-01 1.645280385459088335e-01 3.077894346814541437e-02 7.546301387576224151e-01 6.492354815004357516e-01
6.168113270386276215e-01 4.892690324370047583e-01 5.490473859798055134e-01 9.722796873947981977e-01 1.083515319198259108e-01 7.831367123506525196e-01 5.476602866488046173e-01 4.586194978415516488e-01 5.529610903128860944e-01 4.436207261440203165e-01 5.051371835196500903e-01 9.730881376669566762e-01 4.518756616877697141e-01 3.959395897049897695e-01 4.136970091954254025e-01 1.130606046723337865e+00 4.098832989020419482e-01 3.810331990467616947e-01 5.204422798691157315e-01 8.674434222169261632e-01 1.000000000000000000e+00 6.064081037056319179e-01 1.409017938534944170e+00 7.031167616808120524e-01 4.222387952263886857e-01 4.971579790625740847e-01 8.297681983541531636e-01 8.978062082912126041e-01 8.948926143255195864e-01 7.499931476710701705e-01 3.189537644097774072e-01 2.013800617666121687e-02 7.290280764637918631e-01 7.700956700537706645e-01 6.581172657337754917e-01 5.344144000758721536e-01 4.443194429822124314e-01 9.682891809503899605e-01 2.274118263694542841e-01 7.492904489585894279e-01 4.509015335280061598e-01 4.787832653931424765e-01 4.549286431558394739e-01 3.898298570212853087e-01 4.505951161423696338e-01 9.760304682727241055e-01 3.941091778139010349e-01 3.737435405650785247e-01 4.820855352594879961e-01 1.101948751315114272e+00 3.274862088816698491e-01 2.259708519512616531e-01 3.361967213345140593e-01 8.250059207492911328e-01 1.619664304692135071e+00 5.227026374708982903e-01 1.282877317534802719e+00 7.380972113089958597e-01 3.805481468422206026e-01 3.645337669238742362e-01 7.322218774061198809e-01 8.518775891638058484e-01 8.677499350524904287e-01 7.358547293204352746e-01 1.918088402876240994e-01 6.822298226444258040e-02 7.721189754494117707e-01 6.865568019731118632e-01
2.389659797987474521e-01 5.512612256336406613e-01 4.235529401855097076e-01 6.542066577885952139e-01 6.566914206579166358e-02 4.292989122825084380e-01 6.121529380239878471e-01 3.920860328707029274e-01 6.494012014180935433e-01 5.804937232873108588e-01 4.870310087247994857e-01 6.069863006914519854e-01 3.828410710977433462e-01 3.453041437771738331e-01 3.026562718830959620e-01 6.856107965246526215e-01 3.465670607926217284e-01 2.684345352354236547e-01 3.718045357052368605e-01 6.877269678821811283e-01 6.064081037056319179e-01 1.000000000000000000e+00 5.332596787870196309e-01 8.230590221954202645e-01 5.016212171291518640e-01 6.439159000617907802e-01 5.932196782696297355e-01 6.504906201311839720e-01 4.518940759183046607e-01 6.440340824937664799e-01 2.259383215590401173e-01 -9.235806349773605095e-03 5.429440594073817739e-01 5.999875373482399521e-01 3.206686685872537912e-01 6.022863295473352974e-01 4.572084631167088742e-01 6.127609068508073076e-01 1.531656069263863107e-01 3.875995334119923252e-01 5.663062720747473744e-01 3.855497323620823424e-01 5.954404402099865434e-01 5.368994015700764288e-01 4.924973322579640489e-01 5.750055329333861875e-01 3.665894274152236565e-01 3.899922360509543440e-01 3.810576180763020071e-01 6.369732434943913280e-01 3.589046279909834936e-01 2.233994900116428317e-01 3.516319734274110931e-01 6.582838006045715895e-01 5.926720602716167852e-01 7.474497904015624528e-01 5.291452652892028041e-01 8.090298917304863391e-01 4.454259723871831222e-01 5.249072309385606205e-01 6.029129457777439027e-01 6.292451923444282169e-01 4.329830101026206912e-01 6.139926826682505778e-01 1.686238981770982193e-01 4.162239996386156438e-02 5.717623670016749315e-01 5.922787981525234891e-01
6.153230931745093946e-01 4.836057725647685546e-01 5.859514447401183990e-01 7.788301664246548572e-01 1.360340801969557867e-01 7.840566021336919933e-01 4.489564386648491334e-01 4.440358415694123373e-01 4.469995989446417517e-01 3.293135768241085559e-01 5.168241504749020443e-01 8.491728761616720300e-01 3.912877737989064464e-01 3.420964411852651654e-01 4.127438094083851206e-01 1.014337062643018372e+00 5.514083567778871320e-01 3.825531702718319438e-01 5.794761740612699441e-01 6.981787273530084548e-01 1.409017938534944170e+00 5.332596787870196309e-01 1.000000000000000000e+00 5.400715055688661836e-01 3.690383133544322680e-01 5.004885557792189132e-01 9.212370477914273437e-01 7.828558329798475102e-01 8.561088698440276756e-01 7.700869494757285327e-01 2.840284610118439246e-01 3.636444704238886438e-02 7.004117006161461045e-01 8.040622534939130261e-01 6.224585421367964111e-01 5.520387085401963212e-01 4.621498279710755108e-01 7.939929225135994306e-01 2.230635920354073487e-01 7.267436754983728209e-01 3.493398851393884064e-01 4.607895785099704322e-01 3.569733546361349430e-01 2.682630803111667461e-01 4.864177701537923948e-01 8.571113602307643964e-01 3.468352249988531089e-01 3.224371276637029715e-01 4.628048817952689076e-01 1.037369799980863316e+00 4.526808973511237677e-01 2.209466461101116663e-01 4.221849102949041810e-01 6.774786619512984664e-01 1.220732098359632367e+00 4.773330988572809241e-01 1.458010143603831965e+00 5.865034984320823819e-01 3.292702731166710084e-01 3.749463760314896144e-01 8.019298092740936301e-01 7.382204177714914994e-01 8.677430970224904172e-01 7.746749354460054082e-01 1.689205384632043172e-01 8.004217080150091701e-02 7.341593906566001859e-01 7.397131243899245368e-01
