1.000000000000000000e+00 1.713085053792166024e-01 4.951901242399664449e-01 2.881250467244383384e-01 1.117684552383981372e-01 4.074790827011608996e-01 4.136945906313925780e-01 3.311819270395888193e-01 2.840346146564063368e-01 2.284835707392794679e-01 2.437049032377812396e-01 2.980513773152815293e-01 2.523420012656347189e-01 6.652866036025499863e-01 2.165994299623102137e-01 3.645227937851778233e-01 3.568267231996099520e-01 3.509202873912396492e-01 3.223430682667634550e-01 2.297618125776746401e-01 4.645323286347324276e-01 2.877807016683434638e-01 4.125358285713262574e-01 3.473085217670791591e-01 2.027725402175674096e-01 2.499187463801332554e-01 5.003611885751704236e-01 2.088785919904661836e-01 6.764098675541263539e-01 3.477731702344507014e-01 3.153947288443137431e-01 2.890583028229490870e-01 3.689968470156249625e-01 2.469472369591803607e-01 4.954009062661970386e-01 1.455152818711539786e-01 1.922550702500537001e-01 2.979510784398918810e-01 1.037366942737088377e-01 3.484533635202338164e-01 2.595091090027624170e-01 3.493529154403259840e-01 2.095711630340357234e-01 2.221451311958702046e-01 9.219945297426991593e-02 2.779212295353979401e-01 1.453214197213182346e-01 5.117762052326830791e-01 1.706055765274328007e-01 3.432719645336234637e-01 6.592975007507133334e-02 2.114548248988306622e-01 1.591051428478449936e-01 1.057560886699530911e-01 4.585880629402512842e-01 2.452590097276599601e-01 3.325440248625810002e-01 1.806917786074745402e-01 7.757538952442868951e-02 6.631711219697192239e-02 3.324000010449469356e-01 2.052560794634790964e-01 5.070606115625553301e-01 1.102038505535777452e-01 1.827324288243215300e-01 2.631282831578582448e-01 2.960145688878156878e-01 2.441656915719049581e-01
1.713085053792166024e-01 1.000000000000000000e+00 2.076583940192060496e-01 3.345844248816859379e-01 6.705552657728523769e-02 3.012339118787433212e-01 1.351598215163365424e-01 1.442458693650035539e-01 7.443123264492887414e-02 2.937431322916101428e-01 1.571517597500215468e-01 3.285008291646732137e-01 -6.769132197493969716e-02 1.343073486216261880e-02 9.204839439813509994e-02 1.782737700070365638e-01 2.653642710401322713e-01 -8.803415461667224440e-02 1.557974800662765558e-01 3.271931234310927472e-01 2.885754388081492317e-01 3.293838804780021001e-01 3.529749277241595040e-01 2.676803388772617254e-01 5.276701424632720266e-02 3.120541653958660011e-01 3.025888042673956502e-01 4.076228951352457996e-01 2.188499178350621910e-01 4.023484406220567688e-01 -6.896516522169472696e-02 6.580030163160122125e-02 2.320674099295098880e-01 3.735894431704838703e-01 2.303067269368371528e-01 3.671129208280015099e-01 1.006657533189697779e-01 3.344408438501652592e-01 9.364344600688279119e-02 2.790887859738193644e-01 1.231766348199930111e-01 2.362686258028264819e-01 1.068543898588118074e-01 1.947969522615191906e-01 1.502921189152893744e-01 3.336290127809302675e-01 -4.806503055642774580e-02 1.106842742084297171e-01 1.340413430818740981e-01 2.859125724064797147e-01 2.985530145080385611e-01 -6.642744570440518859e-02 3.124862042431664211e-01 2.455688608587083266e-01 3.159975446612062200e-01 3.264716833012987207e-01 3.757029057661700477e-01 3.009329743118282496e-01 6.854469774544742766e-02 2.041916897785988061e-01 3.248013581539405670e-01 3.674757159665002493e-01 2.411633120630028992e-01 4.344085946881542371e-01 -9.568012546590830281e-02 4.626945461375119723e-02 2.087595918251667904e-01 4.361272952178975593e-01
4.951901242399664449e-01 2.076583940192060496e-01 1.000000000000000000e+00 1.955671046784463463e-01 8.646887751928961086e-02 3.530388901920413769e-01 7.225910920629543543e-01 6.077690378141865635e-01 2.383664218663000822e-01 2.005386221737907038e-01 3.230358404815563134e-01 2.594371124377169990e-01 1.629588010496040851e-01 5.549489751053728881e-01 2.039518210339104631e-01 1.385207386801720342e-01 6.146548619286353876e-01 4.417507308820705081e-01 5.068881873780560765e-01 2.504851878574793078e-01 2.045685626411249125e-01 3.772593858909525366e-01 3.096311927711317136e-01 5.037949512180355249e-01 1.107176144960045905e-01 6.010117142604122220e-01 6.838238466250725622e-01 3.294324067765696529e-01 3.255994484713477521e-01 6.229963162642357943e-01 2.884677223782725064e-01 1.158654103081514508e-01 1.928278971659688201e-01 1.909242794015875433e-01 3.829012560062504678e-01 1.826039507229307302e-01 5.058932790875169117e-01 2.193561040492198466e-01 9.336887589726280967e-02 2.894915586014829012e-01 4.936907876810188167e-01 4.423159944685010059e-01 2.092240110953735854e-01 1.834423909412092879e-01 1.919197192305933664e-01 2.227258686820622335e-01 7.250805354564109073e-02 4.638109990319122522e-01 1.807820268244422768e-01 1.858066579704090726e-01 2.428314342452472241e-01 3.291803258275533550e-01 3.352131895737064382e-01 1.666351574515995138e-01 1.998568563921998553e-01 2.611447899434742315e-01 2.373461503149074114e-01 3.337168214234064734e-01 1.699153494813883392e-02 3.241247603159144175e-01 4.316839846183498919e-01 2.233440559693548044e-01 1.789794151535250288e-01 2.962000905666477557e-01 1.172095204709346639e-01 6.954937050242825103e-02 1.769196377313650426e-01 1.876108679612389640e-01
2.881250467244383384e-01 3.345844248816859379e-01 1.955671046784463463e-01 1.000000000000000000e+00 7.623693482472528038e-02 5.905816736081994645e-01 2.124329810021013953e-01 2.061190234193621407e-01 1.500084936011289172e-01 5.763339374861995434e-01 9.479069150006945443e-02 8.333997956307505062e-01 -4.697238855608337066e-02 7.450141968388296343e-02 1.675463523439108815e-01 3.238730301400317702e-01 1.704460221207262371e-01 -1.080033860437347587e-01 8.377310075132782252e-02 8.386619221765483356e-01 4.221957533550296793e-01 3.121346143877102297e-01 4.119306547131298957e-01 3.600141830931811171e-01 5.248957155777696226e-02 2.599918398531893549e-01 1.871628145297929979e-01 5.944659260906134390e-01 3.406158941120626116e-01 3.214232738415077617e-01 -7.467041269670107728e-02 9.176679417855687637e-02 3.371610685462255175e-01 3.367868742822870964e-01 2.912866159333390992e-01 3.060203833430002462e-01 1.545191351411522862e-01 8.792811594438871836e-01 9.146855366460897308e-02 5.397106031292067119e-01 2.288572906853065247e-01 3.470365905363220205e-01 2.216212141733507612e-01 4.472736798536267044e-01 1.031798266211743503e-01 8.520783193597539773e-01 1.147782219166338172e-02 2.018835868043108439e-01 2.499282487258727981e-01 4.053995530476103837e-01 2.462501496307230586e-01 -5.933426908640357378e-02 2.207317236619217582e-01 7.253850446374517924e-01 4.566418743261295154e-01 3.279805174038745719e-01 4.752223187912683056e-01 3.959545983459072938e-01 4.624133596639471572e-02 1.913058292141726069e-01 2.559384316947420634e-01 5.996296678441150885e-01 3.519054063055346293e-01 3.689012735920714769e-01 -5.322862765620399450e-02 8.413806195440967639e-02 3.094337614178066520e-01 3.971158871995641437e-01
1.117684552383981372e-01 6.705552657728523769e-02 8.646887751928961086e-02 7.623693482472528038e-02 1.000000000000000000e+00 1.280394992219420769e-01 9.414564066128014441e-02 9.982707337379620460e-02 4.271141006821663894e-02 7.543734084745945534e-02 6.347059193637971664e-02 8.133761027854564951e-02 4.733329001149647747e-02 1.270182131510620982e-01 9.412621399770036701e-02 8.812004029817467610e-02 7.052859904091743348e-02 7.116037229842898937e-02 5.868135022067005879e-02 7.156664231450507452e-02 1.124824338886910441e-01 7.556330059451933645e-02 1.025483812655483690e-01 1.000272746373055410e-01 7.020898361702430923e-02 9.765926750373885024e-02 1.320656337745625408e-01 8.693844730224786765e-02 9.396142699830489775e-02 9.678165815964889784e-02 3.880410927259624054e-02 1.396394251254372554e-01 9.386402809663603464e-02 7.255259152873884398e-02 6.646358476146209393e-02 4.579066729933166380e-02 5.601933858850856318e-02 7.472127176651156832e-02 1.752703318609497019e-02 1.208727501081316019e-01 8.545996446268674940e-02 1.202462049541342115e-01 6.432076789058684130e-02 5.370202494202926807e-02 8.476474923451379762e-02 7.459516038021785089e-02 4.686704878797429835e-02 1.098566081620070828e-01 5.372661169355155697e-02 8.178188071855407859e-02 2.914019779480989114e-02 6.521507551685681858e-02 6.203894220637779650e-02 2.866143865788754394e-02 1.144337232535140303e-01 7.197659129601938210e-02 1.082675438223223430e-01 6.775460066072269694e-02 -4.986510412187322022e-03 4.750550798785725670e-02 6.914771443798159445e-02 7.830643151849711603e-02 9.927594892394096815e-02 6.756327558498891050e-02 5.415845542466778822e-02 6.531033129343714883e-02 7.647219118015156913e-02 8.333785911145837055e-02
4.074790827011608996e-01 3.012339118787433212e-01 3.530388901920413769e-01 5.905816736081994645e-01 1.280394992219420769e-01 1.000000000000000000e+00 4.063404546489981506e-01 4.730796207466144709e-01 1.753254155738380171e-01 6.319351530485368684e-01 1.957141209594421283e-01 6.493957482066332609e-01 3.421888719380783428e-02 2.643713687146799218e-01 2.464847547807879624e-01 3.232325991085597816e-01 2.674518111405871923e-01 4.226827270984817586e-02 2.204654684669016262e-01 5.818942513579394848e-01 4.004449114287593203e-01 3.391519225146907845e-01 4.284856680096641446e-01 3.983641646424782579e-01 6.870556815388353944e-02 3.230659432211140381e-01 3.008184322180174064e-01 6.641099228892215489e-01 3.915986059318218859e-01 4.465999709435608533e-01 4.114848255298952928e-02 1.593810788694140224e-01 3.389169485951969429e-01 3.458098399271978263e-01 2.963936898257333863e-01 2.586219339439805864e-01 2.100574641445963064e-01 6.078214432962900649e-01 1.063824283963510087e-01 6.955454206682488705e-01 3.126642195192101403e-01 5.102131011352979417e-01 1.983850206192401822e-01 4.844281416183067179e-01 1.400503719984941275e-01 6.510377827791816729e-01 3.551816412642985754e-02 2.695861937457825763e-01 2.639704300932613212e-01 3.906462592579724169e-01 2.736520624988653672e-01 2.904639745557350758e-02 3.037794823376316899e-01 4.180479069929440294e-01 4.073023141807304848e-01 3.096446210084782269e-01 4.446822883527076220e-01 3.724729380085818886e-01 -2.301640640572233040e-03 1.620819462628559637e-01 2.667755826606184044e-01 6.479600320560036097e-01 3.509821585043826908e-01 3.902527069698996653e-01 -8.368944318412618877e-05 1.161203173806831523e-01 2.869878967209816834e-01 3.848572698742370179e-01
4.136945906313925780e-01 1.351598215163365424e-01 7.225910920629543543e-01 2.124329810021013953e-01 9.414564066128014441e-02 4.063404546489981506e-01 1.000000000000000000e+00 6.423209884037250905e-01 4.261627673454452259e-01 2.553722583127396861e-01 3.125373161320675330e-01 2.811458651479308846e-01 3.161292600319218771e-01 6.505521205791289230e-01 2.821496039554741153e-01 1.089857843972420470e-01 3.392355887320180896e-01 4.050186366774571334e-01 2.380875505342425758e-01 2.767638271272908623e-01 1.517136967186753782e-01 4.623260893822510043e-01 1.826430637815569247e-01 7.082075587452572041e-01 2.980410476670994901e-01 5.564611153403113963e-01 6.129821975806120093e-01 3.652031358474238654e-01 2.245373342921561377e-01 5.095193395453868623e-01 3.866699529299638671e-01 1.573296212448743736e-01 1.730458171030582470e-01 1.312198962032252725e-01 2.287269452091960920e-01 1.366131420587890499e-01 4.975179418486759264e-01 2.712493135815210454e-01 9.393970696055202463e-02 3.413463713935135369e-01 7.009473190983710467e-01 4.516290144914608673e-01 4.231917758463665802e-01 2.248172953868806667e-01 2.071842258755152155e-01 2.615842444745356543e-01 2.570800345621691019e-01 5.302883625672324408e-01 2.626339826975218616e-01 1.443376461273461198e-01 -5.298907663834806839e-03 2.991278409868217691e-01 6.470149449202000635e-02 2.016469725872003793e-01 1.419415611400283994e-01 3.443567736592053619e-01 1.147277234929248019e-01 5.396477493501908862e-01 1.468054381461685320e-01 3.333355729475262486e-01 4.160965953941512252e-01 2.456547056765545078e-01 8.877464243674346167e-02 1.682308828522368072e-01 2.198800476936801085e-01 1.082636513031497300e-01 1.888268559752954157e-01 1.256569325825222516e-01
3.311819270395888193e-01 1.442458693650035539e-01 6.077690378141865635e-01 2.061190234193621407e-01 9.982707337379620460e-02 4.730796207466144709e-01 6.423209884037250905e-01 1.000000000000000000e+00 1.418116648398371482e-01 2.354377737846165553e-01 2.822396552430111449e-01 2.499863015066741689e-01 8.007139517922380600e-02 5.265118360443907797e-01 1.658497368366530500e-01 1.675433740858361109e-01 4.759545427696685316e-01 4.194942205929423906e-01 4.415387916456641193e-01 2.298068255119011249e-01 2.185699710091913162e-01 3.080691682432903367e-01 2.818003225446005788e-01 3.213805628321153574e-01 1.990618619781065607e-02 4.675408061965690143e-01 4.846896337832962143e-01 4.025816401538674372e-01 2.344213177120121061e-01 6.480303220367509276e-01 1.754109557033088906e-01 1.507770794810880943e-01 1.780994136472081324e-01 2.239681943890586835e-01 1.922770631737858449e-01 7.429013458729179231e-02 3.226643247934505299e-01 2.343428749640980580e-01 9.350914439951092672e-02 3.574669347712026157e-01 3.727119936184915550e-01 5.116860948432374601e-01 7.252974554034882781e-02 1.876596541368334981e-01 1.558625824824485528e-01 2.488459396283823066e-01 3.591922973652808548e-02 3.205173110805847880e-01 1.447270325352398301e-01 1.937861761099446412e-01 2.433951965943858819e-01 2.354300284249353781e-01 3.334653899178837699e-01 1.745717117308751565e-01 1.921579741773860317e-01 2.167599640817151618e-01 2.195403005373107175e-01 1.725616212136474037e-01 -1.042507781990015536e-01 1.912169199995627511e-01 2.135728885051337289e-01 3.154217578180349424e-01 1.081600593508628833e-01 3.359837192413114848e-01 3.543906272149299763e-02 3.829827110402081458e-02 1.181016962965037997e-01 1.881830425670452667e-01
2.840346146564063368e-01 7.443123264492887414e-02 2.383664218663000822e-01 1.500084936011289172e-01 4.271141006821663894e-02 1.753254155738380171e-01 4.261627673454452259e-01 1.418116648398371482e-01 1.000000000000000000e+00 1.625645170303400833e-01 1.167607598951835440e-01 1.707752626354150927e-01 3.411919261645538493e-01 3.387874025272560319e-01 2.620967430257938879e-01 1.360975187322947810e-01 -2.576995521386104757e-02 7.048498752450775562e-02 -8.092441955620954808e-02 1.305572888202450321e-01 1.841118486555472500e-01 3.129319704438486283e-01 1.295601176320438919e-01 5.682925923618005193e-01 3.623492273260697782e-01 1.788650419805940250e-01 3.146460044580521864e-01 1.031206364640245010e-01 2.180655984971725525e-01 7.342402197297927258e-02 3.398721916207614324e-01 1.255922104690443408e-01 1.536129210121415789e-01 9.249163492240458639e-02 1.715339201076524489e-01 1.171506091915339026e-01 1.515643542490032747e-01 1.802610233903051973e-01 9.753481641483295606e-02 1.956973924571355217e-01 3.487190297200906675e-01 1.516566723844158804e-01 4.682342265427405503e-01 1.777490281268273020e-01 5.919134634410168350e-02 1.422659861914896129e-01 2.841749462397036297e-01 3.435690403876794918e-01 2.133347416138476060e-01 1.548418629080044739e-01 -1.636539284771352798e-01 3.288646683005293919e-02 -1.239636527293368623e-01 8.341500933454615296e-02 1.847712711469897962e-01 2.573983002299856659e-01 1.005905433972623386e-01 4.318748762045123701e-01 2.858624555222942787e-01 8.799767198925756428e-02 2.802113245707303912e-01 4.745265753413844406e-02 2.121514379529819694e-01 -5.255267752704928519e-02 2.287557829530502684e-01 1.818587676515413809e-01 2.199942872055913323e-01 9.917064176444041756e-02
2.284835707392794679e-01 2.937431322916101428e-01 2.005386221737907038e-01 5.763339374861995434e-01 7.543734084745945534e-02 6.319351530485368684e-01 2.553722583127396861e-01 2.354377737846165553e-01 1.625645170303400833e-01 1.000000000000000000e+00 1.674137933830705804e-01 6.035743182214282632e-01 -6.573499949942145093e-02 4.374339411812969147e-02 1.256551549858374306e-01 2.529422834830549194e-01 1.765063300184025463e-01 -8.387288374632949350e-02 1.025413225382152682e-01 5.818180158968944138e-01 3.412789045055746873e-01 3.206363829399946352e-01 3.657912349094192828e-01 3.429401895178485482e-01 6.747939452518890435e-02 2.864609939208030975e-01 1.784394610011831861e-01 5.932219048899038949e-01 2.548158515367415777e-01 3.378508999287518355e-01 -5.981487728941162901e-02 5.821648242629172409e-02 2.706707056335683759e-01 3.105418804759300100e-01 2.754379059618228820e-01 3.041971057945179191e-01 1.841180761664083509e-01 5.814242905048330190e-01 9.367038860149889956e-02 6.451997580116203279e-01 2.989660414664908061e-01 4.303619758404969020e-01 2.238970112475713869e-01 8.550145176548749060e-01 1.488049705232324937e-01 6.151084828965841522e-01 -1.362508607502419672e-02 2.136361200215970424e-01 2.183141974826091070e-01 3.716446063182396453e-01 2.989176822097605601e-01 -1.271512133560427985e-02 2.817799530221400950e-01 4.281430203508725940e-01 3.606645395756706840e-01 3.234752570135513983e-01 4.435814895013294734e-01 3.721984034468991398e-01 8.125644018832668680e-02 2.437753571516449447e-01 2.854325737726886025e-01 6.194727352644308072e-01 2.714303604631921329e-01 4.130113957790581547e-01 -4.560688453218139649e-02 5.811936629412732536e-02 2.814958943923295820e-01 3.726187135723207922e-01
2.437049032377812396e-01 1.571517597500215468e-01 3.230358404815563134e-01 9.479069150006945443e-02 6.347059193637971664e-02 1.957141209594421283e-01 3.125373161320675330e-01 2.822396552430111449e-01 1.167607598951835440e-01 1.674137933830705804e-01 1.000000000000000000e+00 1.222693969043680690e-01 2.024051221818601587e-01 2.912273563819696154e-01 1.037884849835473133e-01 1.017085730722232934e-01 3.276507035045609362e-01 3.184625929312671633e-01 3.153571466506289167e-01 1.260832093172246926e-01 9.341934420746007828e-02 2.592679442530393952e-01 1.450993927373918635e-01 2.085048613082263746e-01 2.055221476628777688e-01 4.134658407959677096e-01 3.602153172794833047e-01 1.430181969061065372e-01 2.183504739135597728e-01 2.958429168079848570e-01 1.038762133553081113e-01 1.135448000108873062e-01 1.263095401597795486e-01 2.016774509522228365e-01 2.281268920620461438e-01 1.837432938672146632e-01 1.688839754308064101e-01 1.187776753762076060e-01 9.126857932862185441e-02 1.331976604751930471e-01 2.053760442639532280e-01 1.959479461859732485e-01 1.148236923084347966e-01 1.587012980254369487e-01 2.951374631896465650e-01 1.019301177036298078e-01 1.170963449487700536e-01 2.486850605739940878e-01 2.474904644986141225e-02 1.321981029171773181e-01 1.521058107808521964e-01 2.270932279438522272e-01 2.032602044895375770e-01 6.920445486395830625e-02 1.203588610871898085e-01 1.961926042540144410e-01 1.330438706671977223e-01 1.514177072966809701e-01 1.214675762185132013e-01 2.254838939010434251e-01 2.516662766652805749e-01 1.091644439866074623e-01 1.391104613826396330e-01 1.558176203074708721e-01 4.466900858617229436e-02 4.949770827425808289e-02 1.161974581242594118e-01 1.966919373124061954e-01
2.980513773152815293e-01 3.285008291646732137e-01 2.594371124377169990e-01 8.333997956307505062e-01 8.133761027854564951e-02 6.493957482066332609e-01 2.811458651479308846e-01 2.499863015066741689e-01 1.707752626354150927e-01 6.035743182214282632e-01 1.222693969043680690e-01 1.000000000000000000e+00 -2.816757528308874020e-02 9.125666189326182842e-02 2.047844009385486053e-01 2.884113175282834174e-01 1.960858872343120007e-01 -9.966415243303794469e-02 9.942105034849879619e-02 8.365850662824114714e-01 3.729083296021487581e-01 3.229627167181623459e-01 4.013903105175904984e-01 4.084960955500002155e-01 7.129072712567256775e-02 2.761589788569868698e-01 2.123452326282617153e-01 6.430135711931989073e-01 3.228629407576579791e-01 3.511710594059750390e-01 -4.855208571073497265e-02 7.837829276576199766e-02 3.259876512119438408e-01 3.360193475519194228e-01 2.923395516590978627e-01 3.078316677816485547e-01 2.088231801277891098e-01 8.270260782094941421e-01 8.733404078516286695e-02 5.903220527282297958e-01 2.844909167858576393e-01 3.915078470536632604e-01 2.537247868491806502e-01 4.490393243413843272e-01 1.373085356105245569e-01 8.521945617756575553e-01 3.890341734848226651e-02 2.228895727631815260e-01 2.789715019596670231e-01 3.903177742761995694e-01 2.617202490630317069e-01 -2.294458350809754424e-02 2.394096544964927631e-01 7.067692552706432707e-01 4.001232568856842309e-01 3.319497065213515841e-01 4.504831138331160112e-01 4.423028094295147206e-01 5.397315280406032867e-02 2.011641695057420909e-01 2.905492820088706463e-01 6.325731886831760242e-01 3.162216338728790488e-01 3.848487199300442141e-01 -3.926972340342200357e-02 7.553597642627149500e-02 3.043676456620516557e-01 4.031115764600347595e-01
2.523420012656347189e-01 -6.769132197493969716e-02 1.629588010496040851e-01 -4.697238855608337066e-02 4.733329001149647747e-02 3.421888719380783428e-02 3.161292600319218771e-01 8.007139517922380600e-02 3.411919261645538493e-01 -6.573499949942145093e-02 2.024051221818601587e-01 -2.816757528308874020e-02 1.000000000000000000e+00 4.512442741879963970e-01 1.528547211642252712e-01 1.185207330327693181e-01 -5.708050746841217965e-02 2.461469950651402616e-01 -7.002048651807313284e-02 -2.516595160593898886e-02 8.046120450129708168e-02 1.510668596474380454e-01 2.460127686369377453e-02 2.781311076889859124e-01 4.560889215501099381e-01 9.773036516122701745e-02 3.023614491141666250e-01 -1.324148708704559751e-01 1.443584537708692550e-01 -8.819924527707248552e-02 3.946590784485919934e-01 2.037786535459437665e-01 6.996083523455640107e-02 -3.280931337542132564e-02 5.829354371696714165e-02 -1.830685719773327350e-02 5.723208423141996903e-02 -2.074047088259046295e-02 4.621635324971744979e-02 2.438503238692548217e-02 1.975739227951169574e-01 3.150030047340143802e-02 3.180689840226492149e-01 3.089933461284410932e-02 4.869853443334601351e-02 -4.618610352849458756e-02 3.503531962383772402e-01 2.868868266830733038e-01 1.078489838375944337e-01 3.289621478534351939e-02 -3.337586122656582832e-01 1.182347196897060443e-01 -2.495951670021852031e-01 -4.344999750126634502e-02 8.681914970913477692e-02 8.145601194328999650e-02 -3.466344121825661040e-02 1.523017438095186638e-01 2.446661877387007467e-01 -3.205197153761629031e-02 1.709462540420669807e-01 -1.306088196684137837e-01 9.350332291182039679e-02 -2.808462086588465190e-01 3.222593657164880554e-01 1.628371685394629509e-01 9.788831190257396564e-02 -4.500396177981064172e-02
6.652866036025499863e-01 1.343073486216261880e-02 5.549489751053728881e-01 7.450141968388296343e-02 1.270182131510620982e-01 2.643713687146799218e-01 6.505521205791289230e-01 5.265118360443907797e-01 3.387874025272560319e-01 4.374339411812969147e-02 2.912273563819696154e-01 9.125666189326182842e-02 4.512442741879963970e-01 1.000000000000000000e+00 2.063595805410371187e-01 2.214100384793400988e-01 3.499000374662424306e-01 6.357240055659945099e-01 3.011209276967039550e-01 7.161852579324906598e-02 2.737536322132575473e-01 2.992619179537518437e-01 2.427534330647732053e-01 3.444684504205751119e-01 3.567029033668212001e-01 3.540162700070070279e-01 6.468147861386339681e-01 2.061015261410637650e-02 4.369234168549470110e-01 3.263037429496311592e-01 4.792674954138825827e-01 3.370599527424070763e-01 2.113690436497141778e-01 9.197767596613282137e-02 2.808870187964935261e-01 2.942558758285491322e-02 2.622165888422939295e-01 1.049720145584372988e-01 9.601747097144085197e-02 2.025872967981208750e-01 3.861990602208705270e-01 3.501627700541016242e-01 2.490016543695670048e-01 1.017859987573073582e-01 1.030327949093406276e-01 7.105940584384951020e-02 2.640618022237768980e-01 5.783343509970936269e-01 1.295126733433128452e-01 1.610045529766009897e-01 -1.423629343270290670e-01 3.647274391183042974e-01 1.393350653403961810e-02 5.303164077126514345e-03 2.647054502956973643e-01 1.949002401479578150e-01 1.300358317284158460e-01 1.136268275749888340e-01 1.293331164487335483e-01 8.685135174475591691e-02 3.504974326493164316e-01 -1.135221963367313153e-02 2.446691215959493348e-01 -5.784579895973920860e-02 2.975084188547194031e-01 2.324502030827566013e-01 1.857641085972469852e-01 7.000601162422025181e-02
2.165994299623102137e-01 9.204839439813509994e-02 2.039518210339104631e-01 1.675463523439108815e-01 9.412621399770036701e-02 2.464847547807879624e-01 2.821496039554741153e-01 1.658497368366530500e-01 2.620967430257938879e-01 1.256551549858374306e-01 1.037884849835473133e-01 2.047844009385486053e-01 1.528547211642252712e-01 2.063595805410371187e-01 1.000000000000000000e+00 1.585566456734010532e-01 6.158774762750137549e-02 3.576409585624093501e-02 3.818953088014798158e-02 1.529680112495504507e-01 1.843823865516051597e-01 2.069591710320055900e-01 1.728179753723508572e-01 3.304377732136126733e-01 1.808921990797777157e-01 1.541169042005502421e-01 2.225679753568992059e-01 1.721632314005122344e-01 2.139552294739394678e-01 1.296431119940891219e-01 1.136181483348129018e-01 1.161708705952046172e-01 1.816933321561281511e-01 1.581502289031869180e-01 1.709654177477215320e-01 1.111411444211032884e-01 1.589993716438812543e-01 1.841677554963098706e-01 6.203084158277826637e-02 2.032291807767414304e-01 2.538297777521456577e-01 1.797119572371244922e-01 2.578079078980753946e-01 1.010666687386743839e-01 8.806611479655732100e-02 1.952883351367830922e-01 1.613533115726874800e-01 2.204334201050263675e-01 1.989473585436355163e-01 1.664630880267400637e-01 -6.481404196247271543e-03 6.955628391896608032e-02 2.038374122542781219e-02 1.043062908934815625e-01 1.788044166926559542e-01 1.809802228808622127e-01 1.551477529357288832e-01 2.852645896831108585e-01 1.108108043888544059e-01 1.027036945186735883e-01 1.978680146936444006e-01 1.320708796152618714e-01 2.007819988926666799e-01 5.135793068234342784e-02 8.982109859222084380e-02 1.011014071591646024e-01 1.663497452259947162e-01 1.320025762306384076e-01
3.645227937851778233e-01 1.782737700070365638e-01 1.385207386801720342e-01 3.238730301400317702e-01 8.812004029817467610e-02 3.232325991085597816e-01 1.089857843972420470e-01 1.675433740858361109e-01 1.360975187322947810e-01 2.529422834830549194e-01 1.017085730722232934e-01 2.884113175282834174e-01 1.185207330327693181e-01 2.214100384793400988e-01 1.585566456734010532e-01 1.000000000000000000e+00 1.185599158240152884e-01 2.683633469179311920e-02 8.907808540013784082e-02 2.655388152811566371e-01 6.199183276821610411e-01 2.789196567621314293e-01 5.798986728722919093e-01 2.018708284618500604e-01 9.223389374773724447e-02 1.197252810745151885e-01 2.499999408415458646e-01 3.482122721664795972e-01 4.180119625956756346e-01 2.734989461906909280e-01 5.324324849051597502e-02 1.634534779054177822e-01 3.565993015109203412e-01 3.280580693773265111e-01 3.203959083937466534e-01 1.346271227932179793e-01 1.091766295833044437e-01 3.372244879890721192e-01 7.988778008244516726e-02 3.395919782320087621e-01 1.520130787004329020e-01 3.133346325438415847e-01 1.487514929329878666e-01 2.731911089762150135e-01 8.723645038546413988e-02 3.188464918044175422e-01 9.520132170257272763e-02 2.770383463881119779e-01 1.696732502813705357e-01 5.336899770930937370e-01 1.491137120354557588e-01 3.565319832699355429e-02 1.492393261308208319e-01 1.788522777869829272e-01 5.861679417368054201e-01 2.280030347340240848e-01 5.349035275641287335e-01 1.930807631065694085e-01 1.406577484081807453e-02 9.059446208203972284e-02 2.569267899934749022e-01 3.692446203435263974e-01 4.605980521461378041e-01 2.626210408426871701e-01 5.670136360358161987e-02 1.434857637871227998e-01 2.980804979699468449e-01 3.269302995411788593e-01
3.568267231996099520e-01 2.653642710401322713e-01 6.146548619286353876e-01 1.704460221207262371e-01 7.052859904091743348e-02 2.674518111405871923e-01 3.392355887320180896e-01 4.759545427696685316e-01 -2.576995521386104757e-02 1.765063300184025463e-01 3.276507035045609362e-01 1.960858872343120007e-01 -5.708050746841217965e-02 3.499000374662424306e-01 6.158774762750137549e-02 1.185599158240152884e-01 1.000000000000000000e+00 4.241270083098499510e-01 7.385457234507671886e-01 1.911784392668879340e-01 2.080117970782091041e-01 2.610327927717615015e-01 3.543865227233704007e-01 1.390555318729068124e-01 -7.367996109944074945e-02 5.191685066627036438e-01 5.657296016405710670e-01 2.389681554494883509e-01 2.912563494577413148e-01 6.448086968691404408e-01 4.762252279301019964e-02 8.280814924234211616e-02 1.748420716070072101e-01 3.217639268265167773e-01 3.509102693281993535e-01 2.488147065399756164e-01 2.818652720035858539e-01 1.713711667478934331e-01 5.596926328944769324e-02 1.901474413926168561e-01 1.420366195876165416e-01 3.292541635683235435e-01 -7.994383228898351013e-02 1.483511049075343646e-01 1.943705861876794394e-01 1.734516152330179417e-01 -1.314924298176016193e-01 2.573789407377489735e-01 5.551215921479746296e-02 2.141483658297118620e-01 4.637806898468063155e-01 3.326196599108368068e-01 5.844294848269613318e-01 1.438443703805966090e-01 1.960899465733436098e-01 2.113058027563689545e-01 2.846252089368361271e-01 3.193206447179182395e-02 -1.005834406666228920e-01 2.300080228592317200e-01 3.423389960875743987e-01 1.803516662001544701e-01 1.538515451246572352e-01 4.041456524627221047e-01 -5.840873781725332281e-02 -2.350519744556232860e-02 1.296721928296131199e-01 2.908530306802002974e-01
3.509202873912396492e-01 -8.803415461667224440e-02 4.417507308820705081e-01 -1.080033860437347587e-01 7.116037229842898937e-02 4.226827270984817586e-02 4.050186366774571334e-01 4.194942205929423906e-01 7.048498752450775562e-02 -8.387288374632949350e-02 3.184625929312671633e-01 -9.966415243303794469e-02 2.461469950651402616e-01 6.357240055659945099e-01 3.576409585624093501e-02 2.683633469179311920e-02 4.241270083098499510e-01 1.000000000000000000e+00 4.638358944779401583e-01 -8.937370781108236462e-02 2.054200240236619956e-02 1.093638642091968316e-01 1.807152506881608278e-02 1.500789913393409808e-02 1.429120966771754708e-01 2.916242662867387647e-01 4.479373620950126700e-01 -1.599520513323283710e-01 1.652713349953925659e-01 2.288973234114387578e-01 3.240036595206932657e-01 2.120559945566296567e-01 1.853591090795408437e-03 -1.678214266133111129e-02 1.166466156184780417e-01 -6.249121030428743395e-02 1.807440371229559195e-01 -9.202115312732619956e-02 4.295383660119522773e-02 -2.485848214989293259e-02 1.571038523708565560e-01 1.606105130734726272e-01 -2.460942870305878397e-02 4.004787519168375061e-03 1.305034924070959390e-01 -1.187543626344897130e-01 1.082506494546640052e-01 3.293011502757169362e-01 -5.675991528332879205e-03 -3.578564901323069702e-02 -3.329167772191390928e-02 4.936984389398059170e-01 1.197859899950944607e-01 -9.598601983678822780e-02 2.533018078912218501e-03 5.009786514520574163e-03 -7.301413259312300452e-02 -1.797171345141881926e-01 -1.190742548397832196e-04 5.154020227410958249e-02 1.364521288624809259e-01 -1.796723278519828937e-01 -1.606229544628709569e-04 -1.117320170007840285e-01 1.940146705927724979e-01 7.205065361919131550e-02 1.982872536183312093e-02 -6.271420190652605975e-02
3.223430682667634550e-01 1.557974800662765558e-01 5.068881873780560765e-01 8.377310075132782252e-02 5.868135022067005879e-02 2.204654684669016262e-01 2.380875505342425758e-01 4.415387916456641193e-01 -8.092441955620954808e-02 1.025413225382152682e-01 3.153571466506289167e-01 9.942105034849879619e-02 -7.002048651807313284e-02 3.011209276967039550e-01 3.818953088014798158e-02 8.907808540013784082e-02 7.385457234507671886e-01 4.638358944779401583e-01 1.000000000000000000e+00 7.996283139084277292e-02 1.118006128767597834e-01 1.325804108923964719e-01 2.485921385951762597e-01 2.094273816147124503e-02 -1.181180274832223931e-01 3.568854893451804955e-01 4.123029538571998942e-01 1.529840369162084601e-01 2.886290252345100060e-01 5.212503998962632057e-01 6.928409971771207210e-02 9.415230046400359376e-02 1.271347193647217877e-01 2.584661384568830989e-01 3.184552612937812111e-01 1.495446427146307489e-01 1.552993926197476782e-01 7.758918345716275811e-02 3.172876887118757094e-02 1.382465642313471244e-01 3.186141106992783356e-02 2.508878954789425242e-01 -1.516779760568754409e-01 8.385226960574519717e-02 1.574793769450713032e-01 8.621885264572690111e-02 -1.095872596178794484e-01 1.744643210546242273e-01 1.542651073292077360e-02 1.295461012377587262e-01 4.177768993724302882e-01 3.447762247769141086e-01 5.729802472840509475e-01 5.096094179578616878e-02 1.003050613151564990e-01 7.367108083141660213e-02 1.677139789899466105e-01 -1.099740240409865649e-01 -1.546253510722761793e-01 7.778837570075719521e-02 1.639277900016820888e-01 1.009798521535150984e-01 1.354054569041208134e-01 2.593212119056350629e-01 -5.267615117087506849e-02 -9.387666978736648390e-03 5.672007266120222824e-02 1.972576458731272186e-01
2.297618125776746401e-01 3.271931234310927472e-01 2.504851878574793078e-01 8.386619221765483356e-01 7.156664231450507452e-02 5.818942513579394848e-01 2.767638271272908623e-01 2.298068255119011249e-01 1.305572888202450321e-01 5.818180158968944138e-01 1.260832093172246926e-01 8.365850662824114714e-01 -2.516595160593898886e-02 7.161852579324906598e-02 1.529680112495504507e-01 2.655388152811566371e-01 1.911784392668879340e-01 -8.937370781108236462e-02 7.996283139084277292e-02 1.000000000000000000e+00 3.395870003233857348e-01 3.112220255040848427e-01 3.806667734494550981e-01 3.759007946439572589e-01 7.001300547358807469e-02 2.978404068707037333e-01 2.133525339468161086e-01 6.045515202791974518e-01 2.698796222475594586e-01 3.436818431418748321e-01 -7.106689622432924014e-02 7.390495495529393610e-02 2.958506334431233453e-01 3.076788027937451542e-01 2.648663634024993607e-01 3.150921645731457055e-01 2.397703526335257240e-01 8.323028275965005385e-01 6.962457564188652415e-02 5.263025568154919842e-01 2.946249151895505292e-01 3.578411174806845341e-01 2.316897175945610288e-01 4.438289741729515292e-01 1.448644505561547946e-01 8.426055535932495122e-01 2.572587770491543968e-02 2.097601047363080173e-01 2.460839289117658923e-01 3.566126475758618630e-01 2.673838155689778895e-01 -1.031600245101381430e-02 2.222836514837556177e-01 7.781299444670062293e-01 3.763619443299141554e-01 3.219214812591975616e-01 4.428684628815551250e-01 4.275057433474453994e-01 5.536431094534198516e-02 2.476655038848990797e-01 3.054063767509088145e-01 6.054457563159720834e-01 2.612163148910548460e-01 3.849975374160020669e-01 -4.356078180061702387e-02 4.807343378286318969e-02 2.845311336393687163e-01 3.790685663262399197e-01
4.645323286347324276e-01 2.885754388081492317e-01 2.045685626411249125e-01 4.221957533550296793e-01 1.124824338886910441e-01 4.004449114287593203e-01 1.517136967186753782e-01 2.185699710091913162e-01 1.841118486555472500e-01 3.412789045055746873e-01 9.341934420746007828e-02 3.729083296021487581e-01 8.046120450129708168e-02 2.737536322132575473e-01 1.843823865516051597e-01 6.199183276821610411e-01 2.080117970782091041e-01 2.054200240236619956e-02 1.118006128767597834e-01 3.395870003233857348e-01 1.000000000000000000e+00 3.292854423275246023e-01 8.292220298578946158e-01 2.374603068393070227e-01 6.546923228487214197e-02 1.700646425428194719e-01 3.600990969492194882e-01 4.591240428581329081e-01 5.801318108221199532e-01 4.270430208809420369e-01 5.172068239554906965e-02 1.804545594280201892e-01 5.257030086165973559e-01 4.718509773788321371e-01 4.119848014643923140e-01 2.020118269902303476e-01 1.441339221399504100e-01 4.325131892404661116e-01 1.005590320852033925e-01 4.323832142093958497e-01 1.878900753123984857e-01 4.181002173941703592e-01 1.741805580181639834e-01 3.387744641558357306e-01 7.576558214379712497e-02 4.033329073298315692e-01 7.995599905719448508e-02 3.415621959251774475e-01 2.184337324457400475e-01 6.239092611055792048e-01 2.198826470171221237e-01 4.039110773097413787e-02 1.905595162249555663e-01 2.133683897988308265e-01 8.755268121428654293e-01 3.622706820450243281e-01 7.470644091552637311e-01 2.270796150837859906e-01 -8.508655381552373415e-03 1.385287919430808479e-01 3.653395516755263972e-01 4.683686360686457051e-01 6.059811180008513043e-01 4.073123184272149921e-01 3.053986609855528778e-02 1.815802378698263830e-01 4.362143329888900078e-01 4.881033555592891870e-01
2.877807016683434638e-01 3.293838804780021001e-01 3.772593858909525366e-01 3.121346143877102297e-01 7.556330059451933645e-02 3.391519225146907845e-01 4.623260893822510043e-01 3.080691682432903367e-01 3.129319704438486283e-01 3.206363829399946352e-01 2.592679442530393952e-01 3.229627167181623459e-01 1.510668596474380454e-01 2.992619179537518437e-01 2.069591710320055900e-01 2.789196567621314293e-01 2.610327927717615015e-01 1.093638642091968316e-01 1.325804108923964719e-01 3.112220255040848427e-01 3.292854423275246023e-01 1.000000000000000000e+00 3.369658144917937470e-01 5.170056011873470636e-01 2.460281546782492335e-01 4.675278565216040572e-01 4.673455567145662348e-01 3.638527053745226336e-01 3.164992796800906172e-01 4.358294840286945915e-01 1.411635995486572315e-01 1.141817927181175835e-01 2.811656894511770366e-01 3.087028634010378081e-01 3.338278239642778478e-01 3.155912091179375323e-01 2.563907227648004605e-01 3.351209182860542812e-01 1.292299746239484737e-01 3.210602696406237855e-01 3.839335989834140594e-01 3.426415621032440351e-01 3.478778471834679253e-01 2.871587987052358071e-01 2.194118626506768865e-01 3.173788365468358519e-01 1.454702166690620690e-01 3.550803823470689013e-01 1.883620866709072306e-01 3.300559477028783828e-01 1.581888608491683335e-01 8.967311427016178005e-02 1.974654717001215476e-01 2.008142786806272062e-01 3.478120608827142690e-01 4.576226528785902747e-01 3.303841765580610157e-01 4.850583678501032558e-01 1.967621838168707171e-01 3.262280112155140355e-01 4.148393884026104206e-01 3.105794953160823102e-01 3.231294340776092455e-01 3.593240294881217545e-01 4.269557322211448014e-02 1.009377423735684925e-01 3.170019125622496325e-01 3.805975321681501766e-01
4.125358285713262574e-01 3.529749277241595040e-01 3.096311927711317136e-01 4.119306547131298957e-01 1.025483812655483690e-01 4.284856680096641446e-01 1.826430637815569247e-01 2.818003225446005788e-01 1.295601176320438919e-01 3.657912349094192828e-01 1.450993927373918635e-01 4.013903105175904984e-01 2.460127686369377453e-02 2.427534330647732053e-01 1.728179753723508572e-01 5.798986728722919093e-01 3.543865227233704007e-01 1.807152506881608278e-02 2.485921385951762597e-01 3.806667734494550981e-01 8.292220298578946158e-01 3.369658144917937470e-01 1.000000000000000000e+00 2.389080826395313106e-01 3.627638129097372766e-02 2.632877890784394714e-01 4.489424419316789816e-01 5.344968866383725814e-01 5.428035962254837976e-01 5.615488516567169741e-01 1.384430487837320575e-02 1.388623507223921694e-01 4.903640836125345848e-01 5.061653854920736828e-01 4.269944391960893704e-01 2.754082224033790327e-01 2.155309599138194587e-01 4.231277075107200414e-01 1.110019198601679691e-01 4.710047139315853837e-01 2.145691004661938184e-01 4.762300144890412867e-01 1.231478055766569157e-01 3.392745628541696257e-01 1.251260011794375626e-01 4.249660419151046198e-01 3.998582910060095863e-02 3.257405919741946931e-01 2.240590780175853447e-01 6.411777612635741752e-01 3.663531431356780721e-01 6.000300906806326634e-02 3.358606244055469814e-01 2.698537762975009580e-01 7.711299353471599005e-01 3.685020523955861993e-01 8.205008073823322201e-01 2.525835434722022432e-01 -3.692342254985667843e-02 1.904724050345378283e-01 4.607912375237249725e-01 5.448448456018536445e-01 5.724668855008283597e-01 5.245532167106459198e-01 -1.384925723906678743e-02 1.264057542203830264e-01 3.978641344867647200e-01 5.287671978664466588e-01
