1.000000000000000000e+00 -1.079716072252630277e-02 6.341786155247879364e-01 7.167672937674098022e-02 8.993721467844292480e-03 1.467319336707978428e-01 5.930297770320482886e-01 2.875093601106412100e-01 3.702349068255722520e-01 1.401723646104348353e-01 1.040519315395916494e-01 1.252273317753856419e-01 3.004549662538529287e-01 7.420004403421618377e-01 4.955004229542991911e-02 1.026086217768425873e-01 5.078221629064774145e-01 5.320921079031561973e-01 4.626558946027391483e-01 9.320731717232390301e-02 1.980857673549516473e-01 1.682704178284437080e-01 1.629141128002271621e-01 3.613599370467703853e-01 1.808942124754863712e-01 2.417448641259024589e-01 5.245096641661871617e-01 3.804257598095039938e-02 2.580103564772943114e-01 1.613752396041815418e-01 2.259669341199000425e-01 6.744873960502101307e-02 9.703922201309718443e-02 -2.907713153040050041e-02 3.826402670643612169e-01 -3.949590798303491412e-02 9.558567117417486603e-02 3.764080739565456302e-02 -3.130361834868369136e-02 1.749868558940660124e-01 2.923167612529162240e-01 5.230638201618177663e-02 2.386660786455243599e-01 1.119404863861229171e-01 7.089661788045908963e-02 1.012150551056135717e-01 1.832100160258774979e-01 4.169883690265914211e-01 9.116611933469900841e-02 9.836917932203179116e-02 -1.356680791917473372e-01 2.450313719803255130e-01 2.144410397950628766e-02 3.141219321530686059e-02 2.397633777274534306e-01 3.208897950181541919e-02 7.957907286382978618e-02 1.991638906566764455e-01 1.041906983459923997e-01 -5.218511791854088533e-02 1.173308039412025716e-01 2.289515825302479435e-02 3.283341976845138288e-01 -1.177058678486659349e-01 1.366494123749115719e-01 1.124334799930489792e-01 1.043974756676072646e-01 2.384501784737604047e-02
-1.079716072252630277e-02 1.000000000000000000e+00 5.450335762010945218e-02 3.059065718035712811e-01 -1.616715806242761261e-03 2.024800406652176865e-01 -6.732720437218821241e-02 3.869641779277048499e-02 -1.626433930286143303e-03 1.848827348102546897e-01 1.485856758991310755e-01 2.351085798296188856e-01 -5.474855547655177457e-02 -9.910658567530922225e-02 4.754426919821690134e-02 3.003764260013382370e-01 1.770180462681590905e-01 -1.644054242770249807e-01 1.066513027294567206e-01 3.544293818395032880e-01 2.979189945302391784e-01 3.562725486392178675e-01 4.040193656870610939e-01 1.322400393825509668e-01 9.992179018753170883e-02 2.488960495802185757e-01 1.719385299142673074e-01 3.153116419592387754e-01 3.476993533363985645e-01 3.275182656420829175e-01 -1.277798354327205621e-01 -3.346471929841046689e-02 2.235396335943429791e-01 3.877478113862051767e-01 2.027554769613237884e-01 4.183624537655004083e-01 5.396471895492566118e-02 2.926651255441321542e-01 6.318079112827562280e-03 1.853480948385046734e-01 1.658030062976122848e-02 1.857282932884564419e-01 3.842692892388627213e-02 1.895965857095877061e-01 1.481211184402352055e-01 3.092475958850086082e-01 -6.395263782121762830e-02 -8.493966402850573749e-02 3.320420795869617747e-02 2.772903658528771964e-01 3.994152742081013008e-01 -2.131856939768767001e-01 2.326666459681983601e-01 3.597682490750977458e-01 2.040708990713759330e-01 2.910952108470332700e-01 3.244019985446418008e-01 1.830967948593170136e-01 1.391870434622792252e-01 1.849533555515185390e-01 3.045471266296020940e-01 2.036020496885635467e-01 1.871981033222951396e-01 3.104631042535116459e-01 -1.344324359887537068e-01 -7.266806092296811126e-02 1.110784474399597738e-01 3.278977313887378453e-01
6.341786155247879364e-01 5.450335762010945218e-02 1.000000000000000000e+00 1.607205180691243240e-01 4.709181145538746116e-02 2.603667846290860788e-01 8.026895366077178018e-01 5.299621887357018890e-01 3.443319770249272938e-01 2.126207746953419631e-01 1.022410744101973773e-01 2.106455070044033762e-01 2.213497668389139694e-01 6.390795730236563665e-01 1.488857003351408137e-01 2.002082576012031434e-01 4.386070164434634489e-01 3.541626044893022018e-01 2.852635273155339490e-01 1.575116089327767976e-01 3.224482216267824386e-01 2.866927574926835254e-01 3.927285187920268594e-01 5.137115471202700068e-01 1.742748163507380488e-01 6.534963971117951909e-01 6.734001164096965475e-01 3.919676410575408387e-01 2.984921489711948039e-01 4.278024500021546661e-01 1.552191457153147824e-01 -4.290618194020975190e-02 1.463661577958309257e-01 9.020611793034645498e-02 2.596104318251100107e-01 1.278418155399214662e-01 3.933182709897696805e-01 9.099645199222558545e-02 -2.842816731830299232e-02 2.774599541675953907e-01 5.036306394346665716e-01 2.444864545440757486e-01 2.819100374793108710e-01 1.371204308505062641e-01 1.764560539804918282e-01 1.892612810819081504e-01 1.896627910363324343e-01 4.360312510805871566e-01 1.512995974743359950e-01 1.601966289070778648e-01 -1.541624919162666585e-01 2.434246601320727843e-01 -5.475268158114945938e-02 4.739490562641412996e-02 3.131357181266483103e-01 1.584185972892060423e-01 2.025252687088094916e-01 4.123421987155250212e-01 1.270262732391481131e-01 2.067215433214427966e-01 2.712810149706010310e-01 2.959681160731369998e-01 2.532887710502659817e-01 4.544147681730860422e-02 4.084475697534556415e-02 2.367581778953029015e-02 1.030482500002524449e-01 1.327924527586964443e-01
7.167672937674098022e-02 3.059065718035712811e-01 1.607205180691243240e-01 1.000000000000000000e+00 -8.197635103817987184e-03 3.412951568020673454e-01 1.009925379198968187e-01 6.325350469800389286e-02 1.518467482470961250e-01 4.417526216679856232e-01 3.822180608312530231e-02 7.189151487532641216e-01 -6.417850914937513196e-02 -5.943297083913245266e-02 1.100140904613462339e-01 2.997211216759387842e-01 1.372010402892342995e-01 -1.960390788724861721e-01 5.030942097767728688e-02 9.728326738293244791e-01 2.406931765595975714e-01 4.269962364557727819e-01 3.503215015428510770e-01 3.977239020790370727e-01 8.933995453891691030e-02 3.111811271362935338e-01 1.713236267092032861e-01 5.320494203084336071e-01 4.077124139708543926e-01 2.398634386813485175e-01 -1.264315880397354208e-01 -3.687425044334576713e-02 1.973473620076856561e-01 2.614219934820282698e-01 2.520184659739104216e-01 4.177544901524737897e-01 1.937478782205076522e-01 1.231509649403592421e+00 -6.753656901866332551e-02 2.906329318582397958e-01 2.064364857931803299e-01 1.885853001383498984e-01 1.737843508262796322e-01 3.629054243899323406e-01 1.649843000557057182e-01 7.969138737859526866e-01 2.417188293818144096e-03 1.515954453693793558e-02 7.008116126421164160e-02 2.528000128355326614e-01 2.974246540510971926e-01 -7.995939421981307360e-02 1.988877359339040196e-01 7.787659176274004391e-01 1.295564206557828779e-01 3.131491449563076346e-01 3.065005651710255852e-01 4.497774566969631738e-01 1.030922227618987497e-01 3.155063382386489312e-01 3.432991008673936806e-01 4.153156081428929780e-01 2.354357698838238921e-01 2.362365027913354565e-01 -1.399258785909365255e-01 -7.785063322638482997e-02 7.160283577788624509e-02 2.554782609068378951e-01
8.993721467844292480e-03 -1.616715806242761261e-03 4.709181145538746116e-02 -8.197635103817987184e-03 1.000000000000000000e+00 9.420207129146643266e-02 7.148295604558879690e-02 1.095416340552142626e-01 1.750771692519193651e-02 5.331864393696920251e-02 6.110439477987058415e-03 3.034442781999677208e-02 8.035515436315442128e-02 6.951561539593636985e-02 9.449980456535053697e-02 3.641026126587459943e-02 4.540617570309088413e-02 -2.885360398012265862e-02 2.943227046278217365e-02 3.768777247774149353e-03 8.659156518535648939e-02 3.461291056164889773e-02 9.046338850014626343e-02 3.913477131553692867e-02 1.788797150651945389e-02 4.759134711090698411e-02 6.963216041636856313e-02 9.272568101380568306e-02 1.810297909571384825e-02 5.472331834189713556e-02 4.574959681234831710e-02 9.466998377956012400e-02 7.958315977043583719e-03 4.247580983925703518e-02 -1.696776701095454795e-02 -1.477434403012949614e-02 3.445411080420256178e-03 -7.352456786705766772e-03 2.005005366358533769e-02 8.012823313716892215e-02 1.938603525414797635e-02 8.250264369251236740e-02 3.028148956212778700e-02 5.472602419828188902e-02 -1.410394637630515112e-02 3.581164657009711354e-03 5.714579517495804728e-02 4.480104550374396088e-02 8.064076054770857871e-02 9.022882171606448967e-03 -6.817708507761377490e-02 1.926217819778715951e-02 -1.104351896044544756e-02 -2.020746596321162242e-02 8.092293069928424565e-02 -2.722766409484352404e-02 4.887193243997504238e-02 2.164087904710111296e-02 -1.665742612862972788e-02 -4.651838594221892331e-02 -1.826653400671111871e-03 8.551035633029030469e-02 2.353105588348629665e-02 9.227498541969206269e-03 4.385401042843618813e-02 1.529357892938050523e-02 2.552110356761158952e-02 1.429125426495582180e-03
1.467319336707978428e-01 2.024800406652176865e-01 2.603667846290860788e-01 3.412951568020673454e-01 9.420207129146643266e-02 1.000000000000000000e+00 1.725795589899837001e-01 3.513618397961982276e-01 3.340618125120269066e-02 8.038190795013678835e-01 7.582167589734029045e-02 6.339502461553911949e-01 -1.403003235755931159e-02 7.738064543028415343e-02 1.472415798336804693e-01 2.867979381440257658e-01 3.462337947334232502e-01 -1.671648060017368737e-02 1.637170871360590363e-01 3.857526724524317219e-01 3.774531401449121581e-01 2.331305386839221949e-01 5.617717795843110151e-01 1.193807211733346751e-01 6.625330417284885920e-04 1.619636182642971156e-01 1.982476581524198478e-01 5.647288317025846993e-01 4.839246942801959106e-01 3.161372026864570084e-01 -9.556040360310501247e-02 -2.826530385794321157e-02 2.137564414032271376e-01 2.421734948520775088e-01 3.098698046558389096e-01 2.624915575347526175e-01 1.793049923108791799e-01 3.297796700557109051e-01 -6.797130331260053948e-02 8.735639583807792707e-01 1.604165306805631908e-01 4.088876777656168526e-01 8.336897750188237977e-02 7.559719696000621880e-01 1.697466829433537661e-01 6.510828288603276448e-01 -3.601951296479350556e-02 3.639087135647144783e-02 2.040610685059605078e-01 3.424029494987867461e-01 2.556146680052643894e-01 -7.286284281474181279e-02 1.457887683839791948e-01 4.149329768318908429e-01 3.753161305782466428e-01 1.207455552748687433e-01 5.880612549798558408e-01 1.781191401262664509e-01 -2.251561246960614646e-02 7.665463075975602336e-02 2.006423819389813457e-01 5.240193184042991614e-01 3.453666235515150396e-01 3.257698753014692805e-01 -4.303084783960094140e-02 -2.223435791900373049e-02 1.022918510034402928e-01 2.433379524338712407e-01
5.930297770320482886e-01 -6.732720437218821241e-02 8.026895366077178018e-01 1.009925379198968187e-01 7.148295604558879690e-02 1.725795589899837001e-01 1.000000000000000000e+00 3.978680955452175150e-01 7.572481742677573680e-01 1.285752076103174324e-01 -2.013426939288790601e-02 1.893676982092759586e-01 5.426410163611428139e-01 1.026028668021018664e+00 2.582097780893759520e-01 7.634157234357487332e-02 1.517682365594317517e-01 3.076743096922243681e-01 8.532412050432724993e-02 4.988521405091934924e-02 2.318807547150942283e-01 2.828334884383307268e-01 1.467862641401351531e-01 9.028000986804709527e-01 3.739684957798486975e-01 3.897410735002589943e-01 8.047327007402840238e-01 1.883872821002130771e-01 1.953733711730248901e-01 7.365940939906698293e-02 4.045652640652697141e-01 9.340982402120109884e-02 1.057467284839749277e-01 -1.161842191885521514e-01 2.458511459806184407e-01 -5.140661796876279388e-02 3.705189098760689470e-01 2.355574409426731963e-02 1.557077927065037351e-02 2.425977813369531166e-01 7.676750139546357765e-01 1.227586476987233138e-01 6.134363958898654268e-01 5.764185690730992684e-02 9.115311015217025803e-02 1.470420377133146994e-01 5.348173627228918203e-01 7.377931495656606664e-01 3.149157479373904112e-01 5.451325110253854578e-02 -4.029556060404625439e-01 3.865259741347749634e-01 -1.255643883809699490e-01 -6.626701460080611228e-02 2.572868783685198224e-01 1.642044174934829126e-01 -8.490157717336174747e-03 6.818539125047885507e-01 2.192906682341538849e-01 1.166528258752642377e-01 3.586257698902517443e-01 1.433783722010154305e-01 3.420329829879775740e-01 -2.271439783329534667e-01 2.577529570076523280e-01 1.178512844987843894e-01 1.205875223662441070e-01 1.509786631413987529e-02
2.875093601106412100e-01 3.869641779277048499e-02 5.299621887357018890e-01 6.325350469800389286e-02 1.095416340552142626e-01 3.513618397961982276e-01 3.978680955452175150e-01 1.000000000000000000e+00 9.744989230493664167e-02 3.260342165236049805e-01 1.038288481563426763e-01 1.197669833795064198e-01 7.732727110187695430e-02 3.925076184062986639e-01 9.327356512932266641e-02 2.064223983541197127e-01 3.476390147828097854e-01 2.450002674668068925e-01 2.438870902631764814e-01 6.075012312216754307e-02 3.741132927792537588e-01 1.569699389181588856e-01 4.552714643303549802e-01 1.375075145479263405e-01 3.968522920178019220e-03 3.769871511183991997e-01 2.902439673291986599e-01 5.487837112819784480e-01 2.560933625995488461e-01 5.464601108091140524e-01 4.246627978164117800e-02 -3.659561218435226915e-03 1.656288856038184154e-01 1.423135184698423872e-01 1.664690849348292589e-01 1.137030728137057578e-01 3.110195810553654239e-01 6.510515694529162012e-02 -1.621987593357608962e-02 3.941433548782542484e-01 3.359080547020619756e-01 5.235706550385423874e-01 6.537357852071702669e-02 2.905801849243301316e-01 1.927509012283206702e-01 1.698188325164818879e-01 2.200990274888373066e-02 3.346852153047583656e-01 1.664408595735007157e-01 2.013675618962229019e-01 -6.810961860741966689e-02 2.462706965127298697e-01 7.932308825629202920e-02 2.877198153995563085e-02 4.125985469744405387e-01 4.221158140970964617e-02 3.739833154933746018e-01 1.409326303624637011e-01 -6.372052251379127508e-02 1.640842740028106150e-01 7.467623614956972466e-02 5.646456718695400667e-01 2.205604877366008632e-01 3.170482151567053375e-01 -3.959492574306973725e-03 3.221296196631864145e-02 8.785159223508501314e-02 1.511764579171689382e-01
3.702349068255722520e-01 -1.626433930286143303e-03 3.443319770249272938e-01 1.518467482470961250e-01 1.750771692519193651e-02 3.340618125120269066e-02 7.572481742677573680e-01 9.744989230493664167e-02 1.000000000000000000e+00 2.594808622920747460e-02 1.594485680702483615e-03 2.075591706887334742e-01 5.068205153386563522e-01 5.985989991744764538e-01 2.521382167582239542e-01 5.695635434449127649e-02 -2.296902330752931959e-03 1.192289075626697947e-01 2.071325495825971849e-02 1.185640683098408282e-01 1.356941223328627100e-01 3.142989932673900810e-01 -4.415176850682475673e-04 8.244462509911255621e-01 4.504570249994172548e-01 1.938086719491988186e-01 6.279271189869733982e-01 -3.709455768503742978e-02 1.283096850413037726e-01 -1.738138404717984309e-01 3.969993694734197387e-01 1.226751872525803505e-01 6.561726214660752732e-02 -1.129246914336273500e-01 1.519754699439739287e-01 -3.734986538580264970e-02 1.028177288364062608e-01 5.349835078234405072e-02 2.700928220730606372e-02 6.763084139356148605e-02 3.944681656681450765e-01 -7.238582364874387998e-02 6.395455649223158456e-01 -1.758994097723994357e-02 4.944832725334520618e-02 1.263687924321930944e-01 5.463745521536833571e-01 4.475987199579755105e-01 2.418579451754668541e-01 1.221385458422647938e-02 -3.187670993706948064e-01 1.950668957063717013e-01 -1.109553799244027972e-01 1.869290266834629233e-02 1.585923915753913449e-01 2.410600967801300731e-01 -1.502135489346750064e-01 5.529752690710942886e-01 3.238216698111005543e-01 5.162651375223754890e-02 3.363367219947112075e-01 -8.331570892328148126e-02 2.987138130278906289e-01 -3.357518065413552244e-01 2.632717759648693368e-01 6.267885248891949534e-02 1.200345798182144846e-01 -4.393302560793260758e-03
1.401723646104348353e-01 1.848827348102546897e-01 2.126207746953419631e-01 4.417526216679856232e-01 5.331864393696920251e-02 8.038190795013678835e-01 1.285752076103174324e-01 3.260342165236049805e-01 2.594808622920747460e-02 1.000000000000000000e+00 -1.116458800858638814e-02 4.958033870186456804e-01 -6.659680963275674270e-02 3.160418756262389772e-02 6.032904876435376401e-02 3.148520666495886466e-01 2.885843734890175538e-01 -1.760772405365175833e-02 1.051689498236438869e-01 4.261124938853055877e-01 3.834234111369633213e-01 2.642071720463298190e-01 5.461591378684755860e-01 1.138628871764257450e-01 -3.640202067173017864e-02 1.570314834590985364e-01 1.476924307779273193e-01 5.909867253402276699e-01 4.236583813195507475e-01 3.084078271248961167e-01 -1.263400533463757136e-01 -2.043866438170702585e-02 1.433779464638052781e-01 2.191292876714722726e-01 3.058726995568273876e-01 2.946544735339265420e-01 2.194967366158442901e-01 4.690568049418980534e-01 -1.102193744107895085e-01 8.765992129108470809e-01 1.958931291513137385e-01 4.267180412130263667e-01 4.957972643988316219e-02 1.536965927336556792e+00 1.633577956690948907e-01 6.613201007125184550e-01 -3.503783126285137106e-02 3.408700567186059155e-02 8.822043775191190651e-02 3.540448359146205481e-01 2.532704919540395561e-01 -2.821106580066187058e-02 1.293489328624763401e-01 4.499317579390845756e-01 3.727369378063140060e-01 1.086397490190345871e-01 6.144196077889093610e-01 1.780187976125572891e-01 -4.118236534889294781e-02 1.494807126355175986e-01 2.038942021450614317e-01 5.691232987847064662e-01 2.271734035497437465e-01 3.566911471929770650e-01 -8.324466053197307480e-02 -1.225527692238751604e-02 2.763831043626340661e-02 2.256830977050552633e-01
1.040519315395916494e-01 1.485856758991310755e-01 1.022410744101973773e-01 3.822180608312530231e-02 6.110439477987058415e-03 7.582167589734029045e-02 -2.013426939288790601e-02 1.038288481563426763e-01 1.594485680702483615e-03 -1.116458800858638814e-02 1.000000000000000000e+00 5.938369718854408924e-02 1.323044176589714405e-01 3.272992441493247084e-02 3.424465844578572504e-02 1.154892695381599527e-01 2.616229992556800554e-01 1.323893221952732457e-01 3.398152800173082078e-01 9.538628589231319677e-02 6.791436645704720942e-02 1.414701928116623708e-01 1.113394573768646117e-01 1.854150057457779055e-02 1.306598329210545417e-01 2.285485138331616040e-01 1.663605841382030937e-01 3.576217631559241994e-02 1.393158541656168703e-01 1.804758983636834402e-01 3.334047146706281550e-02 4.498608600332268392e-02 9.803485263204736455e-02 2.398856164772993349e-01 4.589212309369517656e-02 1.299371552133931906e-01 -4.028340662850022486e-02 -1.214930050147718793e-03 3.380373296440820907e-02 1.960412675097931295e-02 -6.514309393631029232e-02 2.426629502278256079e-02 -3.598107029394623929e-02 -1.472804723598370932e-02 1.690286759668517824e-01 1.757416411966562092e-02 1.390088562628217367e-02 -5.363144922755582605e-02 1.943927290366995880e-03 9.147427716447713297e-02 1.327058901869356544e-01 3.638932223234143948e-03 2.222852877321845610e-01 8.126418567435580997e-02 6.706543932303038469e-02 1.246101522394250510e-01 7.200964632905593188e-02 -1.886246390625519187e-03 1.019349631314974691e-01 4.763878792260020645e-02 9.790237948022567638e-02 -5.061182191250809467e-03 7.347008686573483494e-02 8.270451019288474481e-02 -9.237680808793710674e-03 -1.511058643366928154e-02 5.280503936522155939e-02 1.460646279037341178e-01
1.252273317753856419e-01 2.351085798296188856e-01 2.106455070044033762e-01 7.189151487532641216e-01 3.034442781999677208e-02 6.339502461553911949e-01 1.893676982092759586e-01 1.197669833795064198e-01 2.075591706887334742e-01 4.958033870186456804e-01 5.938369718854408924e-02 1.000000000000000000e+00 5.574277358038159935e-02 7.435557283837271325e-02 1.737475248898978086e-01 2.722693146251052299e-01 2.303360192511862969e-01 -1.188559550147929300e-01 6.662226156867705196e-02 8.088089907790104727e-01 3.412298083678049210e-01 3.204693436680358110e-01 3.887592282956177092e-01 3.329811688618915522e-01 1.102120926561171721e-01 1.961336307011627700e-01 2.525036968654619796e-01 4.352297825958267863e-01 4.351944919333038397e-01 1.700455580480607076e-01 -4.781364352075474777e-02 6.105750668633780354e-04 2.205791643414110048e-01 2.255489984591367847e-01 2.586745915624729109e-01 2.507147850173155335e-01 1.537036316295581906e-01 6.351147094318723152e-01 -3.386843051941569593e-02 4.505631006991180909e-01 1.875140785848215530e-01 1.662304511248825223e-01 2.334606541810615443e-01 4.198774213464165905e-01 1.183124443509368240e-01 1.007169792413375342e+00 5.815158257908991518e-02 6.067733556916152238e-02 2.065375429251225525e-01 2.701498642428799557e-01 1.770753678400407150e-01 -6.549927529714791308e-02 1.180732514945470463e-01 7.172546285264864707e-01 3.136681751651325123e-01 2.201169648996450512e-01 3.451892455508333013e-01 3.624616473957887330e-01 6.489999248058295200e-02 1.452708043369393964e-01 2.725701825719123450e-01 3.523524455935288513e-01 3.564048564408274222e-01 1.646985636521694218e-01 -2.446325937695732061e-02 -3.825411661201142538e-02 1.393333255774369672e-01 2.362685679747495437e-01
3.004549662538529287e-01 -5.474855547655177457e-02 2.213497668389139694e-01 -6.417850914937513196e-02 8.035515436315442128e-02 -1.403003235755931159e-02 5.426410163611428139e-01 7.732727110187695430e-02 5.068205153386563522e-01 -6.659680963275674270e-02 1.323044176589714405e-01 5.574277358038159935e-02 1.000000000000000000e+00 5.369450863175428967e-01 1.323836330522091265e-01 6.643483472035621035e-03 4.565272103387516683e-02 2.719097619385765219e-01 1.267294488538825425e-01 -4.214113779051509301e-02 1.013370365828702990e-01 1.417607070452425733e-01 -3.273812770873361921e-02 3.992328794748694620e-01 3.944412134154794414e-01 3.321235414170058131e-02 4.970643750140396611e-01 -1.788510690766997313e-01 3.622938169166763089e-02 -2.166195703739185463e-01 3.996809438251197610e-01 1.343719886231458105e-01 5.165346969451339865e-02 -8.352551808736553840e-02 3.968078801756741436e-02 -1.518860863218682855e-01 -7.494137336922683523e-02 -1.450216287550245287e-01 8.334135835479282439e-02 1.868442506344413293e-02 1.536938135941546268e-01 -1.331460480080282061e-01 3.919246686473721319e-01 -7.280020591997558854e-02 -3.087559608351811771e-03 -3.888161280653226748e-02 5.033621300755292127e-01 2.772123845133506181e-01 1.775535604642421439e-01 1.360644579241773733e-02 -3.782101664796281293e-01 1.787544767098384890e-01 -1.571321335320357004e-01 -1.256158711583243159e-01 1.509833363968749176e-01 7.215748890123756254e-02 -1.327561859467672745e-01 2.062480940129968743e-01 2.295298571717991898e-01 -1.783164087059316838e-01 1.115584038315386162e-01 -1.779960156065224508e-01 2.271776318180111220e-01 -3.510020101065989828e-01 3.155059642257578290e-01 9.932904422057761695e-02 1.212579438355023964e-01 -6.180671540005719389e-02
7.420004403421618377e-01 -9.910658567530922225e-02 6.390795730236563665e-01 -5.943297083913245266e-02 6.951561539593636985e-02 7.738064543028415343e-02 1.026028668021018664e+00 3.925076184062986639e-01 5.985989991744764538e-01 3.160418756262389772e-02 3.272992441493247084e-02 7.435557283837271325e-02 5.369450863175428967e-01 1.000000000000000000e+00 1.488945207581329200e-01 3.346471237795967113e-03 2.425439207775299810e-01 5.334480069372724564e-01 2.456551628815646926e-01 -3.712289334560427145e-02 1.801797928856521680e-01 1.761353852614252202e-01 5.445106230109937606e-02 5.466234488741448239e-01 3.363715211929989568e-01 2.366323170159936595e-01 7.089111689480800393e-01 -1.339716641686064524e-02 1.443934006414801519e-01 5.734501244949578858e-02 4.648248620257103836e-01 1.306833967052614953e-01 1.112675438842422870e-01 -1.416126231964722759e-01 2.395865640060363677e-01 -1.610233538044341661e-01 1.355690740770412184e-01 -1.248536647098925922e-01 1.208403682975643309e-02 1.199114426836219299e-01 4.722567635096081018e-01 4.570547154705378867e-02 4.465241225288499316e-01 -7.037767333476913079e-03 5.421913132075316388e-02 5.949994598706265236e-03 4.528145324550846840e-01 7.007433264510701809e-01 2.019669708363155125e-01 9.914026123959571168e-03 -4.062529602893695246e-01 3.854846207961943882e-01 -7.385131385192625353e-02 -1.497321512487453654e-01 2.225593780945803735e-01 7.846437967730386653e-02 -8.161240718792797666e-02 3.544771305544998086e-01 1.729059715799938224e-01 -7.854085111562120192e-02 1.908345785134037687e-01 -8.348699618976218595e-03 3.000825168212686300e-01 -2.408406710516110272e-01 2.933167093989149654e-01 1.417370820296690592e-01 1.043283310020435006e-01 -5.852584198813454153e-02
4.955004229542991911e-02 4.754426919821690134e-02 1.488857003351408137e-01 1.100140904613462339e-01 9.449980456535053697e-02 1.472415798336804693e-01 2.582097780893759520e-01 9.327356512932266641e-02 2.521382167582239542e-01 6.032904876435376401e-02 3.424465844578572504e-02 1.737475248898978086e-01 1.323836330522091265e-01 1.488945207581329200e-01 1.000000000000000000e+00 4.379255313946306405e-02 1.758338098591037679e-02 -6.060795309052626617e-02 -8.657631902181113503e-03 9.005238314056918103e-02 1.021152898388472119e-01 1.055392567446873653e-01 9.896643349657290034e-02 2.456387703397150957e-01 1.370217244145627844e-01 1.105218846058949045e-01 1.933031619999918127e-01 1.433628916850708812e-01 7.893883283957456309e-02 2.186711423646105906e-02 5.419219494839124657e-02 2.805652196056834455e-02 3.115037299122854625e-02 -1.254117571738752601e-03 1.159821631589899246e-02 3.717647936070460346e-02 9.964214959166575736e-02 7.766862960625751933e-02 1.532238531284291910e-02 1.208842554420396509e-01 1.661520815292908959e-01 6.273570184898150104e-02 1.724550787115176342e-01 2.835143132923633597e-02 4.605598922021444941e-02 1.583567507267329977e-01 1.585324173814307014e-01 8.985764379318497697e-02 1.842148191078470387e-01 6.444914343410841628e-02 -6.275630156529439507e-02 4.146740008059113941e-02 -5.665485202054714592e-03 5.218733577768527171e-02 9.249164024747094648e-02 8.822855229614726125e-02 2.701968665389114024e-02 2.321997114158922126e-01 7.743786332726028399e-02 4.262687877858179625e-02 1.328319140834106904e-01 1.232364810101612418e-01 1.218830859129605010e-01 -4.241987267677462675e-02 7.695006618398325671e-02 2.946329702659068045e-02 3.177615056109172470e-02 4.636492959849040224e-02
1.026086217768425873e-01 3.003764260013382370e-01 2.002082576012031434e-01 2.997211216759387842e-01 3.641026126587459943e-02 2.867979381440257658e-01 7.634157234357487332e-02 2.064223983541197127e-01 5.695635434449127649e-02 3.148520666495886466e-01 1.154892695381599527e-01 2.722693146251052299e-01 6.643483472035621035e-03 3.346471237795967113e-03 4.379255313946306405e-02 1.000000000000000000e+00 2.239698586474212494e-01 -3.862779756820255289e-02 1.614213173971001669e-01 3.233394725182393570e-01 6.306471915209350687e-01 4.151581775217092485e-01 6.345697544716253358e-01 2.075193557204402517e-01 3.483286784243836559e-02 2.489890438511440374e-01 2.368045750993610921e-01 4.569856316394447782e-01 4.249206318430416296e-01 3.884770128492136543e-01 -6.855790264328008587e-02 -7.506886622682344690e-02 2.399267762782714419e-01 3.552591449112264543e-01 2.778391655066161370e-01 3.169923954012739964e-01 7.017519714532254038e-02 2.760685429109273059e-01 -2.969276060450442775e-02 2.980680398195426628e-01 8.190684314117127607e-02 2.538386168123197839e-01 7.097837953582911141e-02 2.924430611859348828e-01 1.412623948442546518e-01 3.264336580037218716e-01 -9.675688045965285394e-03 1.440776674438207228e-02 7.257497548593200287e-02 5.628139265762854837e-01 2.297830200718520566e-01 -1.022304574961432205e-01 2.175164516355887756e-01 2.989589300582726761e-01 5.542025119481452933e-01 2.467748204537221768e-01 5.404261035331131557e-01 2.184731800585353878e-01 5.984373616056642975e-02 1.264118173539892087e-01 2.307835330795183770e-01 3.596128367687374539e-01 3.240350139647084626e-01 3.177332903012546339e-01 -7.518540908083576335e-02 -4.037951809968074596e-02 1.181128137078903684e-01 3.538657091551405953e-01
5.078221629064774145e-01 1.770180462681590905e-01 4.386070164434634489e-01 1.372010402892342995e-01 4.540617570309088413e-02 3.462337947334232502e-01 1.517682365594317517e-01 3.476390147828097854e-01 -2.296902330752931959e-03 2.885843734890175538e-01 2.616229992556800554e-01 2.303360192511862969e-01 4.565272103387516683e-02 2.425439207775299810e-01 1.758338098591037679e-02 2.239698586474212494e-01 1.000000000000000000e+00 3.367173407873631508e-01 7.200649075729219639e-01 1.962201691663301995e-01 2.762768640263328912e-01 1.549922845500601998e-01 4.402985762078238663e-01 3.342501325511980370e-02 2.537755566790395739e-02 2.905737073049957098e-01 3.283237755603617414e-01 2.828602390801021604e-01 3.780620568894583755e-01 4.030415776840880482e-01 -4.281631780559643115e-03 3.380713613037839710e-02 1.400606288665272314e-01 2.656688583805076886e-01 2.623444690121320977e-01 1.943369761551448360e-01 -3.047390562261797532e-03 1.228860056661568861e-01 -3.282399115785718247e-02 3.312484885329483042e-01 -1.516523782496187120e-02 1.963964270730176598e-01 -4.500293286703863083e-02 2.966183619925031323e-01 1.416739148540427096e-01 2.111065010368652906e-01 -9.388245954804527726e-02 -2.261105005537163148e-02 6.650562288493935825e-02 2.572345897073526344e-01 1.897847155444171707e-01 -3.332187187152906710e-02 1.810384410707062131e-01 1.670530033362655487e-01 3.019407316838335631e-01 3.305042529668084095e-02 3.791843996892679813e-01 -1.053286055289568042e-02 -3.821350990848167151e-02 -8.702172205132122085e-02 3.953321673376940931e-02 2.656780371062179569e-01 2.723203588922583629e-01 2.039449343505343459e-01 -4.033763955997760053e-02 3.061570406491551793e-02 9.869853285771579277e-02 1.989611629392833703e-01
5.320921079031561973e-01 -1.644054242770249807e-01 3.541626044893022018e-01 -1.960390788724861721e-01 -2.885360398012265862e-02 -1.671648060017368737e-02 3.076743096922243681e-01 2.450002674668068925e-01 1.192289075626697947e-01 -1.760772405365175833e-02 1.323893221952732457e-01 -1.188559550147929300e-01 2.719097619385765219e-01 5.334480069372724564e-01 -6.060795309052626617e-02 -3.862779756820255289e-02 3.367173407873631508e-01 1.000000000000000000e+00 4.576792744205694374e-01 -1.667541365907360684e-01 1.205829996729786135e-02 -8.173025046484670708e-02 -1.568845024377007319e-02 -6.867285080655430307e-02 5.417518716573231641e-02 6.346453647466543391e-02 2.496223490223646868e-01 -1.395051652110476104e-01 -2.810494010169060225e-02 4.088837973708091961e-02 1.804111759840869578e-01 6.435070492530606256e-02 9.810760773873401092e-03 -1.012383993120279380e-01 1.217132724958911449e-01 -2.097359211385487199e-01 -7.849167493356917769e-02 -2.175685718007498437e-01 2.259800146146966407e-02 6.109371914419772093e-02 2.760451710035136466e-02 -7.876770929779057517e-03 -2.065108758219185575e-02 1.579021338563021699e-03 -1.058136896028926202e-02 -1.215889150860364198e-01 9.083783356927611907e-02 2.669411202946325723e-01 5.375890810790737856e-03 -3.434677697268052887e-02 -2.589807479353145592e-01 3.516894716260102749e-01 -2.436771865554820948e-02 -1.766880973691580814e-01 7.818475668066474094e-02 -1.410862991926096488e-01 -5.059161181085235909e-02 -2.086066249828102404e-01 -3.292961128550074557e-02 -2.229504783408821078e-01 -1.379399627254613570e-01 -1.056828362487100964e-01 9.230911339658572079e-02 -1.298632366231667334e-01 1.251339777145225596e-01 8.155281278212778151e-02 5.373968196344156012e-02 -1.005178555864327528e-01
4.626558946027391483e-01 1.066513027294567206e-01 2.852635273155339490e-01 5.030942097767728688e-02 2.943227046278217365e-02 1.637170871360590363e-01 8.532412050432724993e-02 2.438870902631764814e-01 2.071325495825971849e-02 1.051689498236438869e-01 3.398152800173082078e-01 6.662226156867705196e-02 1.267294488538825425e-01 2.456551628815646926e-01 -8.657631902181113503e-03 1.614213173971001669e-01 7.200649075729219639e-01 4.576792744205694374e-01 1.000000000000000000e+00 1.254127423773072070e-01 1.754689271510058157e-01 1.071121612607378454e-01 2.351324559147505155e-01 -6.204651290341207936e-02 6.632531813660670628e-03 1.318111699668382542e-01 2.175731796601172996e-01 1.081905984273282689e-01 2.456784962822241569e-01 2.567710136711294222e-01 3.398499193730102758e-02 4.733767452387468988e-02 7.904519119645153635e-02 2.083655401652745598e-01 1.738647264765429690e-01 5.889930656366430817e-02 -1.536206741323138392e-01 2.392043386800561666e-02 7.148410905849867346e-03 1.416448721015820811e-01 -1.382197997707540205e-01 6.402887517694430541e-02 -6.505225256383725951e-02 1.376037649110007088e-01 9.486673042011146972e-02 3.979217928892533895e-02 -4.086064556115820423e-02 -4.250059026447891575e-02 1.421064171206731785e-02 2.047681172563623475e-01 1.154975571278480939e-01 4.841354330750109736e-02 2.633854631834843807e-01 6.415912158612492588e-02 1.968388347023652674e-01 -4.803643807960666055e-03 2.187892338162567285e-01 -1.463515399807885919e-01 -4.702309343632933569e-02 -2.010874334785485440e-01 -9.239788185714405133e-02 1.089221679465696008e-01 2.020894166374118117e-01 9.718408893603738830e-02 4.459473960389871705e-02 5.846431632468474665e-02 5.647595043366449019e-02 1.347301772680245535e-01
9.320731717232390301e-02 3.544293818395032880e-01 1.575116089327767976e-01 9.728326738293244791e-01 3.768777247774149353e-03 3.857526724524317219e-01 4.988521405091934924e-02 6.075012312216754307e-02 1.185640683098408282e-01 4.261124938853055877e-01 9.538628589231319677e-02 8.088089907790104727e-01 -4.214113779051509301e-02 -3.712289334560427145e-02 9.005238314056918103e-02 3.233394725182393570e-01 1.962201691663301995e-01 -1.667541365907360684e-01 1.254127423773072070e-01 1.000000000000000000e+00 3.007717954875047672e-01 4.406020388247351427e-01 3.756736533333221439e-01 3.149069701563235180e-01 1.197092121668601461e-01 2.785710792637612898e-01 1.649965106703689122e-01 4.571028022880095354e-01 4.524549637948482861e-01 2.834819376601543373e-01 -1.307315027516842698e-01 -4.411740317734936384e-02 2.427008386834648423e-01 3.287402096355537817e-01 2.926864805482531917e-01 4.004576402247176370e-01 1.589832037228047501e-01 8.715397233205939287e-01 -3.079200690351551611e-02 2.847956735742496193e-01 1.591307867171833090e-01 1.891421543320737642e-01 1.571051957483112493e-01 3.401911806872978117e-01 2.016030926945460988e-01 7.818013088934285815e-01 1.099615955519955487e-02 1.439397188000972327e-02 7.383664932776011491e-02 2.732587924488931730e-01 3.421810021530681256e-01 -9.681493771220246736e-02 2.562459875418888755e-01 9.165090581110724166e-01 1.981809818011902591e-01 3.002654492523280094e-01 3.382786059163705450e-01 3.501746814104266248e-01 1.242181140079806900e-01 2.616469887892328150e-01 3.210283800119765329e-01 3.218508156063588643e-01 2.904567527425756523e-01 2.813925557735755811e-01 -1.456553756602879668e-01 -9.157350155995223895e-02 9.678156399276877098e-02 3.137104548307041441e-01
1.980857673549516473e-01 2.979189945302391784e-01 3.224482216267824386e-01 2.406931765595975714e-01 8.659156518535648939e-02 3.774531401449121581e-01 2.318807547150942283e-01 3.741132927792537588e-01 1.356941223328627100e-01 3.834234111369633213e-01 6.791436645704720942e-02 3.412298083678049210e-01 1.013370365828702990e-01 1.801797928856521680e-01 1.021152898388472119e-01 6.306471915209350687e-01 2.762768640263328912e-01 1.205829996729786135e-02 1.754689271510058157e-01 3.007717954875047672e-01 1.000000000000000000e+00 4.077803821960903630e-01 1.002411139065617185e+00 2.461500143019702824e-01 6.532707748875839215e-02 2.592023695997907606e-01 3.806823152017558831e-01 5.959670604516791315e-01 5.812737567356823787e-01 4.776825371628852790e-01 4.414408282243884735e-02 -6.716781121336073967e-02 3.403182901112825620e-01 3.953631721812333466e-01 3.099485836186965382e-01 3.039100220519984075e-01 5.679398589910842482e-02 2.055276744318785265e-01 -5.127815684066661800e-02 3.893432056067790970e-01 1.123164670601260184e-01 2.981901901089092366e-01 1.328613329836452750e-01 3.636211798064678535e-01 1.060778429983348925e-01 3.824263667216698526e-01 6.771620508626888246e-02 1.067864352959825847e-01 1.348987595475043544e-01 6.267121960568597938e-01 8.285357867161502465e-02 -6.977716782546783403e-02 8.710484393048370522e-02 2.567755922634372134e-01 1.131589323928567481e+00 2.321767239371534675e-01 6.525390128993815431e-01 2.472121559003402913e-01 6.395766396411257937e-02 3.162725771009614051e-02 2.209382944063668086e-01 4.582695101658626480e-01 5.019715173189043256e-01 3.202333156253120428e-01 -4.092243764693064695e-02 -3.091566025248541558e-02 2.478908245080009842e-01 3.810326408003208432e-01
1.682704178284437080e-01 3.562725486392178675e-01 2.866927574926835254e-01 4.269962364557727819e-01 3.461291056164889773e-02 2.331305386839221949e-01 2.828334884383307268e-01 1.569699389181588856e-01 3.142989932673900810e-01 2.642071720463298190e-01 1.414701928116623708e-01 3.204693436680358110e-01 1.417607070452425733e-01 1.761353852614252202e-01 1.055392567446873653e-01 4.151581775217092485e-01 1.549922845500601998e-01 -8.173025046484670708e-02 1.071121612607378454e-01 4.406020388247351427e-01 4.077803821960903630e-01 1.000000000000000000e+00 4.222457883301953263e-01 5.876748129162073786e-01 3.264328251283666327e-01 4.356390188943400910e-01 4.487609603766745670e-01 3.822571006017977946e-01 4.245568083143948512e-01 3.694601892347866290e-01 4.053832656230602766e-02 -2.431446865326477441e-02 2.455104772596509166e-01 3.527707672308634246e-01 3.131396559693773174e-01 4.517249165963723168e-01 1.709990712498010434e-01 3.938194130202351539e-01 -2.927247152304976105e-02 2.350771900415163651e-01 2.926832298100976448e-01 2.244763641468068838e-01 2.962978474050331212e-01 2.383582393655164777e-01 2.555288496939340792e-01 3.727329424805725377e-01 1.855545058735874053e-01 1.865743497268048112e-01 7.539021766578203609e-02 3.361896978277670867e-01 2.222286155556137399e-01 -8.436434698241276897e-02 2.228822324480077000e-01 3.644475057924919659e-01 3.255924543340870669e-01 5.629569744050298974e-01 3.056035839101534091e-01 5.333527755831464212e-01 3.232408538838438261e-01 3.131986611231927231e-01 5.377023761101970001e-01 2.484239921296350073e-01 2.937363263605731745e-01 2.515765091995529890e-01 -5.009820131667486881e-02 -3.371332307729388994e-02 1.385831276627792485e-01 3.625105073222334440e-01
1.629141128002271621e-01 4.040193656870610939e-01 3.927285187920268594e-01 3.503215015428510770e-01 9.046338850014626343e-02 5.617717795843110151e-01 1.467862641401351531e-01 4.552714643303549802e-01 -4.415176850682475673e-04 5.461591378684755860e-01 1.113394573768646117e-01 3.887592282956177092e-01 -3.273812770873361921e-02 5.445106230109937606e-02 9.896643349657290034e-02 6.345697544716253358e-01 4.402985762078238663e-01 -1.568845024377007319e-02 2.351324559147505155e-01 3.756736533333221439e-01 1.002411139065617185e+00 4.222457883301953263e-01 1.000000000000000000e+00 1.612104443798314524e-01 -1.348979372317703554e-02 4.020832396637434303e-01 3.484223829978422282e-01 8.703933879135359319e-01 6.271782114755392046e-01 7.270802959295941115e-01 -1.089040845907183058e-01 -9.752330233602501952e-02 3.172769026934161296e-01 4.804372420332371774e-01 3.207050803262281313e-01 4.695882450395165719e-01 1.762743772820026533e-01 3.337831588448738618e-01 -8.144585205031865116e-02 5.625455684800733103e-01 1.286417771030889945e-01 4.962888537562484270e-01 1.447429513846169857e-02 5.254812334390315254e-01 1.748547011384490313e-01 5.025244444308187841e-01 -5.917857877398897265e-02 2.170703709585726504e-03 1.175684717412116970e-01 6.466415067313252552e-01 2.892442089232314384e-01 -1.481090247665034221e-01 1.778833144638559127e-01 3.647431053511677734e-01 8.251973135362913325e-01 2.241781142068292598e-01 9.937882940733694381e-01 2.262302582567757847e-01 1.134361457634922715e-02 1.590105324941401554e-01 2.987916547220279551e-01 7.133395186419777545e-01 4.087287932285617598e-01 5.608924164005208990e-01 -1.150299858949361959e-01 -7.111233581520468028e-02 1.658789349985179407e-01 4.251842700428906108e-01
