1.000000000000000000e+00,2.184201943723756978e-01,4.049685515447172257e-01,3.823811856337951953e-01,2.875632611099136760e-02,2.117835809356722332e-01,3.033718057211899355e-01,4.168132768078932626e-01,9.788383500039396501e-02,3.393069409248460899e-01,1.754602356806516661e-01,3.846151908607389758e-01,1.293716100899572168e-02,1.922358141067128379e-01,8.553201962134632241e-03,3.453905553451636079e-01,5.136459075916941508e-01,9.947200022011161435e-02,5.081984281600051556e-01,3.795305832649536470e-01,4.465595713317945248e-01,2.888937982363433687e-01,5.406129157769922200e-01,2.688215723790678413e-01,-2.882754779162644693e-02,3.535049894267252579e-01,3.100153947636699603e-01,4.403865870942709204e-01,6.126645101663791282e-01,4.956441606397177235e-01,-5.051322041588539313e-02,-3.106698789142205500e-02,2.170290419253496916e-01,3.964646157412576866e-01,5.755204164294138725e-01,2.696495320280765107e-01,3.096423478191928091e-01,3.433990216777629834e-01,-3.693136448736863281e-02,1.619305021681505807e-01,3.033208405293162935e-01,3.121620692727653523e-01,1.449738089119801121e-01,2.896423626586354105e-01,1.647435825445539570e-01,3.369536153135097578e-01,-6.631019553004789679e-02,1.801455721979633162e-01,-1.862014444802204474e-02,3.727733289676324335e-01,3.962519812251948936e-01,5.095090392050055650e-02,3.702672929412678116e-01,3.801909945686843817e-01,4.550487540350631188e-01,3.436177653003485433e-01,5.266174830949531538e-01,2.941976803796775841e-01,-5.375098466686269866e-02,3.071083313382753088e-01,3.171129341195279006e-01,4.260283229997055554e-01,4.886956928622419039e-01,4.278105177677061222e-01,6.447993569411505921e-02,-1.196993733730108804e-02,1.777472552714425558e-01,3.615884529052751373e-01
2.184201943723756978e-01,1.000000000000000000e+00,1.107280193615296227e-01,3.341440387973267923e-01,-3.848707773024112599e-02,1.519331580413580962e-01,5.894261025418037064e-02,1.360819819907417294e-01,3.110224270981440733e-02,2.056943536192409605e-01,6.002710712605927729e-02,3.180925257886227930e-01,-1.359551207010057938e-01,-1.178504517373692856e-01,-2.470714051513301594e-03,1.988248500644785866e-01,2.717593996703942527e-01,-1.590119593049135471e-01,1.608289304481177184e-01,2.871070923759106996e-01,3.179213154768076310e-01,2.555718098019886253e-01,3.983566563264600568e-01,1.582409365626596121e-01,-2.148057062744985948e-03,2.785976475060964463e-01,1.925395454239140491e-01,4.183420461321046280e-01,1.713253382361322186e-01,3.577828579539266141e-01,-1.088076097286265198e-01,-4.975949763773285239e-02,1.201504771849332548e-01,4.098004407784998637e-01,1.974764616975588638e-01,3.929342105370223215e-01,8.118258172880780943e-02,3.211914832678474108e-01,-3.702621161996823285e-02,1.502312775169903913e-01,9.877467638556026996e-02,1.662941683625533407e-01,9.317029850755267906e-02,2.013745022815792429e-01,4.042881732462924593e-02,2.796563693220990854e-01,-1.879390181205353449e-01,-5.475860154399407598e-02,-7.113194178347707897e-02,2.473725335274653270e-01,3.748600994951267196e-01,-1.448157797151541637e-01,1.656477503033542409e-01,3.088747894374279102e-01,2.970252091134255035e-01,3.308245885068086811e-01,3.950365046557065551e-01,2.046984960932753395e-01,1.919205683588377440e-02,2.338709068721066264e-01,2.554957030631814785e-01,3.852176042104072384e-01,1.085890641612368146e-01,4.339480357564222679e-01,-8.028612912636301502e-02,-4.462922856336243305e-02,1.879066723643033066e-01,4.058408062094583935e-01
4.049685515447172257e-01,1.107280193615296227e-01,1.000000000000000000e+00,3.482546605406797724e-01,1.206046066336894373e-01,3.678774240984105104e-01,8.489563772904868966e-01,5.110885649356120553e-01,4.850446230658926883e-01,3.477698308255269821e-01,4.322857060347157776e-01,3.833471067884164918e-01,2.880307518703663083e-01,6.597832469746647277e-01,3.057920987496454690e-01,2.726921066005382754e-01,6.517045332109022704e-01,5.318794018322902106e-01,5.309356937903173534e-01,4.152268452226784978e-01,4.355855388889052771e-01,3.145278232079398717e-01,4.752405276237909870e-01,6.917527701581592803e-01,2.345491776225181457e-01,8.187488671877297675e-01,7.818280981896504889e-01,3.742284401601845834e-01,4.690256407869553001e-01,5.780891903085610961e-01,2.405628962102963619e-01,1.047655390560264799e-01,2.120641461121979543e-01,2.120871983003261851e-01,3.626138190280891460e-01,1.839610231250971839e-01,6.824356222766606583e-01,2.905890414684249023e-01,1.875022935005487418e-02,2.723790985488467320e-01,7.096908135193824574e-01,3.598311495808704241e-01,4.183680114865669375e-01,3.121528935763002721e-01,3.832986449799011819e-01,3.288850249751038568e-01,2.209742363971952672e-01,6.443592755632127078e-01,2.369878051116057760e-01,3.325332364251616935e-01,2.426850396836935098e-01,4.477158929696414269e-01,2.709051758687084366e-01,3.854876540126544460e-01,4.841886953401922655e-01,4.029207670181465528e-01,4.404454348261275798e-01,5.537996768650419455e-01,9.368326517361758032e-02,5.804035602063144506e-01,6.385918805570776069e-01,3.637343927066353788e-01,2.184704682507672968e-01,3.203565908718418731e-01,2.418705643326889698e-01,8.955658383330797681e-03,1.549575429092833467e-01,1.857688773481248057e-01
3.823811856337951953e-01,3.341440387973267923e-01,3.482546605406797724e-01,1.000000000000000000e+00,4.273521841009044614e-02,4.087565179636778456e-01,3.603543740163487330e-01,3.247692555582051277e-01,2.214361593113460813e-01,6.131303699086974035e-01,1.368871959195948618e-01,8.572599881173087466e-01,1.527443457842529587e-03,7.205747492027690659e-02,9.269293481305543314e-02,3.824029718545289835e-01,4.285818456881766436e-01,1.485084567721422534e-02,2.906824747867359782e-01,8.585741957077983599e-01,5.094980410429134077e-01,3.707863846700351074e-01,5.914505663347615627e-01,4.565740366189237065e-01,1.043075551831063909e-02,4.567010461181688075e-01,3.302313665574463930e-01,6.667455094521242964e-01,4.113478831667277125e-01,4.456600688113840913e-01,-3.199875990074606963e-02,-1.426946190590867424e-03,2.200210414763589806e-01,4.415669058413210224e-01,4.040628781428601268e-01,3.472523307852449226e-01,3.763927582649697623e-01,8.546248206252692325e-01,1.212785845970315926e-02,3.610651094450527121e-01,4.238893263718104265e-01,3.210326411349018194e-01,2.956317977960920551e-01,5.693595482506523808e-01,2.487578416572835682e-01,8.301594361998277938e-01,-5.725161854466416511e-02,2.400001205157803741e-01,2.284092185649187062e-02,4.396198254090392665e-01,4.279812895961459529e-01,2.187649003860814290e-02,2.746476533941329956e-01,8.659168173893818654e-01,5.095063402073267689e-01,4.886671053180831059e-01,6.054980695868322771e-01,5.139686192711734325e-01,-2.084852794897703102e-03,4.656463586393538301e-01,4.298485536961095255e-01,6.664680598212285867e-01,2.297009271705907074e-01,5.360632035858050592e-01,-4.613531156162899854e-02,-6.471623182805155694e-03,1.500845064840864995e-01,4.626885722316983474e-01
2.875632611099136760e-02,-3.848707773024112599e-02,1.206046066336894373e-01,4.273521841009044614e-02,1.000000000000000000e+00,2.080784990369878018e-01,1.700259860562952641e-01,1.847180246661078717e-01,1.510712036221943666e-01,1.069686649769071018e-01,1.442080526782757444e-01,9.087099553779814931e-02,1.643561060177690658e-01,1.893080794375533449e-01,1.381788905011049895e-01,6.817160066440298982e-02,1.097068794593123037e-01,1.852730826916179074e-01,1.137959414914443412e-01,6.894611813039631942e-02,1.159528319925857559e-01,8.653822946364389535e-02,1.074445746368360155e-01,1.194710651227070958e-01,9.381297790350068277e-02,8.840361708321615997e-02,1.365943985950230921e-01,1.682009269716464375e-02,1.227947260292371195e-01,6.759120802793729121e-02,1.258565771129814270e-01,1.361068794684857086e-01,2.661279395639773102e-02,3.829491485431980174e-02,4.212771734341280716e-02,-2.012241662910573339e-02,4.309279379333334076e-02,3.917296348235124737e-02,1.338226743518933504e-01,1.154154080436755186e-01,8.464531645104191038e-02,8.889588466868623973e-02,1.260375221324245842e-01,7.306054765590737354e-02,7.540918167470489486e-02,8.719123026181004044e-02,1.307734614538137441e-01,1.254091971914084447e-01,1.054326439440004953e-01,6.074624864597807233e-02,-3.119637590555231904e-02,1.030745400006261026e-01,1.408010232492909984e-02,5.154839889297498784e-02,1.211756656860932535e-01,3.615627042092871279e-02,1.038762969516373313e-01,5.834424433690518080e-02,1.225782431154805695e-02,1.472080513529244218e-02,3.515561240743395738e-02,2.814362363835848715e-02,3.834577938129974523e-02,3.774254568826982369e-03,3.776421497894898865e-02,1.086174561709752490e-02,3.051334974783878259e-02,3.782407087131982835e-03
2.117835809356722332e-01,1.519331580413580962e-01,3.678774240984105104e-01,4.087565179636778456e-01,2.080784990369878018e-01,1.000000000000000000e+00,4.474526784355550291e-01,5.629571320476920437e-01,2.483341964594330542e-01,6.325171006440010180e-01,1.993267810671801032e-01,5.071038117004971202e-01,1.550765674090711643e-01,1.780583295622227835e-01,2.884522136802508130e-01,9.416110194568146075e-02,3.600651879138798694e-01,2.116419265734858501e-01,3.167312731038285922e-01,4.164402563247387445e-01,2.148249848051056177e-01,2.672741765921431423e-01,3.549501904148287812e-01,3.120239786137702920e-01,3.708423959607567988e-02,3.136933148833392915e-01,2.668966792289592105e-01,5.464575165913018173e-01,2.576066458209039234e-01,3.321850516216573457e-01,1.078772709500808308e-01,8.483644091871778148e-02,5.280358958093334110e-02,2.876083373186739123e-01,3.396229337618716926e-01,1.802153642604043260e-01,3.034803589914648603e-01,4.324666091626890863e-01,1.004455496252928126e-01,7.195815341484139704e-01,3.365301518104972800e-01,5.392709840877791816e-01,2.262793152659457740e-01,6.328512229578016068e-01,2.440547011458463478e-01,5.064517177803341541e-01,7.285651048008653929e-02,3.001230279072451546e-01,1.724923420442251165e-01,1.346729494607923072e-01,3.364583078805867822e-01,1.540032372013875328e-01,3.244673170126738948e-01,4.548773489985958318e-01,2.646814441037922405e-01,2.743966207873115848e-01,3.769453678431791688e-01,3.111759115454830749e-01,-6.777320905501171833e-02,2.781341996167456254e-01,2.535399080459286858e-01,5.695353751375590301e-01,1.892321487082382347e-01,3.559139669280407259e-01,4.924054829799845434e-02,1.130936865101089123e-02,6.289502309035083227e-02,2.113837522894880805e-01
3.033718057211899355e-01,5.894261025418037064e-02,8.489563772904868966e-01,3.603543740163487330e-01,1.700259860562952641e-01,4.474526784355550291e-01,1.000000000000000000e+00,5.868862360631350583e-01,5.951665701434490918e-01,4.118008128260188805e-01,4.412286407249344511e-01,4.200494958168378146e-01,3.656030561197290418e-01,6.824788344989169975e-01,3.553276517734432205e-01,2.303823845708740659e-01,5.699129662199160506e-01,6.108671549725877004e-01,4.712190311808691079e-01,4.395268312375391062e-01,3.727963039792832611e-01,4.171182065271148431e-01,4.161619417891853634e-01,7.678822283573120133e-01,2.136136014002130989e-01,7.895003184479305602e-01,7.103620737996119150e-01,4.075274442722364721e-01,4.053798938795849516e-01,5.644991780309185359e-01,2.420794968898540567e-01,1.365271820720838636e-01,1.878513114259105776e-01,2.073369378391280160e-01,3.112691545609743704e-01,1.534917709370342276e-01,6.318364328102936689e-01,3.286777961976246054e-01,1.001031104676664840e-01,3.484060748869709512e-01,7.599640295808333113e-01,3.843650421053417809e-01,5.330597332858406645e-01,3.509107161170300637e-01,3.948599338511597501e-01,3.589390207561354296e-01,2.611193655747619524e-01,6.342439744041963312e-01,2.993629363342663607e-01,2.801352429056241933e-01,2.043732976997342243e-01,4.548690713827853171e-01,1.888423095042616462e-01,4.093986278583210958e-01,4.320124467617006969e-01,4.417148491902688767e-01,3.795230233611955883e-01,6.123762987621776954e-01,6.350137332298538828e-02,5.724840663834778187e-01,5.712796436517941778e-01,3.839368475347362253e-01,1.718700802003417238e-01,3.124263854447928423e-01,1.867464523170719037e-01,1.987822261427315759e-02,1.561610217202079598e-01,1.551839826217462914e-01
4.168132768078932626e-01,1.360819819907417294e-01,5.110885649356120553e-01,3.247692555582051277e-01,1.847180246661078717e-01,5.629571320476920437e-01,5.868862360631350583e-01,1.000000000000000000e+00,1.541330907863452948e-01,4.410420540302036341e-01,2.420423297626117243e-01,3.567858856197071993e-01,1.269025043601650360e-01,3.115591030674936257e-01,1.408870832969628395e-01,1.543610660787824163e-01,5.924981800669928411e-01,3.507114833449891389e-01,5.739653267276700888e-01,3.526296668006724810e-01,3.147571771826260245e-01,3.070583562456966065e-01,4.775463372275075558e-01,3.065663671253933131e-01,-1.669506853569630023e-01,3.910962890174485840e-01,2.558557647003903424e-01,5.682614440090842933e-01,4.292519710637524577e-01,6.493460216657893636e-01,1.133203004100280797e-01,2.927823564398751924e-02,8.154795840118264638e-02,4.040042511347756160e-01,5.167734847466869397e-01,1.721112221289268496e-01,3.088478201934937717e-01,3.042757441573830657e-01,5.780230012376370852e-02,4.427988125485834425e-01,3.670797872274223494e-01,6.078866464231615918e-01,1.408410086598905764e-01,3.493180210926737916e-01,2.405557875362908382e-01,2.936633507623990225e-01,-3.980643802532242426e-02,2.372944419042047337e-01,4.325279745541922571e-02,1.935062326078833550e-01,4.102339982473494073e-01,1.473723119761750078e-01,3.606450147114699245e-01,3.500602838324913813e-01,3.352716526454248003e-01,2.950382637316418255e-01,4.147363072726859001e-01,2.524460019810078060e-01,-2.697680673049622224e-01,2.807955151138878391e-01,1.666939512901637055e-01,5.080385322836783457e-01,3.562083978678782792e-01,4.775206297406916489e-01,-3.882079365755838028e-03,-1.648856770682184062e-03,1.247499501999871363e-01,2.696874754451429879e-01
9.788383500039396501e-02,3.110224270981440733e-02,4.850446230658926883e-01,2.214361593113460813e-01,1.510712036221943666e-01,2.483341964594330542e-01,5.951665701434490918e-01,1.541330907863452948e-01,1.000000000000000000e+00,2.686142385696478341e-01,3.125652727443848922e-01,3.131638835197390613e-01,3.925134535096944655e-01,4.624011131115135509e-01,3.736678685583251780e-01,1.894892112202497536e-01,1.571275382951041744e-01,2.949643393662033097e-01,5.749555768457688398e-02,3.277369831796911326e-01,2.689507324806171829e-01,3.904540051691799407e-01,2.070684755081031170e-01,7.819081151927179674e-01,4.489304331499091583e-01,5.363470831679861828e-01,5.886056322289956455e-01,9.698901978555377057e-02,2.837280113622546174e-01,9.958803527156281921e-02,2.040798683375737443e-01,1.628358734710473044e-01,2.033127586772225659e-01,4.185797252156880227e-02,7.946664464074447431e-02,8.469375722262408035e-02,4.516351647679601178e-01,2.233877041951737030e-01,9.539263815314207029e-02,1.865645793998993440e-01,5.932614596219272229e-01,9.639868123017233947e-02,7.098642515908233364e-01,2.503373304710966862e-01,2.668214025674385259e-01,2.574295542424775984e-01,4.447955912568707371e-01,5.586629353086163263e-01,3.645737204560809963e-01,2.141041773625936007e-01,-7.491805194334447138e-02,3.209768097174021673e-01,-4.763884552223550395e-02,2.734398829869529868e-01,3.207936985449553746e-01,3.786782011343826637e-01,2.114079544677516520e-01,6.484961705531310239e-01,4.110004916516331042e-01,4.330849066811950920e-01,5.120502647364805204e-01,1.533652069154397002e-01,6.528199164518797004e-02,2.339479388459707668e-02,2.226296013452361278e-01,4.005610285667384612e-02,8.708397965402830954e-02,5.987683346932076711e-02
3.393069409248460899e-01,2.056943536192409605e-01,3.477698308255269821e-01,6.131303699086974035e-01,1.069686649769071018e-01,6.325171006440010180e-01,4.118008128260188805e-01,4.410420540302036341e-01,2.686142385696478341e-01,1.000000000000000000e+00,1.903027081151936473e-01,6.896838859480329820e-01,1.303913686710255204e-01,1.747626394590480470e-01,1.325808185105434855e-01,2.704434120599619185e-01,3.445202879263208895e-01,1.943902497043436817e-01,2.971025096061751802e-01,6.327064011570641133e-01,4.221079469131826523e-01,3.263053585745306351e-01,4.728198319759323587e-01,3.339396783428448257e-01,6.312093067100565946e-02,3.885467587813471457e-01,3.181387521516951811e-01,6.146883266839568982e-01,4.174922948622006857e-01,3.426382945569674265e-01,-3.624343366322617388e-02,8.304910853650224190e-02,1.660032301872106930e-01,3.106629972920046390e-01,4.433445427996777211e-01,2.444855466877399741e-01,3.184474410752198836e-01,6.314539970835264526e-01,5.167393731553329012e-02,5.600916090818491844e-01,3.870721517898764175e-01,4.740408917966307811e-01,2.502430291483761504e-01,9.101867734677541177e-01,2.696563128730044556e-01,7.023671662009228767e-01,4.830925578418469174e-02,3.612481097390290441e-01,4.293183240786914434e-02,2.952461802044101247e-01,3.392478822393525384e-01,1.735127411905215689e-01,2.813848831442485876e-01,6.684620650238770612e-01,4.249058235493501368e-01,3.974664154361530199e-01,5.360512833441662961e-01,3.575641154139119759e-01,1.536752549216701541e-02,4.037988978344149160e-01,3.889953271802179535e-01,6.919326442257652809e-01,2.608153384869196234e-01,4.215334776933665761e-01,2.284845935190209926e-02,3.297519312436057726e-02,8.064214942528907804e-02,2.927522557306762585e-01
1.754602356806516661e-01,6.002710712605927729e-02,4.322857060347157776e-01,1.368871959195948618e-01,1.442080526782757444e-01,1.993267810671801032e-01,4.412286407249344511e-01,2.420423297626117243e-01,3.125652727443848922e-01,1.903027081151936473e-01,1.000000000000000000e+00,1.891725418555040561e-01,3.009419220175506005e-01,4.209621159248176925e-01,1.640022116957732534e-01,7.947706964676011510e-02,4.113716865431505387e-01,4.477017056565290032e-01,4.050102572441883209e-01,1.870294663031434601e-01,1.565411478432647829e-01,2.496073777196862187e-01,1.698299629599900051e-01,3.434682253750505621e-01,2.498790173849739504e-01,4.687795223634105279e-01,4.863302658328872985e-01,8.476402951750972026e-02,2.087858682318979031e-01,2.643176936833019353e-01,2.108174981821058225e-01,1.062179855274001106e-01,8.712664391978082457e-02,9.529307286301376412e-02,8.731979027999409171e-02,1.001302397666193889e-01,1.961874698545422457e-01,1.217801817533904485e-01,9.992333645152404187e-02,1.306058367468239112e-01,2.388117949017773967e-01,1.582795310182001647e-01,2.141499135116050057e-01,1.729378756645433279e-01,3.037495229627240612e-01,1.744071194981821060e-01,1.902055917847083610e-01,3.094732334178929567e-01,9.493468887954936708e-02,1.124465048135702694e-01,3.652917334134084953e-02,2.418120852908864360e-01,1.707820882472639024e-01,1.703199363211457540e-01,1.969259400588089237e-01,1.675138374503026828e-01,1.393631006275223017e-01,1.706084866457977800e-01,1.835259796828636603e-01,2.076018507772179611e-01,2.638608939579660806e-01,6.806191551316383148e-02,4.648561531313865486e-02,4.434448755318616542e-02,2.178439969231868167e-01,1.809047425076248938e-02,8.114209143666782642e-02,4.670246443525614966e-02
3.846151908607389758e-01,3.180925257886227930e-01,3.833471067884164918e-01,8.572599881173087466e-01,9.087099553779814931e-02,5.071038117004971202e-01,4.200494958168378146e-01,3.567858856197071993e-01,3.131638835197390613e-01,6.896838859480329820e-01,1.891725418555040561e-01,1.000000000000000000e+00,5.403339955050368015e-02,1.300438292224586623e-01,1.805342932761963559e-01,3.377453448897855814e-01,4.362743000176776964e-01,7.546052225965603488e-02,3.099695691739631775e-01,8.572877484037817464e-01,4.711630394180156278e-01,4.052489318057903578e-01,5.566073177118805448e-01,4.910304627078797557e-01,6.765077828278440175e-02,4.831693431900904168e-01,3.787626903120135391e-01,6.643273061022941794e-01,4.309955150859956508e-01,4.153034171222085846e-01,-6.017666772334886657e-03,2.314667934169959904e-02,2.294169514054217596e-01,4.200917553739941246e-01,3.963434127419959707e-01,3.384620530631401447e-01,3.892982478181696848e-01,8.240154652642291966e-01,3.925289822612543916e-02,4.710328978628723906e-01,4.525414191620174553e-01,3.498075439996181091e-01,3.470218912093924191e-01,6.467937743834665243e-01,2.789645042203315328e-01,8.670429082001005483e-01,-5.650698004953930284e-04,2.869576458883230652e-01,6.981788124293618336e-02,3.902387430403956303e-01,4.023774569203936169e-01,7.750338187465834194e-02,2.621700342544822648e-01,8.724305131543762526e-01,4.948846055504620978e-01,4.755735028049924429e-01,5.834177598811490784e-01,5.225823984175753667e-01,2.965748736851093331e-02,4.741427975176568665e-01,4.420613526701470675e-01,6.835875614261583966e-01,2.292660230066108640e-01,5.004515137613225750e-01,-1.735744153797566525e-02,2.240459594770361634e-02,1.672319711854641233e-01,4.165434205125010947e-01
1.293716100899572168e-02,-1.359551207010057938e-01,2.880307518703663083e-01,1.527443457842529587e-03,1.643561060177690658e-01,1.550765674090711643e-01,3.656030561197290418e-01,1.269025043601650360e-01,3.925134535096944655e-01,1.303913686710255204e-01,3.009419220175506005e-01,5.403339955050368015e-02,1.000000000000000000e+00,4.952703045593152553e-01,2.205397175315641778e-01,1.241878687225431432e-01,7.568875412660987234e-02,4.451605224353062940e-01,1.538105512400913533e-01,4.409100317436118882e-02,1.198475706411167713e-01,9.225780332674016204e-02,7.094059022632842604e-02,3.325936314477074829e-01,3.329373823607089666e-01,2.130172852199571643e-01,3.932989924532973025e-01,-1.378677872809146998e-01,1.566442964173374586e-01,-3.918181949928815216e-02,2.327058597675013552e-01,1.445644162152866508e-01,6.531276706329988690e-02,-1.079833830828927921e-01,1.493944795879932575e-03,-1.156366905186752420e-01,8.496510032323530137e-02,-3.772051328047297536e-02,7.882761033110205484e-02,1.061472746727604999e-01,1.768033080182351002e-01,2.370111864560060441e-02,2.801769769940132826e-01,1.335531216023409795e-01,9.444356964093636453e-02,3.565263515445343118e-02,4.413550348713132787e-01,3.598754228377217257e-01,2.267268097123046611e-01,1.398265880729258337e-01,-2.327803932841335244e-01,2.766553553440463387e-01,-1.119429285819254910e-01,1.045769359673415395e-02,1.524649552385438089e-01,3.243504162819923348e-02,7.086362827980786927e-02,1.153922722938392209e-01,1.974248510604225681e-01,6.625279944047995570e-03,1.514659275891556411e-01,-1.155141520838414287e-01,5.876660104402019885e-02,-1.908116035474156647e-01,1.915561203085615616e-01,4.869426448179946243e-02,4.554088451953018819e-03,-9.019574677330825796e-02
1.922358141067128379e-01,-1.178504517373692856e-01,6.597832469746647277e-01,7.205747492027690659e-02,1.893080794375533449e-01,1.780583295622227835e-01,6.824788344989169975e-01,3.115591030674936257e-01,4.624011131115135509e-01,1.747626394590480470e-01,4.209621159248176925e-01,1.300438292224586623e-01,4.952703045593152553e-01,1.000000000000000000e+00,2.385523248897164494e-01,2.144926919438810142e-01,3.326707491151745244e-01,7.031447773386234612e-01,3.969290994405755835e-01,1.650007155138988324e-01,2.323732138458145247e-01,1.705873920261934129e-01,1.906252428541338473e-01,5.084252658780137324e-01,3.114642592314321723e-01,4.983636851551359048e-01,7.096818446115810142e-01,-5.747151117227412842e-02,2.914496794302381399e-01,2.009984660163218750e-01,3.411708258890007173e-01,2.472179479333393159e-01,1.170143989090288994e-01,-9.786153251420995347e-02,1.011999118876116682e-01,-8.195467716260282365e-02,2.850617812845382404e-01,-8.200243888796084762e-03,7.908265798468110119e-02,5.980340391820869461e-02,3.695056261840953815e-01,1.392212651149074276e-01,2.915430706888481049e-01,1.642094352876928565e-01,1.671303903001730706e-01,8.102358429531673900e-02,4.238892294964724528e-01,6.502759018958750303e-01,2.000775120378347205e-01,2.555489961750569416e-01,-2.329837415869027983e-01,4.625776241170970748e-01,9.717768244527530061e-03,1.223389278523447088e-01,2.927946962754956473e-01,1.387112896409101459e-01,1.561606144558327358e-01,2.050006074644338538e-01,1.028389065130886904e-01,1.348047911820944300e-01,3.733741408311497256e-01,-6.668531835171491451e-02,3.729739712752033060e-02,-1.310336206230429679e-01,2.426269680560736997e-01,7.152297617256143936e-02,7.289342304489191543e-03,-1.251298531295623462e-01
8.553201962134632241e-03,-2.470714051513301594e-03,3.057920987496454690e-01,9.269293481305543314e-02,1.381788905011049895e-01,2.884522136802508130e-01,3.553276517734432205e-01,1.408870832969628395e-01,3.736678685583251780e-01,1.325808185105434855e-01,1.640022116957732534e-01,1.805342932761963559e-01,2.205397175315641778e-01,2.385523248897164494e-01,1.000000000000000000e+00,9.047499770006152409e-02,1.473899799582271686e-01,2.239467458543615841e-01,8.453775168927116224e-02,1.356263265138905327e-01,1.167267519984866303e-01,1.361703071241046337e-01,8.694930332603476031e-02,4.181310825624465766e-01,2.325429777871227399e-01,2.993835525045263068e-01,3.396712590039175361e-01,4.017303422788132128e-02,1.591478023267478004e-01,2.055423135478153321e-02,1.684947614492387780e-01,7.588326118050962854e-02,7.488231854163940326e-02,5.232236442843081481e-02,1.140871901531411922e-02,8.783301876871398711e-03,2.955100288330604896e-01,1.021129198978273506e-01,8.335622933975966875e-02,2.382284716525816526e-01,3.232127663871720014e-01,7.871644023894118491e-02,3.290430108874177195e-01,1.280944060651527938e-01,1.514573674052304975e-01,1.527635366409992590e-01,2.562093084853077629e-01,3.050935658470496081e-01,3.368552512873078109e-01,1.256500592534843808e-01,-3.352029769649845364e-02,1.940026752497349127e-01,2.077136710126485653e-02,1.095357521884228191e-01,1.727710782936268397e-01,1.318167875414673063e-01,8.560186329996853638e-02,3.462868109132065664e-01,1.311878977674874602e-01,2.075257281950881050e-01,2.521513352925320306e-01,6.779924523428659811e-02,5.015592626593859404e-02,-9.169757337373374631e-03,8.924513611982569372e-02,3.412050517427599183e-02,2.383581080498899801e-02,-1.808554534889820131e-03
3.453905553451636079e-01,1.988248500644785866e-01,2.726921066005382754e-01,3.824029718545289835e-01,6.817160066440298982e-02,9.416110194568146075e-02,2.303823845708740659e-01,1.543610660787824163e-01,1.894892112202497536e-01,2.704434120599619185e-01,7.947706964676011510e-02,3.377453448897855814e-01,1.241878687225431432e-01,2.144926919438810142e-01,9.047499770006152409e-02,1.000000000000000000e+00,2.508730349787667291e-01,1.081247467012792923e-01,2.099606955548167786e-01,3.271721249967218803e-01,6.467742094670982933e-01,2.876926737992679950e-01,6.279812587015921599e-01,3.228107181077948806e-01,7.036081426698154173e-02,2.680430675802752960e-01,3.534371645409472018e-01,2.876954813633422203e-01,4.752152275447587004e-01,2.648300070601363743e-01,3.011699495413771785e-02,6.673663592342311823e-02,2.683625762307483287e-01,3.788146393621782959e-01,3.151135546289881573e-01,1.566782523186032727e-01,1.406889634044297677e-01,2.938937320279464971e-01,-3.138008338123823154e-02,3.818637506276295612e-02,1.937672076920081976e-01,5.699731801820605986e-02,1.606911633776608450e-01,2.320057401164956346e-01,2.543598330382169578e-02,3.142534797042639272e-01,7.641500849346184732e-02,1.490375470398092317e-01,1.975701995726594773e-02,7.900203246675581159e-01,1.145663964549143710e-01,1.711994034794293157e-02,2.422392813006209004e-03,3.093398452897307416e-01,6.063838238441003892e-01,3.606626746508349579e-01,5.880158779192793395e-01,2.404365695877772879e-01,5.838872238131437471e-03,1.401910223103280395e-01,2.882351766614294486e-01,2.626630203262547147e-01,3.220725193814948928e-01,2.715449091645384949e-01,-2.613309401905353560e-02,6.518822665945056549e-02,1.744578554709503571e-01,3.452420393057841208e-01
5.136459075916941508e-01,2.717593996703942527e-01,6.517045332109022704e-01,4.285818456881766436e-01,1.097068794593123037e-01,3.600651879138798694e-01,5.699129662199160506e-01,5.924981800669928411e-01,1.571275382951041744e-01,3.445202879263208895e-01,4.113716865431505387e-01,4.362743000176776964e-01,7.568875412660987234e-02,3.326707491151745244e-01,1.473899799582271686e-01,2.508730349787667291e-01,1.000000000000000000e+00,3.617729499142999239e-01,7.881113543127847842e-01,4.252093177302910254e-01,4.556333154763048676e-01,3.569323713005853049e-01,5.906592649140851581e-01,3.781374741145889784e-01,-1.910689601737509263e-02,6.054129913526048457e-01,5.269202629914448988e-01,5.171636239296302229e-01,4.531856391120244187e-01,7.270297659823165004e-01,1.952665858418269618e-01,-7.093230245707161062e-03,1.733010397994787233e-01,4.891379043815873295e-01,4.200043674221213275e-01,3.020784593351111824e-01,3.809586409586446232e-01,3.796194544024776851e-01,2.782259707446865793e-02,3.022920151328299387e-01,3.764570585668312597e-01,3.823874181621059187e-01,1.616060988623989891e-01,2.826588862731160834e-01,3.140404278310822139e-01,3.872042609478358877e-01,-5.992750486772484286e-02,2.546030101319757821e-01,3.059765531294272173e-02,3.375528859788977654e-01,4.650085751054274241e-01,1.896149159377102655e-01,4.419740180277756392e-01,4.258635236078470720e-01,4.978357370585603792e-01,3.614978810795770880e-01,5.139188746121682305e-01,2.908392835714722069e-01,-1.240887939735232232e-01,3.952060158481071062e-01,3.697486541550829009e-01,4.424649094025151497e-01,2.865487522967517520e-01,5.033941720507825179e-01,9.603027154222361361e-02,1.376820837743317032e-02,2.309656080456960470e-01,3.974190418712205686e-01
9.947200022011161435e-02,-1.590119593049135471e-01,5.318794018322902106e-01,1.485084567721422534e-02,1.852730826916179074e-01,2.116419265734858501e-01,6.108671549725877004e-01,3.507114833449891389e-01,2.949643393662033097e-01,1.943902497043436817e-01,4.477017056565290032e-01,7.546052225965603488e-02,4.451605224353062940e-01,7.031447773386234612e-01,2.239467458543615841e-01,1.081247467012792923e-01,3.617729499142999239e-01,1.000000000000000000e+00,4.940388523588190028e-01,7.513512716621860432e-02,1.630018558356574054e-01,1.237490916954699649e-01,1.377283209997145486e-01,2.985922181452786428e-01,1.932663880332216311e-01,4.032139987681471194e-01,5.553903151106818203e-01,-8.017118830711876531e-02,2.191113808675469454e-01,2.105677321843716920e-01,3.085818776670280483e-01,1.770899470232050188e-01,9.916161150418163761e-02,-5.497178679414099767e-02,1.160728183430676380e-01,-9.163783444221046404e-02,1.963063586866362065e-01,-8.005093672609176272e-03,1.293213915834101890e-01,1.100993422832898111e-01,2.528703214809161492e-01,1.676407290269618378e-01,1.605953402372443939e-01,1.675892399498376817e-01,2.530386939201413887e-01,3.832672830194659014e-02,3.262773921620216733e-01,4.732892378067942718e-01,1.729392611825311676e-01,1.512092991815503495e-01,-1.336652400460494328e-01,5.051160548834642272e-01,1.047339781835717049e-01,6.240807019669455946e-02,2.049441432186847878e-01,5.209338542720798326e-02,9.421239959539062792e-02,2.143359418166710176e-02,2.046259459032366210e-02,8.872989079636003917e-02,2.347006738373905999e-01,-7.955150127532965854e-02,8.643797474983197504e-02,-9.623725162788711318e-02,2.364091076354336851e-01,7.221341786715591848e-02,8.971516807469248622e-02,-1.133831256304251994e-01
5.081984281600051556e-01,1.608289304481177184e-01,5.309356937903173534e-01,2.906824747867359782e-01,1.137959414914443412e-01,3.167312731038285922e-01,4.712190311808691079e-01,5.739653267276700888e-01,5.749555768457688398e-02,2.971025096061751802e-01,4.050102572441883209e-01,3.099695691739631775e-01,1.538105512400913533e-01,3.969290994405755835e-01,8.453775168927116224e-02,2.099606955548167786e-01,7.881113543127847842e-01,4.940388523588190028e-01,1.000000000000000000e+00,2.780296144720659779e-01,3.565559086415706624e-01,2.668991290158028717e-01,4.824530992590159162e-01,2.168102973547707257e-01,-4.502561790119134766e-02,4.253510894922775676e-01,4.525336581567536154e-01,3.505210879871881735e-01,4.446449821348545384e-01,5.996047315782147002e-01,1.918911382098064389e-01,1.146630020506601150e-02,1.310456596062722912e-01,3.858416879921067744e-01,4.276086107740258990e-01,1.964638651634951771e-01,2.014665773967090623e-01,2.532565435565973799e-01,7.979210811546417342e-03,2.445188071997829449e-01,2.001589832925265433e-01,3.694928977952035565e-01,4.310216627186980176e-02,2.506025319014550945e-01,2.159829777432835662e-01,2.570222776990711000e-01,-2.763245780866054394e-02,2.224059118558237846e-01,-2.286573408376768590e-02,2.831080526967576505e-01,3.468527368482666184e-01,2.147158852961660869e-01,4.524951852110885575e-01,2.843046149310625714e-01,3.784118102533608474e-01,2.117071161961767978e-01,4.080558581449413302e-01,8.118332847086914827e-02,-1.838885747521077085e-01,1.837373334911402145e-01,2.230771612252608893e-01,2.972093420117843943e-01,3.335185602404788230e-01,3.452899705327162616e-01,1.137171389364233093e-01,2.025176928769334070e-02,1.625340360384664729e-01,2.583187461246470029e-01
3.795305832649536470e-01,2.871070923759106996e-01,4.152268452226784978e-01,8.585741957077983599e-01,6.894611813039631942e-02,4.164402563247387445e-01,4.395268312375391062e-01,3.526296668006724810e-01,3.277369831796911326e-01,6.327064011570641133e-01,1.870294663031434601e-01,8.572877484037817464e-01,4.409100317436118882e-02,1.650007155138988324e-01,1.356263265138905327e-01,3.271721249967218803e-01,4.252093177302910254e-01,7.513512716621860432e-02,2.780296144720659779e-01,1.000000000000000000e+00,4.705674758671810620e-01,3.862571579908480324e-01,5.235850224733107350e-01,5.265281755728682400e-01,5.604373077740014419e-02,5.058418263793826863e-01,3.785526368540169662e-01,6.124378843176130349e-01,4.318978186826891164e-01,4.155576932285163227e-01,3.067823478269927039e-03,2.390844232358576432e-02,2.214759028579379729e-01,3.769112819402484771e-01,3.708509619727678452e-01,3.159407373326703627e-01,4.283884195084891044e-01,8.188032277108874268e-01,1.351915685178541743e-02,3.594065684666067906e-01,4.906585406434992302e-01,3.300879723102739804e-01,3.543609362493566062e-01,5.677888390876004721e-01,2.699344334565930703e-01,8.347504576376840735e-01,9.665674222070496507e-03,3.179480172255197967e-01,8.287211450325708550e-02,3.728541306996457916e-01,3.498572004045592543e-01,7.776535656739703983e-02,2.393126020428351097e-01,9.197433216809077772e-01,4.833205038539699627e-01,4.777231500113450768e-01,5.354579760649792464e-01,5.661882187303678426e-01,4.512490129551016693e-02,4.937517394219101963e-01,4.360962796292649490e-01,6.338240237916833442e-01,2.044693665686682094e-01,4.680689756496692056e-01,-1.199424043916372598e-02,-1.660295426181128062e-02,1.439305538483730273e-01,3.872954713650834102e-01
4.465595713317945248e-01,3.179213154768076310e-01,4.355855388889052771e-01,5.094980410429134077e-01,1.159528319925857559e-01,2.148249848051056177e-01,3.727963039792832611e-01,3.147571771826260245e-01,2.689507324806171829e-01,4.221079469131826523e-01,1.565411478432647829e-01,4.711630394180156278e-01,1.198475706411167713e-01,2.323732138458145247e-01,1.167267519984866303e-01,6.467742094670982933e-01,4.556333154763048676e-01,1.630018558356574054e-01,3.565559086415706624e-01,4.705674758671810620e-01,1.000000000000000000e+00,3.844604717532140725e-01,8.346784267336567753e-01,4.190645161658346773e-01,1.431137931166499566e-01,4.703297118016697698e-01,4.880175342086765511e-01,4.611479334234525052e-01,5.606768232710171995e-01,4.935613715761986708e-01,1.828797403402078123e-02,4.305278251337912171e-02,3.208117307932411566e-01,5.498371548150102761e-01,4.354817603157873362e-01,3.146491378738080491e-01,2.860228465955020893e-01,4.194734710873029293e-01,1.538876760056135350e-02,1.621146491036513371e-01,3.470143769392609601e-01,1.766584611895025414e-01,2.644615518673646415e-01,3.295851265971516120e-01,1.483597166093638120e-01,4.175817649212234528e-01,8.631621149339831212e-02,2.439024930979065142e-01,4.068630416658942928e-02,7.048056781691142136e-01,3.003736694522156636e-01,1.178373729749965099e-01,1.649216949434964274e-01,4.419266709650208069e-01,8.603304513569502987e-01,4.970771333037738993e-01,8.030898594047827244e-01,3.395427397510883405e-01,6.435871569024670391e-02,3.342566210434263496e-01,4.685261484911208973e-01,4.232127640209573105e-01,3.775212351727412208e-01,4.756554370860902048e-01,1.885144581423475046e-02,5.491522566510402548e-02,3.096046606857453254e-01,5.133029820906657159e-01
2.888937982363433687e-01,2.555718098019886253e-01,3.145278232079398717e-01,3.707863846700351074e-01,8.653822946364389535e-02,2.672741765921431423e-01,4.171182065271148431e-01,3.070583562456966065e-01,3.904540051691799407e-01,3.263053585745306351e-01,2.496073777196862187e-01,4.052489318057903578e-01,9.225780332674016204e-02,1.705873920261934129e-01,1.361703071241046337e-01,2.876926737992679950e-01,3.569323713005853049e-01,1.237490916954699649e-01,2.668991290158028717e-01,3.862571579908480324e-01,3.844604717532140725e-01,1.000000000000000000e+00,4.577426613351086027e-01,4.740782528770909332e-01,1.327929105129640464e-01,4.446301507334513570e-01,3.729961506252321701e-01,4.418772013539832844e-01,3.563552287994773971e-01,4.375055432974511715e-01,1.283512670222516482e-03,1.644721363080445600e-02,2.077349481020470401e-01,4.213627548569760517e-01,2.933040825627252213e-01,2.981087447423531600e-01,2.554176626637930658e-01,3.485908652258264406e-01,2.053425105913105758e-02,2.010618125366332165e-01,3.657790390763623334e-01,2.131837460949463359e-01,3.921547849623189808e-01,2.821548295807631002e-01,1.865748971759881858e-01,3.447112276357764959e-01,5.613384369882071928e-02,1.777579810936256721e-01,6.529096303450744598e-02,2.840967097321582258e-01,3.137890257003422279e-01,6.421911601740529218e-02,1.575040612226301928e-01,3.706926296610646987e-01,3.887895922996211229e-01,5.327480682708866100e-01,4.248550563309486661e-01,4.221269398922097849e-01,8.857225131123268314e-02,3.667012876876627470e-01,3.829797900682851419e-01,4.130088852824937984e-01,2.054058274857660238e-01,4.370928656939592760e-01,2.123180791155643635e-02,-9.817274606039401788e-03,1.868928936292172938e-01,3.597610809714600899e-01
5.406129157769922200e-01,3.983566563264600568e-01,4.752405276237909870e-01,5.914505663347615627e-01,1.074445746368360155e-01,3.549501904148287812e-01,4.161619417891853634e-01,4.775463372275075558e-01,2.070684755081031170e-01,4.728198319759323587e-01,1.698299629599900051e-01,5.566073177118805448e-01,7.094059022632842604e-02,1.906252428541338473e-01,8.694930332603476031e-02,6.279812587015921599e-01,5.906592649140851581e-01,1.377283209997145486e-01,4.824530992590159162e-01,5.235850224733107350e-01,8.346784267336567753e-01,4.577426613351086027e-01,1.000000000000000000e+00,4.036511218056893502e-01,8.650609711625057568e-03,5.068445877129541532e-01,4.729164570417229152e-01,6.468884545290514154e-01,5.960587686448188816e-01,6.713860630861909762e-01,8.711043694459554227e-04,-9.050546522799884572e-04,2.846097655894752054e-01,6.714757274970745149e-01,5.607226656120389841e-01,3.951457198421807759e-01,3.128083588660878211e-01,5.056649667439441220e-01,-1.012061701726664140e-02,2.919042021810195897e-01,3.608589013855976746e-01,3.076378903624968353e-01,2.371504459555019151e-01,4.025837435364895134e-01,1.750951707751621789e-01,4.917145618676371788e-01,-1.709127848316687598e-02,1.837945614934499150e-01,4.996468832621983949e-03,7.092126360570187860e-01,5.004048650261415654e-01,6.901316421003486634e-02,2.762555802466685750e-01,5.252654139858924376e-01,7.955423277958463268e-01,5.532417323054316105e-01,8.881575688091418730e-01,3.494068291442212759e-01,-6.279436712099790985e-02,3.810116146836105000e-01,4.776264625302184541e-01,5.741759262503582928e-01,4.252896398634335995e-01,6.463267660666107695e-01,1.950216249551023004e-02,1.757897258629688778e-02,3.088810283348560337e-01,5.813398522084348707e-01
