1.000000000000000000e+00,4.073660688666510543e-01,6.220245692564650986e-01,4.287039181141419353e-01,-1.453504842884678350e-01,2.142727754997043044e-01,3.213402476818357223e-01,3.503945406876423085e-01,8.046446315544115990e-02,4.301762215876253626e-01,2.128668065526266029e-01,3.447216649603858651e-01,1.056420042717062246e-01,5.015929632304706454e-01,-3.021666554050377734e-02,4.320129021220256993e-01,8.084549913414913469e-01,3.105343505102969304e-01,7.787249360398009745e-01,4.330169503031054967e-01,5.756253047826747071e-01,3.979406194733726143e-01,7.281469862795676429e-01,3.373795738679409295e-01,3.144315813513139934e-01,4.907900309991396481e-01,7.742535336455454997e-01,3.743706419427706988e-01,8.444435651645137986e-01,6.582222817748141219e-01,1.446722774752201568e-01,-1.174517213383177439e-01,5.094955131325329400e-01,4.488846122737673028e-01,6.748198760476026292e-01,3.858599159027688019e-01,5.437954840056754557e-01,4.998023479022842275e-01,-1.277406740281890329e-01,2.007396171545734742e-01,2.787313287643862214e-01,2.223502079797179398e-01,5.585784828362183596e-02,3.562375655937436991e-01,1.898244804159183730e-01,4.189784557377954632e-01,3.614588599080108267e-02,4.865039133137923355e-01,-4.435448994542431911e-02,4.754094849148168822e-01,5.654380938674201662e-01,2.587706114291717929e-01,7.314132253071292666e-01,4.956761387473154201e-01,4.944134493953430409e-01,2.961594676078918575e-01,6.159943767596989250e-01,2.836778064102376540e-01,2.249958902455725385e-01,2.185865036118924409e-01,6.394479490609060734e-01,2.420654212047952114e-01,7.458910619957669352e-01,4.529662099141892329e-01,-2.765287649774241796e-01,-4.244383045389026055e-02,3.316555460785689524e-01,3.616246122916738637e-01
4.073660688666510543e-01,1.000000000000000000e+00,2.319304120522615309e-01,3.621518742869159202e-01,-1.167549865425367012e-01,1.257782723119262314e-01,4.248070593692114538e-02,1.402083889352016832e-01,-6.388491986910177327e-03,3.061986248226929996e-01,4.418036630000647669e-02,2.872480798695135062e-01,-8.587220575908305342e-02,1.281147412856505352e-01,-7.365903275608283451e-02,2.818748066426496890e-01,3.909340099189108630e-01,-8.574765501718563387e-02,3.290105701409871686e-01,3.319223115646321998e-01,4.032070784417779441e-01,2.104746561694157136e-01,4.886948314142822714e-01,2.021286654810644512e-01,2.295374201955145965e-01,3.057722433296355957e-01,4.982750121397628851e-01,3.171673696623064087e-01,3.862110871896621278e-01,3.449876427540620738e-01,1.478494049790065115e-02,-1.414218684358329314e-01,3.120861586441668889e-01,3.380295588653253192e-01,4.275739302956328980e-01,3.488959933591893048e-01,2.441094009951123855e-01,3.741652070978436773e-01,-8.433361594105849568e-02,1.753932933829726593e-01,-7.848362636858492161e-04,1.086445172571468276e-01,8.299600255189732920e-03,2.539161879984104253e-01,-7.194568673974263695e-02,2.872591420514323257e-01,-8.752411022513505168e-02,1.584805833894723237e-01,-1.053247118507114749e-01,3.543840641971207073e-01,2.460125856542771383e-01,-7.559234327520079899e-02,3.750720787369327125e-01,3.610914492815601728e-01,3.929798497455782025e-01,2.670495250503951423e-01,4.992770526223536121e-01,1.714874853421225476e-01,1.802583121474855832e-01,9.448273278965022004e-02,4.206103986318690535e-01,2.435344930340767322e-01,3.960197556058220325e-01,3.221672435053362094e-01,-2.418117729258124904e-01,-3.661799745489362906e-02,2.430375618653685399e-01,3.075390577754778532e-01
6.220245692564650986e-01,2.319304120522615309e-01,1.000000000000000000e+00,3.073541466667198407e-01,-9.938978405384799042e-02,3.992153844218157555e-01,7.469583374822318378e-01,4.980629851665155372e-01,2.672194166524973769e-01,5.573893466020310994e-01,3.060019706208103041e-01,3.154442922437414865e-01,1.721759580579167170e-01,6.231906323799022429e-01,9.265840698018172616e-02,3.865676803616110435e-01,5.749745518803267563e-01,5.133651820888719408e-01,5.472613685201415112e-01,3.859249458728661875e-01,5.114923307026136845e-01,3.384998833877758684e-01,5.831371416861323986e-01,4.784139610925033370e-01,2.542563334884618276e-01,7.605906186987885231e-01,6.621375612062356808e-01,5.835766410655239822e-01,4.855051312043057177e-01,6.483171548915113158e-01,1.318927224666238129e-01,-5.495471868970881052e-02,4.553746450478718399e-01,3.599367656845516295e-01,4.089105591306946286e-01,2.197262964867146562e-01,7.010542183938491823e-01,3.732361622274250612e-01,-9.119279641769917344e-02,3.357549881557098659e-01,6.534238973240735771e-01,4.193472542270489933e-01,3.356056267365699064e-01,4.529777788012690487e-01,4.235423087523402241e-01,3.787331759657364127e-01,1.282205041532746004e-01,5.958988966431296719e-01,8.483718123305633574e-02,3.981769540347669945e-01,6.165482951306279213e-01,4.922363142129354552e-01,5.561106107433887447e-01,4.283485903366558989e-01,4.349051388329288614e-01,3.230993408234267839e-01,4.926707450817469636e-01,5.356541824200918844e-01,3.003236100764435923e-01,5.967512613631188456e-01,6.628542572550106815e-01,4.880089605327551094e-01,4.424856229644233419e-01,4.639144733920010921e-01,-2.102939714978165897e-01,-6.067645521542800596e-02,3.517474234356673946e-01,2.065527964922879156e-01
4.287039181141419353e-01,3.621518742869159202e-01,3.073541466667198407e-01,1.000000000000000000e+00,-2.038273724413610655e-01,1.578076047497024847e-01,1.919575022283574461e-01,2.451798608323414036e-02,1.839451957658410630e-01,5.668143694985773307e-01,2.506411994385618000e-02,8.287225299170429826e-01,-1.305843444309537915e-01,2.173745463642850761e-01,-1.698763307781432919e-01,3.878378488245309841e-01,3.021276440374074945e-01,-1.236526204391813905e-01,2.353980166900015714e-01,8.897864481418200633e-01,6.041194447888912356e-01,2.653256502487332802e-01,5.321008411388303827e-01,4.789752482244231668e-01,2.013504077199508024e-01,4.677677823623276332e-01,4.149251634620591545e-01,4.866417823090358752e-01,3.960955765994285671e-01,3.715468369342381227e-01,2.648746384231177690e-03,-2.309349066178072174e-01,4.056778674517717564e-01,3.978912610212692047e-01,4.287786908060233770e-01,4.061208625426448449e-01,2.860908153973877877e-01,9.300719365437215558e-01,-1.718262623961709090e-01,3.200659591527708625e-01,1.948210941102040961e-01,1.147593392424443026e-01,2.365106738062670577e-01,5.277307731469332852e-01,2.302936089697302235e-02,7.911735190694557662e-01,-1.501569447942520674e-01,2.998403109149330170e-01,-1.274263046554509893e-01,4.362484352500056728e-01,2.882150729149833279e-01,3.975102072734487679e-02,3.547006794506399330e-01,8.687858001085447812e-01,5.796885479380794459e-01,4.059982848674087985e-01,5.320771881980694840e-01,4.539144465515270177e-01,2.294780979543638855e-01,3.472331751553343615e-01,4.586608314473574755e-01,4.409649012906151633e-01,3.903636773840504226e-01,4.429896288020612749e-01,-2.229695152076043574e-01,-1.035552765987871604e-01,3.945080838452161287e-01,3.820412978927576475e-01
-1.453504842884678350e-01,-1.167549865425367012e-01,-9.938978405384799042e-02,-2.038273724413610655e-01,1.000000000000000000e+00,1.260913918539598721e-01,2.347333519902732382e-02,1.209179116488129369e-01,3.381106806169998508e-02,-2.199797863754766325e-01,6.760244691170406994e-02,-1.969043009076880957e-01,1.257936933341679830e-01,3.351927934717168021e-03,1.719768870718191289e-01,-1.977587346184679629e-01,-1.334250782629338994e-01,1.248209177206796028e-01,-8.066930647642615859e-02,-2.416933269783156923e-01,-1.865397993158386947e-01,-3.458978860865484506e-02,-1.976025025986059280e-01,-5.041758680152962774e-02,-5.911536014464530142e-02,-1.279088041374433216e-01,-1.646549098455314664e-01,-1.021917546128551096e-01,-1.393174272815963788e-01,-1.019194081044545869e-01,-1.675361067061580111e-02,1.744763497799614871e-01,-9.702076390490486923e-02,-3.739030843811964877e-02,-1.242393033082415249e-01,-1.389360811265606677e-01,-1.283493460188219748e-01,-2.078846867362117712e-01,2.335561929819253701e-01,4.339677342368480038e-03,-1.459561154414521465e-02,7.680174929871397271e-02,1.424917292700951001e-02,-2.348360467094890158e-01,6.273340036263838626e-02,-1.768067229860112721e-01,8.298275609629694738e-02,-4.930013241039971073e-02,1.579573979599984412e-01,-1.726904198084248387e-01,-8.958413764569600479e-02,-2.953744064681720211e-02,-1.180953281053876563e-01,-2.547503877163278529e-01,-1.769378202064715300e-01,-8.880535997051262898e-02,-2.164079795263271766e-01,-7.572339065840319461e-02,-5.755991655885744213e-02,-1.134403396692280075e-01,-1.999710502875942097e-01,-1.326634556261023223e-01,-1.089697610237539693e-01,-1.429326288565980208e-01,7.261464616573576336e-02,1.184455803190596901e-01,-3.622810108552430158e-02,-4.555459634348777570e-02
2.142727754997043044e-01,1.257782723119262314e-01,3.992153844218157555e-01,1.578076047497024847e-01,1.260913918539598721e-01,1.000000000000000000e+00,3.699356883249512729e-01,5.871902662117071126e-01,1.478414695670259293e-01,3.771404271989396428e-01,2.620010580292994606e-01,2.317170974290220509e-01,2.363245318750215040e-01,2.582571151556071198e-01,2.531173773037271313e-01,1.983836775953700116e-01,2.690485285137926841e-01,3.003972220807387128e-01,3.269353088586927636e-01,1.564353642868133720e-01,1.641538955920387177e-01,9.931066976747682240e-02,2.671849938335480457e-01,2.092781038701881091e-01,8.587740919074585144e-02,2.968459598510477804e-01,2.670161194163749863e-01,4.546058414727308650e-01,2.033909219777527977e-01,2.932684775324104764e-01,5.327694476386346523e-02,1.436530032813156110e-01,1.680715130010576874e-01,2.144500599908971961e-01,1.565340853721630121e-01,3.402341861456383010e-02,3.110825770929198653e-01,1.502568551897571769e-01,6.223120829235721796e-02,6.880818800371258925e-01,2.195796240814169575e-01,4.810263169005601358e-01,2.248296090548599913e-01,3.286890856297102204e-01,2.016133343219325136e-01,2.723093566113389818e-01,1.372542685304097287e-01,1.777591166302236181e-01,2.412234845784208825e-01,1.770046651068298282e-01,2.063227585082870186e-01,6.132338240344951952e-02,2.619250677420553175e-01,1.285540491301927213e-01,1.579301147936546246e-01,5.487464279696908226e-02,2.279141899045125375e-01,1.994161823459054128e-01,9.994439075140745810e-02,1.408175475953930833e-01,1.653002809952156815e-01,3.886294413797863889e-01,2.048578327827009771e-01,2.169617072047219930e-01,-1.662768929666386675e-01,1.130600689649973595e-01,1.880786940908759641e-01,1.315909064569154852e-01
3.213402476818357223e-01,4.248070593692114538e-02,7.469583374822318378e-01,1.919575022283574461e-01,2.347333519902732382e-02,3.699356883249512729e-01,1.000000000000000000e+00,4.309601446285321047e-01,5.529080779025805636e-01,4.326870768000711798e-01,3.738374201936601748e-01,2.487765689778456690e-01,4.019336375845999343e-01,7.425342672772455854e-01,2.087437632154207079e-01,2.689132645190117632e-01,1.730224693936639746e-01,5.444060588626947750e-01,2.217377522254476985e-01,2.326250321272197163e-01,3.921042033792080383e-01,3.938004437127082813e-01,3.171881553990599789e-01,6.974966982259386272e-01,2.857491089717207333e-01,6.996014732627622301e-01,3.991961835129443359e-01,5.529147015489280781e-01,2.471114163296143362e-01,5.420987084342044904e-01,9.419471525351755248e-02,2.436131515477577350e-02,4.327268319245701211e-01,3.499281967486085887e-01,9.191095450026041946e-02,4.143032155229650626e-02,4.114691404630242966e-01,2.281647335832321655e-01,5.899949051130846250e-02,3.076202008846971037e-01,7.778404123524514935e-01,3.541960744891455293e-01,5.994042852660451670e-01,3.535349084646698947e-01,5.076955731482777345e-01,3.034738126708990680e-01,3.404750796291823312e-01,5.814352384583850730e-01,2.611203069217054029e-01,2.832775198215831125e-01,3.337235818431524281e-01,4.597871123351770506e-01,1.591818447222981547e-01,2.501669410238071545e-01,3.382335192175202065e-01,4.179210927222201111e-01,2.189046646619995096e-01,7.342234818530058993e-01,3.479750173490661069e-01,5.997835383119973773e-01,4.229350719893790744e-01,4.692638178318625508e-01,2.409522348393119684e-01,3.618714936135301041e-01,-6.725830837430576969e-02,-6.102511978043433094e-02,3.994690576636899526e-01,1.740386490360525673e-01
3.503945406876423085e-01,1.402083889352016832e-01,4.980629851665155372e-01,2.451798608323414036e-02,1.209179116488129369e-01,5.871902662117071126e-01,4.309601446285321047e-01,1.000000000000000000e+00,5.427416423236280235e-02,2.334587492279548426e-01,2.508065514506522264e-01,2.365857079443774505e-02,1.217847690350053746e-01,3.419838694585060068e-01,1.236389525625852803e-01,1.951359499793496322e-01,3.819456668495653795e-01,4.593612658196637999e-01,4.648069011294438946e-01,2.805797207145587294e-02,1.699288680791576356e-01,1.448533879113600153e-01,2.884059198058149254e-01,7.026142159574895463e-02,1.198683718300551718e-02,3.507190817421236284e-01,3.036726476633995753e-01,4.612787419099765307e-01,1.804006199952915834e-01,4.558257706876924220e-01,2.214585882418088937e-03,1.043579780427207754e-01,1.676778579648380840e-01,2.240684808658015836e-01,1.490046025455529777e-01,2.527697174647713582e-02,3.615190946550780327e-01,5.733405931111053289e-02,7.726590544236217051e-02,3.910618849622062299e-01,2.729739631823988599e-01,5.717854441619608652e-01,9.725327075349872452e-02,1.416678255144112053e-01,2.161178378200728778e-01,5.811950888522830067e-02,-1.259619830091129877e-02,2.700423237146883926e-01,1.283636316523665277e-01,1.888610616831500610e-01,3.935702817875447179e-01,1.598234771397351039e-01,3.930511194937964525e-01,3.751011265008772494e-02,1.664105195485892086e-01,1.280900054738039751e-01,2.426959980964434049e-01,8.181857326676622577e-02,1.577078518490632533e-02,1.620281943142487802e-01,2.106968838368818431e-01,3.491483526440172791e-01,1.709658739539049177e-01,3.060390357504783054e-01,-2.237322600255195193e-01,9.233369617511977268e-02,1.404154962356095881e-01,1.382296316331430575e-01
8.046446315544115990e-02,-6.388491986910177327e-03,2.672194166524973769e-01,1.839451957658410630e-01,3.381106806169998508e-02,1.478414695670259293e-01,5.529080779025805636e-01,5.427416423236280235e-02,1.000000000000000000e+00,2.219821933040478645e-01,2.400497033078982378e-01,2.491943245208977087e-01,4.205247059219370809e-01,3.792914978364647083e-01,2.363182240699833181e-01,1.269965050043852239e-01,-9.705858170613085312e-02,1.829348521383425130e-01,-5.619813431689496541e-02,1.894841772471441421e-01,2.245215559099040803e-01,3.836510827456859896e-01,1.015008153162386129e-01,6.463841507421205224e-01,3.100764306510063739e-01,3.888705893541737901e-01,1.678868590129139748e-01,2.160774259681397802e-01,1.310950484283715800e-01,1.567923301392182833e-01,1.643134430209219204e-02,6.972766929964401006e-02,2.686807979959238701e-01,2.413592374108654293e-01,8.668692018301385124e-03,2.887652000439218380e-02,5.451562457451012561e-02,1.859761444706058697e-01,5.929744346872842242e-02,1.479288708207244507e-01,3.827193749783364685e-01,1.424091420642348109e-02,6.168169850195803772e-01,1.585794930043880613e-01,2.913111169047490345e-01,2.652698339274902617e-01,3.627569268836357552e-01,2.511036951010786056e-01,2.520080757050062181e-01,1.293566303014480612e-01,-5.451584169354782572e-02,1.285442727523120887e-01,-1.178501655414741223e-01,1.650070105614103166e-01,1.937591261249123065e-01,3.098641650783475754e-01,3.989774749830866246e-02,6.277940223169073963e-01,3.205341459439823293e-01,3.122438887302022570e-01,1.593600960720735205e-01,1.501108124872642391e-01,1.537847102713188752e-01,5.323773881820879905e-02,5.346657589593857129e-04,-4.603783201888702464e-02,2.901045338731810252e-01,1.045499573315567116e-01
4.301762215876253626e-01,3.061986248226929996e-01,5.573893466020310994e-01,5.668143694985773307e-01,-2.199797863754766325e-01,3.771404271989396428e-01,4.326870768000711798e-01,2.334587492279548426e-01,2.219821933040478645e-01,1.000000000000000000e+00,8.473353469447961195e-02,6.156001136563835630e-01,-4.799666046390817925e-02,2.954314734236422324e-01,-6.767097820491087268e-02,5.431684919687378432e-01,3.060427647019641761e-01,6.948496776847262746e-02,2.590849883811874865e-01,7.096808186819825170e-01,5.553975262291773740e-01,2.831693623646188152e-01,5.561456180747967881e-01,4.673195151357220634e-01,2.038457064292965026e-01,6.157160047642711298e-01,4.801022624842033459e-01,5.739766477232283171e-01,3.711486972484785429e-01,3.970855361597976363e-01,7.804685044179480828e-03,-1.849811695469587569e-01,4.516436036693203815e-01,3.070956414829109637e-01,3.655288911437106769e-01,2.948501643737181932e-01,4.722970110278598699e-01,6.168928418524947110e-01,-1.660664319748999807e-01,5.036589495530255922e-01,3.539484661239888919e-01,3.059776803413285506e-01,3.247837061200241071e-01,9.158879873279960337e-01,1.271903295386287991e-01,6.325851760720778705e-01,-3.575753025477203945e-02,4.103742409739687957e-01,-6.033745013374652855e-02,5.406134732173442092e-01,2.933271045199378757e-01,1.778209713291891148e-01,3.741904157504864492e-01,6.853397508386918080e-01,5.341719384955189165e-01,3.185258636770403884e-01,5.528681755670995512e-01,4.828871087000944362e-01,2.734888779668102066e-01,4.573019841240942296e-01,4.909657171881317006e-01,6.183562390805558140e-01,3.877797437157973204e-01,4.116423807065661133e-01,-2.673812356684662217e-01,-1.466622182889172898e-01,4.245707561475322578e-01,2.423366584148309855e-01
2.128668065526266029e-01,4.418036630000647669e-02,3.060019706208103041e-01,2.506411994385618000e-02,6.760244691170406994e-02,2.620010580292994606e-01,3.738374201936601748e-01,2.508065514506522264e-01,2.400497033078982378e-01,8.473353469447961195e-02,1.000000000000000000e+00,6.568089270485162612e-02,4.217474392689542495e-01,3.632077491963972005e-01,1.784703588664539320e-01,6.851982577501491978e-02,2.596255082090935806e-01,3.631732994538462433e-01,3.379053809177022250e-01,4.617754846375419359e-03,7.912880248979516085e-02,2.750616534779257161e-01,1.408333059045831781e-01,3.132039618266642678e-01,2.975563473718508822e-01,3.252977061863257524e-01,2.737574975800572963e-01,1.796941761448419828e-01,2.664916436941656697e-01,3.373351392468811882e-01,1.764932733941068921e-01,5.656515264712361907e-02,2.151402158817554700e-01,2.933686404890402111e-01,8.701993432775539938e-02,2.700353862403503946e-02,1.131968274520805673e-01,2.686094425542544586e-02,1.005255970928696854e-02,1.735005012191384588e-01,2.063303569654003078e-01,8.667901505945387053e-02,1.985907202532425919e-01,3.798973475670018585e-02,5.057890261391816411e-01,9.917283948494576284e-02,2.991448514738841991e-01,1.482662955357902934e-01,1.858046187264550120e-01,8.744219004479791835e-02,1.704386357301495292e-01,1.412203569075906329e-01,1.767300985978919881e-01,6.927879135135632353e-03,4.053004423211409302e-02,1.479518064463821447e-01,5.378903316927727274e-02,2.250501138487392416e-01,2.808109133690180892e-01,2.035387758269078251e-01,1.801519035287360015e-01,6.413360424200202636e-02,2.223757058442000223e-01,1.731949778893781822e-01,2.734507183475761924e-02,3.123860643176129895e-02,1.987110262644155023e-01,1.809858741145722039e-01
3.447216649603858651e-01,2.872480798695135062e-01,3.154442922437414865e-01,8.287225299170429826e-01,-1.969043009076880957e-01,2.317170974290220509e-01,2.487765689778456690e-01,2.365857079443774505e-02,2.491943245208977087e-01,6.156001136563835630e-01,6.568089270485162612e-02,1.000000000000000000e+00,-2.870804243744935411e-02,1.999004849598386979e-01,-8.730423440020863846e-02,3.779152168278358537e-01,2.266069507497322499e-01,-7.387295038364802280e-02,1.750856048985116042e-01,8.463885800006335502e-01,5.104973564405670405e-01,2.387286581737082802e-01,4.399076453930355068e-01,4.909868866010168031e-01,1.980098947906179241e-01,4.487309589794690745e-01,3.504627094086416039e-01,4.515963677981010838e-01,3.307815939358921820e-01,3.197178803533921032e-01,-2.869456465427479373e-03,-1.827436562445299006e-01,4.095765301195360419e-01,3.592971845304421818e-01,3.281519129051309047e-01,3.202098165449671630e-01,2.909042876343430617e-01,8.220694829699676243e-01,-1.761658243659192935e-01,4.061231421922096296e-01,2.491582333237104263e-01,1.119717590621970571e-01,3.352152673170571417e-01,6.127722012698689769e-01,1.063769628717551319e-01,8.256188700629223387e-01,-3.264342472732442713e-02,2.632879896437508860e-01,-3.987792099396371415e-02,4.062446641500093714e-01,2.416078529181304446e-01,7.968797503688725137e-02,2.906909457871603153e-01,8.081023058406578974e-01,4.839173655478335445e-01,3.507226696944072408e-01,4.227292006378338129e-01,4.968429481419970317e-01,2.635412700237589334e-01,3.685712844656489073e-01,3.989557948761551232e-01,4.313991519779643569e-01,3.514913815727244706e-01,3.660658645450989290e-01,-1.656635554275626421e-01,-9.659340716720364595e-02,4.136929755024714717e-01,3.363018599693927690e-01
1.056420042717062246e-01,-8.587220575908305342e-02,1.721759580579167170e-01,-1.305843444309537915e-01,1.257936933341679830e-01,2.363245318750215040e-01,4.019336375845999343e-01,1.217847690350053746e-01,4.205247059219370809e-01,-4.799666046390817925e-02,4.217474392689542495e-01,-2.870804243744935411e-02,1.000000000000000000e+00,4.472292375670303133e-01,3.208468856949247550e-01,-7.610617672380835114e-03,3.316404873927802748e-03,4.152640084244213492e-01,1.063054724967821413e-01,-1.256192784837873999e-01,4.628227630105791190e-02,2.354610311448872007e-01,4.574132208706618158e-02,3.514610752378591885e-01,3.772387713861469205e-01,8.910826046276235091e-02,2.370391824008717396e-01,-6.245684094142246040e-02,2.319763752397895895e-01,9.280486536675816578e-02,2.866157987082594838e-01,2.337161361838807905e-01,2.174754544413383117e-01,2.048556436996865626e-01,-4.001985119527073573e-03,-1.094104562955867804e-01,-3.244797192669879315e-02,-1.058593684041729960e-01,1.288175322223496788e-01,1.447313686573123703e-01,2.185289800083127787e-01,3.479634602335101180e-03,3.681933278475210125e-01,-5.967529961316551945e-02,3.781251717859429595e-01,3.387853145266526284e-02,6.639039117470397766e-01,2.052660807627093575e-01,3.615991159483403772e-01,2.785663921881689330e-03,-7.944692305073010330e-02,1.546187532148187438e-01,-1.033322736252630797e-01,-1.333528105118769180e-01,1.550929366357898381e-02,5.916110362831229069e-02,-5.204189524216528556e-02,2.842472827377824918e-01,2.770318326586362900e-01,-2.923872833249599110e-02,7.985741670873193476e-02,-1.363111189416057745e-01,2.300905835400155197e-01,-1.198329247274479564e-01,1.572797653975473997e-01,8.400711416175643542e-02,1.952552838894791309e-01,6.431754829492089542e-02
5.015929632304706454e-01,1.281147412856505352e-01,6.231906323799022429e-01,2.173745463642850761e-01,3.351927934717168021e-03,2.582571151556071198e-01,7.425342672772455854e-01,3.419838694585060068e-01,3.792914978364647083e-01,2.954314734236422324e-01,3.632077491963972005e-01,1.999004849598386979e-01,4.472292375670303133e-01,1.000000000000000000e+00,1.339603083631850933e-01,2.123319178094809634e-01,3.270174824210220210e-01,5.130977070013869046e-01,3.904075004021239637e-01,1.932279441067823733e-01,4.044372472684227837e-01,3.778742891723126940e-01,3.767619167546545911e-01,5.899195455398894561e-01,3.715357523162286513e-01,4.895671159095134617e-01,5.323638249493051200e-01,3.744961245976576314e-01,4.680383975285506426e-01,5.520818470520605370e-01,3.340502558075822415e-01,4.106458508386895412e-02,4.491653491138212217e-01,4.295516058975294427e-01,2.400835044750443403e-01,1.356709293992092724e-01,2.895012373648326309e-01,2.491123247310469135e-01,2.133936753221992583e-02,1.860585006515079742e-01,5.866095255312099299e-01,2.106919393388487216e-01,3.265363082139636219e-01,2.363111290847281498e-01,4.314579530090522086e-01,2.892011602676071158e-01,3.767477345993948123e-01,6.633195107013190039e-01,1.313283287127570420e-01,2.659750829601444377e-01,3.352611118251945799e-01,4.486718177376814443e-01,2.747807924263848678e-01,2.485753515321169893e-01,3.424057463017713410e-01,3.741404145316610252e-01,2.553464366072271674e-01,5.411530796136173604e-01,3.135821753651457100e-01,3.559181299098566620e-01,4.613917315941268860e-01,2.920496341537950902e-01,3.807832505857337568e-01,3.613736262923465947e-01,-3.750735210832082528e-03,-5.535044051269717019e-02,3.941304571931834033e-01,2.775223670875839321e-01
-3.021666554050377734e-02,-7.365903275608283451e-02,9.265840698018172616e-02,-1.698763307781432919e-01,1.719768870718191289e-01,2.531173773037271313e-01,2.087437632154207079e-01,1.236389525625852803e-01,2.363182240699833181e-01,-6.767097820491087268e-02,1.784703588664539320e-01,-8.730423440020863846e-02,3.208468856949247550e-01,1.339603083631850933e-01,1.000000000000000000e+00,-3.788911734031737144e-02,-3.452900489914443455e-02,2.386478480745322928e-01,1.512891493361754984e-02,-1.756079199201140417e-01,-6.651886189407049677e-02,8.714227660556722599e-02,-4.681346228812689053e-02,1.249955519169504287e-01,1.113233147036268023e-01,5.356908231428797462e-02,2.109335937127023233e-02,-6.634160858225504609e-04,4.682245978731726377e-02,2.848617206624507944e-02,4.276050938171008231e-02,2.134978756813213641e-01,6.073749521290536940e-02,4.564836044640298296e-02,-7.805230884322651719e-02,-1.584357750220071748e-01,4.741301799904712455e-02,-1.694424034012857738e-01,1.284218006824159319e-01,1.296807370090359013e-01,1.581284959620863906e-01,6.684272212139179270e-02,2.151331671530595513e-01,-7.692469709958445201e-02,1.629001739773928426e-01,-3.595079683282714073e-02,2.506659091174829879e-01,5.915105974973081798e-02,2.355465896297181672e-01,-7.307588838129056019e-02,-4.074200177823046609e-02,8.339802160998856240e-02,-7.399041435239482600e-02,-1.908489131094908697e-01,-1.079864060158449435e-01,-2.846579162674348767e-02,-9.941032700526292176e-02,1.468377546064289496e-01,8.111123975222750415e-02,3.898227033819828130e-02,-4.639809501432835305e-03,-3.217311523641223914e-02,4.631792799593521109e-02,-6.951648710862019798e-02,3.893704412246372371e-02,8.891025601997437633e-02,2.666494737552540378e-02,-4.427509310602382314e-02
4.320129021220256993e-01,2.818748066426496890e-01,3.865676803616110435e-01,3.878378488245309841e-01,-1.977587346184679629e-01,1.983836775953700116e-01,2.689132645190117632e-01,1.951359499793496322e-01,1.269965050043852239e-01,5.431684919687378432e-01,6.851982577501491978e-02,3.779152168278358537e-01,-7.610617672380835114e-03,2.123319178094809634e-01,-3.788911734031737144e-02,1.000000000000000000e+00,3.231553219990620507e-01,5.906760495729362903e-02,2.969674969114717289e-01,4.405152791071011431e-01,6.057683044335803180e-01,3.124169278917011683e-01,6.117310525787122977e-01,3.115542168433866332e-01,1.302192998059927553e-01,4.600712548550340286e-01,4.524964407205401828e-01,4.707430655112812556e-01,4.001524688059874268e-01,4.338789283083063220e-01,-6.786778731596787573e-02,-1.477691886747832806e-01,4.256318144334157449e-01,3.432463444788901308e-01,3.155365406047253019e-01,3.247803147907559196e-01,3.412199767070342449e-01,4.198040824267353366e-01,-1.174405262009560469e-01,2.617307937240330173e-01,2.294114536675724847e-01,2.207407860864735727e-01,2.185529440295869430e-01,5.004241753245309843e-01,7.955969094408055220e-02,4.104211684842790087e-01,3.068005454235505497e-03,2.812669725209407390e-01,-3.720616019084242720e-02,6.389459978567111342e-01,2.644270880894323827e-01,8.743815633406577803e-02,3.414715138215750345e-01,4.304092058269081145e-01,6.010131756978818185e-01,3.873135623579243569e-01,6.139793442393538525e-01,3.250071442967358837e-01,2.180879709540025080e-01,2.847215685617792702e-01,4.440819910038700802e-01,4.484976393139801232e-01,4.466136769318721500e-01,4.277995107819395626e-01,-2.485626342315407633e-01,-9.788741530083212850e-02,3.848250107620492799e-01,3.323078345635520070e-01
8.084549913414913469e-01,3.909340099189108630e-01,5.749745518803267563e-01,3.021276440374074945e-01,-1.334250782629338994e-01,2.690485285137926841e-01,1.730224693936639746e-01,3.819456668495653795e-01,-9.705858170613085312e-02,3.060427647019641761e-01,2.596255082090935806e-01,2.266069507497322499e-01,3.316404873927802748e-03,3.270174824210220210e-01,-3.452900489914443455e-02,3.231553219990620507e-01,1.000000000000000000e+00,2.808062523133486588e-01,8.474283294274017608e-01,2.984530413488257206e-01,4.081721332803696645e-01,2.592935354008142346e-01,6.571264617005498909e-01,1.345456039980308660e-01,2.248348035435728531e-01,4.268983734432097998e-01,7.191535727532653022e-01,3.525246424202317375e-01,7.084310091113841246e-01,6.271895380947190013e-01,1.110034338884829247e-01,-1.345202210006988808e-01,3.642073420603774148e-01,3.838036767301543084e-01,5.929764242002401042e-01,3.463310711163428701e-01,5.355166239204155465e-01,3.622131780252675348e-01,-1.711051328486123402e-01,2.149659296585415824e-01,1.422283176472525501e-01,2.397994792254231899e-01,-1.258343843716465682e-01,2.326977412822190394e-01,1.888156770298347886e-01,2.883449483788166900e-01,-7.090616136033497940e-02,3.110865926499375989e-01,-6.948028026408926972e-02,3.647063907873400734e-01,6.045375438523216127e-01,1.921253375123021245e-01,7.706122401495029139e-01,3.650804411605132471e-01,3.376942334018034342e-01,1.414322795558333179e-01,5.603052390899414537e-01,7.748063254407548672e-02,1.570657139357515553e-01,1.652895910782418709e-01,5.751213991549735116e-01,2.081570512775301474e-01,6.141361815583995520e-01,4.393650623768368679e-01,-2.912055987669268653e-01,-2.492059524776749774e-02,2.222947635294141855e-01,3.101229570783707867e-01
3.105343505102969304e-01,-8.574765501718563387e-02,5.133651820888719408e-01,-1.236526204391813905e-01,1.248209177206796028e-01,3.003972220807387128e-01,5.444060588626947750e-01,4.593612658196637999e-01,1.829348521383425130e-01,6.948496776847262746e-02,3.631732994538462433e-01,-7.387295038364802280e-02,4.152640084244213492e-01,5.130977070013869046e-01,2.386478480745322928e-01,5.906760495729362903e-02,2.808062523133486588e-01,1.000000000000000000e+00,3.952272101508375046e-01,-8.166984942681146387e-02,4.838606370115527966e-02,1.687980887036631128e-01,1.185829607280903808e-01,9.989144437246795516e-02,1.105029237682011722e-01,2.607176312231525017e-01,2.641028955844355597e-01,7.245920687738961752e-02,2.445505123278725323e-01,3.117359564935408001e-01,1.847343690567016805e-01,1.501437314862391903e-01,2.046981962584256687e-01,1.410655252455796926e-01,8.094146218953023053e-02,-1.347507346253285221e-01,3.530900401972471014e-01,-5.653751559456443587e-02,1.096890556222455820e-01,1.653092417750959275e-01,4.813715371449480696e-01,2.762251623158166747e-01,2.096871379270058844e-01,1.920530194939726668e-02,4.831719976972397301e-01,1.866924383223272921e-02,3.054436743238588270e-01,4.406599760023936496e-01,2.169466719130953569e-01,1.462405907671654980e-02,3.829711083510737302e-01,5.608148645300845558e-01,2.677484407360298801e-01,-5.455457315797690443e-02,-2.147907969534811404e-02,2.873474632852199631e-02,8.423870945767351556e-03,1.494167989059090040e-01,8.302478228454522602e-02,2.080015015309042148e-01,2.268044337750465544e-01,1.475970767826602706e-02,2.053886599492395770e-01,6.909150621665836878e-02,1.111729778387444620e-02,8.198816780566324514e-02,1.334200961724355816e-01,2.423094542481079791e-02
7.787249360398009745e-01,3.290105701409871686e-01,5.472613685201415112e-01,2.353980166900015714e-01,-8.066930647642615859e-02,3.269353088586927636e-01,2.217377522254476985e-01,4.648069011294438946e-01,-5.619813431689496541e-02,2.590849883811874865e-01,3.379053809177022250e-01,1.750856048985116042e-01,1.063054724967821413e-01,3.904075004021239637e-01,1.512891493361754984e-02,2.969674969114717289e-01,8.474283294274017608e-01,3.952272101508375046e-01,1.000000000000000000e+00,2.159674941874063503e-01,3.370516046857237602e-01,2.683334553767358077e-01,5.635472277560802379e-01,1.261633854690600021e-01,1.900890585052547044e-01,3.506272401153557317e-01,6.416765013282241803e-01,3.338763621551890104e-01,6.820356757368530864e-01,6.148044886874944881e-01,1.525995322129024279e-01,-3.979361380072432564e-02,3.458060192466985150e-01,3.977520353655919494e-01,4.931750243385232269e-01,2.742672621924783782e-01,4.350644997352144938e-01,2.806071824768521794e-01,-9.925938073015133645e-02,2.603362991664380233e-01,1.216962399818552615e-01,2.878063438785762873e-01,-1.029713463536061357e-01,2.105234806700260752e-01,2.711728452191061178e-01,2.447658721315818520e-01,-8.572811746098666849e-03,2.979563303107111150e-01,-2.206176861598482461e-03,3.244916628813848680e-01,5.462836070124815757e-01,1.917793939014194593e-01,7.233003053980922026e-01,2.677089813123494366e-01,2.823725527006679670e-01,1.396235080242278215e-01,4.496197656140910603e-01,4.263170577942693856e-02,1.346010878074080097e-01,8.906527088663659941e-02,4.469783734808742137e-01,1.971643264316898236e-01,5.768663838864694915e-01,4.055824504446141066e-01,-2.412039002136474042e-01,2.536208726521430035e-02,2.247392330063577581e-01,3.284720337193065554e-01
4.330169503031054967e-01,3.319223115646321998e-01,3.859249458728661875e-01,8.897864481418200633e-01,-2.416933269783156923e-01,1.564353642868133720e-01,2.326250321272197163e-01,2.805797207145587294e-02,1.894841772471441421e-01,7.096808186819825170e-01,4.617754846375419359e-03,8.463885800006335502e-01,-1.256192784837873999e-01,1.932279441067823733e-01,-1.756079199201140417e-01,4.405152791071011431e-01,2.984530413488257206e-01,-8.166984942681146387e-02,2.159674941874063503e-01,1.000000000000000000e+00,6.043844025351527982e-01,2.494150094084185976e-01,5.320224521358082326e-01,4.533039980304786609e-01,1.917051791518722403e-01,4.920653401431985818e-01,4.306876748206532879e-01,4.440910691336654725e-01,3.786808689666414374e-01,3.304971113613720535e-01,5.065371943075477022e-03,-2.429505578935138854e-01,4.149067855861598431e-01,3.366365744161172735e-01,4.345635250388865112e-01,3.826680567406344768e-01,3.961450294765056501e-01,8.950632547611619971e-01,-1.898992228782652725e-01,3.423128134813561152e-01,2.576786196828632081e-01,1.348255223952940784e-01,2.791619520976161839e-01,6.620543806656278285e-01,6.144291220366043804e-02,8.061000163786927741e-01,-1.252701474515745816e-01,3.356631477684308140e-01,-1.238022451109150046e-01,4.675595210233451371e-01,3.217152150087181917e-01,1.208326588471362456e-01,3.813082919124351489e-01,9.139664034927875713e-01,5.726422928442858051e-01,3.526426687213861655e-01,5.380744855592515252e-01,4.726117812638858107e-01,2.407867633655018935e-01,3.914488693602957148e-01,4.928414302031465244e-01,4.407585737611564580e-01,3.810913303998211266e-01,3.862427602743187527e-01,-2.174287611520928365e-01,-1.336685621459886009e-01,3.820148509511039903e-01,3.090591807988189443e-01
5.756253047826747071e-01,4.032070784417779441e-01,5.114923307026136845e-01,6.041194447888912356e-01,-1.865397993158386947e-01,1.641538955920387177e-01,3.921042033792080383e-01,1.699288680791576356e-01,2.245215559099040803e-01,5.553975262291773740e-01,7.912880248979516085e-02,5.104973564405670405e-01,4.628227630105791190e-02,4.044372472684227837e-01,-6.651886189407049677e-02,6.057683044335803180e-01,4.081721332803696645e-01,4.838606370115527966e-02,3.370516046857237602e-01,6.043844025351527982e-01,1.000000000000000000e+00,4.046911272791566261e-01,8.538777285664003180e-01,4.882679609476499039e-01,2.735565014232452796e-01,6.312528923324132180e-01,6.781911402963515245e-01,5.923390405083772681e-01,5.358660686446533594e-01,5.837596465721311967e-01,-9.035785111419532625e-03,-1.927766913000330540e-01,6.189591713492704761e-01,5.794939516609888264e-01,5.091654787213503175e-01,4.891127460680493311e-01,4.326364590858104431e-01,6.535757980702021630e-01,-1.222448026127368054e-01,2.218570578661148984e-01,3.638297455838090388e-01,2.114338813981859744e-01,2.882770389240256192e-01,4.542260720895185955e-01,1.087627334442780730e-01,5.389274719164567351e-01,3.181760887208783667e-02,4.626937849207414799e-01,-3.837571566661833466e-02,6.972642763813731159e-01,3.788126789063820388e-01,1.547513331732384700e-01,4.205182536812459015e-01,6.349888933667992008e-01,9.164888632788497080e-01,5.918582229879462142e-01,8.452668903029787462e-01,5.095016767931049850e-01,3.593107521821733430e-01,4.040679621894476270e-01,6.893438892619689895e-01,5.232578433742510748e-01,5.983188264210992369e-01,5.797163386821284625e-01,-3.505001645843588420e-01,-1.025063961184211336e-01,5.380412110391270541e-01,4.768346530965006380e-01
3.979406194733726143e-01,2.104746561694157136e-01,3.384998833877758684e-01,2.653256502487332802e-01,-3.458978860865484506e-02,9.931066976747682240e-02,3.938004437127082813e-01,1.448533879113600153e-01,3.836510827456859896e-01,2.831693623646188152e-01,2.750616534779257161e-01,2.387286581737082802e-01,2.354610311448872007e-01,3.778742891723126940e-01,8.714227660556722599e-02,3.124169278917011683e-01,2.592935354008142346e-01,1.687980887036631128e-01,2.683334553767358077e-01,2.494150094084185976e-01,4.046911272791566261e-01,1.000000000000000000e+00,3.982704492749720160e-01,4.989822315480036963e-01,3.155276158329102798e-01,4.648790475483852713e-01,4.178658261040213429e-01,3.346044619112943375e-01,4.326202655226425442e-01,4.564469906993930404e-01,2.522391219682634106e-02,-9.729989543343874059e-02,4.285803209310224404e-01,4.135686390669184864e-01,2.732781869884805537e-01,2.234785091807696411e-01,1.527460832562324566e-01,2.989474968086056061e-01,-2.750276087316854551e-02,1.294742706660266807e-01,2.650699651822648883e-01,5.677400701583060899e-02,3.092580177085429427e-01,2.260759334492086770e-01,2.373621668832418541e-01,2.831065145863731480e-01,1.706408654870817110e-01,2.987071941720554902e-01,5.042891940996672984e-02,3.504284831393130184e-01,1.662499845985019042e-01,9.079139715038193892e-02,1.963364921497406101e-01,2.626490322585350312e-01,3.807702720751829917e-01,4.132576668508882167e-01,3.157892796810065072e-01,4.399777401522201870e-01,2.885692646943412987e-01,2.535894137129302561e-01,3.298045911524660201e-01,2.105469745597852993e-01,4.471879176413371404e-01,3.344013685755378162e-01,-1.382439476687448709e-01,-6.519061859307422047e-02,3.678885287883058575e-01,3.042975091696616952e-01
7.281469862795676429e-01,4.886948314142822714e-01,5.831371416861323986e-01,5.321008411388303827e-01,-1.976025025986059280e-01,2.671849938335480457e-01,3.171881553990599789e-01,2.884059198058149254e-01,1.015008153162386129e-01,5.561456180747967881e-01,1.408333059045831781e-01,4.399076453930355068e-01,4.574132208706618158e-02,3.767619167546545911e-01,-4.681346228812689053e-02,6.117310525787122977e-01,6.571264617005498909e-01,1.185829607280903808e-01,5.635472277560802379e-01,5.320224521358082326e-01,8.538777285664003180e-01,3.982704492749720160e-01,1.000000000000000000e+00,3.741629043174523606e-01,3.121961194885291002e-01,6.297471908765602810e-01,8.096368027500373543e-01,5.868254689433949345e-01,6.922266823634365407e-01,6.944053670911882747e-01,3.990997694608160629e-04,-2.221252718557658046e-01,5.932748966008357661e-01,5.618291195826609075e-01,6.180400790374820374e-01,4.970698764749996723e-01,5.281411093516440447e-01,5.916471284451011448e-01,-1.631696013236577369e-01,2.919625480802967576e-01,2.716498050998058522e-01,2.627168955573945808e-01,1.435482868225798070e-01,4.527872617841930403e-01,1.016989927263867166e-01,4.832802295126195635e-01,3.316711787434663446e-03,4.135628316032646801e-01,-5.436180012865000910e-02,6.926398199826008240e-01,4.791691614733489812e-01,1.255662126879340257e-01,5.948207168996219041e-01,5.877198763806070758e-01,8.018963560885931097e-01,4.618228940449277120e-01,9.109061727772280737e-01,3.696780947159989394e-01,3.165008336490574004e-01,3.230883219719264954e-01,7.398810362110342931e-01,4.742964012792331152e-01,7.219794241253083555e-01,6.046554978419675930e-01,-4.075506700571890906e-01,-9.723833907976550672e-02,4.542943897896956074e-01,4.518955185872839952e-01
